630.428
630.428
395.146
395.146
395.146
367.241
223.063
223.063
223.063
223.063
223.063
223.063
223.063
182.304
182.304
182.304
182.304
182.304
182.304
177.972
177.972
177.972
177.972
177.972
177.972
184.213
184.213
184.213
145.989
145.989
145.989
145.989
145.989
145.989
145.989
138.011
138.011
138.011
68.874
68.874
68.874
68.874
68.874
68.874
68.874
68.874
68.874
68.874
98.4946
50.6541
50.6541
50.6541
50.6541
50.6541
50.6541
50.6541
50.6541
49.4834
44.6437
39.1706
39.1706
39.1706
39.1706
33.2607
33.2607
35.6613
35.6613
35.6613
35.6613
35.6613
35.6613
40.2744
40.2744
40.2744
40.2744
48.2285
48.2285
48.2285
45.3964
32.7769
32.7769
32.7769
32.7769
32.7769
32.7769
32.7486
32.7486
32.7486
32.7486
32.7486
32.7486
32.7486
32.7486
30.5531
30.5531
30.5531
30.5531
30.5531
30.5531
30.5531
30.5531
30.5531
30.5531
30.5531
30.5531
30.5531
30.5531
30.5531
31.0549
31.0549
31.0549
30.9809
30.9809
30.9809
30.9809
30.3856
30.3856
25.638
25.638
25.638
25.638
25.638
25.638
25.638
26.4388
22.8435
21.1328
21.1328
21.1328
21.1328
21.1328
21.1328
21.1328
22.2775
19.8704
19.8704
19.8704
19.8704
17.3851
17.3851
17.3851
16.0419
16.037
16.037
16.037
15.3656
15.3656
15.3656
15.3656
15.3656
15.3656
16.8998
16.8998
16.8998
16.8998
16.8998
16.8998
16.701
16.701
16.701
14.7834
14.7834
14.7834
14.7834
14.7834
14.7834
14.7834
14.7834
14.5164
14.5164
14.5164
14.5164
14.3235
14.3235
13.7466
13.7466
13.7466
13.7466
13.7466
13.7466
13.7466
13.7466
13.7466
13.7466
13.7877
13.7877
13.7877
13.5271
13.5271
13.5271
13.5271
13.5271
13.5271
12.6298
12.6298
12.6298
12.6298
12.6298
12.6298
12.6298
12.386
12.386
12.386
12.386
12.386
12.386
12.2835
12.2835
11.9281
11.9281
11.9281
11.9281
11.9281
11.8775
11.8775
11.8775
11.8775
11.8775
11.8775
11.8775
11.8775
11.8775
11.8775
11.8775
11.8775
11.8775
12.0169
12.0169
12.0169
12.0169
12.0169
12.0169
12.0169
12.0169
12.2296
12.2296
12.2296
12.2296
12.2296
12.2296
12.2296
12.2296
12.1977
12.1977
12.1977
12.1977
12.1977
12.1977
12.1977
12.1653
12.1653
12.1653
12.1653
12.1653
12.1653
12.1653
12.1653
11.7641
11.7641
11.7641
11.7641
11.7641
11.7641
11.7641
11.7641
11.7641
11.7641
11.7641
11.7641
11.7641
11.5748
11.5748
11.5748
11.5748
11.5748
11.5748
11.7641
11.7641
11.7641
11.7641
11.7641
11.7641
11.7641
11.7641
11.7641
11.7641
11.7641
11.7641
11.7641
10.6326
10.6326
10.6326
10.1787
10.1787
10.1787
10.1787
10.1787
10.1787
10.1787
10.1787
10.1787
10.1787
10.1787
10.1787
10.1787
10.6326
10.6326
10.6903
10.6903
9.4859
9.4859
8.84546
8.4292
8.4292
8.4292
8.4292
8.4292
8.4292
8.4292
8.4292
8.4292
8.4292
8.4292
8.4292
8.4292
8.4292
8.4292
8.63435
8.63435
8.63435
8.63435
8.74676
8.74676
8.74676
8.74676
7.33108
7.33108
7.33108
7.33108
7.33108
7.33108
7.33108
7.33108
7.33108
7.33108
6.63345
6.63345
6.63345
6.63345
6.63345
6.63345
6.63345
6.63345
6.63345
6.63345
6.70589
6.70589
6.70589
6.70589
6.70589
6.70589
6.70589
6.70589
6.70589
6.70589
6.70589
6.70589
6.70589
6.70589
6.70589
6.70589
6.70589
6.70589
6.70589
6.70589
6.70589
6.70589
6.70589
6.70589
6.70589
6.70589
6.70589
6.70589
6.70589
6.61973
6.61973
6.61973
6.61973
6.37095
6.37095
6.37095
6.37095
6.37095
6.37095
6.37095
6.37095
6.37095
6.37095
6.37095
6.37095
6.37095
6.37095
6.37095
6.40795
6.40795
6.40795
6.40795
6.40795
6.37054
6.37054
6.37054
6.37054
6.37054
6.26125
6.26125
6.26125
6.27295
6.27295
6.15938
6.15938
6.15938
6.15938
6.15938
6.08525
6.08525
6.08525
6.08525
6.08525
6.08525
6.08525
5.86264
5.86264
5.34638
5.34638
5.34638
5.34638
5.34638
5.15544
5.15544
5.15544
5.15544
5.15544
5.15544
5.15544
5.15544
5.15544
5.15544
5.15544
5.30421
5.30421
5.30421
5.30421
5.30421
5.30421
5.30421
5.30421
5.30421
5.30421
4.76108
4.76108
4.76108
4.76108
4.76108
4.81559
4.81559
4.81559
4.81559
4.81559
4.81559
4.81559
4.81559
4.81559
4.81559
4.81559
4.81559
4.81559
4.81559
4.81559
4.81559
4.81559
4.51076
4.51076
4.51076
4.51076
4.51076
4.51076
4.51076
4.69962
4.69962
4.69962
4.69962
4.69962
4.69962
4.69962
4.69962
4.69962
4.69962
4.69962
4.69962
4.69962
4.69962
4.69962
4.69962
4.69962
4.69962
4.69962
4.69962
4.69962
4.69962
4.69962
4.69962
4.69962
4.69962
4.57692
4.54665
4.54665
4.54665
4.54665
4.54665
4.54665
4.54665
4.54665
4.5254
4.5254
4.38098
4.38098
4.38098
4.38098
4.38098
4.38098
4.38098
4.38098
4.38098
4.38098
4.38098
4.38098
4.38098
4.38098
4.38098
4.38098
4.60401
4.60401
4.60401
4.60401
4.60401
4.60401
4.60401
4.60401
4.60401
4.60401
4.60401
4.60401
4.60401
4.60401
4.60401
4.60401
4.60401
4.60401
4.60401
4.60401
4.52759
4.52759
4.52759
4.52759
4.52759
4.52759
4.52759
4.52759
4.52759
4.52759
4.54228
4.54228
4.54228
4.54228
4.54228
4.54228
4.54228
4.54228
4.54228
4.54228
4.54228
4.54228
4.54228
4.54228
4.54228
4.54228
4.27889
4.27889
4.27889
4.27889
4.27889
4.27889
4.27889
4.27889
4.27889
4.36119
4.36119
4.36119
4.36119
4.36119
4.36119
4.36119
4.36119
4.36119
4.36119
4.36119
4.36119
4.36119
4.36119
4.36119
4.36119
4.36119
4.36119
4.36119
4.36119
4.36119
4.36119
4.36119
4.36119
4.36119
4.36119
4.35233
4.2445
4.2445
4.2445
4.21246
4.21246
4.21246
4.21246
4.21246
4.21246
4.21246
4.21246
4.15004
4.15004
4.11293
4.11293
4.11293
4.11293
4.11293
4.11293
4.11293
4.11293
4.05796
4.05796
4.05796
4.05796
4.05796
3.9462
3.9462
3.9462
3.9462
3.9462
3.9462
3.9462
3.9462
3.9462
3.9462
3.91745
3.91745
3.91745
3.91745
3.91745
3.91745
3.91745
3.91745
3.91745
3.91745
3.91745
3.91745
3.91745
3.91745
3.91745
3.91745
3.91745
3.82549
3.82549
3.82549
3.82549
3.80073
3.80073
3.80073
3.72382
3.72382
3.72382
3.72382
3.72382
3.72382
3.72382
3.72382
3.72382
3.72382
3.72382
3.72382
3.72382
3.72382
3.72382
3.72382
3.72382
3.72382
3.72382
3.72382
3.72382
3.71002
3.71002
3.71002
3.71002
3.71002
3.71002
3.71002
3.72382
3.72382
3.70363
3.70363
3.70363
3.70363
3.70363
3.63246
3.63246
3.63246
3.63246
3.63246
3.6209
3.6209
3.6209
3.6209
3.6209
3.6209
3.6209
3.6209
3.6209
3.6209
3.58243
3.58243
3.58243
3.58243
3.58243
3.58243
3.58243
3.58243
3.56805
3.56805
3.54158
3.54158
3.54158
3.54158
3.54158
3.54158
3.54158
3.54158
3.54158
3.54158
3.54158
3.41557
3.41557
3.41557
3.41557
3.41557
3.41557
3.41557
3.42403
3.42403
3.42403
3.42403
3.42403
3.42403
3.42403
3.42403
3.3798
3.3798
3.3798
3.3798
3.3798
3.3798
3.3798
3.3798
3.3798
3.3798
3.3798
3.3798
3.3798
3.3798
3.3798
3.3798
3.3798
3.3798
3.3798
3.3798
3.36815
3.36815
3.31711
3.31711
3.31711
3.31711
3.31711
3.35331
3.35331
3.35331
3.35331
3.36815
3.36815
3.33173
3.33173
3.33173
3.2395
3.2395
3.2395
3.2395
3.06585
3.06585
3.06585
3.06585
3.06585
3.06585
3.06585
3.06585
3.06585
3.06585
3.06585
3.06585
3.06585
3.06585
3.06585
3.06585
3.06585
3.06585
3.06585
3.06585
3.06585
3.06585
3.06585
3.06585
3.06585
3.06585
3.06585
3.06585
3.06585
3.06585
3.06585
2.97918
2.97918
2.97918
2.97918
2.97918
2.97918
2.97918
2.97918
3.01526
3.01526
3.01526
3.01526
3.01526
3.01526
3.01526
3.01526
3.01526
3.01526
3.01526
3.01526
3.01526
2.74145
2.74145
2.74145
2.74145
2.74145
2.93288
2.93288
2.93288
2.93288
2.93288
2.84852
2.84852
2.84852
2.84852
2.84852
2.84852
2.84852
2.84852
2.73265
2.73265
2.73265
2.73265
2.73265
2.73265
2.73265
2.73265
2.73265
2.73265
2.73265
2.73265
2.73265
2.73265
2.73265
2.73265
2.73265
2.73265
2.73265
2.73265
2.73265
2.73265
2.73265
2.73265
2.73265
2.73265
2.73265
2.73265
2.7084
2.7084
2.7041
2.6159
2.6159
2.6159
2.6159
2.6159
2.6159
2.6159
2.6159
2.6159
2.6159
2.6159
2.59762
2.59762
2.59762
2.59762
2.59762
2.59762
2.59762
2.59762
2.59762
2.59762
2.59762
2.59762
2.59762
2.59762
2.59762
2.59762
2.59762
2.59762
2.59762
2.59762
2.60337
2.60337
2.60337
2.60337
2.60337
2.60337
2.53454
2.53454
2.53454
2.53454
2.53454
2.53454
2.53454
2.53454
2.53454
2.53454
2.50357
2.50357
2.50357
2.50357
2.50357
2.50357
2.50357
2.50357
2.50357
2.50357
2.50357
2.50357
2.50357
2.50357
2.50357
2.50357
2.50357
2.50357
2.50357
2.50357
2.49711
2.49287
2.47284
2.47284
2.47284
2.47284
2.47284
2.47284
2.47284
2.47284
2.47284
2.45826
2.45826
2.45826
2.45826
2.45826
2.45826
2.45826
2.45826
2.45826
2.45826
2.43744
2.43116
2.43116
2.43116
2.42563
2.42563
2.42563
2.42563
2.42563
2.42563
2.42563
2.40843
2.40843
2.40843
2.40843
2.40843
2.40843
2.40843
2.40843
2.40843
2.40259
2.40259
2.40259
2.40259
2.40259
2.40259
2.40259
2.39637
2.39637
2.3646
2.3646
2.3646
2.3629
2.3629
2.3629
2.3629
2.28381
2.28381
2.28381
2.19145
2.19145
2.19145
2.19145
2.19145
2.19145
2.22339
2.22339
2.22339
2.22339
2.22339
2.22339
2.22339
2.22339
2.22339
2.22339
2.208
2.208
2.208
2.208
2.208
2.208
2.208
2.208
2.208
2.208
2.208
2.208
2.208
2.208
2.208
2.208
2.208
2.208
2.208
2.208
2.208
2.208
2.208
2.208
2.19347
2.19347
2.19347
2.19347
2.19347
2.19347
2.19347
2.19347
2.17666
2.17666
2.17666
2.17666
2.17251
2.14076
2.14076
2.14076
2.14076
2.14076
2.14076
2.09745
2.09745
2.09745
2.09745
2.09745
2.09745
2.09745
2.09745
2.09745
2.09745
2.09745
2.09745
2.09745
2.09745
2.09745
2.09745
2.09745
2.09745
2.09745
2.09745
2.09745
2.09745
2.09745
2.09745
2.09745
2.09745
2.09745
2.09745
2.09745
2.09745
2.09745
2.09745
2.09745
2.09745
2.09745
2.09745
2.09745
2.09491
2.09491
2.09491
2.09491
2.06913
2.06913
2.03014
2.03014
2.03014
2.02986
2.02986
2.02986
2.02986
2.02986
2.02861
2.02861
2.02861
2.02861
2.02861
2.02861
2.02861
2.02861
2.02861
2.02861
2.02861
2.02861
2.02861
2.02861
2.02861
2.02861
2.02861
2.00792
2.00792
2.00792
2.00792
2.00792
2.00792
2.00792
2.00792
2.00792
2.00792
2.00792
2.00792
2.00792
2.00792
2.00792
2.00792
2.00792
2.00792
2.00792
1.96373
1.96373
1.96373
1.96373
1.96373
1.96373
1.96373
1.96373
1.96373
1.96373
1.96373
1.96373
1.96373
2.02771
2.02771
2.02771
2.01092
2.01092
2.01092
2.01092
2.01092
2.01092
2.01092
2.01092
2.01092
2.01092
2.01092
2.01092
2.01092
2.01838
2.01838
2.01838
2.01838
2.01838
2.01838
2.01838
2.01838
2.01838
2.01838
1.99094
1.99094
1.99094
1.99094
1.99094
1.99094
1.99094
1.99094
1.99094
1.99094
1.99094
1.99094
1.99094
1.99094
1.99094
1.93168
1.93168
1.93168
1.93168
1.93168
1.93168
1.93168
1.93168
1.93168
1.93168
1.93168
1.93168
1.93168
1.93168
1.93168
1.93168
1.93168
1.93168
1.93096
1.93096
1.93096
1.93096
1.93096
1.93096
1.93096
1.93096
1.93096
1.93096
1.93096
1.93096
1.93096
1.93096
1.93096
1.93096
1.93096
1.90431
1.90431
1.90431
1.90431
1.90431
1.90431
1.90125
1.90125
1.89074
1.89074
1.89074
1.89074
1.89074
1.89074
1.89074
1.89074
1.89074
1.89074
1.89074
1.89074
1.89074
1.89074
1.90125
1.90125
1.90125
1.90125
1.90125
1.90125
1.90125
1.90125
1.90125
1.90114
1.90114
1.90114
1.90114
1.90114
1.90114
1.90114
1.88365
1.88365
1.88365
1.88365
1.88365
1.88365
1.88365
1.88642
1.88642
1.88642
1.88642
1.88642
1.88642
1.88642
1.88642
1.88642
1.88642
1.88642
1.88642
1.88642
1.87299
1.87299
1.85616
1.85616
1.85616
1.84419
1.84419
1.84419
1.84419
1.85616
1.85616
1.84594
1.83294
1.83294
1.83294
1.84594
1.84594
1.84594
1.82189
1.82189
1.82189
1.82189
1.82189
1.82189
1.82189
1.82189
1.82189
1.82189
1.82189
1.82189
1.82189
1.82189
1.82189
1.82189
1.82189
1.82189
1.82189
1.82189
1.8195
1.8195
1.8195
1.8195
1.8195
1.8195
1.8195
1.8195
1.8195
1.8195
1.82189
1.81809
1.81809
1.81604
1.81604
1.81604
1.80003
1.80003
1.80003
1.80003
1.80003
1.80003
1.7955
1.7955
1.7955
1.7955
1.7955
1.7955
1.7955
1.7955
1.7955
1.76071
1.76071
1.74913
1.74913
1.74913
1.74913
1.74913
1.74913
1.74214
1.74214
1.74214
1.74214
1.74214
1.73934
1.73934
1.72257
1.72257
1.71653
1.71653
1.71653
1.71653
1.71653
1.71653
1.71653
1.71653
1.71653
1.71653
1.71653
1.71653
1.71653
1.71653
1.71653
1.71653
1.71653
1.71653
1.69218
1.69218
1.69218
1.69218
1.69218
1.69218
1.69218
1.69218
1.67926
1.67926
1.67926
1.67926
1.67926
1.67926
1.67926
1.67311
1.67311
1.67311
1.66879
1.66879
1.66879
1.66879
1.66879
1.66427
1.66427
1.66427
1.66427
1.66427
1.66427
1.66427
1.66427
1.66427
1.66427
1.66427
1.66427
1.66427
1.66427
1.66427
1.66427
1.64557
1.64557
1.64557
1.64557
1.62151
1.62151
1.62151
1.62151
1.62151
1.62151
1.62151
1.62151
1.62151
1.62151
1.62151
1.62151
1.62151
1.61605
1.61605
1.61605
1.61605
1.61605
1.61605
1.61605
1.61605
1.61605
1.61605
1.61605
1.61605
1.61605
1.61605
1.61605
1.61605
1.61605
1.61605
1.61528
1.61528
1.61528
1.61528
1.61528
1.61528
1.61528
1.61528
1.61528
1.61528
1.61528
1.61528
1.61528
1.61528
1.61528
1.61528
1.61528
1.61528
1.61528
1.61528
1.61528
1.61528
1.61528
1.60748
1.60748
1.60748
1.60748
1.60748
1.59326
1.59326
1.59326
1.59326
1.59326
1.58483
1.58483
1.58483
1.58483
1.58483
1.58483
1.58483
1.58483
1.58483
1.58483
1.58483
1.58483
1.58483
1.58483
1.58483
1.56213
1.56213
1.56213
1.56213
1.56213
1.56213
1.56213
1.56213
1.56213
1.56213
1.56213
1.56213
1.57834
1.57834
1.57834
1.57834
1.53504
1.53504
1.53504
1.53504
1.53504
1.53504
1.53504
1.53504
1.53504
1.53504
1.53504
1.53504
1.53504
1.53504
1.53504
1.53504
1.53504
1.53504
1.53504
1.53504
1.53504
1.53504
1.53504
1.53504
1.53504
1.53504
1.53504
1.53799
1.53799
1.53799
1.53799
1.53799
1.53799
1.53799
1.53799
1.53799
1.53906
1.53906
1.53906
1.53749
1.53749
1.53245
1.5284
1.5284
1.5284
1.5284
1.5284
1.5284
1.5284
1.5284
1.5284
1.5284
1.5284
1.5284
1.5284
1.5284
1.5284
1.5284
1.52309
1.52309
1.52309
1.52309
1.52158
1.52158
1.52158
1.52158
1.52158
1.52158
1.52158
1.52158
1.52158
1.52158
1.52158
1.52158
1.52158
1.52158
1.52158
1.52158
1.52158
1.52158
1.52945
1.52945
1.52945
1.52945
1.52945
1.52945
1.52945
1.52492
1.50316
1.50316
1.50316
1.50316
1.50316
1.50316
1.50316
1.50316
1.50316
1.50316
1.50316
1.50316
1.50316
1.50316
1.50316
1.50316
1.50316
1.50316
1.50316
1.49517
1.49517
1.49517
1.49517
1.49517
1.49517
1.49517
1.49517
1.49207
1.49207
1.49207
1.49207
1.49207
1.49207
1.49207
1.49207
1.49207
1.48937
1.48937
1.48937
1.48937
1.48937
1.48937
1.48937
1.48937
1.48937
1.48937
1.48937
1.48937
1.48798
1.48798
1.48798
1.48798
1.48798
1.48737
1.48737
1.48453
1.48453
1.47278
1.47278
1.47278
1.47278
1.47278
1.47278
1.47278
1.47278
1.46375
1.46375
1.46375
1.46375
1.46375
1.46331
1.46331
1.46331
1.46331
1.46331
1.46331
1.46331
1.46331
1.46331
1.4629
1.4629
1.43434
1.40852
1.40852
1.40852
1.40852
1.40509
1.40509
1.38659
1.38659
1.38659
1.38659
1.38659
1.38361
1.38361
1.38361
1.38361
1.38361
1.38361
1.38361
1.38361
1.38361
1.38361
1.38361
1.38361
1.38361
1.38361
1.38361
1.38659
1.38659
1.38659
1.38659
1.38659
1.38659
1.38659
1.38659
1.38659
1.38659
1.37554
1.37554
1.37554
1.37554
1.37554
1.37554
1.37554
1.37554
1.37554
1.37554
1.37554
1.37554
1.37554
1.37554
1.37554
1.37554
1.37554
1.37554
1.37554
1.37554
1.37554
1.37554
1.37554
1.37554
1.38651
1.37709
1.37709
1.37709
1.37709
1.37709
1.37709
1.37709
1.37709
1.37709
1.37709
1.37709
1.33969
1.33969
1.33969
1.33969
1.33969
1.33969
1.33969
1.33969
1.33969
1.33969
1.33969
1.33969
1.33969
1.35957
1.35957
1.35957
1.35957
1.35957
1.35957
1.35957
1.35957
1.35957
1.35957
1.35957
1.34931
1.34931
1.34931
1.34931
1.34931
1.34931
1.34931
1.34931
1.34931
1.34931
1.34931
1.33712
1.33712
1.33712
1.33712
1.31944
1.31944
1.31944
1.31944
1.31944
1.31944
1.31944
1.31944
1.31944
1.31944
1.31944
1.31944
1.31944
1.31944
1.31944
1.31944
1.31944
1.31944
1.31944
1.31944
1.31944
1.31944
1.31944
1.31944
1.31944
1.31944
1.31944
1.31944
1.31944
1.31944
1.31944
1.31944
1.31944
1.31944
1.31944
1.31944
1.31975
1.31975
1.31975
1.31975
1.31975
1.31975
1.31975
1.31975
1.31975
1.31975
1.31975
1.31975
1.31975
1.31975
1.31975
1.31975
1.31975
1.31975
1.31975
1.31975
1.31975
1.31975
1.31975
1.31975
1.31975
1.31975
1.31975
1.31975
1.31975
1.31975
1.31975
1.31975
1.31975
1.31975
1.31975
1.31975
1.31975
1.31975
1.31975
1.31376
1.31376
1.31376
1.31376
1.31376
1.31376
1.31376
1.31376
1.31376
1.31376
1.31376
1.31376
1.31376
1.31376
1.31376
1.31376
1.31376
1.31376
1.31376
1.31376
1.31376
1.29109
1.29109
1.29109
1.29109
1.29109
1.29109
1.29109
1.29109
1.29109
1.29109
1.29109
1.29109
1.29109
1.29109
1.29109
1.29109
1.29109
1.29109
1.29109
1.29109
1.29109
1.29077
1.29077
1.29077
1.29077
1.29077
1.29077
1.29077
1.29077
1.29109
1.29109
1.29109
1.29109
1.29109
1.29176
1.29176
1.29176
1.29176
1.29176
1.28739
1.28739
1.28739
1.28739
1.28558
1.28558
1.28558
1.28558
1.28558
1.28558
1.28558
1.28483
1.28483


0.724366
-3.43134
-7.07234
-4.45629
-0.789417
2.20059
11.0544
4.13321
1.59744
-7.72686
-6.81646
-6.31204
-3.23785
1.84025
2.10567
9.33949
7.42039
7.38954
3.54666
2.43868
-2.77093
-5.00124
-12.4093
-8.87915
-11.3813
-7.3243
-6.68155
-4.42262
-2.1024
-3.57696

0.029

