549.588
549.588
549.588
549.588
549.588
549.588
549.588
525.471
525.471
525.471
525.471
506.462
395.602
395.602
395.602
395.602
395.602
395.602
395.602
395.602
395.602
395.602
395.602
391.862
391.862
391.862
391.862
391.862
391.862
391.862
391.862
391.862
385.456
385.456
385.456
385.456
385.456
385.456
385.456
385.456
385.456
339.864
339.864
339.864
339.864
339.864
339.864
339.429
339.429
339.429
339.429
339.429
339.429
339.429
339.429
339.429
339.429
339.429
339.429
339.429
339.429
339.429
339.429
338.995
338.995
338.995
338.995
338.995
338.995
338.995
338.995
338.995
338.995
338.995
338.995
338.995
338.995
338.995
338.995
338.995
338.995
338.995
338.995
338.995
338.995
338.995
338.995
338.995
338.995
338.995
338.995
338.995
338.995
338.995
338.995
338.995
338.995
338.995
338.995
338.995
338.995
338.995
338.995
338.995
338.995
338.995
338.995
338.995
338.995
338.995
338.995
334.446
334.446
334.446
334.446
334.446
334.446
334.446
334.446
334.446
334.446
334.446
334.446
334.446
334.446
334.446
334.446
334.446
334.446
334.446
334.446
334.446
334.446
334.446
334.446
334.446
334.446
334.446
334.446
334.446
334.446
334.446
334.446
334.446
334.446
334.446
334.446
334.446
334.446
334.446
334.446
334.446
334.446
334.446
334.446
334.446
334.446
334.446
334.446
334.446
334.446
334.446
334.446
334.446
334.446
334.446
334.446
334.446
334.446
334.446
334.446
334.446
334.446
334.446
334.446
334.446
334.446
334.446
334.446
334.446
334.446
334.446
334.446
334.446
334.446
334.446
334.446
334.446
322.913
322.913
322.913
322.913
322.913
322.913
322.913
322.913
322.913
322.913
322.913
322.913
315.128
315.128
315.128
315.128
315.128
315.128
315.128
315.128
315.128
315.128
315.128
315.128
313.443
313.443
309.958
309.958
309.958
275.687
275.687
275.687
275.687
275.687
275.687
275.687
275.687
275.687
275.687
275.687
272.202
272.202
272.202
272.202
269.077
269.077
269.077
209.414
209.414
209.414
209.414
209.414
209.414
209.414
209.414
209.414
209.414
209.414
209.414
209.414
209.414
209.414
209.414
209.414
209.414
209.414
198.327
198.327
198.327
198.327
198.327
198.327
198.327
198.327
198.327
198.327
157.878
157.878
157.878
157.878
157.878
157.878
157.878
157.878
157.878
157.878
157.878
157.878
157.878
157.878
157.878
157.878
154.393
154.393
154.393
154.393
154.393
154.393
154.393
154.393
154.393
154.393
154.393
154.393
154.393
151.148
151.148
151.148
151.148
151.148
151.148
151.148
151.148
151.148
151.148
151.148
151.148
151.148
151.148
151.148
151.148
151.148
144.711
144.711
144.711
144.711
144.711
144.711
144.711
144.711
144.711
144.711
143.357
143.357
143.357
143.357
143.357
143.357
143.357
83.0488
83.0488
83.0488
83.0488
83.0488
83.0488
83.0488
83.0488
83.0488
83.0488
83.0488
83.0488
83.0488
83.0488
83.0488
82.7608
82.7608
82.7608
82.7608
82.7608
82.7608
78.2563
78.2563
78.2563
78.2563
78.2563
78.2563
78.2563
78.2563
78.2563
78.2563
78.2563
78.2563
78.2563
78.2563
78.2563
78.2563
78.2563
78.2563
78.2563
78.2563
78.2563
78.2563
78.2563
78.2563
78.2563
78.2563
78.2563
78.2563
78.2563
78.2563
78.2563
78.2563
78.2563
78.2563
78.2563
78.2563
78.2563
78.2563
78.2563
78.2563
78.2563
78.2563
78.2563
78.2563
78.2563
78.2563
78.2563
78.2563
78.2563
78.2563
78.2563
78.2563
78.2563
78.2563
78.2563
78.2563
78.2563
78.2563
78.2563
78.2563
78.2563
78.2563
78.2563
78.2563
78.2563
78.2563
78.2563
78.2563
78.2563
78.2563
78.2563
78.2563
78.2563
78.2563
78.2563
78.2563
78.2563
78.2563
78.2563
78.2563
78.2563
78.2563
78.2563
78.2563
78.2563
78.2563
78.2563
78.2563
78.2563
78.2563
78.2563
78.2563
78.2563
78.2563
78.2563
78.2563
78.2563
78.2563
78.2563
78.2563
78.2563
78.2563
78.2563
78.2563
78.2563
78.2563
78.2563
78.2563
78.2563
78.2563
78.2563
78.2563
78.2563
78.2563
78.2563
78.2563
78.2563
78.2563
78.2563
78.2563
78.2563
78.2563
78.2563
78.2563
78.2563
78.2563
78.2563
78.2563
78.2563
78.2563
78.2563
78.2563
78.2563
78.2563
78.2563
78.2563
78.2563
78.2563
78.2563
78.2563
78.2563
78.2563
78.2563
78.2563
78.2563
78.2563
78.2563
78.2563
78.2563
78.2563
78.2563
78.2563
78.2563
78.2563
78.2563
78.2563
78.2563
78.2563
78.2563
78.2563
78.2563
78.2563
78.2563
78.2563
78.2563
78.2563
78.2563
78.2563
78.2563
78.2563
78.2563
78.2563
78.2563
78.2563
78.2563
78.2563
78.2563
78.2563
78.2563
78.2563
78.2563
78.2563
78.2563
78.2563
78.2563
78.2563
78.2563
78.2563
78.2563
78.2563
78.2563
78.2563
78.2563
78.2563
78.2563
78.2563
78.2563
78.2563
78.2563
78.2563
78.2563
78.2563
78.2563
78.2563
78.2563
78.2563
78.2563
78.2563
78.2563
78.2563
78.2563
78.2563
78.2563
78.2563
78.2563
78.2563
78.2563
78.2563
78.2563
78.2563
78.2563
78.2563
78.2563
78.2563
78.2563
78.2563
78.2563
78.2563
78.2563
78.2563
78.2563
78.2563
78.2563
78.2563
78.2563
78.2563
78.2563
78.2563
78.2563
78.2563
78.2563
78.2563
78.2563
78.2563
78.2563
78.2563
78.2563
78.2563
78.2563
78.2563
78.2563
78.2563
78.2563
78.2563
78.2563
78.2563
78.2563
78.2563
78.2563
78.2563
78.2563
78.2563
78.2563
78.2563
78.2563
78.2563
78.2563
78.2563
78.2563
78.2563
78.2563
78.2563
78.2563
78.2563
78.2563
78.2563
78.2563
78.2563
78.2563
78.2563
78.2563
78.2563
78.2563
78.2563
78.2563
78.2563
78.2563
78.2563
78.2563
78.2563
78.2563
78.2563
78.2563
78.2563
78.2563
78.2563
78.2563
78.2563
78.2563
78.2563
78.2563
78.2563
78.2563
78.2563
78.2563
78.2563
78.2563
78.2563
78.2563
78.2563
78.2563
78.2563
78.2563
78.2563
78.2563
78.2563
78.2563
78.2563
78.2563
78.2563
78.2563
78.2563
78.2563
78.2563
78.2563
78.2563
78.2563
78.2563
78.2563
78.2563
78.2563
78.2563
78.2563
78.2563
78.2563
78.2563
78.2563
78.2563
78.2563
78.2563
78.2563
78.2563
78.2563
78.2563
78.2563
78.2563
78.2563
78.2563
78.2563
78.2563
78.2563
78.2563
78.2563
78.2563
78.2563
78.2563
78.2563
78.2563
78.2563
78.2563
78.2563
78.2563
78.2563
78.2563
78.2563
78.2563
78.2563
78.2563
78.2563
78.2563
78.2563
78.2563
78.2563
78.2563
78.2563
78.2563
78.2563
78.2563
78.2563
78.2563
78.2563
78.2563
78.2563
78.2563
78.2563
78.2563
78.2563
78.2563
78.2563
78.2563
78.2563
78.2563
78.2563
78.2563
78.2563
78.2563
78.2563
78.2563
78.2563
78.2563
78.2563
78.2563
78.2563
78.2563
78.2563
78.2563
78.2563
78.2563
78.2563
78.2563
78.2563
78.2563
78.2563
78.2563
78.2563
78.2563
78.2563
78.2563
78.2563
78.2563
78.2563
78.2563
78.2563
78.2563
78.2563
78.2563
78.2563
78.2563
78.2563
78.2563
78.2563
78.2563
78.2563
78.2563
78.2563
78.2563
78.2563
78.2563
78.2563
78.2563
78.2563
78.2563
78.2563
78.2563
78.2563
78.2563
78.2563
78.2563
78.2563
78.2563
78.2563
78.2563
78.2563
78.2563
78.2563
78.2563
78.2563
78.2563
78.2563
78.2563
78.2563
78.2563
78.2563
78.2563
78.2563
78.2563
78.2563
78.2563
78.2563
78.2563
78.2563
78.2563
78.2563
78.2563
78.2563
78.2563
78.2563
78.2563
78.2563
78.2563
78.2563
78.2563
78.2563
78.2563
78.2563
78.2563
78.2563
78.2563
78.2563
78.2563
78.2563
78.2563
78.2563
78.2563
78.2563
78.2563
78.2563
78.2563
78.2563
78.2563
78.2563
78.2563
78.2563
78.2563
78.2563
78.2563
78.2563
78.2563
78.2563
78.2563
78.2563
78.2563
78.2563
78.2563
78.2563
78.2563
78.2563
78.2563
78.2563
78.2563
78.2563
78.2563
78.2563
78.2563
78.2563
78.2563
78.2563
78.2563
78.2563
78.2563
78.2563
78.2563
78.2563
78.2563
78.2563
78.2563
78.2563
78.2563
78.2563
78.2563
78.2563
78.2563
78.2563
78.2563
78.2563
78.2563
78.2563
78.2563
78.2563
78.2563
78.2563
78.2563
78.2563
78.2563
78.2563
78.2563
78.2563
78.2563
78.2563
78.2563
78.2563
78.2563
78.2563
78.2563
78.2563
78.2563
78.2563
78.2563
78.2563
78.2563
78.2563
78.2563
78.2563
78.2563
78.2563
78.2563
78.2563
78.2563
78.2563
78.2563
78.2563
78.2563
78.2563
78.2563
78.2563
78.2563
78.2563
78.2563
78.2563
78.2563
78.2563
78.2563
78.2563
78.2563
78.2563
78.2563
78.2563
78.2563
78.2563
78.2563
78.2563
78.2563
78.2563
78.2563
78.2563
78.2563
78.2563
78.2563
78.2563
78.2563
78.2563
78.2563
78.2563
78.2563
78.2563
78.2563
78.2563
78.2563
78.2563
78.2563
78.2563
78.2563
78.2563
78.2563
78.2563
78.2563
78.2563
78.2563
78.2563
78.2563
78.2563
78.2563
78.2563
78.2563
78.2563
78.2563
78.2563
78.2563
78.2563
78.2563
78.2563
78.2563
78.2563
78.2563
78.2563
78.2563
78.2563
78.2563
78.2563
78.2563
78.2563
78.2563
78.2563
78.2563
78.2563
78.2563
78.2563
78.2563
78.2563
78.2563
78.2563
78.2563
78.2563
78.2563
78.2563
78.2563
78.2563
78.2563
78.2563
78.2563
78.2563
78.2563
78.2563
78.2563
78.2563
78.2563
78.2563
78.2563
78.2563
78.2563
78.2563
78.2563
78.2563
78.2563
78.2563
78.2563
78.2563
78.2563
78.2563
78.2563
78.2563
78.2563
78.2563
78.2563
78.2563
78.2563
78.2563
78.2563
78.2563
78.2563
78.2563
78.2563
78.2563
78.2563
78.2563
78.2563
78.2563
78.2563
78.2563
78.2563
78.2563
78.2563
78.2563
78.2563
78.2563
78.2563
78.2563
78.2563
78.2563
78.2563
78.2563
78.2563
78.2563
78.2563
78.2563
78.2563
78.2563
78.2563
78.2563
78.2563
78.2563
78.2563
78.2563
78.2563
78.2563
78.2563
78.2563
78.2563
78.2563
78.2563
78.2563
78.2563
78.2563
78.2563
78.2563
78.2563
78.2563
78.2563
78.2563
78.2563
78.2563
78.2563
78.2563
78.2563
78.2563
78.2563
78.2563
78.2563
78.2563
78.2563
78.2563
78.2563
78.2563
78.2563
78.2563
78.2563
78.2563
78.2563
78.2563
78.2563
78.2563
78.2563
78.2563
78.2563
78.2563
78.2563
78.2563
78.2563
78.2563
78.2563
78.2563
78.2563
78.2563
78.2563
78.2563
78.2563
78.2563
78.2563
78.2563
78.2563
78.2563
78.2563
78.2563
78.2563
78.2563
78.2563
78.2563
78.2563
78.2563
78.2563
78.2563
78.2563
78.2563
78.2563
78.2563
78.2563
78.2563
78.2563
78.2563
78.2563
78.2563
78.2563
78.2563
78.2563
78.2563
78.2563
78.2563
78.2563
78.2563
78.2563
78.2563
78.2563
78.2563
78.2563
78.2563
78.2563
78.2563
78.2563
78.2563
78.2563
78.2563
78.2563
78.2563
78.2563
78.2563
78.2563
78.2563
78.2563
78.2563
78.2563
78.2563
78.2563
78.2563
78.2563
78.2563
78.2563
78.2563
78.2563
78.2563
78.2563
78.2563
78.2563
78.2563
78.2563
78.2563
78.2563
78.2563
78.2563
78.2563
78.2563
78.2563
78.2563
78.2563
78.2563
78.2563
78.2563
78.2563
78.2563
78.2563
78.2563
78.2563
78.2563
78.2563
78.2563
78.2563
78.2563
78.2563
78.2563
78.2563
78.2563
78.2563
78.2563
78.2563
78.2563
78.2563
78.2563
78.2563
78.2563
78.2563
78.2563
78.2563
78.2563
78.2563
78.2563
78.2563
78.2563
78.2563
78.2563
78.2563
78.2563
78.2563
78.2563
78.2563
78.2563
78.2563
78.2563
78.2563
78.2563
78.2563
78.2563
78.2563
78.2563
78.2563
78.2563
78.2563
78.2563
78.2563
78.2563
78.2563
78.2563
78.2563
78.2563
78.2563
78.2563
78.2563
78.2563
78.2563
78.2563
78.2563
78.2563
78.2563
78.2563
78.2563
78.2563
78.2563
78.2563
78.2563
78.2563
78.2563
78.2563
78.2563
78.2563
78.2563
78.2563
78.2563
78.2563
78.2563
78.2563
78.2563
78.2563
78.2563
78.2563
78.2563
78.2563
78.2563
78.2563
78.2563
78.2563
78.2563
78.2563
78.2563
78.2563
78.2563
78.2563
78.2563
78.2563
78.2563
78.2563
78.2563
78.2563
78.2563
78.2563
78.2563
78.2563
78.2563
78.2563
78.2563
78.2563
78.2563
78.2563
78.2563
78.2563
78.2563
78.2563
78.2563
78.2563
78.2563
78.2563
78.2563
78.2563
78.2563
78.2563
78.2563
78.2563
78.2563
78.2563
78.2563
78.2563
78.2563
78.2563
78.2563
78.2563
78.2563
78.2563
78.2563
78.2563
78.2563
78.2563
78.2563
78.2563
78.2563
78.2563
78.2563
78.2563
78.2563
78.2563
78.2563
78.2563
78.2563
78.2563
78.2563
78.2563
78.2563
78.2563
78.2563
78.2563
78.2563
78.2563
78.2563
78.2563
78.2563
78.2563
78.2563
78.2563
78.2563
78.2563
78.2563
78.2563
78.2563
78.2563
78.2563
78.2563
78.2563
78.2563
78.2563
78.2563
78.2563
78.2563
78.2563
78.2563
78.2563
78.2563
78.2563
78.2563
78.2563
78.2563
78.2563
78.2563
78.2563
78.2563
78.2563
78.2563
78.2563
78.2563
78.2563
78.2563
78.2563
78.2563
78.2563
78.2563
78.2563
78.2563
78.2563
78.2563
78.2563
78.2563
78.2563
78.2563
78.2563
78.2563
78.2563
78.2563
78.2563
78.2563
78.2563
78.2563
78.2563
78.2563
78.2563
78.2563
78.2563
78.2563
78.2563
78.2563
78.2563
78.2563
78.2563
78.2563
78.2563
78.2563
78.2563
78.2563
78.2563
78.2563
78.2563
78.2563
78.2563
78.2563
78.2563
78.2563
78.2563
78.2563
78.2563
78.2563
78.2563
78.2563
78.2563
78.2563
78.2563
78.2563
78.2563
78.2563
78.2563
78.2563
78.2563
78.2563
78.2563
78.2563
78.2563
78.2563
78.2563
78.2563
78.2563
78.2563
78.2563
78.2563
78.2563
78.2563
78.2563
78.2563
78.2563
78.2563
78.2563
78.2563
78.2563
78.2563
78.2563
78.2563
78.2563
78.2563
78.2563
78.2563
78.2563
78.2563
78.2563
78.2563
78.2563
78.2563
78.2563
78.2563
78.2563
78.2563
78.2563
78.2563
78.2563
78.2563
78.2563
78.2563
78.2563
78.2563
78.2563
78.2563
78.2563
78.2563
78.2563
78.2563
78.2563
78.2563
78.2563
78.2563
78.2563
78.2563
78.2563
78.2563
78.2563
78.2563
78.2563
78.2563
78.2563
78.2563
78.2563
78.2563
78.2563
78.2563
78.2563
78.2563
78.2563
78.2563
78.2563
78.2563
78.2563
78.2563
78.2563
78.2563
78.2563
78.2563
78.2563
78.2563
78.2563
78.2563
78.2563
78.2563
78.2563
78.2563
78.2563
78.2563
78.2563
78.2563
78.2563
78.2563
78.2563
78.2563
78.2563
78.2563
78.2563
78.2563
78.2563
78.2563
78.2563
78.2563
78.2563
78.2563
78.2563
78.2563
78.2563
78.2563
78.2563
78.2563
78.2563
78.2563
78.2563
78.2563
78.2563
78.2563
78.2563
78.2563
78.2563
78.2563
78.2563
78.2563
78.2563
78.2563
78.2563
78.2563
78.2563
78.2563
78.2563
78.2563
78.2563
78.2563
78.2563
78.2563
78.2563
78.2563
78.2563
78.2563
78.2563
78.2563
78.2563
78.2563
78.2563
78.2563
78.2563
78.2563
78.2563
78.2563
78.2563
78.2563
78.2563
78.2563
78.2563
78.2563
78.2563
78.2563
78.2563
78.2563
78.2563
78.2563
78.2563
78.2563
78.2563
78.2563
78.2563
78.2563
78.2563
78.2563
78.2563
78.2563
78.2563
78.2563
78.2563
78.2563
78.2563
78.2563
78.2563
78.2563
78.2563
78.2563
78.2563
78.2563
78.2563
78.2563
78.2563
78.2563
78.2563
78.2563
78.2563
78.2563
78.2563
78.2563
78.2563
78.2563
78.2563
78.2563
78.2563
78.2563
78.2563
78.2563
78.2563
78.2563
78.2563
78.2563
78.2563
78.2563
78.2563
78.2563
78.2563
78.2563
78.2563
78.2563
78.2563
78.2563
78.2563
78.2563
78.2563
78.2563
78.2563
78.2563
78.2563
78.2563
78.2563
78.2563
78.2563
78.2563
78.2563
78.2563
78.2563
78.2563
78.2563
78.2563
78.2563
78.2563
78.2563
78.2563
78.2563
78.2563
78.2563
78.2563
78.2563
78.2563
78.2563
78.2563
78.2563
78.2563
78.2563
78.2563
78.2563
78.2563
78.2563
78.2563
78.2563
78.2563
78.2563
78.2563
78.2563
78.2563
78.2563
78.2563
78.2563
78.2563
78.2563
78.2563
78.2563
78.2563
78.2563
78.2563
78.2563
78.2563
78.2563
78.2563
78.2563
78.2563
78.2563
78.2563
78.2563
78.2563
78.2563
78.2563
78.2563
78.2563
78.2563
78.2563
78.2563
78.2563
78.2563
78.2563
78.2563
78.2563
78.2563
78.2563
78.2563
78.2563
78.2563
78.2563
78.2563
78.2563
78.2563
78.2563
78.2563
78.2563
78.2563
78.2563
78.2563
78.2563
78.2563
78.2563
78.2563
78.2563
78.2563
78.2563
78.2563
78.2563
78.2563
78.2563
78.2563
78.2563
78.2563
78.2563
78.2563
78.2563
78.2563
78.2563
78.2563
78.2563
78.2563
78.2563
78.2563
78.2563
78.2563
78.2563
78.2563
78.2563
78.2563
78.2563
78.2563
78.2563
78.2563
78.2563
78.2563
78.2563
78.2563
78.2563
78.2563
78.2563
78.2563
78.2563
78.2563
78.2563
78.2563
78.2563
78.2563
78.2563
78.2563
78.2563
78.2563
78.2563
78.2563
78.2563
78.2563
78.2563
78.2563
78.2563
78.2563
78.2563
78.2563
78.2563
78.2563
78.2563
78.2563
78.2563
78.2563
78.2563
78.2563
78.2563
78.2563
78.2563
78.2563
78.2563
78.2563
78.2563
78.2563
78.2563
78.2563
78.2563
78.2563
78.2563
78.2563
78.2563
78.2563
78.2563
78.2563
78.2563
78.2563
78.2563
78.2563
78.2563
78.2563
78.2563
78.2563
78.2563
78.2563
78.2563
78.2563
78.2563
78.2563
78.2563
78.2563
78.2563
78.2563
78.2563
78.2563
78.2563
78.2563
78.2563
78.2563
78.2563
78.2563
78.2563
78.2563
78.2563
78.2563
78.2563
78.2563
78.2563
78.2563
78.2563
78.2563
78.2563
78.2563
78.2563
78.2563
78.2563
78.2563
78.2563
78.2563
78.2563
78.2563
78.2563
78.2563
78.2563
78.2563
78.2563
78.2563
78.2563
78.2563
78.2563
78.2563
78.2563
78.2563
78.2563
78.2563
78.2563
78.2563
78.2563
78.2563
78.2563
78.2563
78.2563
78.2563
78.2563
78.2563
78.2563
78.2563
78.2563
78.2563
78.2563
78.2563
78.2563
78.2563
78.2563
78.2563
78.2563
78.2563
78.2563
78.2563
78.2563
78.2563
78.2563
78.2563
78.2563
78.2563
78.2563
78.2563
78.2563
78.2563
78.2563
78.2563
78.2563
78.2563
78.2563
78.2563
78.2563
78.2563
78.2563
78.2563
78.2563
78.2563
78.2563
78.2563
78.2563
78.2563
78.2563
78.2563
78.2563
78.2563
78.2563
78.2563
78.2563
78.2563
78.2563
78.2563
78.2563
78.2563
78.2563
78.2563
78.2563
78.2563
78.2563
78.2563
78.2563
78.2563
78.2563


-45.7228
-45.7228
-86.6298
-45.7228
-30.6345
-45.7228
-30.6345
-30.6345
261.428
-30.6345
-30.6345
160.46
81.0999
81.0999
-178.661
-198.95
117.209
117.209
63.6311
117.209
63.6311
63.6311
-92.8556
-92.8556
-92.8556
-92.8556
-92.8556
-92.8556
-50.3372
-45.7228

0.027

