444.447
444.447
444.447
444.447
444.447
444.447
444.447
444.447
444.447
444.447
444.447
444.447
444.447
444.447
444.447
444.447
444.447
444.447
437.537
437.537
437.537
437.26
437.26
437.26
437.26
437.26
437.26
437.26
437.26
437.26
437.26
437.26
437.26
437.26
437.26
437.26
437.26
437.26
386.92
386.92
386.92
386.92
386.92
386.92
386.92
386.92
386.92
386.92
386.92
386.92
386.92
386.92
386.92
386.92
386.92
386.92
386.92
386.92
386.92
386.92
386.92
386.92
386.92
386.92
386.92
386.92
386.92
386.92
386.92
386.92
386.92
386.92
386.92
386.92
386.92
386.92
386.92
386.92
386.92
386.92
386.92
386.92
386.92
386.92
386.92
386.92
386.92
386.92
386.92
386.92
386.92
386.92
386.92
386.92
386.92
386.92
386.92
386.92
386.92
386.92
386.92
386.92
359.626
359.626
359.626
359.626
359.626
359.626
359.626
359.626
359.626
344.11
344.11
344.11
344.11
344.11
344.11
344.11
344.11
344.11
344.11
344.11
344.11
344.11
344.11
344.11
344.11
344.11
344.11
344.11
344.11
344.11
308.388
308.388
308.388
308.388
308.388
308.388
308.388
308.388
308.388
308.388
308.388
308.388
308.388
308.388
308.388
308.388
308.388
308.388
308.388
308.388
308.388
308.388
308.388
308.388
308.388
308.388
308.388
308.388
308.388
308.388
308.388
308.388
308.388
308.388
308.388
308.388
308.388
308.388
308.388
308.388
308.388
308.388
308.388
308.388
307.461
307.461
307.461
307.461
307.461
307.461
293.725
293.725
293.725
293.725
293.725
293.725
293.725
293.725
293.725
293.725
293.725
293.725
293.725
293.725
293.651
293.651
293.651
293.651
293.651
293.651
293.651
293.651
293.651
293.651
293.651
293.651
293.651
293.651
293.651
293.651
293.651
293.651
293.651
293.651
293.651
261.561
261.561
261.561
261.561
261.561
261.561
245.511
245.511
245.511
245.511
245.511
245.511
245.511
245.511
245.511
245.511
245.511
245.511
245.511
245.511
245.511
245.511
245.511
245.511
245.511
245.511
245.511
245.511
245.511
245.511
245.511
245.511
245.511
245.511
245.511
245.511
245.511
245.511
245.511
245.511
245.511
245.511
245.511
245.511
245.511
245.511
245.511
245.511
245.511
245.511
245.511
245.511
245.511
245.511
245.511
245.511
245.511
245.511
245.511
226.5
226.5
226.5
226.5
214.082
214.082
214.082
214.082
214.082
214.082
214.082
214.082
214.082
214.082
214.082
214.082
214.082
214.082
214.082
214.082
214.082
214.082
214.082
214.082
214.082
214.082
214.082
214.082
214.082
214.082
214.082
214.082
214.082
214.082
214.082
200.599
200.599
200.599
200.599
200.599
200.599
200.599
200.599
200.599
200.599
200.599
200.599
200.599
200.599
200.599
200.599
158.961
158.961
158.961
158.961
158.961
158.961
158.961
158.961
158.961
158.961
158.961
158.961
158.961
158.961
158.961
158.961
158.961
158.961
158.961
158.961
158.961
158.961
158.961
158.961
158.961
158.961
158.961
158.961
158.961
158.961
158.961
158.961
158.961
158.961
158.961
158.961
158.961
158.961
158.961
158.961
158.961
158.961
158.961
158.961
158.961
137.181
137.181
137.181
137.181
137.181
137.181
137.181
137.181
137.181
137.181
137.181
137.181
137.181
137.181
137.181
137.181
137.181
137.181
137.181
137.181
137.181
137.181
137.181
137.181
137.181
137.181
137.181
137.181
137.181
137.181
137.181
137.181
137.181
137.181
137.181
137.181
137.181
137.181
137.181
137.181
137.181
137.181
137.181
137.181
137.181
137.181
137.181
137.181
137.181
137.181
137.181
137.181
137.181
137.181
137.181
137.181
137.181
137.181
137.181
137.181
137.181
137.181
137.181
137.181
137.181
137.181
137.181
137.181
137.181
137.181
137.181
137.181
126.242
126.242
126.242
126.242
126.242
126.242
126.242
126.242
126.242
126.242
126.242
126.242
126.242
126.242
126.242
126.242
126.242
126.242
126.242
122.668
122.668
122.668
109.805
109.805
109.805
109.805
109.805
109.805
109.805
109.805
109.805
109.805
109.805
109.805
109.805
109.805
109.805
109.805
109.805
109.805
109.805
108.966
108.966
108.966
106.07
106.07
106.07
98.3701
98.3701
98.3701
98.3701
98.3701
98.3701
98.3701
98.3701
98.3701
98.3701
98.3701
98.3701
98.3701
98.3701
98.3701
98.3701
98.3701
98.3701
98.3701
98.3701
98.3701
98.3701
98.3701
98.3701
98.3701
98.3701
98.3701
98.3701
98.3701
98.3701
98.3701
98.3701
98.3701
98.3701
96.8099
96.8099
96.8099
96.8099
90.088
90.088
90.088
90.088
90.088
90.088
90.088
90.088
90.088
90.088
90.088
90.088
90.088
90.088
90.088
90.088
90.088
90.088
90.088
90.088
90.088
90.088
90.088
90.088
90.088
90.088
90.088
78.5272
78.5272
78.5272
78.5272
78.5272
78.5272
78.5272
78.5272
78.5272
78.5272
78.5272
78.5272
78.5272
78.5272
71.987
71.987
71.987
71.987
71.987
71.987
71.987
71.987
71.987
71.987
71.987
71.987
71.987
71.987
71.987
70.3854
70.3854
70.3854
70.3854
70.3854
70.3854
70.3854
70.3854
70.3854
70.3854
70.3854
70.3854
70.3854
70.3854
70.3854
70.3854
67.146
67.146
67.146
67.146
67.146
67.146
67.146
67.146
67.146
67.146
67.146
67.146
67.146
67.146
67.146
67.146
67.146
67.146
67.146
67.146
60.3345
60.3345
60.3345
60.3345
60.3345
60.3345
60.3345
59.3879
59.3879
58.6878
58.6878
58.6878
57.3671
57.3671
57.3671
57.3671
57.3671
57.3671
57.3671
57.3671
57.3671
57.3671
57.3671
57.3671
57.3671
57.3671
57.3671
57.1167
57.1167
57.1167
57.1167
57.1167
57.1167
49.0653
49.0653
49.0653
49.0653
49.0653
49.0653
49.0653
49.0653
49.0653
49.0653
49.0653
49.0653
49.0653
49.0653
49.0653
49.0653
49.0653
49.0653
49.0653
49.0653
49.0653
49.0653
49.0653
49.0653
49.0653
49.0653
49.0653
49.0653
49.0653
49.0653
49.0653
49.0653
49.0653
49.0653
49.0653
49.0653
49.0653
49.0653
49.0653
49.0653
49.0653
47.547
47.547
47.547
47.547
47.547
47.547
47.547
47.547
47.547
47.547
47.547
47.547
47.547
47.547
47.547
47.547
47.547
47.547
47.547
47.547
47.547
47.547
47.547
47.547
47.547
47.547
47.547
47.547
42.4739
42.4739
42.4739
42.4739
42.4739
42.4739
42.4739
42.4739
42.4739
42.4739
42.4739
42.4739
42.4739
42.4739
42.4739
42.4739
42.4739
42.4739
42.4739
42.4739
42.4739
42.4739
42.4739
42.4739
42.4739
42.4739
42.4739
42.4739
42.4739
42.4739
42.4739
42.4739
42.4739
40.8411
40.8411
40.8411
40.8411
40.8411
40.8411
40.8411
40.8411
40.8411
40.8411
40.8411
40.8411
40.8411
40.8411
40.8411
40.8411
40.8411
40.8411
40.8411
40.8411
40.8411
40.8411
36.2243
36.2243
36.2243
36.2243
36.2243
36.2243
36.2243
36.2243
36.2243
36.2243
36.2243
36.2243
36.2243
36.2243
36.2243
36.2243
36.2243
36.2243
36.2243
36.2243
36.2243
36.2243
36.2243
36.2243
36.2243
36.2243
36.2243
36.2243
36.2243
36.2243
36.2243
36.2243
36.2243
36.2243
36.2243
36.2243
36.2243
33.9254
33.9254
33.9254
33.9254
33.9254
33.9254
33.9254
33.9254
33.9254
33.9254
33.9254
33.9254
33.9254
33.9254
33.9254
32.6746
32.6746
32.6746
32.6746
32.6746
32.6746
32.6746
32.6746
32.6746
32.6746
32.6746
32.6746
32.6746
32.6746
32.6746
32.6746
32.6746
24.9297
24.9297
24.9297
24.9297
24.9297
24.9297
24.9297
24.9297
24.9297
24.9297
24.9297
24.9297
24.9297
24.9297
24.9297
24.9297
24.9297
24.9297
24.9297
24.9297
24.9297
24.9297
24.9297
24.9297
24.9297
24.7345
24.7345
24.7345
24.7345
24.7345
24.7345
24.7345
24.7345
24.7345
24.7345
24.7345
24.7345
24.7345
24.7345
23.3427
23.3427
23.3427
23.3427
23.3427
23.3427
23.3427
23.3427
23.3427
23.3427
23.3427
23.3427
23.3427
23.3427
23.3427
23.3427
23.3427
23.3427
23.3427
23.3427
23.3427
23.3427
23.3427
23.3427
23.3427
23.3427
23.3427
23.3427
23.3427
23.3427
23.3427
23.3427
23.3427
23.3427
23.3427
23.3427
23.3427
23.3427
23.3427
23.3427
23.3427
23.3427
23.3427
23.3427
23.3427
23.3427
23.3427
23.3427
23.3427
23.3427
23.3427
23.3427
23.3427
23.3427
23.3427
23.3427
23.3427
23.3427
21.3971
21.3971
21.3971
21.3971
21.3971
21.3971
21.3971
21.3971
21.3971
21.3971
21.3971
21.3971
21.3971
21.3971
21.3971
20.3221
20.3221
20.3221
20.3221
20.3221
20.3221
20.3221
20.3221
20.3221
20.3221
20.3221
20.3221
20.3221
20.3221
20.3221
20.3221
20.3221
20.3221
20.3221
20.3221
20.3221
20.3221
20.3221
20.3221
20.3221
20.3221
20.3221
20.3221
20.3221
20.3221
20.3221
20.3221
20.3221
20.3221
20.3221
19.9118
19.9118
19.9118
19.7814
15.0733
15.0733
15.0733
15.0733
15.0733
15.0733
15.0733
15.0733
15.0733
15.0733
15.0733
15.0733
15.0733
15.0733
15.0733
15.0733
15.0733
15.0733
15.0733
15.0733
15.0733
15.0733
15.0733
15.0733
13.848
13.848
13.848
13.848
13.848
13.848
13.848
13.848
13.848
13.848
13.848
13.848
13.0189
13.0189
13.0189
13.0189
13.0189
13.0189
13.0189
13.0189
13.0189
13.0189
13.0189
13.0189
13.0189
13.0189
13.0189
13.0189
13.0189
13.0189
13.0189
13.0189
13.0189
13.0189
13.0189
13.0189
13.0189
13.0189
13.0189
13.0189
13.0189
13.0189
13.0189
13.0189
13.0189
13.0189
13.0189
13.0189
13.0189
13.0189
13.0189
13.0189
13.0189
13.0189
11.0032
11.0032
11.0032
11.0032
11.0032
11.0032
11.0032
11.0032
9.74111
9.74111
9.74111
9.74111
9.74111
9.74111
9.74111
9.74111
9.74111
9.74111
9.74111
9.74111
9.74111
9.74111
9.74111
9.74111
9.74111
8.36032
8.36032
8.36032
8.36032
8.36032
8.36032
8.36032
8.36032
8.36032
8.36032
8.36032
8.36032
8.36032
8.36032
8.36032
8.36032
8.36032
8.36032
8.36032
8.36032
8.36032
8.36032
8.36032
8.36032
8.36032
8.36032
8.36032
8.36032
8.36032
8.36032
8.36032
8.36032
8.36032
8.36032
8.36032
8.36032
8.36032
8.36032
8.36032
8.36032
8.36032
8.16224
8.16224
8.16224
8.16224
8.16224
8.16224
8.16224
8.16224
8.16224
8.16224
8.16224
8.16224
8.16224
8.16224
8.16224
8.16224
8.16224
8.16224
8.16224
8.16224
8.15937
8.15937
8.15937
8.15937
8.15937
8.15937
7.76896
7.76896
7.76896
7.76896
7.76896
7.76896
7.76896
7.76896
7.76896
7.76896
7.76896
7.76896
7.76896
7.76896
7.76896
7.76896
7.76896
7.76896
7.76896
7.76896
7.76896
7.76896
7.76896
7.76896
7.76896
7.76896
7.76896
7.76896
7.76896
7.76896
7.76896
7.76896
7.76896
6.30075
6.30075
6.30075
6.10268
6.10268
6.10268
6.10268
6.10268
6.10268
6.10268
6.10268
6.10268
6.10268
6.10268
6.10268
6.10268
6.10268
6.10268
6.10268
6.10268
6.10268
6.10268
6.10268
6.10268
6.10268
6.10268
6.10268
6.10268
6.10268
6.10268
6.10268
6.10268
6.10268
6.10268
6.10268
6.10268
6.10268
6.10268
6.10268
6.10268
6.10268
6.10268
6.10268
6.10268
6.10268
6.10268
6.10268
6.10268
6.10268
6.10268
6.10268
6.10268
6.10268
6.10268
6.10268
6.10268
5.9046
5.9046
5.9046
5.9046
5.9046
5.9046
5.9046
5.9046
5.9046
5.9046
5.9046
5.50845
5.50845
5.50845
5.50845
5.50845
5.50845
5.50845
5.50845
5.50845
5.50845
5.50845
5.50845
5.50845
5.50845
5.50845
5.50845
5.50845
5.50845
5.50845
5.50845
5.50845
5.50845
5.50845
5.50845
5.50845
5.50845
5.50845
5.50845
5.50845
5.50845
5.50845
5.50845
5.50845
5.50845
5.50845
5.50845
5.50845
5.50845
5.50845
5.50845
5.50845
5.50845
5.50845
5.50845
5.50845
5.50845
5.50845
5.50845
5.50845
5.50845
5.50845
5.50845
5.31037
5.31037
5.31037
5.31037
5.31037
5.31037
5.31037
5.31037
5.31037
5.31037
5.31037
5.31037
5.31037
5.31037
5.31037
5.31037
5.31037
5.31037
5.31037
5.31037
5.31037
5.31037
5.31037
5.31037
5.31037
5.31037
5.31037
5.31037
5.31037
5.31037
5.31037
5.31037
5.31037
5.31037
5.31037
5.1123
5.1123
5.1123
5.1123
5.1123
5.1123
5.1123
5.1123
5.1123
5.1123
5.1123
5.1123
5.1123
5.1123
5.1123
4.91422
4.91422
4.91422
4.91422
4.91422
4.91422
4.91422
4.91422
4.91422
4.91422
4.91422
4.91422
4.91422
4.91422
4.91422
4.91422
4.91422
4.91422
4.91422
4.91422
4.91422
4.91422
4.91422
4.91422
4.91422
4.91422
4.91422
4.91422
4.91422
4.91422
4.91422
4.91422
4.91422
4.91422
4.91422
4.91422
4.91422
4.71615
4.71615
4.71615
4.71615
4.71615
4.71615
4.71615
4.71615
4.71615
4.71615
4.51807
4.51807
4.51807
4.51807
4.51807
4.51807
4.51807
4.51807
4.51807
4.51807
4.51807
4.51807
4.51807
4.51807
4.51807
4.51807
4.51807
4.51807
4.51807
4.51807
4.51807
4.51807
4.51807
4.51807
4.51807
4.51807
4.51807
4.51807
4.51807
4.51807
4.51807
4.51807
4.51807
4.51807
4.51807
4.51807
4.51807
4.51807
4.51807
4.51807
4.51807
4.51807
4.51807
4.51807
4.51807
4.51807
4.51807
4.51807
4.51807
4.51807
4.51807
3.72577
3.72577
3.72577
3.72577
3.72577
3.72577
3.72577
3.72577
3.72577
3.72577
3.72577
3.72577
3.72577
3.72577
3.72577
3.72577
3.72577
3.72577
3.72577
3.72577
3.72577
3.72577
3.72577
3.72577
3.72577
3.52769
3.52769
3.52769
3.52769
3.52769
3.52769
3.52769
3.52769
3.52769
3.52769
3.52769
3.52769
3.52769
3.52769
3.52769
3.52769
3.52769
3.52769
3.52769
3.52769
3.52769
3.52769
3.52769
3.52769
3.52769
3.52769
3.52769
3.52769
3.52769
3.52769
3.52769
3.52769
3.52769
3.52769
3.52769
3.52769
3.52769
3.52769
3.52769
3.52769
3.52769
3.52769
3.52769
3.52769
3.52769
3.52769
3.52769
3.52769
3.52769
3.52769
3.52769
3.52769
3.52769
3.52769
3.52769
3.52769
3.52769
3.52769
3.52769
3.52769
3.52769
3.52769
3.52769
3.52769
3.52769
3.52769
3.52769
3.32961
3.32961
3.32961
3.32961
3.32961
3.32961
3.32961
3.32961
3.32961
3.32961
3.32961
3.32961
3.32961
3.32961
3.32961
3.32961
3.32961
3.32961
3.32961
3.32961
3.32961
3.32961
3.32961
3.32961
3.13154
3.13154
3.13154
3.13154
3.13154
3.13154
3.13154
3.13154
3.13154
3.13154
3.13154
3.13154
3.13154
3.13154
3.13154
3.13154
3.13154
3.13154
3.13154
3.13154
3.13154
3.13154
3.13154
3.13154
3.13154
3.13154
3.13154
3.13154
3.13154
3.13154
3.13154
3.13154
3.13154
3.13154
3.13154
3.13154
3.13154
3.13154
3.13154
3.13154
3.13154
3.13154
3.13154
3.13154
3.13154
3.13154
3.13154
3.13154
3.13154
3.13154
3.13154
3.13154
3.13154
3.13154
3.13154
3.13154
3.13154
3.13154
3.13154
3.13154
3.13154
3.13154
3.13154
3.13154
3.13154
3.13154
3.13154
3.13154
3.13154
3.13154
3.13154
3.13154
3.13154
3.13154
3.13154
3.13154
3.13154
3.13154
3.13154
3.13154
3.13154
3.13154
3.13154
3.13154
3.13154
3.13154
3.13154
3.13154
3.13154
3.13154
3.13154
3.13154
3.13154
3.13154
3.13154
3.13154
3.13154
3.13154
3.13154
3.13154
3.13154
3.13154
3.13154
3.13154
3.13154
3.13154
3.13154
3.13154
3.13154
3.13154
3.13154
3.13154
3.13154
3.13154
3.13154
3.13154
3.13154
3.13154
3.13154
3.13154
3.13154
3.13154
3.13154
3.13154
3.13154
3.13154
3.13154
3.13154
3.13154
3.13154
3.13154
3.13154
3.13154
3.13154
3.13154
3.13154
3.13154
3.13154
3.13154
3.13154
3.13154
3.13154
3.13154
3.13154
3.13154
3.13154
3.13154
3.13154
3.13154
3.13154
3.13154
3.13154
3.13154
3.13154
3.13154
3.13154
3.13154
3.13154
3.13154
3.13154
3.13154
3.13154
3.13154
3.13154
3.13154
3.13154
3.13154
3.13154
3.13154
3.13154
3.13154
3.13154
3.13154
3.13154
3.13154
3.13154
3.13154
3.13154
3.13154
3.13154
3.13154
3.13154
3.13154
3.13154
3.13154
3.13154
3.13154
3.13154
3.13154
3.13154
3.13154
3.13154
3.13154
3.13154
3.13154
3.13154
3.13154
3.13154
3.13154
3.13154
3.13154
3.13154
3.13154
3.13154
3.13154
3.13154
3.13154
3.13154
3.13154
3.13154
3.13154
3.13154
3.13154
3.13154
3.13154
3.13154
3.13154
3.13154
3.13154
3.13154
3.13154
3.13154
3.13154
3.13154
3.13154
3.13154
3.13154
3.13154
3.13154
3.13154
3.13154
3.13154
3.13154
3.13154
3.13154
3.13154
3.13154
3.13154
3.13154
3.13154
3.13154
3.13154
3.13154
3.13154
3.13154
3.13154
3.13154
3.13154
3.13154
3.13154
3.13154
3.13154
3.13154
3.13154
3.13154
3.13154
3.13154
3.13154
3.13154
3.13154
3.13154
3.13154
3.13154
3.13154
3.13154
3.13154
3.13154
3.13154
3.13154
3.13154
3.13154
3.13154
3.13154
3.13154
3.13154
3.13154
3.13154
3.13154
3.13154
3.13154
3.13154
3.13154
3.13154
3.13154
3.13154
3.13154
3.13154
3.13154
3.13154
3.13154
3.13154
3.13154
3.13154
3.13154
3.13154
3.13154
3.13154
3.13154
3.13154
3.13154
3.13154
3.13154
3.13154
3.13154
3.13154
3.13154
3.13154
3.13154
3.13154
3.13154
3.13154
3.13154
3.13154
3.13154
3.13154
3.13154
3.13154
3.13154
3.13154
3.13154
3.13154
3.13154
3.13154
3.13154
3.13154
3.13154
3.13154
3.13154
3.13154
3.13154
3.13154
3.13154
3.13154
3.13154
3.13154
3.13154
3.13154
3.13154
3.13154
3.13154
3.13154
3.13154
3.13154
3.13154
3.13154
3.13154
3.13154
3.13154
3.13154
3.13154
3.13154
3.13154
3.13154
3.13154
3.13154
3.13154
3.13154
3.13154
3.13154
3.13154
3.13154
3.13154
3.13154
3.13154
3.13154
3.13154
3.13154
3.13154
3.13154
3.13154
3.13154
3.13154
3.13154
3.13154
3.13154
3.13154
3.13154
3.13154
3.13154
3.13154
3.13154
3.13154
3.13154
3.13154
3.13154
3.13154
3.13154
3.13154
3.13154
3.13154
3.13154
3.13154
3.13154
3.13154
3.13154
3.13154
3.13154
3.13154
3.13154
3.13154
3.13154
3.13154
3.13154
3.13154
3.13154
3.13154
3.13154
3.13154
3.13154
3.13154
3.13154
3.13154
3.13154
3.13154
3.13154
3.13154


0.0129691
0.0129691
0.0129691
0.0129691
0.0129691
0.0129691
0.0129691
0.0129691
0.0129691
0.0129691
0.0129691
0.0129691
0.0129691
0.0129691
0.0129691
0.0129691
0.0129691
0.0129691
0.0129691
0.0129691
0.0129691
0.0129691
0.0129691
0.0129691
0.0129691
0.0129691
0.0129691
0.0129691
0.0129691
0.106409

0.027

