2386.59
3013.27
3013.27
3013.27
1696.16
1696.16
1696.16
1696.16
1696.16
1696.16
1696.16
1696.16
1696.16
1625.16
1625.16
1625.16
1525.38
1525.38
1525.38
1625.16
1625.16
1625.16
1625.16
1625.16
1519.69
1257.11
1257.11
1171.24
1171.24
1171.24
1053.55
1053.55
1053.55
1053.55
1053.55
1053.55
1053.55
1053.55
1053.55
1053.55
1053.55
1053.55
1053.55
1053.55
1053.55
848.719
848.719
848.719
848.719
848.719
848.719
1169.35
1169.35
1169.35
1169.35
1057.27
975.219
882.122
862.115
862.115
862.115
862.115
795.077
795.077
795.077
795.077
795.077
795.077
631.668
544.409
544.409
544.409
544.409
544.409
544.409
544.409
544.409
442.612
442.612
442.612
442.612
442.612
442.612
442.612
442.612
442.612
442.612
442.612
442.612
442.612
442.612
442.612
442.612
442.612
442.612
442.612
477.754
477.754
477.754
390.195
320.634
320.634
320.634
320.634
320.634
320.634
320.634
320.634
320.634
320.634
320.634
320.634
320.634
320.634
346.728
261.529
261.529
261.529
261.529
261.529
261.529
261.529
261.529
261.529
261.529
261.529
182.256
182.256
182.256
261.529
261.529
261.529
261.529
261.529
261.529
261.529
261.529
261.529
261.529
261.529
261.529
261.529
261.529
261.529
261.529
261.529
261.529
261.529
261.529
261.529
293.233
293.233
293.233
293.233
301.835
301.835
301.835
301.835
301.835
301.835
301.835
301.835
157.457
157.457
157.457
157.457
157.457
157.457
157.457
157.457
157.457
157.457
157.457
157.457
157.457
157.457
157.457
157.457
157.457
157.457
157.457
157.457
157.457
157.457
157.457
157.457
157.457
157.457
157.457
157.457
157.457
157.457
157.457
157.457
157.457
157.457
157.457
157.457
157.457
157.457
157.457
157.457
157.457
202.694
202.694
202.694
198.524
198.524
198.524
198.524
198.524
198.524
198.524
198.524
198.524
198.524
198.524
198.524
198.524
198.524
198.524
198.524
198.524
198.524
198.524
198.524
198.524
198.524
198.524
198.524
198.524
198.524
198.524
198.524
198.524
198.524
177.834
177.834
177.834
177.834
177.834
177.834
219.93
219.93
219.93
219.93
210.117
210.117
210.117
210.117
210.117
210.117
215.79
215.79
215.79
219.026
219.026
219.026
219.026
219.026
219.026
219.026
219.026
219.026
219.026
219.026
219.026
219.026
237.258
237.258
237.258
237.258
237.258
237.258
237.258
237.258
231.482
231.482
231.482
215.76
215.76
215.76
215.76
215.76
215.76
189.49
189.49
189.49
189.49
184.722
184.722
184.722
186.848
186.848
186.848
186.848
186.848
186.848
186.848
186.848
186.848
186.848
186.848
186.848
186.848
186.848
186.848
186.848
186.848
186.848
186.848
186.848
186.848
186.848
186.848
186.848
186.848
186.848
162.415
162.415
162.415
162.415
158.451
158.451
158.451
158.451
158.451
158.451
158.451
158.451
158.451
158.451
158.451
158.451
158.451
158.451
158.451
158.451
158.451
158.451
158.451
158.451
158.451
158.451
158.451
158.451
158.451
158.451
158.451
158.451
158.451
158.451
158.451
158.451
158.451
158.451
158.451
158.451
158.451
158.451
158.451
158.451
158.451
158.451
158.451
158.451
158.451
158.451
158.451
158.451
158.451
158.451
158.451
158.451
158.451
158.451
158.451
171.58
171.58
171.58
171.58
171.58
171.58
178.533
178.533
178.533
178.533
178.533
178.533
178.533
178.533
178.533
178.533
178.533
178.533
178.533
178.533
196.297
196.297
196.297
196.297
196.297
196.297
188.512
188.512
188.512
188.512
188.512
188.512
188.512
188.512
188.512
188.512
188.512
171.041
171.041
171.041
171.041
171.041
171.041
171.041
171.041
188.512
188.512
188.512
188.512
188.512
188.512
188.512
188.512
188.512
188.512
198.433
160.641
160.641
160.641
148.056
148.056
148.056
148.056
148.056
160.641
160.641
160.641
160.641
160.641
160.641
160.641
160.641
160.641
151.07
151.07
151.07
151.07
151.07
151.07
151.07
151.07
151.07
151.07
151.07
151.07
151.07
246.47
234.21
234.21
234.21
234.21
234.21
234.21
234.21
234.21
234.21
234.21
234.21
234.21
234.21
234.21
246.47
246.47
246.47
246.47
246.47
246.47
231.886
154.484
154.484
154.484
154.484
154.484
154.484
154.484
154.484
154.484
154.484
154.484
154.484
154.484
154.484
154.484
154.484
154.484
154.484
154.484
154.484
154.484
170.219
170.219
170.219
170.219
170.219
170.219
170.219
170.219
170.219
170.219
170.219
170.219
170.219
170.219
126.636
126.636
126.636
126.636
126.636
126.636
126.636
126.636
126.636
126.636
126.636
170.219
170.219
170.219
170.219
170.219
199.202
199.202
199.202
199.202
199.202
192.381
192.381
192.381
192.381
192.381
192.381
175.222
175.222
183.612
183.612
183.612
183.612
183.612
183.612
190.078
190.078
192.381
192.381
192.381
194.931
194.931
194.931
194.931
167.535
167.535
167.535
167.535
167.535
167.535
167.535
167.535
167.535
167.535
167.535
167.535
167.535
167.535
167.535
167.535
167.535
167.535
167.535
167.535
167.535
167.535
167.535
167.535
167.535
167.535
167.535
167.535
167.535
167.535
167.535
167.535
167.535
167.535
167.535
167.535
167.535
167.535
167.535
167.535
167.535
167.535
167.535
167.535
167.535
167.535
167.535
167.535
150.735
150.735
150.735
150.735
150.735
150.735
150.735
150.735
150.735
150.735
142.068
142.068
142.068
142.068
142.068
142.068
142.068
142.068
142.068
142.068
142.068
142.068
142.068
142.068
187.297
187.297
187.297
187.297
192.229
192.229
192.229
192.229
192.229
192.229
192.229
192.229
192.229
192.229
192.229
192.229
192.229
211.302
200.887
200.887
145.564
145.564
145.564
145.564
145.564
145.564
145.564
145.564
145.564
145.564
145.564
145.564
145.564
145.564
145.564
145.564
145.564
145.564
145.564
145.564
148.64
148.64
178.297
178.297
178.297
178.297
178.297
178.297
147.903
147.903
147.903
147.903
147.903
170.983
170.983
170.983
170.983
170.983
170.983
170.983
170.983
170.983
170.983
170.983
170.983
170.983
170.983
170.983
170.983
170.983
170.983
170.983
170.983
170.983
170.983
170.983
170.983
170.983
170.983
170.983
170.983
170.983
170.983
170.983
170.983
170.983
170.983
170.983
170.983
170.983
170.983
170.983
170.983
170.983
170.983
170.983
170.983
170.983
170.983
170.983
170.983
170.983
170.983
170.983
170.322
170.322
170.322
170.322
170.322
170.322
170.322
170.322
170.322
170.322
170.322
170.322
170.322
170.322
170.322
170.322
179.269
179.269
179.269
179.269
191.057
191.057
210.851
196.342
210.851
210.851
210.851
210.851
210.851
210.851
210.851
198.336
198.336
198.336
198.336
198.336
198.336
198.336
210.851
196.632
196.632
196.632
196.632
196.632
196.632
196.632
177.289
177.289
157.561
157.561
157.561
157.561
157.561
157.561
157.561
157.561
156.562
156.562
156.562
156.562
156.562
157.561
181.859
181.859
181.859
181.859
181.859
178.645
178.645
178.645
178.645
178.645
178.645
178.645
178.645
178.645
178.645
157.743
157.743
178.645
136.583
136.583
136.583
136.583
136.583
136.583
136.583
136.583
136.583
136.583
136.583
136.583
136.583
136.583
136.583
136.583
136.583
136.583
95.4881
95.4881
95.4881
95.4881
94.0724
94.0724
94.0724
94.0724
94.0724
94.0724
94.0724
94.0724
94.0724
94.0724
94.0724
94.0724
94.0724
94.0724
94.0724
94.0724
94.0724
94.0724
94.0724
94.0724
94.0724
94.0724
94.0724
94.0724
94.0724
94.0724
94.0724
94.0724
94.0724
94.0724
112.769
112.769
112.769
112.769
112.769
112.769
112.769
112.769
112.769
112.769
112.769
112.769
112.769
112.769
112.769
112.769
112.769
112.769
112.769
112.769
112.769
112.769
112.769
112.769
112.769
112.769
112.769
112.769
112.769
112.769
112.769
112.769
112.769
112.769
112.769
112.769
112.769
112.769
112.769
112.769
112.769
112.769
112.769
112.769
112.769
112.769
112.769
112.769
112.769
112.769
112.769
112.769
112.769
112.769
93.5798
93.5798
93.5798
93.5798
93.5798
93.5798
93.5798
93.5798
93.5798
93.5798
93.5798
93.5798
93.5798
93.5798
93.5798
112.769
112.769
93.5798
93.5798
93.5798
93.5798
93.5798
151.66
151.66
151.66
151.66
151.66
151.66
151.66
151.66
151.66
151.66
151.66
151.66
151.66
151.66
151.66
151.66
151.66
151.66
151.66
151.66
162.15
162.15
162.15
162.15
162.15
162.15
105.753
105.753
105.753
93.5798
93.5798
93.5798
93.5798
93.5798
93.5798
93.5798
93.5798
93.5798
93.5798
93.5798
93.5798
93.5798
93.5798
89.0032
89.0032
89.0032
89.0032
89.0032
89.0032
89.0032
89.0032
89.0032
89.0032
89.0032
89.0032
89.0032
93.5798
93.5798
93.5798
93.5798
93.5798
93.5798
93.5798
93.5798
93.5798
149.852
149.852
149.852
149.852
149.852
149.852
149.852
149.852
149.852
149.852
149.852
149.852
149.852
149.852
148.006
148.006
148.006
148.006
148.006
148.006
148.006
148.006
148.006
149.695
149.695
149.695
149.695
149.695
149.695
149.695
165.743
165.743
165.743
165.743
165.743
165.743
165.743
165.743
165.743
165.743
165.743
165.743
165.743
162.66
162.66
113.151
113.151
113.151
113.151
113.151
113.151
113.151
74.0779
74.0779
74.0779
74.0779
74.0779
74.0779
74.0779
74.0779
74.0779
74.0779
74.0779
74.0779
74.0779
74.0779
74.0779
74.0779
74.0779
74.0779
74.0779
74.0779
74.0779
74.0779
74.0779
74.0779
74.0779
74.0779
74.0779
74.0779
74.0779
74.0779
74.0779
74.0779
74.0779
74.0779
74.0779
74.0779
74.0779
74.0779
74.0779
74.0779
74.0779
74.0779
74.0779
74.0779
74.0779
74.0779
74.0779
74.0779
74.0779
74.0779
74.0779
74.0779
74.0779
74.0779
74.0779
74.0779
74.0779
74.0779
74.0779
126.571
110.773
126.571
126.571
126.571
115.684
115.684
115.684
115.684
115.684
115.684
115.684
115.684
115.684
115.684
115.684
107.218
107.218
115.684
115.684
115.684
115.684
115.684
80.8419
80.8419
80.8419
115.684
115.684
115.684
115.684
115.684
129.178
129.178
129.178
129.178
129.178
129.178
129.178
129.178
129.178
129.178
129.178
129.178
91.2877
91.2877
91.2877
91.2877
91.2877
91.2877
91.2877
91.2877
91.2877
91.2877
91.2877
91.2877
91.2877
91.2877
91.2877
91.2877
91.2877
91.2877
91.2877
91.2877
91.2877
91.2877
91.2877
91.2877
91.2877
91.2877
91.2877
91.2877
91.2877
91.2877
91.2877
91.2877
91.2877
91.2877
91.2877
91.2877
91.2877
91.2877
91.2877
129.178
129.178
129.178
129.178
119.302
119.302
119.302
119.302
119.302
119.302
119.302
119.302
119.302
119.302
112.721
119.302
119.302
119.302
119.302
119.302
119.302
119.302
119.302
119.302
119.302
119.302
119.302
119.302
119.302
119.302
119.302
119.302
119.302
119.302
119.302
119.302
119.302
119.302
119.302
119.302
119.302
119.302
119.302
119.302
119.302
119.302
119.302
119.302
119.302
119.302
119.302
98.0365
98.0365
98.0365
98.0365
98.0365
133.294
133.294
133.294
133.293
132.414
132.414
132.414
132.414
124.544
132.414
132.414
132.414
132.414
132.414
132.414
132.414
132.414
132.414
132.414
132.414
132.414
120.453
120.453
120.453
120.453
120.453
120.453
120.453
120.453
98.0365
98.0365
98.0365
98.0365
98.0365
98.0365
98.0365
109.218
109.218
109.218
109.218
120.453
120.453
120.453
120.453
120.453
109.218
109.218
109.218
109.218
109.218
109.218
120.453
120.453
120.453
120.453
98.0365
133.294
133.294
133.294
133.294
133.294
133.294
145.951
145.951
145.951
145.951
153.944
153.944
176.04
176.04
176.04
176.04
176.04
176.04
176.04
176.04
176.04
176.04
176.04
176.04
176.04
176.04
176.04
146.039
146.039
146.039
146.039
121.518
121.518
121.518
121.518
121.518
121.518
121.518
127.773
127.773
127.773
127.773
127.773
127.773
127.773
127.773
127.773
127.773
127.773
127.773
127.773
127.773
127.773
127.773
127.773
127.773
127.773
127.773
127.773
127.773
127.773
127.773
127.773
127.773
127.773
127.773
127.773
127.773
127.773
127.773
127.773
127.773
127.773
127.773
127.773
127.773
127.773
127.374
127.374
127.374
127.374
127.773
127.773
127.773
142.51
142.51
142.51
142.51
142.51
142.51
142.51
142.51
115.91
115.91
115.91
115.91
115.91
115.91
115.91
115.91
115.91
115.91
115.91
115.91
115.91
115.91
115.91
115.91
115.91
105.244
105.244
105.244
105.244
105.244
105.244
105.244
105.244
105.244
105.244
105.244
105.244
105.244
105.244
105.244
105.244
105.244
105.244
105.244
105.244
105.244
105.244
105.244
105.244
105.244
105.244
105.244
105.244
136.103
136.103
136.103
136.103
136.103
136.103
136.103
136.103
136.103
136.103
136.103
136.103
136.103
136.103
136.103
136.103
136.103
136.103
136.103
136.103
136.103
136.103
136.103
136.103
136.103
105.244
103.181
103.181
103.181
103.181
103.181
103.181
103.181
103.181
103.181
103.181
103.181
103.181
103.181
103.181
103.181
103.181
103.181
103.181
103.181
103.181
103.181
103.181
103.181
103.181
103.181
103.181
103.181
112.142
112.142
112.142
112.142
112.142
112.142
112.142
112.142
112.142
112.142
112.142
112.142
112.142
112.142
116.337
116.337
117.019
117.019
117.019
117.019
117.019
110.475
110.475
110.475
110.475
117.019
117.019
117.019
117.019
117.019
117.019
117.019
117.019
117.019
117.019
117.019
117.019
117.019
117.019
117.019
117.019
117.019
117.019
103.83
103.83
103.83
103.83
103.83
103.83
103.83
117.019
117.019
117.019
128.782
128.782
128.782
128.782
128.782
128.782
128.782
128.782
128.782
128.782
128.43
128.43
128.43
128.782
128.782
128.782
128.782
128.782
128.782
128.782
128.782
128.782
162.453
162.453
162.453
162.453
162.453
162.453
169.769
169.769
169.769
147.698
147.698
147.698
147.698
147.698
147.698
147.698
147.698
147.698
147.698
147.698
147.698
147.698
147.698
147.698
147.698
151.388
151.388
151.388
151.388
151.388
151.388
151.937
151.937
151.937
151.937
151.937
151.937
151.937
151.937
151.937
151.937
151.937
151.937
151.937
151.937
151.937
151.937
151.937
151.937
139.257
139.257
132.327
132.327
132.327
92.6598
92.6598
92.6598
92.6598
92.6598
92.6598
92.6598
92.6598
92.6598
92.6598
92.6598
92.6598
92.6598
92.6598
92.6598
92.6598
92.6598
92.6598
92.6598
92.6598
92.6598
92.6598
92.6598
99.4164
99.4164
99.4164
99.4164
99.4164
99.4164
99.4164
99.4164
99.4164
99.4164
99.4164
99.4164
99.4164
99.4164
99.4164
99.4164
99.4164
99.4164
99.4164
99.4164
99.4164
99.4164
99.4164
99.4164
99.4164
117.611
117.611
117.611
117.611
117.611
117.611
117.611
117.611
117.611
117.611
117.611
117.611
117.611
117.611
122.852
122.852
122.852
122.852
122.852
122.852
122.852
122.852
122.852
122.852
122.852
122.852
122.852
122.852
122.852
122.852
122.852
122.852
101.443
101.443
101.443
101.443
101.443
101.443
101.443
101.443
101.443
101.443
101.443
101.443
101.443
101.443
101.443
101.443
101.443
101.443
101.443
101.443
101.443
101.443
101.443
101.443
101.443
101.443
101.443
101.443
101.443
101.443
101.443
101.443
101.443
101.443
101.443
101.443
101.443
101.443
101.443
101.443
101.443
101.443
101.443
101.443
101.443
101.443
101.443
101.443
101.443
101.443
101.443
101.443
101.443
101.443
101.443
98.8948
98.8948
98.8948
98.8948
98.8948
98.8948
98.8948
98.8948
98.8948
98.8948
98.8948
98.8948
98.8948
98.8948
98.8948
98.8948
98.8948
103.129
100.805
100.805
100.805
100.805
100.805
100.805
100.805
100.805
100.805
100.805
100.805
100.805
100.805
100.805
100.805
100.805
100.805
100.805
100.805
100.805
100.805
100.805
100.805
100.805
100.805
100.805
100.805
100.805
100.805
100.805
100.805
100.805
100.805
102.705
102.705
114.49
114.49
114.49
114.49
114.49
114.49
114.49
114.49
114.49
114.49
114.49
114.49
114.49
114.49
114.49
130.254
130.254
124.265
124.265
130.254
130.254
130.254
130.254
130.254
130.254
130.254
130.254
130.254
130.254
130.254
130.254
130.254
130.254
124.747
130.254
130.254
101.508
101.508
101.508
101.508
101.508
101.508
101.508
101.508
101.508
101.508
101.508
101.508
101.508
101.508
101.508
101.508
101.508
120.475
120.475
120.475
120.475
120.475
120.475
120.475
120.475
120.475
120.475
120.475
120.475
120.475
120.475
120.475
134.189
134.189
134.189
134.189
134.189
134.189
134.189
134.189
134.189
134.189
134.189
134.189
130.576
130.576
130.576
130.576
130.576
130.576
130.576
127.383
127.383
127.383
127.383
127.383
127.383
127.383
127.383
127.383
123.792
112.501
112.501
112.501
112.501
112.501
112.501
112.501
113.115
113.115
113.115
113.115
113.115
113.115
127.383
127.383
127.383
127.383
127.383
127.383
127.383
127.383
127.383
127.383
127.383
127.383
127.383
127.383
122.029
109.637
109.637
109.637
109.637
109.637
109.637
109.637
109.637
109.637
109.637
109.637
109.637
109.637
109.637
109.637
109.637
109.637
109.637
109.637
109.637
109.637
109.637
109.637
109.637
109.637
109.637
109.637
109.637
109.637
109.637
109.637
109.637
109.637
109.637
109.637
109.637
107.441
107.441
107.441
107.441
107.441
107.441
107.441
107.441
107.441
107.441
107.441
107.441
107.441
107.441


0.900346
0.11816
0.256884
0.161151
-0.663562
-0.349502
-0.637742
-0.517029
0.123038
0.246447
-0.0353413
-0.0362627
-0.374886
0.32926
-0.240599
-0.238452
0.097368
0.035069
0.0410863
0.0047955
0.388214
0.816402
0.290577
-0.0805385
0.0698402
0.266338
0.536994
-0.749732
0.29349
0.605285

0.031

