610.193
498.52
498.52
498.52
498.52
498.52
498.52
498.52
498.52
484.103
484.103
484.103
484.103
484.103
474.223
474.223
474.223
474.223
474.223
474.223
474.223
474.223
474.223
474.223
474.223
474.223
474.223
474.223
474.223
474.223
474.223
474.223
474.223
474.223
474.223
474.223
474.223
474.223
474.223
474.223
474.223
436.184
436.184
436.184
436.184
436.184
436.184
436.184
436.184
436.184
436.184
436.184
436.184
436.184
436.184
436.184
436.184
436.184
436.184
436.184
436.184
436.184
435.036
435.036
435.036
435.036
435.036
435.036
435.036
435.036
435.036
423.419
423.419
423.419
423.419
423.419
415.531
415.531
415.531
415.531
415.531
415.531
415.531
415.531
415.531
415.531
415.531
407.507
407.507
378.92
378.92
378.92
378.92
378.92
358.981
358.981
358.981
358.981
358.981
358.981
358.981
358.981
358.981
358.981
358.981
358.981
358.981
358.981
358.981
329.898
329.898
323.079
323.079
323.079
323.079
323.079
323.079
323.079
323.079
323.079
323.079
323.079
323.079
323.079
323.079
323.079
323.079
323.079
323.079
323.079
323.079
323.079
323.079
323.079
323.079
323.079
323.079
323.079
323.079
323.079
323.079
323.079
300.46
300.46
300.46
300.46
300.46
300.46
300.46
300.46
300.46
300.46
300.46
268.899
268.899
268.899
268.899
268.899
268.899
268.899
268.899
268.899
268.899
268.899
268.899
268.899
268.899
254.079
254.079
254.079
254.079
254.079
254.079
254.079
254.079
254.079
254.079
254.079
254.079
254.079
254.079
254.079
254.079
254.079
254.079
254.079
254.079
254.079
254.079
254.079
251.365
251.365
251.365
251.365
251.365
251.365
251.365
251.365
249.049
249.049
249.049
249.049
249.049
249.049
249.049
248.105
248.105
248.105
248.105
248.105
248.105
245.606
245.606
245.606
245.606
242.481
242.481
242.481
242.481
242.481
242.481
242.481
242.481
242.481
242.481
242.481
242.481
242.481
242.481
215.71
215.71
215.71
215.71
215.71
215.71
215.71
215.71
215.71
215.71
215.71
215.71
215.71
215.71
215.71
215.71
215.71
215.71
215.71
215.71
215.71
187.243
187.243
187.243
187.243
187.243
187.243
187.243
187.243
187.243
187.243
183.696
183.696
183.327
183.327
183.14
183.14
179.075
179.075
179.075
179.075
179.075
154.123
154.123
154.123
154.123
154.123
154.123
154.123
154.123
154.123
154.123
154.123
154.123
154.123
154.123
154.123
154.123
154.123
154.123
154.123
154.123
154.123
154.123
154.123
154.123
154.123
154.123
154.123
154.123
154.123
154.123
154.123
154.123
154.123
154.123
154.123
150.542
150.542
150.542
150.542
150.542
150.542
150.542
150.542
150.542
150.542
148.078
148.078
148.078
148.078
148.078
148.078
148.078
148.078
148.078
148.078
148.078
148.078
148.078
148.078
148.078
148.078
148.078
148.078
148.078
148.078
148.078
148.078
148.078
145.848
145.848
145.848
128.955
128.955
128.955
128.955
128.955
128.955
128.955
128.955
128.955
128.955
128.955
128.955
128.955
128.955
119.221
119.221
119.221
119.221
119.221
119.221
119.221
119.221
119.221
119.221
119.221
119.221
119.221
119.221
112.839
112.839
112.839
112.839
112.839
112.839
112.839
112.839
112.839
112.839
112.839
112.839
112.839
112.839
112.839
112.839
112.839
112.839
112.839
112.839
112.839
112.839
112.839
112.839
112.839
112.839
112.839
112.839
112.839
112.839
112.839
112.839
112.839
112.839
112.839
112.839
112.839
112.839
112.839
112.839
112.839
112.839
111.235
111.235
111.235
111.235
111.235
101.382
101.382
101.382
94.2578
94.2578
94.2578
94.2578
94.2578
94.2578
94.2578
94.2578
94.2578
94.2578
94.2578
94.2578
94.2578
94.2578
94.2578
94.2578
94.2578
94.2578
94.2578
94.2578
94.2578
94.2578
94.2578
94.2578
94.2578
94.2578
94.2578
94.2578
94.2578
76.4791
76.4791
76.4791
76.4791
76.4791
76.4791
76.4791
76.4791
76.4791
76.4791
76.4791
76.4791
76.4791
76.4791
76.4791
76.4791
76.4791
76.4791
76.4791
76.4791
76.4791
76.4791
76.4791
76.4791
76.4791
76.4791
76.4791
76.4791
76.4791
76.4791
76.4791
73.9803
73.9803
73.9803
73.9803
73.9803
72.2873
72.2873
72.2873
72.2873
72.2873
72.2873
72.2873
72.2873
72.2873
72.2873
72.2873
72.2873
72.2873
72.2873
72.2873
72.2873
72.2873
72.2873
72.2873
72.2873
72.2873
72.2873
72.2873
72.2873
72.2873
72.2873
72.2873
72.2873
72.2873
72.2873
72.2873
72.2873
72.2873
72.2873
72.2873
58.6079
58.6079
58.6079
58.6079
58.6079
58.6079
58.6079
58.6079
58.6079
58.6079
58.6079
58.6079
55.5632
55.5632
55.5632
55.5632
55.5632
55.5632
55.5632
55.5632
55.5632
55.5632
55.5632
55.5632
55.5632
55.5632
55.5632
55.5632
55.5632
55.5632
55.5632
55.5632
55.5632
55.5632
55.5632
55.5632
55.5632
55.5632
55.5632
55.5632
55.5632
55.5632
55.5632
53.0419
53.0419
53.0419
53.0419
53.0419
53.0419
53.0419
53.0419
53.0419
53.0419
53.0419
53.0419
53.0419
53.0419
53.0419
53.0419
53.0419
53.0419
53.0419
52.8231
52.8231
52.8231
52.8231
52.8231
52.8231
52.8231
35.1187
35.1187
35.1187
35.1187
35.1187
35.1187
35.1187
32.5974
32.5974
32.5974
32.5974
32.5974
32.5974
32.5974
32.5974
29.6384
29.6384
29.6384
29.6384
29.6384
29.6384
29.6384
29.6384
29.6384
29.6384
29.6384
29.6384
29.6384
29.6384
29.6384
29.6384
29.6384
29.6384
28.754
28.754
28.754
28.754
28.754
28.754
28.3836
28.3836
28.3836
28.3836
28.3836
28.3836
28.3836
28.3836
28.3836
28.3836
28.3836
28.3836
28.3836
28.3836
28.3836
28.3836
28.3836
28.3836
28.3836
28.3836
28.3836
28.3836
28.3836
28.3836
28.3836
28.3836
28.3836
28.3836
28.3836
28.3836
28.3836
28.3836
28.3836
28.3836
28.3836
28.0132
28.0132
28.0132
28.0132
28.0132
28.0132
28.0132
28.0132
28.0132
28.0132
28.0132
28.0132
28.0132
28.0132
28.0132
28.0132
28.0132
28.0132
28.0132
28.0132
21.4447
21.4447
21.4447
21.4447
21.4447
21.0743
21.0743
21.0743
21.0743
21.0743
21.0743
21.0743
21.0743
21.0743
21.0743
21.0743
21.0743
21.0743
21.0743
21.0743
21.0743
21.0743
21.0743
21.0743
21.0743
21.0743
21.0743
21.0743
21.0743
21.0743
21.0743
21.0743
21.0743
21.0743
21.0743
21.0743
21.0743
20.9884
20.9884
20.9884
20.9884
20.9884
20.9884
20.9884
20.9884
20.9884
20.9884
20.9884
20.9884
20.9884
20.9884
20.9884
20.9884
20.9884
20.9884
20.9884
20.9884
20.9884
20.9884
20.9884
20.9884
20.9884
20.9884
20.9884
20.9884
20.9884
20.7696
20.7696
20.7696
20.7696
20.7696
20.7696
20.7696
20.7696
20.7696
20.7696
20.7696
20.7696
20.7696
20.7696
20.7696
20.7696
20.7696
20.7696
20.7696
20.7696
20.7696
20.7696
20.7696
20.7696
20.7696
20.7696
20.7696
20.7696
20.7696
20.7696
20.7696
20.7696
20.7696
20.7696
20.7696
20.7696
20.7696
20.7696
20.7696
20.7696
20.7696
20.7696
20.7696
20.7696
20.7696
20.7696
20.7696
17.5767
17.5767
17.5767
17.5767
17.3222
17.3222
17.3222
17.3222
17.3222
17.3222
17.3222
17.3222
17.3222
17.3222
17.3222
17.3222
14.1293
14.1293
14.1293
14.1293
14.1293
14.1293
14.1293
14.1293
14.1293
14.1293
14.1293
14.1293
14.1293
14.1293
14.1293
14.1293
14.1293
14.1293
14.1293
14.1293
14.1293
14.1293
14.1293
14.1293
13.6152
13.6152
13.6152
13.6152
13.6152
13.6152
13.6152
13.6152
13.6152
13.6152
13.6152
13.3608
12.1784
12.1784
12.1784
12.1784
12.1784
12.1784
12.1784
12.1784
12.1784
12.1784
12.1784
12.1784
12.1784
12.1784
12.1784
12.1784
12.1784
12.1784
12.1784
12.1784
12.1784
12.1784
12.1784
12.1784
12.1784
12.1784
12.1784
12.1784
12.1784
12.1784
12.1784
12.1784
12.1784
12.1784
11.9239
11.9239
11.9239
11.4099
11.4099
11.4099
11.4099
11.4099
11.4099
11.4099
11.4099
11.4099
11.4099
11.4099
11.4099
11.4099
11.4099
11.4099
11.324
11.324
11.324
11.324
11.324
11.324
11.324
11.324
11.324
11.324
11.324
11.324
11.324
11.324
11.324
11.324
11.324
11.324
11.324
11.324
11.324
11.324
11.324
11.324
11.324
11.324
11.324
11.0696
11.0696
11.0696
11.0696
11.0696
11.0696
11.0696
11.0696
11.0696
11.0696
11.0696
11.0696
11.0696
11.0696
11.0696
11.0696
11.0696
11.0696
11.0696
11.0696
11.0696
11.0696
11.0696
11.0696
11.0696
11.0696
11.0696
11.0696
11.0696
11.0696
11.0696
11.0696
11.0696
11.0696
11.0696
11.0696
11.0696
11.0696
11.0696
11.0696
11.0696
11.0696
11.0696
11.0696
10.8508
10.8508
10.8508
10.8508
10.8508
10.8508
10.8508
10.8508
10.8508
10.8508
10.8508
10.8508
10.8508
10.8508
10.8508
10.8508
10.8508
10.8508
10.8508
10.8508
10.8508
10.8508
10.8508
10.8508
10.8508
10.8508
10.8508
10.8508
10.8508
10.8508
10.8508
10.8508
10.8508
10.8508
10.8508
10.8508
10.8508
10.8508
10.8508
10.8508
10.8508
10.8508
10.8508
10.8508
10.8508
10.8508
10.8508
10.8508
10.8508
10.8508
10.8508
10.8508
10.8508
10.8508
10.8508
10.8508
10.8508
10.8508
10.8508
10.8508
10.8508
10.8508
10.8508
10.8508
10.8508
10.8508
10.8508
10.8508
10.8508
10.8508
10.8508
10.8508
10.8508
10.632
10.632
10.632
10.632
10.632
10.632
10.632
10.632
10.632
10.632
10.632
10.632
10.632
10.632
10.632
10.632
10.632
10.632
10.632
10.632
10.632
10.632
10.632
10.632
10.632
10.632
10.632
10.632
10.632
10.632
10.632
10.632
10.632
10.632
10.632
10.632
10.632
10.632
10.632
10.632
10.632
10.632
10.632
10.632
10.632
10.632
10.632
10.632
10.632
10.632
10.632
10.632
10.632
10.632
10.632
10.632
10.632
10.632
10.632
10.632
10.632
10.632
10.632
10.632
10.632
10.632
10.632
10.632
10.632
10.632
10.632
10.632
10.632
10.632
10.632
10.632
10.632
10.632
10.632
10.632
10.632
10.632
10.632
10.632
10.632
10.632
10.632
10.632
10.632
10.632
10.632
10.632
10.632
10.632
10.632
10.632
10.632
10.632
10.632
10.632
10.632
10.632
10.632
10.632
10.632
10.632
10.632
10.632
10.632
10.632
10.632
10.632
10.632
10.632
10.632
10.632
10.632
10.632
10.632
10.632
10.632
10.632
10.632
10.632
10.632
10.632
10.632
10.632
10.632
10.632
10.632
10.632
10.632
10.632
10.632
10.632
10.632
10.632
10.632
10.632
10.632
10.632
10.632
10.632
10.632
10.632
10.632
10.632
10.632
10.632
10.632
10.632
10.632
10.632
10.632
10.632
10.632
10.632
10.632
10.632
10.632
10.632
10.632
10.632
9.78872
9.78872
9.78872
9.78872
9.78872
9.78872
9.78872
9.78872
9.78872
9.78872
9.78872
9.78872
9.78872
9.78872
9.78872
9.78872
9.78872
9.78872
9.78872
9.78872
9.78872
9.78872
9.78872
9.78872
9.78872
9.78872
9.78872
9.78872
9.78872
9.78872
9.78872
9.78872
9.78872
9.78872
9.78872
9.78872
9.78872
9.78872
9.78872
9.78872
9.78872
9.78872
9.78872
9.78872
9.78872
9.78872
9.78872
9.78872
9.78872
9.78872
9.78872
9.78872
9.78872
9.78872
9.78872
9.78872
9.78872
9.78872
9.78872
9.78872
9.56994
9.56994
9.56994
9.56994
9.56994
9.56994
9.56994
9.56994
9.56994
9.56994
9.56994
9.56994
9.56994
9.56994
9.56994
9.56994
9.31549
9.31549
9.31549
9.31549
9.31549
9.27469
9.27469
9.27469
9.27469
9.27469
9.27469
9.27469
9.27469
9.27469
9.27469
9.27469
9.23903
9.23903
9.23903
9.23903
9.23903
9.23903
9.23903
9.23903
9.23903
9.23903
9.23903
9.23903
9.23903
9.23903
9.23903
9.23903
9.23903
9.23903
9.23903
9.23903
9.23903
9.23903
9.23903
9.23903
9.23903
9.02025
9.02025
8.80146
8.80146
8.80146
8.80146
8.80146
8.80146
8.80146
8.80146
8.80146
8.80146
8.80146
8.80146
8.80146
8.80146
8.80146
8.80146
7.95818
7.95818
7.95818
7.95818
7.95818
7.95818
7.95818
7.95818
7.95818
7.95818
7.95818
7.95818
7.95818
7.95818
7.95818
7.95818
7.95818
7.95818
7.95818
7.95818
7.95818
7.95818
7.95818
7.95818
7.95818
7.95818
7.95818
7.95818
7.95818
7.95818
7.95818
7.95818
7.95818
7.95818
7.95818
7.95818
7.95818
7.95818
7.95818
7.95818
7.95818
7.95818
7.95818
7.95818
7.95818
7.95818
7.95818
7.95818
7.95818
7.95818
7.95818
7.95818
7.95818
7.95818
7.95818
7.95818
7.95818
7.95818
7.95818
7.95818
7.95818
7.95818
7.95818
7.95818
7.95818
7.95818
7.95818
7.95818
7.95818
7.95818
7.95818
7.95818
7.95818
7.95818
7.95818
7.95818
7.95818
7.95818
7.95818
7.95818
7.95818
7.95818
7.95818
7.95818
7.95818
7.95818
7.95818
7.95818
7.95818
7.95818
7.95818
7.95818
7.95818
7.95818
7.95818
7.95818
7.95818
7.95818
7.95818
7.95818
7.95818
7.95818
7.95818
7.95818
7.95818
7.95818
7.95818
7.95818
7.95818
7.95818
7.95818
7.95818
7.95818
7.95818
7.95818
7.95818
7.95818
7.95818
7.95818
7.95818
7.44415
7.44415
7.44415
7.44415
7.44415
7.44415
7.44415
7.44415
7.44415
7.44415
7.44415
7.44415
7.44415
7.44415
7.44415
7.44415
7.44415
7.44415
7.44415
7.44415
7.44415
7.44415
7.44415
7.44415
7.44415
7.44415
7.44415
7.44415
7.44415
7.22537
7.22537
7.22537
7.22537
7.22537
7.22537
7.22537
7.22537
7.22537
7.22537
7.22537
7.22537
7.22537
7.22537
7.22537
7.22537
7.22537
7.22537
7.22537
7.22537
7.22537
7.22537
7.22537
7.22537
7.22537
7.22537
7.22537
7.22537
7.22537
7.22537
7.22537
7.22537
7.22537
7.22537
7.22537
7.22537
6.60087
6.60087
6.60087
6.60087
6.60087
6.60087
6.60087
6.60087
6.60087
6.60087
6.60087
6.60087
6.60087
6.60087
6.60087
6.60087
6.60087
6.60087
6.60087
6.60087
6.60087
6.60087
6.60087
6.60087
6.60087
6.60087
6.60087
6.60087
6.60087
6.60087
6.60087
6.60087
6.60087
6.60087
6.60087
6.60087
6.60087
6.60087
6.60087
6.08684
6.08684
6.08684
6.08684
6.08684
6.08684
6.08684
6.08684
6.08684
6.08684
6.08684
6.08684
6.08684
6.08684
6.08684
6.08684
6.08684
6.08684
6.08684
6.08684
6.08684
6.08684
5.86806
5.86806
5.86806
5.86806
5.86806
5.86806
5.86806
5.86806
5.86806
5.86806
5.86806
5.86806
5.86806
5.86806
5.86806
5.86806
5.86806
5.86806
5.86806
5.86806
5.86806
5.86806
5.86806
5.86806
5.86806
5.86806
5.86806
5.86806
5.86806
5.86806
5.86806
5.86806
5.86806
5.86806
5.86806
5.86806
5.64927
5.64927
5.64927
5.64927
5.64927
5.64927
5.64927
5.64927
5.64927
5.64927
5.64927
5.64927
5.64927
5.64927
5.64927
5.64927
5.64927
5.64927
5.64927
5.64927
5.64927
5.64927
5.64927
5.64927
5.64927
5.64927
5.64927
5.64927
5.64927
5.64927
5.64927
5.64927
5.64927
5.56338
5.56338
5.56338
5.56338
5.56338
5.56338
5.56338
5.56338
5.56338
5.56338
5.56338
5.56338
5.56338
5.56338
5.56338
5.56338
5.56338
5.56338
5.56338
5.56338
5.56338
5.56338
5.56338
5.56338
5.56338
5.56338
5.56338
5.56338
5.56338
5.56338
5.56338
5.56338
5.56338
5.56338
5.56338
5.56338
5.56338
5.56338
5.56338
5.56338
5.56338
5.56338
5.56338
5.56338
5.56338
5.56338
5.56338
5.56338
5.56338
5.56338
5.56338
5.56338
5.56338
5.56338
5.56338
5.56338
5.56338
5.56338
5.56338
5.56338
5.56338
5.56338
5.56338
5.56338
5.56338
5.56338
5.56338
5.56338
5.56338
5.56338
5.56338
5.04935
5.04935
5.04935
5.04935
5.04935
5.04935
5.04935
5.04935
5.04935
5.04935
5.04935
5.04935
5.04935
5.04935
5.04935
5.04935
5.04935
5.04935
5.04935
5.04935
5.04935
5.04935
5.04935
5.04935
5.04935
5.04935
5.04935
5.04935
4.96346
4.96346
4.96346
4.96346
4.96346
4.96346
4.96346
4.96346
4.96346
4.96346
4.96346
4.96346
4.96346
4.96346
4.96346
4.96346
4.96346
4.96346
4.96346
4.96346
4.96346
4.96346
4.96346
4.96346
4.46052
4.46052
4.46052
4.46052
4.46052
4.46052
4.46052
4.46052
4.46052
4.46052
4.46052
4.46052
4.46052
4.46052
4.46052
4.46052
4.46052
4.46052
4.46052
4.46052
4.46052
4.46052
4.37462
4.37462
4.37462
4.37462
4.37462
4.37462
4.37462
4.37462
4.37462
4.37462
4.37462
4.37462
4.37462
4.37462
4.37462
4.37462
4.37462
4.37462
4.37462
4.37462
4.37462
4.37462
4.37462
4.37462
4.37462
4.37462
4.37462
4.37462
4.37462
4.37462
4.37462
4.37462
4.37462
4.37462
4.37462
4.37462
4.37462
4.15584
4.15584
4.15584
4.15584
4.15584
4.15584
4.15584
4.15584
4.15584
4.15584
4.15584
4.15584
4.15584
4.15584
4.15584
4.15584
4.15584
4.15584
4.15584
4.15584
4.15584
4.15584
4.15584
4.15584
4.15584
4.15584
4.15584
4.15584
4.15584
4.15584
4.15584
4.15584
4.15584
4.15584
4.15584
4.15584
4.15584
4.15584
4.15584
4.15584
4.15584
4.15584
4.15584
4.15584
4.15584
4.15584
4.15584
4.15584
4.15584
4.15584
4.15584
4.15584
4.15584
4.15584
4.15584
4.15584
4.15584
4.15584
4.15584
4.15584
4.15584
4.15584
4.15584
4.15584
4.15584
4.15584
4.15584
4.15584
4.15584
4.15584
4.15584
4.15584
4.15584
4.15584
4.15584
3.56701
3.56701
3.56701
3.56701
3.56701
3.56701
3.56701
3.56701
3.56701
3.56701
3.56701
3.56701
3.56701
3.56701
3.56701
3.56701
3.56701
3.56701
3.56701
3.56701
3.56701
3.56701
3.56701
3.56701
3.56701
3.56701
3.56701
3.56701
3.56701
3.56701
3.56701
3.56701
3.05298
3.05298
3.05298
3.05298
3.05298
3.05298
3.05298
3.05298
3.05298
3.05298
3.05298
3.05298
3.05298
3.05298
3.05298
3.05298
3.05298
3.05298
3.05298
3.05298
3.05298
3.05298
2.53895
2.53895
2.53895
2.53895
2.53895
2.53895
2.53895
2.53895
2.53895
2.53895
2.53895
2.53895
2.53895
2.53895
2.53895
2.53895
2.53895
2.53895
2.53895
2.53895
2.53895
2.53895
2.53895
2.53895
2.53895
2.53895
2.53895
2.53895
2.53895
2.53895
2.53895


-19.5013
-19.5013
-19.5013
-19.5013
-19.5013
6.06098
6.06098
6.06098
6.06098
6.06098
6.06098
6.06098
6.06098
6.06098
6.06098
6.06098
6.06098
6.06098
-18.3294
6.06098
-18.3294
-18.3294
-18.3294
-18.3294
-18.3294
-18.3294
-18.3294
-18.3294
-18.3294
-19.5013

0.026

