949.143
949.143
949.143
949.143
949.143
949.143
949.143
949.143
949.143
949.143
949.143
949.143
949.143
949.143
949.143
12477.2
12477.2
12477.2
12477.2
12477.2
12477.2
12477.2
12477.2
12477.2
949.143
949.143
949.143
949.143
949.143
12477.2
12477.2
12477.2
12477.2
12477.2
12477.2
12477.2
12477.2
12477.2
12477.2
57303.6
57303.6
57303.6
57303.6
57303.6
57303.6
57303.6
57303.6
57303.6
161.644
161.644
161.644
161.644
161.644
161.644
161.644
161.644
161.644
161.644
161.644
161.644
161.644
161.644
1589.65
1589.65
1589.65
1589.65
1589.65
161.644
75.7152
75.7152
75.7152
75.7152
75.7152
75.7152
75.7152
75.7152
75.7152
75.7152
75.7152
75.7152
75.7152
75.7152
75.7152
75.7152
75.7152
75.7152
75.7152
75.7152
75.7152
1589.65
1589.65
1589.65
1589.65
1589.65
1589.65
1589.65
106701
106701
106701
106701
106701
106701
106701
106701
106701
23539.1
23539.1
23539.1
23539.1
23539.1
23539.1
23539.1
23539.1
23539.1
23539.1
23539.1
23539.1
26718.8
26718.8
75.7152
75.7152
75.7152
75.7152
75.7152
106701
106701
106701
106701
106701
106701
106701
4625.47
4625.47
4625.47
4625.47
4625.47
4625.47
4625.47
4625.47
4625.47
1227.68
1227.68
1227.68
1227.68
87.5884
87.5884
87.5884
87.5884
87.5884
87.5884
87.5884
87.5884
87.5884
87.5884
87.5884
87.5884
87.5884
87.5884
87.5884
87.5884
87.5884
87.5884
87.5884
87.5884
87.5884
87.5884
87.5884
3654.5
3654.5
3654.5
3654.5
3654.5
3654.5
3654.5
3654.5
156.861
156.861
156.861
156.861
3654.5
3654.5
3833.76
3833.76
3833.76
3833.76
3833.76
3833.76
1221.96
1221.96
1221.96
1221.96
1221.96
1221.96
1221.96
1221.96
1221.96
1221.96
2628.35
61.6005
61.6005
61.6005
61.6005
3833.76
3833.76
3833.76
3833.76
3833.76
3833.76
3833.76
3833.76
3833.76
3833.76
3833.76
3833.76
3833.76
3833.76
3833.76
3833.76
3833.76
3833.76
3833.76
3833.76
3833.76
3833.76
3833.76
3833.76
3833.76
3833.76
3833.76
2115.36
2115.36
156.861
156.861
156.861
156.861
156.861
2115.36
2115.36
2115.36
2115.36
2115.36
360.577
360.577
360.577
360.577
360.577
360.577
360.577
360.577
180.486
180.486
180.486
180.486
180.486
180.486
180.486
180.486
180.486
180.486
180.486
180.486
180.486
180.486
180.486
180.486
180.486
180.486
180.486
4017.77
4017.77
4017.77
4017.77
4017.77
4017.77
195.052
195.052
195.052
195.052
195.052
195.052
195.052
195.052
195.052
195.052
195.052
195.052
195.052
195.052
195.052
195.052
195.052
195.052
195.052
195.052
195.052
195.052
195.052
195.052
195.052
195.052
195.052
195.052
195.052
195.052
195.052
195.052
195.052
195.052
195.052
195.052
195.052
195.052
66.7006
66.7006
66.7006
66.7006
66.7006
66.7006
66.7006
195.052
195.052
195.052
1143.72
1143.72
1143.72
1143.72
61.1019
61.1019
61.1019
61.1019
1143.72
1143.72
1143.72
1143.72
1143.72
163.017
163.017
163.017
163.017
163.017
163.017
163.017
163.017
163.017
163.017
163.017
163.017
163.017
163.017
163.017
163.017
163.017
79.4313
79.4313
79.4313
79.4313
79.4313
79.4313
79.4313
79.4313
79.4313
79.4313
79.4313
79.4313
79.4313
79.4313
79.4313
79.4313
79.4313
79.4313
79.4313
79.4313
79.4313
79.4313
79.4313
79.4313
79.4313
79.4313
79.4313
3394.45
3394.45
3394.45
3394.45
3394.45
3394.45
3394.45
57.6707
57.6707
57.6707
57.6707
57.6707
57.6707
57.6707
57.6707
57.6707
57.6707
57.6707
57.6707
57.6707
57.6707
57.6707
57.6707
57.6707
57.6707
57.6707
57.6707
57.6707
57.6707
57.6707
57.6707
57.6707
57.6707
57.6707
57.6707
57.6707
57.6707
57.6707
57.6707
57.6707
57.6707
57.6707
57.6707
57.6707
57.6707
57.6707
57.6707
57.6707
57.6707
51.7921
51.7921
51.7921
51.7921
51.7921
51.7921
51.7921
51.7921
51.7921
51.7921
51.7921
51.7921
51.7921
51.7921
51.7921
51.7921
51.7921
51.7921
51.7921
51.7921
51.7921
51.7921
51.7921
51.7921
51.7921
51.7921
51.7921
51.7921
51.7921
51.7921
51.7921
51.7921
51.7921
51.7921
51.7921
51.7921
51.7921
51.7921
51.7921
51.7921
51.7921
51.7921
51.7921
51.7921
51.7921
51.7921
162.287
162.287
162.287
408.957
408.957
408.957
408.957
408.957
408.957
408.957
408.957
408.957
408.957
133.883
133.883
133.883
133.883
52.7821
52.7821
52.7821
52.7821
133.883
133.883
133.883
133.883
133.883
52.2041
52.2041
52.2041
52.2041
52.2041
52.2041
52.2041
52.2041
52.2041
52.2041
52.2041
52.2041
52.2041
52.2041
52.2041
52.2041
52.2041
52.2041
52.2041
52.2041
52.2041
52.2041
52.2041
52.2041
52.2041
52.2041
728.181
728.181
728.181
728.181
728.181
728.181
728.181
728.181
728.181
728.181
728.181
728.181
728.181
728.181
728.181
728.181
728.181
61.7564
61.7564
61.7564
61.7564
61.7564
61.7564
61.7564
61.7564
61.7564
61.7564
61.7564
728.181
728.181
728.181
728.181
728.181
728.181
98.7075
98.7075
58.4385
58.4385
58.4385
58.4385
58.4385
58.4385
58.4385
58.4385
58.4385
58.4385
58.4385
58.4385
58.4385
58.4385
58.4385
58.4385
58.4385
58.4385
58.4385
58.4385
58.4385
58.4385
58.4385
58.4385
58.4385
58.4385
58.4385
58.4385
58.4385
58.4385
58.4385
58.4385
58.4385
58.4385
58.4385
58.4385
58.4385
58.4385
58.4385
58.4385
58.4385
58.4385
121.636
316.78
316.78
316.78
653.509
653.509
653.509
73.2565
73.2565
73.2565
73.2565
73.2565
73.2565
73.2565
73.2565
73.2565
73.2565
73.2565
53.9228
53.9228
53.9228
53.9228
53.9228
53.9228
53.9228
53.9228
53.9228
53.9228
53.9228
53.9228
53.9228
53.9228
53.9228
53.9228
53.9228
53.9228
53.9228
53.9228
53.9228
53.9228
53.9228
53.9228
53.9228
53.9228
53.9228
53.9228
53.9228
53.9228
53.9228
53.9228
53.9228
53.9228
53.9228
53.9228
53.9228
53.9228
53.9228
53.9228
53.9228
53.9228
53.9228
53.9228
94.8066
94.8066
94.8066
94.8066
94.8066
94.8066
94.8066
94.8066
94.8066
227.967
227.967
227.967
227.967
227.967
227.967
227.967
227.967
227.967
227.967
227.967
556.83
556.83
556.83
94.8066
94.8066
94.8066
94.8066
94.8066
94.8066
94.8066
94.8066
94.8066
94.8066
258.848
258.848
258.848
258.848
258.848
258.848
258.848
258.848
258.848
258.848
191.19
191.19
112.532
112.532
112.532
191.19
191.19
191.19
191.19
191.19
191.19
191.19
191.19
191.19
191.19
191.19
191.19
701.689
701.689
701.689
701.689
701.689
96.9995
96.9995
96.9995
96.9995
96.9995
96.9995
96.9995
96.9995
96.9995
96.9995
96.9995
96.9995
96.9995
96.9995
96.9995
96.9995
71.2725
71.2725
71.2725
71.2725
71.2725
71.2725
71.2725
71.2725
71.2725
89.36
96.9995
96.9995
96.9995
96.9995
96.9995
96.9995
96.9995
96.9995
152.122
152.122
152.122
152.122
152.122
152.122
152.122
152.122
152.122
152.122
152.122
152.122
152.122
152.122
152.122
89.36
89.36
89.36
89.36
89.36
89.36
89.36
89.36
89.36
89.36
89.36
89.36
89.36
89.36
89.36
89.36
89.36
89.36
89.36
89.36
89.36
89.36
89.36
89.36
89.36
55.1191
55.1191
55.1191
82.7455
82.7455
82.7455
94.758
94.758
94.758
94.758
94.758
94.758
94.758
94.758
94.758
94.758
47.5259
47.5259
47.5259
47.5259
47.5259
47.5259
47.5259
47.5259
47.5259
47.5259
47.5259
47.5259
47.5259
47.5259
47.5259
68.3554
68.3554
68.3554
94.758
94.758
94.758
61.0034
61.0034
61.0034
61.0034
59.1958
59.1958
59.1958
59.1958
59.1958
59.1958
59.1958
59.1958
59.1958
58.2676
58.2676
58.2676
58.2676
58.2676
58.2676
58.2676
58.2676
58.2676
58.2676
58.2676
58.2676
58.2676
58.2676
59.1958
59.1958
59.1958
59.1958
59.1958
59.1958
59.1958
59.1958
59.1958
59.1958
59.1958
59.1958
59.1958
59.1958
59.1958
59.1958
59.1958
64.0561
94.758
94.758
94.758
94.758
61.0034
61.0034
61.0034
61.0034
94.758
94.758
99.9385
99.9385
99.9385
99.9385
99.9385
99.9385
99.9385
99.9385
101.574
101.574
101.574
101.574
101.574
101.574
101.574
101.574
101.574
101.574
101.574
1557.75
97.7266
97.7266
97.7266
97.7266
61.0034
61.0034
61.0034
61.0034
61.0034
61.0034
61.0034
48.4426
61.0034
61.0034
61.0034
61.0034
61.0034
48.4426
61.0034
61.0034
61.0034
61.0034
61.0034
50.4665
50.4665
50.4665
50.4665
50.4665
50.4665
50.4665
50.4665
50.4665
44.3031
44.3031
44.3031
44.3031
44.3031
44.3031
44.3031
44.3031
44.3031
44.3031
44.3031
44.3031
44.3031
44.3031
80.744
80.744
80.744
54.2858
54.2858
54.2858
54.2858
54.2858
54.2858
54.2858
54.2858
54.2858
54.2858
50.7525
50.7525
50.7525
50.7525
50.7525
50.7525
50.7525
50.7525
50.7525
50.7525
50.7525
50.7525
50.7525
50.7525
50.7525
50.7525
50.7525
50.7525
50.7525
50.7525
50.7525
50.7525
50.7525
50.7525
50.7525
50.7525
50.7525
50.7525
50.7525
50.7525
50.7525
50.7525
50.7525
50.7525
50.7525
50.7525
50.7525
50.7525
50.7525
50.7525
50.7525
50.7525
50.7525
50.7525
50.7525
52.8628
52.8628
52.8628
49.5728
52.8628
52.8628
40.6094
40.6094
40.6094
40.6094
40.6094
40.6094
40.6094
40.6094
40.6094
53.759
53.759
53.759
53.759
53.759
53.759
53.759
54.0186
54.0186
54.0186
54.0186
49.275
49.275
46.0468
46.0468
46.0468
46.0468
46.0468
46.0468
46.0468
46.0468
46.0468
46.0468
46.0468
49.275
49.275
49.275
49.275
49.275
49.275
58.4826
58.4826
58.4826
58.4826
45.5317
45.5317
58.4826
56.1599
56.1599
38.9969
38.9969
38.9969
38.9969
38.9969
38.9969
38.9969
38.9969
38.9969
38.9969
38.9969
38.9969
38.9969
38.9969
38.9969
38.9969
38.9969
38.9969
38.9969
38.9969
38.9969
38.9969
38.9969
38.9969
38.9969
38.9969
38.9969
52.4547
45.7113
45.7113
45.7113
45.7113
45.7113
45.7113
45.7113
45.7113
45.7113
45.7113
45.7113
45.7113
45.7113
45.7113
45.7113
45.7113
45.7113
45.7113
50.4794
50.4794
50.4794
50.4794
50.4794
50.4794
50.4794
69.7816
69.7816
69.7816
69.7816
69.7816
69.7816
65.0849
65.0849
65.0849
63.481
63.481
55.9983
55.9983
55.9983
55.9983
55.9983
55.9983
55.9983
55.9983
63.481
63.481
63.481
63.481
63.481
63.481
63.481
63.481
63.481
63.481
63.481
63.481
63.481
63.481
77.5759
56.5712
56.5712
56.5712
56.5712
49.5758
49.5758
49.5758
49.5758
44.6178
44.6178
44.6178
44.6178
44.6178
44.6178
44.6178
44.6178
44.6178
44.6178
44.6178
44.6178
44.6178
44.6178
44.6178
44.6178
44.6178
44.6178
44.6178
44.6178
44.6178
44.6178
44.6178
44.6178
44.6178
44.6178
44.6178
44.6178
44.6178
44.6178
44.6178
52.4844
52.4844
52.4844
52.4844
50.309
50.309
50.309
50.309
50.309
52.4844
52.4844
52.4844
52.4844
52.4844
52.4844
73.2453
73.2453
73.2453
52.4844
52.4844
52.4844
44.6178
44.6178
44.6178
52.4844
52.4844
57.316
57.316
57.316
57.316
57.316
57.316
57.316
63.8366
63.8366
63.8366
63.8366
63.8366
57.316
63.8366
63.8366
63.8366
54.1047
54.1047
54.1047
54.1047
54.1047
63.9618
63.9618
63.9618
58.6607
57.3321
57.3321
57.3321
57.3321
57.3321
57.3321
57.3321
57.3321
54.8035
54.8035
54.8035
54.8035
54.8035
54.8035
54.8035
54.8035
54.8035
54.8035
83.6469
83.6469
83.6469
73.3939
45.3008
45.3008
45.3008
45.3008
45.3008
45.3008
45.3008
45.3008
45.3008
45.3008
45.3008
45.3008
45.3008
45.3008
45.3008
45.3008
45.3008
45.3008
45.3008
45.3008
45.3008
45.3008
45.3008
45.3008
45.3008
45.3008
45.3008
45.2314
45.2314
45.2314
45.2314
45.2314
45.2314
45.2314
45.2314
45.2314
45.2314
45.2314
45.2314
45.2314
45.2314
45.6673
45.6673
45.6673
45.6673
45.6673
45.6673
45.6673
44.6702
44.6702
44.6702
44.6702
44.6702
44.6702
44.6702
44.6702
44.6702
44.6702
44.6702
44.6702
44.6702
44.6702
44.6702
44.6702
44.6702
44.6702
44.6702
44.6702
44.6702
44.6702
44.6702
44.6702
44.6702
44.6702
44.6702
44.6702
44.6702
44.6702
44.6702
44.6702
44.6702
44.6702
44.6702
44.6702
55.247
55.247
55.247
55.247
55.247
55.247
55.247
85.9645
64.9764
64.9764
44.6702
44.6702
44.0232
44.0232
44.0232
44.0232
44.0232
44.0232
44.0232
44.0232
44.0232
44.0232
44.0232
44.0232
44.0232
44.0232
44.0232
44.0232
44.0232
44.0232
44.0232
44.0232
44.0232
44.0232
44.0232
44.0232
44.0232
44.0232
44.0232
44.0232
44.0232
44.0232
44.0232
44.0232
44.0232
44.0232
44.0232
44.0232
45.3188
45.3188
45.3188
45.3188
45.3188
45.3188
45.3188
45.3188
45.3188
45.3188
43.1827
43.1827
43.1827
43.1827
43.1827
43.1827
43.1827
43.1827
43.1827
43.1827
43.1827
43.1827
43.1827
43.1827
43.1827
43.1827
43.1827
43.1827
43.1827
43.1827
43.1827
43.1827
43.1827
43.1827
43.1827
43.1827
43.1827
43.1827
43.1827
40.8822
40.8822
40.8822
40.8822
40.8822
40.8822
40.8822
40.8822
40.8822
40.8822
40.8822
40.8822
40.8822
40.8822
40.8822
40.8822
40.8822
40.8822
40.8822
40.8822
40.8822
40.8822
43.1723
43.1723
43.1723
43.1723
43.1723
43.1723
43.1723
43.1723
43.1723
43.1723
43.1723
43.1723
43.1723
43.1723
43.1723
43.1723
43.1723
43.1723
31.6199
31.6199
31.6199
31.6199
31.6199
31.6199
31.6199
31.6199
31.6199
31.6199
31.6199
31.6199
31.6199
31.6199
31.6199
31.6199
31.6199
31.6199
31.6199
31.6199
31.6199
31.6199
31.6199
31.6199
31.6199
31.6199
31.6199
56.3514
56.3514
56.3514
56.3514
56.3514
56.3514
56.7322
57.0809
52.5588
52.5588
47.6396
47.6396
47.6396
47.6396
47.6396
47.6396
47.6396
47.6396
47.6396
31.6199
31.6199
47.6396
47.6396
43.9507
43.9507
43.9507
43.9507
43.9507
38.1606
38.1606
37.3751
37.3751
37.3751
36.4272
36.4272
36.4272
36.4272
36.4272
36.4272
36.4272
36.4272
36.4272
36.4272
38.1606
38.1606
38.1606
38.1606
38.1606
38.1606
38.1606
42.9652
42.9652
42.9652
42.9652
42.9652
42.9652
42.9652
42.9652
42.9652
42.9652
42.9652
42.9652
42.9652
42.9652
42.9652
42.9652
42.9652
42.9652
42.9652
42.9652
42.9652
43.2718
43.2718
47.9074
47.9074
47.9074
47.9074
47.9074
47.9074
47.9074
40.5419
40.5419
40.5419
40.5419
40.5419
40.5419
40.5419
40.5419
40.5419
40.5419
40.5419
40.5419
40.5419
40.5419
40.5419
40.5419
40.5419
47.9074
47.9074
47.9074
47.9074
47.9074
47.9074
47.9074
47.9074
47.9074
47.9074
47.9074
47.9074
48.8541
48.8541
48.8541
48.8541
48.8541
48.8541
48.8541
48.8541
48.8541
48.8541
48.8541
48.8541
48.8541
48.8541
48.8541
48.8541
48.8541
48.8541
48.8541
48.8541
48.8541
48.8541
48.8541
48.8541
48.8541
48.8541
48.8541
48.8541
48.8541
47.6632
47.6632
47.6632
48.8541
48.8541
48.8541
48.8541
48.8541
48.8541
48.8541
48.8541
48.8541
50.9515
50.9515
50.9515
50.9515
57.0809
57.0809
57.0809
57.0809
47.7484
47.7484
39.8188
39.8188
39.8188
57.0809
57.0809
47.526
47.526
43.1258
43.1258
43.1258
43.1258
43.1258
43.1258
43.1258
43.1258
43.1258
43.1258
43.1258
43.1258
43.1258
43.1258
43.1258
41.6219
41.6219
41.6219
41.6219
41.6219
41.6219
41.6219
41.6219
41.6219
41.6219
41.6219
41.6219
43.1258
43.1258
43.1258
43.1258
43.1258
43.1258
43.1258
43.1258
40.3727
40.3727
40.3727
40.3727
40.3727
40.3727
40.3727
40.3727
40.3727
40.3727
40.3727
40.3727
40.3727
40.3727
40.3727
40.3727
40.3727
40.3727
40.3727
40.3727
40.3727
40.3727
40.3727
40.3727
39.2145
39.2145
39.2145
39.2145
39.2145
39.2145
39.2145
39.2145
42.4114
42.4114
42.4114
42.4114
42.4114
42.4114
42.4114
42.4114
42.4114
42.4114
43.1258
43.1258
43.1258
43.1258
43.1258
43.1258
43.1258
43.1258
41.3863
41.3863
41.3863
41.3863
41.3863
41.3863
38.634
38.634
38.634
38.634
38.634
38.634
38.634
37.3388
37.3388
37.3388
37.3388
37.3388
37.3388
37.3388
37.3388
37.3388
37.3388
37.3388
37.3388
37.3388
37.3388
37.3388
37.3388
37.3388
37.3388
37.3388
37.3388
37.3388
37.3388
37.3388
37.3388
37.3388
37.3388
37.3388
37.3388
37.3388
37.3388
37.3388
37.3388
37.3388
37.3388
37.3388
37.3388
37.3388
37.3388
37.3388
37.3388
37.3388
37.3388
37.3388
37.3388
37.3388
37.3388
37.3388
37.3388
37.3388
37.3388
37.3388
37.3388
37.3388
37.3388
37.3388
37.3388
37.3388
37.3388
37.3388
37.3388
37.3388
37.3388
37.3388
37.3388
37.3388
37.3388
37.3388
37.3388
37.3388
37.3388
37.3388
37.3388
37.3388
37.3388
37.3388
37.3388
37.3388
37.3388
37.3388
37.3388
37.3388
37.3388
37.3388
37.3388
37.3388
37.3388
37.3388
37.3388
37.3388
37.3388
37.3388
37.3388
37.3388
37.3388
37.3388
37.3388
37.3388
37.3388
37.3388
37.3388
37.3388
37.3388
37.3388
37.3388
37.3388
37.3388
37.3388
37.3388
37.3388
37.3388
37.3388
37.3388
37.3388
37.3388
37.3388
37.3388
37.3388
37.3388
37.3388
37.3388
37.3388
37.3388
37.3388
37.3388
37.3388
37.3388
37.3388
37.3388
37.3388
37.3388
37.3388
37.3388
37.3388
37.3388
37.3388
42.5587
42.5587
42.5587
42.5587
42.5587
42.5587
42.5587
42.5587
42.5587
40.7936
40.7936
40.7936
40.7936
40.7936
40.7936
40.7936
40.7936
40.7936
40.7936
40.7936
40.7936
40.7936
40.7936
40.7936
40.7936
40.7936
42.5587
42.5587
42.5587
42.5587
42.5587
42.5587
42.5587
42.5587
42.5587
42.5587
42.5587
42.5587
42.5587
43.2131
43.2131
43.2131
43.2131
43.2131
43.2131
43.2131
43.2131
43.2131
43.2131
41.4732
41.4732
41.4732
41.4732
41.4732
41.4732
43.2131
43.2131
43.2131
43.2131
43.2131
43.2131
43.2131
43.2131
43.2131
43.2131
43.2131
43.2131
44.7157
44.7157
44.7157
45.7123
45.7123
45.7123
45.7123
43.2933
43.2933
43.2933
43.2933
43.2933
43.2933
45.0817
45.0817
45.0817
45.0817
43.2933
43.2933
43.2933
43.2933


2.74224
-0.402692
0.332804
1.40522
1.95029
-0.00961333
-0.115207
-0.19303
2.92535
-0.328837
0.966063
-0.0437941
1.07746
-0.137486
1.39332
-0.164342
-1.39149
-0.0639363
-0.751823
1.35578
0.116123
-0.797906
1.10645
0.791803
-3.68862
-0.905942
0.104221
2.76391
0.721
-2.87317

0.027

