1221.18
1221.18
1221.18
1221.18
2529.81
2529.81
127.735
482.296
482.296
81.4784
81.4784
81.4784
81.4784
482.296
482.296
482.296
482.296
482.296
489.066
489.066
489.066
489.066
489.066
489.066
489.066
489.066
489.066
489.066
489.066
496.374
496.374
42370.4
42370.4
42370.4
42370.4
42370.4
42370.4
8784.6
8784.6
924.575
924.575
286.423
286.423
286.423
286.423
286.423
62.1855
62.1855
62.1855
62.1855
62.1855
62.1855
62.1855
62.1855
87.7881
87.7881
87.7881
87.7881
87.7881
87.7881
87.7881
872.175
872.175
872.175
59488.9
59488.9
59488.9
114.611
467.418
467.418
1060.92
8845.4
8845.4
8845.4
8845.4
92.2994
92.2994
92.2994
92.2994
92.2994
92.2994
92.2994
92.2994
92.2994
92.2994
92.2994
49.5268
49.5268
49.5268
43.162
43.162
43.162
124.399
124.399
124.399
124.399
124.399
231.029
231.029
2775.76
2775.76
2775.76
2775.76
2775.76
2775.76
2775.76
2775.76
2775.76
474.293
474.293
474.293
474.293
474.293
474.293
474.293
474.293
474.293
474.293
474.293
46744.3
46744.3
46744.3
46744.3
46744.3
46744.3
46744.3
1.00651e+06
1.00651e+06
455984
455984
455984
1.42679e+06
1.42679e+06
1.42679e+06
1.42679e+06
1.42679e+06
1.42679e+06
1.42679e+06
23466.6
23466.6
23466.6
57803.4
57803.4
5343.18
5343.18
5343.18
5343.18
5343.18
5343.18
5343.18
5343.18
5343.18
5343.18
5343.18
5343.18
5343.18
5343.18
5343.18
5343.18
57803.4
57803.4
57803.4
57803.4
57803.4
57803.4
57803.4
57803.4
57803.4
57803.4
57803.4
57803.4
57803.4
57803.4
57803.4
57803.4
57803.4
57803.4
57803.4
57803.4
57803.4
57803.4
93051.8
93051.8
93051.8
93051.8
215568
215568
215568
1172.89
1172.89
1172.89
1172.89
1172.89
1172.89
1172.89
1172.89
1172.89
1172.89
1172.89
1172.89
1172.89
1172.89
1172.89
1172.89
1172.89
1172.89
1172.89
1172.89
1172.89
1172.89
1172.89
1172.89
13316.7
570.774
570.774
570.774
570.774
570.774
570.774
570.774
570.774
570.774
327.601
249.836
249.836
249.836
249.836
249.836
249.836
249.836
249.836
249.836
249.836
249.836
249.836
249.836
249.836
249.836
249.836
249.836
249.836
249.836
249.836
249.836
249.836
249.836
99.3341
249.836
249.836
249.836
249.836
249.836
249.836
249.836
249.836
249.836
249.836
249.836
249.836
249.836
10599.3
10599.3
6925.26
6925.26
6925.26
19379.9
19379.9
19379.9
1.23712e+06
24719.3
24719.3
24719.3
9238.12
9238.12
1609.16
1609.16
1609.16
1609.16
1609.16
1609.16
1609.16
3734.33
3734.33
3734.33
3734.33
3734.33
3734.33
3734.33
3734.33
3734.33
3734.33
3734.33
3734.33
3734.33
3734.33
3734.33
3734.33
3734.33
3734.33
3734.33
69282.4
69282.4
889.36
889.36
889.36
889.36
889.36
889.36
889.36
889.36
11949
11949
236.042
236.042
236.042
236.042
1496.26
1496.26
1496.26
810.415
810.415
810.415
810.415
810.415
810.415
810.415
810.415
810.415
810.415
800.442
800.442
483.634
810.415
810.415
810.415
810.415
164.746
164.746
528.366
794.305
794.305
16845.5
16845.5
16845.5
64179.2
64179.2
35503.1
35503.1
115810
843.424
843.424
843.424
843.424
843.424
843.424
4661.33
4661.33
4661.33
4661.33
15939
15939
15939
15939
15939
15939
15939
15939
15939
2227.45
499634
499634
338781
232579
232579
138388
17303.8
138388
138388
138388
138388
138388
138388
138388
138388
138388
138388
138388
138388
138388
138388
518979
13697.4
13697.4
13697.4
13697.4
13697.4
2617.78
2617.78
2617.78
508.43
508.43
508.43
2617.78
2617.78
2617.78
5843.01
5843.01
5843.01
5843.01
6046.39
6046.39
6046.39
6046.39
251.176
251.176
251.176
251.176
251.176
251.176
251.176
251.176
251.176
251.176
251.176
52.3117
52.3117
52.3117
52.3117
52.3117
52.3117
52.3117
52.3117
52.3117
52.3117
52.3117
52.3117
52.3117
48.9655
48.9655
62.1235
3555.75
3555.75
3555.75
3555.75
3555.75
60.8522
60.8522
60.8522
60.8522
58.1444
58.1444
842.261
842.261
431.425
431.425
431.425
395.558
395.558
395.558
395.558
842.261
163.49
163.49
163.49
163.49
163.49
163.49
163.49
163.49
163.49
163.49
215.325
215.325
215.325
97.3119
97.3119
215.325
215.325
215.325
215.325
57.7581
55.3377
62.8642
61.8221
61.8221
61.8221
61.8221
167.781
167.781
167.781
167.781
167.781
167.781
167.781
167.781
167.781
167.781
242.033
242.033
59.0554
59.0554
112.916
112.916
112.916
112.916
57.2728
57.2728
57.2728
57.2728
57.2728
57.2728
57.2728
57.2728
57.2728
57.2728
57.2728
52.7555
52.7555
52.7555
52.7555
52.7555
52.7555
52.7555
60.1102
60.1102
60.1102
60.1102
60.1102
60.1102
60.1102
60.1102
60.1102
60.1102
60.1102
60.1102
60.1102
60.1102
60.1102
60.1102
60.1102
60.1102
60.1102
60.1102
60.1102
60.1102
60.1102
55.9571
60.3025
51.758
51.758
51.758
51.758
51.758
51.758
51.758
51.758
51.758
51.758
53.6153
53.6153
53.6153
49.1564
49.1564
42.6438
42.6438
42.6438
42.6438
42.6438
42.6438
42.6438
42.6438
42.6438
42.6438
42.6438
42.6438
43.6812
43.6812
43.6812
43.6812
43.6812
43.6812
43.6812
43.6812
43.6812
43.6812
41.2458
41.2458
41.2458
41.2458
41.2458
41.2458
41.2458
41.2458
41.2458
41.2458
41.2458
41.2458
41.2458
41.2458
41.2458
41.2458
41.2458
41.2458
55.9266
55.9266
55.9266
54.6961
54.6961
58.8316
58.8316
58.8316
46.3079
46.3079
46.3079
46.3079
46.3079
46.3079
46.3079
46.3079
46.3079
48.825
48.825
48.825
48.825
48.825
48.9266
48.9266
45.2061
45.2061
45.2061
45.2061
50.3743
50.3743
50.3743
50.3743
56.5385
56.5385
56.5385
53.1387
53.1387
53.1387
53.1387
50.0117
50.0117
50.0117
50.0117
50.0117
50.0117
53.1387
53.1387
1069.83
1069.83
58.8992
58.8992
58.8992
58.8992
58.8992
58.8992
54.7849
54.7849
54.7849
54.7849
52.9611
52.9611
52.9611
52.9611
52.9611
52.9611
52.9611
52.9611
52.9611
52.9611
52.9611
342.413
342.413
53.4076
53.4076
53.4076
53.4076
53.4076
53.4076
53.4076
53.4076
53.4076
53.4076
53.4076
119.224
119.224
119.224
88.7391
119.224
60.4809
60.4809
60.4809
59.2051
43.5102
43.5102
101.917
101.917
81.1992
81.1992
81.1992
101.917
101.917
101.917
87.349
87.349
87.349
193.816
193.816
193.816
193.816
69.2239
69.2239
557.267
557.267
557.267
557.267
557.267
842.981
842.981
138.806
138.806
138.806
138.806
138.806
138.806
69.0527
69.0527
53.157
53.157
53.157
326.083
326.083
326.083
326.083
80.8386
80.8386
80.8386
80.8386
80.8386
80.8386
80.8386
80.8386
80.8386
80.8386
80.8386
80.8386
80.8386
80.8386
233.165
50.3787
50.3787
50.3787
230.494
230.494
230.494
230.494
230.494
230.494
230.494
399.373
651.457
651.457
503.713
503.713
503.713
503.713
503.713
162.505
162.505
162.505
162.505
162.505
162.505
162.505
162.505
162.505
162.505
162.505
162.505
162.505
162.505
162.505
162.505
658.355
93.379
93.379
93.379
93.379
93.379
93.379
1078.53
783.862
783.862
783.862
783.862
783.862
783.862
783.862
783.862
1155.87
1155.87
88.7381
88.7381
88.7381
67.2144
67.2144
67.2144
50.6985
50.6985
50.6985
50.6985
50.6985
50.6985
50.6985
50.6985
50.6985
50.6985
50.6985
50.6985
50.6985
50.6985
50.6985
50.6985
50.6985
50.6985
47.0936
47.0936
47.0936
47.0936
47.0936
47.0936
47.0936
47.0936
47.0936
82.061
82.061
82.061
82.061
82.061
82.061
82.061
82.061
82.061
82.061
82.061
82.061
82.061
82.061
82.061
82.061
724.047
164.549
5072.49
799.911
799.911
799.911
799.911
799.911
799.911
243.883
243.883
243.883
243.883
799.911
799.911
799.911
799.911
799.911
799.911
716.017
716.017
716.017
716.017
716.017
716.017
716.017
1215.87
1215.87
1215.87
1428.37
1428.37
1428.37
222.201
222.201
222.201
222.201
222.201
222.201
222.201
222.201
222.201
222.201
114.489
114.489
222.201
85.9535
85.9535
85.9535
85.9535
85.9535
95.0483
95.0483
95.0483
95.0483
95.0483
82.7903
82.7903
82.7903
82.7903
82.7903
82.7903
82.7903
298.903
115.829
115.829
115.829
57.2935
57.2935
57.2935
57.2935
50.9542
50.9542
50.9542
50.9542
50.9542
50.9542
50.9542
50.9542
57.2935
47.8854
47.8854
47.8854
47.8854
47.8854
47.8854
47.8854
47.8854
47.8854
65.0154
65.0154
65.0154
65.0154
65.0154
65.0154
65.0154
65.0154
65.0154
65.0154
65.0154
65.0154
123.439
123.439
123.439
123.439
123.439
123.439
75.6953
75.6953
75.6953
75.6953
75.6953
75.6953
75.6953
75.6953
75.6953
75.6953
75.6953
75.6953
64.7912
64.7912
123.439
123.439
123.439
213.831
213.831
213.831
147.753
147.753
147.753
147.753
147.753
147.753
147.753
147.753
97.944
97.944
97.944
97.944
76.076
76.076
76.076
97.944
97.944
97.944
97.944
130.608
130.608
358.211
358.211
358.211
358.211
358.211
100.388
100.388
100.388
143.322
143.322
62.1089
56.6622
139.763
139.763
358.211
358.211
358.211
358.211
358.211
358.211
358.211
189.193
189.193
189.193
189.193
189.193
189.193
189.193
189.193
189.193
189.193
189.193
218.641
218.641
218.641
218.641
218.641
218.641
129.037
129.037
129.037
129.037
129.037
174.931
78.6664
78.6664
78.6664
78.6664
78.6664
78.6664
78.6664
78.6664
78.6664
174.931
174.931
63.3365
63.3365
63.3365
63.3365
63.3365
63.3365
63.3365
50.0022
50.0022
50.0022
46.2185
46.2185
46.2185
46.2185
63.3365
63.3365
48.7445
48.7445
48.7445
48.7445
48.7445
48.7445
48.7445
48.7445
48.7445
48.7445
48.7445
48.7445
48.7445
48.7445
48.7445
48.7445
48.7445
48.7445
48.7445
48.7445
48.7445
48.7445
48.7445
66.9073
66.9073
65.9172
65.9172
65.9172
65.9172
65.9172
122.304
122.304
102.249
102.249
102.249
102.249
102.249
102.249
102.249
49.188
49.188
49.188
49.188
49.188
49.188
49.188
49.188
49.188
49.188
49.188
49.188
49.188
49.188
49.0121
49.0121
49.0121
49.0121
49.0121
49.0121
48.3639
48.3639
48.3639
48.3639
48.3639
48.3639
48.3639
48.3639
48.3639
48.3639
48.3639
48.3639
48.3639
48.3639
48.3639
48.3639
48.3639
48.3639
43.9877
43.9877
43.9877
43.9877
43.9877
43.9877
43.9877
43.9877
43.9877
43.9877
43.9877
43.9877
43.9877
43.9877
43.9877
43.9877
43.9877
43.9877
38.7136
38.7136
38.7136
38.7136
38.7136
38.7136
38.7136
38.7136
38.7136
38.7136
38.7136
57.1053
102.717
46.7709
46.7709
46.7709
46.7709
46.7709
46.7709
46.7709
57.4705
57.4705
57.4705
57.4705
57.4705
57.4705
66.9007
66.9007
3525.21
475.916
3880.45
3880.45
3880.45
3880.45
3880.45
6745.15
6745.15
6745.15
250.542
250.542
250.542
250.542
314.675
314.675
314.675
314.675
314.675
314.675
54.9435
54.9435
171.884
171.884
171.884
171.884
171.884
171.884
171.884
171.884
171.884
171.884
171.884
171.884
171.884
171.884
171.884
171.884
171.884
171.884
171.884
171.884
171.884
171.884
171.884
58.188
58.188
58.188
52.4229
52.4229
52.4229
55.0122
55.0122
47.2299
47.2299
47.2299
47.2299
47.2299
47.2299
47.2299
47.2299
47.2299
47.2299
47.2299
47.2299
47.2299
47.2299
47.2299
52.7064
52.7064
52.7064
52.7064
52.7064
52.7064
52.7064
52.7064
52.7064
52.7064
52.7064
54.1873
54.1873
49.7436
49.7436
49.7436
49.7436
49.7436
49.7436
49.7436
49.7436
51.2564
51.2564
51.2564
42.2682
49.8416
47.4742
47.4742
47.6816
47.6816
47.6816
47.6816
47.6816
47.6816
47.6816
47.6816
47.6816
47.6816
48.3294
48.3294
48.3294
44.6858
41.5394
41.5394
41.5394
41.6206
41.6206
41.6206
41.6206
41.6206
45.2557
47.2874
47.2874
47.2874
47.2874
47.2874
47.2874
47.6198
47.6198
44.8275
44.8275
43.6376
46.7244
46.7244
46.7244
44.4946
44.4946
44.4946
44.4946
44.4946
44.4946
43.1911
43.1911
43.1911
43.1911
43.1911
43.1911
44.4946
44.4946
44.4946
44.4946
44.4946
44.4946
44.4946
46.2871
46.2871
46.2871
45.4141
45.4141
45.4141
45.4141
45.4141
45.4141
45.4141
45.4141
45.4141
45.4141
45.9594
45.9594
51.014
51.014
51.014
51.014
47.2631
47.2631
47.2631
37.1146
37.1146
37.1146
37.1146
37.1146
37.1146
37.1146
37.1146
37.1146
37.1146
43.2972
43.2972
43.2972
46.0011
46.0011
46.2828
44.306
41.3347
41.3347
41.3347
41.3347
41.3347
41.3347
41.3347
41.3347
41.3347
41.3347
41.3347
41.3347
41.3347
41.3347
41.3347
41.3347
41.3347
41.3347
41.3347
41.3347
40.506
40.506
40.506
40.506
40.506
40.506
40.506
40.506
40.506
40.506
53.8126
53.8126
48.0477
48.0477
46.3075
46.3075
46.3075
46.3075
43.5421
41.9267
41.9267
41.9267
41.9267
41.9267
41.9267
44.1315
44.1315
44.1315
44.1315
44.1315
44.1315
44.1315
35.2333
35.2333
35.2333
35.2333
35.2333
35.2333
35.2333
35.2333
47.2005
47.2005
47.2005
47.2005
49.3492
49.3492
49.3492
49.3492
49.3492
49.3492
49.3492
49.3492
49.3492
49.3492
49.3492
49.3492
49.3492
49.3492
51.5244
51.5244
51.5244
51.5244
52.8287
52.8287
52.8287
52.8287
52.8287
52.8287
52.8287
52.8287
52.8287
52.8287
52.8287
47.9479
47.9479
47.9479
43.7791
43.7791
43.7791
43.7791
43.7791
43.7791
43.5854
43.6499
43.6499
47.1413
47.1413
47.1413
45.9064
45.9064
45.9064
45.9064
45.9064
45.9064
45.9064
47.6876
47.6876
47.6876
47.6876
47.6876
47.6876
49.8313
39.6009
38.6175
38.6175
38.6175
38.6175
42.9387
42.9387
42.9387
42.9387
42.9387
42.9387
42.9387
42.9387
42.9387
42.9387
42.9387
36.7022
36.7022
36.7022
37.6333
37.6333
36.553
36.553
36.553
36.553
36.553
36.553
36.553
36.553
36.553
36.553
36.553
36.553
36.553
36.553
36.553
36.553
36.553
36.553
36.553
36.553
36.553
36.553
44.221
42.1096
42.1096
42.1096
42.1096
42.1096
42.1096
42.1096
42.1586
42.1586
42.1586
43.2875
43.2875
37.6125
37.6125
37.6125
37.6125
33.9949
33.9949
33.9949
33.9949
33.9949
33.9949
33.9949
37.6125
40.2158
36.3442
36.3442
36.3442
36.3442
36.3442
36.3442
36.3442
36.3442
37.6743
38.5296
38.5296
38.5296
38.5296
38.5296
38.5296
38.5296
38.5296
38.5296
38.5296
38.5296
38.5296
37.29
37.29
42.8058
42.8058
42.8058
42.8058
43.3455
43.25
43.25
43.25
46.032
46.032
46.032
46.032
46.032
42.5747
38.3151
38.3151
38.3151
38.3151
38.3151
42.9089
41.515
41.515
41.515
40.8562
40.8562
40.8562
40.8562
40.8562
40.8562
40.8562
40.503
40.503
41.8886
41.8886
41.8886
41.8886
39.3573
39.3573
39.3573
39.3573
39.3573
36.661
36.661
36.661
36.661
34.8775
34.8775
34.8775
34.8775
34.8775
34.8775
34.8775
34.8775
38.2727
38.2727
38.2727
38.2727
38.2727
36.0729
36.0729
36.0729
36.0729
36.0729
36.0729
36.0729
36.0729
36.0729
36.0729
36.0729
31.0489
31.0489
31.0489
31.0489
32.6994
32.6994
32.6994
32.6994
32.6994
32.6994
33.6595
33.6595
33.6595
33.6595
33.6595
33.6595
33.6595
33.6595
33.6595
33.6595
24.4319
24.4319
24.4319
31.1741
31.1741
33.4837
33.6595
33.6595
31.6443
31.6443
31.6443
31.6443
31.6443
31.6443
31.6443
31.6443
31.6443
31.6443
31.6443
35.6859
35.6859
28.1817
28.1817
28.1817
27.8045
27.8045
27.8045
27.8045
27.8045
27.8045
27.8045
27.8045
27.8045
27.8045
27.8045
27.8045
27.8045
27.8045
37.7697
37.7697
37.7697
40.615
38.4701
38.4701
36.5987
36.5987
36.5987
36.5987
34.5922
34.5922
34.5922
34.5922
34.5922
34.5922
34.5922
34.5922
36.5987
39.5601
39.5601
39.2613
39.2613
41.6948
41.6948
41.6948
41.6948
41.6948
41.6948
41.6948
41.6948
41.6948
43.6574
32.6853
32.6853
32.6853
32.6853
32.6853
31.4829
31.4829
31.4829
31.4829
31.4829
31.4829
31.4829
31.4829
31.4829
31.4829
31.4829
31.4829
31.4829
31.4829
31.4829
35.9346
35.9346
35.9346
35.9346
35.9346
35.9346
35.9346
35.9346
35.9346
35.9346
35.9346
35.9346
35.9346
35.9346
35.9346
35.9346
35.9346
35.9346
35.9346
35.9346
35.9346
35.9346
35.9346
35.9346
35.9346
35.9346
35.9346
35.9346
35.9346
35.9346
35.9346
35.9346
35.9346
35.9346
35.9346
35.9346
35.9346
35.9346
35.9346
35.9346
35.9346
35.9346
35.9346
33.3622
33.3622
33.3622
33.9592
36.9362
36.9362
36.9362
36.6027
36.6027
36.6027
36.9362
36.9362
36.9362
36.9362
36.9362
35.2232
35.2232
35.2232
35.2232
35.2232
35.2232
35.2232
34.6843
34.6843
34.6843
34.0718
34.0718
34.0718
39.2441
39.2441
39.2441
39.2441
39.2441
39.2441
39.2441
39.2441
39.2441
39.2441
39.2441
39.2441
39.2441
37.4624
37.4624
37.4624
37.4624
38.6157
43.9688
43.9688
43.9688
43.8491
37.6318
37.6318
37.6318
37.6318
37.6318
37.6318
37.6318
37.6318
37.6318
37.6318
37.6318
37.6318
33.8521
33.8521
36.5814
36.5814
37.4177
37.4177
37.4177
37.4177
37.4177
37.4177
37.4177
37.4177
37.4177
37.4177
37.4177
34.4636
34.2589
34.4636
34.4636
34.4636
34.4636
37.6318
33.4111
33.4111
33.4111
33.4111
33.4111
33.4111
33.4111
33.4111
33.4111
33.4111
33.4111
33.4111
33.4111
32.967
36.6121
36.6121
36.6121
36.6121
36.6121
36.6121
36.6121
36.6121
36.6121
37.81
35.3575
35.3575
38.8214
38.8214
38.8214
38.8214
38.8214
38.8214
38.8214
32.3225
30.7218
30.7218
31.8744
31.8744
31.8744
38.5269
38.5269
38.5269
38.5269
38.5269
38.5269
38.5269
38.5269
38.5269
38.3471
38.3471
38.3471
38.3471
36.2734
36.2734
36.2734
34.3193
34.3193
34.3193
34.3193
34.3193
34.3193
34.3193
34.3193
36.1257
36.1257
36.1257
36.1257
36.1257
36.1257
36.1257
36.1257
36.1257
38.3471
38.3471
38.3471
38.3471
38.3471
38.3471
38.3471
39.9525
39.9525
39.9525
39.9525
39.9525
39.9525
39.9525
39.9525
39.9525
39.9525
39.9655
39.9655
37.387
33.1672
30.9919
30.9919


0.782037
0.486312
0.486312
0.486312
0.486312
0.192419
0.192419
0.192419
0.192419
-0.494247
-0.480514
-1.12995
0.278481
-1.03931
2.33848
0.672781
-0.62273
4.05057
-1.78182
-0.331889
0.834223
-1.99087
0.782037
-0.454573
-1.11225
0.0526444
0.0526444
-0.454573
1.19831
0.782037

0.022

