407208
407208
407208
269246
269246
269246
269246
269246
269246
269246
219473
219473
219473
219473
219473
110220
110220
110220
110220
134937
134937
116879
116879
116879
104704
104704
96792.8
78330
78330
78330
78330
78330
73355.3
82566.5
82566.5
82566.5
82566.5
82566.5
82566.5
82566.5
82566.5
82566.5
82566.5
82566.5
86880.7
86880.7
86880.7
86880.7
86880.7
86880.7
86880.7
86880.7
86880.7
86880.7
86880.7
52920.9
52920.9
52920.9
52920.9
52450.6
52450.6
52450.6
52450.6
52450.6
38784.1
38784.1
38784.1
38784.1
56170.1
56170.1
56170.1
46938.3
46938.3
46938.3
47464.9
47464.9
40594.2
41561
41561
41561
57909.6
57909.6
57909.6
57909.6
57909.6
57909.6
57909.6
57909.6
57909.6
57909.6
57909.6
57909.6
57909.6
57909.6
57909.6
57909.6
57909.6
48564.5
48564.5
48564.5
41547.6
41547.6
41547.6
41547.6
41547.6
27322.1
27322.1
27322.1
27322.1
27322.1
27322.1
27322.1
27322.1
27322.1
27322.1
27322.1
39614.7
39614.7
39614.7
39614.7
39614.7
39614.7
39614.7
39614.7
39614.7
39614.7
39614.7
42223.6
42223.6
42223.6
42223.6
50376.2
50376.2
50376.2
50376.2
44482.4
43351.3
43351.3
43351.3
43351.3
43351.3
43351.3
43351.3
54001.6
54001.6
54001.6
54001.6
54001.6
54001.6
54001.6
54001.6
54001.6
54001.6
54001.6
41627.1
41627.1
41627.1
41627.1
45509.1
45509.1
45509.1
43918.8
43918.8
43918.8
43918.8
43918.8
43918.8
39982.7
39982.7
39982.7
39858.7
42875.9
42875.9
42875.9
49481.3
49481.3
49481.3
33095.5
33095.5
33095.5
33095.5
33095.5
33095.5
33095.5
28569.7
28569.7
28569.7
28569.7
28757.8
28757.8
28757.8
28757.8
33623.2
33623.2
32155.5
19185.3
19185.3
23455.9
23455.9
23455.9
23455.9
23455.9
23455.9
23455.9
23730.6
23730.6
23730.6
23730.6
23730.6
23730.6
23730.6
23730.6
23730.6
23730.6
23730.6
23730.6
23730.6
23730.6
23730.6
18041.7
18041.7
18381.7
22955.8
25965.8
25965.8
24473.9
24473.9
24473.9
24473.9
24473.9
24473.9
24473.9
24473.9
24473.9
22576.6
22576.6
22576.6
32538.5
32538.5
32538.5
32538.5
32538.5
32538.5
32538.5
32538.5
32538.5
24301.6
21079.7
21079.7
21079.7
21079.7
21079.7
21079.7
21079.7
21079.7
21079.7
21079.7
23080.9
23080.9
23080.9
23080.9
23080.9
23080.9
33793.7
33793.7
33793.7
33793.7
33793.7
33793.7
33793.7
33793.7
33793.7
33793.7
33793.7
33793.7
33793.7
28216.4
30023.6
30023.6
30023.6
30023.6
30023.6
26071.4
26071.4
26071.4
26071.4
26071.4
26071.4
26071.4
30023.6
30023.6
28135
28135
28135
28135
28135
28135
20718.2
20718.2
20718.2
20718.2
17821.1
17821.1
39251.5
39251.5
39251.5
39251.5
37938.4
37938.4
37938.4
37938.4
39251.5
39251.5
39251.5
39707.9
26041
26041
26041
26041
26041
26041
26041
38030.8
29489.9
31323.6
31323.6
31323.6
31323.6
31323.6
31323.6
31323.6
31323.6
31323.6
31323.6
31323.6
31040.6
31040.6
31040.6
28437.6
31040.6
31040.6
31040.6
31040.6
31040.6
31040.6
31040.6
31040.6
31040.6
31040.6
31040.6
31040.6
31040.6
31040.6
31040.6
31040.6
31040.6
31040.6
27898.8
27898.8
27898.8
27898.8
27898.8
27898.8
27898.8
27898.8
27898.8
27898.8
27898.8
27898.8
27898.8
27898.8
27898.8
24017.6
24017.6
24017.6
19531.8
19531.8
19531.8
19531.8
19531.8
19531.8
19531.8
19531.8
19531.8
19531.8
25055.5
25055.5
25055.5
25055.5
25055.5
25055.5
24526.8
24526.8
24526.8
24526.8
24526.8
24526.8
24526.8
24526.8
24526.8
24526.8
24526.8
24526.8
24526.8
24526.8
24526.8
24526.8
32008
32008
32008
26354.6
26354.6
32008
32008
32008
29297.2
29297.2
32955.2
32955.2
32955.2
32955.2
32955.2
32955.2
32955.2
32955.2
34729.4
37894.8
37522.5
35660
35660
35660
35660
35660
35660
35660
35660
35660
35660
35660
35660
35660
34712.2
34712.2
36114.6
36114.6
36114.6
36114.6
36114.6
36114.6
36114.6
36114.6
36114.6
36114.6
35823.5
35823.5
35823.5
35823.5
35823.5
35823.5
35823.5
35823.5
35823.5
35823.5
27259
27259
27259
27259
27259
27259
27259
29338.5
29338.5
25332
26255.6
26392.1
26392.1
26392.1
26392.1
26392.1
26392.1
26392.1
26392.1
26392.1
26392.1
26392.1
26392.1
26392.1
26392.1
26392.1
26392.1
26392.1
26392.1
26392.1
26392.1
27016.2
27016.2
27016.2
27016.2
27016.2
27016.2
27016.2
27016.2
27016.2
27016.2
23511.7
23511.7
16291.1
16291.1
16291.1
16291.1
16291.1
16291.1
16291.1
16291.1
16291.1
16291.1
16291.1
16291.1
16700.2
25276.6
29277.6
29277.6
29277.6
29277.6
29277.6
29277.6
29277.6
29277.6
29277.6
29277.6
29277.6
29277.6
29277.6
25885.7
25885.7
17346.9
17346.9
17346.9
21925.2
21925.2
21925.2
21924
21924
21924
21924
28938.4
28938.4
28938.4
28938.4
28938.4
28938.4
28938.4
28938.4
28938.4
28938.4
28938.4
28938.4
29709.4
34254.6
33534.9
35235.4
35235.4
35235.4
35235.4
35235.4
35235.4
35235.4
39152.2
39152.2
39152.2
39152.2
39152.2
39152.2
39152.2
36780.6
36780.6
36780.6
36780.6
30360.5
30360.5
30360.5
30360.5
30360.5
30360.5
30360.5
30360.5
30360.5
30360.5
30360.5
28559
28559
28559
28559
28559
20937
24510.7
24510.7
24510.7
24510.7
24510.7
24510.7
24510.7
24510.7
24510.7
24510.7
24510.7
24510.7
24510.7
30160.4
21748
22050.9
21514.2
21514.2
21514.2
31318.6
31318.6
31318.6
31318.6
28967.9
28967.9
28967.9
28967.9
28967.9
28967.9
31318.6
31318.6
31318.6
31318.6
26956.6
26956.6
28272.4
28272.4
33158
33158
33158
33158
33158
33158
33158
27659.1
24959.6
24959.6
24959.6
21325.8
21325.8
21325.8
21325.8
21325.8
21325.8
21325.8
21325.8
21325.8
21325.8
20516.8
20516.8
20516.8
24959.6
25239.7
25239.7
25239.7
25239.7
25239.7
25239.7
25239.7
25239.7
31927.4
31927.4
27997.5
27997.5
27997.5
30606.5
24641.9
19802.6
19802.6
19802.6
19802.6
19802.6
19802.6
18486.5
17947.7
17947.7
17947.7
17947.7
17947.7
17947.7
17947.7
24989.1
24989.1
24989.1
24989.1
33485.1
33485.1
33485.1
33485.1
33485.1
33485.1
33485.1
33485.1
33485.1
33485.1
33485.1
33485.1
33485.1
33485.1
33485.1
33485.1
33485.1
33485.1
33485.1
21497.6
21497.6
23367.9
25687
25687
25687
25687
25687
25687
25687
30068.1
30068.1
30068.1
34903.1
33367.1
33367.1
28317.1
28317.1
28317.1
28317.1
28317.1
28317.1
28317.1
28317.1
28317.1
28317.1
28317.1
26916.1
26916.1
26747.5
26747.5
26747.5
26747.5
26653.5
26653.5
26653.5
26653.5
26653.5
26653.5
26653.5
26653.5
26653.5
26653.5
26653.5
26653.5
27714.1
27714.1
27714.1
27714.1
27714.1
27714.1
27714.1
27714.1
27714.1
27714.1
27714.1
27714.1
26857.7
26857.7
26857.7
26857.7
26857.7
26857.7
26857.7
26857.7
28501.6
20171.8
20171.8
20171.8
20171.8
20171.8
20171.8
20171.8
28501.6
28501.6
28501.6
28501.6
29843.8
29843.8
29843.8
29079
29079
29079
20682.9
20682.9
20682.9
17497.1
17497.1
17497.1
17497.1
17497.1
17497.1
17497.1
17497.1
16429.7
16192.3
16192.3
16192.3
16192.3
16192.3
14923.9
16192.3
16192.3
17526.5
17526.5
17526.5
17526.5
17526.5
17526.5
17526.5
17526.5
17526.5
17526.5
17526.5
17526.5
17526.5
17526.5
17526.5
17526.5
17526.5
17526.5
17387.8
17387.8
17387.8
17387.8
17387.8
17387.8
17387.8
17387.8
22532.2
22532.2
22532.2
22532.2
22532.2
27260.5
25250.7
25250.7
25250.7
25250.7
20477
17630.2
17630.2
17630.2
17630.2
17630.2
17630.2
11639.5
11639.5
11639.5
11639.5
11639.5
11639.5
11639.5
12287
12287
12287
12287
12287
12287
12287
12287
12287
12287
12287
12287
12287
12287
12287
12287
12287
12287
12287
12287
12287
11813.4
11813.4
11813.4
16791.1
16791.1
16791.1
13071.2
17802.5
16468.1
16468.1
16468.1
16468.1
16468.1
16468.1
16468.1
16468.1
16468.1
16468.1
16468.1
16468.1
16468.1
16468.1
13535.3
16468.1
16468.1
16468.1
16401.9
16401.9
21391.2
21391.2
21391.2
21391.2
20955.7
20955.7
20955.7
20955.7
20955.7
20955.7
16254.4
24570.9
25303.3
25303.3
25303.3
25303.3
25303.3
23916.2
23916.2
23916.2
23916.2
23916.2
23916.2
23916.2
19279.1
19279.1
19279.1
19279.1
27252.8
17924.7
17924.7
17924.7
17924.7
20301.1
20301.1
19911.9
19911.9
19911.9
19911.9
19911.9
19911.9
19911.9
19911.9
26026.1
26026.1
26026.1
26026.1
26026.1
26026.1
26020.7
26020.7
26020.7
26020.7
16740.8
17715.4
26020.7
26020.7
26026.1
26026.1
26026.1
26026.1
26026.1
26026.1
26026.1
26026.1
26026.1
26026.1
26026.1
20863.8
20863.8
20863.8
20863.8
20863.8
24031.4
24031.4
22430.8
22430.8
18885.1
18885.1
18885.1
15215.9
15215.9
15215.9
15215.9
15215.9
16478.4
16478.4
16478.4
16478.4
16478.4
16478.4
16478.4
20840.8
20840.8
20840.8
20840.8
20840.8
20840.8
20840.8
20840.8
20840.8
20840.8
20840.8
20840.8
20840.8
20840.8
20840.8
25331.1
25331.1
25331.1
25331.1
25331.1
25331.1
25331.1
25331.1
25331.1
25331.1
25331.1
25331.1
25331.1
25331.1
25331.1
25331.1
25331.1
25331.1
25331.1
25331.1
25331.1
22682.9
25738.8
25738.8
25738.8
25738.8
32348.1
32348.1
32348.1
18365
18365
18365
18365
18365
20031.8
20031.8
20031.8
20031.8
20031.8
20031.8
20031.8
34416.6
23289.3
23289.3
23289.3
23289.3
23289.3
23289.3
23289.3
23289.3
23289.3
23289.3
23289.3
23289.3
23289.3
23289.3
23289.3
23289.3
23289.3
23269.8
23269.8
23269.8
23269.8
23269.8
23269.8
23269.8
23269.8
23269.8
23269.8
23269.8
23269.8
23289.3
18271.1
18271.1
18271.1
18271.1
18271.1
18271.1
18271.1
18271.1
18271.1
18271.1
11840.6
11840.6
11840.6
11840.6
11840.6
11840.6
11840.6
11840.6
11725.6
11725.6
11725.6
11725.6
11725.6
11725.6
11725.6
11725.6
11725.6
13767.2
13767.2
13767.2
13767.2
13767.2
13767.2
13767.2
13767.2
13767.2
13767.2
13767.2
13767.2
13767.2
13767.2
13767.2
13767.2
13767.2
13767.2
37912
37912
37912
37912
34372.7
34372.7
34372.7
34372.7
34372.7
34372.7
34372.7
34372.7
20196.3
20196.3
19974.3
19974.3
19974.3
19974.3
19974.3
19974.3
43005.9
43005.9
43005.9
43005.9
43005.9
46211.5
46211.5
46211.5
46211.5
46211.5
46211.5
46211.5
46211.5
37290.9
37290.9
37290.9
37290.9
37115.8
37290.9
35654.9
35654.9
35654.9
35654.9
35654.9
29394.8
29394.8
29394.8
29394.8
29394.8
19857.1
19857.1
19857.1
21510
21510
21510
21510
21510
21510
21419.5
21419.5
21419.5
26784.4
41242.1
41242.1
41242.1
41242.1
41242.1
38608.3
38608.3
29129
29129
29129
29129
26539.7
26539.7
26539.7
26539.7
26539.7
26539.7
26539.7
26539.7
26539.7
28080.5
28080.5
22371.2
22371.2
22371.2
22371.2
21520
21520
21520
21520
21520
21520
21520
21520
21520
21520
21520
21520
21520
21520
21520
21520
21520
21520
23017
18566.3
18566.3
18566.3
28062.9
24113.2
24113.2
24113.2
24113.2
24113.2
24113.2
24113.2
24113.2
24113.2
24113.2
24113.2
24113.2
24113.2
24113.2
24113.2
24113.2
24113.2
24113.2
24113.2
24113.2
24113.2
24113.2
24113.2
23633.4
23633.4
23633.4
23633.4
23633.4
23376.3
16988.8
16988.8
16988.8
16988.8
24113.2
24113.2
24113.2
17029.9
17029.9
17029.9
17029.9
24113.2
19299.9
22636.6
22636.6
24561.8
24561.8
24561.8
24561.8
24561.8
24561.8
24561.8
24561.8
24561.8
22426.5
22426.5
22426.5
17367.9
14819
14638.8
14638.8
16507.2
16507.2
16947.6
16947.6
16947.6
16947.6
16947.6
16947.6
16947.6
16947.6
28062.9
28062.9
28062.9
28062.9
28062.9
28062.9
27455.4
27455.4
27455.4
27455.4
27455.4
27455.4
27455.4
27455.4
27455.4
27455.4
27455.4
27455.4
27455.4
27455.4
27455.4
32557.7
32557.7
32557.7
32557.7
33264.9
33264.9
33264.9
33264.9
45519.8
39021.8
39021.8
39021.8
39021.8
39021.8
29546.2
29546.2
29546.2
31833.2
31833.2
31833.2
31833.2
31833.2
31833.2
31833.2
31833.2
28373
28373
28373
28373
28373
28373
28373
28373
25882.4
25882.4
21475.6
21475.6
19757.1
19757.1
25882.4
25882.4
25882.4
25882.4
25882.4
25882.4
25882.4
27480.7
25789.5
25789.5
25789.5
25789.5
25789.5
27480.7
27480.7
27480.7
27480.7
27480.7
27480.7
28379.3
28379.3
28379.3
28379.3
28379.3
22632.4
22632.4
22632.4
22632.4
22632.4
22632.4
22632.4
22632.4
22632.4
22632.4
22632.4
22632.4
27306.6
33472.7
29337.8
29337.8
24517.8
24517.8
24517.8
24517.8
24517.8
24517.8
24517.8
24517.8
24517.8
24517.8
24517.8
24517.8
25923.5
25923.5
25923.5
25923.5
25923.5
25923.5
25923.5
25923.5
25923.5
25923.5
25923.5
25923.5
24949.5
24949.5
27587.1
27587.1
27587.1
27123.4
27123.4
27123.4
27123.4
25398.4
25398.4
25398.4
25398.4
25398.4
25398.4
18341.1
18341.1
18341.1
18341.1
18341.1
18341.1
18341.1
18341.1
18341.1
18341.1
18341.1
18341.1
18341.1
18341.1
34266
34266
34266
34266
27877.6
27877.6
27877.6
27877.6
27877.6
27877.6
27877.6
27877.6
27877.6
27877.6
27877.6
29603.1
29603.1
29603.1
31987.2
31987.2
31987.2
31987.2
24961.8
25390.4
25390.4
25390.4
25390.4
25390.4
25390.4
25390.4
25390.4
25390.4
25390.4
25390.4
25390.4
25390.4
25390.4
25390.4
25390.4
25390.4
24577.9
24577.9
24577.9
24577.9
24577.9
24577.9
24577.9
24577.9
24577.9
25286
22753.7
22753.7
22753.7
20765.3
20765.3
23326.8
23326.8
23326.8
23326.8
23326.8
22055.8
22055.8
22055.8
19311.8
19311.8
19311.8
19311.8
19311.8
19311.8
19311.8
19311.8
19311.8
19311.8
19311.8
19311.8
19311.8
19311.8
19311.8
19311.8
19311.8
19311.8
19311.8
19311.8
19311.8
19311.8
21235.8
21235.8
21235.8
21235.8
21235.8
21235.8
21235.8
28866.2
14254
14254
14254
14254
14254
14254
14254
14254
14254
14254
14254
14254
14254
14254
14254
14823
14823
13278
13278
13278
13278
13278
13278
13278
13278
13278
13278
12414.2
12414.2
12253.7
12253.7
12253.7
12253.7
12253.7
12253.7
11430.5
11430.5
11430.5
11430.5
11430.5
11430.5
11430.5
11430.5
19554.5
15856.4
15856.4
15856.4
15856.4
15856.4
15856.4
15856.4
15856.4
15856.4
15856.4
15856.4
15856.4
14421.4
17163
17163
17163
15846.2
15846.2
15846.2
15846.2
15846.2
15846.2
11371.9
11371.9
11371.9
11371.9
11371.9
11371.9
8315.34
9315.85
9788.18
9788.18
9788.18
9788.18
9788.18
9788.18
9788.18
9788.18
9788.18
14044.9
14044.9
18864.6
18864.6
18864.6
18864.6
18864.6
18864.6
18864.6
18864.6
18864.6
18864.6
17913.7
17913.7
17913.7
17913.7
17913.7
14540
14540
10276.2
10276.2
10276.2
10276.2
10276.2
10276.2
10276.2
10276.2
10276.2
10276.2
10276.2
10276.2
10276.2
10276.2
10276.2
10276.2
11075.4
11075.4
11075.4
11075.4
11075.4
11075.4
11075.4
11075.4
10924.7
11075.4
16237.5
10229.1
20975.8
20975.8
20975.8
20975.8
20975.8
20975.8
20975.8
21249.5
21249.5
21249.5
21249.5
18911.6
18911.6
18911.6
17651.3
17651.3
17651.3
16155.6
16155.6
16155.6
16155.6
16155.6
16155.6
16155.6
16155.6
14634.9
14634.9
14634.9
14634.9
14634.9
14634.9
14634.9
14634.9
14634.9
15146
15146
15146
15146
15146
15146
15146
15146
15146
15146
13736.6
12460.8
12460.8
12460.8
12460.8
12460.8
12460.8
14096
11866.4
11866.4
11866.4
11866.4
14096
14096
14096
14096
14096
14085.8
14085.8
14085.8
14085.8
14085.8
14085.8
14085.8
16574.1
16574.1
16574.1
16574.1
16574.1
16368.4
16368.4
16368.4
16368.4
16368.4
16368.4
16368.4
16368.4
16368.4
16368.4
16881.3
16881.3
16881.3
16881.3
16881.3
16881.3
16881.3
16881.3
16881.3
16881.3
16881.3
16881.3
17595.3
21575.2
21575.2
21216.9
19303.2
19303.2
19303.2
19303.2
16045.3
16045.3
16045.3
16045.3
22355.9
22355.9
22355.9
22355.9
23383.9
23383.9
24328.8
24328.8
25187.2
26432.2
26432.2
26432.2
26432.2
26432.2
26432.2
26432.2
26432.2
26432.2
26432.2
26432.2
26432.2
26432.2
21421.2
31166
31166
33025.5
34268.9
28161.3
28161.3
28161.3
28161.3
28161.3
28161.3
28161.3
28161.3
28161.3
28161.3
28161.3
28161.3
28161.3
28161.3
28161.3
23792
23792
23792
23792
23792
23792
23792
23792
23792
23792
23792
21588.9
21588.9
21588.9
21588.9
18523.3
18523.3
18523.3
18523.3
18523.3
18523.3
18523.3
18523.3
18523.3
18523.3
18523.3
18523.3
18523.3
18523.3
18523.3
18523.3
18523.3
18523.3
18523.3
23018.1
19337.6
19337.6
19337.6
19337.6
19337.6
19337.6
19337.6
19337.6
19337.6
19337.6
19337.6
19337.6
19337.6
19337.6
19337.6
19337.6
19337.6
22787.9
22787.9
22787.9
22787.9
22787.9
22787.9
22787.9
22787.9
22787.9
22787.9
22787.9
27543.2
28240.4
28240.4
28240.4
28240.4
28240.4
28240.4
28240.4
28240.4
28240.4
28240.4
28240.4
28240.4
28240.4
28240.4
28240.4
28240.4
30302.5
30302.5
30302.5
30302.5
30302.5
30302.5
28187.1
28187.1
28187.1
29215.1
29215.1
34309.8
34309.8
34309.8
34309.8
34309.8
34309.8
34430.9
34430.9
35685.3
35685.3
40050.2
40050.2
40050.2
40050.2
40050.2
40050.2
22670.8
22670.8
24253
24253
17988.5
17988.5
17988.5
17988.5
17988.5
17988.5
17988.5
17988.5
17988.5
17988.5
18958.1
18958.1
18958.1
18958.1
30812.7
30812.7
30812.7
30812.7
30812.7
30812.7
30812.7
30812.7
30812.7
30812.7
30812.7
30812.7
30812.7
30812.7
30812.7
30812.7
30812.7
30812.7
30812.7
29402
29402
29402
26206.6
28504.9
28504.9
28504.9
29402
29402
29402
29402
29402
29402
29402
14110.7


2.2638
6.86785
1.30435
1.29378
2.41388
-2.44317
-0.613138
-3.81093
-9.72887
7.29887
2.33336
3.0683
-4.41966
-0.877361
-2.59932
-6.64722
3.8018
1.14303
-2.37365
-1.90459
1.3752
-3.1826
-1.87696
10.5829
-0.12679
-1.69275
5.8152
2.85642
-1.33546
2.42908

0.061

