433.626
433.626
433.626
406.508
406.508
406.508
406.508
406.508
363.429
363.429
363.429
363.429
341.814
341.814
341.814
341.814
341.814
341.814
341.814
341.814
341.814
341.814
341.814
341.814
341.814
341.814
341.814
341.814
341.814
341.814
341.814
341.814
341.814
337.12
337.12
337.12
337.12
337.12
337.12
337.12
337.12
337.12
337.12
337.12
337.12
337.12
337.12
337.12
337.12
296.502
296.502
296.502
296.502
296.502
296.502
296.502
296.502
296.502
296.502
296.502
296.502
296.502
296.502
296.502
296.502
296.502
296.502
296.502
296.502
296.502
296.502
260.66
260.66
260.66
260.66
260.66
260.66
260.66
260.66
260.66
260.66
260.66
260.66
260.66
260.66
260.66
260.66
260.66
260.66
260.66
260.66
260.66
260.66
260.66
260.66
260.66
260.66
260.66
260.66
260.66
260.66
260.66
260.66
260.66
260.66
260.66
260.66
260.66
260.66
260.66
260.66
260.66
260.66
260.66
246.536
246.536
246.536
246.536
246.536
246.536
246.536
246.536
246.536
246.536
246.536
246.536
246.536
246.536
246.536
246.536
246.536
246.536
246.536
246.536
246.536
246.536
246.536
246.536
246.536
246.536
246.536
246.536
246.536
246.536
246.536
246.536
246.536
246.536
246.536
246.536
246.536
246.536
246.536
246.536
246.536
246.536
246.536
246.536
246.536
246.536
246.536
246.536
246.536
246.536
246.536
246.536
246.536
246.536
246.536
246.536
246.536
246.536
246.536
246.536
246.536
246.536
246.536
246.536
246.536
246.536
246.536
246.536
246.536
246.536
246.536
246.536
246.536
246.536
246.536
246.536
246.536
246.536
246.536
246.536
246.536
246.536
245.985
245.985
245.985
245.985
245.985
245.985
245.985
245.985
245.985
245.985
245.985
245.985
245.985
245.985
245.985
245.985
245.985
245.985
245.985
245.985
245.985
245.985
245.985
245.985
245.985
245.985
245.985
245.985
245.985
245.985
245.985
245.985
245.985
245.985
245.985
245.985
245.985
245.985
245.985
245.985
245.985
245.985
245.985
245.985
245.985
245.985
245.985
245.985
245.985
245.985
245.985
245.985
245.985
245.985
245.985
245.985
245.985
245.985
245.985
245.985
245.985
245.985
245.985
245.985
245.985
245.985
245.985
245.985
245.985
245.985
245.985
245.985
245.985
245.985
245.985
245.985
245.985
245.985
245.985
245.985
245.985
245.985
245.985
245.985
245.985
245.985
245.985
245.985
245.985
245.985
245.985
245.985
245.985
245.985
245.985
245.985
245.985
245.985
245.985
245.985
245.985
245.985
245.985
245.985
245.985
245.985
245.985
245.985
245.985
245.985
245.985
245.985
245.985
245.985
245.985
245.985
245.985
245.985
245.985
245.985
245.985
245.985
245.985
245.985
245.985
245.985
245.985
245.985
245.985
245.985
245.985
245.985
245.985
245.985
245.985
245.985
245.985
245.985
245.985
245.985
245.985
245.985
245.985
245.985
245.985
245.985
245.985
245.985
245.985
245.985
245.985
245.985
245.985
245.985
245.985
245.985
245.985
245.985
245.985
245.985
245.985
245.985
245.985
245.985
245.985
245.985
245.985
245.985
245.985
245.985
245.985
245.985
245.985
245.985
245.985
245.985
245.985
245.985
245.985
245.985
245.985
245.985
245.985
244.539
244.539
244.539
244.539
244.539
244.539
244.539
244.539
234.147
234.147
234.147
234.147
234.147
234.147
234.147
234.147
234.147
234.147
234.147
234.147
234.147
234.147
234.147
234.147
234.147
234.147
234.147
234.147
234.147
234.147
234.147
234.147
234.147
234.147
234.147
234.147
234.147
234.147
234.147
234.147
234.147
234.147
234.147
234.147
234.147
234.147
234.147
234.147
234.147
234.147
234.147
234.147
234.147
234.147
234.147
234.147
234.147
234.147
234.147
234.147
234.147
234.147
234.147
234.147
234.147
234.147
234.147
234.147
234.147
234.147
234.147
234.147
234.147
234.147
234.147
234.147
234.147
234.147
234.147
234.147
234.147
234.147
234.147
234.147
234.147
234.147
234.147
234.147
234.147
234.147
234.147
234.147
234.147
234.147
234.147
234.147
234.147
234.147
234.147
234.147
234.147
234.147
234.147
234.147
234.147
234.147
234.147
234.147
234.147
234.147
234.147
234.147
234.147
234.147
234.147
234.147
234.147
234.147
234.147
234.147
234.147
234.147
234.147
234.147
234.147
234.147
234.147
234.147
234.147
234.147
234.147
234.147
234.147
234.147
234.147
234.147
234.147
234.147
234.147
234.147
234.147
234.147
234.147
234.147
234.147
234.147
234.147
234.147
234.147
234.147
234.147
234.147
234.147
234.147
234.147
234.147
234.147
234.147
234.147
234.147
233.181
233.181
233.181
233.181
233.181
233.181
233.181
233.181
233.181
233.181
233.181
233.181
233.181
233.181
233.181
233.181
233.181
233.181
233.181
233.181
233.181
233.181
233.181
233.181
233.181
233.181
233.181
233.181
233.181
233.181
233.181
233.181
233.181
233.181
233.181
233.181
233.181
233.181
233.181
233.181
233.181
233.181
233.181
233.181
233.181
233.181
233.181
233.181
233.181
233.181
233.181
233.181
233.181
233.181
233.181
233.181
233.181
233.181
233.181
233.181
233.181
233.181
233.181
233.181
233.181
233.181
233.181
233.181
233.181
233.181
233.181
233.181
233.181
233.181
233.181
233.181
233.181
233.181
233.181
233.181
233.181
233.181
233.181
233.181
233.181
233.181
233.181
233.181
233.181
233.181
233.181
233.181
233.181
233.181
233.181
233.181
233.181
233.181
233.181
233.181
233.181
228.181
228.181
228.181
228.181
228.181
228.181
228.181
228.181
228.181
228.181
228.181
228.181
228.181
228.181
228.181
228.181
228.181
228.181
228.181
228.181
228.181
228.181
228.181
228.181
228.181
210.398
210.398
210.398
210.398
210.398
210.398
210.398
210.398
210.398
210.398
210.398
210.398
210.398
210.398
210.398
210.398
210.398
210.398
210.398
210.398
210.398
210.398
210.398
210.398
210.398
210.398
210.398
210.398
210.398
210.398
210.398
210.398
210.398
210.398
210.398
210.398
210.398
210.398
210.398
210.398
210.398
210.398
210.398
210.398
210.398
210.398
210.398
210.398
210.398
210.398
210.398
210.398
210.398
210.398
210.398
210.398
210.398
210.398
210.398
210.398
210.398
210.398
210.398
210.398
210.398
210.398
210.398
210.398
210.398
210.398
210.398
205.708
205.708
205.708
205.708
205.708
205.708
205.708
205.708
205.708
205.708
205.708
205.708
205.708
205.708
205.708
205.708
205.708
205.708
205.708
205.708
205.708
205.708
205.708
205.708
205.708
205.708
205.708
205.708
205.708
205.708
205.708
205.708
205.708
205.708
205.708
205.708
205.708
205.708
205.708
205.708
205.708
205.708
205.708
205.708
205.708
205.708
205.708
205.708
205.708
205.708
205.708
205.708
205.708
205.708
205.708
205.708
205.708
205.708
205.708
205.708
205.708
205.708
205.708
205.708
205.708
205.708
205.708
205.708
205.708
205.708
205.708
205.708
205.708
205.708
205.708
205.708
205.708
205.708
205.708
205.708
205.708
205.708
205.708
205.708
205.708
205.708
205.708
205.708
205.708
205.708
205.708
205.708
205.708
205.708
205.708
205.708
205.708
205.708
205.708
205.708
205.708
205.708
205.708
205.708
205.708
205.708
205.708
205.708
205.708
205.708
205.708
205.708
205.708
205.708
205.708
205.708
205.708
205.708
205.708
205.708
205.708
205.708
205.708
205.708
205.708
205.708
205.708
205.708
205.708
205.708
205.708
205.708
205.708
205.708
205.708
205.708
205.708
205.708
205.708
205.708
205.708
205.708
205.708
205.708
205.708
205.708
205.708
205.708
205.708
205.708
205.708
205.708
205.708
205.708
205.708
205.708
205.708
205.708
205.708
205.708
205.708
205.708
205.708
205.708
205.708
205.708
205.708
205.708
205.708
205.708
205.708
205.708
205.708
205.708
205.708
205.708
205.708
205.708
205.708
205.708
205.708
205.708
205.708
205.708
205.708
205.708
205.708
205.708
205.708
205.708
205.708
205.708
205.708
205.708
205.708
205.708
205.708
205.708
205.708
205.708
205.708
205.708
205.708
205.708
205.708
205.708
205.708
205.708
205.708
205.708
205.708
205.708
205.708
205.708
205.708
205.708
205.708
205.708
205.708
205.708
205.708
205.708
205.708
205.708
205.708
205.708
205.708
205.708
205.708
205.708
205.708
205.708
205.708
205.708
205.708
205.708
205.708
205.708
205.708
205.708
205.708
205.708
205.708
205.708
205.708
205.708
205.708
205.708
205.708
205.708
205.708
205.708
205.708
205.708
205.708
205.708
205.708
205.708
205.708
205.708
205.708
205.708
205.708
205.708
205.708
205.708
205.708
205.708
205.708
205.708
205.708
205.708
205.708
205.708
205.708
205.708
205.708
205.708
205.708
205.708
205.708
205.708
205.708
205.708
205.708
205.708
205.708
205.708
205.708
205.708
205.708
205.708
205.708
205.708
205.708
205.708
205.708
205.708
205.708
205.708
205.708
205.708
205.708
205.708
205.708
205.708
205.708
205.708
205.708
205.708
205.708
205.708
205.708
205.708
205.708
205.708
205.708
205.708
205.708
205.708
205.708
205.708
205.708
205.708
205.708
205.708
205.708
205.708
205.708
205.708
205.708
205.708
205.708
205.708
205.708
205.708
205.708
205.708
205.708
205.708
205.708
205.708
205.708
205.708
205.708
205.708
205.708
205.708
205.708
205.708
205.708
205.708
205.708
205.708
205.708
205.708
205.708
205.708
205.708
205.708
205.708
205.708
205.708
205.708
205.708
205.708
205.708
205.708
205.708
205.708
205.708
205.708
205.708
205.708
205.708
205.708
205.708
205.708
205.708
205.708
205.708
205.708
205.708
205.708
205.708
205.708
205.708
205.708
205.708
205.708
205.708
205.708
205.708
205.708
205.708
205.708
205.708
205.708
205.708
205.708
205.708
205.708
205.708
205.708
205.708
205.708
205.708
205.708
205.708
205.708
205.708
205.708
205.708
205.708
205.708
205.708
205.708
205.708
205.708
205.708
205.708
205.708
205.708
205.708
205.708
205.708
205.708
205.708
205.708
205.708
205.708
205.708
205.708
205.708
205.708
205.708
205.708
205.708
205.708
205.708
205.708
205.708
205.708
205.708
205.708
205.708
205.708
205.708
205.708
205.708
205.708
205.708
205.708
205.708
205.708
205.708
205.708
205.708
205.708
205.708
205.708
205.708
205.708
203.56
203.56
203.56
203.56
203.56
203.56
203.56
203.56
203.56
203.56
203.56
203.56
203.56
203.56
203.56
203.56
203.56
203.56
203.56
203.56
203.56
203.56
203.56
203.56
203.56
203.56
203.56
203.56
203.56
203.56
203.56
203.56
203.56
203.56
203.56
203.56
203.56
203.56
203.56
203.56
203.56
203.56
203.56
203.56
203.56
203.56
203.56
203.56
203.56
203.56
203.56
203.56
203.56
203.56
203.56
203.56
203.56
203.56
203.56
203.56
203.56
203.56
203.56
203.56
203.56
203.56
203.56
203.56
203.56
203.56
203.56
203.56
203.56
203.56
203.56
203.56
203.56
203.56
203.56
203.56
203.56
203.56
203.56
203.56
203.56
203.56
203.56
203.56
203.56
203.56
203.56
203.56
203.56
203.56
203.56
203.56
203.56
203.56
203.56
203.56
203.56
203.56
203.56
203.56
203.56
203.56
203.56
203.56
203.56
203.56
203.56
203.56
203.56
203.56
203.56
203.56
203.56
203.56
203.56
203.56
203.56
203.56
203.56
203.56
203.56
203.56
203.56
203.56
203.56
203.56
203.56
203.56
203.56
203.56
203.56
203.56
203.56
203.56
203.56
203.56
203.56
203.56
203.56
203.56
203.56
203.56
203.56
203.56
203.56
203.56
203.56
203.56
203.56
203.56
203.56
203.56
203.56
203.56
203.56
203.56
203.56
203.56
203.56
203.56
203.56
203.56
203.56
203.56
203.56
203.56
203.56
203.56
203.56
203.56
203.56
203.56
203.56
203.56
203.56
203.56
203.56
203.56
203.56
194.112
194.112
194.112
194.112
194.112
194.112
194.112
194.112
194.112
194.112
194.112
194.112
194.112
194.112
194.112
194.112
194.112
194.112
194.112
194.112
194.112
194.112
194.112
194.112
194.112
194.112
194.112
194.112
194.112
194.112
194.112
194.112
194.112
194.112
194.112
194.112
194.112
194.112
194.112
194.112
194.112
194.112
194.112
194.112
194.112
194.112
194.112
194.112
194.112
194.112
194.112
194.112
194.112
194.112
194.112
194.112
194.112
194.112
194.112
194.112
194.112
194.112
194.112
194.112
194.112
194.112
194.112
194.112
194.112
194.112
194.112
194.112
194.112
194.112
194.112
194.112
194.112
194.112
194.112
194.112
194.112
194.112
194.112
194.112
194.112
194.112
194.112
194.112
194.112
194.112
194.112
194.112
194.112
194.112
194.112
194.112
194.112
194.112
194.112
194.112
194.112
194.112
194.112
194.112
194.112
194.112
194.112
194.112
194.112
194.112
194.112
194.112
194.112
194.112
194.112
194.112
194.112
194.112
194.112
194.112
194.112
194.112
194.112
194.112
194.112
194.112
194.112
194.112
194.112
194.112
194.112
194.112
194.112
194.112
194.112
194.112
194.112
194.112
194.112
194.112
194.112
194.112
194.112
194.112
194.112
194.112
194.112
194.112
194.112
194.112
194.112
194.112
194.112
194.112
194.112
194.112
194.112
194.112
194.112
194.112
194.112
194.112
194.112
194.112
194.112
194.112
194.112
194.112
194.112
194.112
194.112
194.112
194.112
194.112
194.112
194.112
194.112
194.112
194.112
194.112
194.112
194.112
194.112
194.112
194.112
194.112
194.112
194.112
194.112
194.112
194.112
194.112
194.112
194.112
194.112
194.112
194.112
194.112
194.112
194.112
194.112
194.112
194.112
194.112
194.112
194.112
194.112
194.112
194.112
194.112
194.112
194.112
194.112
194.112
194.112
194.112
194.112
194.112
194.112
194.112
194.112
194.112
194.112
194.112
194.112
194.112
194.112
194.112
194.112
194.112
194.112
194.112
194.112
194.112
194.112
194.112
194.112
194.112
194.112
194.112
194.112
194.112
194.112
194.112
194.112
194.112
194.112
194.112
194.112
194.112
194.112
194.112
194.112
194.112
194.112
194.112
194.112
194.112
194.112
194.112
194.112
194.112
194.112
194.112
194.112
194.112
194.112
194.112
194.112
194.112
194.112
194.112
194.112
194.112
194.112
194.112
194.112
194.112
194.112
194.112
194.112
194.112
194.112
194.112
194.112
194.112
194.112
194.112
194.112
194.112
194.112
194.112
194.112
194.112
194.112
194.112
194.112
194.112
194.112
194.112
194.112
194.112
194.112
194.112
194.112
194.112
194.112
194.112
194.112
194.112
194.112
194.112
194.112
194.112
194.112
194.112
194.112
194.112
194.112
194.112
194.112
194.112
194.112
194.112
194.112
194.112
194.112
194.112
194.112
194.112
194.112
194.112
194.112
194.112
194.112
194.112
194.112
194.112
194.112
194.112
194.112
194.112
194.112
194.112
194.112
194.112
194.112
194.112
194.112
194.112
194.112
194.112
194.112
194.112
194.112
194.112
194.112
191.048
191.048
191.048
191.048
191.048
191.048
191.048
191.048
191.048
191.048
191.048
191.048
191.048
191.048
191.048
191.048
191.048
191.048
191.048
191.048
191.048
191.048
191.048
191.048
191.048
191.048
191.048
191.048
191.048
191.048
191.048
191.048
191.048
191.048
191.048
191.048
191.048
191.048
191.048
191.048
191.048
191.048
191.048
191.048
191.048
191.048
191.048
191.048
191.048
191.048
191.048
191.048
191.048
191.048
191.048
191.048
191.048
191.048
191.048
191.048
191.048
191.048
191.048
191.048
191.048
191.048
191.048
191.048
191.048
191.048
191.048
191.048
191.048
191.048
191.048
191.048
191.048
191.048
191.048
191.048
191.048
191.048
191.048
191.048
191.048
191.048
191.048
191.048
191.048
191.048
191.048
191.048
191.048
191.048
191.048
191.048
191.048
191.048
191.048
191.048
191.048
191.048
191.048
191.048
191.048
191.048
191.048
191.048
191.048
191.048
191.048
191.048
191.048
191.048
191.048
191.048
191.048
191.048
191.048
191.048
191.048
191.048
191.048
191.048
191.048
191.048
191.048
191.048
191.048
191.048
191.048
191.048
191.048
191.048
191.048
191.048
191.048
179.262
179.262
179.262
179.262
179.262
179.262
179.262
179.262
179.262
179.262
179.262
179.262
179.262
179.262
179.262
179.262
179.262
179.262
179.262
179.262
179.262
179.262
179.262
179.262
179.262
179.262
179.262
179.262
179.262
179.262
179.262
179.262
179.262
179.262
179.262
179.262
179.262
179.262
179.262
179.262
179.262
179.262
179.262
179.262
179.262
179.262
179.262
179.262
179.262
179.262
179.262
179.262
179.262
179.262
179.262
179.262
179.262
179.262
179.262
179.262
179.262
179.262
179.262
179.262
179.262
179.262
179.262
179.262
179.262
179.262
179.262
179.262
179.262
179.262
179.262
179.262
179.262
179.262
179.262
179.262
179.262
179.262
179.262
179.262
179.262
179.262
179.262
179.262
179.262
179.262
179.262
179.262
179.262
179.262
179.262
179.262
179.262
179.262
179.262
179.262
179.262
179.262
179.262
179.262
179.262
179.262
179.262
179.262
179.262
179.262
179.262
179.262
179.262
179.262
179.262
179.262
179.262
179.262
179.262
179.262
179.262
179.262
179.262
179.262


-1.1055
-0.867125
1.81565
1.09488
-0.144998
-1.305
-0.924665
-0.996313
-1.7285
-0.994904
-1.59877
1.14031
1.93902
0.874432
1.10043
-1.97155
-0.141416
1.81668
0.0813842
-0.606616
-0.046786
1.14223
-2.01036
0.417649
-0.0809266
-0.328682
-0.00508832
-0.950498
0.0600663
-1.07781

0.033

