706.283
460.959
381.677
381.677
381.677
355.992
264.968
264.968
264.968
225.575
225.575
225.575
225.575
215.117
215.117
207.231
207.231
169.935
169.935
169.935
169.935
169.935
169.935
149.221
149.221
129.098
129.098
112.952
112.952
112.952
112.952
112.952
112.952
112.952
112.952
111.116
111.116
111.116
111.116
111.116
111.116
111.116
106.257
106.257
106.257
104.674
104.674
87.8136
87.8136
74.6755
74.6755
74.6755
74.6755
74.6755
74.6755
74.6755
74.6755
74.6755
74.6755
74.6755
74.6755
73.9891
73.9891
73.9891
73.9891
73.9891
73.9891
73.9891
73.9708
73.2957
73.2957
73.2957
71.2763
69.3756
64.073
64.073
64.073
64.073
64.073
62.8252
62.8252
62.8252
62.8252
62.8252
62.8252
62.8252
61.3089
60.4453
60.4453
60.2786
60.2786
60.2786
60.2786
60.257
60.257
60.257
60.257
60.1619
59.8774
59.8774
59.8774
59.8178
59.8178
59.8178
59.8178
59.8178
57.4283
57.4283
57.4283
57.4283
57.4283
57.4283
57.4283
57.4283
57.4283
57.4283
57.4283
57.4283
55.9167
55.9167
55.9167
55.8865
55.8865
40.2889
40.2889
40.2889
39.0903
39.0903
39.0903
39.0903
39.0903
38.4571
38.4571
38.4571
38.4571
38.4571
38.4571
37.6441
37.6441
37.6441
37.6441
37.6441
37.6441
37.4023
37.4023
37.4023
37.4023
37.4023
37.4023
34.6979
34.6979
33.9193
33.9193
33.9193
33.9193
33.669
33.669
33.3996
33.3996
33.3996
33.3996
33.3996
33.2312
33.2312
33.2312
33.2312
33.2312
33.1148
30.7704
30.7704
30.7704
30.7458
30.7458
30.7458
30.7458
30.632
30.632
30.632
30.632
30.632
30.632
30.632
30.632
30.632
30.632
30.5026
30.5026
25.8538
25.8538
25.8538
25.8538
25.3781
20.2223
20.2223
20.2223
20.2223
20.2223
20.2223
20.2223
20.2223
20.2223
20.2223
20.2223
20.2223
20.2223
20.2223
20.2223
20.1795
20.1795
20.1795
20.1795
20.1795
20.1795
20.1795
19.4751
19.4751
19.4751
19.4751
19.4657
19.4657
19.4657
19.4657
19.4657
19.4245
19.4245
19.4245
19.4245
19.4245
19.4245
19.4245
19.4245
19.0007
19.0007
19.0007
19.0007
19.0007
19.0007
19.0007
18.5366
18.3279
18.3279
18.3279
18.3279
18.3279
18.3279
18.3279
18.3279
18.3279
18.3279
18.3279
17.533
17.533
16.7226
16.7226
16.7226
16.7226
16.7226
16.1347
15.6817
15.6817
15.6817
15.6817
15.6817
15.6817
15.6817
15.6817
15.6817
15.008
15.008
15.008
15.008
15.008
15.008
15.008
15.008
15.008
15.008
15.008
15.008
15.008
15.008
15.008
15.008
13.2648
13.2648
13.2648
13.2648
13.2648
13.2648
12.9608
12.9608
12.9608
12.9608
12.9608
12.9608
12.9608
12.9608
12.9608
12.9608
12.9608
12.9608
12.9608
12.9608
12.9608
12.9608
12.9608
11.7215
11.7215
11.7215
11.7215
11.7215
11.7215
11.7215
11.7215
11.7215
11.7215
11.7215
11.7215
11.7215
11.7215
11.7215
11.7215
11.7215
11.7215
11.7215
11.7215
11.7215
11.7215
11.7215
11.7215
11.7215
11.7215
11.7215
11.7215
11.7215
11.7215
11.7215
11.7215
11.7215
11.7215
11.7215
11.7215
11.7215
11.7215
11.7215
11.7215
11.7215
11.7215
11.7215
11.7215
11.5855
11.5855
11.5855
11.5855
11.5855
11.5855
11.5855
11.5855
11.5855
11.5855
11.5855
11.5855
11.5855
11.5855
11.5855
11.5855
11.5855
11.5266
11.5266
11.5266
11.4425
10.9514
10.9514
10.9514
10.9514
10.9514
10.9514
10.9514
10.8906
10.8906
10.8906
10.8906
10.8906
10.8906
10.8906
9.7173
9.7173
9.7173
9.7173
9.7173
9.7173
9.7173
9.7173
9.7173
9.7173
9.7173
9.7173
9.7173
9.7173
9.7173
9.7173
9.7173
9.7173
9.7173
9.7173
9.7173
9.7173
9.7173
9.7173
9.7173
9.7173
9.7173
9.7173
9.7173
9.7173
9.7173
9.7173
9.7173
9.7173
9.7173
9.7173
9.7173
9.7173
9.7173
9.7173
9.7173
9.7173
9.7173
9.7173
9.7173
9.7173
9.7173
9.7173
9.7173
9.7173
9.7173
9.7173
9.7173
9.7173
9.7173
9.7173
9.7173
9.7173
9.7173
9.7173
9.7173
9.7173
9.7173
9.45845
9.45845
9.41839
9.41839
9.41839
9.41839
9.41839
9.41839
9.41839
9.41839
9.41839
9.36788
9.36788
9.36788
9.36788
9.36788
9.36788
9.36788
9.36788
9.36788
9.36788
9.36788
9.36788
9.36788
9.36788
9.26387
9.26387
9.16109
9.16109
9.15598
9.15598
8.83193
8.83193
8.83193
8.83193
8.83193
8.83193
8.83193
8.83193
8.83193
8.16544
8.16544
8.16544
8.16544
8.16544
8.16544
8.16544
8.16544
8.16544
8.16544
8.16544
8.10835
8.10835
8.10835
8.10835
8.10835
8.10835
8.10835
8.10835
8.10835
8.10835
8.10835
8.10835
8.10835
8.10835
8.10835
8.10835
8.10835
8.10835
8.10835
8.10835
8.10835
8.10835
8.10835
8.10835
8.10835
8.10835
8.10835
8.10835
8.10835
8.10835
8.10835
8.10835
8.10835
8.10835
8.05001
8.05001
8.05001
8.05001
8.05001
8.05001
8.05001
8.05001
8.05001
8.05001
8.05001
7.85839
7.3479
7.3479
7.26364
7.26364
7.26364
7.26364
7.26364
7.26364
7.26364
7.26364
7.26364
7.26364
6.20667
6.20667
6.20667
6.20667
6.20667
6.20667
6.20667
6.10642
6.10642
6.10642
6.10642
6.10642
6.10642
6.10642
6.10642
6.10642
6.10642
6.10642
6.10642
6.08393
6.08393
6.08393
6.08393
6.08393
6.08393
6.08393
6.08393
6.08393
6.08393
6.08393
6.08393
5.9639
5.9639
5.9639
5.9639
5.9639
5.9639
5.9639
5.9639
5.9639
5.9639
5.87677
5.87677
5.87677
5.87677
5.87677
5.87677
5.87677
5.87677
5.87677
5.87677
5.87677
5.87677
5.87677
5.87677
5.87677
5.87293
5.87293
5.87293
5.87293
5.87293
5.87293
5.87293
5.87293
5.84017
5.84017
5.84017
5.84017
5.84017
5.84017
5.84017
5.78552
5.59386
5.59386
5.59386
5.59386
5.59386
5.59386
5.59386
5.59386
5.59386
5.59386
5.4345
5.1844
5.1844
5.1844
5.1844
5.1844
5.1844
5.1844
5.1844
5.1844
5.1844
5.1844
5.1844
5.1844
5.1844
5.1844
5.1844
5.1844
5.1844
5.1844
5.1844
5.1844
5.1844
5.1844
5.1844
5.1844
5.1844
5.1844
5.1844
5.1844
5.1844
5.1844
5.1844
5.1844
5.07439
5.07439
5.07439
5.07439
4.89844
4.89844
4.89844
4.89844
4.89844
4.89844
4.89844
4.89844
4.89844
4.89844
4.89844
4.89844
4.89844
4.89844
4.89844
4.54645
4.54645
4.54645
4.54645
4.54645
4.54645
4.54645
4.54645
4.54645
4.54645
4.54645
4.54645
4.54645
4.54645
4.54645
4.54645
4.54645
4.54645
4.54645
4.54645
4.54645
4.54645
4.54645
4.54645
4.54645
4.54645
4.54645
4.47415
4.47415
4.47415
4.47415
4.47415
4.47415
4.47415
4.47415
4.47415
4.47415
4.47415
4.47415
4.47415
4.47415
4.34039
4.34039
4.34039
4.34039
4.34039
4.34039
4.34039
4.34039
4.34039
4.34039
4.34039
4.34039
4.34039
4.34039
4.34039
4.34039
4.34039
4.34039
4.34039
4.34039
4.34039
4.34039
4.30462
4.30462
4.30462
4.30393
4.30393
4.30393
4.30393
4.30393
4.30393
4.30393
4.30393
4.25576
4.25576
4.25576
4.25576
4.25576
4.25576
4.25576
4.25576
3.67618
3.67618
3.67618
3.67618
3.67618
3.67618
3.67618
3.67618
3.67618
3.67618
3.67618
3.67618
3.67618
3.67618
3.67618
3.67618
3.67618
3.67618
3.67618
3.67618
3.67618
3.67618
3.67618
3.67618
3.67618
3.48176
3.48176
3.48176
3.48176
3.48176
3.48176
3.48176
3.48176
3.48176
3.48176
3.48176
3.48176
3.48176
3.48176
3.48176
3.48176
3.48176
3.48176
3.39098
3.39098
3.39098
3.39098
3.39098
3.39098
3.39098
3.39098
3.35751
3.35751
3.35751
3.35751
3.35751
3.35751
3.35751
3.35751
3.35751
3.35751
3.35751
3.35751
3.35751
3.35751
3.35751
3.35751
3.35751
3.35751
3.35751
3.35751
3.30882
3.30882
3.30882
3.30882
3.30882
3.30882
3.30882
3.30882
3.30882
3.30882
3.30882
3.30882
3.30882
3.30882
3.30882
3.29541
3.29541
3.29541
3.29541
3.29541
3.29541
3.29541
3.29541
3.29541
3.23517
3.23517
3.23517
3.23517
3.23517
3.23517
3.23517
3.23517
3.23517
3.23517
3.23517
3.23517
3.23517
3.23517
3.23233
3.13439
3.13439
3.13439
3.13439
3.13439
3.13439
3.13439
3.13162
3.13162
3.11966
3.11966
3.11966
3.11966
3.11966
3.11966
3.11966
3.11966
3.11966
3.11957
3.11957
3.11957
3.11957
3.11957
3.11957
3.11957
3.11957
3.10574
3.10574
3.10574
3.10574
3.10574
3.10574
3.10574
3.10574
3.10574
3.09923
3.09923
3.09923
3.09923
3.09923
3.09923
3.09923
3.09923
3.09923
3.09923
3.09137
3.08907
3.0037
3.0037
3.0037
3.0037
3.0037
3.0037
3.0037
3.0037
3.0037
3.0037
3.0037
3.0037
3.0037
3.0037
3.0037
2.98098
2.98098
2.98098
2.98098
2.98098
2.98098
2.98098
2.98098
2.98098
2.98098
2.98098
2.98098
2.98098
2.98098
2.98098
2.98098
2.98098
2.98098
2.98098
2.98098
2.98098
2.98098
2.97352
2.97352
2.97352
2.97352
2.97352
2.97352
2.97352
2.97352
2.97352
2.97352
2.97352
2.97352
2.97352
2.97352
2.97352
2.94254
2.89691
2.89691
2.89691
2.89691
2.89691
2.89691
2.89691
2.89691
2.68739
2.68739
2.68739
2.68739
2.68739
2.68739
2.68739
2.68739
2.63764
2.63764
2.63764
2.63764
2.63764
2.63764
2.63764
2.63764
2.63764
2.63764
2.63764
2.63764
2.63764
2.63764
2.63764
2.63764
2.63764
2.63764
2.62808
2.62808
2.61912
2.61912
2.61912
2.61912
2.61912
2.61912
2.61347
2.61347
2.61347
2.61206
2.61206
2.61206
2.61206
2.61206
2.61206
2.61206
2.61206
2.61206
2.61206
2.61206
2.61206
2.61206
2.61206
2.61206
2.61206
2.61206
2.61206
2.61206
2.59049
2.59049
2.59049
2.59049
2.59049
2.52457
2.52457
2.52457
2.52457
2.52457
2.52457
2.52457
2.52457
2.50322
2.50322
2.50322
2.50322
2.50322
2.50322
2.50322
2.50322
2.50322
2.50322
2.50322
2.50322
2.50322
2.50322
2.46753
2.46753
2.46753
2.46753
2.46753
2.46753
2.46753
2.45099
2.45099
2.45099
2.42102
2.3351
2.3351
2.3351
2.3351
2.3351
2.3351
2.3351
2.3351
2.3351
2.3351
2.3351
2.3351
2.3351
2.3351
2.3351
2.3351
2.3351
2.3351
2.3351
2.3351
2.3351
2.3351
2.3351
2.3351
2.3351
2.24453
2.24453
2.24453
2.24453
2.24453
2.24453
2.24453
2.24453
2.24453
2.24453
2.24106
2.24106
2.24106
2.24106
2.24106
2.24106
2.24106
2.23873
2.23873
2.23873
2.23873
2.22265
2.22265
2.22265
2.22265
2.22265
2.22265
2.22265
2.22265
2.16715
2.16715
2.16715
2.16715
2.16715
2.16715
2.13573
2.05547
1.99862
1.99862
1.99862
1.99862
1.99862
1.99862
1.99862
1.99862
1.99862
1.99862
1.99862
1.99862
1.99862
1.99862
1.99862
1.99862
1.99862
1.99862
1.99862
1.99862
1.99862
1.99862
1.99862
1.99862
1.99862
1.99862
1.99862
1.99862
1.99862
1.99862
1.99862
1.99862
1.99862
1.99862
1.99862
1.99862
1.99862
1.99862
1.99862
1.98816
1.98816
1.98816
1.98816
1.98816
1.98816
1.98816
1.98816
1.98816
1.98816
1.98816
1.98816
1.98816
1.98816
1.96998
1.93493
1.93493
1.93493
1.93493
1.93465
1.93465
1.93465
1.93465
1.93465
1.93465
1.9156
1.9156
1.9156
1.9156
1.9156
1.9156
1.9156
1.9156
1.9156
1.9156
1.9156
1.9156
1.9156
1.8787
1.8787
1.8787
1.8787
1.8787
1.8787
1.8787
1.8787
1.8787
1.8787
1.8787
1.8787
1.8787
1.8787
1.8787
1.8787
1.8787
1.8787
1.8787
1.8699
1.8699
1.8699
1.8699
1.8699
1.8699
1.86015
1.86015
1.86015
1.86015
1.86015
1.86015
1.86015
1.86015
1.86015
1.80983
1.80983
1.80983
1.80983
1.80983
1.80983
1.80983
1.80983
1.80983
1.80983
1.80983
1.80983
1.80712
1.80712
1.80712
1.80712
1.80712
1.80712
1.80712
1.78534
1.78534
1.78534
1.78534
1.78534
1.78534
1.78534
1.78534
1.78028
1.78028
1.78028
1.78028
1.78028
1.78028
1.78028
1.78028
1.78028
1.78028
1.78028
1.78028
1.78028
1.78028
1.77891
1.77891
1.77891
1.77891
1.77891
1.77891
1.77891
1.77891
1.77891
1.771
1.771
1.76874
1.75029
1.75029
1.75029
1.75029
1.75029
1.75029
1.75029
1.75029
1.75029
1.75029
1.75029
1.75029
1.75029
1.75029
1.75029
1.75029
1.75029
1.75029
1.75029
1.75029
1.75029
1.75029
1.75029
1.75029
1.75029
1.75029
1.75029
1.75029
1.75029
1.75029
1.75029
1.75029
1.75029
1.75029
1.75029
1.74915
1.74915
1.74257
1.74257
1.74257
1.74257
1.74257
1.74257
1.74257
1.74257
1.74257
1.74257
1.74257
1.74257
1.74257
1.74257
1.74257
1.73252
1.73252
1.73252
1.73252
1.73252
1.73252
1.73252
1.73252
1.73252
1.73252
1.73252
1.73252
1.73252
1.73004
1.73004
1.72717
1.72717
1.72717
1.72717
1.72717
1.72717
1.72717
1.72624
1.72363
1.72363
1.72363
1.72363
1.72344
1.72344
1.72344
1.72344
1.72344
1.72261
1.72261
1.72261
1.72261
1.72261
1.72261
1.72261
1.72261
1.72261
1.71975
1.71975
1.71975
1.71975
1.71975
1.71975
1.71975
1.71975
1.71975
1.71975
1.71975
1.71975
1.71975
1.69913
1.69913
1.66723
1.66723
1.66723
1.66723
1.66723
1.66723
1.66723
1.66723
1.66723
1.63103
1.63103
1.63103
1.63103
1.63103
1.63103
1.63103
1.63103
1.63103
1.63103
1.63103
1.63103
1.63103
1.63103
1.63103
1.63103
1.63103
1.63103
1.63103
1.63103
1.6258
1.6258
1.6258
1.6258
1.6258
1.6258
1.6229
1.6229
1.61772
1.61772
1.61772
1.61772
1.61772
1.60947
1.60947
1.60947
1.60947
1.60575
1.60575
1.60555
1.58399
1.58399
1.58399
1.58399
1.58399
1.54318
1.54318
1.54318
1.54318
1.53637
1.53637
1.53637
1.53637
1.53637
1.53637
1.53637
1.53637
1.52975
1.52975
1.52975
1.52975
1.52975
1.52975
1.52975
1.52975
1.52975
1.52975
1.52975
1.52975
1.52975
1.52454
1.52454
1.52454
1.52454
1.52454
1.51814
1.51814
1.51814
1.51814
1.51814
1.51814
1.51814
1.51814
1.51814
1.51814
1.51814
1.51814
1.51814
1.51814
1.51545
1.51545
1.51545
1.51545
1.51545
1.51086
1.51086
1.51086
1.51086
1.51042
1.51042
1.5048
1.494
1.494
1.494
1.494
1.494
1.494
1.494
1.494
1.494
1.494
1.494
1.494
1.494
1.494
1.48463
1.48463
1.48463
1.48463
1.48463
1.48169
1.48169
1.48169
1.48169
1.48169
1.48169
1.48169
1.48169
1.48162
1.47859
1.47859
1.47859
1.47859
1.47859
1.47859
1.47639
1.47639
1.47639
1.47639
1.47639
1.47639
1.47639
1.47639
1.47639
1.47639
1.47423
1.47423
1.47423
1.47423
1.47423
1.47423
1.47423
1.47423
1.47423
1.4646
1.4646
1.4646
1.4646
1.4646
1.4646
1.4646
1.4646
1.4646
1.4646
1.4646
1.4646
1.4646
1.4646
1.4646
1.4646
1.4646
1.4646
1.4646
1.4646
1.45107
1.45107
1.45107
1.45107
1.45107
1.45107
1.45107
1.45107
1.45107
1.45107
1.45107
1.45107
1.45107
1.45107
1.45107
1.45107
1.45107
1.45107
1.45107
1.45107
1.45107
1.45107
1.45107
1.45107
1.45107
1.45107
1.45107
1.45107
1.45107
1.45107
1.45107
1.45107
1.4465
1.4465
1.4458
1.4458
1.44469
1.44469
1.44469
1.44469
1.44469
1.44469
1.44469
1.44469
1.44272
1.44272
1.44272
1.44272
1.44272
1.44272
1.44272
1.44272
1.44272
1.44272
1.44272
1.44272
1.44272
1.44073
1.4369
1.4369
1.4369
1.4369
1.4369
1.4369
1.4369
1.4369
1.4369
1.4369
1.4369
1.4369
1.4369
1.4369
1.43601
1.43601
1.43601
1.43601
1.43601
1.43601
1.43601
1.43601
1.43601
1.43601
1.4353
1.4353
1.4353
1.4353
1.43504
1.43504
1.43174
1.43174
1.43174
1.43174
1.4308
1.4308
1.4308
1.43051
1.43051
1.42117
1.42117
1.42117
1.42117
1.42117
1.42117
1.42117
1.42117
1.42117
1.42117
1.42117
1.42117
1.42117
1.42117
1.42117
1.42117
1.4211
1.4211
1.4211
1.4211
1.4211
1.4211
1.4211
1.4211
1.4211
1.4211
1.4211
1.41973
1.41973
1.41973
1.41973
1.41973
1.41973
1.41973
1.41825
1.41825
1.41825
1.41825
1.41825
1.41825
1.41825
1.41825
1.41825
1.41825
1.41825
1.41825
1.41825
1.41825
1.41673
1.41673
1.40761
1.40761
1.40761
1.40761
1.40761
1.40761
1.40761
1.40761
1.40761
1.40058
1.40058
1.40058
1.40058
1.40058
1.40058
1.39094
1.39094
1.39094
1.39094
1.39094
1.39094
1.39094
1.38829
1.38829
1.38829
1.38829
1.38829
1.38829
1.38829
1.38829
1.38829
1.38829
1.38829
1.38829
1.38829
1.38829
1.38829
1.38829
1.38829
1.38829
1.38829
1.38829
1.38829
1.38829
1.38829
1.38829
1.38829
1.38829
1.38829
1.38829
1.38829
1.38829
1.38829
1.38829
1.38829
1.38659
1.38659
1.38659
1.38659
1.38659
1.38659
1.38659
1.38659
1.38659
1.38463
1.38463
1.38463
1.38463
1.38463
1.38463
1.38463
1.38463
1.38463
1.38409
1.38409
1.38409
1.38409
1.38409
1.38409
1.38409
1.38409
1.38409
1.38409
1.38409
1.38409
1.38409
1.38409
1.38409
1.38409
1.38409
1.38409
1.38409
1.38409
1.38409
1.38409
1.38409
1.38409
1.38409
1.38409
1.38409
1.38409
1.38409
1.38409
1.38115
1.38115
1.38115
1.3776
1.3776
1.3776
1.3776
1.3776
1.37724
1.37724
1.37724
1.37724
1.37458
1.37458
1.37458
1.37458
1.37352
1.37319
1.37319
1.37319
1.37319
1.37319
1.37319
1.3728
1.3728
1.3728
1.3728
1.3728
1.3728
1.3728
1.3728
1.3728
1.33502
1.32218
1.32218
1.32123
1.32123
1.32104
1.31838
1.31838
1.31838
1.31838
1.31838
1.31838
1.31838
1.31838
1.31238
1.31238
1.31238
1.31238
1.30464
1.30464
1.28795
1.28795
1.28795
1.28795
1.28795
1.28795
1.28795
1.28693
1.28693
1.28693
1.28693
1.28693
1.28088
1.27734
1.27734
1.27734
1.27734
1.27734
1.27734
1.27734
1.27734
1.27734
1.27734
1.27734
1.27734
1.27734
1.27734
1.27734
1.27734
1.27734
1.27734
1.27734
1.27734
1.27734
1.27734
1.27734
1.27734
1.27734
1.27734
1.27734
1.27734
1.27734
1.27734
1.27734
1.27734
1.27734
1.27734
1.27704
1.27704
1.27704
1.27704
1.27507
1.27507
1.27507
1.27507
1.27507
1.27469
1.27424
1.27424
1.27424
1.27424
1.27424
1.27424
1.27424
1.27424
1.27322
1.27064
1.27064
1.27064
1.27064
1.27064
1.27064
1.27064
1.27064
1.26309
1.26309
1.26309
1.26309
1.26309
1.26309
1.26309
1.26309
1.26309
1.26309
1.26309
1.26309
1.26309
1.26309
1.26309
1.26309
1.26309
1.26309
1.26309
1.26309
1.26309


-4.75643
1.28099
0.377202
8.78258
10.5766
11.1683
10.3903
10.0043
5.99526
4.64928
1.97581
2.86883
7.49232
5.35023
5.06397
5.09727
6.81953
3.09764
0.723527
-4.76945
-7.13074
-6.11058
-4.71492
-0.549503
1.25237
1.54421
1.92886
-3.84589
-7.53193
-5.55062

0.029

