413.757
413.757
413.757
413.757
413.757
396.914
380.66
380.66
327.754
327.754
302.934
302.934
302.934
302.934
302.934
302.934
302.934
302.934
302.934
302.934
302.934
302.934
302.934
302.934
302.934
302.934
302.934
302.934
302.934
302.934
302.934
302.934
302.934
302.934
302.934
302.934
302.934
302.934
246.852
246.852
246.852
246.852
246.852
246.852
246.852
246.852
246.852
246.852
246.852
246.852
246.852
246.852
246.852
246.852
246.852
246.852
239.153
239.153
239.153
239.153
239.153
239.153
239.153
239.153
239.153
239.153
239.153
239.153
239.153
239.153
239.153
239.153
239.153
239.153
239.153
239.153
239.153
239.153
239.153
239.153
239.153
239.153
239.153
239.153
239.153
239.153
239.153
239.153
239.153
239.153
239.153
239.153
239.153
233.603
233.603
233.603
233.603
233.603
233.603
233.603
233.603
233.603
233.603
233.603
233.603
233.603
233.603
233.603
233.603
233.603
233.603
233.603
233.603
233.603
233.603
233.603
233.603
233.603
233.603
233.603
233.603
233.603
233.603
233.603
233.603
233.603
233.603
233.603
233.603
233.603
233.603
233.603
233.603
233.603
229.142
229.142
229.142
229.142
229.142
229.142
229.142
229.142
229.142
229.142
229.142
229.142
229.142
229.142
229.142
217.45
217.45
217.45
217.45
217.45
217.45
217.45
217.45
217.45
217.45
217.45
217.45
217.45
217.45
217.45
217.45
217.45
217.45
217.45
217.45
215.728
215.728
215.728
215.728
215.728
215.728
215.728
215.728
215.728
215.728
215.728
215.728
215.728
215.728
215.728
215.728
215.103
214.427
214.427
214.427
214.427
214.427
214.427
214.427
213.806
213.806
213.806
213.806
213.806
213.806
213.806
213.806
213.806
213.806
213.806
213.806
213.806
213.806
213.806
213.806
210.07
210.07
210.07
210.07
210.07
210.07
210.07
210.07
210.07
210.07
210.07
210.07
205.693
205.693
205.363
205.363
205.363
205.363
205.363
205.363
205.363
205.363
205.363
205.363
205.363
205.363
205.363
205.363
205.363
205.363
205.363
205.363
205.363
205.363
205.363
205.363
205.363
205.363
205.363
205.363
205.363
205.363
205.363
205.363
205.363
205.363
205.363
205.363
205.363
205.363
205.363
205.363
205.363
205.363
205.363
205.363
205.363
205.363
205.363
205.363
205.363
205.363
205.363
205.363
205.363
205.363
205.363
205.363
205.363
205.363
205.363
205.363
205.363
205.363
205.363
205.363
205.363
205.363
205.363
205.363
205.363
205.363
205.363
205.363
205.363
205.363
205.363
205.363
205.363
205.363
205.363
205.363
205.363
205.363
205.363
205.363
205.363
205.363
205.363
205.363
200.262
200.262
200.262
200.262
200.262
200.262
200.262
200.262
200.262
200.262
200.262
200.262
200.262
200.262
200.262
200.262
200.262
200.262
200.262
200.262
200.262
200.262
200.262
200.262
200.262
200.262
200.262
200.262
200.262
200.262
200.262
200.262
200.262
200.262
200.262
200.262
200.262
200.262
200.262
200.262
200.262
200.262
200.262
200.262
200.262
200.262
200.262
200.262
200.262
200.262
200.262
200.262
196.91
196.91
196.91
196.91
196.91
196.91
196.91
196.91
196.91
196.91
196.91
196.91
196.91
196.91
196.91
196.91
196.91
196.91
196.91
196.91
196.91
196.91
196.91
196.91
196.91
196.91
196.91
196.91
196.91
196.91
196.91
196.91
196.91
196.91
196.91
196.91
196.91
196.884
196.884
196.884
196.884
196.884
196.884
196.884
196.884
196.884
196.884
196.884
196.884
196.884
196.884
195.716
195.716
195.716
195.716
195.716
195.716
195.716
195.716
195.716
195.716
195.716
195.716
195.716
195.716
195.716
195.716
195.716
195.716
195.716
195.716
195.716
195.716
195.716
195.716
195.716
195.716
195.716
195.716
195.716
195.716
195.716
195.716
195.716
195.716
195.716
195.716
195.716
195.716
195.716
195.716
195.716
195.716
194.539
194.539
194.539
194.539
194.539
194.539
194.539
194.443
194.443
194.443
194.443
190.242
190.242
190.242
190.242
187.364
187.364
187.364
187.364
187.364
187.364
187.364
187.364
187.364
187.364
186.515
186.515
186.515
186.515
186.515
186.515
186.515
181.93
181.93
181.93
176.977
176.977
176.977
176.977
176.977
176.977
176.977
176.977
176.977
176.977
176.977
176.977
176.977
176.977
176.977
176.977
176.977
176.977
176.977
176.675
176.675
176.675
176.675
176.675
176.675
176.675
176.675
176.675
176.675
176.675
176.675
176.101
176.101
176.101
176.101
176.101
176.101
176.101
176.101
176.101
176.101
176.101
176.101
176.101
176.101
174.694
174.694
174.694
174.694
174.694
174.694
174.694
174.694
174.694
174.694
174.694
174.694
174.694
174.694
173.95
173.95
173.95
173.95
173.95
173.95
167.631
167.631
167.631
167.631
167.631
167.631
167.631
167.631
167.631
167.631
167.631
167.631
167.631
167.631
167.631
167.631
167.631
167.631
167.631
167.631
167.631
167.631
167.631
167.631
167.631
167.631
167.631
167.631
167.631
167.631
167.631
167.631
167.631
167.631
167.631
167.631
167.631
167.631
167.631
167.631
167.631
167.631
167.631
167.631
167.631
167.631
167.631
167.631
167.631
167.631
167.631
167.631
167.631
167.631
167.631
167.631
167.631
167.631
167.631
167.631
167.631
167.631
167.631
167.631
167.631
167.631
167.631
167.631
167.631
167.631
167.631
167.631
167.631
167.631
167.631
163.574
163.574
163.574
163.574
163.574
163.574
163.574
163.574
163.574
163.574
163.574
155.864
155.864
155.864
155.864
155.864
155.864
155.864
155.864
155.864
155.864
155.864
155.864
155.864
155.864
155.864
155.864
155.864
155.864
155.864
155.864
155.864
155.864
146.112
146.112
146.112
146.112
146.112
146.112
146.112
146.112
146.112
146.112
146.112
146.112
146.112
146.112
146.112
146.112
146.112
146.112
146.112
146.112
146.112
146.112
131.092
131.092
131.092
131.092
131.092
131.092
131.092
131.092
131.092
131.092
131.092
131.092
131.092
131.092
131.092
131.092
131.092
131.092
131.092
131.092
131.092
131.092
131.092
131.092
131.092
131.092
131.092
131.092
131.092
131.092
131.092
131.092
131.092
131.092
131.092
131.092
131.092
131.092
131.092
131.092
131.092
131.092
131.092
131.092
131.092
131.092
129.115
129.115
127.547
127.547
127.547
127.547
127.547
127.547
127.547
127.547
127.547
127.547
127.547
127.547
127.547
127.547
127.547
127.547
127.547
127.547
127.547
127.547
127.547
127.547
127.547
127.547
127.547
127.547
127.145
127.145
126.007
126.007
126.007
126.007
126.007
126.007
126.007
126.007
126.007
126.007
126.007
126.007
126.007
126.007
126.007
121.716
121.716
121.716
121.716
121.716
118.927
118.927
118.927
118.927
118.927
118.927
118.927
118.927
118.927
118.927
118.927
118.927
117.672
117.672
117.672
117.672
117.653
117.653
117.653
117.653
117.653
117.653
117.653
117.653
117.653
117.653
117.653
117.653
117.653
117.653
117.653
117.653
117.653
117.653
117.653
117.653
117.653
117.653
117.653
117.653
117.653
117.653
117.653
117.653
117.653
117.653
117.653
117.653
117.653
117.653
117.653
117.653
117.653
117.653
117.653
117.653
117.653
117.653
117.653
117.653
117.653
117.376
117.376
117.376
116.775
116.775
116.775
116.775
116.775
116.775
116.775
111.738
111.738
111.738
111.738
111.738
111.738
111.738
94.1799
94.1799
94.1799
94.1799
94.1799
94.1799
94.1799
94.1799
94.1799
94.1799
94.1799
94.1799
94.1799
94.1799
94.1799
94.1799
94.1799
94.1799
94.1799
94.1799
94.1799
94.1799
94.1799
94.1799
94.1799
94.1799
94.0415
94.0415
94.0415
94.0415
93.8929
93.8929
93.8929
93.8929
93.8929
93.8929
93.8929
93.8929
93.8929
93.8929
93.8929
93.8929
93.8929
93.8929
93.8929
93.8929
93.8929
93.8929
93.8929
93.8929
93.8929
93.8929
93.8929
93.8929
93.8929
93.8929
93.8222
90.6473
90.6473
90.6473
90.6473
90.6473
90.6473
90.6473
90.6473
90.6473
90.6473
90.6473
90.6473
90.6473
90.6473
90.6473
90.6473
90.1961
90.1961
90.1961
90.1961
90.1961
90.1961
90.1961
90.1961
90.1961
90.1961
90.1961
90.1961
90.1961
90.1961
90.1961
90.1961
90.1961
90.1961
90.1961
90.1961
90.1961
90.1961
90.1961
90.1961
90.1961
90.1961
90.1961
87.6028
87.6028
87.6028
87.6028
87.6028
87.6028
87.6028
87.4762
87.4762
87.4762
85.9237
85.9237
85.9237
85.9237
85.9237
85.9237
85.9237
85.9237
85.9237
82.2999
82.2999
82.2999
82.2999
82.2999
82.2999
82.2999
82.2999
82.2999
82.2999
81.4391
81.4391
81.4391
81.4391
81.4391
79.8071
79.8071
79.8071
79.8071
79.8071
79.8071
79.8071
79.8071
79.8071
79.8071
79.8071
79.8071
79.8071
79.8071
79.8071
79.8071
79.8071
79.8071
79.8071
79.8071
79.8071
79.4169
79.4169
79.4169
79.4169
79.4169
79.4169
79.4169
79.4169
79.4169
79.4169
79.4169
79.4169
79.4169
79.4169
79.4169
79.4169
79.4169
79.4169
79.4169
79.4169
79.4169
79.4169
79.4169
79.4169
79.4169
79.3473
79.3473
79.3473
79.2288
79.2288
79.2288
79.2288
79.2288
79.2288
79.2288
79.2288
79.2288
77.7281
77.7281
77.7281
77.7281
77.7281
77.7281
77.7281
77.5999
77.5999
77.5999
77.5999
77.5855
77.5855
77.5855
77.5855
74.5503
74.5503
74.5503
74.5503
74.5503
74.5503
74.5503
74.5503
74.5503
74.5503
74.5503
74.5503
74.5503
74.5503
74.5503
74.5503
74.5503
74.5503
74.5503
74.5503
74.5503
74.5503
74.5503
74.5503
74.5503
74.5503
74.5503
74.5503
74.5503
74.5503
74.5503
74.5503
74.5503
74.5503
74.5503
74.5503
74.5503
74.5503
74.5503
74.5503
74.5503
74.5503
74.5503
74.5503
74.3449
74.3449
74.3449
74.3449
74.3449
74.3449
74.1623
74.1623
74.1623
74.1623
74.1623
74.1623
74.1623
74.1623
74.1623
74.1623
74.1623
74.1623
74.1623
74.1623
74.1623
74.1623
74.1623
74.1623
74.1623
74.1623
74.1623
74.1623
74.1623
74.1623
74.1623
74.1623
74.1623
73.9587
73.9587
73.9587
73.9587
73.9587
73.9587
73.9587
73.9587
73.9587
73.9587
73.4522
73.4522
73.4522
73.4522
73.4522
73.4522
73.4522
73.4522
73.4522
73.4522
73.4522
73.4522
73.4522
73.4522
73.4522
73.4522
73.4522
73.4522
73.4522
73.4522
73.4522
73.4522
73.4522
73.4522
73.4522
73.4522
73.4522
73.4522
73.4522
73.4522
73.4522
73.4522
73.4522
73.4522
73.4522
73.4522
73.408
73.408
73.408
73.408
73.408
73.408
73.408
73.408
73.408
73.3443
73.3443
73.3407
73.2649
73.2649
73.2649
73.2649
73.2649
73.2649
73.2649
73.1396
73.1396
73.1396
73.1396
73.1396
73.1396
73.1396
73.1396
73.1396
73.1396
73.1396
73.1396
73.1396
73.1396
73.1396
73.1396
73.1396
73.1396
73.1396
73.1396
73.1396
73.1396
73.1396
73.1396
73.1396
73.1396
73.1396
73.1396
73.1396
73.1396
73.1396
73.1396
73.1396
73.1396
73.1396
73.1396
73.1396
73.1396
73.1396
73.1396
73.1396
73.1396
73.1396
73.1396
73.1396
73.1396
73.1396
73.1396
73.1396
73.1396
73.1396
73.1396
73.1396
73.1396
73.1396
73.1396
73.1396
73.1396
73.1396
73.1396
73.1396
73.1396
73.1396
73.1396
73.1396
73.1396
73.1396
73.1396
73.1396
73.1396
73.1396
73.1396
73.1396
73.1396
73.1396
73.1396
73.1396
73.1396
73.1396
73.1396
73.1396
73.1396
73.1396
73.1396
73.1396
73.1396
73.1396
73.1396
73.1396
73.1396
73.1396
73.1396
73.1396
73.1396
73.1396
73.1396
73.1396
72.6944
72.6944
72.6944
72.6944
72.6944
72.6944
72.6944
72.6944
72.6944
72.6944
72.6944
72.6944
72.6944
72.6944
72.6944
72.6944
72.6944
72.6944
72.6944
72.6944
72.6944
72.6944
72.6944
72.6944
72.6944
72.6944
72.6944
72.6944
72.6944
72.6944
72.6944
72.6944
72.6944
72.6944
72.6944
72.6944
72.6944
72.6944
72.6944
72.6944
72.6944
72.6944
72.6944
72.6944
72.6944
72.6944
72.6944
72.6944
72.6944
72.6944
72.6944
72.6944
72.6944
72.6944
72.6944
72.6944
72.6944
72.6944
72.6944
72.6944
72.6944
72.6944
72.6944
72.6944
72.6944
72.6944
72.6944
72.6944
72.6944
72.6944
72.6944
72.6944
72.6944
72.6944
72.6944
72.6944
72.6944
72.6944
72.6944
72.6944
72.6944
72.6944
72.6944
72.6944
72.6944
72.6944
72.6944
72.6944
72.6944
72.6944
72.6944
72.6944
72.6944
72.6944
72.6944
72.6944
72.6944
72.6944
72.6944
72.6944
72.6944
72.6944
72.6944
72.6944
72.6944
72.6944
72.6944
72.6944
72.6944
72.6944
72.6944
72.6944
72.6944
72.6944
72.6944
72.6944
72.6944
72.6944
72.6944
72.6944
72.6944
72.6944
72.6944
72.6944
72.6944
72.6944
72.6944
72.677
72.677
72.677
72.677
72.677
72.677
72.677
72.5268
72.5268
72.5268
72.5268
72.5268
72.5268
72.5268
72.5268
72.5268
72.5268
72.5268
72.5268
72.5268
72.5268
72.5268
72.5268
72.5268
72.5268
72.5268
72.5268
72.5268
72.5268
72.5268
69.653
69.653
69.653
69.653
69.653
69.653
69.653
69.653
69.653
69.653
69.653
69.653
69.653
69.653
69.653
69.653
69.653
69.4902
68.4263
68.4263
68.4263
68.4263
68.4263
68.4263
68.4263
68.4263
68.4263
68.4263
68.4263
68.4263
68.4263
68.4263
68.4263
68.4263
68.4263
68.4263
68.4263
68.4263
68.4263
68.4263
68.4263
68.4263
68.4263
68.4263
68.4263
68.4263
68.4263
68.4263
68.4263
68.4263
68.4263
68.4263
68.4263
68.4263
68.4263
68.4263
68.4263
60.6587
60.6587
60.6587
60.6587
60.6587
60.6587
60.6587
60.6587
60.6587
60.6587
60.6587
60.6587
60.6587
60.6587
60.6587
60.6587
60.6587
60.6587
60.6587
60.6587
60.6587
60.6587
60.6587
60.6587
60.6587
60.6587
60.6587
60.6587
60.6587
60.6587
60.6587
60.6587
60.6587
60.6587
60.6587
60.5945
60.5945
60.5945
60.5945
60.5945
60.5945
60.5945
60.5945
60.5945
60.5945
60.5945
60.5945
60.5945
60.5945
60.5945
60.5945
60.5945
60.5945
60.5945
60.5945
60.5945
60.5945
60.5945
60.5945
60.5945
60.5945
60.5945
60.5945
60.5945
60.5945
60.5945
60.5945
60.5945
60.5945
60.5945
60.5945
60.5945
60.5945
60.5899
60.5899
60.5899
60.5899
60.5899
60.5899
60.5899
60.5899
60.5899
60.5892
60.5885
60.5885
60.5885
60.5885
60.5885
60.5885
60.5885
59.9564
59.9564
59.9564
59.9564
59.9564
59.9564
59.9564
59.9564
59.9564
59.9564
59.9564
59.9564
59.9564
59.9564
59.9564
59.9564
59.9564
59.9564
59.9564
59.9564
59.9564
59.9564
59.9564
59.9564
59.9564
59.9564
59.3042
59.3042
59.3042
59.2469
59.2469
59.2469
59.2469
59.2469
59.2469
59.2469
59.2469
59.2469
59.2469
59.2469
59.2469
59.2469
59.2469
59.2469
59.2469
59.1759
59.1759
59.1759
59.1759
59.1759
59.1759
59.1759
59.1759
59.1759
59.1759
59.1759
59.1759
59.1759
59.1759
59.1759
59.1759
59.1759
59.1759
59.1759
59.1759
59.1759
59.1759
59.1759
59.1759
59.1759
59.1759
59.1759
59.1759
59.1759
59.1759
59.0789
59.0789
59.0789
59.0789
59.0789
59.0789
59.0789
59.0789
59.0789
58.5529
58.5529
58.5529
58.5529
58.5529
58.5529
58.5529
58.5529
58.5529
58.5529
58.5529
58.5529
58.5529
58.5529
58.5529
58.5529
58.5529
58.5529
58.5529
58.5529
58.5529
58.5529
58.5529
58.5529
58.5529
58.5529
58.5529
58.5529
58.5529
58.5529
58.5529
58.5529
58.5529
58.1655
58.1655
58.1655
58.1655
58.1655
58.1655
58.1655
58.1655
58.1655
58.1655
58.1655
58.1655
58.1655
58.1655
58.1655
58.1655
58.1655
58.1655
58.1655
58.1655
58.1655
58.1655
58.1655
58.1151
58.1151
58.1151
58.1151
58.1151
58.1151
58.1151
58.1151
58.1151
58.1151
58.1151
58.1151
58.1151
58.1151
58.1151
58.1151
58.1151
58.1151
58.1151
58.0144
58.0144
58.0144
58.0144
58.0144
57.8209
57.8209
57.8209
57.8209
57.8209
57.8209
57.8209
57.8209
57.8209
57.8209
57.8209
57.8209
57.8209
57.8209
57.8209
57.8209
57.8209
57.8209
57.8209
57.8209
57.8209
57.8209
57.8209
57.8209
57.8209
57.8209
57.8209
57.8209
57.8209
57.8209
57.8209
57.8209
57.8209
57.8209
57.8209
57.8209
57.8209
57.8209
57.7955
57.7955
57.7955
57.7955
57.7955
56.9341
56.9341
56.9341
56.9341
56.9341
56.9341
56.9341
56.9341
56.9341
56.9341
56.9341
56.9341
56.9341
56.9341
56.9341
56.9341
56.9341
56.9341
56.9341
56.9341
56.9341
56.9341
56.9341
56.9341
56.9341
56.9341
56.9341
56.9341
56.9341
56.9341
56.9341
56.9341
56.9341
56.9341
56.9341
56.9341
56.9341
56.9341
56.9341
56.9341
56.9341
56.9341
56.9341
56.9341
56.9341
56.9341
56.9341
56.9341
56.9341
56.9341
56.9341
56.9341
56.9341
56.9341
56.9341
56.9341
56.9341
56.9341
56.9341
56.9341
56.9341
56.9341
56.9341
56.9341
56.9341
56.9341
56.9341
56.9341
56.9341
56.9341
56.9341
54.1698
54.1698
54.1698
54.1698
54.1698
54.1698
54.1698
54.1698
54.1698
54.1698
54.1698
54.1698
54.1698
54.1698
54.1698
54.1698
54.1698
54.1698
54.1698
54.1698
54.1698
54.1698
54.1698
54.1698
54.1698
54.1698
54.1698
54.1698
54.1698
54.1698
54.1698
54.1698
54.1698
54.1698
54.1698
54.1698
54.1698
54.1698
54.1698
54.1698
54.1698
54.1698
54.1698
54.1698
54.1698
54.1698
54.1698
54.1698
54.1698
54.1698
54.1698
54.1698
54.1698
54.1698
54.1698
54.1698
54.1698
54.1698
54.1698
54.1698
54.1698
53.8466
53.8466
53.8466
53.8466
53.8466
53.8466
53.8466
53.8466
53.8466
53.8466
53.8466
53.8466
53.7508
53.7508
53.7508
53.7508
53.7508
53.7508
53.7508
53.7508
53.7508
53.7508
53.7508
53.7508
53.7508
53.7508
53.7508
53.7508
52.8534
52.8534
52.8534
52.7697
52.7697
52.7697
52.7697
52.7697
52.7697
52.7697
52.7697
52.7697
52.7697
52.7697
52.7697
52.7697
52.7697
52.7697
52.7697
52.7697
52.7697
52.7697
52.7697
52.7697
52.7697


0.0999778
1.07187
0.0903398
0.985558
-0.0221946
0.95586
-0.0176007
0.999954
1.03111
0.150638
0.148139
-0.0412103
-0.0287593
-0.0556144
-0.103305
-0.143005
-0.072449
-0.0488137
-0.949749
-0.0897212
-0.0912833
-0.0381044
-0.109593
0.0126355
0.00374996
0.150573
-0.784128
0.105417
0.937994
1.07187

0.029

