2923.83
2923.83
2923.83
2923.83
2376.11
2376.11
2366.44
2366.44
2366.44
2366.44
2366.44
2366.44
2267.28
2267.28
2267.28
1913.83
1580.25
1580.25
1580.25
1580.25
1580.25
1580.25
1580.25
1580.25
1580.25
1580.25
1580.25
1580.25
1580.25
1580.25
1580.25
1484.59
1484.59
1430.14
1430.14
1430.14
1430.14
1430.14
1430.14
1430.14
1430.14
1430.14
1430.14
1430.14
1430.14
1374.97
1374.97
1194.81
1194.81
1194.81
1194.81
1194.81
1194.81
1169.93
1169.93
1169.93
1169.93
1169.93
1169.93
1169.93
1169.93
1169.93
1169.93
1169.93
1169.93
1169.93
1169.93
1169.93
1169.93
1169.93
1105.85
1105.85
1105.85
1105.85
1105.85
1017.35
1017.35
1017.35
1017.35
904.918
904.918
904.918
904.918
904.918
866.733
866.733
866.733
866.733
866.341
866.341
866.341
866.341
866.341
855.241
855.241
855.241
855.241
855.241
855.241
855.241
855.241
855.241
855.241
855.241
855.241
853.716
853.716
853.716
853.716
853.716
853.716
845.67
845.67
845.67
845.67
845.67
749.959
617.379
617.379
617.379
568.714
568.714
568.714
568.714
568.714
553.111
540.937
420.823
420.823
420.823
420.823
420.823
420.823
420.823
420.823
420.823
420.823
420.823
420.823
420.823
420.823
417.897
417.897
417.897
417.897
417.897
393.306
393.306
393.306
393.306
393.306
356.642
356.642
356.642
356.642
356.642
356.642
356.642
356.642
356.642
356.642
356.642
352.567
338.586
338.586
338.586
338.586
314.465
314.465
314.465
314.465
307.254
307.254
307.254
307.254
307.254
307.254
307.254
307.254
307.254
299.977
299.977
299.977
299.977
299.977
294.843
294.843
294.843
263.193
263.193
263.193
262.501
262.501
262.501
262.501
262.501
262.501
262.501
262.501
261.928
226.868
226.868
226.868
213.077
213.077
213.077
213.077
213.077
213.077
213.077
213.077
213.077
213.077
207.783
207.783
207.783
207.783
207.783
205.358
205.358
205.358
205.358
205.358
205.358
198.314
198.314
198.314
198.314
193.742
193.742
193.742
193.742
193.742
193.742
193.742
193.742
193.742
193.742
193.742
185.258
185.258
185.258
185.258
185.258
185.258
185.258
185.258
185.258
184.326
182.315
182.315
172.41
172.41
172.41
172.41
172.41
172.41
165.966
165.966
165.966
165.966
165.966
165.966
165.966
165.966
165.966
165.966
165.966
163.086
163.086
144.757
144.757
144.757
144.757
144.757
144.757
144.757
144.757
144.757
144.757
143.322
143.322
142.659
141.08
141.08
141.08
141.08
141.08
141.08
140.826
140.826
140.826
140.826
138.385
138.385
136.38
136.38
136.38
136.38
136.38
134.139
134.139
134.139
134.139
133.178
133.178
133.178
133.178
133.178
133.178
133.178
132.92
132.92
132.92
132.92
132.92
116.225
116.225
116.225
116.225
116.225
116.225
116.225
116.225
116.225
116.225
116.225
116.225
116.225
116.225
116.225
116.225
116.225
116.225
116.225
116.225
116.225
116.225
116.225
116.225
116.225
116.225
116.225
116.225
116.225
116.225
114.702
114.702
114.702
112.062
112.062
112.062
112.062
112.062
112.062
112.062
112.062
112.062
112.062
105.835
105.835
105.835
105.835
105.835
105.835
105.835
105.835
105.835
105.835
105.835
105.835
105.835
105.835
102.793
102.793
102.793
102.793
102.793
102.793
102.793
102.793
102.793
102.793
102.793
102.793
102.793
102.793
102.793
99.0605
99.0605
99.0605
99.0605
99.0605
99.0605
99.0605
99.0605
96.9511
96.9511
96.9511
96.9511
96.9511
96.9511
96.9511
96.9511
96.9511
96.9511
96.9511
95.1898
95.1898
95.1898
95.1898
95.1898
95.1898
95.1898
95.1898
95.1898
95.1898
95.1898
95.1898
92.9482
92.9482
92.9482
92.9482
92.9482
92.9482
92.9482
92.9482
92.9482
92.9482
92.9482
92.9482
92.9482
92.9482
92.9482
92.9482
91.5071
91.5071
91.5071
91.5071
91.5071
91.5071
91.5071
91.5071
91.5071
91.5071
91.5071
91.5071
91.5071
91.5071
91.5071
89.5857
89.5857
85.2626
85.2626
85.2626
85.2626
85.2626
85.2626
85.2626
85.2626
85.2626
85.2626
85.2626
85.2626
85.2626
85.2626
85.2626
85.2626
85.2626
85.2626
85.2626
83.8215
83.8215
83.8215
83.8215
83.8215
83.8215
83.8215
83.8215
82.2204
82.2204
82.2204
82.2204
81.4198
81.4198
81.4198
81.4198
81.4198
80.9394
80.9394
80.9394
80.9394
80.6428
78.3776
78.3776
78.3776
78.3776
78.3776
78.3776
78.3776
78.3776
78.3776
78.3776
78.3776
78.3776
74.3002
74.3002
74.3002
74.3002
69.9317
69.9317
69.9317
69.9317
69.9317
69.9317
69.9317
69.9317
69.9317
69.9317
69.9317
69.9317
69.9317
69.9317
69.9317
69.9317
69.9317
69.9317
69.9317
69.9317
69.9317
69.9317
69.9317
69.9317
69.9317
69.9317
69.9317
69.9317
69.9317
69.9317
69.9317
69.9317
69.9317
69.9317
69.9317
69.9317
69.9317
69.9317
69.9317
69.9317
69.9317
69.2055
69.2055
69.2055
69.2055
69.2055
69.2055
69.2055
69.2055
66.8895
66.8895
66.8895
66.8895
66.8895
66.8895
66.8895
66.8895
66.8895
66.8895
66.8895
66.8895
66.8895
66.8895
66.8895
66.8895
66.8895
66.8895
66.8895
66.8895
66.8895
66.8895
66.8895
66.8895
66.8895
66.8895
66.8895
66.8895
66.8895
66.8895
66.8895
66.8895
66.8895
66.8895
66.8895
66.8895
66.8895
66.8895
66.8895
66.8895
66.8895
66.8895
66.8895
66.8895
66.8895
66.8895
66.8895
66.8895
66.8895
66.8895
66.8895
66.8895
66.8895
66.8895
66.8895
66.8895
66.8895
66.8895
66.8895
66.8895
66.8895
66.8895
66.8895
66.8895
66.8895
66.8895
66.4091
66.4091
66.4091
66.4091
66.4091
66.4091
66.4091
66.4091
66.4091
66.4091
66.4091
66.4091
66.4091
66.4091
66.4091
66.4091
66.4091
66.4091
66.4091
66.4091
66.4091
66.4091
66.4091
66.4091
66.4091
66.4091
65.1282
65.1282
65.1282
65.1282
65.1282
65.1282
65.1282
65.1282
65.1282
65.1282
65.1282
65.1282
65.1282
65.1282
65.1282
65.1282
65.1282
65.1282
65.1282
65.1282
65.1282
65.1282
65.1282
65.1282
65.1282
65.1282
65.1282
65.1282
65.1282
65.1282
65.1282
65.1282
65.1282
65.1282
65.1282
65.1282
65.1282
65.1282
65.1282
65.1282
65.1282
65.1282
65.1282
65.1282
65.1282
65.1282
65.1282
65.1282
65.1282
65.1282
65.1282
65.1282
65.1282
65.1282
65.1282
65.1282
65.1282
65.1282
65.1282
65.1282
65.1282
65.1282
65.1282
65.1282
65.1282
65.1282
65.1282
65.1282
65.1282
65.1282
65.1282
65.1282
65.1282
65.1282
65.1282
65.1282
65.1282
65.1282
65.1282
65.1282
65.1282
65.1282
65.1282
65.1282
65.1282
65.1282
65.1282
65.1282
65.1282
65.1282
65.1282
65.1282
65.1282
65.1282
65.1282
65.1282
65.1282
65.1282
65.1282
65.1282
65.1282
65.1282
65.1282
65.1282
65.1282
65.1282
65.1282
65.1282
65.1282
65.1282
65.1282
65.1282
65.1282
65.1282
65.1282
65.1282
65.1282
65.1282
65.1282
65.1282
65.1282
65.1282
65.1282
65.1282
65.1282
65.1282
65.1282
65.1282
65.1282
65.1282
65.1282
65.1282
65.1282
65.1282
65.1282
65.1282
65.1282
65.1282
65.1282
65.1282
65.1282
65.1282
65.1282
65.1282
65.1282
65.1282
65.1282
65.1282
65.1282
65.1282
65.1282
65.1282
65.1282
65.1282
65.1282
65.1282
65.1282
65.1282
65.1282
65.1282
65.1282
65.1282
65.1282
65.1282
65.1282
65.1282
65.1282
65.1282
65.1282
65.1282
65.1282
65.1282
65.1282
65.1282
65.1282
65.1282
65.1282
65.1282
65.1282
65.1282
65.1282
65.1282
65.1282
65.1282
65.1282
65.1282
65.1282
65.1282
65.1282
65.1282
65.1282
65.1282
65.1282
65.1282
65.1282
65.1282
65.1282
65.1282
65.1282
65.1282
65.1282
65.1282
65.1282
65.1282
65.1282
65.1282
65.1282
65.1282
65.1282
65.1282
65.1282
65.1282
65.1282
65.1282
65.1282
65.1282
65.1282
65.1282
65.1282
65.1282
65.1282
65.1282
65.1282
65.1282
65.1282
65.1282
65.1282
65.1282
65.1282
65.1282
65.1282
65.1282
65.1282
65.1282
65.1282
65.1282
65.1282
65.1282
65.1282
65.1282
65.1282
65.1282
65.1282
65.1282
65.1282
65.1282
65.1282
65.1282
65.1282
65.1282
65.1282
65.1282
65.1282
65.1282
65.1282
65.1282
65.1282
65.1282
65.1282
65.1282
65.1282
65.1282
65.1282
65.1282
65.1282
65.1282
57.1826
57.1826
57.1826
57.1826
33.346
33.346
33.346
33.346
33.346
33.346
33.346
33.346
33.346
33.346
33.346
33.346
33.346
33.346
33.346
33.346
33.346
33.346
33.346
33.346
33.346
33.346
33.346
33.346
33.346
33.346
33.346
33.346
33.346
33.346
33.346
33.346
33.346
33.346
33.346
32.5454
32.5454
32.5454
32.5454
32.5454
32.5454
32.5454
32.5454
32.5454
32.5454
32.5454
32.5454
32.5454
32.5454
32.5454
32.5454
32.5454
32.5454
32.5454
32.5454
32.5454
32.5454
32.5454
32.5454
32.5454
32.5454
32.5454
32.5454
32.5454
32.5454
32.5454
32.5454
32.5454
32.5454
32.5454
32.5454
32.5454
32.5454
32.5454
32.5454
32.5454
32.5454
32.5454
32.5454
32.5454
32.5454
32.5454
32.5454
32.5454
32.5454
32.5454
32.5454
32.5454
32.5454
32.5454
32.5454
32.5454
32.5454
32.5454
32.5454
32.5454
32.5454
32.5454
32.5454
32.5454
32.5454
32.5454
32.5454
32.5454
32.5454
32.5454
32.5454
32.5454
32.5454
32.5454
32.5454
32.5454
32.5454
32.5454
32.5454
32.5454
32.5454
32.5454
32.5454
32.5454
32.5454
32.5454
32.5454
32.5454
32.5454
32.5454
32.5454
32.5454
32.5454
32.5454
32.5454
32.5454
32.5454
32.5454
32.5454
32.5454
32.5454
32.5454
32.5454
32.5454
32.5454
32.5454
32.5454
32.5454
32.5454
32.5454
32.5454
32.5454
32.5454
32.5454
32.5454
32.5454
32.5454
32.5454
32.5454
32.5454
32.5454
32.5454
32.5454
32.5454
32.5454
32.5454
32.5454
32.5454
32.5454
32.5454
32.5454
32.5454
32.5454
32.5454
32.5454
32.5454
32.5454
32.5454
32.5454
32.5454
32.5454
32.5454
32.5454
32.5454
32.5454
32.5454
32.5454
32.5454
32.5454
32.5454
32.5454
32.5454
32.5454
32.5454
32.5454
32.5454
32.5454
32.5454
32.5454
32.5454
32.5454
32.5454
32.5454
32.5454
32.5454
32.5454
32.5454
32.5454
32.5454
32.5454
32.5454
32.5454
32.5454
32.5454
32.5454
32.5454
32.5454
32.5454
32.5454
32.5454
32.5454
32.5454
32.5454
32.5454
32.5454
32.5454
32.5454
32.5454
32.5454
32.5454
32.5454
32.5454
32.5454
32.5454
32.5454
32.5454
32.5454
32.5454
32.5454
32.5454
32.5454
32.5454
32.5454
32.5454
32.5454
32.5454
32.5454
32.5454
32.5454
32.5454
32.5454
32.5454
32.5454
32.5454
32.5454
32.5454
32.5454
32.5454
32.5454
32.5454
32.5454
32.5454
32.5454
32.5454
32.5454
32.5454
32.5454
32.5454
32.5454
32.5454
32.5454
32.5454
32.5454
32.5454
32.5454
32.5454
32.5454
32.5454
32.5454
32.5454
32.5454
32.5454
32.5454
32.5454
32.5454
32.5454
32.5454
32.5454
32.5454
32.5454
32.5454
32.5454
32.5454
32.5454
32.5454
32.5454
32.5454
32.5454
32.5454
32.5454
32.5454
32.5454
32.5454
32.5454
32.5454
32.5454
32.5454
32.5454
32.5454
32.5454
32.5454
32.5454
32.5454
32.5454
32.5454
32.5454
32.5454
32.5454
32.5454
32.5454
32.5454
32.5454
32.5454
32.5454
32.5454
32.5454
32.5454
32.5454
32.5454
32.5454
32.5454
32.5454
32.5454
32.5454
32.5454
32.5454
32.5454
32.5454
32.5454
32.5454
32.5454
32.5454
32.5454
32.5454
32.5454
32.5454
32.5454
32.5454
32.5454
32.5454
32.5454
32.5454
32.5454
32.5454
32.5454
32.5454
32.5454
32.5454
32.5454
32.5454
32.5454
32.5454
32.5454
32.5454
32.5454
32.5454
32.5454
32.5454
32.5454
32.5454
32.5454
32.5454
32.5454
32.5454
32.5454
32.5454
32.5454
32.5454
32.5454
32.5454
32.5454
32.5454
32.5454
32.5454
32.5454
32.5454
32.5454
32.5454
32.5454
32.5454
32.5454
32.5454
32.5454
32.5454
32.5454
32.5454
32.5454
32.5454
32.5454
32.5454
32.5454
32.5454
32.5454
32.5454
32.5454
32.5454
32.5454
32.5454
32.5454
32.5454
32.5454
32.5454
32.5454
32.5454
32.5454
32.5454
32.5454
32.5454
32.5454
32.5454
32.5454
32.5454
32.5454
32.5454
32.5454
32.5454
32.5454
32.5454
32.5454
32.5454
32.5454
32.5454
32.5454
32.5454
32.5454
32.5454
32.5454
32.5454
32.5454
32.5454
32.5454
32.5454
32.5454
32.5454
32.5454
32.5454
32.5454
32.5454
32.5454
32.5454
32.5454
32.5454
32.5454
32.5454
32.5454
32.5454
32.5454
32.5454
32.5454
32.5454
32.5454
32.5454
32.5454
32.5454
32.5454
32.5454
32.5454
32.5454
32.5454
32.5454
32.5454
32.5454
32.5454
32.5454
32.5454
32.5454
32.5454
32.5454
32.5454
32.5454
32.5454
32.5454
32.5454
32.5454
32.5454
32.5454
32.5454
32.5454
32.5454
32.5454
32.5454
32.5454
32.5454
32.5454
32.5454
32.5454
32.5454
32.5454
32.5454
32.5454
32.5454
32.5454
32.5454
32.5454
32.5454
32.5454
32.5454
32.5454
32.5454
32.5454
32.5454
32.5454
32.5454
32.5454
32.5454
32.5454
32.5454
32.5454
32.5454
32.5454
32.5454
32.5454
32.5454
32.5454
32.5454
32.5454
32.5454
32.5454
32.5454
32.5454
32.5454
32.5454
32.5454
32.5454
32.5454
32.5454
32.5454
32.5454
32.5454
32.5454
32.5454
32.5454
32.5454
32.5454
32.5454
32.5454
32.5454
32.5454
32.5454
32.5454
32.5454
32.5454
32.5454
32.5454
32.5454
32.5454
32.5454
32.5454
32.5454
32.5454
32.5454
32.5454
32.5454
32.5454
32.5454
32.5454
32.5454
32.5454
32.5454
32.5454
32.5454
32.5454
32.5454
32.5454
32.5454
32.5454
32.5454
32.5454
32.5454
32.5454
32.5454
32.5454
32.5454
32.5454
32.5454
32.5454
32.5454
32.5454
32.5454
32.5454
32.5454
32.5454
32.5454
32.5454
32.5454
32.5454
32.5454
32.5454
32.5454
32.5454
32.5454
32.5454
32.5454
32.5454
32.5454
32.5454
32.5454
32.5454
32.5454
32.5454
32.5454
32.5454
32.5454
32.5454
32.5454
32.5454
32.5454
32.5454
32.5454
32.5454
32.5454
32.5454
32.5454
32.5454
32.5454
32.5454
32.5454
32.5454
32.5454
32.5454
32.5454
32.5454
32.5454
32.5454
32.5454
32.5454
32.5454
32.5454
32.5454
32.5454
32.5454
32.5454
32.5454
32.5454
32.5454
32.5454
32.5454
32.5454
32.5454
32.5454
32.5454
32.5454
32.5454
32.5454
32.5454
32.5454
32.5454
32.5454
32.5454
32.5454
32.5454
32.5454
32.5454
32.5454
32.5454
32.5454
32.5454
32.5454
32.5454
32.5454
32.5454
32.5454
32.5454
32.5454
32.5454
32.5454
32.5454
32.5454
32.5454
32.5454
32.5454
32.5454
32.5454
32.5454
32.5454
32.5454
32.5454
32.5454
32.5454
32.5454
32.5454
32.5454
32.5454
32.5454
32.5454
32.5454
32.5454
32.5454
32.5454
32.5454
32.5454
32.5454
32.5454
32.5454
32.5454
32.5454
32.5454
32.5454
32.5454
32.5454
32.5454
32.5454
32.5454
32.5454
32.5454
32.5454
32.5454
32.5454
32.5454
32.5454
32.5454
32.5454
32.5454
32.5454
32.5454
32.5454
32.5454
32.5454
32.5454
32.5454
32.5454
32.5454
32.5454
32.5454
32.5454
32.5454
32.5454
32.5454
32.5454
32.5454
32.5454
32.5454
32.5454
32.5454
32.5454
32.5454
32.5454
32.5454
32.5454
32.5454
32.5454
32.5454
32.5454
32.5454
32.5454
32.5454
32.5454
32.5454
32.5454
32.5454
32.5454
32.5454
32.5454
32.5454
32.5454
32.5454
32.5454
32.5454
32.5454
32.5454
32.5454
32.5454
32.5454
32.5454
32.5454
32.5454
32.5454
32.5454
32.5454
32.5454
32.5454
32.5454
32.5454
32.5454
32.5454
32.5454
32.5454
32.5454
32.5454
32.5454
32.5454
32.5454
32.5454
32.5454
32.5454
32.5454
32.5454
32.5454
32.5454
32.5454
32.5454
32.5454
32.5454
32.5454
32.5454
32.5454
32.5454
32.5454
32.5454
32.5454
32.5454
32.5454
32.5454
32.5454
32.5454
32.5454
32.5454
32.5454
32.5454
32.5454
32.5454
32.5454
32.5454
32.5454
32.5454
32.5454
32.5454
32.5454
32.5454
32.5454
32.5454
32.5454
32.5454
32.5454
32.5454
32.5454
32.5454
32.5454
32.5454
32.5454
32.5454
32.5454
32.5454
32.5454
32.5454
32.5454
32.5454
32.5454
32.5454
32.5454
32.5454
32.5454
32.5454
32.5454
32.5454
32.5454
32.5454
32.5454
32.5454
32.5454
32.5454
32.5454
32.5454
32.5454
32.5454
32.5454
32.5454
32.5454
32.5454
32.5454
32.5454
32.5454
32.5454
32.5454
32.5454
32.5454
32.5454
32.5454
32.5454
32.5454
32.5454
32.5454
32.5454
32.5454
32.5454
32.5454
32.5454
32.5454
32.5454
32.5454
32.5454
32.5454
32.5454
32.5454
32.5454
32.5454
32.5454
32.5454
32.5454
32.5454
32.5454
32.5454
32.5454
32.5454
32.5454
32.5454
32.5454
32.5454
32.5454
32.5454
32.5454
32.5454
32.5454
32.5454
32.5454
32.5454
32.5454
32.5454
32.5454
32.5454
32.5454
32.5454
32.5454
32.5454
32.5454
32.5454
32.5454
32.5454
32.5454
32.5454
32.5454
32.5454
32.5454
32.5454
32.5454
32.5454
32.5454
32.5454
32.5454
32.5454
32.5454
32.5454
32.5454
32.5454
32.5454
32.5454
32.5454
32.5454
32.5454
32.5454
32.5454
32.5454
32.5454
32.5454
32.5454
32.5454
32.5454
32.5454
32.5454
32.5454
32.5454
32.5454
32.5454
32.5454
32.5454
32.5454
32.5454
32.5454
32.5454
32.5454
32.5454
32.5454
32.5454
32.5454
32.5454
32.5454
32.5454
32.5454
32.5454
32.5454
32.5454
32.5454
32.5454
32.5454
32.5454
32.5454
32.5454
32.5454
32.5454
32.5454
32.5454
32.5454
32.5454
32.5454
32.5454
32.5454
32.5454
32.5454
32.5454
32.5454
32.5454
32.5454
32.5454
32.5454
32.5454
32.5454
32.5454
32.5454
32.5454
32.5454
32.5454
32.5454
32.5454
32.5454
32.5454
32.5454
32.5454
32.5454
32.5454
32.5454
32.5454
32.5454
32.5454
32.5454
32.5454
32.5454
32.5454
32.5454
32.5454
32.5454
32.5454
32.5454
32.5454
32.5454
32.5454
32.5454
32.5454
32.5454
32.5454
32.5454
32.5454
32.5454
32.5454
32.5454
32.5454
32.5454
32.5454
32.5454
32.5454
32.5454
32.5454
32.5454
32.5454
32.5454
32.5454
32.5454
32.5454
32.5454
32.5454
32.5454
32.5454
32.5454
32.5454
32.5454
32.5454
32.5454
32.5454
32.5454
32.5454
32.5454
32.5454
32.5454
32.5454
32.5454
32.5454
32.5454
32.5454
32.5454
32.5454
32.5454
32.5454
32.5454
32.5454
32.5454


-3.84027
0.502984
0.171411
0.171411
-0.157036
-0.157036
-0.157036
-0.157036
-0.157036
-0.157036
-0.157036
-0.157036
-0.157036
-0.157036
-0.157036
-0.157036
-0.157036
-0.157036
-0.157036
-0.157036
-0.157036
-0.157036
-0.157036
-0.157036
-0.157036
-0.157036
-0.157036
-0.157036
-0.157036
0.469233

0.024

