2834.66
2834.66
2834.66
2461.7
2461.7
2461.7
2461.7
2461.7
2461.7
2461.7
2461.7
2372.7
2372.7
2372.7
2372.7
2372.7
2372.7
2099.84
2099.84
2099.84
1727
1727
1727
1727
1727
1727
1727
1708.16
1708.16
1708.16
1708.16
1708.16
1708.16
1708.16
1708.16
1708.16
1708.16
1708.16
1708.16
1708.16
1708.16
1708.16
1708.16
1708.16
1708.16
1708.16
1657.75
1657.75
1657.75
1657.75
1628.18
1628.18
1620.2
1620.2
1620.2
1620.2
1620.2
1538.64
1538.64
1538.64
1538.64
1538.64
1538.64
1538.64
1538.64
1538.64
1538.64
1468.49
1468.49
1468.49
1468.49
1468.49
1464.53
1464.53
1251.79
1251.79
1251.79
1251.79
1251.79
1251.79
1251.79
1251.79
1251.79
901.565
901.565
901.565
901.565
901.565
901.565
901.565
901.565
901.565
901.565
901.565
872.57
872.57
872.57
824.252
824.252
824.252
824.252
824.252
824.252
824.252
824.252
824.252
824.252
824.252
824.252
824.252
824.252
824.252
824.252
824.252
824.252
824.252
824.252
824.252
794.769
794.769
793.049
793.049
793.049
793.049
793.049
793.049
778.623
729.785
729.785
729.785
729.785
729.785
688.606
688.606
688.606
688.606
688.606
688.606
688.606
688.606
688.606
688.606
682.19
682.19
682.19
682.19
682.19
682.19
682.19
682.19
682.19
676.468
676.468
623.964
623.964
623.964
623.964
623.964
623.964
623.964
623.964
623.964
623.964
623.964
623.964
562.954
562.954
562.954
562.954
562.954
562.954
562.954
562.954
553.446
553.446
553.446
497.945
497.945
497.945
497.945
497.945
497.945
497.945
497.945
497.945
497.945
452.633
452.633
452.633
452.633
452.633
452.633
452.633
452.633
452.633
452.633
452.633
452.633
452.633
452.633
452.633
452.633
452.633
420.329
420.329
420.329
420.329
420.329
417.616
417.581
417.581
417.581
417.581
416.988
416.988
416.988
416.988
416.988
416.988
416.988
416.988
416.988
416.988
416.988
416.988
416.988
416.988
416.988
416.988
416.988
416.988
412.624
412.624
410.162
407.861
407.861
407.861
407.861
407.861
407.861
407.861
407.861
393.906
393.906
393.906
393.906
393.906
393.906
393.906
393.906
393.906
393.906
393.042
393.042
393.042
393.042
393.042
393.042
393.042
393.042
393.042
393.042
393.042
393.042
393.042
374.405
374.405
374.405
329.443
329.443
329.443
326.915
326.915
326.915
326.915
326.915
326.915
326.915
326.43
326.43
326.43
315.985
315.985
315.985
315.985
315.985
315.985
315.985
315.985
312.957
312.957
301.252
301.252
301.252
301.252
301.252
301.252
301.252
301.252
301.252
301.252
301.252
301.252
301.252
301.252
301.252
300.578
300.578
300.578
300.578
300.578
300.578
290.345
290.345
290.345
290.345
290.345
290.345
290.345
290.345
290.345
290.345
290.345
290.345
288.68
287.982
286.937
286.937
286.937
286.937
286.937
286.937
286.937
286.616
282.79
282.79
282.79
282.79
282.79
282.79
282.79
282.79
282.79
282.79
282.79
282.79
282.79
282.79
282.79
282.79
282.79
282.79
282.79
278.833
278.833
278.833
275.004
275.004
275.004
275.004
273.67
273.67
273.67
273.494
273.494
273.494
272.081
272.081
264.937
264.937
264.937
264.937
264.937
264.937
264.937
264.937
264.937
264.937
264.937
264.937
264.937
264.937
264.937
264.937
264.937
264.937
264.937
264.937
264.937
264.937
264.937
264.937
264.937
260.975
260.975
253.87
253.87
253.87
253.87
253.87
253.87
253.87
253.87
253.87
253.87
247.686
247.686
245.758
245.758
245.758
245.758
245.758
241.634
241.634
240.46
240.46
240.46
238.366
238.366
234.032
234.032
234.032
234.032
234.032
234.032
234.032
234.032
234.032
234.032
234.032
234.032
234.032
234.032
234.032
234.032
234.032
230.046
230.046
230.046
230.046
230.046
226.976
226.976
226.976
226.976
226.976
226.976
226.976
222.526
222.526
222.526
222.526
222.526
222.526
222.526
222.526
222.526
218.62
218.62
218.62
218.026
218.026
218.026
212.227
212.227
212.227
212.227
212.227
212.227
212.227
212.227
212.227
212.227
212.227
212.227
212.227
212.227
212.227
207.727
207.727
207.727
207.727
207.727
207.727
207.727
207.727
207.727
207.727
207.727
207.727
207.727
207.727
207.727
207.727
207.727
207.727
207.727
207.727
207.727
207.727
207.727
207.727
207.727
207.727
207.727
207.727
207.727
207.727
207.727
207.727
207.727
207.727
207.727
207.727
207.727
207.727
207.727
207.727
207.727
207.727
207.727
207.727
207.727
207.727
207.727
207.727
207.727
207.727
207.727
207.727
207.727
207.727
207.727
207.727
207.727
207.727
207.727
207.727
207.727
207.727
207.727
207.727
202.585
202.585
202.585
202.585
202.585
202.585
202.585
202.585
202.585
202.585
202.585
202.585
202.585
202.585
202.585
202.585
202.585
202.585
202.585
202.585
202.585
202.585
202.585
202.585
202.585
202.376
202.376
202.376
202.376
202.376
201.331
201.331
201.331
201.331
201.331
201.331
201.331
201.331
201.331
201.331
201.331
201.331
201.331
201.331
201.331
201.331
201.331
201.331
201.331
201.331
201.331
189.436
189.436
189.436
189.436
189.436
189.436
189.436
189.436
189.436
189.436
189.436
189.436
189.436
143.958
143.958
143.958
143.958
143.958
143.958
143.958
143.958
143.958
136.729
136.729
136.729
136.729
136.729
136.729
136.729
136.729
136.729
136.729
136.729
136.729
136.729
136.729
136.729
136.729
136.729
136.729
136.729
136.729
136.729
136.729
136.729
136.729
136.729
136.729
136.729
136.729
136.729
136.729
136.729
136.729
136.729
136.729
136.729
136.729
136.729
136.729
136.729
136.729
136.729
136.729
136.729
136.729
136.729
136.729
136.729
136.729
136.729
136.729
136.729
136.729
136.729
136.729
136.729
136.729
136.729
136.729
136.729
136.729
136.729
136.241
136.241
136.241
136.241
136.241
136.241
136.241
136.241
136.241
136.241
136.241
136.241
136.241
136.241
135.022
135.022
135.022
135.022
135.022
135.022
135.022
135.022
135.022
133.791
133.791
133.791
133.791
133.791
133.791
132.805
132.805
132.805
131.098
131.098
131.098
131.098
131.098
131.098
131.098
131.098
131.098
131.098
130.122
130.122
130.122
130.122
130.122
130.122
130.122
130.122
130.122
130.122
130.122
130.122
130.122
130.122
130.122
130.122
130.122
130.122
130.122
130.122
130.122
130.122
130.122
130.122
130.122
130.122
130.122
130.122
130.122
130.122
130.122
130.122
130.122
130.122
130.122
130.122
130.122
130.122
130.122
130.122
130.122
130.122
130.122
130.122
130.122
130.122
130.122
130.122
130.122
130.122
130.122
130.122
130.122
130.122
130.122
130.122
130.122
130.122
130.122
130.122
130.122
130.122
130.122
130.122
129.543
128.886
128.886
128.886
128.886
128.886
128.886
128.886
128.886
128.886
128.886
127.807
127.807
127.807
127.807
127.807
127.807
127.807
127.807
127.807
127.807
127.807
126.796
126.796
126.796
126.796
126.796
126.796
126.796
126.796
126.796
126.796
126.796
126.796
126.796
126.796
126.796
126.796
126.796
126.796
126.796
126.796
126.796
126.796
126.796
126.796
126.796
126.796
126.796
126.796
126.796
126.796
126.796
126.796
126.796
126.796
126.796
126.796
126.796
126.796
126.796
126.796
126.796
126.796
126.796
126.796
126.796
126.796
126.796
126.796
126.796
126.796
126.796
126.796
126.796
126.796
126.796
126.796
126.796
126.796
126.796
126.796
126.796
126.796
126.796
126.796
126.796
126.796
126.796
126.796
126.796
126.796
126.796
126.796
126.796
126.796
126.796
126.796
126.796
126.796
126.796
126.796
126.796
126.796
126.796
126.796
126.796
126.796
126.796
126.796
126.796
126.796
126.796
126.796
126.796
126.796
126.796
126.796
126.796
126.796
126.796
126.796
126.796
126.796
126.796
126.796
126.796
126.796
126.796
126.796
126.796
126.796
126.796
126.796
126.796
126.796
126.796
126.796
126.796
126.796
126.796
126.796
126.796
126.796
126.796
126.796
126.796
126.796
126.796
126.796
126.796
126.796
126.796
125.672
125.672
125.672
125.672
125.672
125.672
125.672
125.672
125.672
125.672
125.672
125.672
125.672
125.672
125.672
125.672
125.672
125.672
125.672
125.672
125.672
125.672
125.672
125.672
125.672
125.672
125.672
125.672
125.672
125.672
125.672
125.672
125.672
125.672
125.672
125.672
125.672
125.672
125.672
125.672
125.672
125.672
125.672
125.672
125.672
125.672
125.672
125.672
125.672
125.672
125.672
125.559
125.559
125.559
125.559
125.559
125.559
125.559
125.559
125.559
124.885
124.885
124.885
124.885
124.885
124.885
124.885
124.885
124.885
124.885
124.885
124.885
124.885
124.885
124.885
124.885
124.885
124.885
124.885
124.885
124.885
124.885
124.885
124.885
124.885
124.885
124.885
124.885
124.885
124.885
124.885
124.885
124.885
124.885
124.885
124.885
124.885
124.885
124.885
124.885
124.885
124.885
124.885
124.885
124.885
124.885
124.885
124.885
124.885
124.885
124.885
124.885
124.885
124.885
124.885
124.885
124.885
124.885
124.885
124.885
124.885
124.885
124.885
124.885
124.885
124.885
124.885
124.885
124.885
124.885
124.885
124.885
124.885
124.885
124.885
124.885
124.885
124.885
124.885
124.885
124.885
124.885
124.885
124.885
124.885
124.885
124.885
124.885
124.885
124.885
124.885
124.885
124.885
124.885
124.885
124.885
124.885
124.885
124.885
124.885
124.885
124.885
124.885
124.885
124.885
124.885
124.885
124.885
124.885
124.885
124.885
124.885
124.885
124.885
124.885
124.885
124.885
124.885
124.885
124.885
124.885
124.885
124.885
124.885
124.885
124.885
124.885
124.885
124.885
124.885
124.885
124.885
124.885
123.655
123.655
123.655
123.655
123.655
123.655
123.655
123.655
123.655
118.999
118.999
118.999
118.999
118.999
118.999
118.999
118.999
118.999
118.999
118.999
118.999
118.999
118.999
118.999
118.999
118.999
118.999
118.999
118.999
118.755
118.755
118.755
118.755
118.755
118.755
118.755
118.755
118.755
118.755
118.755
118.755
118.755
118.755
118.755
118.755
118.755
118.755
118.755
118.755
118.755
118.755
118.755
118.755
118.755
118.755
118.755
118.755
118.755
118.755
118.755
118.755
118.755
118.755
118.755
118.755
118.755
118.755
118.755
118.755
118.755
118.755
118.755
118.755
118.755
118.755
118.755
118.755
118.755
118.755
118.755
118.755
118.755
118.755
118.755
118.755
118.755
118.755
118.755
118.755
118.755
118.755
118.755
118.755
118.755
118.755
118.755
118.755
118.755
118.755
118.755
118.755
118.755
118.755
118.755
118.755
118.755
118.755
118.755
118.755
118.755
118.755
118.755
118.755
118.755
118.755
118.755
118.755
118.755
118.755
118.755
118.755
118.755
118.755
118.755
118.755
118.755
118.755
118.755
118.755
118.755
118.755
118.755
118.755
118.755
118.755
118.755
118.755
118.755
118.755
118.755
118.755
118.755
118.755
118.755
118.755
118.755
118.755
118.755
118.755
118.755
118.755
118.755
118.755
118.755
118.755
118.755
118.755
118.755
118.755
118.755
118.755
118.755
118.755
118.755
118.755
118.755
118.755
118.755
118.755
118.755
118.755
118.755
118.755
118.755
118.755
118.755
118.755
118.755
118.755
118.755
118.755
118.755
118.755
118.755
118.755
118.755
118.755
118.755
118.755
118.755
118.755
118.755
118.755
118.755
118.755
118.755
118.755
118.755
118.755
118.755
118.755
118.755
118.755
118.755
118.755
118.755
118.755
118.755
118.755
118.755
118.755
118.755
118.755
118.755
118.755
118.755
118.755
118.755
118.755
118.755
118.755
118.755
118.755
118.755
118.755
118.755
118.755
118.755
118.755
118.755
118.755
118.755
118.755
118.755
118.755
118.755
118.755
118.755
118.755
118.755
118.755
118.755
118.755
118.755
118.755
118.755
118.755
118.755
118.755
118.755
118.755
118.755
118.755
118.755
118.755
118.755
118.755
118.755
118.755
118.755
118.755
118.755
118.755
118.755
118.755
118.755
118.755
118.755
118.755
118.755
118.755
118.755
118.755
118.755
118.755
118.755
118.755
118.755
118.755
118.755
118.755
118.755
118.755
118.755
118.755
118.755
118.755
118.755
118.755
118.755
118.755
118.755
118.755
118.755
118.755
118.755
118.755
118.755
118.755
118.755
118.755
118.755
118.755
118.755
118.755
118.755
118.755
118.755
118.755
118.755
118.755
118.755
118.755
118.755
118.755
118.755
118.755
118.755
118.755
118.755
118.755
118.755
118.755
118.755
118.755
118.755
118.755
118.755
118.755
118.755
118.755
118.755
118.755
118.755
118.755
118.755
118.755
118.755
118.755
118.755
118.755
118.755
118.755
118.755
118.755
118.755
118.755
118.755
118.755
118.755
118.755
118.755
118.755
118.755
118.755
118.755
118.755
118.755
118.755
118.755
118.755
118.755
118.755
118.755
118.755
118.755
118.755
118.755
118.755
118.755
118.755
118.755
118.755
118.755
118.755
118.755
118.755
118.755
118.755
118.755
118.755
118.512
118.512
118.512
118.512
118.268
118.268
118.268
118.268
118.268
118.268
118.268
118.268
118.268
118.268
118.268
118.268
118.268
118.268
118.268
118.268
118.268
118.268
118.268
118.268
118.268
118.268
118.268
118.268
118.268
118.268
118.268
118.268
118.268
118.268
118.268
118.268
118.268
118.268
118.268
118.268
118.268
118.268
118.268
118.268
118.268
118.268
118.268
118.268
118.268
118.268
118.268
118.268
118.268
118.268
118.024
118.024
118.024
118.024
118.024
118.024
117.536
117.536
117.536
117.536
117.536
117.536
117.536
117.536
117.536
117.536
117.536
117.536
117.536
117.536
117.536
117.536
117.536
117.536
117.536
117.536
117.536
117.536
117.536
117.536
117.536
117.536
117.536
117.536
117.536
117.536
117.536
117.536
117.536
117.536
117.536
117.536
117.536
117.536
117.536
117.536
117.536
117.536
117.536
117.536
117.536
117.536
117.536
117.536
117.536
117.536
117.536
117.536
117.536
117.536
117.536
117.536
117.536
117.536
117.536
117.536
117.536
117.536
117.536
117.536
117.536
117.536
117.536
117.536
117.536
117.536
117.536
117.536
117.536
117.536
117.536
117.536
117.536
117.536
117.536
117.536
117.536
117.536
117.536
117.536
117.536
117.536
117.536
117.536
117.536
117.536
117.536
117.536
117.536
117.536
117.536
117.536
117.536
117.536
117.536
117.536
117.536
117.536
117.536
117.536
117.536
117.536
117.536
117.536
117.536
117.536
117.536
117.536
117.536
117.536
117.536
117.536
117.536
117.536
117.536
117.536
117.536
117.536
117.536
117.536
117.536
117.536
117.536
117.536
117.536
117.536
117.536
117.536
117.536
117.536
117.536
117.536
117.536
117.536
117.536
117.536
117.536
117.536
117.536
117.536
117.536
117.536
117.536
117.536
117.536
117.536
117.536
117.536
117.536
117.536
117.536
117.536
117.536
117.536
117.536
117.536
117.536
117.536
117.536
117.536
117.536
117.536
117.536
117.536
117.536
117.536
117.536
117.536
117.536
117.536
117.536
117.536
117.536
117.536
117.536
117.536
117.536
117.536
117.536
117.536
117.536
117.536
117.536
117.536
117.536
117.536
117.536
117.536
117.536
117.536
117.536
117.536
117.536
117.536
117.536
117.536
117.536
117.536
117.536
117.536
117.536
117.536
117.536
117.536
117.536
117.536
117.536
117.536
117.536
117.536
117.536
117.536
117.536
117.536
117.536
117.536
117.536
117.536
117.536
117.536
117.536
117.536
117.536
117.536
117.536
117.536
117.536
117.536
117.536
117.536
117.536
117.536
117.536
117.536
117.536
117.536
117.536
117.536
117.536
117.536
117.536
117.536
117.536
117.536
117.536
117.536
117.536
117.536
117.536
117.536
117.536
117.536
117.536
117.536
117.536
117.536
117.536
117.536
117.536
117.536
117.536
117.536
117.536
117.536
117.536
117.536
117.536
117.536
117.536
117.536
117.536
117.536
117.536
117.536
117.536
117.536
117.536
117.536
117.536
117.536
117.536
117.536
117.536
117.536
117.536
117.536
117.536
117.536
117.536
117.536
117.536
117.536
117.536
117.536
117.536
117.536
117.536
117.536
117.536
117.536
117.536
117.536
117.536
117.536
117.536
117.536
117.536
117.536
117.536
117.536
117.536
117.536
117.536
117.536
117.536
117.536
117.536
117.536
117.536
117.536
117.536
117.536
117.536
117.536
117.536
117.536
117.536
117.536
117.536
117.536
117.536
117.536
117.536
117.536
117.536
117.536
117.536
117.536
117.536
117.536
117.536
117.536
117.536
117.536
117.536
117.536
117.536
117.536
117.536
117.536
117.536
117.536
117.536
117.536
117.536
117.536
117.536
117.536
117.536
117.536
117.536
117.536
117.536
117.536
117.536
117.536
117.536
117.536
117.536
117.536
117.536
117.536
117.536
117.536
117.536
117.536
117.536
117.536
117.536
117.536
117.536
117.536
117.536
117.536
117.536
117.536
117.536
117.536
117.536
117.536
117.536
117.536
117.536
117.536
117.536
117.536
117.536
117.536
117.536
117.536
117.536
117.536
117.536
117.536
117.536
117.536
117.536
117.536
117.536
117.536
117.536
117.536
117.536
117.536
117.536
117.536
117.536
117.536
117.536
117.536
117.536
117.536
117.536
117.536
117.536
117.536
117.536


-0.487046
-0.487046
-0.487046
-0.487046
-0.353292
-0.353292
-0.353292
-0.353292
-0.353292
-0.353292
-0.353292
-0.353292
-0.353292
-0.353292
-0.353292
-0.353292
-0.353292
-0.353292
-0.353292
-0.353292
-0.353292
-0.353292
-0.353292
-0.353292
-0.353292
-0.353292
-0.353292
-0.353292
-0.353292
1.43895

0.021

