-0.0382828
-0.0495925
-0.0714691
-0.0714691
-0.0714691
-0.144528
-0.144528
-0.183252
-0.183252
-0.183252
-0.183252
-0.183252
-0.183252
-0.183252
-0.204797
-0.204797
-0.204797
-0.204797
-0.204797
-0.204797
-0.204797
-0.204797
-0.204797
-0.204797
-0.204797
-0.204797
-0.204797
-0.204797
-0.275661
-0.275661
-0.275661
-0.275661
-0.275661
-0.275661
-0.275661
-0.275661
-0.275661
-0.352722
-0.352722
-0.352722
-0.352722
-0.352722
-0.352722
-0.352722
-0.352722
-0.352722
-0.352722
-0.352722
-0.352722
-0.462103
-0.462103
-0.462103
-0.462103
-0.462103
-0.462103
-0.462103
-0.479164
-0.479164
-0.479164
-0.479164
-0.479164
-0.479164
-0.524179
-0.524179
-0.524179
-0.524179
-0.583381
-0.583381
-0.583381
-0.583381
-0.583381
-0.583381
-0.583381
-0.583381
-0.583381
-0.583381
-0.583381
-0.583381
-0.583381
-0.583381
-0.583381
-0.583381
-0.583381
-0.583381
-0.583381
-0.583381
-0.583381
-0.583381
-0.617277
-0.617277
-0.666454
-0.666454
-0.666454
-0.668143
-0.668143
-0.668143
-0.668143
-0.668143
-0.668143
-0.668143
-0.668143
-0.668143
-0.668143
-0.668143
-0.668143
-0.668143
-0.668143
-0.668143
-0.668143
-0.668143
-0.668143
-0.668143
-0.668143
-0.668143
-0.668143
-0.668143
-0.668143
-0.668143
-0.668143
-0.668143
-0.668143
-0.668143
-0.668143
-0.668143
-0.668143
-0.668143
-0.756967
-0.756967
-0.756967
-0.756967
-0.756967
-0.756967
-0.756967
-0.756967
-0.756967
-0.756967
-0.756967
-0.756967
-0.756967
-0.756967
-0.756967
-0.756967
-0.756967
-0.756967
-0.756967
-0.756967
-0.756967
-0.756967
-0.756967
-0.756967
-0.756967
-0.756967
-0.756967
-0.756967
-0.756967
-0.756967
-0.756967
-0.756967
-0.756967
-0.756967
-0.756967
-0.756967
-0.756967
-0.756967
-0.756967
-0.756967
-0.756967
-0.756967
-0.756967
-0.756967
-0.756967
-0.756967
-0.756967
-0.756967
-0.759579
-0.759579
-0.759579
-0.759579
-0.759579
-0.759579
-0.759579
-0.759579
-0.759579
-0.759579
-0.759579
-0.759579
-0.759579
-0.759579
-0.759579
-0.759579
-0.759579
-0.759579
-0.759579
-0.759579
-0.759579
-0.759579
-0.761306
-0.796839
-0.796839
-0.796839
-0.796839
-0.796839
-0.796839
-0.796839
-0.796839
-0.796839
-0.827029
-0.827029
-0.827029
-0.827029
-0.827029
-0.827029
-0.827029
-0.827029
-0.827029
-0.827029
-0.827029
-0.827029
-0.827029
-0.827029
-0.827029
-0.827029
-0.827029
-0.827029
-0.827029
-0.827029
-0.827029
-0.827029
-0.827029
-0.827029
-0.827029
-0.827029
-0.827029
-0.827029
-0.827029
-0.827029
-0.827029
-0.827029
-0.827029
-0.827029
-0.827029
-0.827029
-0.827029
-0.827029
-0.827029
-0.827029
-0.827029
-0.827029
-0.827029
-0.827029
-0.827029
-0.827029
-0.827029
-0.827029
-0.827029
-0.827029
-0.827029
-0.827029
-0.827029
-0.827029
-0.827029
-0.827029
-0.827029
-0.870099
-0.870099
-0.870099
-0.870099
-0.870099
-0.870099
-0.870099
-0.870099
-0.870099
-0.870099
-0.870099
-0.870099
-0.870099
-0.870099
-0.870099
-0.870099
-0.870099
-0.870099
-0.870099
-0.870099
-0.870099
-0.870099
-0.870099
-0.870099
-0.870099
-0.870099
-0.870099
-0.870099
-0.870099
-0.870099
-0.870099
-0.870099
-0.870099
-0.870099
-0.870099
-0.870099
-0.870099
-0.870099
-0.870099
-0.870099
-0.870099
-0.870099
-0.870099
-0.870099
-0.870099
-0.870099
-0.870099
-0.870099
-0.870099
-0.870099
-0.870099
-0.870099
-0.870099
-0.870099
-0.870099
-0.870099
-0.870099
-0.870099
-0.870099
-0.870099
-0.870099
-0.870099
-0.870099
-0.870099
-0.870099
-0.870099
-0.870099
-0.870099
-0.870099
-0.870099
-0.870099
-0.870099
-0.870099
-0.870099
-0.870099
-0.870099
-0.870099
-0.870099
-0.870099
-0.870099
-0.870099
-0.870099
-0.870099
-0.870099
-0.870099
-0.870099
-0.870099
-0.870099
-0.870099
-0.870099
-0.870099
-0.870099
-0.870099
-0.870099
-0.870099
-0.870099
-0.870099
-0.870099
-0.870099
-0.870099
-0.870099
-0.870099
-0.870099
-0.870099
-0.870099
-0.870099
-0.870099
-0.870099
-0.870099
-0.870099
-0.870099
-0.870099
-0.870099
-0.870099
-0.870099
-0.870099
-0.870099
-0.870099
-0.870099
-0.870099
-0.870099
-0.870099
-0.870099
-0.870099
-0.870099
-0.870099
-0.870099
-0.870099
-0.870099
-0.870099
-0.870099
-0.870099
-0.899416
-0.899416
-0.899416
-0.899416
-0.899416
-0.899416
-0.899416
-0.899416
-0.899416
-0.899416
-0.899416
-0.899416
-0.899416
-0.899416
-0.899416
-0.899416
-0.899416
-0.899416
-0.899416
-0.899416
-0.899416
-0.899416
-0.899416
-0.899416
-0.899416
-0.899416
-0.899416
-0.899416
-0.899416
-0.899416
-0.899416
-0.899416
-0.899416
-0.899416
-0.899416
-0.899416
-0.899416
-0.899416
-0.899416
-0.899416
-0.899416
-0.899416
-0.899416
-0.899416
-0.899416
-0.899416
-0.899416
-0.899416
-0.899416
-0.899416
-0.899416
-0.899416
-0.899416
-0.899416
-0.899416
-0.899416
-0.899416
-0.899416
-0.899416
-0.899416
-0.899416
-0.899416
-0.899416
-0.899416
-0.899416
-0.899416
-0.899416
-0.899416
-0.899416
-0.899416
-0.899416
-0.899416
-0.899416
-0.899416
-0.899416
-0.899416
-0.899416
-0.899416
-0.899416
-0.899416
-0.899416
-0.899416
-0.899416
-0.899416
-0.899416
-0.899416
-0.899416
-0.899416
-0.899416
-0.899416
-0.899416
-0.899416
-0.899416
-0.899416
-0.899416
-0.899416
-0.899416
-0.899416
-0.899416
-0.899416
-0.899416
-0.899416
-0.899416
-0.899416
-0.899416
-0.899416
-0.899416
-0.899416
-0.899416
-0.899416
-0.899416
-0.899416
-0.899416
-0.899416
-0.899416
-0.899416
-0.899416
-0.899416
-0.899416
-0.899416
-0.899416
-0.899416
-0.899416
-0.899416
-0.899416
-0.899416
-0.899416
-0.899416
-0.899416
-0.899416
-0.899416
-0.899416
-0.899416
-0.899416
-0.899416
-0.899416
-0.899416
-0.899416
-0.899416
-0.899416
-0.899416
-0.899416
-0.899416
-0.899416
-0.899416
-0.899416
-0.899416
-0.899416
-0.899416
-0.899416
-0.899416
-0.899416
-0.899416
-0.899416
-0.899416
-0.899416
-0.899416
-0.899416
-0.899416
-0.899416
-0.899416
-0.899416
-0.899416
-0.899416
-0.899416
-0.899416
-0.899416
-0.899416
-0.899416
-0.899416
-0.899416
-0.899416
-0.899416
-0.899416
-0.899416
-0.899416
-0.899416
-0.899416
-0.899416
-0.899416
-0.899416
-0.899416
-0.899416
-0.899416
-0.899416
-0.899416
-0.899416
-0.899416
-0.899416
-0.899416
-0.899416
-0.899416
-0.899416
-0.899416
-0.899416
-0.899416
-0.899416
-0.899416
-0.899416
-0.899416
-0.899416
-0.899416
-0.899416
-0.899416
-0.899416
-0.899416
-0.899416
-0.906586
-0.906586
-0.906586
-0.906586
-0.906586
-0.906586
-0.906586
-0.906586
-0.906586
-0.906586
-0.906586
-0.906586
-0.906586
-0.906586
-0.906586
-0.906586
-0.906586
-0.906586
-0.906586
-0.906586
-0.906586
-0.906586
-0.906586
-0.906586
-0.906586
-0.906586
-0.906586
-0.906586
-0.906586
-0.906586
-0.906586
-0.906586
-0.906586
-0.906586
-0.906586
-0.906586
-0.906586
-0.906586
-0.906586
-0.906586
-0.906586
-0.906586
-0.906586
-0.906586
-0.906586
-0.906586
-0.906586
-0.906586
-0.906586
-0.906586
-0.906586
-0.906586
-0.906586
-0.906586
-0.906586
-0.906586
-0.906586
-0.906586
-0.906586
-0.906586
-0.906586
-0.906586
-0.906586
-0.906586
-0.906586
-0.906586
-0.906586
-0.906586
-0.906586
-0.906586
-0.906586
-0.906586
-0.906586
-0.906586
-0.906586
-0.906586
-0.906586
-0.906586
-0.906586
-0.906586
-0.906586
-0.906586
-0.906586
-0.906586
-0.906586
-0.906586
-0.906586
-0.906586
-0.906586
-0.906586
-0.906586
-0.906586
-0.906586
-0.906586
-0.906586
-0.906586
-0.906586
-0.906586
-0.906586
-0.906586
-0.906586
-0.906586
-0.906586
-0.906586
-0.906586
-0.906586
-0.906586
-0.906586
-0.906586
-0.906586
-0.906586
-0.906586
-0.906586
-0.906586
-0.906586
-0.906586
-0.906586
-0.906586
-0.906586
-0.906586
-0.906586
-0.906586
-0.906586
-0.906586
-0.906586
-0.906586
-0.906586
-0.906586
-0.906586
-0.906586
-0.906586
-0.906586
-0.906586
-0.906586
-0.906586
-0.906586
-0.906586
-0.906586
-0.906586
-0.906586
-0.906586
-0.906586
-0.906586
-0.906586
-0.906586
-0.906586
-0.906586
-0.906586
-0.906586
-0.906586
-0.906586
-0.906586
-0.906586
-0.906586
-0.906586
-0.906586
-0.906586
-0.906586
-0.906586
-0.906586
-0.906586
-0.906586
-0.906586
-0.906586
-0.906586
-0.906586
-0.906586
-0.906586
-0.906586
-0.906586
-0.906586
-0.906586
-0.906586
-0.906586
-0.906586
-0.906586
-0.906586
-0.906586
-0.906586
-0.906586
-0.906586
-0.906586
-0.906586
-0.906586
-0.906586
-0.906586
-0.906586
-0.906586
-0.906586
-0.906586
-0.906586
-0.906586
-0.906586
-0.906586
-0.906586
-0.906586
-0.906586
-0.906586
-0.906586
-0.906586
-0.906586
-0.906586
-0.906586
-0.906586
-0.906586
-0.906586
-0.906586
-0.906586
-0.906586
-0.906586
-0.906586
-0.906586
-0.906586
-0.906586
-0.906586
-0.906586
-0.906586
-0.906586
-0.906586
-0.906586
-0.906586
-0.906586
-0.906586
-0.906586
-0.906586
-0.906586
-0.906586
-0.906586
-0.906586
-0.906586
-0.906586
-0.906586
-0.906586
-0.906586
-0.906586
-0.906586
-0.906586
-0.906586
-0.906586
-0.906586
-0.906586
-0.906586
-0.906586
-0.906586
-0.906586
-0.906586
-0.906586
-0.906586
-0.906586
-0.906586
-0.906586
-0.906586
-0.906586
-0.906586
-0.906586
-0.906586
-0.906586
-0.906586
-0.906586
-0.906586
-0.906586
-0.906586
-0.906586
-0.906586
-0.906586
-0.906586
-0.906586
-0.906586
-0.906586
-0.906586
-0.906586
-0.906586
-0.906586
-0.906586
-0.906586
-0.906586
-0.906586
-0.906586
-0.906586
-0.906586
-0.906586
-0.906586
-0.906586
-0.906586
-0.906586
-0.906586
-0.906586
-0.906586
-0.906586
-0.906586
-0.906586
-0.906586
-0.906586
-0.906586
-0.906586
-0.906586
-0.906586
-0.906586
-0.906586
-0.906586
-0.906586
-0.906586
-0.906586
-0.906586
-0.906586
-0.906586
-0.906586
-0.906586
-0.906586
-0.906586
-0.906586
-0.906586
-0.906586
-0.906586
-0.906586
-0.906586
-0.906586
-0.906586
-0.906586
-0.906586
-0.906586
-0.906586
-0.906586
-0.906586
-0.906586
-0.906586
-0.906586
-0.906586
-0.906586
-0.906586
-0.906586
-0.906586
-0.906586
-0.906586
-0.906586
-0.906586
-0.906586
-0.906586
-0.906586
-0.906586
-0.906586
-0.906586
-0.906586
-0.906586
-0.906586
-0.906586
-0.906586
-0.906586
-0.906586
-0.906586
-0.906586
-0.906586
-0.906586
-0.906586
-0.906586
-0.906586
-0.906586
-0.906586
-0.906586
-0.906586
-0.906586
-0.906586
-0.906586
-0.906586
-0.906586
-0.906586
-0.906586
-0.906586
-0.906586
-0.906586
-0.906586
-0.906586
-0.906586
-0.906586
-0.906586
-0.906586
-0.906586
-0.906586
-0.906586
-0.906586
-0.906586
-0.906586
-0.906586
-0.906586
-0.906586
-0.906586
-0.906586
-0.906586
-0.906586
-0.906586
-0.906586
-0.906586
-0.906586
-0.906586
-0.906586
-0.906586
-0.906586
-0.906586
-0.906586
-0.906586
-0.906586
-0.906586
-0.906586
-0.906586
-0.906586
-0.906586
-0.906586
-0.906586
-0.906586
-0.906586
-0.906586
-0.906586
-0.906586
-0.906586
-0.906586
-0.906586
-0.906586
-0.906586
-0.906586
-0.906586
-0.906586
-0.906586
-0.906586
-0.906586
-0.906586
-0.906586
-0.912941
-0.912941
-0.912941
-0.912941
-0.912941
-0.912941
-0.912941
-0.912941
-0.912941
-0.912941
-0.912941
-0.912941
-0.912941
-0.912941
-0.912941
-0.912941
-0.912941
-0.912941
-0.912941
-0.912941
-0.912941
-0.912941
-0.912941
-0.912941
-0.912941
-0.912941
-0.912941
-0.912941
-0.912941
-0.912941
-0.912941
-0.912941
-0.912941
-0.912941
-0.912941
-0.912941
-0.912941
-0.912941
-0.912941
-0.912941
-0.912941
-0.912941
-0.912941
-0.912941
-0.912941
-0.912941
-0.912941
-0.912941
-0.912941
-0.912941
-0.912941
-0.912941
-0.912941
-0.912941
-0.912941
-0.912941
-0.912941
-0.912941
-0.912941
-0.912941
-0.912941
-0.912941
-0.912941
-0.912941
-0.912941
-0.912941
-0.912941
-0.912941
-0.912941
-0.912941
-0.912941
-0.912941
-0.912941
-0.912941
-0.912941
-0.912941
-0.912941
-0.912941
-0.912941
-0.912941
-0.912941
-0.912941
-0.912941
-0.912941
-0.912941
-0.912941
-0.912941
-0.912941
-0.912941
-0.912941
-0.912941
-0.912941
-0.912941
-0.912941
-0.912941
-0.912941
-0.912941
-0.912941
-0.912941
-0.912941
-0.912941
-0.912941
-0.912941
-0.912941
-0.912941
-0.912941
-0.912941
-0.912941
-0.912941
-0.912941
-0.912941
-0.912941
-0.912941
-0.912941
-0.912941
-0.912941
-0.912941
-0.912941
-0.912941
-0.912941
-0.912941
-0.912941
-0.912941
-0.912941
-0.912941
-0.912941
-0.912941
-0.912941
-0.912941
-0.912941
-0.912941
-0.912941
-0.912941
-0.912941
-0.912941
-0.912941
-0.912941
-0.912941
-0.912941
-0.912941
-0.912941
-0.912941
-0.912941
-0.912941
-0.912941
-0.912941
-0.912941
-0.912941
-0.912941
-0.912941
-0.912941
-0.912941
-0.912941
-0.912941
-0.912941
-0.912941
-0.912941
-0.912941
-0.912941
-0.912941
-0.912941
-0.912941
-0.912941
-0.914712
-0.914712
-0.914712
-0.914712
-0.914712
-0.914712
-0.914712
-0.914712
-0.914712
-0.914712
-0.914712
-0.914712
-0.914712
-0.914712
-0.914712
-0.914712
-0.914712
-0.914712
-0.914712
-0.914712
-0.914712
-0.914712
-0.914712
-0.914712
-0.914712
-0.914712
-0.914712
-0.914712
-0.915671
-0.915671
-0.915671
-0.915671
-0.915671
-0.915671
-0.915671
-0.915671
-0.915671
-0.915671
-0.915671
-0.915671
-0.915671
-0.915671
-0.915671
-0.915671
-0.915671
-0.915671
-0.915671
-0.915671
-0.915671
-0.915671
-0.915671
-0.915671
-0.915671
-0.915671
-0.915671
-0.915671
-0.915671
-0.915671
-0.915671
-0.915671
-0.915671
-0.915671
-0.915671
-0.915671
-0.915671
-0.915671
-0.915671
-0.915671
-0.915671
-0.915671
-0.915671
-0.915671
-0.915671
-0.915671
-0.915671
-0.915671
-0.915671
-0.915671
-0.915671
-0.915671
-0.915671
-0.915671
-0.915671
-0.915671
-0.915671
-0.915671
-0.915671
-0.915671
-0.915671
-0.915671
-0.915671
-0.915671
-0.917263
-0.917263
-0.917263
-0.917263
-0.917263
-0.917263
-0.917263
-0.917263
-0.917263
-0.917263
-0.917263
-0.917263
-0.917263
-0.917263
-0.917263
-0.917263
-0.917263
-0.917263
-0.917263
-0.917263
-0.917263
-0.917263
-0.917263
-0.917263
-0.917263
-0.917263
-0.917263
-0.917263
-0.917263
-0.917263
-0.917263
-0.917263
-0.917263
-0.917263
-0.917263
-0.917263
-0.917263
-0.917263
-0.917263
-0.917263
-0.917263
-0.917263
-0.917263
-0.917263
-0.917263
-0.917263
-0.917263
-0.917263
-0.917263
-0.917263
-0.917263
-0.917263
-0.917263
-0.917263
-0.917263
-0.917263
-0.917263
-0.917263
-0.917263
-0.917263
-0.917263
-0.917263
-0.917263
-0.917263
-0.917263
-0.917263
-0.917263
-0.917263
-0.917263
-0.917263
-0.917263
-0.917263
-0.917263
-0.917263
-0.917263
-0.917263
-0.917263
-0.917263
-0.917263
-0.917263
-0.917263
-0.917263
-0.917263
-0.917263
-0.917263
-0.917263
-0.917263
-0.917263
-0.917263
-0.917263
-0.917263
-0.917263
-0.917263
-0.917263
-0.917263
-0.917263
-0.917263
-0.917263
-0.917263
-0.917263
-0.917263
-0.917263
-0.917263
-0.917263
-0.917263
-0.917263
-0.917263
-0.917263
-0.917263
-0.917263
-0.917263
-0.917263
-0.917263
-0.917263
-0.917263
-0.917263
-0.917263
-0.917263
-0.917263
-0.917263
-0.917263
-0.917263
-0.917263
-0.917263
-0.917263
-0.917263
-0.917263
-0.917263
-0.917263
-0.917263
-0.917263
-0.917263
-0.917263
-0.917263
-0.917263
-0.917263
-0.917263
-0.917263
-0.917263
-0.917263
-0.917263
-0.917263
-0.917263
-0.917263
-0.917263
-0.917263
-0.917263
-0.917263
-0.917263
-0.917263
-0.917263
-0.917263
-0.917263
-0.917263
-0.917263
-0.917263
-0.917263
-0.917263
-0.917263
-0.917263
-0.917263
-0.917263
-0.917263
-0.917263
-0.917263
-0.917263
-0.917263
-0.917263
-0.917263
-0.917263
-0.917263
-0.917263
-0.917263
-0.917263
-0.917263
-0.917263
-0.917263
-0.917263
-0.917263
-0.917263
-0.917263
-0.917263
-0.917263
-0.917263
-0.917263
-0.917263
-0.917263
-0.917263
-0.917263
-0.917263
-0.917263
-0.917263
-0.917263
-0.917263
-0.917263
-0.917263
-0.917263
-0.917263
-0.917263
-0.917263
-0.917263
-0.917263
-0.917263
-0.917263
-0.917263
-0.917263
-0.917263
-0.917263
-0.917263
-0.917263
-0.917263
-0.917479
-0.917479
-0.917479
-0.917479
-0.917479
-0.917479
-0.917479
-0.917479
-0.917479
-0.917479
-0.917479
-0.917479
-0.917479
-0.917479
-0.917479
-0.917479
-0.917479
-0.917479
-0.917479
-0.917479
-0.917479
-0.917479
-0.917479
-0.917479
-0.917479
-0.917479
-0.917479
-0.917479
-0.917479
-0.917479
-0.917479
-0.917479
-0.917479
-0.917479
-0.917479
-0.917479
-0.917479
-0.917479
-0.917479
-0.917479
-0.917479
-0.917479
-0.917479
-0.917479
-0.917479
-0.917479
-0.917479
-0.917479
-0.917479
-0.917479
-0.917479
-0.921761
-0.921761
-0.921761
-0.921761
-0.921761
-0.921761
-0.921761
-0.921761
-0.921761
-0.921761
-0.921761
-0.921761
-0.921761
-0.921761
-0.921761
-0.921761
-0.921761
-0.921761
-0.921761
-0.921761
-0.921761
-0.921761
-0.921761
-0.921761
-0.921761
-0.921761
-0.921761
-0.921761
-0.921761
-0.921761
-0.921761
-0.921761
-0.921761
-0.921761
-0.921761
-0.921761
-0.921761
-0.921761
-0.921761
-0.921761
-0.921761
-0.921761
-0.921761
-0.921761
-0.921761
-0.921761
-0.921761
-0.921761
-0.921761
-0.921761
-0.921761
-0.921761
-0.921761
-0.921761
-0.921761
-0.921761
-0.921761
-0.921761
-0.921761
-0.921761
-0.921761
-0.921761
-0.921761
-0.921761
-0.921761
-0.921761
-0.921761
-0.921761
-0.921761
-0.921761
-0.921761
-0.921761
-0.921761
-0.921761
-0.921761
-0.921761
-0.921761
-0.921761
-0.921761
-0.921761
-0.921761
-0.921761
-0.921761
-0.921761
-0.921761
-0.921761
-0.921761
-0.921761
-0.921761
-0.921761
-0.921761
-0.921761
-0.921761
-0.921761
-0.921761
-0.921761
-0.921761
-0.921761
-0.921761
-0.921761
-0.921761
-0.921761
-0.921761
-0.921761
-0.921761
-0.921761
-0.921761
-0.921761
-0.921761
-0.921761
-0.921761
-0.921761
-0.921761
-0.921761
-0.921761
-0.921761
-0.921761
-0.921761
-0.921761
-0.921761
-0.921761
-0.921761
-0.921761
-0.921761
-0.921761
-0.921761
-0.921761
-0.921761
-0.921761
-0.921761
-0.921761
-0.921761
-0.921761
-0.921761
-0.921761
-0.921761
-0.921761
-0.921761
-0.921761
-0.921761
-0.921761
-0.921761
-0.921761
-0.921761
-0.921761
-0.921761
-0.921761
-0.921761
-0.921761
-0.921761
-0.921761
-0.923559
-0.923559
-0.923559
-0.923559
-0.923559
-0.923559
-0.923559
-0.923559
-0.923559
-0.923559
-0.923559
-0.923559
-0.923559
-0.923559
-0.923559
-0.923559
-0.923559
-0.923559
-0.923559
-0.923559
-0.923559
-0.923559
-0.923559
-0.923559
-0.923559
-0.923559
-0.923559
-0.923559
-0.923559
-0.923559
-0.923559
-0.923559
-0.923559
-0.923559
-0.923559
-0.923559
-0.923559
-0.923559
-0.923559
-0.923559
-0.923559
-0.923559
-0.923559
-0.923559
-0.923559
-0.923559
-0.923559
-0.923559
-0.923559
-0.923559
-0.923559
-0.923559
-0.923559
-0.923559
-0.923559
-0.923559
-0.923559
-0.923559
-0.923559
-0.923559
-0.923559
-0.923559
-0.923559
-0.923559
-0.923559
-0.923559
-0.923559
-0.923559
-0.923559
-0.923559
-0.923559
-0.923559
-0.923559
-0.923559
-0.923559
-0.923559
-0.923559
-0.923559
-0.923559
-0.923559
-0.923559
-0.923559
-0.923559
-0.923559
-0.923559
-0.923559
-0.923559
-0.923559
-0.923559
-0.923559
-0.923559
-0.923559
-0.923559
-0.923559
-0.923559
-0.923559
-0.923559
-0.923559
-0.923559
-0.923559
-0.923559
-0.923559
-0.923559
-0.923559
-0.923559
-0.923559
-0.923559
-0.923559
-0.923559
-0.923559
-0.923559
-0.923559
-0.923559
-0.923559
-0.923559
-0.923559
-0.923559
-0.923559
-0.923559
-0.923559
-0.923559
-0.923559
-0.923559
-0.923559
-0.923559
-0.923559
-0.923559
-0.923559
-0.923559
-0.923559
-0.923559
-0.923559
-0.923559
-0.923559
-0.923559
-0.923559
-0.923559
-0.923559
-0.923559
-0.923559
-0.923559
-0.923559
-0.923559
-0.923559
-0.923559
-0.923559
-0.923559
-0.923559
-0.923559
-0.923559
-0.923559
-0.923559
-0.923559
-0.923559
-0.923559
-0.923559
-0.923559
-0.923559
-0.923559
-0.923559
-0.923559
-0.923559
-0.923559
-0.923559
-0.923559
-0.923559
-0.923559
-0.923559
-0.923559
-0.923559
-0.923559
-0.923559
-0.923559
-0.923559
-0.923559
-0.923559
-0.923559
-0.923559
-0.923559
-0.923559
-0.923559
-0.923559
-0.923559
-0.923559
-0.923559
-0.923559
-0.923559
-0.923559
-0.923559
-0.923559
-0.923559
-0.923559
-0.923559
-0.923559
-0.923559
-0.923559
-0.923559
-0.923559
-0.923559
-0.923559
-0.923559
-0.923559
-0.923559
-0.923559
-0.923559
-0.923559
-0.923559
-0.923559
-0.923559
-0.923559
-0.923559
-0.923559
-0.923559
-0.923559
-0.923559
-0.923559
-0.923559
-0.923559
-0.923559
-0.923559
-0.923559
-0.923559
-0.923559
-0.923559
-0.923559
-0.923559
-0.923559
-0.923559
-0.923559
-0.923559
-0.923559
-0.923559
-0.923559
-0.923559
-0.923559
-0.923559
-0.923559
-0.923559
-0.923559
-0.923559
-0.923559
-0.923559
-0.923559
-0.923559
-0.923559
-0.923559
-0.923559
-0.923559
-0.923559
-0.923559
-0.923559
-0.923559
-0.923559
-0.923559
-0.923559
-0.923559
-0.923559
-0.923559
-0.923559
-0.923559
-0.923559
-0.923559
-0.923559
-0.923559
-0.923559
-0.923559
-0.923559
-0.923559
-0.923559
-0.923559
-0.923559
-0.923559
-0.923559
-0.923559
-0.923559
-0.923559
-0.923559
-0.923559
-0.923559
-0.923559
-0.923559
-0.923559
-0.923559
-0.923559
-0.923559
-0.923559
-0.923559
-0.923559
-0.923559
-0.923559
-0.923559
-0.923559
-0.923559
-0.923559
-0.923559
-0.923559
-0.923559
-0.923559
-0.923559
-0.923559
-0.923559
-0.923559
-0.923559
-0.923559


0.000419629
0.0347998
0.0789871
0.0365506
0.0557547
-0.0134819
0.0417656
0.0270919
-0.0628745
0.0483604
-0.00218467
-0.0469105
0.0954817
0.0261963
0.0194751
-0.0256253
-0.126432
-0.0715188
-0.00199392
-0.0189501
0.0774054
0.0320302
-0.100433
-0.0896815
-0.180972
-0.160347
-0.0896648
-0.105528
-0.0256064
-0.0156613

0.028

