20.6226
20.6226
20.5448
20.5448
20.5448
20.5448
20.5448
20.5448
20.5448
20.5448
20.5448
20.5448
20.5448
20.5448
20.5448
20.5448
20.5448
20.5448
20.4689
20.4689
20.4689
20.4689
20.4689
20.4689
20.4689
20.4689
20.4689
20.4689
20.4689
20.4689
20.4689
20.4689
20.4689
20.4689
20.4444
20.4444
20.4444
20.4444
20.4444
20.4444
20.4444
20.4444
20.4444
20.4444
20.4444
20.4444
20.4444
20.4444
20.4444
20.4294
20.4294
20.4294
20.4294
20.4294
20.4294
20.4294
20.4294
20.4294
20.4294
20.4294
20.1847
20.1847
20.1847
20.1847
20.1847
20.1847
20.1847
20.1847
20.1847
20.1847
20.1847
20.1847
20.1847
20.1847
20.1847
20.1847
20.1847
20.1847
20.1847
19.7162
19.7162
19.7162
19.7162
19.7162
19.7162
19.7162
19.7162
19.7162
19.7162
19.7162
19.7162
19.7162
19.7162
19.7162
19.7162
19.7162
19.7162
19.7162
19.7162
19.7162
19.7162
19.7162
19.7162
19.7162
19.7162
19.7162
19.7162
19.7162
19.7162
19.7162
19.7162
19.7162
19.7162
19.7162
19.7162
19.7162
19.7162
19.7162
19.7162
19.7162
19.7162
19.7162
19.7162
19.7162
19.7162
19.7162
19.7162
19.7162
19.7162
19.7162
19.7162
19.7162
19.7162
19.7162
19.7162
19.7162
19.7162
19.7162
19.7162
19.7162
19.7162
19.7162
19.7162
19.7162
19.7162
19.7162
19.7162
19.7162
19.7162
19.7162
19.7162
19.7162
19.7162
19.7162
19.7162
19.7162
19.7162
19.7162
19.7162
19.7162
19.7162
19.7162
19.7162
19.7162
19.7162
19.7162
19.7162
19.7162
19.7162
19.7162
19.7162
19.7162
19.7162
19.7162
19.7162
19.7162
19.7162
19.7162
19.7162
19.7162
19.7162
19.7162
19.7162
19.7162
19.7162
19.7162
19.7162
19.7162
19.7162
19.7162
19.7162
19.7162
19.7162
19.7162
19.7162
19.7162
19.7162
19.7162
19.7162
19.7162
19.7162
19.7162
19.7162
19.7162
19.7162
19.7162
19.7162
19.7162
19.7162
19.7162
19.7162
19.7162
19.7162
19.7162
19.7162
19.7162
19.436
19.436
19.436
19.436
19.436
19.436
19.436
19.436
19.436
19.436
19.436
19.436
19.436
19.436
19.436
19.436
19.436
19.436
19.436
19.436
19.436
19.436
19.436
19.436
19.436
19.436
19.435
19.435
19.4305
19.4305
19.4305
19.4305
19.4305
19.4305
19.4305
19.2868
19.2868
19.2868
19.2868
19.2868
19.2868
19.2868
19.2868
19.2868
19.2868
19.2868
19.2868
19.2868
19.2868
19.2868
19.2868
19.2868
19.0249
19.0249
19.0249
19.0249
19.0249
19.0249
19.0249
19.0249
18.8288
18.8288
18.8288
18.8288
18.8288
18.8288
18.8288
18.8288
18.8288
18.8288
18.8288
18.8288
18.8288
18.8288
18.8288
18.8288
18.8288
18.8288
18.8288
18.8288
18.8288
18.8288
18.8288
18.8288
18.8288
18.8288
18.8288
18.8288
18.8288
18.8288
18.8288
18.8288
18.8288
18.8288
18.8288
18.8288
18.8288
18.8288
18.6756
18.6756
18.6756
18.6756
18.6756
18.6756
18.6756
18.6756
18.6756
18.6756
18.6756
18.6756
18.6756
18.6756
18.6756
18.6756
18.5384
18.5384
18.5384
18.5384
18.5384
18.5384
18.5384
18.5384
18.5384
18.5384
18.5384
18.5384
18.5384
18.5384
18.5384
18.5384
18.5384
18.5384
18.5384
18.5384
18.5384
18.5384
18.5384
18.5384
18.5384
18.5384
18.5384
18.5384
18.5384
18.5384
18.5384
18.5384
18.5384
18.5384
18.5384
18.5384
18.5384
18.5384
18.5384
18.5384
18.5384
18.5384
18.5384
18.5384
18.5384
18.5384
18.5384
18.5384
18.5384
18.5384
18.5384
18.5384
18.5384
18.5384
18.5384
18.5384
18.5384
18.5384
18.5384
18.5384
18.5384
18.5384
18.5384
18.5384
18.5384
18.5384
18.5384
18.5384
18.5384
18.5384
18.5384
18.5384
18.5384
18.5384
18.5384
18.5384
18.5384
18.5384
18.5384
18.5384
18.5384
18.5384
17.6179
17.6179
17.6179
17.6179
17.6179
17.6179
17.6179
17.6179
17.6179
17.6179
17.6179
17.6179
17.6179
17.6179
17.6179
17.6179
17.6179
17.6179
17.6179
17.6179
17.6179
17.6179
17.6179
17.6179
17.6179
17.6179
17.6179
17.6179
17.6179
17.6179
17.6179
17.6179
17.6179
17.6179
17.6179
17.6179
17.6179
17.6179
17.6179
17.6179
17.6179
17.6179
17.6179
17.6179
17.6179
17.6179
17.6179
17.6179
17.6179
17.6179
17.6179
17.6179
17.6179
17.6179
17.6179
17.6179
17.6179
17.6179
17.6179
17.6179
17.6179
17.6179
17.4664
17.4664
17.4664
17.4664
17.4664
17.4664
17.4664
17.4664
17.4664
17.4664
17.4664
17.4664
17.4664
17.4664
17.4664
17.4664
17.4664
17.4664
17.4664
17.4664
17.4664
17.4664
17.4664
17.4664
17.4664
17.4664
17.4664
17.4664
17.4664
17.4664
17.4664
17.4664
17.4664
17.4664
17.4664
17.4664
17.3029
17.3029
17.3029
17.3029
17.3029
17.3029
17.3029
17.3029
17.3029
17.3029
17.3029
17.3029
17.3029
17.3029
17.3029
17.3029
17.3029
17.3029
17.3029
17.3029
17.3029
17.3029
17.3029
17.3029
17.3029
17.3029
17.3029
17.3029
17.3029
17.3029
17.3029
17.1285
17.1285
17.1285
17.1285
17.1285
17.1285
17.1285
17.1285
17.1285
17.1285
17.1285
17.1285
17.1285
17.1285
17.1285
17.1285
17.1285
17.1285
17.1285
17.1285
17.1285
17.1285
17.1285
17.1285
17.1285
17.1285
17.1285
17.1285
17.1285
17.1285
17.1285
17.1285
17.1285
17.1285
17.1285
17.1285
17.1285
17.1285
17.1285
17.1285
17.1285
17.1285
17.1285
17.1285
17.1285
17.1285
17.1285
17.1285
17.1285
17.1285
17.1285
17.1285
17.1285
17.1285
17.1285
17.1285
17.1285
17.1285
17.1285
17.1285
17.1285
17.1285
17.1285
17.1285
17.1285
17.1285
17.1285
17.1285
17.1285
17.1285
17.1285
17.1285
17.1285
17.1285
17.1285
17.1285
17.1285
17.1285
17.1285
17.1285
17.1285
17.1285
17.1285
17.1285
17.1285
17.1285
17.1285
17.1285
17.1285
17.1285
17.1285
17.1285
17.1285
17.1285
17.1285
17.1285
17.1285
17.1285
16.3637
16.3637
16.3637
16.3637
16.3637
16.3637
16.3637
16.3637
16.3637
16.3637
16.3637
16.3637
16.3637
16.3637
16.3637
16.3637
16.3637
16.3637
16.3637
16.3637
16.3637
16.3637
16.3637
16.3637
16.3637
16.3637
16.3637
16.3637
16.3637
16.3637
16.3637
16.3637
16.3637
16.3637
16.3637
16.3637
16.3637
16.3637
16.3637
16.3637
16.3637
16.3637
16.3637
16.3637
16.3637
16.3637
16.3637
16.3637
16.3637
16.3637
16.3637
16.3637
16.3637
16.3637
16.3637
16.3637
16.3637
16.3637
16.3637
16.3637
16.3637
16.3637
16.3637
16.3637
16.3637
16.3637
16.3637
16.3637
16.3637
16.3637
16.3637
16.3637
16.3637
16.3637
16.3637
16.3637
16.3637
16.3637
16.3637
16.3637
16.3637
16.3637
16.3637
16.3637
15.8323
15.8323
15.8323
15.8323
15.8323
15.8323
15.8323
15.8323
15.8323
15.8323
15.8323
15.8323
15.8323
15.8323
15.8323
15.8323
15.8323
15.8323
15.8323
15.8323
15.8323
15.6066
15.6066
15.6066
15.6066
15.6066
15.6066
15.6066
15.6066
15.6066
15.6066
15.6066
15.6066
15.6066
15.6066
15.6066
15.6066
15.6066
15.6066
15.6066
15.6066
15.6066
15.6066
15.6066
15.6066
15.6066
15.6066
15.6066
15.6066
15.6066
15.6066
15.6066
15.6066
15.6066
15.6066
15.6066
15.6066
15.6066
15.6066
15.6066
15.6066
15.6066
15.6066
15.6066
15.6066
15.6066
15.6066
15.6066
15.6066
15.6066
15.5668
15.5668
15.5668
15.5668
15.5668
15.5668
15.5668
15.5668
15.5668
15.5668
15.5668
15.5668
15.5668
15.5668
15.5668
15.5668
15.5668
15.5668
15.5668
15.5668
15.5668
15.5668
15.5668
15.5668
15.5668
15.5668
15.5668
15.5668
15.5668
15.5668
15.5668
15.5668
15.5668
15.5668
15.5668
15.5668
15.5668
15.5668
15.5668
15.5668
15.5668
15.5668
15.5668
15.5668
15.5668
15.5668
15.5668
15.5668
15.5668
15.5668
15.5668
15.5668
15.5668
15.5668
15.5668
15.5668
15.5668
15.5668
15.5668
15.5668
15.5668
15.5668
15.5668
15.5668
15.5668
15.5668
15.5668
15.5668
15.5668
15.5668
15.5668
15.5668
15.5668
15.5668
15.5668
15.5668
15.5668
15.5668
15.5668
15.5668
15.5668
15.0453
15.0453
15.0453
15.0453
15.0453
15.0453
15.0453
15.0453
15.0453
15.0453
15.0453
15.0453
15.0453
15.0453
15.0453
15.0453
15.0453
15.0453
15.0453
15.0453
15.0453
15.0453
15.0453
15.0453
15.0453
15.0453
15.0453
15.0453
15.0453
15.0453
14.7197
14.7197
14.7197
14.7197
14.7197
14.7197
14.7197
14.7197
14.7197
14.7197
14.7197
14.7197
14.7197
14.7197
14.7197
14.7197
14.7197
14.7197
14.7197
14.7197
14.7197
14.7197
14.7197
14.7197
14.7197
14.7197
14.7197
14.7197
14.7197
14.7197
14.7197
14.7197
14.7197
14.7197
14.7197
14.7197
14.7197
14.4922
14.4922
14.4922
14.4922
14.4922
14.4922
14.4922
14.4922
14.4922
14.4922
14.4922
14.4922
14.4922
14.4922
14.4922
14.4922
14.4922
14.4922
14.4922
14.4922
14.4922
14.4922
14.4922
14.4922
14.4922
14.4922
14.4922
14.4922
14.4922
14.4922
14.4922
14.4922
14.4922
14.4922
14.4922
14.4922
14.4922
14.4922
14.4922
14.4922
14.4922
14.4922
14.4922
14.4922
14.4922
14.4922
14.4922
14.4922
14.4922
14.292
14.292
14.292
14.292
14.292
14.292
14.292
14.292
14.292
14.292
14.292
14.292
14.292
14.292
14.292
14.292
14.292
14.292
14.292
14.292
14.292
14.292
14.292
14.292
14.292
14.292
14.292
14.292
14.292
14.292
14.292
14.1332
14.1332
14.1332
14.1332
14.1332
14.1332
14.1332
14.1332
14.1332
14.0113
14.0113
14.0113
14.0113
14.0113
14.0113
14.0113
14.0113
14.0113
14.0113
14.0113
14.0113
14.0113
14.0113
14.0113
14.0113
14.0113
14.0113
14.0113
14.0113
14.0113
14.0113
14.0113
14.0113
14.0113
14.0113
14.0113
14.0113
14.0113
14.0113
14.0113
13.9459
13.9459
13.9459
13.9459
13.9459
13.9459
13.9459
13.9459
13.9459
13.9459
13.9459
13.9459
13.9459
13.9459
13.9459
13.9459
13.9459
13.9459
13.9459
13.9459
13.9459
13.9459
13.9459
13.9459
13.9459
13.9459
13.9459
13.9459
13.9459
13.9459
13.9459
13.8608
13.8608
13.8608
13.8608
13.8608
13.8608
13.8608
13.8608
13.8608
13.8608
13.8608
13.8608
13.8608
13.8608
13.8608
13.8344
13.8344
13.8344
13.8344
13.8344
13.8344
13.8344
13.8344
13.8344
13.8344
13.8344
13.8344
13.8344
13.8344
13.8344
13.8344
13.8344
13.8344
13.8344
13.8344
13.8344
13.8344
13.8344
13.8344
13.8344
13.8344
13.8344
13.8344
13.7114
13.7114
13.7114
13.7114
13.7114
13.7114
13.7114
13.7114
13.3463
13.3463
13.3463
13.3463
13.3463
13.3463
13.0545
13.0545
13.0545
13.0545
13.0545
13.0545
13.0545
13.0545
13.0545
13.0545
13.0545
13.0545
13.0545
13.0545
13.0545
13.0545
13.0545
13.0545
13.0545
13.0545
13.0545
13.0545
13.0545
13.0545
13.0545
13.0545
13.0545
13.0545
13.0545
13.0545
13.0545
13.0545
13.0545
13.0545
13.0545
13.0545
12.8246
12.8246
12.8246
12.8246
12.8246
12.8246
12.8246
12.8246
12.8246
12.8246
12.8246
12.8246
12.8246
12.8246
12.8246
12.8246
12.8246
12.8246
12.8246
12.8246
12.8246
12.8246
12.8246
12.8246
12.8246
12.8246
12.8246
12.8246
12.8246
12.8246
12.8246
12.8246
12.8246
12.8246
12.8246
12.8246
12.8246
12.8246
12.8246
12.8246
12.8246
12.8246
12.8246
12.8246
12.8246
12.8246
12.8246
12.8246
12.8246
12.8246
12.8246
12.8246
12.8246
12.8246
12.8246
12.8246
12.8246
12.8246
12.8246
12.8246
12.8246
12.8246
12.8246
12.8246
12.8246
12.8246
12.8246
12.8246
12.8246
12.8246
12.8246
12.8246
12.8246
12.8246
12.8246
12.8246
12.8246
12.8246
12.8246
12.8246
12.8246
12.8246
12.8246
12.6841
12.6841
12.6841
12.6841
12.6841
12.6841
12.6841
12.6841
12.6841
12.6841
12.6841
12.6841
12.6841
12.6841
12.6841
12.6841
12.6841
12.6841
12.6057
12.6057
12.6057
12.6057
12.6057
12.6057
12.6057
12.6057
12.6057
12.6057
12.6057
12.6057
12.6057
12.6057
12.6057
12.6057
12.6057
12.6057
12.6057
12.6057
12.6057
12.6057
12.6057
12.6057
12.6057
12.6057
12.6057
12.6057
12.6057
12.6057
12.6057
12.6057
12.6057
12.6057
12.6057
12.6057
12.6057
12.6057
12.6057
12.6057
12.6057
12.6057
12.6057
12.6057
12.6057
12.6057
12.6057
12.6057
12.6057
12.6057
12.6057
12.6057
12.6057
12.6057
12.6057
12.6057
12.6057
12.6057
12.6057
12.6057
12.6057
12.6057
12.6057
12.6057
12.6057
12.6057
12.6057
12.6057
12.6057
12.6057
12.6057
12.6057
12.6057
12.6057
12.6057
12.6057
12.6057
12.6057
12.6057
12.6057
12.6057
12.6057
12.6057
12.6057
12.6057
12.6057
12.6057
12.6057
12.6057
12.6057
12.6057
12.6057
12.6057
12.6057
12.5696
12.5696
12.4829
12.4829
12.4829
12.4829
12.4829
12.4829
12.4829
12.4829
12.4829
12.4829
12.4829
12.4829
12.4829
12.4829
12.4829
12.4829
12.4829
12.4829
12.4829
12.4829
12.4829
12.4829
12.4829
12.4829
12.3312
12.3312
12.3312
12.3312
12.3312
12.3312
12.3312
12.3312
12.3312
12.3312
12.3312
12.3312
12.1944
12.1944
12.1944
12.1944
12.1944
12.1944
12.1944
12.1944
12.1944
12.1944
12.1944
12.1944
12.1944
12.1944
12.1944
12.1944
12.1944
12.1944
12.1944
12.1944
12.1944
12.1944
12.1944
12.1944
12.1944
12.1944
12.1944
12.1944
12.1944
12.1944
12.1944
12.1944
12.1944
12.1944
12.1944
12.1944
12.1944
12.1944
12.1944
12.1944
12.1944
12.1944
12.1944
12.1944
12.1944
12.1944
12.1944
12.1944
12.1944
12.1944
12.1414
12.1414
12.1414
12.1414
12.1414
11.9705
11.9705
11.9705
11.9705
11.9705
11.9705
11.9705
11.9705
11.9705
11.9705
11.9705
11.9705
11.9705
11.9705
11.9705
11.9705
11.9705
11.9705
11.9705
11.9705
11.9705
11.9705
11.9705
11.9705
11.9705
11.9705
11.9705
11.9705
11.9705
11.9705
11.9705
11.9705
11.9705
11.9705
11.9705
11.9705
11.9705
11.9705
11.9705
11.9705
11.9705
11.9705
11.9705
11.9705
11.9705
11.9705
11.9705
11.9705
11.9705
11.9705
11.9705
11.9705
11.9705
11.9705
11.9705
11.9705
11.9705
11.9705
11.9705
11.9705
11.9705
11.9705
11.9705
11.9633
11.9633
11.9633
11.9633
11.9633
11.9633
11.9633
11.9633
11.9633
11.9633
11.9633
11.9633
11.9633
11.9633
11.9633
11.9633
11.9633
11.9633
11.9633
11.9633
11.9633
11.9633
11.9633
11.9633
11.9633
11.9633
11.9633
11.9633
11.9633
11.9489
11.9489
11.9489
11.8767
11.7675
11.7675
11.7675
11.7675
11.7675
11.7675
11.7675
11.7675
11.7675
11.7675
11.7675
11.7675
11.7675
11.7675
11.7675
11.7675
11.7675
11.7675
11.7675
11.7675
11.7675
11.7675
11.7675
11.7675
11.7675
11.7675
11.7675
11.7675
11.7675
11.7675
11.7675
11.7675
11.7675
11.7675
11.7675
11.7675
11.7675
11.7675
11.7675
11.7675
11.7675
11.7675
11.7675
11.7277
11.7277
11.7277
11.7277
11.7277
11.7277
11.7277
11.7277
11.7277
11.7277
11.7277
11.7277
11.7277
11.7277
11.7277
11.7277
11.7277
11.7277
11.7277
11.7277
11.7277
11.7277
11.7277
11.7277
11.7277
11.7277
11.7277
11.7277
11.7277
11.7277
11.7277
11.7277
11.7277
11.7277
11.7277
11.7277
11.7277
11.7277
11.7277
11.7277
11.7277
11.7277
11.6934
11.6934
11.6934
11.6256
11.6256
11.1898
11.1898
11.1898
11.1898
11.1898
11.1898
11.1898
11.1898
11.1898
11.1898
11.1898
11.1898
11.1898
11.1898
11.1898
11.1898
11.1898
11.1898
11.1898
11.1898
11.1898
11.1898
11.1898
11.1898
11.1898
11.1898
10.7843
10.7843
10.7843
10.7843
10.7843
10.7843
10.7843
10.7843
10.7843
10.7843
10.7843
10.7843
10.7843
10.7843
10.7843
10.7843
10.7843
10.7843
10.7843
10.7843
10.7843
10.7843
10.7843
10.7843
10.7843
10.7843
10.7843
10.7843
10.7843
10.7843
10.7843
10.7843
10.7843
10.7843
10.7843
10.7843
10.7843
10.7843
10.7843
10.7843
10.7843
10.7843
10.7843
10.7843
10.7843
10.7843
10.7843
10.7843
10.7843
10.7843
10.7843
10.7843
10.7843
10.7843
10.7843
10.7843
10.7843
10.7843
10.7843
10.7843
10.7843
10.7843
10.7843
10.7843
10.7843
10.7843
10.7843
10.7843
10.7843
10.7843
10.7843
10.7843
10.7843
10.7843
10.7843
10.7843
10.7843
10.7843
10.7843
10.7843
10.7843
10.7843
10.7843
10.7843
10.7843
10.7843
10.7843
10.7843
10.7843
10.7843
10.7843
10.7843
10.7843
10.7843
10.7843
10.7843
10.7843
10.7843
10.7843
10.7843
10.7843
10.7843
10.7843
10.7843
10.7843
10.7843
10.7843
10.7843
10.7843
10.7843
10.7843
10.7843
10.7843
10.7843
10.7843
10.7843
10.7843
10.7843
10.7843
10.7843
10.7843
10.7843
10.7843
10.7843
10.7843
10.7843
10.7843
10.7843
10.7843
10.7843
10.7843
10.7843
10.7843
10.7843
10.7843
10.7843
10.7843
10.7843
10.7843
10.7843
10.7843
10.7843
10.7843
10.7843
10.7843
10.7843
10.7843
10.7843
10.7843
10.7843
10.7843
10.7843
10.7843
10.7843
10.7843
10.7843
10.7843
10.7843
10.7843
10.7843
10.7843
10.7843
10.7843
10.7843
10.7843
10.7843
10.7843
10.7843
10.7843
10.7843
10.7843
10.7843
10.7843
10.7843
10.7843
10.7843
10.7843
10.7104
10.7104
10.7104
10.7104
10.7104
10.7104
10.7104
10.7104
10.7104
10.7104
10.7104
10.7104
10.7104
10.7104
10.7104
10.7104
10.7104
10.7104
10.7104
10.7104
10.7104
10.7104
10.7104
10.7104
10.7104
10.7104
10.7104
10.7104
10.7104
10.7104
10.7104
10.7104
10.7104
10.7104
10.7104
10.7104
10.7104
10.7104
10.7104
10.7104
10.7104
10.7104
10.7104
10.7104
10.7104
10.7104
10.7104
10.7104
10.7104
10.7104
10.7104
10.7104
10.7104
10.7104
10.7104
10.7104
10.7104
10.7104
10.7104
10.7104
10.7104
10.7104
10.7104
10.7104
10.7104
10.7104
10.7104
10.7104
10.7104
10.7104
10.7104
10.7104
10.7104
10.7104
10.7104
10.7104
10.7104
10.7104
10.7104
10.7104
10.7104
10.6976
10.6976
10.6976
10.6976
10.6976
10.6976
10.6976
10.6976
10.6976
10.6411
10.6411
10.6411
10.6411
10.6411
10.6411
10.3816
10.3816
10.3816
10.3816
10.3816
10.3816
10.3816
10.3816
10.3816
10.3816
10.3816
10.3816
10.3816
10.3816
10.3816
10.3816
10.3816
10.3816
10.3816
10.3816
10.3816
10.3816
10.3816
10.3816
10.3816
10.3816
10.3816
10.3816
10.3816
10.3816
10.3816
10.3816
10.3816
10.3816
10.3816
10.3816
10.3816
10.3816
10.3816
10.3816
10.3816
10.3816


-5.94718
-5.94718
0.539016
-1.39304
-1.39304
-3.02709
-3.02709
-3.02709
-2.69508
2.04906
2.04906
0.925028
0.543017
0.543017
2.86309
2.86309
2.86309
2.00906
2.12506
1.79705
5.30316
1.79705
2.95709
2.95709
-1.56105
5.73718
1.05103
1.05103
1.05103
-5.94718

0.034

