231.274
231.274
231.274
231.274
231.274
231.274
124.84
124.84
124.84
124.84
124.84
124.84
124.84
124.84
124.84
124.84
124.84
124.84
124.84
124.84
124.84
124.84
124.84
124.84
87.7656
87.7656
87.7656
87.7656
87.7656
87.7656
87.7656
87.7656
87.7656
87.7656
53.5989
53.5989
53.5989
53.5989
53.5989
53.5989
53.5989
53.5989
53.5989
53.5989
53.5989
53.5989
53.5989
53.5989
53.5989
53.5989
53.5989
53.5989
53.5989
53.5989
53.5989
53.5989
53.5989
53.5989
53.5989
53.5989
53.5989
53.5989
53.5989
53.5989
53.5989
53.5989
53.5989
53.5989
53.5989
53.5989
53.5989
53.5989
53.5989
53.5989
53.5989
53.5989
53.5989
53.5989
53.5989
53.5989
53.5989
53.5989
53.5989
53.5989
53.5989
53.5989
53.5989
53.5989
53.5989
53.5989
53.5989
53.5989
53.5989
53.5989
53.5989
53.5989
53.5989
53.5989
53.5989
53.5989
53.5989
53.5989
53.5989
53.5989
53.5989
53.5989
52.6154
52.6154
52.6154
52.6154
52.6154
52.6154
52.6154
52.6154
52.6154
52.6154
50.7297
50.7297
50.7297
50.7297
50.7297
50.7297
50.7297
50.7297
50.7297
50.7297
50.7297
50.7297
50.7297
50.7297
50.7297
50.7297
50.7086
50.7086
50.7086
50.7086
50.7086
50.7086
50.7086
50.7086
50.7086
50.7086
50.7086
50.7086
50.7086
50.7086
50.7086
50.7086
50.7086
50.7086
50.7086
50.7086
50.7086
50.7086
50.7086
50.7086
50.1934
50.1934
50.1934
50.1934
50.1934
50.1934
50.1934
50.1934
50.1934
50.1934
50.1934
50.1934
50.1934
42.6777
42.6777
42.6777
42.6777
42.6777
42.6777
42.6777
42.6777
42.6777
42.6777
42.6777
42.6777
42.6777
42.6777
42.6777
42.6777
42.6777
42.6777
42.6777
42.6777
42.6777
42.6777
42.6777
42.6777
42.6777
42.6777
42.6777
42.6777
42.6777
42.6777
42.6777
42.6777
42.6777
42.6777
42.6777
42.6777
42.6777
42.6777
42.6777
42.6777
42.6777
42.6777
42.6777
42.6777
42.6777
42.6777
42.6777
42.6777
42.6777
42.6777
42.6777
42.6777
42.6777
42.6777
42.6777
42.6777
42.6777
42.6777
42.6777
42.6774
42.6774
42.6774
42.6774
42.6774
42.6774
42.6774
42.6774
42.6774
42.6774
42.6774
42.6774
42.6774
42.6774
42.6774
42.6774
42.6774
42.6774
42.6774
42.6774
42.6774
42.6774
42.6774
42.6774
42.6774
42.6774
42.6774
42.6774
42.6774
42.6774
42.6774
42.6774
42.6774
42.6774
42.6774
42.6774
42.6774
42.6774
42.6774
42.6774
42.6774
42.6774
42.6774
42.6774
42.6774
42.6774
42.6774
42.575
42.575
42.575
42.575
42.575
42.575
42.575
42.575
42.575
34.8634
34.8634
34.8634
34.8634
34.8634
34.8634
34.8634
34.8634
34.8634
34.8634
34.8634
34.8634
34.8634
34.8634
34.8634
34.8634
34.8634
34.8634
34.8634
34.8634
34.8634
34.8634
34.8634
34.8634
34.8634
34.8634
34.8634
34.8634
34.8634
34.8634
34.8634
34.8634
34.8634
34.8634
34.8634
34.8634
34.8634
34.8634
34.8634
34.8634
34.8634
34.8634
34.8634
34.8634
34.8634
34.8634
34.8634
34.8634
34.8634
34.8634
34.8634
34.8634
34.8634
34.8634
34.8634
34.8634
34.8634
34.8634
34.8634
34.8634
34.8634
34.8634
34.8634
34.8634
34.8634
34.8634
34.8634
34.8634
34.8634
34.8634
34.8634
34.8634
34.8634
34.8634
34.8634
34.8634
30.7099
30.7099
30.7099
30.7099
30.7099
30.7099
30.7099
30.7099
30.7099
30.7099
30.7099
30.7099
30.7099
30.7099
30.7099
30.7099
30.7099
30.7099
30.7099
30.7099
30.7099
30.7099
30.7099
30.7099
30.7099
30.7099
30.7099
30.7099
30.7099
30.7099
30.7099
30.7099
30.7099
30.7099
30.7099
30.7099
30.7099
30.7099
30.7099
30.7099
30.7099
30.7099
30.7099
30.7099
30.7099
30.7099
30.7099
30.7099
30.7099
30.7099
30.7099
30.7099
30.7099
30.7099
30.7099
30.7099
30.7099
30.7099
30.7099
30.7099
30.7099
30.7099
30.7099
30.7099
30.7099
30.7099
30.7099
30.7099
30.7099
30.7099
30.7099
30.7099
30.7099
30.7099
30.7099
30.7099
30.7099
30.7099
30.7099
30.7099
30.7099
30.7099
30.7099
30.7099
30.7099
30.7099
30.7099
30.7099
30.7099
30.7099
30.7099
30.7099
30.7099
30.7099
30.7099
30.7099
30.7099
30.7099
30.7099
30.7099
30.7099
30.7099
30.7099
30.7099
30.7099
30.7099
30.7099
30.7099
30.7099
30.7099
30.7099
30.7099
30.7099
30.7099
30.7099
30.7099
30.7099
30.7099
30.7099
30.7099
30.7099
30.7099
30.7099
30.7099
30.7099
30.7099
30.7099
30.7099
30.7099
30.7099
30.7099
30.7099
30.7099
30.3394
30.3394
30.3394
30.3394
30.3394
30.3394
30.3394
30.3394
30.3394
30.3394
30.3394
30.3394
30.3394
30.3394
30.3394
30.3394
30.3394
30.3394
30.3394
30.3394
30.3394
30.3394
30.3394
30.3394
30.3394
30.3394
30.3394
30.3394
30.3394
30.3394
30.3394
30.3394
30.3394
30.3394
30.3394
30.3394
30.3394
30.3394
30.3394
30.3394
30.3394
30.3394
30.3394
30.3394
30.3394
30.3394
30.3394
30.3394
30.3394
30.3394
30.3394
29.7455
29.7455
29.7455
29.7455
29.7455
29.7455
29.7455
29.7455
29.7455
29.7455
29.7455
29.7455
29.7455
29.7455
29.7455
29.7455
29.7455
29.7455
29.7455
29.7455
29.7455
29.7455
29.7455
29.7455
29.7455
29.7455
29.7455
29.7455
29.7455
29.7455
29.7455
29.7455
29.7455
29.7455
29.7455
29.7455
29.7455
29.7455
29.7455
29.7455
29.7455
29.7455
29.7455
29.7455
28.251
28.251
28.251
28.251
28.251
28.251
28.251
28.251
28.251
28.251
28.251
28.251
28.251
28.251
28.251
28.251
28.251
28.251
28.251
28.251
28.251
28.251
28.251
28.251
28.251
28.251
28.251
28.251
26.8017
26.8017
26.8017
26.8017
26.8017
26.8017
26.8017
26.8017
26.8017
26.8017
26.8017
26.8017
26.8017
26.8017
26.8017
26.8017
26.3491
26.3491
26.3491
26.3491
26.3491
26.3491
26.3491
26.3491
26.3491
26.3491
26.3491
26.3491
26.3491
25.0703
25.0703
25.0703
25.0703
25.0703
25.0703
25.0703
25.0703
25.0703
25.0703
25.0703
25.0703
25.0703
25.0703
25.0703
25.0703
25.0703
25.0703
25.0703
25.0703
25.0703
25.0703
25.0703
25.0703
25.0703
25.0703
25.0703
25.0703
25.0703
25.0703
25.0703
25.0703
25.0703
25.0703
25.0703
25.0703
25.0703
25.0703
25.0703
25.0703
25.0703
25.0703
25.0703
25.0703
25.0703
23.9552
23.9552
23.9552
23.9552
23.9552
23.9552
23.9552
23.9552
23.9552
23.9552
23.9552
23.9552
23.9552
23.9552
23.9552
23.9552
23.9552
23.9552
23.9552
23.9552
23.9552
23.9552
23.9552
23.9552
23.9552
23.9219
23.9219
23.9219
23.9219
23.9219
23.9219
23.9219
23.9219
23.9219
23.9219
23.9219
23.9219
23.9219
23.9219
23.9219
23.9219
23.9219
23.9219
23.9219
23.9219
23.9219
23.9219
23.9219
23.9219
23.9219
23.9219
23.9219
23.9219
23.9219
23.9219
23.9219
23.9219
23.9219
23.9219
23.9219
23.9219
23.9219
23.9219
23.9219
23.9219
23.9219
23.9219
23.9219
22.9862
22.9862
22.9862
22.9862
22.9862
22.9862
22.9862
22.9862
22.9862
22.9862
22.9862
22.9862
22.9862
22.9862
22.9862
22.9862
22.9862
22.9862
22.9862
22.9862
22.9862
22.9862
22.9862
22.9862
22.9862
22.9862
22.9862
22.9862
22.9862
22.9862
22.9862
22.9862
22.9862
22.9862
22.9862
22.9862
22.9862
22.9862
22.9862
22.9862
20.6381
20.6381
20.6381
20.6381
20.6381
20.6381
20.6381
20.6381
20.6381
20.6381
20.6381
20.6381
20.6381
20.6381
20.6381
20.6381
20.6381
20.6381
20.6381
20.6381
20.6381
20.6381
20.6381
20.6381
20.6381
20.6381
20.6381
20.6381
20.6381
20.6381
20.6381
20.6381
20.6381
20.6381
20.6381
20.6381
20.6381
20.0763
20.0763
20.0763
20.0763
20.0763
20.0763
20.0763
20.0763
20.0763
20.0763
20.0763
20.0763
20.0763
20.0763
20.0763
20.0763
20.0763
20.0763
20.0763
20.0763
20.0763
20.0763
20.0763
20.0763
20.0763
20.0763
20.0763
20.0763
20.0763
20.0763
20.0763
20.0763
20.0763
20.0763
20.0763
20.0763
20.0763
20.0763
19.6384
19.6384
19.6384
19.6384
19.6384
19.6384
19.6384
19.6384
19.6384
19.6384
18.5272
18.5272
18.5272
18.5272
18.5272
18.5272
18.5272
18.5272
18.5272
18.5272
18.5272
18.5272
18.5272
18.5272
18.5272
18.5272
18.5272
18.5272
18.5272
18.5272
18.5272
18.5272
18.5272
18.5272
18.5272
18.5272
18.5272
18.5272
18.5272
18.5272
18.5272
18.5272
18.5272
18.5272
18.5272
18.5272
18.5272
18.5272
18.5272
18.5272
18.5272
18.5272
18.5272
18.5272
18.5272
17.1407
17.1407
17.1407
17.1407
17.1407
17.1407
17.1407
17.1407
17.1407
17.1407
17.1407
17.1407
17.1407
17.1407
17.1407
17.1407
17.1407
17.1407
17.1407
17.1407
17.1407
17.1407
17.1407
17.1407
17.1407
17.1407
17.1407
17.1407
17.1407
17.1407
17.1407
17.1407
17.1407
17.1407
17.1407
17.1407
17.1407
17.1407
17.1407
17.1407
17.1407
17.1407
17.1407
17.1407
17.1407
17.1407
17.1407
17.1407
17.1407
17.1407
17.1407
17.1407
17.1407
17.1407
17.1407
17.1407
17.1407
17.1407
17.1407
16.4852
16.4852
16.4852
16.4852
16.4852
16.4852
16.4852
16.4852
16.4852
16.4852
16.4852
16.4852
16.4852
16.4852
16.4852
16.4852
16.4852
16.4852
16.4852
16.4852
16.4852
16.4852
16.4852
16.4852
16.4852
16.4852
16.4852
16.4852
16.4852
16.4852
16.4852
16.4852
16.4852
16.4852
16.4852
16.4852
16.4852
16.4852
16.4852
16.4852
16.4852
16.4852
16.4852
16.4852
16.4852
16.4852
16.4852
16.4852
16.4852
16.4852
16.4852
16.4852
16.4852
16.4852
16.4852
16.4852
16.4852
16.4852
16.4852
16.4852
16.4852
16.4852
16.4852
16.4852
16.4852
16.4852
16.4852
16.4852
16.4852
16.4852
16.4852
16.4852
16.4852
16.4852
16.4852
16.4852
16.4852
16.4852
16.4852
16.4852
16.4852
16.4852
16.4852
16.4852
16.4852
16.4852
16.2407
16.2407
16.2407
16.2407
16.2407
16.2407
16.2407
16.2407
16.2407
16.2407
16.2407
16.2407
16.2407
16.2407
16.2407
16.2407
16.2407
16.2407
16.2407
16.2407
16.2407
16.2407
16.2407
16.2407
16.2407
16.2407
16.2407
16.2407
16.2407
16.2407
16.2407
16.2407
16.2407
16.2407
16.2407
16.2407
16.2407
16.2407
16.2407
16.2407
16.2407
16.2407
16.2407
16.2407
16.2407
16.2407
16.2407
16.2407
16.2407
16.2407
16.2407
16.2407
16.2407
16.2407
16.2407
16.2407
16.2407
16.2407
16.2407
16.2407
16.2407
16.2407
16.2407
16.2407
16.2407
15.7976
15.7976
15.7976
15.7976
15.7976
15.7976
15.7976
15.7976
15.7976
15.7976
15.7976
15.7976
15.7976
15.7976
15.7976
15.7976
15.7976
15.7976
15.7976
15.7976
15.7976
15.7976
15.7976
15.7976
15.7976
15.7976
15.7976
15.7976
15.7976
15.7976
15.7976
15.7976
15.7976
15.7976
15.7976
15.7976
15.7976
15.7976
15.7976
15.7976
15.7976
15.7976
15.7976
15.7976
15.7976
15.7976
15.7976
15.7976
15.7976
15.7976
15.7976
15.7976
15.7976
15.7976
15.7976
15.7976
15.7976
15.7976
15.7976
15.7976
15.7976
15.7976
15.7976
15.7976
15.7976
15.7976
15.7976
15.7976
15.7976
15.7976
15.7976
15.5156
15.5156
15.5156
15.5156
15.5156
15.5156
15.5156
15.5156
15.5156
15.5156
15.5156
15.5156
15.5156
15.5156
15.5156
15.5156
15.5156
15.5156
15.5156
15.5156
15.5156
15.5156
15.5156
15.5156
15.5156
15.5156
15.5156
15.5156
15.5156
15.5156
15.5156
15.5156
15.5156
15.5156
15.5156
15.5156
15.5156
15.5156
15.5156
15.5156
15.5156
15.5156
15.5156
15.5156
15.5156
15.5156
15.5156
15.5156
15.5156
15.5156
15.5156
15.5156
15.5156
15.5156
15.5156
15.5156
15.5156
15.5156
15.5156
15.5156
15.5156
15.5156
15.5156
15.5156
15.5156
15.4381
15.4381
15.4381
15.4381
15.4381
15.4381
15.4381
15.4381
15.4381
15.3749
15.3749
15.3749
15.3749
15.3749
15.3749
15.3749
15.3749
15.3749
15.3749
15.3749
15.3749
15.3749
15.3749
15.3749
15.3749
15.3749
15.3749
15.3749
15.3749
15.3749
15.3749
15.3749
15.3749
15.3749
15.3749
15.3749
15.3749
15.3749
15.3749
15.3749
15.3749
15.3749
15.3749
15.3749
15.3749
15.3749
15.3749
15.3749
15.3749
15.3749
15.3749
15.3749
15.3749
15.3749
15.3749
15.3749
15.3749
15.3749
15.3749
15.3749
15.3749
15.3749
15.3749
15.3749
15.3749
15.3749
15.3749
15.3749
15.3749
15.3749
15.3749
15.3749
15.3749
15.3749
15.3749
15.3749
15.3749
15.3749
15.3749
15.3749
15.3749
15.3749
15.3749
15.3749
15.3749
15.3749
15.3749
15.3749
15.3749
15.3749
15.3749
15.3749
15.3749
15.3749
15.3749
15.3749
15.3749
15.3749
15.3749
15.3749
15.3749
15.3749
15.3749
15.3749
15.3749
15.3749
15.3749
15.3749
15.3749
15.3749
15.3749
14.9355
14.9355
14.9355
14.9355
14.9355
14.9355
14.9355
14.9355
14.9355
14.9355
14.9355
14.9355
14.9355
14.9355
14.9355
14.9355
14.9355
14.9355
14.9355
14.9355
14.9355
14.9355
14.9355
14.9355
14.9355
14.9355
14.9355
14.9355
14.9355
14.9355
14.9355
14.9355
14.9355
14.9355
14.9355
14.9355
14.9355
14.9355
14.9355
14.9355
14.9355
14.9355
14.9355
14.9355
14.9355
14.9355
14.9355
14.9355
14.9355
14.9355
14.9355
14.9355
14.9355
14.9355
14.9355
14.9355
14.9355
14.9355
14.9355
14.9355
14.7676
14.7676
14.7676
14.7676
14.7676
14.7676
14.7676
14.7676
14.7676
14.7676
14.7145
14.7145
14.7145
14.7145
14.7145
14.7145
14.6901
14.2747
14.2747
14.2747
14.2747
14.2747
14.2747
14.2747
14.2747
14.2747
14.2747
14.2747
14.2747
14.2747
14.2747
14.2747
14.1972
14.1972
14.1972
14.1972
14.1972
14.1972
14.1972
14.1972
14.1972
14.1972
14.1972
14.1972
14.1972
14.1972
14.1972
14.1972
14.1972
14.1972
14.1972
14.1972
14.1972
14.1972
14.1972
14.1972
14.1972
14.1972
14.1972
14.1972
14.1972
14.1972
14.1972
14.1972
14.1972
14.1972
14.1972
14.1972
14.1972
14.0861
14.0861
14.0861
14.0861
14.0861
14.0861
14.0861
14.0861
14.0861
14.0861
14.0861
14.0861
14.0861
14.0861
14.0861
14.0861
14.0861
14.0861
14.0861
14.0861
14.0861
14.0861
14.0861
14.0861
14.0861
14.0861
14.0861
14.0861
14.0861
14.0861
14.0861
14.0861
14.0861
14.0861
14.0861
14.0861
14.0861
14.0861
14.0861
14.0861
14.0861
14.0861
14.0861
14.0861
14.0861
14.0861
14.0861
14.0861
14.0861
14.0861
14.0861
14.0861
14.0861
14.0861
14.0861
14.0861
14.0861
14.0861
14.0861
14.0861
14.0861
14.0861
14.0861
14.0861
14.0861
14.0861
14.0861
14.0861
14.0861
14.0861
14.0861
14.0861
14.0861
14.0861
14.0861
14.0861
14.0861
14.0861
14.0861
14.0861
14.0861
14.0861
14.0861
14.0861
14.0861
14.0861
14.0861
14.0861
14.0861
14.0861
14.0861
14.0861
14.0861
14.0861
14.0861
14.0861
14.0861
14.0861
14.0861
14.0861
14.0861
14.0861
14.0086
14.0086
14.0086
14.0086
14.0086
14.0086
14.0086
14.0086
14.0086
14.0086
14.0086
14.0086
14.0086
14.0086
14.0086
14.0086
14.0086
14.0086
14.0086
14.0086
14.0086
14.0086
14.0086
14.0086
14.0086
14.0086
14.0086
14.0086
14.0086
14.0086
14.0086
14.0086
14.0086
14.0086
14.0086
14.0086
14.0086
14.0086
14.0086
14.0086
14.0086
14.0086
14.0086
14.0086
14.0086
14.0086
14.0086
14.0086
14.0086
14.0086
14.0086
14.0086
14.0086
14.0086
14.0086
14.0086
14.0086
14.0086
14.0086
14.0086
14.0086
14.0086
14.0086
14.0086
14.0086
14.0086
14.0086
14.0086
13.9186
13.9186
13.9186
13.9186
13.9186
13.9186
13.9186
13.9186
13.9186
13.9186
13.9186
13.9186
13.9186
13.9186
13.9186
13.9186
13.9186
13.9186
13.9186
13.9186
13.9186
13.9186
13.9186
13.9186
13.9186
13.9186
13.9186
13.9186
13.9186
13.9186
13.9186
13.9186
13.9186
13.9186
13.9186
13.9186
13.9186
13.9186
13.9186
13.9186
13.9186
13.9186
13.9186
13.9186
13.9186
13.9186
13.9186
13.9186
13.9186
13.9186
13.9186
13.9186
13.9186
13.9186
13.9186
13.9186
13.9186
13.9186
13.9186
13.9186
13.9186
13.9186
13.9186
13.9186
13.9186
13.9186
13.9186
13.9186
13.9186
13.9186
13.9186
13.9186
13.9186
13.9186
13.9186
13.9186
13.9186
13.9186
13.9186
13.9186
13.9186
13.9186
13.9186
13.9186
13.9186
13.9186
13.9186
13.9186
13.9186
13.9186
13.9186
13.9186
13.9186
13.9186
13.9186
13.9186
13.9186
13.9186
13.9186
13.9186
13.9186
13.9186
13.9186
13.9186
13.9186
13.9186
13.9186
13.9186
13.9186
13.9186
13.9186
13.9186
13.9186
13.9186
13.9186
13.9186
13.9186
13.9186
13.9186
13.9186
13.9186
13.9186
13.9186
13.9186
13.9186
13.9186
13.9186
13.9186
13.9186
13.9186
13.8585
13.8585
13.8585
13.8585
13.8585
13.8585
13.8243
13.8243
13.8243
13.8243
13.8243
13.8243
13.8243
13.8243
13.8243
13.8243
13.8243
13.8243
13.8243
13.8243
13.8243
13.8243
13.8243
13.643
13.643
13.643
13.643
13.643
13.643
13.643
13.643
13.643
13.643
13.643
13.643
13.643
13.643
13.643
13.643
13.643
13.643
13.643
13.643
13.643
13.643
13.643
13.643
13.5456
13.5456
13.5456
13.5456
13.5456
13.5456
13.5456
13.5456
13.5456
13.5456
13.5456
13.5456
13.5456
13.5456
13.5456
13.5456
13.5456
13.5456
13.5456
13.5456
13.5456
13.5456
13.5456
13.5456
13.5456
13.5456
13.5456
13.5456
13.5456
13.5456
13.5456
13.5456
13.5456
13.5456
13.5456
13.5456
13.5456
13.5456
13.5456
13.5456
13.5456
13.5456
13.5456
13.5456
13.5456
13.4791
13.4791
13.4791
13.4791
13.4791
13.4791
13.4791
13.4791
13.4791
13.2069
13.2069
13.2069
13.2069
13.2069
13.2069
13.2069
13.2069
13.2069
13.2069
13.2069
13.2069
13.2069
13.2069
13.2069
13.2069
13.2069
13.2069
13.2069
13.2069
13.2069
13.2069
13.2069
13.2069
13.2069
13.2069
13.2069
13.2069
13.2069
13.2069
13.2069
13.2069
13.2069
13.2069
13.2069
13.2069
13.2069
13.2069
13.2069
13.2069
13.2069
13.2069
13.2069
13.2069
13.2069
13.2069
13.2069
13.2069
13.2069
13.2069
13.2069
13.2069
13.2069
13.2069
13.2069
13.2069
13.2069
13.2069
13.2069
13.2069
13.2069
13.2069
13.2069
13.2069
13.2069
13.2069
13.2069
13.2069
13.2069
13.2069
13.2069
13.2069
13.2069
13.2069
13.2069
13.2069
13.2069
13.2069
13.2069
13.2069
13.2069
13.2069
13.2069
13.1758
13.1758


-0.048677
-0.048677
-0.048677
-0.048677
-0.327311
-0.327311
0.997803
1.06098
0.421613
0.421613
0.28428
0.28428
-0.9859
0.908383
0.908383
1.12537
1.02466
1.02466
-0.360271
0.334025
-0.262307
0.0178533
0.0178533
0.0178533
0.0178533
0.0178533
0.0166326
0.0166326
-1.77969
0.0196844

0.027

