63.2076
63.2076
63.2076
63.2076
63.2076
63.2076
63.2076
58.9496
38.7877
38.7877
38.7877
38.7877
38.7877
38.7877
38.7877
38.7877
38.7877
38.7877
38.7877
38.7877
38.7877
38.7877
38.7877
38.7877
38.7877
38.7877
38.7877
38.7877
38.7877
38.7877
38.7877
38.7877
38.7877
38.7877
33.0787
33.0787
33.0787
33.0787
33.0787
33.0787
33.0787
33.0787
33.0787
33.0787
33.0787
33.0787
33.0787
33.0787
33.0787
33.0787
33.0787
33.0787
33.0787
33.0787
33.0787
19.3434
19.3434
19.3434
19.3434
19.3434
19.3434
19.3434
19.3434
19.3434
19.3434
19.3434
19.3434
19.3434
19.3434
19.3434
19.3434
19.3434
19.3434
19.3434
19.3434
19.3434
19.3434
19.3434
19.3434
19.3434
19.3434
19.3434
19.3434
19.3434
19.3434
19.3434
19.3434
19.3434
19.3434
19.3434
19.3434
19.3434
19.3434
19.3434
19.3434
19.3434
19.3434
19.3434
19.3434
19.3434
19.3434
19.3434
19.3434
19.3434
19.3434
19.3434
19.3434
19.3434
19.3434
19.3434
19.3434
19.3434
19.3434
19.3434
19.3434
19.3434
19.3434
19.3434
19.3434
19.3434
19.3434
19.3434
19.3434
19.3434
19.3434
19.3434
19.3434
19.3434
19.3434
19.3434
19.3434
19.3434
19.3434
19.3434
19.3434
19.3434
19.3434
19.3434
19.3434
19.3434
19.3434
19.3434
19.3434
19.3434
19.3434
19.3434
19.3434
19.3434
19.3434
19.3434
19.3434
19.3434
19.3434
19.3434
19.3434
19.3434
19.3434
19.3434
19.3434
19.3434
19.3434
19.3434
19.3434
19.3434
17.7925
17.7925
17.7925
17.7925
17.7925
17.7925
16.4149
16.4149
16.4149
16.4149
16.4149
16.4149
16.4149
16.4149
16.4149
16.4149
16.4149
16.4149
16.4149
16.4149
16.4149
16.4149
16.4149
16.4149
16.4149
16.4149
16.4149
15.2068
15.2068
15.2068
15.2068
15.2068
15.2068
15.2068
15.2068
15.2068
15.2068
15.2068
15.2068
15.2068
15.2068
15.2068
15.2068
15.2068
15.2068
15.2068
15.2068
15.2068
15.2068
15.2068
15.2068
15.2068
15.2068
15.2068
15.2068
15.2068
15.2068
15.2068
15.2068
15.2068
15.2068
15.2068
15.2068
15.2068
15.2068
15.2068
15.2068
15.2068
15.2068
15.2068
15.2068
15.2068
15.2068
15.2068
15.2068
15.2068
15.2068
15.2068
15.2068
15.2068
15.2068
14.606
14.606
14.606
14.606
14.606
14.606
14.606
14.606
14.606
12.5813
12.5813
12.5813
12.5813
12.5813
12.5813
12.5813
12.5813
12.5813
12.5813
12.5813
12.5813
12.5813
12.5813
12.5813
12.5813
12.5813
12.5813
12.5813
12.5813
12.5813
12.5813
12.5813
12.5813
12.5813
12.5813
12.5813
12.5813
12.5813
12.5813
12.5813
12.5813
12.5813
12.5813
12.5813
12.5813
12.5813
12.5813
12.5813
12.5813
12.5813
12.5813
12.5813
12.5813
12.5813
12.5813
12.5813
12.5813
12.5813
12.5813
12.5813
12.5813
12.5813
12.5813
12.5813
12.5813
12.5813
12.5813
12.5813
12.5813
12.5813
12.5813
12.5813
12.5813
12.5813
12.5813
12.5813
12.5813
12.5813
12.0184
12.0184
12.0184
12.0184
12.0184
12.0184
12.0184
12.0184
12.0184
12.0184
12.0184
12.0184
12.0184
12.0184
12.0184
12.0184
12.0184
12.0184
12.0184
12.0184
12.0184
12.0184
12.0184
12.0184
11.247
11.247
11.247
11.247
11.247
11.247
11.247
11.247
11.247
11.247
11.247
11.247
11.247
11.247
11.247
11.247
11.247
11.247
11.247
11.247
11.247
11.247
11.247
11.247
11.247
11.247
11.247
11.247
11.247
11.247
11.247
11.247
11.247
11.247
11.247
11.247
11.247
11.247
11.247
11.247
11.247
11.247
11.247
11.247
11.247
11.247
11.247
11.247
11.2285
11.2285
11.2285
11.2285
11.2285
11.2285
11.2285
11.2285
11.2285
11.2285
11.2285
9.90889
9.90889
9.90889
9.90889
9.90889
9.90889
9.90889
9.90889
9.90889
9.90889
9.90889
9.90889
9.90889
9.90889
9.90889
9.90889
9.90889
9.90889
9.90889
9.90889
9.90889
9.90889
9.90889
9.90889
9.90889
9.90889
9.90889
9.90889
9.90889
9.90889
9.90889
9.90889
9.90889
9.90889
9.90889
9.90889
9.90889
9.90889
9.90889
9.90889
9.90889
9.90889
9.90889
9.90889
9.90889
9.90889
9.90889
9.90889
9.90889
9.90889
9.90889
9.90889
9.90889
9.90889
9.90889
9.90889
9.90889
9.90889
9.90889
9.90889
9.90889
9.90889
9.90889
9.90889
9.90889
9.90889
9.90889
9.90889
9.90889
9.90889
9.90889
9.90889
9.90889
9.90889
9.90889
9.90889
9.90889
9.90889
9.90889
9.90889
9.82596
8.96495
8.96495
8.96495
8.96495
8.96495
8.96495
8.96495
8.96495
8.96495
8.96495
8.96495
8.96495
8.96495
8.96495
8.96495
8.96495
8.96495
8.96495
8.96495
8.96495
8.96495
8.96495
8.96495
8.96495
8.96495
8.96495
8.96495
8.96495
8.96495
8.96495
8.96495
8.96495
8.96495
8.96495
8.96495
8.96495
8.96495
8.96495
8.96495
8.96495
8.96495
8.96495
8.96495
8.96495
8.96495
8.96495
8.96495
8.96495
8.96495
8.96495
8.96495
8.96495
8.96495
8.96495
8.96495
8.7456
8.7456
8.7456
8.7456
8.7456
8.7456
8.7456
8.71542
8.71542
8.71542
8.71542
8.71542
8.71542
8.71542
8.71542
8.71542
8.71542
8.71542
8.71542
8.71542
8.71542
8.71542
8.71542
8.71542
8.71542
8.71542
8.71542
8.71542
8.71542
8.71542
8.71542
8.71542
8.71542
8.71542
8.71542
8.71542
8.71542
8.71542
8.71542
8.71542
8.71542
8.71542
8.71542
8.71542
8.71542
8.71542
8.71542
8.71542
8.71542
8.71542
8.71542
8.71542
8.71542
8.71542
8.71542
8.71542
8.71542
8.71542
8.71542
8.71542
8.71542
8.71542
8.71542
8.71542
8.71542
8.71542
8.71542
8.71542
8.71542
8.71542
8.71542
8.71542
8.71542
8.71542
8.71542
8.71542
8.71542
8.71542
8.71542
8.71542
8.71542
8.71542
8.71542
8.71542
8.71542
8.71542
8.71542
8.71542
8.71542
8.71542
8.71542
8.71542
8.71542
8.43961
8.43961
8.43961
8.43961
8.43961
8.43961
8.43961
8.43961
8.43961
8.43961
8.43961
8.43961
8.43961
8.41708
8.41708
8.41708
8.41708
8.41708
8.41708
8.41708
8.41708
8.41708
8.41708
8.41708
8.41708
8.41708
8.41708
8.41708
8.41708
8.41708
8.41708
8.25272
8.25272
8.25272
8.25272
8.25272
8.25272
8.25272
8.25272
8.25272
8.25272
8.25272
8.25272
8.25272
8.25272
8.25272
8.25272
8.25272
8.25272
8.25272
8.25272
8.25272
8.25272
8.25272
8.25272
8.25272
8.25272
8.25272
8.25272
8.25272
8.25272
8.25272
8.25272
8.25272
8.25272
8.25272
8.25272
8.25272
8.25272
8.25272
8.25272
8.25272
8.25272
8.25272
8.25272
8.25272
8.25272
8.25272
8.18435
8.18435
8.18435
8.18435
8.18435
8.18435
8.18435
8.18435
8.18435
8.11345
8.11345
8.11345
8.11345
8.11345
8.11345
8.11345
8.11345
8.11345
8.11345
8.11345
8.11345
8.11345
8.11345
8.11345
8.11345
7.53205
7.53205
7.53205
7.53205
7.53205
7.53205
7.53205
7.53205
7.53205
7.53205
7.53205
7.53205
7.53205
7.53205
7.53205
7.53205
7.53205
7.53205
7.53205
7.53205
7.53205
7.53205
7.53205
7.53205
7.53205
7.53205
7.53205
7.53205
7.53205
7.53205
7.53205
7.53205
7.53205
7.53205
7.53205
7.53205
7.53205
7.53205
7.53205
7.53205
7.53205
7.53205
7.53205
7.53205
7.53205
7.53205
7.53205
7.53205
7.53205
7.53205
7.53205
7.53205
7.53205
7.53205
7.53205
7.53205
7.53205
7.53205
7.53205
7.53205
7.53205
7.53205
7.53205
7.53205
7.53205
7.53205
7.53205
7.53205
7.53205
7.53205
7.53205
7.53205
7.53205
7.53205
7.53205
7.53205
7.53205
7.53205
7.53205
7.53205
7.53205
7.53205
7.53205
7.53205
7.53205
7.53205
7.53205
7.53205
7.53205
7.53205
7.53205
7.53205
7.53205
7.53205
7.53205
7.53205
7.53205
7.53205
7.53205
7.53205
7.53205
7.53205
7.53205
7.53205
7.53205
7.53205
7.53205
7.53205
7.53205
7.53205
7.53205
7.53205
7.53205
7.53205
7.53205
7.53205
7.53205
7.53205
7.53205
7.53205
7.53205
7.53205
7.53205
7.53205
7.53205
7.50437
7.50437
7.50437
7.50437
7.50437
7.50437
7.50437
7.50437
7.50437
7.50437
7.50437
7.50437
7.50437
7.49321
7.49321
7.49321
7.49321
7.49321
7.49321
7.49321
7.49321
7.49321
7.49321
7.49321
7.49321
7.49321
7.49321
7.49321
7.49321
7.49321
7.49321
7.49321
7.49321
7.24618
7.24618
7.24618
7.24618
7.24618
7.24618
7.24618
7.24618
7.24618
7.24618
7.06501
7.06501
7.06501
7.06501
7.06501
7.06501
7.06501
7.06501
7.06501
7.06501
7.06501
7.06501
7.06501
7.06501
7.06501
7.06501
7.06501
7.06501
7.06501
7.06501
7.06501
7.06501
7.06501
7.06501
7.06501
7.06501
7.06501
7.06501
7.06501
7.06501
7.06501
7.06501
7.06501
7.06501
7.06501
7.06501
7.06501
7.06501
7.06501
7.06501
7.06501
7.06501
7.06501
7.06501
7.06501
7.06501
7.06501
6.97945
6.97945
6.97945
6.97945
6.97945
6.97945
6.97945
6.97945
6.97945
6.97945
6.97945
6.97945
6.97945
6.97945
6.97945
6.97945
6.97945
6.97945
6.97945
6.97945
6.97945
6.97945
6.62843
6.62843
6.62843
6.62843
6.62843
6.62843
6.62843
6.62843
6.62843
6.62843
6.62843
6.62843
6.62843
6.62843
6.62843
6.62843
6.62843
6.62843
6.62843
6.62843
6.62843
6.62843
6.62843
6.62843
6.62843
6.62843
6.62843
6.62843
6.62843
6.62843
6.62843
5.93915
5.93915
5.93915
5.93915
5.93915
5.93915
5.93915
5.93915
5.93915
5.93915
5.93915
5.93915
5.93915
5.93915
5.93915
5.93915
5.93915
5.93915
5.93915
5.93915
5.93915
5.93915
5.93915
5.93915
5.93915
5.93915
5.93915
5.93915
5.93915
5.93915
5.93915
5.93915
5.93915
5.93915
5.93915
5.93915
5.93915
5.93915
5.93915
5.93915
5.93915
5.93915
5.93915
5.93915
5.93915
5.93915
5.93915
5.93915
5.93915
5.93915
5.93915
5.93915
5.93915
5.93915
5.93915
5.93915
5.93915
5.93915
5.93915
5.93915
5.93915
5.93915
5.93915
5.93915
5.93915
5.93915
5.93915
5.93915
5.93915
5.93915
5.93915
5.93915
5.93915
5.93915
5.93915
5.93915
5.93915
5.93915
5.93915
5.93915
5.93915
5.93915
5.93915
5.93915
5.93915
5.93915
5.93915
5.93915
5.93915
5.93915
5.93915
5.93915
5.93915
5.93915
5.93915
5.93915
5.93915
5.93915
5.93915
5.93915
5.93915
5.93915
5.93915
5.93915
5.93915
5.93915
5.93915
5.93915
5.93915
5.93915
5.93915
5.93915
5.93915
5.93915
5.93915
5.93915
5.93915
5.93915
5.93915
5.93915
5.93915
5.93915
5.93915
5.93915
5.93915
5.93915
5.93915
5.93915
5.93915
5.93915
5.93915
5.93915
5.93915
5.93915
5.93915
5.93915
5.93915
5.93915
5.93915
5.93915
5.93915
5.93915
5.93915
5.93915
5.93915
5.82816
5.82816
5.82816
5.82816
5.82816
5.82816
5.82816
5.56952
5.56952
5.56952
5.56952
5.56952
5.56952
5.56952
5.56952
5.56952
5.56952
5.56952
5.56952
5.56952
5.56952
5.56952
5.56952
5.56952
5.56952
5.56952
5.56952
5.28995
5.28995
5.28995
5.28995
5.28995
5.28995
5.28995
5.28995
5.28995
5.28995
5.28995
5.28995
5.28995
5.28995
5.28995
5.28995
5.28995
5.28995
5.28995
5.28995
5.28995
5.28995
5.28995
5.28995
5.28995
5.28995
5.28995
5.28995
5.28995
5.28995
5.28995
5.28995
5.28995
5.28995
5.28995
5.28995
5.28995
5.28995
5.28995
5.28995
5.28995
5.28995
5.28995
5.28995
5.28995
5.28995
5.28995
5.28995
5.28995
5.28995
5.28995
5.28995
5.28995
5.24633
5.1035
5.1035
5.1035
4.96589
4.96589
4.96589
4.96589
4.96589
4.96589
4.96589
4.96589
4.96589
4.96589
4.96589
4.96589
4.96589
4.96589
4.96589
4.96589
4.96589
4.96589
4.96589
4.96589
4.96589
4.96589
4.96589
4.96589
4.96589
4.96589
4.9613
4.9613
4.9613
4.9613
4.9613
4.9613
4.9613
4.9613
4.9613
4.9613
4.9613
4.9613
4.9613
4.9613
4.9613
4.9613
4.9613
4.9613
4.9613
4.9613
4.9613
4.9613
4.9613
4.9613
4.9613
4.9613
4.9613
4.9613
4.9613
4.9613
4.86775
4.86775
4.86775
4.86775
4.86775
4.86775
4.86775
4.86775
4.86775
4.86775
4.86775
4.58472
4.58472
4.58472
4.58472
4.58472
4.58472
4.58472
4.58472
4.58472
4.58472
4.58472
4.58472
4.58472
4.58472
4.58472
4.58472
4.58472
4.58472
4.58472
4.58472
4.58472
4.58472
4.58472
4.58472
4.58472
4.58472
4.58472
4.58472
4.58472
4.58472
4.58472
4.58472
4.58472
4.58472
4.58472
4.58472
4.58472
4.58472
4.58472
4.58472
4.58472
4.58472
4.58472
4.58472
4.58472
4.58472
4.58472
4.58472
4.58472
4.58472
4.58472
4.58472
4.58472
4.58472
4.58472
4.58472
4.58472
4.58472
4.58472
4.58472
4.58472
4.58472
4.58472
4.58472
4.58472
4.58472
4.58472
4.58472
4.58472
4.58472
4.58472
4.58472
4.58472
4.58472
4.58472
4.58472
4.58472
4.58472
4.58472
4.58472
4.58472
4.58472
4.58472
4.58472
4.58472
4.58472
4.5715
4.5715
4.5715
4.5715
4.5715
4.5715
4.5715
4.5715
4.5715
4.5715
4.5715
4.5715
4.5715
4.5715
4.5715
4.5715
4.5715
4.5715
4.5715
4.5715
4.5715
4.5715
4.5715
4.5715
4.5715
4.5715
4.5715
4.5715
4.5715
4.5715
4.5715
4.5715
4.5715
4.5715
4.5715
4.5715
4.5715
4.5715
4.5715
4.5715
4.5715
4.5715
4.5715
4.5715
4.5715
4.5715
4.5715
4.5715
4.5715
4.5715
4.5715
4.5715
4.5715
4.5715
4.5715
4.5715
4.5715
4.5715
4.5715
4.5715
4.5715
4.5715
4.5715
4.5715
4.5715
4.5715
4.5715
4.5715
4.5715
4.5715
4.5715
4.5715
4.5715
4.5715
4.5715
4.5715
4.5715
4.5715
4.5715
4.5715
4.5715
4.5715
4.5715
4.5715
4.5715
4.5715
4.5715
4.5715
4.5715
4.5715
4.5715
4.5715
4.5715
4.5715
4.5715
4.5715
4.5715
4.5715
4.5715
4.5715
4.5715
4.5715
4.5715
4.41685
4.41685
4.41685
4.41685
4.41685
4.41685
4.41685
4.41685
4.41685
4.41685
4.41685
4.41685
4.3709
4.3709
4.3709
4.3709
4.3709
4.3709
4.3709
4.3709
4.3709
4.3709
4.3709
4.32607
4.32607
4.32607
4.32607
4.32607
4.32607
4.32607
4.32607
4.32607
4.32607
4.32607
4.32607
4.32607
4.32607
4.32607
4.32607
4.32607
4.32607
4.13837
4.13837
4.13837
4.13837
4.13837
4.13837
4.13837
4.13837
4.13837
4.13837
4.13837
4.13837
4.06138
4.06138
4.06138
4.06138
4.06138
4.06138
4.06138
4.06138
4.06138
4.06138
4.06138
4.06138
4.06138
4.06138
4.06138
4.06138
4.06138
4.06138
4.06138
4.06138
4.0296
4.0296
4.0296
3.87096
3.87096
3.87096
3.87096
3.87096
3.87096
3.87096
3.87096
3.87096
3.87096
3.87096
3.87096
3.87096
3.87096
3.87096
3.87096
3.87096
3.87096
3.87096
3.87096
3.87096
3.87096
3.87096
3.87096
3.87096
3.87096
3.87096
3.87096
3.87096
3.87096
3.87096
3.87096
3.87096
3.87096
3.87096
3.87096
3.87096
3.87096
3.87096
3.87096
3.87096
3.87096
3.87096
3.87096
3.87096
3.87096
3.87096
3.87096
3.87096
3.87096
3.87096
3.87096
3.87096
3.87096
3.87096
3.87096
3.87096
3.87096
3.87096
3.87096
3.87096
3.87096
3.87096
3.87096
3.87096
3.87096
3.87096
3.87096
3.87096
3.87096
3.87096
3.87096
3.87096
3.87096
3.87096
3.87096
3.87096
3.87096
3.87096
3.87096
3.87096
3.79567
3.79567
3.79567
3.79567
3.79567
3.79567
3.79567
3.79567
3.79567
3.79567
3.79567
3.79567
3.79567
3.79567
3.79567
3.79567
3.79567
3.79567
3.79567
3.79567
3.79567
3.79567
3.79567
3.79357
3.75742
3.75742
3.75742
3.75742
3.75742
3.75742
3.75742
3.66674
3.66674
3.66674
3.66674
3.66674
3.66674
3.66674
3.66674
3.66674
3.66674
3.66674
3.66674
3.66674
3.66674
3.66674
3.66674
3.66674
3.66674
3.66674
3.66674
3.66674
3.66674
3.66674
3.66674
3.66674
3.66674
3.66674
3.66674
3.66674
3.66674
3.66674
3.66674
3.66674
3.66674
3.66674
3.66674
3.66674
3.66674
3.66674
3.66674
3.66674
3.66674
3.66674
3.66674
3.66674
3.66674
3.64129
3.64129
3.64129
3.64129
3.64129
3.64129
3.64129
3.64129
3.64129
3.64129
3.64129
3.64129
3.64129
3.64129
3.64129
3.64129
3.64129
3.64129
3.64129
3.64129
3.64129
3.64129
3.64129
3.64129
3.64129
3.64129
3.64129
3.64129
3.64129
3.64129
3.64129
3.64129
3.64129
3.64129
3.64129
3.64129
3.64129
3.64129
3.64129
3.64129
3.64129
3.64129
3.64129
3.64129
3.64129
3.64129
3.64129
3.63459
3.63459
3.62926
3.62926
3.62926
3.62926
3.62926
3.62926
3.62926
3.62926
3.62926
3.62926
3.62926
3.62926
3.55917
3.55917
3.55917
3.55917
3.55917
3.55917
3.55917
3.55917
3.55917
3.55917
3.55917
3.32099
3.32099
3.28289
3.28289
3.28289
3.28289
3.28289
3.28289
3.28289
3.28289
3.28289
3.28289
3.28289
3.28289
3.28289
3.28289
3.28289
3.28289
3.28289
3.28289
3.28289
3.28289
3.28289
3.28289
3.28289
3.28289
3.28289
3.28289
3.28289
3.28289
3.28289
3.28289
3.28289
3.28289
3.28289
3.28289
3.28289
3.28289
3.28289
3.28289
3.28289
3.28289
3.28289
3.28289
3.28289
3.28289
3.28289
3.28289
3.28289
3.28289
3.28289
3.28289
3.28289
3.28289
3.28289
3.28289
3.28289
3.28289
3.28289
3.28289
3.24119
3.24119
3.24119
3.24119
3.24119
3.24119
3.12852
3.12852
3.12852
3.12852
3.12852
3.12852
3.12852
3.12852
3.12852
3.12852
3.12852
3.12852
3.12852
3.12852
3.12852
3.12852
3.12852
3.12852
3.12852
3.12852
3.12852
3.12852
3.12852
3.12852
3.12852
3.12852
3.12852
3.12852
3.12852
3.12852
3.12852
3.12852
3.12852
3.12852
3.12852
3.12852
3.12852
3.12852
3.12852
3.12852
3.12852
3.12852
3.12852
3.12852
3.12852
3.12852
3.12852
3.12852
3.12852
3.12852
3.02984
3.02984
3.02984
3.02984
3.02984
3.02984
3.02984
3.02984
3.02984
3.02984
3.02984
3.02984
3.02984
3.02984
3.02984
3.02984
3.02984
3.02984
3.02984
3.02984
3.02984
3.02984
3.02984
3.02984
3.02984
3.02984
3.02984
3.02984
3.02984
3.02984
3.02984
3.02984
3.02984
3.02984
3.02984
3.02984
3.02984
3.02984
3.02984
3.02984
3.02984
3.02984
3.02984
3.02984
3.02984
3.02984
3.02984
3.02984
3.02984
3.02984
3.02984
3.02984
3.02984
3.02984
3.02984
3.02984
3.02984
3.02984
3.02984
3.02984
3.02984
3.02984
3.02984
3.02984
3.02984
3.02984
3.02984
3.02984
3.02984
3.02984
3.02984
3.02984
3.02984
3.02984
3.02984
3.02984
3.02984
3.02984
2.89118
2.89118
2.89118
2.89118
2.89118
2.89118
2.89118
2.89118
2.89118


-0.165305
-0.0532241
0.0581609
0.0221553
-0.0183941
-0.25278
-0.00379957
0.0430739
0.151008
0.0379045
-0.0701696
-0.187606
-0.13366
0.00353699
0.108454
0.091495
0.192954
0.00476222
0.109118
0.0360374
0.0570038
-0.093175
0.0378483
0.0495332
-0.0486971
-0.101447
-0.0204291
-0.0868979
-0.12521
-0.527341

0.025

