491.598
300.603
300.603
300.603
300.603
300.603
300.603
300.603
300.603
300.603
300.603
300.603
300.603
234.314
210.018
210.018
210.018
210.018
210.018
210.018
210.018
210.018
210.018
210.018
210.018
210.018
210.018
210.018
210.018
210.018
210.018
210.018
210.018
210.018
210.018
210.018
210.018
210.018
210.018
210.018
210.018
160.116
160.116
160.116
160.116
160.116
160.116
160.116
160.116
160.116
160.116
160.116
160.116
160.116
160.116
160.116
160.116
160.116
160.116
160.116
160.116
160.116
160.116
160.116
160.116
160.116
160.116
160.116
160.116
160.116
160.116
160.116
106.857
106.857
106.857
106.857
106.857
106.857
106.857
106.857
106.857
106.857
106.857
106.857
106.857
106.857
106.857
106.857
106.857
106.857
106.857
106.857
106.857
106.857
106.857
106.857
106.857
106.857
106.857
106.857
106.857
106.857
106.857
106.857
106.857
106.857
106.857
106.857
106.857
106.857
106.857
106.857
106.857
106.857
106.857
106.857
106.857
106.857
106.857
106.857
106.857
106.857
106.857
106.857
106.857
106.857
106.857
67.4737
67.4737
67.4737
67.4737
67.4737
67.4737
67.4737
67.4737
67.4737
67.4737
67.4737
67.4737
67.4737
67.4737
67.4737
67.4737
67.4737
67.4737
67.4737
67.4737
67.4737
67.4737
67.4737
67.4737
67.4737
67.4737
67.4737
67.4737
67.4737
67.4737
67.4737
67.4737
67.4737
67.4737
67.4737
67.4737
67.4737
67.4737
67.4737
67.4737
67.4737
67.4737
67.4737
67.4737
67.4737
67.4737
67.4737
67.4737
67.4737
67.4737
67.4737
67.4737
67.4737
67.4737
67.4737
67.4737
67.4737
67.4737
67.4737
67.4737
67.4737
67.4737
67.4737
67.4737
67.4737
67.4737
67.4737
67.4737
67.4737
67.4737
67.4737
67.4737
67.4737
67.4737
67.4737
67.4737
67.4737
67.4737
67.4737
67.4737
67.4737
67.4737
67.4737
67.4737
67.4737
67.4737
67.4737
67.4737
67.4737
67.4737
67.4737
67.4737
67.4737
67.4737
67.4737
67.4737
67.4737
67.4737
67.4737
67.4737
67.4737
67.4737
67.4737
67.4737
67.4737
67.4737
67.4737
67.4737
67.4737
67.4737
67.4737
67.4737
67.4737
67.4737
67.4737
67.4737
67.4737
67.4737
67.4737
67.4737
67.4737
66.6559
66.6559
62.4006
62.4006
62.4006
62.4006
62.4006
62.4006
62.4006
62.4006
62.4006
62.4006
62.4006
62.4006
62.4006
62.4006
62.4006
62.4006
62.4006
62.4006
62.4006
62.4006
41.7656
41.7656
41.7656
41.7656
41.7656
41.7656
41.7656
41.7656
41.7656
41.7656
41.7656
41.7656
41.7656
41.7656
41.7656
41.7656
41.7656
41.7656
41.7656
41.7656
41.7656
41.7656
41.7656
41.7656
41.7656
41.7656
41.7656
41.7656
41.7656
41.7656
41.7656
41.7656
41.7656
41.7656
41.7656
41.7656
41.7656
41.7656
41.7656
41.7656
41.7656
41.7656
41.7656
41.7656
41.7656
41.7656
41.7656
41.7656
41.7656
41.7656
41.7656
41.7656
41.7656
41.7656
41.7656
41.7656
41.7656
41.7656
41.7656
41.7656
41.7656
41.7656
41.7656
41.7656
41.7656
41.7656
41.7656
41.7656
41.7656
41.7656
41.7656
41.7656
41.7656
41.7656
41.7656
41.7656
41.7656
41.7656
41.7656
41.7656
41.7656
41.7656
41.7656
41.7656
41.7656
41.7656
41.7656
41.7656
41.7656
41.7656
41.7656
41.7656
41.7656
41.7656
41.7656
41.7656
41.7656
41.7656
41.7656
41.7656
41.7656
41.7656
41.7656
41.7656
41.7656
41.7656
41.7656
41.7656
41.7656
41.7656
41.7656
41.7656
41.7656
41.7656
34.2081
34.2081
34.2081
34.2081
34.2081
34.2081
34.2081
34.2081
34.2081
34.2081
34.2081
34.2081
34.2081
34.2081
34.2081
34.2081
34.2081
34.2081
34.2081
34.2081
34.2081
34.2081
34.2081
34.2081
34.2081
34.2081
34.2081
34.2081
34.2081
34.2081
34.2081
34.2081
34.2081
34.2081
34.2081
34.2081
34.2081
34.2081
34.2081
34.2081
34.2081
34.2081
34.2081
34.2081
34.2081
34.2081
34.2081
34.2081
34.2081
34.2081
34.2081
34.2081
34.2081
34.2081
34.2081
34.2081
34.2081
34.2081
34.2081
34.2081
34.2081
34.2081
34.2081
34.2081
34.2081
34.2081
34.2081
34.2081
34.2081
34.2081
34.2081
34.2081
34.2081
34.2081
34.2081
34.2081
34.2081
34.2081
34.2081
34.2081
34.2081
34.2081
34.2081
34.2081
34.2081
34.2081
34.2081
34.2081
34.2081
34.2081
34.2081
34.2081
34.2081
34.2081
34.2081
34.2081
34.2081
33.8598
33.8598
33.8598
33.8598
33.8598
33.8598
33.8598
33.8598
33.8598
33.8598
33.8598
33.8598
33.8598
33.8598
33.8598
33.8598
33.8598
33.8598
33.8598
33.8598
33.8598
33.8598
33.8598
33.8598
33.8598
33.8598
33.8598
33.8598
33.8598
33.8598
33.8598
33.8598
33.8598
33.8598
33.8598
33.8598
33.8598
33.8598
33.8598
33.8598
33.8598
33.8598
33.8598
33.8598
33.8598
33.8598
33.8598
33.8598
33.8598
25.4148
25.4148
25.4148
25.4148
25.4148
25.4148
25.4148
25.4148
25.4148
25.4148
25.4148
25.4148
25.4148
25.4148
25.4148
25.4148
25.4148
25.4148
25.4148
25.4148
25.4148
25.4148
25.4148
25.4148
25.4148
25.4148
25.4148
25.4148
25.4148
25.4148
25.4148
25.4148
25.4148
25.4148
25.4148
25.4148
25.4148
25.4148
25.4148
25.4148
25.4148
25.4148
25.4148
25.4148
25.4148
25.4148
25.4148
25.4148
25.4148
25.4148
25.4148
25.4148
25.4148
25.4148
25.4148
25.4148
25.4148
25.4148
25.4148
25.4148
25.4148
25.4148
25.4148
25.4148
25.4148
25.4139
25.4139
25.4139
25.4139
25.4139
25.4139
25.4139
25.4139
25.4139
25.4139
25.4139
25.4139
25.4139
25.4139
25.4139
25.4139
25.4139
25.4139
25.4139
25.4139
25.4139
25.4139
25.4139
25.4139
25.4139
25.4139
25.4139
25.4139
25.4139
25.4139
25.4139
25.4139
25.4139
25.4139
20.3501
20.3501
20.3501
20.3501
20.3501
20.3501
20.3501
20.3501
20.3501
20.3501
20.3501
20.3501
20.3501
20.3501
20.3501
20.3501
20.3501
20.3501
20.3501
20.3501
20.3501
20.3501
20.3501
20.3501
20.3501
20.3501
20.3501
20.3501
20.3501
20.3501
20.3501
20.3501
20.3501
20.3501
20.3501
20.3501
20.3501
20.3501
20.3501
20.3501
20.3501
20.3501
20.3501
20.3501
20.3501
20.3501
20.3501
20.3501
20.3501
20.3501
20.3501
20.3501
20.3501
20.3501
20.3501
20.3501
20.3501
20.3501
20.3501
20.3501
20.3501
20.3501
20.3501
20.3501
20.3501
20.3501
20.3501
20.3501
20.3501
20.3501
20.3501
20.3501
20.3501
20.3501
20.3501
20.3501
20.3501
20.3501
20.3501
20.3501
20.3501
20.3501
20.3501
20.3501
20.3501
20.3501
20.3501
20.3501
20.3501
20.3501
20.3501
20.3501
20.3501
20.3501
20.3501
20.3501
20.3501
20.3501
20.3501
20.3501
20.3501
20.3501
20.3501
20.3501
20.3501
20.3501
20.3501
20.3501
20.3501
20.3501
20.3501
20.3501
20.3501
20.3501
20.3501
20.3501
20.3501
20.3501
20.3501
20.3501
20.3501
20.3501
20.3501
20.3501
20.3501
20.3501
20.3501
20.3501
20.3501
20.3501
20.3501
20.3501
20.3501
20.3501
20.3501
20.3501
20.3501
20.3501
20.3501
20.3501
20.3501
20.3501
20.3501
20.3501
20.3501
20.3501
20.3501
20.3501
20.3501
20.3501
20.3501
20.3501
20.3501
20.3501
20.3501
20.3501
20.3501
20.3501
20.3501
20.3501
20.3501
20.3501
20.3501
20.3501
20.3501
20.3501
20.3501
20.3501
20.3501
20.3501
20.3501
20.3501
20.3501
20.3501
20.3501
20.3501
20.3501
20.3501
20.3501
20.3501
20.3501
20.3501
20.3501
20.3501
20.3501
20.3501
20.3501
20.3501
20.3501
20.3501
20.3501
20.3501
20.3501
20.3501
20.3501
20.3501
20.3501
20.3501
20.3501
20.3501
20.3501
20.3501
20.3501
20.3501
20.3501
20.3501
20.3501
20.3501
20.3501
20.3501
20.3501
20.3501
20.3501
20.3501
20.3501
20.3501
20.3501
20.3501
20.3501
20.3501
20.3501
20.3501
20.3501
20.3501
20.3501
20.3501
20.3501
20.3501
20.3501
20.3501
20.3501
20.3501
20.3501
20.3501
20.3501
20.3501
20.3501
20.3501
20.3501
20.3501
20.3501
20.3501
20.3501
20.3501
20.3501
20.3501
20.3501
20.3501
20.3501
20.3501
20.3501
20.3501
20.3501
20.3501
20.3501
20.3501
20.3501
20.3501
20.3501
20.3501
20.3501
20.3501
20.3501
20.3501
20.3501
20.3501
20.3501
20.3501
20.3501
20.3501
20.3501
20.3501
20.3501
20.3501
20.3501
20.3501
20.3501
20.3501
20.3501
20.3501
20.3501
20.3501
20.3501
20.3501
20.3501
20.3501
20.3501
20.3501
20.3501
20.3501
20.3501
20.3501
20.3501
20.3501
20.3501
20.3501
20.3501
20.3501
20.3501
20.3501
20.3501
20.3501
20.3501
20.3501
20.3501
20.3501
20.3501
20.3501
20.3501
20.3501
20.3501
20.3501
20.3501
20.3501
20.3501
20.3501
20.3501
20.3501
20.3501
20.3501
20.3501
20.3501
20.3501
20.3501
20.3501
20.3501
20.3501
20.3501
20.3501
20.3501
20.3501
20.3501
20.3501
20.3501
20.3501
20.3501
20.3501
20.3501
20.3501
20.3501
20.3501
20.3501
20.3501
20.3501
20.3501
20.3501
20.3501
20.3501
20.3501
20.3501
20.3501
20.3501
20.3501
20.3501
20.3501
20.3501
20.3501
20.3501
20.3501
20.3501
20.3501
20.3501
20.3501
20.3501
20.3501
20.3501
20.3501
20.3501
20.3501
20.3501
20.3501
20.3501
20.3501
20.3501
20.3501
20.3501
20.3501
20.3501
20.3501
20.3501
20.3501
20.3501
20.3501
20.3501
20.3501
20.3501
20.3501
20.3501
20.3501
20.3501
20.3501
20.3501
20.3501
20.3501
20.3501
20.3501
20.3501
20.3501
20.3501
20.3501
20.3501
20.3501
20.3501
20.3501
20.3501
20.3501
20.3501
20.3501
20.3501
20.3501
20.3501
20.3501
20.3501
20.3501
20.3501
20.3501
20.3501
20.3501
20.3501
20.3501
20.3501
20.3501
20.3501
20.3501
20.3501
20.3501
20.3501
20.3501
20.3501
20.3501
20.3501
20.3501
20.3501
20.3501
20.3501
20.3501
20.3501
20.3501
20.3501
20.3501
20.3501
20.3501
20.3501
20.3501
20.3501
20.3501
20.3501
20.3501
20.3501
20.3501
20.3501
20.3501
20.3501
20.3501
20.3501
20.3501
20.3501
20.3501
20.3501
20.3501
20.3501
20.3501
20.3501
20.3501
20.3501
20.3501
20.3501
20.3501
20.3501
20.3501
20.3501
20.3501
20.3501
20.3501
20.3501
20.3501
20.3501
20.3501
20.3501
20.3501
20.3501
20.3501
20.3501
20.3501
20.3501
20.3501
20.3501
20.3501
20.3501
20.3501
20.3501
20.3501
20.3501
20.3501
20.3501
20.3501
20.3501
20.3501
20.3501
20.3501
20.3501
20.3501
20.3501
20.3501
20.3501
20.3501
20.3501
20.3501
20.3501
20.3501
20.3501
20.3501
20.3501
20.3501
20.3501
20.3501
20.3501
20.3501
20.3501
20.3501
20.3501
20.3501
20.3501
20.3501
20.3501
20.3501
20.3501
20.3501
20.3501
20.3501
20.3501
20.3501
20.3501
20.3501
20.3501
20.3501
20.3501
20.3501
20.3501
20.3501
20.3501
20.3501
20.3501
20.3501
20.3501
20.3501
20.3501
20.3501
20.3501
20.3501
20.3501
20.3501
20.3501
20.3501
20.3501
20.3501
20.3501
20.3501
20.3501
20.3501
20.3501
20.3501
20.3501
20.3501
20.3501
20.3501
20.3501
20.3501
20.3501
20.3501
20.3501
20.3501
20.3501
20.3501
20.3501
20.3501
20.3501
20.3501
20.3501
20.3501
20.3501
20.3501
20.3501
20.3501
20.3501
20.3501
20.3501
20.3501
20.3501
20.3501
20.3501
20.3501
20.3501
20.3501
20.3501
20.3501
20.3501
20.3501
20.3501
20.3501
20.3501
20.3501
20.3501
20.3501
20.3501
20.3501
20.3501
20.3501
20.3501
20.3501
20.3501
20.3501
20.3501
20.3501
20.3501
20.3501
20.3501
20.3501
20.3501
20.3501
20.3501
20.3501
20.3501
20.3501
20.3501
20.3501
20.3501
20.3501
20.3501
20.3501
20.3501
20.3501
20.3501
20.3501
20.3501
20.3501
20.3501
20.3501
20.3501
20.3501
20.3501
20.3501
20.3501
20.3501
20.3501
20.3501
20.3501
20.3501
20.3501
20.3501
20.3501
20.3501
20.3501
20.3501
20.3501
20.3501
20.3501
20.3501
20.3501
20.3501
20.3501
20.3501
20.3501
20.3501
20.3501
20.3501
20.3501
20.3501
20.3501
20.3501
20.3501
20.3501
20.3501
20.3501
20.3501
20.3501
20.3501
20.3501
20.3501
20.3501
20.3501
20.3501
20.3501
20.3501
20.3501
20.3501
20.3501
20.3501
20.3501
20.3501
20.3501
20.3501
20.3501
20.3501
20.3501
20.3501
20.3501
20.3501
20.3501
20.3501
20.3501
20.3501
20.3501
20.3501
20.3501
20.3501
20.3501
20.3501
20.3501
20.3501
20.3501
20.3501
20.3501
20.3501
20.3501
20.3501
20.3501
20.3501
20.3501
20.3501
20.3501
20.3501
20.3501
20.3501
20.3501
20.3501
20.3501
20.3501
20.3501
20.3501
20.3501
20.3501
20.3501
20.3501
20.3501
20.3501
20.3501
20.3501
20.3501
20.3501
20.3501
20.3501
20.3501
20.3501
20.3501
20.3501
20.3501
20.3501
20.3501
20.3501
20.3501
20.3501
20.3501
20.3501
20.3501
20.3501
20.3501
20.3501
20.3501
20.3501
20.3501
20.3501
20.3501
20.3501
20.3501
20.3501
20.3501
20.3501
20.3501
20.3501
20.3501
20.3501
20.3501
20.3501
20.3501
20.3501
20.3501
20.3501
20.3501
20.3501
20.3501
20.3501
20.3501
20.3501
20.3501
20.3501
20.3501
20.3501
20.3501
20.3501
20.3501
20.3501
20.3501
20.3501
20.3501
20.3501
20.3501
20.3501
20.3501
20.3501
20.3501
20.3501
20.3501
20.3501
20.3501
20.3501
20.3501
20.3501
20.3501
20.3501
20.3501
20.3501
20.3501
20.3501
20.3501
20.041
20.041
20.041
20.041
20.041
20.041
20.041
20.041
20.041
20.041
20.041
20.041
20.041
20.041
20.041
20.041
20.041
20.041
20.041
20.041
20.041
20.041
20.041
20.041
20.041
20.041
20.041
20.041
20.041
20.041
20.041
20.041
20.041
20.041
20.041
20.041
20.041
20.041
20.041
20.041
20.041
18.9569
18.9569
18.9569
18.9569
18.9569
18.9569
18.9569
18.9569
18.9569
18.9569
18.9569
18.9569
18.9569
18.9569
18.9569
18.9569
18.9569
18.9569
18.9569
18.9569
18.9569
18.9569
18.9569
18.9569
18.9569
18.5055
18.5055
18.5055
18.5055
18.5055
18.5055
18.5055
18.5055
18.5055
18.5055
18.5055
18.5055
18.5055
18.5055
18.5055
18.5055
18.5055
18.5055
18.5055
18.5055
18.5055
18.5055
18.5055
18.5055
18.5055
18.5055
18.5055
18.5055
18.5055
18.5055
18.5055
18.5055
18.5055
18.5055
18.5055
18.5055
18.5055
18.5055
18.5055
18.5055
18.5055
18.5055
18.5055
18.5055
18.5055
18.5055
18.5055
18.5055
18.5055
18.5055
18.5055
18.5055
18.5055
18.5055
18.5055
18.5055
18.5055
18.5055
18.5055
18.5055
18.5055
18.5055
18.5055
18.5055
18.5055
18.5055
18.5055
18.5055
18.5055
18.5055
18.5055
18.5055
18.5055
18.5055
18.5055
18.5055
18.5055
18.5055
18.5055
18.5055
18.5055
18.5055
18.5055
18.5055
18.5055
18.5055
18.5055
18.5055
18.5055
18.5055
18.5055
18.5055
18.5055
18.5055
18.5055
18.5055
18.5055
18.5055
18.5055
18.5055
18.5055
18.5055
18.5055
18.5055
18.5055
18.5055
18.5055
18.5055
18.5055
18.5055
18.5055
18.5055
18.5055
18.5055
18.5055
18.5055
18.5055
18.5055
18.5055
18.5055
18.5055
18.5055
18.5055
18.5055
18.2695
18.2695
18.2695
18.2695
18.2695
18.2695
18.2695
18.2695
18.2695
18.2695
18.2695
18.2695
18.2695
18.2695
18.2695
18.2695
18.2695
18.2695
18.2695
18.2695
18.2695
18.2695
18.2695
18.2695
18.2695
18.2695
18.2695
18.2695
18.2695
18.2695
18.2695
18.2695
18.2695
18.2695
18.2695
18.2695
18.2695
18.2695
18.2695
18.2695
18.2695
18.2695
18.2695
18.2695
18.2695
18.2695
18.2695
18.2695
18.2695
18.2695
18.2695
18.2695
18.2695
18.2695
18.2695
18.2695
18.2695
18.2695
18.2695
18.2695
18.2695
18.2695
18.2695
18.2695
18.2695
18.2695
18.2695
18.2695
18.2695
18.2695
18.2695
18.2695
18.2695
18.2695
18.2695
18.2695
18.2695
18.2695
18.2695
18.2695
18.2695
18.2695
18.2695
18.2695
18.2695
18.2695
18.2695
18.2695
18.2695
18.2695
18.2695
18.2695
18.2695
18.2695
18.2695
18.2695
18.2695
18.2695
18.2695
18.2695
18.2695
18.2695
18.2695
18.2695
18.2695
18.2695
18.2695
18.2695
18.2695
18.2695
18.2695
18.2695
18.2695
18.2695
18.2695
18.2695
18.2695
18.2695
18.2695
18.2695
18.2695
18.2695
18.2695
18.2695
18.2695
18.2695
18.2695
18.2695
18.2695
18.2695
18.2695
18.2695
18.2695
18.2695
18.2695
18.2695
18.2695
18.2695
18.2695
18.2695
18.2695
18.2695
18.2695
18.2695
18.2695
18.2695
18.2695
18.2695
18.2695
18.2695
18.2695
18.2695
18.2695
18.2695
18.2695
18.2695
18.2695
18.2695
18.2695
18.2695
18.2695
18.2695
18.2695
18.2695
18.2695
18.2695
18.2695
18.2695
18.2695
18.2695
18.2695
18.2695
18.2695
18.2695
18.2695
18.2695
18.2695
18.2695
18.2695
18.2695
18.2695
18.2695
18.2695
18.2695
18.2695
18.2695
18.2695
18.2695
18.2695
18.2695
18.2695
18.2695
18.2695
18.2695
18.2695
18.2695
18.2695
18.2695
18.2695
18.2695
18.2695
18.2695
18.2695
18.2695
18.2695
18.2695
18.2695
18.2695
18.2695
18.2695
18.2695
18.2695
18.2695
18.2695
18.2695
18.2695
18.2695
18.2695
18.2695
18.2695
18.2695
18.2695
18.2695
18.2695
18.2695
18.2695
18.2695
18.2695
17.8141
17.8141
17.8141
17.8141
17.8141
17.8141
17.8141
17.8141
17.8141
17.8141
17.8141
17.8141
17.8141
17.8141
17.8141
17.8141
17.8141
17.8141
17.8141
17.8141
17.8141
17.8141
17.8141
17.8141
17.8141
17.8141
17.8141
17.8141
17.8141
17.8141
17.8141
17.8141
17.8141
17.8141
17.8141
17.8141
17.8141
17.8141
17.8141
17.8141
17.8141
17.8141
17.8141
17.8141
17.8141
17.8141
17.8141
17.8141
17.8141
17.8141
17.8141
17.8141
17.8141
17.8141
17.8141
17.8141
17.8141
17.8141
17.8141
17.8141
17.8141
17.8141
17.8141
17.8141
17.8141
17.8141
17.8141
17.8141
17.8141
17.8141
17.8141
17.8141
17.8141
17.8141
17.8141
17.8141
17.8141
17.8141
17.8141
17.8141
17.8141
17.8141
17.8141
17.8141
17.8141
17.8141
17.8141
17.8141
17.8141
17.8141
17.8141
17.8141
17.8141
17.8141
17.8141
17.8141
17.8141
17.8141
17.8141
17.8141
17.8141
17.8141
17.8141
17.8141
17.8141
17.8141
17.8141
17.8141
17.8141
17.8141
17.8141
17.8141
17.8141
17.8141
17.8141
17.8141
17.8141
17.8141
17.8141
17.8141
17.8141
17.8141
17.8141
17.8141
17.8141
17.8141
17.8141
17.8141
17.8141
17.8141
17.8141
17.8141
17.8141
17.8141
17.8141
17.8141
17.8141
17.8141


39.6228
11.556
19.9569
-28.4289
-61.2392
108.862
-13.3632
-13.0301
13.2647
-54.4043
49.9803
-8.74919
-2.66227
51.5164
61.0145
82.5327
47.212
-34.254
-76.908
-17.2497
-50.5674
-41.1787
-32.1656
7.78281
40.2131
39.3597
86.3257
38.8959
47.7749
-10.7144

0.031

