20.8761
20.8761
20.9126
20.9126
20.619
20.619
20.619
20.619
20.619
20.619
20.619
20.619
20.5461
20.5387
20.4844
20.4366
20.4366
20.4366
20.4366
20.4366
20.2927
20.2927
20.2927
20.2927
20.4063
20.4063
20.4063
20.4063
20.4063
20.4063
20.4063
20.4063
20.4063
20.4063
20.2065
20.2065
20.0932
20.0932
20.0932
20.0932
20.0932
20.0932
20.0932
20.0932
20.0932
20.0932
20.0932
20.0932
20.0932
20.0932
20.0932
20.0932
20.0932
20.0932
20.0932
19.8115
19.8115
19.8115
19.8115
19.6971
19.6971
19.6971
19.6971
19.1521
19.1521
19.1521
19.1521
19.1521
19.1521
19.1521
19.1521
19.1521
19.1521
19.1521
19.1521
19.1521
19.1521
19.1521
19.1521
19.1521
19.1521
19.1521
19.1237
19.1237
19.1521
18.9622
18.9622
18.9622
18.9622
18.8686
18.8686
18.8686
18.8686
18.8686
18.8686
18.8686
18.8686
18.8686
18.8686
18.8686
18.8522
18.8522
18.4367
18.4367
18.4367
18.4367
18.4367
18.4367
18.4367
18.4367
18.4367
18.4367
18.4367
18.4367
18.4367
18.2944
18.2944
18.2118
18.2118
18.0297
18.0297
18.0297
18.0297
18.0297
18.0297
18.0297
18.0297
18.0297
18.0297
18.0297
17.5721
17.5721
17.5721
17.5721
17.5721
17.5721
17.5721
17.5721
17.5721
17.5721
17.5721
17.4486
17.4486
17.5721
17.3831
17.3831
17.3831
17.3831
17.3831
17.3831
17.3831
17.3831
17.3831
17.3831
17.3831
17.3831
17.3831
17.3831
17.3831
17.3831
17.3755
17.3755
17.3319
17.3319
17.3239
17.3239
17.3755
17.3831
17.3831
17.3831
17.3831
17.3239
17.3239
17.3239
17.3239
17.3239
17.3017
17.2812
17.2812
17.2299
17.2299
17.2299
17.2299
17.0709
16.8669
16.8669
16.8669
16.8669
16.8669
16.8669
16.8669
16.8669
16.7388
16.7388
16.7388
16.6553
16.6553
16.6553
16.6553
16.6553
16.6553
16.6553
16.6553
16.6553
16.6457
16.6457
16.6457
16.6457
16.6457
16.6457
16.6457
16.6457
16.6457
16.6457
16.6457
16.6457
16.6457
16.6457
16.2513
16.2513
16.2513
16.2513
16.2513
16.2513
16.21
16.0542
16.0542
15.4887
15.4677
15.4677
15.4677
15.4677
15.4677
15.4677
15.6279
15.6279
15.6279
15.6279
15.6279
15.6279
15.6279
15.6279
15.6279
15.6279
15.6279
15.6838
15.6838
15.6838
15.6838
15.6838
15.6838
15.6838
15.6838
15.6838
15.5267
15.4798
15.4798
15.4798
15.4798
15.4798
15.5267
15.5267
15.5267
15.5267
15.4798
15.4798
15.4798
15.4798
15.4798
15.4798
15.4798
15.4798
15.4798
15.4798
15.3993
15.1009
15.1009
15.1009
15.1009
14.8408
14.8408
14.8408
14.8408
14.8408
14.8408
14.8408
14.8408
14.8408
14.8408
14.6096
14.6096
14.6096
14.6043
14.5226
14.5226
14.5226
14.5226
14.6043
14.6043
14.6043
14.6043
14.6043
14.6043
14.4158
14.4158
14.4158
14.4158
14.4158
14.4158
14.284
14.284
13.9058
13.9058
13.9058
13.9058
13.9058
13.9058
13.9058
13.9058
13.9058
13.9058
13.9058
13.9058
13.9058
13.9058
13.9058
13.9058
13.9058
13.9058
13.9058
13.9058
13.9058
13.9058
13.9058
13.933
13.9058
13.8325
13.8325
13.8325
13.8325
13.8325
13.8325
13.8325
13.8325
13.3477
13.3477
13.3477
13.3477
13.3477
13.3477
13.3477
13.3477
13.3477
13.3477
13.3477
13.3477
13.3477
13.3477
13.3477
13.3477
13.3477
13.3477
13.3477
13.3477
13.3477
13.3477
13.3477
13.3477
13.3477
13.3477
13.3477
12.3793
12.3793
12.3793
12.3793
12.3793
12.3793
12.3793
12.3793
12.3793
12.3793
12.3793
12.3793
12.3793
12.3793
12.3793
12.3793
12.0813
12.0813
12.0813
12.0813
12.0371
12.0371
12.0371
12.0371
11.8338
11.8338
11.8338
11.8338
11.8338
11.8338
11.8338
11.8338
11.8338
11.8338
11.8338
11.8338
11.8338
11.8338
11.8338
11.8338
11.8338
11.8338
11.8338
11.8338
11.8171
11.7838
11.7838
11.7838
11.7838
11.7838
11.7838
11.7838
11.7838
11.7838
11.7674
11.7674
11.7674
11.7674
11.7838
11.7838
11.7838
11.7838
11.7838
11.7838
11.7551
11.7551
11.7551
11.7551
11.7551
11.7551
11.7551
11.7551
11.7551
11.7551
11.7551
11.7551
11.7551
11.7551
11.2984
11.2984
11.2745
11.2745
11.2745
11.2745
11.2745
11.2745
11.2745
11.2745
11.2745
11.253
11.253
11.253
11.253
11.253
11.2342
11.2342
10.9142
10.9142
10.9142
10.9014
10.9014
10.9014
10.8612
10.8612
10.8612
10.8612
10.8612
10.8612
10.8612
10.8612
10.8612
10.8612
10.8612
10.8789
10.8789
10.8789
10.8789
10.8789
10.8789
10.8789
10.8789
10.8789
10.8789
10.853
10.853
10.853
10.853
10.853
10.853
10.853
10.853
10.853
10.853
10.853
10.853
10.853
10.853
10.853
10.853
10.853
10.853
10.853
10.853
10.853
10.853
10.853
10.853
10.853
10.853
10.853
10.853
10.853
10.853
10.853
10.853
10.853
10.853
10.853
10.853
10.853
10.853
10.853
10.853
10.853
10.853
10.853
10.853
10.853
10.853
10.853
10.853
10.853
10.853
10.8123
10.8123
10.8123
10.8123
10.8123
10.8123
10.8123
10.8123
10.8123
10.8123
10.8123
10.8123
10.8123
10.8123
10.8123
10.8123
10.6647
10.6647
10.6647
10.6647
10.6647
10.6647
10.6647
10.6647
10.6647
10.6647
10.6647
10.6647
10.6647
10.6647
10.6647
10.6647
10.6647
10.6647
10.6647
10.6647
10.6647
10.6647
10.6647
10.6647
10.6647
10.6647
10.6647
10.6647
10.6647
10.6647
10.6647
10.6647
10.6647
10.6647
10.6647
10.6647
10.6647
10.6647
10.6647
10.6647
10.6647
10.6647
10.6647
10.6216
10.6216
10.6216
10.6216
10.6216
10.6216
10.6216
10.6216
10.6216
10.6216
10.6216
10.6216
10.6216
10.6216
10.6216
10.6216
10.6216
10.6216
10.6216
10.6216
10.6216
10.6216
10.6216
10.6216
10.6216
10.6216
10.6216
10.6216
10.6216
10.6216
10.6216
10.6216
10.6216
10.4672
10.4672
10.4672
10.4672
10.4672
10.4672
10.4672
10.4672
10.4477
10.4458
10.4458
10.4458
10.4458
10.4458
10.4458
10.4458
10.4458
10.4458
10.4458
10.4458
10.4458
10.4458
10.4458
10.4458
10.4018
10.4018
10.4018
10.4018
10.4018
10.4018
10.4018
10.4018
10.4018
10.4018
10.4018
10.4018
10.4018
10.4018
10.4018
10.4018
10.243
10.2397
10.2397
10.2397
10.2397
10.2397
10.2397
10.2397
10.2397
10.2224
10.2224
10.2224
10.2224
10.2224
10.2224
10.2224
10.2224
10.2224
10.2224
10.2224
10.2224
10.2224
10.2224
10.2224
10.2224
10.2224
10.2224
10.2224
10.2224
10.2224
10.2224
10.2224
10.2224
10.2224
10.2224
10.2224
10.2224
10.2224
10.2224
10.2224
10.2224
10.2224
9.56322
9.56322
9.56322
9.56322
9.56322
9.56322
8.79914
8.79914
8.79914
8.60134
8.60134
8.60134
8.60134
8.60134
8.60134
8.60134
8.60134
8.60134
8.60134
8.60134
8.60134
8.60134
8.60134
8.60134
8.60134
8.60134
8.60134
8.60134
8.60134
8.60134
8.60134
8.60134
8.60134
8.60134
8.60134
8.60134
8.60134
8.60134
8.60134
8.60134
8.52891
8.52891
8.52891
8.52891
8.52891
8.52891
8.52891
8.52891
8.52891
8.52891
8.52891
8.52891
8.52891
8.52891
8.52891
8.52891
8.52891
8.52891
8.52891
8.52891
8.31142
8.31142
8.31142
8.31142
8.31142
8.31142
8.31142
8.31142
8.31142
8.31142
8.31142
8.27879
8.27879
8.27879
8.27879
8.27879
8.27879
8.27879
8.27879
8.27879
8.27879
8.27879
8.27879
8.27879
8.27879
8.27879
8.27879
8.27879
8.27879
8.27879
8.27879
8.27879
8.27879
8.27879
8.27879
8.27879
8.27879
8.27879
8.27879
8.27879
8.27879
8.27879
8.27879
8.27879
8.27879
8.27879
8.27879
8.27879
8.27879
8.27879
8.27879
8.27879
8.27879
8.27879
8.27879
8.27879
8.27879
8.27879
8.27879
8.27879
8.27879
8.27879
8.27879
8.27879
8.27879
8.27879
8.27879
8.27879
8.27879
8.27879
8.27879
8.27879
8.27879
8.27879
8.27879
8.27879
8.27879
8.27879
8.27879
8.27879
8.27879
8.27879
8.27879
8.27879
8.04098
8.04098
8.04098
8.04098
8.04098
8.04098
8.04098
8.04098
8.04098
8.04098
8.04098
8.04098
8.04098
7.98378
7.98378
7.98378
7.98378
7.98378
7.98378
7.98378
7.98378
7.98378
7.98378
7.98378
7.98378
7.98378
7.98378
7.98378
7.98378
7.98378
7.98378
7.98378
7.98378
7.98378
7.98378
7.98378
7.98378
7.98378
7.98378
7.98378
7.98378
7.98378
7.98378
7.98378
7.98378
7.98378
7.98378
7.98378
7.98378
7.98378
7.98378
7.98378
7.98378
7.98378
7.98378
7.98378
7.98378
7.98378
7.98378
7.98378
7.98378
7.98378
7.98378
7.98378
7.98378
7.98378
7.98378
7.71645
7.71645
7.71645
7.71645
7.71645
7.71645
7.71645
7.71645
7.71645
7.71645
7.71645
7.71645
7.71645
7.71645
7.71645
7.71645
7.71645
7.71645
7.71645
7.71645
7.71645
7.71645
7.71645
7.71645
7.71645
7.42761
7.42761
7.42761
7.42761
7.42761
7.31487
7.31487
7.31487
7.31487
7.31487
7.31487
7.31487
7.31487
7.31487
7.31487
7.31487
7.31487
7.31487
7.31487
7.31487
7.31487
7.31487
7.31487
7.31487
7.31487
7.31487
7.31487
7.31487
7.31487
7.31487
7.31487
7.31487
7.31487
7.31487
7.31487
7.31487
7.31487
7.31487
7.31487
7.31487
7.31487
7.31487
7.31487
7.31487
7.31487
7.31487
7.29714
7.29714
7.29714
7.29714
7.29714
7.29714
7.29714
7.29714
7.29714
7.29714
7.29714
7.29714
7.29714
7.29714
7.29714
7.29714
7.29714
7.29714
7.29714
7.29714
7.29714
7.29714
7.29714
7.29714
7.29714
7.29714
7.29714
7.29714
7.29714
7.29714
7.29714
6.97934
6.97934
6.97934
6.97934
6.97934
6.97934
6.97934
6.97934
6.97934
6.97934
6.97934
6.97934
6.97934
6.97689
6.97689
6.97689
6.97689
6.97689
6.97689
6.97689
6.97689
6.97689
6.97689
6.97689
6.97689
6.97689
6.97689
6.97689
6.97689
6.97689
6.97689
6.97689
6.97689
6.97689
6.97689
6.97689
6.97689
6.97689
6.97689
6.97689
6.97689
6.97689
6.97689
6.97689
6.97689
6.97689
6.97689
6.97689
6.97689
6.97689
6.97689
6.97689
6.97689
6.97689
6.97689
6.97689
6.97689
6.97689
6.97689
6.97689
6.97689
6.97689
6.97689
6.97689
6.97689
6.97689
6.97689
6.97689
6.97689
6.97444
6.97444
6.97444
6.97444
6.97444
6.97444
6.97444
6.97444
6.97444
6.97444
6.97444
6.97444
6.97444
6.97444
6.97444
6.97444
6.97444
6.97444
6.97444
6.97444
6.97444
6.97444
6.97444
6.97444
6.97444
6.97444
6.97444
6.97444
6.97444
6.97444
6.97444
6.97444
6.97444
6.97444
6.97444
6.97444
6.97444
6.97444
6.97444
6.97444
6.97444
6.97444
6.97444
6.97444
6.97444
6.97444
6.97444
6.97444
6.97444
6.97444
6.97444
6.97444
6.97444
6.97444
6.97444
6.97444
6.97444
6.97444
6.97444
6.97444
6.97444
6.97444
6.97444
6.97444
6.97444
6.97444
6.97444
6.97444
6.97444
6.97444
6.97444
6.97444
6.97444
6.97444
6.97444
6.97444
6.97444
6.97444
6.97444
6.97444
6.97444
6.97444
6.97444
6.97444
6.97444
6.97444
6.97444
6.97444
6.97444
6.97444
6.97444
6.97444
6.97444
6.97444
6.97198
6.97198
6.97198
6.97198
6.97198
6.97198
6.97198
6.97198
6.97198
6.97198
6.97198
6.95639
6.95639
6.95365
6.95365
6.95365
6.95365
6.95365
6.95365
6.95365
6.95365
6.92717
6.92717
6.92717
6.92717
6.92717
6.92717
6.92717
6.92717
6.92717
6.92717
6.92717
6.92717
6.92717
6.92717
6.92717
6.92717
6.92717
6.92717
6.92717
6.92717
6.92717
6.92717
6.92717
6.92717
6.92717
6.92717
6.92717
6.92717
6.92717
6.92717
6.92717
6.92717
6.92717
6.92717
6.92717
6.92717
6.92717
6.92717
6.92717
6.92717
6.92717
6.92717
6.92717
6.92717
6.92717
6.92717
6.92717
6.92717
6.92717
6.92717
6.92717
6.92717
6.92717
6.92717
6.92717
6.92717
6.92717
6.92717
6.92717
6.92717
6.92717
6.89225
6.89225
6.89225
6.89225
6.89225
6.89225
6.89225
6.89225
6.89225
6.89225
6.89225
6.89225
6.89225
6.89225
6.89225
6.89225
6.89225
6.88892
6.88892
6.88892
6.88892
6.88892
6.88892
6.88892
6.88892
6.88892
6.88892
6.88892
6.88892
6.88892
6.88892
6.88892
6.88892
6.88892
6.88892
6.88892
6.88892
6.88892
6.88892
6.88892
6.88892
6.88557
6.88557
6.88557
6.88557
6.88557
6.88557
6.88557
6.88557
6.88557
6.88557
6.88557
6.88557
6.88557
6.88557
6.88557
6.88557
6.88557
6.88557
6.88557
6.88557
6.88557
6.88557
6.88557
6.88557
6.88557
6.88557
6.88557
6.88557
6.88557
6.88557
6.88557
6.88557
6.88557
6.88557
6.88557
6.88557
6.88557
6.88557
6.88557
6.88557
6.88557
6.88557
6.88557
6.88557
6.88557
6.88557
6.88557
6.88557
6.88557
6.88557
6.88557
6.88557
6.88557
6.88557
6.88557
6.88557
6.88557
6.88557
6.88557
6.88557
6.88557
6.88557
6.88557
6.88557
6.88557
6.88557
6.88557
6.88557
6.88557
6.88557
6.88557
6.88557
6.88557
6.88557
6.88557
6.88557
6.88557
6.88557
6.88557
6.88557
6.88557
6.88557
6.88557
6.88557
6.88557
6.88557
6.88557
6.88557
6.88557
6.88557
6.88557
6.88557
6.88557
6.88557
6.88557
6.88557
6.88557
6.88557
6.88557
6.88557
6.88557
6.88557
6.88557
6.88557
6.88557
6.88557
6.88557
6.88557
6.88557
6.88557
6.88557
6.88557
6.88557
6.88557
6.88557
6.88557
6.88557
6.88557
6.88557
6.88557
6.88557
6.88557
6.88557
6.88557
6.88557
6.88557
6.88557
6.88557
6.88557
6.88557
6.88557
6.88557
6.88557
6.88557
6.88557
6.88557
6.88557
6.88557
6.88557
6.88557
6.88557
6.88557
6.88557
6.88557
6.88557
6.88557
6.88557
6.88557
6.88557
6.88557
6.88557
6.88557
6.88557
6.88557
6.88557
6.88557
6.88557
6.88557
6.88557
6.88557
6.88557
6.88557
6.88557
6.88557
6.88557
6.88557
6.88557
6.88557
6.88557
6.88557
6.88557
6.88557
6.88557
6.88557
6.88557
6.88557
6.88557
6.88557
6.88557
6.88557
6.88557
6.88557
6.88557
6.88557
6.88557
6.88557
6.88557
6.88557
6.88557
6.88557
6.88557
6.88557
6.88557
6.88557
6.88557
6.88557
6.88557
6.88557
6.88557
6.88557
6.88557
6.88557
6.88557
6.88557
6.88557
6.88557
6.88557
6.88557
6.88557
6.88557
6.88557
6.88557
6.88557
6.88557
6.88557
6.88557
6.88557
6.88557
6.88557
6.88557
6.88557
6.88557
6.88557
6.88557
6.88557
6.88557
6.88557
6.88557
6.88557
6.88557
6.88557
6.88557
6.88557
6.88557
6.88557
6.88557
6.88557
6.88557
6.88557
6.88221
6.88221
6.88221
6.88221
6.88221
6.88221
6.88221
6.88221
6.88221
6.88221
6.88221
6.88221
6.88221
6.88221
6.88221
6.88221
6.88221
6.88221
6.88221
6.88221
6.88221
6.88221
6.88221
6.88221
6.88221
6.88221
6.88221
6.88221
6.88221
6.88221
6.88221
6.88221
6.88221
6.88221
6.88221
6.88221
6.88221
6.88221
6.88221
6.88221
6.88221
6.88221
6.88221
6.88221
6.88221
6.88221
6.88221
6.88221
6.88221
6.88221
6.88221
6.88221
6.88221
6.88221
6.88221
6.88221
6.88221
6.88221
6.88221
6.88221
6.88221
6.88221
6.88221
6.88221
6.88221
6.88221
6.88221
6.88221
6.88221
6.88221
6.88221
6.88221
6.88221
6.88221
6.88221
6.88221
6.88221
6.88221
6.88221
6.88221
6.88221
6.88221
6.88221
6.88221
6.88221
6.88221
6.88221
6.88221
6.88221
6.88221
6.88221
6.88221
6.88221
6.88221
6.88221
6.88221
6.88221
6.88221
6.88221
6.88221
6.88221
6.88221
6.88221
6.88221
6.88221
6.88221
6.88221
6.88221
6.88221
6.88221
6.88221
6.88221
6.88221
6.87884
6.87884
6.87884
6.87884
6.87884
6.87884
6.87884
6.87884
6.87884
6.87884
6.87884
6.87546
6.87546
6.87546
6.87546
6.87546
6.87546
6.87546
6.87546
6.87546
6.87546
6.87546
6.87546
6.87546
6.87546
6.87546
6.87546
6.87546
6.87546
6.87546
6.87546
6.87546
6.87546
6.87546
6.87546
6.87546
6.87546
6.87546
6.87546
6.87546
6.87546
6.87546
6.87546
6.87546
6.87546
6.87546
6.87546
6.87546
6.87546
6.87546
6.87546
6.87546
6.87546
6.87546
6.87546
6.87546
6.87546
6.87546
6.87546
6.87546
6.87546
6.87546
6.87546
6.87546
6.87546
6.87546
6.87546
6.87546
6.87546
6.87546
6.87546
6.87546
6.87546
6.87546
6.87546
6.87546
6.87546
6.87546
6.87546
6.87546
6.87546
6.87546
6.87546
6.87546
6.87546
6.87546
6.87546
6.87546
6.87546
6.87546
6.87546
6.87546
6.87546
6.87546
6.87546
6.87207
6.87207
6.87207
6.87207
6.87207
6.87207
6.87207
6.87207
6.87207
6.87207
6.87207
6.87207
6.87207
6.87207
6.87207
6.87207
6.87207
6.87207
6.87207
6.87207
6.87207
6.87207
6.87207
6.87207
6.87207
6.87207
6.87207
6.87207
6.87207
6.87207
6.87207
6.87207
6.87207
6.87207
6.87207
6.87207
6.87207
6.87207
6.87207
6.87207
6.87207
6.87207
6.87207
6.87207
6.87207
6.87207
6.87207
6.87207
6.87207
6.87207
6.87207
6.87207
6.87207
6.87207
6.87207
6.87207
6.87207
6.87207
6.87207
6.87207
6.87207
6.87207
6.87207
6.87207
6.87207
6.87207
6.87207
6.87207
6.87207
6.87207
6.87207
6.87207
6.87207
6.87207
6.87207
6.87207
6.87207
6.87207
6.87207
6.87207
6.87207
6.87207
6.87207
6.87207
6.87207
6.87207
6.87207
6.87207
6.87207
6.87207
6.87207
6.87207
6.87207
6.87207
6.87207
6.87207
6.87207
6.87207
6.87207
6.87207
6.87207
6.87207
6.87207
6.87207
6.87207
6.87207
6.87207
6.87207
6.87207
6.87207
6.87207
6.87207
6.87207
6.87207
6.87207
6.87207
6.87207
6.87207
6.87207
6.87207
6.87207
6.87207
6.87207
6.87207
6.87207
6.87207
6.87207
6.87207
6.87207
6.87207
6.87207
6.87207
6.87207
6.87207
6.86867
6.86867
6.86867
6.86867
6.86867
6.86867
6.86867
6.86867
6.86867
6.86867
6.86867
6.86867
6.86867
6.86867
6.86867
6.86867
6.86867
6.86867
6.86867
6.86867
6.86867
6.86867
6.86867
6.86867
6.86867
6.86867
6.86867
6.86867
6.86867
6.86867
6.86867
6.86867
6.86867
6.86867
6.86867
6.86867
6.86867
6.86867
6.86867
6.86867
6.86867
6.86867
6.86867
6.86867
6.86867
6.86867
6.86867
6.86867
6.86867
6.86867
6.86867
6.86867
6.86867
6.86867
6.86867
6.86867
6.86867
6.86867
6.86867
6.86867
6.86867
6.86867
6.86867
6.86867
6.86867
6.86867
6.86867
6.86867
6.86867
6.86867
6.86867
6.86867
6.86867
6.86867
6.86867
6.86525
6.86525
6.86525
6.86525
6.86525
6.86525
6.86525
6.86525
6.86525
6.86525
6.86525
6.86525
6.86525
6.86525
6.86525
6.86525
6.86525
6.86525
6.86525
6.86525
6.86525
6.86525
6.86525
6.86525
6.86525
6.86525
6.86525


1.88906
1.88906
1.88906
1.88906
1.88906
1.88906
1.88906
1.88906
1.88906
1.88906
1.88906
1.88906
1.88906
1.88906
1.88906
1.88906
1.88906
1.88906
1.88906
1.88906
1.88906
1.88906
1.88906
1.88906
1.88906
1.88906
1.88906
-1.87306
-1.87306
1.88906

0.029

