20.2237
20.2237
20.2237
20.2237
20.2237
20.2237
20.0511
20.0511
20.0511
19.9641
19.9641
19.9641
19.9641
19.9641
19.9641
19.8827
19.6166
19.6166
19.6166
19.6166
19.6166
19.6166
19.4194
19.4194
19.2942
19.2942
19.2942
18.2368
18.2368
18.2368
18.2368
18.2368
18.2368
18.0839
18.0839
18.0839
18.0839
18.0839
18.0839
18.0839
18.0839
18.0839
17.226
17.226
17.226
17.226
17.226
17.226
17.226
17.226
17.226
17.226
17.226
17.226
17.226
17.226
17.226
17.226
17.226
17.226
17.226
17.226
17.226
17.226
17.226
17.226
17.226
17.226
17.226
17.226
17.226
17.226
17.226
17.226
17.226
17.226
16.7561
16.7561
16.7561
16.7561
15.6838
15.6838
15.6838
15.6838
15.6838
15.6838
14.9058
14.9058
14.9058
14.9058
14.9058
14.9058
14.9058
14.9058
14.9058
14.9058
14.9058
14.9058
14.9058
14.9058
14.9058
14.9058
14.9058
14.9058
14.9058
14.9058
14.9058
14.9058
14.9058
14.9058
14.9058
14.9058
14.9058
14.9058
14.9058
14.9058
14.9058
14.9058
14.9058
14.9058
14.9058
14.9058
14.9058
14.9058
14.9058
14.9058
14.9058
14.7
14.7
14.7
14.7
14.7
14.7
14.7
14.7
14.7
14.7
14.7
14.7
14.7
14.7
14.7
14.7
14.7
14.7
14.7
14.7
14.7
14.5607
14.265
14.265
14.265
14.265
14.265
14.265
14.265
14.265
14.265
14.265
14.265
14.265
14.265
14.265
14.265
14.265
14.265
14.265
14.265
14.265
14.265
14.265
14.265
14.265
14.265
14.265
14.265
14.265
14.265
13.7301
13.7301
13.7301
13.7301
13.7301
13.7301
13.7301
13.7301
13.7301
13.7301
13.7301
13.7301
13.7301
13.7301
13.7301
13.7301
13.7301
13.7301
13.7301
13.7301
13.285
13.285
13.285
13.285
13.285
13.285
13.285
13.285
13.285
13.285
13.285
13.285
13.285
13.285
13.285
13.285
13.285
13.285
13.285
13.285
13.285
13.285
13.285
13.285
13.285
13.285
13.285
13.285
13.285
13.285
13.285
13.2803
13.2803
13.2803
13.2803
13.2803
13.2803
13.2803
13.2803
13.2803
13.2803
13.2803
13.2803
13.2803
13.2803
13.2803
13.2803
13.2803
13.2803
13.2803
13.2803
13.2803
13.2803
13.2803
13.2803
13.2803
13.2803
13.2803
13.2803
13.2803
13.2803
13.2803
13.2803
13.2803
13.2803
13.2803
13.2803
13.2803
13.2803
13.2803
13.2803
13.2803
13.2803
13.2803
13.2803
13.2803
13.2803
12.8165
12.8165
12.8165
12.8165
12.8165
12.8165
12.8165
12.8165
12.8165
12.8165
12.8165
12.8165
12.8165
12.8165
12.8165
12.8165
12.8165
12.8165
12.8165
12.8165
12.8165
12.8165
12.8165
12.8165
12.8165
12.8165
12.8165
12.8165
12.8165
12.8165
12.8165
12.8165
12.8165
12.8165
12.8165
12.8165
12.8165
12.8165
12.8165
12.8165
12.8165
12.8165
12.8165
12.8165
12.8165
12.8165
12.8165
12.8165
12.8165
12.8165
12.8165
12.8165
12.8165
12.8165
12.8165
12.8165
12.8165
12.8165
12.8165
12.8165
12.8165
12.8165
12.8165
12.8165
12.8165
12.6689
12.6689
12.6689
12.6689
12.6689
12.6689
12.6689
12.6689
12.6029
12.6029
12.6029
12.6029
12.6029
12.6029
12.6029
12.6029
12.6029
12.6029
12.6029
12.6029
12.6029
12.6029
12.6029
12.6029
12.6029
12.6029
12.6029
12.6029
12.6029
12.6029
12.6029
12.6029
12.6029
12.6029
12.6029
12.6029
12.6029
12.6029
12.34
12.34
12.34
12.34
12.34
12.34
12.34
12.34
12.34
12.34
12.34
12.34
12.34
12.34
12.34
12.2675
12.2675
12.2675
12.2675
12.2675
12.2675
12.2675
12.2675
12.2675
12.2675
12.2675
12.2675
12.2675
12.2675
12.2675
12.2675
12.2675
12.2675
12.2675
12.2675
12.2675
12.2675
12.2675
12.2675
12.2675
12.2675
12.2675
11.5286
11.5286
11.5286
11.5286
11.5286
11.5286
11.5286
11.5286
11.5286
11.5286
11.5286
11.5286
11.5286
11.5286
11.5286
11.5286
11.5286
11.5286
11.5286
11.5286
11.5286
11.5286
11.5286
11.5286
11.5286
11.5286
11.5286
11.5286
11.5286
11.5286
11.5286
11.5286
11.5286
11.5286
11.5286
11.5286
11.5286
11.5286
11.5286
11.5286
11.5286
11.5286
11.5286
11.5286
11.5286
11.5286
11.5286
11.5286
11.5286
11.5286
11.5286
11.4251
11.4251
11.2642
11.2642
11.2642
11.2642
11.2642
11.2642
11.2642
11.2642
11.2642
11.2642
11.2642
11.2642
11.2528
11.2528
11.2528
11.2528
11.2528
11.2528
11.2528
11.2528
11.2528
11.2528
11.2528
11.1082
11.1082
11.1082
11.1082
11.1082
11.1082
11.1082
11.1082
10.8512
10.8512
10.8512
10.8512
10.8512
10.8512
10.8512
10.8512
10.8512
10.2225
10.2225
10.2225
10.2225
10.2225
10.2225
10.2225
10.2225
10.2225
10.2225
10.2225
10.2225
10.2225
10.2225
10.2225
9.99775
9.99775
9.99775
9.99775
9.99775
9.99775
9.99775
9.99775
9.99775
9.99775
9.99775
9.99775
9.99775
9.99775
9.99775
9.99775
9.99775
9.99775
9.99775
9.99775
9.99775
9.99775
9.99775
9.99775
9.99775
9.99775
9.99775
9.99775
9.99775
9.99775
9.99775
9.99775
9.99775
9.99775
9.99775
9.99775
9.99775
9.99775
9.99775
9.99775
9.99775
9.99775
9.99775
9.99775
9.99775
9.99775
9.99775
9.99775
9.99775
9.99775
9.99775
9.98455
9.98455
9.98455
9.98455
9.98455
9.98455
9.98455
9.98455
9.98455
9.98455
9.98455
9.98455
9.98455
9.98455
9.98455
9.98455
9.98455
9.98455
9.98455
9.98455
9.98455
9.98455
9.98455
9.98455
9.98455
9.37408
9.35791
9.35791
9.35791
9.35791
9.35791
9.35791
9.35791
9.35791
9.35791
9.35791
9.35791
9.35791
9.35791
8.84948
8.84948
8.84948
8.65308
8.65308
8.65308
8.65308
8.65308
8.65308
8.65308
8.65308
8.65308
8.65308
8.65308
8.65308
8.65308
8.65308
8.65308
8.65308
8.65308
8.65308
8.65308
8.65308
8.65308
8.65308
8.65308
8.65308
8.65308
8.65308
8.65308
8.4038
8.4038
8.4038
8.4038
8.35207
8.35207
8.35207
8.35207
8.35207
8.35207
8.35207
8.35207
8.35207
8.35207
8.35207
8.35207
8.35207
8.17163
8.17163
8.17163
8.17163
8.17163
8.17163
8.17163
8.17163
8.17163
8.17163
8.17163
8.17163
8.17163
8.17163
8.17163
8.17163
8.17163
8.17163
8.17163
8.17163
8.17163
8.17163
8.17163
8.17163
8.17163
8.17163
8.17163
8.17163
7.74971
7.74971
7.74971
7.74971
7.74971
7.74971
7.74971
7.74971
7.74971
7.74971
7.74971
7.74971
7.74971
7.74971
7.74971
7.74971
7.74971
7.74971
7.74971
7.74971
7.74971
7.74971
7.74971
7.74971
7.74971
7.74971
7.74971
7.74971
7.74971
7.74971
7.74971
7.74971
7.74971
7.74971
7.74971
7.74971
7.74971
7.74971
7.74971
7.74971
7.74971
7.74971
7.74971
7.74971
7.74971
7.31263
7.31263
7.31263
7.31263
7.31263
7.31263
7.31263
7.31263
7.31263
7.31263
7.31263
7.31263
7.31263
7.31263
7.31263
7.31263
7.31263
7.31263
7.31263
7.31263
7.31263
7.178
7.178
7.178
7.178
7.178
7.178
7.178
7.178
7.08674
7.08674
7.08674
7.08674
7.08674
7.08674
7.08674
7.08674
7.08674
7.08674
6.94343
6.94343
6.94343
6.94343
6.78058
6.78058
6.78058
6.78058
6.78058
6.78058
6.78058
6.78058
6.78058
6.78058
6.78058
6.78058
6.78058
6.78058
6.78058
6.78058
6.78058
6.78058
6.78058
6.78058
6.78058
6.78058
6.78058
6.78058
6.78058
6.78058
6.78058
6.78058
6.78058
6.78058
6.78058
6.78058
6.78058
6.78058
6.78058
6.78058
6.78058
6.78058
6.78058
6.78058
6.78058
6.78058
6.78058
6.78058
6.78058
6.78058
6.78058
6.78058
6.54209
6.54209
6.54209
6.54209
6.54209
6.54209
6.54209
6.54209
6.54209
6.54209
6.54209
6.54209
6.54209
6.54209
6.54209
6.54209
6.54209
6.54209
6.54209
6.54209
6.54209
6.5385
6.5385
6.51193
6.51193
6.51193
6.51193
6.51193
6.51193
6.51193
6.51193
6.51193
6.51193
6.51193
6.47411
6.47411
6.47411
6.47411
6.47411
6.38307
6.38307
6.38307
6.38307
6.38307
6.38307
6.38307
6.38307
6.38307
6.38307
6.38307
6.38307
6.38307
6.38307
6.38307
6.38307
6.38307
6.38307
6.38307
6.38307
6.38307
6.38307
6.38307
6.38307
6.38307
6.38307
6.30957
6.30957
6.30957
6.30957
6.30957
6.30957
6.30957
6.30957
6.30957
6.30957
6.12294
6.12294
6.12294
6.12294
6.12294
6.12294
6.12294
6.12294
6.02526
6.02526
6.02526
6.02526
6.02526
6.02526
6.02526
6.02526
6.02526
6.02526
6.02526
6.02526
6.02526
6.02526
6.02526
6.02526
6.02526
6.02526
6.02526
6.02526
6.02526
6.02526
6.02526
6.02526
6.02526
6.02526
6.02526
6.02526
6.02526
6.02526
6.02526
6.02526
6.02526
6.02526
6.02526
5.83621
5.83621
5.83621
5.83621
5.83621
5.83621
5.83621
5.83621
5.83621
5.83621
5.83621
5.83621
5.83621
5.83621
5.83621
5.83621
5.83621
5.83621
5.83621
5.83621
5.83621
5.83621
5.83621
5.83621
5.83621
5.83621
5.83621
5.83621
5.83621
5.83621
5.83621
5.83621
5.83621
5.83621
5.83621
5.79895
5.79895
5.79895
5.79895
5.79895
5.79895
5.79895
5.79895
5.79895
5.79895
5.79895
5.79895
5.79895
5.79895
5.79895
5.79895
5.79895
5.79895
5.79895
5.79895
5.79895
5.79895
5.79895
5.79895
5.79895
5.79895
5.79895
5.79895
5.79895
5.79895
5.79895
5.79895
5.79895
5.79895
5.79895
5.79895
5.79895
5.79895
5.79895
5.79895
5.79895
5.79895
5.79895
5.79895
5.79895
5.79895
5.47032
5.47032
5.47032
5.47032
5.47032
5.47032
5.47032
5.47032
5.47032
5.47032
5.47032
5.47032
5.47032
5.47032
5.47032
5.47032
5.47032
5.47032
5.47032
5.47032
5.47032
5.47032
5.47032
5.47032
5.47032
5.47032
5.47032
5.47032
5.47032
5.47032
5.47032
5.47032
5.47032
5.47032
5.47032
5.47032
5.47032
5.47032
5.47032
5.47032
5.47032
5.47032
5.47032
5.47032
5.47032
5.47032
5.47032
5.47032
5.46474
5.46474
5.46474
5.46474
5.46474
5.46474
5.46474
5.46474
5.46474
5.46474
5.46474
5.46474
5.44171
5.44171
5.44171
5.44171
5.44171
5.44171
5.44171
5.44171
5.40955
5.40955
5.40955
5.40955
5.40955
5.40955
5.40955
5.40955
5.40955
5.40955
5.40955
5.40955
5.40955
5.39613
5.39613
5.39613
5.39613
5.39613
5.39613
5.39613
5.39613
5.39613
5.39613
5.39613
5.39606
5.39606
5.39606
5.39606
5.39606
5.39606
5.39606
5.39606
5.24352
5.24352
5.24352
5.24352
5.24352
5.24352
5.24352
5.24352
5.24352
5.24352
5.24352
5.24352
5.24352
5.24352
5.24352
5.24352
5.24352
5.24352
5.24352
5.24352
5.24352
5.24352
5.24352
5.24352
5.24352
5.24352
5.24352
5.24352
5.24352
5.24352
5.24352
5.24352
5.24352
5.24352
5.24352
5.24352
5.24352
5.24352
5.24352
5.24352
5.24352
5.24352
5.24352
5.24352
5.24352
5.24352
5.24352
5.24352
5.24352
5.24352
5.24352
5.24352
5.24352
5.24352
5.24352
5.24352
5.24352
5.24352
5.24352
5.24352
5.24352
5.24352
5.24352
5.24352
5.24352
5.24352
5.24352
5.24352
5.24352
5.24352
5.24352
5.24352
5.24352
5.24352
5.24352
5.24352
5.24352
5.15621
5.15621
5.15621
5.15621
5.15621
5.15621
5.15621
5.15621
5.15621
5.15621
5.15621
5.15621
5.15621
5.15621
5.15621
5.15621
5.15621
5.15621
5.15621
5.15621
5.15621
5.15621
5.15621
5.15621
5.15621
5.15621
5.15621
5.15621
5.15621
5.15621
5.15621
5.15621
5.15621
5.15621
5.15621
5.15621
5.15621
5.15621
5.15621
5.15621
5.15621
5.15621
5.15621
5.15621
5.15621
5.15621
5.07838
5.07838
5.07838
5.07838
5.07838
5.07838
5.07838
5.07838
5.07838
5.07838
5.07838
5.07838
5.07838
5.07838
5.07838
5.07838
5.07838
5.07838
5.07838
5.07838
5.07838
5.07838
5.07838
5.07838
5.07838
5.07838
5.07838
5.07838
5.07838
5.07838
5.07838
5.07838
5.07838
5.07838
5.07838
5.07838
5.07838
5.07838
5.07838
5.07838
5.07838
5.07838
5.07838
5.07838
5.07187
5.07187
5.07187
5.07187
5.07187
5.07187
5.07187
5.07187
5.02698
5.02698
5.02698
5.02698
5.02698
5.02698
5.02698
5.02698
5.02698
5.02698
5.02698
5.02698
5.02698
5.02698
5.02698
5.02698
5.02698
5.02698
5.02698
5.02698
5.02698
5.02698
5.02698
5.02698
5.02698
5.02698
5.02698
5.02698
5.02698
5.02698
5.02698
5.02698
5.02698
5.02698
5.02698
5.02698
5.02698
5.02698
5.02698
5.02698
5.02698
5.02698
5.02698
5.02698
5.02698
5.02698
5.02698
5.02698
5.02698
5.02698
5.02698
5.02698
5.02698
5.02698
5.02698
5.02698
5.02698
5.02698
5.02698
5.02698
5.02698
5.02698
5.02698
5.02698
5.02698
5.02698
5.02698
5.02698
5.02698
5.02698
5.02698
5.02698
5.02698
5.02698
5.02698
5.02698
5.02698
5.02698
5.02698
5.02698
5.02698
5.02698
5.02698
5.02698
5.02698
5.02698
5.02698
5.02698
5.02698
5.02698
5.02698
5.02698
5.02698
5.02698
5.02698
5.02698
5.02698
5.02698
5.02698
5.02698
5.02698
5.02698
5.02698
5.02698
4.97562
4.97562
4.97562
4.97562
4.97562
4.97562
4.97562
4.97562
4.97562
4.97562
4.97562
4.97562
4.97562
4.97562
4.97562
4.97562
4.97562
4.97562
4.97562
4.97562
4.97562
4.97562
4.97562
4.97562
4.97562
4.94381
4.94381
4.89985
4.89985
4.89985
4.89985
4.89985
4.89985
4.89985
4.88608
4.88608
4.86646
4.86646
4.86646
4.86646
4.86646
4.86646
4.86646
4.86646
4.86646
4.86646
4.86646
4.86646
4.86646
4.86646
4.86646
4.86646
4.86646
4.86646
4.86646
4.85614
4.85614
4.85614
4.85614
4.85614
4.85614
4.85614
4.85614
4.85614
4.85614
4.85614
4.85614
4.85614
4.85614
4.77013
4.77013
4.77013
4.77013
4.77013
4.77013
4.77013
4.77013
4.77013
4.77013
4.77013
4.77013
4.77013
4.77013
4.77013
4.77013
4.77013
4.77013
4.77013
4.77013
4.77013
4.77013
4.77013
4.77013
4.77013
4.77013
4.77013
4.77013
4.77013
4.77013
4.77013
4.77013
4.77013
4.77013
4.76492
4.76492
4.6823
4.6823
4.6823
4.6823
4.6823
4.6823
4.6823
4.6823
4.6823
4.6823
4.6823
4.6823
4.6823
4.6823
4.6823
4.6823
4.6823
4.6823
4.6823
4.6823
4.6823
4.6823
4.6823
4.6823
4.6823
4.6823
4.6823
4.6823
4.6823
4.6823
4.6823
4.6823
4.6823
4.6823
4.6823
4.6823
4.6823
4.6823
4.6823
4.6823
4.6823
4.6823
4.6823
4.6823
4.6823
4.6823
4.6823
4.6823
4.6823
4.6823
4.6823
4.6823
4.6823
4.6823
4.6823
4.6823
4.6823
4.6823
4.6823
4.6823
4.6823
4.6823
4.6823
4.6823
4.6823
4.6823
4.6823
4.6823
4.6823
4.6823
4.6823
4.6823
4.6823
4.6823
4.6823
4.6823
4.6823
4.6823
4.6823
4.6823
4.6823
4.6823
4.6823
4.6823
4.6823
4.6823
4.6823
4.6823
4.6823
4.6823
4.6823
4.6823
4.6823
4.6823
4.6823
4.6823
4.6823
4.6823
4.6823
4.6823
4.6823
4.6823
4.6823
4.6823
4.6823
4.6823
4.6823
4.6823
4.6823
4.6823
4.6823
4.6823
4.6823
4.6823
4.6823
4.6823
4.6823
4.6823
4.6823
4.6823
4.6823
4.6823
4.6823
4.6823
4.6823
4.6823
4.6823
4.6823
4.6823
4.6823
4.6823
4.6823
4.6823
4.6823
4.6823
4.6823
4.6823
4.6823
4.6823
4.6823
4.6823
4.6823
4.6823
4.6823
4.6823
4.6823
4.6823
4.6823
4.6823
4.6823
4.6823
4.6823
4.6823
4.6823
4.6823
4.6823
4.6823
4.6823
4.6823
4.6823
4.6823
4.6823
4.6823
4.6823
4.6823
4.6823
4.6823
4.6823
4.6823
4.6823
4.6823
4.6823
4.6823
4.6823
4.6823
4.6823
4.6823
4.6823
4.6823
4.6823
4.6823
4.6823
4.6823
4.6823
4.6823
4.6823
4.6823
4.6823
4.6823
4.6823
4.6823
4.6823
4.6823
4.6823
4.6823
4.6823
4.6823
4.6823
4.6823
4.6823
4.6823
4.6823
4.6823
4.6823
4.6823
4.6823
4.6823
4.6823
4.6823
4.6823
4.6823
4.6823
4.6823
4.6823
4.6823
4.6823
4.6823
4.6823
4.6823
4.6823
4.6823
4.6823
4.6823
4.6823
4.6823
4.6823
4.6823
4.6823
4.6823
4.6823
4.6823
4.6823
4.6823
4.6823
4.6823
4.6714
4.6714
4.6714
4.6714
4.6714
4.6714
4.6714
4.6714
4.6714
4.6714
4.6714
4.6714
4.6714
4.6714
4.6714
4.6714
4.6714
4.6714
4.6714
4.6714
4.6714
4.6714
4.66171
4.66171
4.66171
4.66171
4.66171
4.66171
4.66171
4.66171
4.66171
4.66171
4.66171
4.66171
4.66171
4.66171
4.66171
4.66171
4.66171
4.66171
4.66171
4.66171
4.66171
4.66171
4.66171
4.66171
4.66171
4.66171
4.66171
4.66171
4.66171
4.66171
4.66171
4.66171
4.66171
4.66171
4.66171
4.66171
4.66171
4.66171
4.66171
4.66171
4.66171
4.66171
4.66171
4.66171
4.66171
4.66171
4.66171
4.66171
4.66171
4.66171
4.66171
4.66171
4.66171
4.66171
4.66171
4.66171
4.66171
4.66171
4.66171
4.66171
4.66171
4.66171
4.66171
4.66171
4.66171
4.66171
4.66171
4.66171
4.66171
4.66171
4.66171
4.66171
4.66171
4.66171
4.66171
4.66171
4.66171
4.66171
4.66171
4.66171
4.66171
4.66171
4.66171
4.66171
4.66171
4.66171
4.66171
4.66171
4.66171
4.66171
4.66171
4.66171
4.66171
4.66171
4.66171
4.66171
4.66171
4.66171
4.66171
4.66171
4.66171
4.66171
4.66171
4.66171
4.66171
4.66171
4.66171
4.66171
4.66171
4.66171
4.66171
4.66171
4.66171
4.66171
4.66171
4.66171
4.66171
4.66171
4.66171
4.66171
4.66171
4.66171
4.66171
4.66171
4.66171
4.66171
4.66171
4.66171
4.66171
4.66171
4.66171
4.66171
4.66171
4.66171
4.66171
4.66171
4.66171
4.66171
4.66171
4.66171
4.66171
4.66171
4.66171
4.66171
4.66171
4.66171
4.66171
4.66171
4.66171
4.66171
4.66171
4.66171
4.66171
4.66171
4.66171
4.66171
4.66171
4.66171
4.66171
4.66171
4.66171
4.66171
4.66171
4.66171
4.66171
4.66171
4.66171
4.66171
4.66171
4.66171
4.66171
4.66171
4.66171
4.66171
4.66171
4.66171
4.66171
4.66171
4.66171
4.66171
4.66171
4.66171
4.66171
4.66171
4.66171
4.66171
4.66171
4.66171
4.66171
4.66171
4.66171
4.66171
4.66171
4.66171
4.66171
4.66171
4.66171
4.66171
4.66171
4.66171
4.66171
4.66171
4.66171
4.66171
4.66171
4.66171
4.66171
4.66171
4.66171
4.66171
4.66171
4.66171
4.66171
4.66171
4.66171
4.66171
4.66171
4.66171
4.66171
4.66171
4.66171
4.66171
4.66171
4.66171
4.66171
4.66171
4.66171
4.66171
4.66171
4.66171
4.66171


-1.53372
0.180724
-0.938355
-0.141228
-0.311434
-0.970829
-0.791666
-0.130177
-0.56197
-1.06317
-0.362088
0.0887082
-0.223342
-1.03727
-0.381749
-0.292591
-0.817049
-0.65253
-0.0482289
-0.52451
-0.722605
-0.892498
-0.383123
-0.496853
-0.16496
0.00909654
-0.174656
-0.965072
-0.0825446
-3.18222

0.034

