0.499699
0.148841
0.148841
0.148841
0.117258
0.114149
0.114149
0.114149
0.103598
0.103598
0.103598
0.103598
0.0661076
0.0661076
0.0661076
0.0661076
0.0661076
0.0661076
0.0659379
0.0659379
0.0659379
0.0600081
0.0600081
0.0600081
0.0600081
0.0600081
0.0600081
0.0600081
0.0600081
0.0600081
0.0600081
0.0600081
0.0600081
0.0600081
0.0599302
0.0599302
0.0597071
0.0597071
0.0597071
0.0597071
0.0597071
0.0441922
0.0441922
0.0441922
0.0343848
0.0343848
0.0343848
0.0343848
0.0343848
0.0343848
0.0343848
0.0343848
0.0343848
0.0343848
0.0343848
0.0343848
0.0343848
0.0343848
0.0343848
0.0343848
0.0343848
0.0343848
0.0343848
0.0343848
0.0343848
0.0343848
0.0343848
0.0343848
0.0343848
0.0343848
0.0343848
0.0343848
0.0333177
0.0333177
0.0333177
0.0333177
0.0333177
0.0333177
0.0333177
0.0333177
0.0333177
0.0333177
0.0333177
0.0333177
0.0333177
0.0333177
0.0333177
0.0333177
0.0333177
0.0248155
0.0248155
0.0248155
0.0248155
0.0248155
0.0248155
0.0248155
0.0248155
0.0248155
0.0248155
0.0248155
0.0248155
0.0248155
0.0248155
0.0248155
0.0248155
0.0248155
0.0248155
0.0248155
0.0248155
0.0248155
0.0248155
0.0248155
0.0248155
0.0248155
0.0248155
0.0248155
0.0246984
0.0245294
0.0245294
0.0245294
0.0245294
0.0245294
0.0245294
0.0245294
0.0245294
0.0245294
0.0243116
0.0243116
0.0243116
0.0228054
0.0228054
0.022114
0.022114
0.022114
0.022114
0.0195108
0.0112678
0.0112678
0.0112678
0.0112678
0.0112678
0.0112678
0.0112678
0.0112678
0.0112678
0.0112678
0.0112678
0.0112678
0.0112678
0.0112678
0.0112678
0.0112678
0.0112678
0.0112678
0.0112678
0.0112678
0.0112678
0.0112678
0.0112678
0.0112678
0.0112678
0.0112678
0.0112678
0.0112678
0.0112678
0.0112678
0.0101951
0.0101951
0.0100894
0.0100894
0.0100894
0.0100894
0.0100894
0.0100894
0.0100894
0.0100894
0.0100894
0.0100894
0.0100894
0.0100894
0.0100894
0.0100894
0.0100894
0.0100894
0.0100894
0.0100894
0.00809884
0.00779283
0.00779283
0.00779283
0.00779283
0.00779283
0.00779283
0.00779283
0.00779283
0.00779283
0.00779283
0.00779283
0.00779283
0.00779283
0.00779283
0.00779283
0.00779283
0.00779283
0.00779283
0.00779283
0.00779283
0.00779283
0.00779283
0.00779283
0.00779283
0.00779283
0.00779283
0.00779283
0.00779283
0.00779283
0.00779283
0.00779283
0.00779283
0.00779283
0.00779283
0.00779283
0.00779283
0.00779283
0.00779283
0.00779283
0.00755959
0.00755959
0.00755959
0.00755959
0.00755959
0.00755959
0.00755959
0.00755959
0.00755959
0.00755959
0.00755959
0.00755959
0.00755959
0.00755959
0.00755959
0.00755959
0.00755959
0.00755959
0.00755959
0.00755959
0.00755959
0.00755959
0.00755959
0.00755959
0.00755959
0.00755959
0.00755959
0.00755959
0.00755959
0.00755959
0.00755959
0.00754443
0.00754443
0.00754443
0.00754443
0.00754443
0.00754443
0.00754443
0.00754443
0.00754443
0.00754443
0.00754443
0.00754443
0.00754443
0.00754443
0.00754443
0.00754443
0.00754355
0.00754355
0.00754355
0.00754355
0.00754355
0.00754355
0.00754355
0.00754355
0.00754355
0.00754355
0.00754355
0.00754355
0.00754355
0.00754355
0.00754355
0.00750804
0.00750804
0.00750804
0.00750804
0.00750804
0.00750804
0.00750804
0.00750804
0.00750804
0.00750804
0.00750804
0.00750804
0.00750804
0.00750804
0.00750804
0.00662483
0.00662483
0.00662483
0.00662483
0.00662483
0.00662483
0.00662483
0.00662483
0.00662483
0.00662483
0.00662483
0.00662483
0.00662483
0.00662483
0.00662483
0.00662483
0.00662483
0.00662483
0.00662483
0.00662483
0.00662483
0.00662483
0.00662483
0.00662483
0.00662483
0.00662483
0.00662483
0.00662483
0.00662483
0.00662483
0.00662483
0.00649316
0.00649316
0.0052481
0.0052481
0.0052481
0.0052481
0.0052481
0.0052481
0.0052481
0.0052481
0.00467825
0.00467825
0.00467825
0.00467825
0.00467825
0.00467825
0.00467825
0.00467825
0.00467825
0.00467825
0.00467825
0.00467825
0.00467825
0.00467825
0.00467825
0.00467825
0.00467825
0.00467825
0.00467825
0.00467825
0.00467825
0.00467825
0.00467825
0.00467825
0.00467825
0.00467825
0.00467825
0.00467825
0.00467825
0.00467825
0.00467825
0.00467825
0.00467825
0.00467825
0.00467825
0.00467825
0.00467825
0.00467825
0.00467825
0.00467825
0.00467825
0.00467825
0.00467825
0.00467825
0.00467825
0.00467825
0.00467825
0.00467825
0.00467825
0.00467825
0.00467825
0.00467825
0.00450992
0.00450992
0.00450992
0.00450992
0.00450992
0.00450992
0.00450992
0.00450992
0.00450992
0.00450992
0.00450992
0.00450992
0.00450992
0.00410633
0.00410633
0.00410633
0.00410633
0.00410633
0.00410633
0.00410633
0.00410633
0.00410633
0.00334559
0.00334559
0.00334559
0.00334559
0.00334559
0.00334559
0.00334559
0.00334559
0.00334559
0.00334559
0.00334559
0.00334559
0.00334559
0.00334559
0.00334559
0.00334559
0.00334559
0.00334559
0.00334559
0.00334559
0.00334559
0.00334559
0.00334559
0.00334559
0.00334559
0.00334559
0.00334559
0.00299463
0.00299463
0.00299463
0.00299463
0.00299463
0.00299463
0.00299463
0.00299463
0.00299463
0.00299463
0.00299463
0.00299463
0.00299463
0.00299463
0.00299463
0.00299463
0.00299463
0.00299463
0.00299463
0.00299463
0.00290147
0.00290147
0.00290147
0.00290147
0.00290147
0.00290147
0.00290147
0.00290147
0.00290147
0.00290147
0.00290147
0.00290147
0.00290147
0.00290147
0.00290147
0.00290147
0.00290147
0.00290147
0.00290147
0.00290147
0.00290147
0.00290147
0.00290147
0.00290147
0.00290147
0.00290147
0.00290147
0.00290147
0.00290147
0.00290147
0.00290147
0.00290147
0.00290147
0.00290147
0.00290147
0.00290147
0.00290147
0.00290147
0.00290147
0.00290147
0.00290147
0.00290147
0.00290147
0.00290147
0.00290147
0.00290147
0.00290147
0.0028578
0.0028578
0.0028578
0.00269369
0.00269369
0.00269369
0.00269369
0.00269369
0.00269369
0.00269369
0.00269369
0.00269369
0.00269369
0.00269369
0.00269369
0.00269369
0.00269369
0.00269369
0.00269369
0.00269369
0.00269369
0.00269369
0.00269369
0.00269369
0.00269369
0.00269369
0.00269369
0.00269369
0.00269369
0.00269369
0.00269369
0.00269369
0.00269369
0.00269369
0.00269369
0.00269369
0.00269369
0.00269369
0.00269369
0.00269369
0.00269369
0.00269369
0.00269369
0.00269369
0.00269369
0.00269369
0.00269369
0.00269369
0.00269369
0.00269369
0.00269369
0.00269369
0.00269369
0.00269369
0.00269369
0.00269369
0.00269369
0.00269369
0.00269369
0.00269369
0.00269369
0.00269369
0.00269369
0.00269369
0.00269369
0.00269369
0.00269369
0.00269369
0.00269369
0.00269369
0.00269369
0.00269369
0.00269369
0.00269369
0.00269369
0.00269369
0.00269369
0.00269369
0.00265346
0.00265346
0.00265346
0.00265346
0.00265346
0.00265346
0.00265346
0.00265346
0.00265346
0.00265346
0.00265346
0.00265346
0.00265346
0.00265346
0.00265346
0.00265346
0.00265346
0.00265346
0.00265346
0.00265346
0.00265346
0.00250061
0.00250061
0.00250061
0.00250061
0.00250061
0.00250061
0.00250061
0.00250061
0.00250061
0.00250061
0.00250061
0.00250061
0.00250061
0.00250061
0.00250061
0.00241944
0.00241944
0.00241944
0.00241944
0.00241944
0.00241944
0.00241944
0.00241944
0.00241944
0.00241944
0.00241944
0.00241944
0.00241944
0.00241944
0.00241944
0.00241944
0.00241944
0.00241944
0.00241944
0.00241944
0.00241944
0.00241944
0.00241944
0.00241944
0.00241944
0.00241944
0.00241944
0.00241944
0.00241944
0.00241944
0.00241944
0.00241944
0.00241944
0.00241944
0.00241944
0.00241944
0.00241944
0.00241944
0.00241944
0.00241944
0.00241944
0.00241944
0.00241944
0.00241944
0.00241944
0.00241944
0.00241944
0.00241944
0.00241863
0.00241863
0.00241863
0.00241863
0.00241863
0.00241863
0.00235564
0.00235564
0.00235564
0.00235564
0.00235564
0.00235564
0.00235564
0.00235564
0.00235564
0.00235564
0.00235564
0.00235564
0.00235564
0.00235564
0.00235564
0.00235564
0.00235564
0.00235564
0.00235564
0.00235564
0.00235564
0.00235564
0.00235564
0.00235564
0.00235564
0.00235564
0.00235564
0.00235564
0.00235564
0.00235564
0.00235564
0.00235564
0.00235564
0.00235564
0.00235564
0.00235564
0.00235564
0.00235564
0.00235564
0.00235564
0.00235564
0.00235564
0.00235564
0.00235564
0.00235564
0.00235564
0.00235564
0.00235564
0.00235564
0.00235564
0.00235564
0.00235564
0.00235564
0.00235564
0.00235564
0.00235564
0.00235564
0.00235564
0.00235564
0.00235564
0.00235564
0.00235564
0.00235564
0.00235564
0.00235564
0.00235564
0.00235564
0.00235564
0.00235564
0.00235564
0.00235564
0.00235564
0.00235564
0.00235564
0.00235564
0.00235564
0.00235564
0.00235564
0.00235564
0.00235564
0.00235564
0.00235564
0.00235564
0.00235564
0.00235564
0.00235564
0.00235564
0.00235564
0.00235564
0.00235564
0.00235564
0.00235564
0.00235564
0.00235564
0.00235564
0.00235564
0.00235564
0.00235564
0.00235564
0.00235564
0.00235564
0.00235564
0.00235564
0.00235564
0.00235564
0.00235564
0.00235564
0.00235564
0.00235564
0.00235564
0.00235564
0.00235564
0.00235564
0.00235564
0.00235564
0.00235564
0.00235564
0.00235564
0.00235564
0.00235564
0.00235564
0.00235564
0.00235415
0.00235415
0.00235415
0.00235415
0.00235415
0.00235415
0.00235415
0.00235415
0.00235415
0.00235415
0.00235415
0.00235415
0.00233393
0.00233393
0.00233393
0.00233393
0.00233393
0.00233393
0.00233393
0.00233393
0.00233393
0.00233393
0.00233393
0.00233393
0.00233393
0.00233393
0.00233393
0.00233393
0.00233393
0.00233393
0.00233393
0.00231971
0.00231971
0.00231971
0.00231971
0.00231971
0.00231971
0.00231971
0.00231971
0.00231971
0.00231971
0.00231971
0.00231971
0.00231971
0.00231971
0.00231971
0.00231971
0.00231971
0.00231971
0.00231971
0.00231737
0.00231737
0.00231737
0.00231737
0.00231737
0.00231737
0.00231058
0.00231058
0.00231058
0.00231058
0.00231058
0.00231058
0.00231058
0.00231058
0.00231058
0.00231058
0.00231058
0.00231058
0.00231058
0.00231058
0.00231058
0.00231058
0.00231058
0.00231058
0.00231058
0.00231058
0.00231058
0.00230709
0.00230709
0.00230709
0.00230709
0.00230709
0.00230709
0.00230709
0.00230709
0.00230709
0.00230709
0.00230709
0.00230709
0.00230709
0.00230709
0.00226535
0.00226535
0.00226535
0.00226535
0.00226535
0.00226535
0.00226535
0.00226535
0.00226535
0.00226535
0.00226535
0.00226535
0.00226535
0.00226535
0.00226535
0.00226535
0.00226535
0.00226535
0.00226535
0.00226535
0.00226535
0.00226535
0.00226535
0.00226535
0.00226535
0.00226535
0.00226287
0.00226287
0.00226287
0.00226287
0.00226287
0.00226287
0.00226287
0.00226287
0.00226287
0.00226287
0.00226287
0.00226287
0.00226287
0.00226287
0.00226287
0.00226287
0.00226287
0.00226287
0.00226287
0.00226287
0.00226287
0.00226287
0.00226287
0.00226287
0.00226287
0.00226287
0.00226287
0.00226287
0.00226287
0.00226287
0.00226287
0.00226287
0.00226287
0.00226287
0.00226287
0.00226287
0.00226287
0.00226287
0.00226287
0.00226287
0.00226287
0.00226287
0.00226287
0.00226287
0.00226287
0.00226287
0.00226287
0.00226287
0.00226287
0.00226287
0.00226287
0.00226287
0.00226287
0.00226287
0.00226287
0.00226287
0.00225997
0.00225997
0.00225997
0.00225997
0.00225997
0.00225997
0.00225997
0.00225997
0.00225997
0.00225997
0.00225997
0.00225997
0.00225997
0.00225997
0.00225997
0.00225997
0.00225997
0.00225997
0.00225997
0.00225997
0.00225997
0.00225997
0.00225997
0.00225997
0.00225997
0.00225997
0.00225997
0.00225997
0.00225997
0.00225997
0.00225997
0.00225997
0.00225997
0.00225997
0.00225997
0.00225997
0.00225997
0.00225997
0.00225997
0.00225997
0.00225997
0.00225997
0.00225997
0.00225997
0.00225997
0.00225997
0.00225997
0.00225997
0.00225997
0.00225997
0.00225997
0.00225997
0.00225997
0.00225997
0.00225997
0.00225997
0.00225997
0.00225997
0.00225997
0.00225997
0.00225944
0.0022567
0.00221173
0.00221173
0.00219663
0.00219663
0.00219663
0.00209234
0.00209234
0.00209234
0.00209234
0.00209234
0.00209234
0.00209234
0.00209234
0.00209234
0.00209234
0.00209234
0.00209234
0.00209234
0.00209234
0.00209234
0.00209234
0.00209234
0.00209234
0.00209234
0.00209234
0.00209234
0.00209234
0.00209234
0.00208528
0.00208528
0.00208528
0.00208528
0.00208528
0.00208528
0.00208528
0.00208528
0.00207204
0.00207204
0.00207204
0.00207204
0.00207204
0.00207204
0.00207204
0.00207204
0.00207204
0.00207204
0.00207204
0.00207204
0.00207204
0.00207204
0.00207204
0.00207204
0.00207204
0.00207204
0.00207204
0.00207204
0.00207204
0.00207204
0.00207204
0.00207204
0.00207204
0.00207204
0.00207204
0.00207204
0.00207204
0.00206322
0.00206322
0.00206322
0.00205726
0.00205726
0.00205726
0.00205726
0.00205726
0.00205726
0.00205726
0.00205726
0.00205726
0.00205726
0.00205726
0.00205726
0.00205726
0.00205726
0.00205726
0.00205726
0.00205726
0.00205726
0.00205726
0.00205726
0.00205726
0.00205726
0.00205726
0.00205726
0.00205726
0.00205726
0.00205726
0.00205726
0.00205726
0.00205726
0.00205726
0.00205726
0.00205726
0.00205726
0.00205726
0.00128609
0.00128609
0.00128609
0.00128609
0.00128609
0.00128609
0.00128609
0.00128609
0.00128609
0.00128609
0.00128609
0.00128609
0.00128609
0.00128609
0.00128609
0.00128609
0.00128609
0.00128609
0.00128609
0.00128609
0.00128609
0.0011937
0.0011937
0.0011937
0.0011937
0.00118239
0.00118239
0.00118239
0.00118239
0.00118239
0.00118239
0.00118239
0.00118239
0.00118239
0.00118239
0.00118239
0.00118239
0.00118239
0.00118239
0.00118239
0.00118239
0.00118239
0.00118239
0.00118239
0.00118239
0.00118239
0.00118239
0.00118239
0.00118239
0.00118239
0.00118239
0.00118239
0.00118239
0.00118239
0.00118239
0.00118239
0.00118239
0.00118217
0.00118217
0.00118217
0.00118217
0.00118217
0.00118217
0.00118217
0.00118217
0.00118076
0.00118076
0.00118076
0.00118076
0.00117786
0.00117786
0.00117786
0.00117786
0.00117786
0.00117786
0.00117786
0.00117786
0.00117786
0.00117786
0.00117786
0.00117786
0.00117786
0.00117786
0.00117786
0.00117786
0.00117786
0.00117786
0.00117786
0.00117786
0.00117786
0.00117786
0.00117786
0.00117786
0.00117786
0.00117786
0.00117786
0.00117786
0.00117786
0.00117786
0.00117786
0.00117786
0.00117786
0.00117786
0.00117786
0.00117786
0.00117786
0.00117786
0.00117786
0.00117786
0.00117786
0.00117786
0.00117786
0.00117786
0.00117786
0.00117786
0.00117786
0.00117786
0.00117786
0.00117786
0.00117786
0.00117786
0.00117786
0.00117786
0.00117786
0.00117786
0.00117786
0.00117786
0.00117786
0.00117786
0.00117786
0.00117786
0.00117786
0.00117786
0.00117786
0.00117786
0.00117786
0.00117786
0.00046072
0.00046072
0.00046072
0.00046072
0.00046072
0.00046072
0.00046072
0.00046072
0.00046072
0.00046072
0.00046072
0.00046072
0.00046072
0.00046072
0.000175408
0.000175408
0.000175408
0.000175408
0.000175408
0.000175408
0.000175408
0.000175408
0.000175408
0.000175408
0.000175408
0.000175408
0.000175408
0.000175408
0.000175408
0.000175408
0.000175408
0.000175408
0.000175408
0.000175408
0.000175408
0.000175408
0.000175408
0.000175408
0.000175408
0.000175408
0.000175408
0.000175408
0.000175408
0.000175408
0.000175408
0.000175408
0.000175408
0.000175408
0.000175408
0.000175408
0.000175408
0.000175341
0.000175341
0.000175341
0.000175341
0.000175341
0.000175341
0.000175341
0.000175341
0.000175341
0.000175341
0.000175341
0.000175341
0.000175341
0.000175341
0.000175341
0.000175327
0.000175327
0.000175327
0.000175327
0.000175327
0.000139862
0.000139862
0.000139862
0.000139202
0.000139202
0.000139202
0.000139202
0.000139202
0.000139202
0.000139202
0.000139202
0.000139202
0.000139202
0.000139202
0.000139202
0.000139202
0.000139202
0.000139202
0.000139202
0.000139202
0.000139202
0.000139202
0.000139202
0.000139202
0.000139202
0.000139202
0.000139202
0.000139202
0.000139202
0.000139202
0.000139202
0.000139202
0.000139056
0.000139056
0.000139056
0.000139056
0.000139056
0.000139056
0.000139056
0.000139056
0.000139056
0.000139056
0.000139056
0.000139056
0.000139056
0.000139056
0.000139056
0.000139056
0.000139056
0.000139056
0.000138795
0.000136026
0.000136026
0.000136026
0.000136026
0.000136026
0.000136026
0.000136026
0.000136026
0.000136026
0.000136026
0.000136026
0.000136026
0.000136026
0.000136026
0.000133913
0.000133913
0.000133913
0.000133913
0.000133913
0.000133913
0.000133913
0.000133913
0.000133913
0.000133913
0.000133913
0.000133913
0.000133913
0.000133913
0.000133913
0.000133913
0.000133913
0.000133913
0.000133913
0.000133913
0.000133913
0.000133913
0.000133913
0.000133652
0.000133652
0.000133652
0.000133652
0.000133652
0.000133652
0.000133652
0.000133652
0.000133652
0.000133652
0.000133652
0.000133652
0.000133652
0.000133652
0.000133652
0.000133652
0.000133652
0.000133652
0.000133652
0.000133652
0.000133652
0.000133652
0.000133652
0.000133652
0.000133652
0.000133652
0.000132961
0.000132961
0.000132961
0.000132961
0.000132961
0.000132961
0.000132961
0.000132961
0.000132961
0.000132961
0.000132961
0.000132961
0.000132961
0.000132961
0.000132961
0.000132961
0.000131181
0.000131181
0.000131181
0.000131181
0.000131181
0.000131181
0.000131181
0.000127188
0.000127188
0.000127188
0.000127188
0.000127188
0.000127188
0.000127188
0.000127188
0.000127188
0.000127188
0.000127188
0.000127188
0.000127188
0.000127188
0.000126276
0.000126276
0.000126276
0.000126276
0.000126276
0.000126276
0.000126276
0.000126276
0.000126276
0.000126276
0.000126276
0.000126276
0.000126276
0.000126276
0.000126276
0.000126276
0.000126276
0.000126276
0.000126276
0.000126276
0.000126276
0.000126276
0.000126276
0.000126276
0.000126276
0.000126276
0.000126276
0.000126276
0.000126276
0.000126276
0.000126276
0.000126276
0.000126276
0.000126276
0.000126276
0.000126276
0.000126276
0.000126276
0.000126276
0.000125027
0.000125027
0.000125027
0.000125027
0.000125027
0.000125027
0.000125027
0.000125027
0.000125027
0.000125027
0.000125027
0.000125027
0.000125027
0.000125027
0.000125027
0.000125027
0.000125027
0.000125027
0.000125027
0.000125027
0.000125027
0.000125027
0.000125027
0.000125027
0.000125027
0.000125027
0.000125027
0.000125027
0.000125027
0.000125027
0.000125027
0.000125027
0.000125027
0.000125027
0.000125027
0.000125027
0.000125027
0.000125027
0.000125027
0.000125027
0.000125027
0.000125027
0.000125027
0.000125027
0.000125027
0.000125027
0.000125027
0.000125027
0.000125027
0.000125027
0.000125027
0.000125027
0.000125027
0.000125027
0.000125027
0.000125027
0.000125027
0.000125027
0.000125027
0.000125027
0.000125027
0.000125027
0.000125
0.000125
0.000125
0.000125
0.000125
0.000125
0.000125
0.000125
0.000125
0.000125
0.000125
0.000125
0.000125
0.000125
0.000125
0.000125
0.000125
0.000125
0.000125
0.000125
0.000125
0.000125
0.000125
0.000125
0.000125
0.000125
0.000125
0.000125
0.000125
0.000125
0.000125
0.000125
0.000125
0.000125
0.000125
0.000125
0.000125
0.000125
0.000125
0.000124678
0.000124678
0.000124678
0.000124678
0.000124678
0.000124678
0.000124678
0.000123557
0.000123557
0.000123557
0.000123557
0.000123557
0.000123557
0.000123557
0.000123557
0.000123557
0.000123557
0.000123557
0.000123557
0.000123557
0.000123557
0.000123557
0.000123557
0.000123557
0.000123557
0.000123182
0.000123182
0.000123182
0.000123182
0.000123182
0.000123182
0.000123182
0.000123182
0.000123182
0.000123182
0.000123182
0.000123182
0.000123182
0.000123182
0.000123182
0.000123182
0.000123182
0.000123182
0.000122598
0.000122598
0.000122598
0.000122598
0.000122598
0.000122598
0.000122598
0.000122598
0.000122598
0.000122598
0.000122598
0.000122598
0.000122598
0.000122598
0.000122598
0.000122598
0.000122598
0.000122598
0.000122598
0.000122598
0.000122598
0.000122598
0.000122598
0.000122598
0.000122598
0.000122284
0.000122284
0.000122284
0.000122284
0.000122284
0.000122284
0.000122284
0.000122284
0.000122284
0.000122284
0.000122284
0.000122284
0.000122284
0.000122284
0.000122284
0.000121637
0.000121637
0.000121637
0.000121637
0.000121637
0.000121637
0.000121637
0.000121637
0.000121637
0.000121637
0.000121637
0.000121637
0.000121637
0.000121637
0.000121637
0.000121637
0.000121637
0.000121637
0.000121637
0.000121637
0.000121637
0.000121637
0.000121637
0.000121637
0.000121637
0.000121389
0.000121389
0.000121389
0.000121389
0.000121389
0.000121389
0.000121389
0.000121389
0.000121389
0.000121389
0.000121389
0.000121389
0.000121389
0.000121389
0.000121389
0.000121389
0.000121389
0.000121389
0.000121389
0.000121389
0.000121389
0.000121389
0.000121389
0.000121389
0.000121389
0.000121389
0.000121389
0.000121389
0.000121389
0.000121389
0.000121389
0.000121388
0.000121388
0.000121388
0.000121388
0.000121388
0.000121388
0.000121388
0.000121388
0.000121388
0.000121388
0.000121388
0.000121388
0.000121388
0.000121388
0.000121388
0.000121388
0.000121388
0.000121388
0.000121388
0.000121388
0.000121388
0.000121388
0.000121388
0.000121388
0.000121388
0.000121388
0.000121388
0.000121388
0.000121388
0.000121388
0.000121388
0.000121247
0.000121247
0.000121247
0.000121247
0.000121247
0.000121247
0.000121247
0.000121247
0.000121247
0.000121129
0.000121129
0.000121129
0.000121129
0.000121129
0.000121129
0.000121129
0.000121129
0.000121097
0.000121097
0.000121097
0.000121097
0.000121097
0.000121097
0.000121097
0.000121097
0.000121097
0.000121097
0.000121097
0.000121097
0.000121097
0.000121097
0.000121097
0.000121097
0.000121097
0.000121097
0.000121097
0.000121097
0.000121097
0.000121097
0.000121097
0.000121097
0.000121097
0.000121097
0.000121097
0.000121078
0.000121078
0.000121078
0.000121078
0.000121078
0.000121078
0.000121078
0.000121078
0.000121078
0.000121048
0.000121048
0.000121048
0.000121048
0.000121048
0.000121048
0.000121048
0.000121048
0.000121048
0.000121048
0.000121048
0.000121048
0.000121048
0.000121048
0.000121048
0.000121048
0.000121048
0.000121048
0.000121048
0.000121048
0.000121048
0.000121048
0.000121048
0.000121048
0.000121048
0.000121048
0.000121048
0.000121048
0.000121048
0.000121048
0.000121048
0.000120983
0.000120983
0.000120983
0.000120983
0.000120983
0.000120983
0.000120983
0.000120983
0.000120983
0.000120983
0.000120983
0.000120983
0.000120983
0.000120983
0.000120983
0.000120983
0.000120983
0.000120983
0.000120983
0.000120896
0.000120896
0.000120896
0.000120896
0.000120896
0.000120896
0.000120896
0.000120896
0.000120896
0.000120896
0.000120896
0.000120896
0.000120896
0.000120896
0.000120896
0.000120896
0.000120896
0.000120896
0.000120896
0.000120896
0.000120896
0.000120893
0.000120893
0.000120893
0.000120893
0.000120893
0.000120893
0.000120893
0.000120414
0.000120414
0.000120414
0.000120414
0.000120414
0.000120414
0.000120414
0.000120414
0.000120414
0.000120414
0.000120414
0.000120414
0.000120414
0.000120414
0.000120414
0.000120414
0.000120414
0.000120414
0.000120414
0.000120414
0.000120414
0.000120414
0.000120414
0.000120414
0.000120414
0.000120414
0.000120414
0.000120414
0.000120414
0.000120414
0.000120414
0.000120414
0.000120414
0.000120414
0.000120414
0.000120414
0.000120414
0.000120414
0.000120414
0.000120414
0.000120414
0.000120414
0.000120414
0.000120414
0.000120414
0.000120414
0.000120414
0.000120414
0.000120414
0.000120414
0.000120414
0.000120414
0.000120414
0.000120414
0.000120414
0.000120414
0.000120414
0.000120414
0.000120414
0.000120414


-0.0108821
-0.00803315
-0.0105166
-0.0163289
0.0908086
0.0753818
0.161338
0.123292
0.0569443
0.0113773
-0.289315
-0.276844
-0.0514568
-0.128028
-0.217746
-0.319911
-0.370211
-0.253417
-0.251034
-0.130312
0.246792
0.000937459
0.266091
0.152099
0.127932
0.00577005
-0.0239237
-0.0725093
-0.103782
-0.193436

0.024

