475.791
475.791
474.785
474.785
474.785
474.785
474.785
474.785
474.785
474.785
474.785
474.785
474.785
474.785
474.785
474.785
474.785
474.785
474.785
466.343
466.343
466.343
466.343
466.343
466.343
466.343
466.343
466.343
466.343
454.124
454.124
454.124
454.124
454.124
454.124
445.035
442.414
442.414
442.414
442.414
442.414
442.414
442.414
442.414
442.414
434.315
434.315
434.315
434.315
434.315
434.315
434.315
434.315
434.315
434.315
434.315
434.315
434.315
434.315
434.315
434.315
434.315
434.315
434.315
434.315
434.315
434.315
434.315
434.315
434.315
434.315
434.315
434.315
434.315
434.315
434.315
434.315
434.315
434.315
434.315
434.315
402.283
402.283
402.283
402.283
402.283
402.283
402.283
379.493
379.493
379.493
379.493
379.493
379.493
379.493
375.733
375.733
375.733
375.733
375.733
375.733
375.733
375.733
375.733
375.733
375.733
375.733
375.733
375.733
375.733
375.733
375.733
375.733
375.733
375.733
375.733
375.733
375.733
375.733
375.733
375.733
375.733
374.3
374.3
363.488
363.488
363.488
363.488
363.488
363.488
363.488
363.488
363.488
363.488
363.488
363.488
363.488
363.488
363.488
313.695
313.695
313.695
313.695
313.695
313.695
313.695
313.695
313.695
313.695
313.695
313.695
313.695
313.695
313.695
313.695
313.695
313.695
313.695
313.695
313.695
313.695
313.695
313.695
313.695
313.695
313.695
313.695
313.695
313.695
313.695
313.695
313.695
313.695
313.695
313.695
313.695
313.695
313.695
313.695
313.695
313.695
313.695
313.695
313.695
313.197
313.197
313.197
313.197
313.197
313.197
313.197
313.197
313.197
313.197
313.197
303.374
303.374
303.374
303.374
303.374
303.374
303.374
303.374
303.374
303.374
303.374
298.307
298.307
298.307
298.307
298.307
298.307
298.307
298.307
298.307
298.307
298.307
298.307
298.307
298.307
298.307
298.307
298.307
270.885
270.885
270.885
270.885
270.885
270.885
270.885
270.885
270.885
270.885
270.885
270.885
270.885
270.885
270.885
270.885
250.282
250.282
250.282
250.282
250.282
250.282
250.282
250.282
250.282
250.282
250.282
250.282
250.282
250.282
250.282
250.282
250.282
250.282
250.282
250.282
250.282
250.282
250.282
250.282
250.282
250.282
250.282
250.282
250.282
250.282
250.282
250.282
250.282
250.282
250.282
250.282
250.282
250.282
250.282
250.282
250.282
250.282
250.282
250.282
250.282
250.282
250.282
250.282
250.282
250.282
250.282
250.282
250.282
250.282
250.282
250.282
250.282
250.282
250.282
250.282
250.282
250.282
250.282
250.282
250.282
250.282
250.282
250.282
250.282
250.282
250.282
250.282
250.282
250.282
250.282
236.66
236.66
236.66
236.66
236.66
236.66
236.66
236.66
236.66
236.66
236.66
236.66
236.66
236.66
236.66
236.66
236.66
236.66
235.37
235.37
235.37
235.37
235.37
235.37
235.37
235.37
235.37
235.37
235.37
235.37
235.37
235.37
235.37
235.37
235.37
235.37
235.37
235.37
235.37
235.37
235.37
235.37
235.37
235.37
235.37
235.37
235.37
235.37
235.37
235.37
235.37
235.37
235.37
235.37
235.37
235.37
235.37
235.37
235.37
235.37
235.37
232.695
232.695
232.695
232.695
232.695
232.695
232.695
232.695
232.695
232.695
232.695
232.695
232.695
228.606
228.606
228.606
228.606
228.606
228.606
228.606
228.606
228.606
228.606
228.606
228.606
228.606
228.606
228.606
228.606
228.606
228.606
228.606
228.606
228.606
228.606
228.606
227.387
227.387
227.387
227.387
227.387
227.387
227.387
223.465
223.465
223.465
223.465
223.465
223.465
223.465
223.465
223.465
223.465
223.465
223.465
223.465
223.465
223.465
223.465
223.465
223.465
223.465
223.465
223.465
223.465
223.465
213.855
213.855
213.855
213.855
213.855
213.855
213.855
212.42
212.42
212.42
212.42
212.42
212.42
212.42
212.42
212.42
212.42
212.42
212.42
212.42
212.42
212.42
212.42
212.42
212.42
212.42
212.017
212.017
212.017
212.017
212.017
212.017
212.017
212.017
212.017
212.017
212.017
212.017
212.017
212.017
206.891
206.891
206.891
206.891
206.891
206.891
206.891
206.891
206.891
206.891
206.891
206.891
206.891
206.891
193.885
193.885
193.885
193.885
193.885
193.885
193.885
193.885
193.885
193.885
193.885
193.885
193.885
193.885
193.885
193.885
193.885
193.885
193.885
193.885
193.885
193.885
193.885
193.885
186.972
186.972
186.972
186.972
186.972
186.972
186.972
186.972
186.972
186.972
186.972
186.972
186.972
186.972
186.972
186.972
186.972
186.972
186.972
186.972
186.972
186.972
186.972
186.972
186.972
186.972
186.972
186.972
186.972
186.972
186.972
186.972
186.972
186.972
186.972
186.972
186.972
186.972
186.972
186.972
186.972
186.972
186.972
186.972
186.972
186.972
186.972
186.972
186.972
186.972
186.972
186.972
186.972
183.009
183.009
183.009
176.367
176.367
176.367
176.367
176.367
176.367
176.367
176.367
176.367
176.367
176.367
176.367
176.367
176.367
176.367
176.367
176.367
176.367
176.367
176.367
176.367
176.367
176.367
176.367
176.367
176.367
176.367
176.367
176.367
176.367
176.367
176.367
176.367
170.674
170.674
170.674
170.674
170.674
170.674
170.674
170.674
168.15
168.15
168.15
168.15
168.15
168.15
168.15
168.15
168.15
168.15
168.15
168.15
168.15
168.15
168.15
168.15
168.15
168.15
168.15
168.15
168.15
168.15
168.15
168.15
168.15
168.15
168.15
168.15
168.15
168.15
168.15
168.15
163.896
163.896
163.896
163.896
163.896
163.896
163.896
163.896
163.896
163.896
163.896
163.896
163.896
163.896
163.896
163.896
163.896
163.896
163.896
163.896
163.896
163.896
163.896
163.896
163.896
163.896
163.896
163.896
163.896
163.896
163.896
159.504
159.504
159.504
159.504
159.504
159.504
159.504
159.504
159.504
159.504
159.504
159.504
159.504
159.504
159.504
159.504
159.504
159.504
159.504
159.504
159.504
159.504
157.45
157.45
157.45
157.45
157.45
157.45
157.45
157.45
157.45
157.45
157.45
157.45
157.45
157.45
157.45
157.45
157.45
157.45
157.45
157.45
157.45
157.45
157.45
157.45
152.668
152.668
148.476
148.476
148.476
148.476
148.476
148.476
148.476
148.476
148.476
148.476
148.476
148.476
148.476
148.476
148.476
148.476
148.476
148.476
148.476
148.476
148.476
148.476
148.476
148.476
148.476
148.476
148.476
148.476
148.476
148.476
148.476
148.476
148.476
148.476
148.476
148.476
148.476
148.476
148.476
148.476
148.476
148.476
148.476
148.476
148.476
148.476
144.045
144.045
144.045
144.045
144.045
144.045
144.045
144.045
144.045
144.045
144.045
144.045
144.045
144.045
141.777
141.777
141.777
141.777
141.777
141.777
141.777
141.777
141.777
141.777
141.777
141.777
141.777
141.777
141.777
141.777
141.777
141.777
141.777
141.777
141.777
141.777
141.777
141.777
141.777
141.777
141.777
141.777
133.465
133.465
133.465
133.465
133.465
133.465
133.465
133.465
133.465
133.465
133.465
133.465
133.465
133.465
133.465
133.465
133.465
133.465
129.748
129.748
129.748
129.748
129.748
129.748
129.748
129.748
129.748
126.095
126.095
126.095
126.095
126.095
126.095
126.095
126.095
126.095
126.095
126.095
126.095
126.095
126.095
126.095
126.095
126.095
119.668
119.668
119.668
119.668
119.668
119.668
119.668
119.668
119.668
119.668
119.668
119.668
119.668
119.668
119.668
119.668
119.668
119.668
119.668
119.668
119.668
119.668
119.668
119.668
119.668
119.668
119.668
119.668
119.668
119.668
119.668
119.668
119.668
119.668
119.668
119.668
119.668
119.668
119.668
119.668
119.668
119.668
119.668
119.668
119.668
119.668
119.668
119.668
119.668
119.668
119.668
119.668
119.668
119.668
119.668
119.668
119.668
119.668
119.668
119.668
119.668
119.668
119.668
119.668
119.668
119.668
119.668
119.668
119.668
119.668
119.668
119.668
119.668
119.668
119.668
119.668
119.668
119.668
119.668
119.668
119.668
119.668
119.668
119.668
119.668
119.668
119.668
119.668
119.668
119.668
119.668
119.668
119.668
119.668
119.668
119.668
119.668
119.668
119.668
119.668
119.668
119.668
119.668
119.668
119.668
119.668
119.668
119.668
119.668
119.668
117.442
117.442
117.442
117.442
117.442
117.442
117.442
117.442
117.442
117.442
117.442
117.442
117.442
117.442
117.442
117.442
117.442
117.442
117.442
117.442
117.442
117.442
117.442
117.442
117.442
117.442
117.442
114.056
114.056
114.056
114.056
114.056
114.056
114.056
114.056
114.056
114.056
114.056
114.056
114.056
114.056
114.056
114.056
114.056
114.056
114.056
114.056
114.056
114.056
114.056
114.056
114.056
114.056
114.056
114.056
114.056
111.319
111.319
111.319
111.319
111.319
111.319
111.319
111.319
111.319
111.319
111.319
111.319
111.319
111.319
111.319
111.319
111.319
111.319
111.319
111.319
111.319
111.319
111.319
111.319
111.319
111.319
111.319
111.319
111.319
111.319
111.319
111.319
111.319
111.319
111.319
111.319
111.319
111.319
111.319
111.319
111.319
111.319
111.319
111.319
111.319
111.319
111.319
111.319
111.319
111.319
111.319
111.319
111.319
111.319
111.319
111.319
111.319
111.319
111.319
111.319
111.319
111.319
111.319
111.319
111.319
111.319
111.319
111.319
111.319
111.319
111.319
111.319
111.319
111.319
111.319
111.319
111.319
111.319
111.319
110.969
110.969
110.969
110.969
110.969
110.969
110.969
110.969
110.969
108.899
108.899
108.899
108.899
108.899
108.899
108.899
108.899
108.899
108.899
108.899
108.899
108.899
108.899
108.899
108.899
108.899
108.899
108.899
108.899
108.899
108.899
108.899
108.899
108.899
108.899
108.899
108.899
105.438
105.438
105.438
105.438
105.438
105.438
105.438
105.438
105.438
105.438
105.438
105.438
105.438
105.438
105.438
105.438
105.438
105.438
105.438
105.438
105.438
105.438
105.438
105.438
105.438
105.438
105.438
105.438
105.438
105.438
105.438
105.438
105.438
105.438
105.438
105.438
105.438
105.438
102.072
102.072
102.072
102.072
102.072
102.072
102.072
102.072
102.072
102.072
102.072
102.072
102.072
102.072
102.072
102.072
102.072
102.072
102.072
102.072
102.072
102.072
102.072
102.072
102.072
102.072
102.072
102.072
102.072
102.072
102.072
102.072
102.072
102.072
102.072
102.072
102.072
102.072
102.072
102.072
102.072
102.072
102.072
102.072
102.072
102.072
102.072
102.072
102.072
102.072
98.0916
98.0916
98.0916
98.0916
98.0916
98.0916
98.0916
98.0916
95.2688
95.2688
95.2688
95.2688
95.2688
95.2688
95.2688
95.2688
95.2688
95.2688
95.2688
95.2688
95.2688
95.2688
95.2688
95.2688
95.2688
95.2688
95.2688
95.2688
95.2688
95.2688
95.2688
95.2688
95.2688
95.2688
95.2688
95.2688
95.2688
95.2688
95.2688
95.2688
95.2688
95.2688
95.2688
95.2688
95.2688
93.2147
93.2147
93.2147
93.2147
93.2147
93.2147
93.2147
93.2147
93.2147
93.2147
93.2147
93.2147
93.2147
93.2147
93.2147
93.2147
93.2147
93.2147
93.2147
90.8371
90.8371
90.8371
87.303
87.303
87.303
87.303
87.303
87.303
87.303
87.303
87.303
87.303
87.303
87.303
87.303
87.303
87.303
87.303
87.303
87.303
87.303
87.303
87.303
87.303
87.303
87.303
87.303
87.303
87.303
87.303
87.303
87.303
87.303
87.303
87.303
87.303
87.303
87.303
87.303
87.303
87.303
87.303
87.303
87.303
87.0937
87.0937
87.0937
87.0937
87.0937
87.0937
87.0937
87.0937
87.0937
87.0937
87.0937
87.0937
87.0937
87.0937
87.0937
87.0937
87.0937
87.0937
87.0937
87.0937
87.0937
87.0937
87.0937
87.0937
87.0937
87.0937
87.0937
87.0937
87.0937
87.0937
86.2583
86.2583
86.2583
86.2583
86.2583
86.2583
86.2583
86.2583
86.2583
86.2583
86.2583
86.2583
86.2583
86.2583
86.2583
86.2583
86.2583
86.2583
86.2583
86.2583
86.2583
86.2583
86.2583
86.2583
86.2583
86.2583
86.2583
86.2583
86.2583
86.2583
86.2583
86.2583
86.2583
86.2583
86.2583
86.2583
86.2583
86.2583
86.2583
86.2583
86.2583
86.2583
86.2583
86.2583
83.5274
83.5274
83.5274
83.5274
83.5274
83.5274
83.5274
83.5274
83.5274
83.5274
83.5274
83.5274
83.5274
83.5274
83.5274
83.5274
83.5274
83.5274
83.5274
83.5274
83.5274
83.5274
83.5274
83.5274
83.5274
83.5274
83.5274
83.5274
83.5274
83.5274
83.5274
83.5274
83.5274
83.5274
83.5274
83.5274
83.5274
83.5274
81.8299
81.8299
81.8299
81.8299
81.8299
81.8299
81.8299
81.8299
81.8299
81.8299
81.8299
81.8299
81.8299
81.8299
81.8299
81.8299
81.8299
81.8299
81.8299
81.8299
81.8299
81.8299
81.8299
81.8299
81.8299
81.8299
81.8299
81.8299
81.8299
81.8299
81.8299
81.8299
81.8299
81.8299
81.8299
81.8299
81.8299
81.8299
81.8299
81.8299
81.8299
81.8299
81.8299
81.8299
81.8299
81.8299
81.8299
81.8299
81.8299
81.8299
81.8299
81.8299
81.8299
81.8299
81.8299
81.8299
81.8299
81.8299
81.8299
81.8299
81.8299
81.8299
81.8299
81.8299
81.8299
79.3555
79.3555
79.3555
79.3555
79.3555
79.3555
79.3555
78.8886
78.8886
78.8886
78.8886
78.8886
78.8886
78.8886
78.8886
78.8886
78.8886
78.8886
78.8886
78.8886
78.8886
78.8886
78.8886
78.8886
78.8886
78.8886
78.8886
78.8886
78.8886
78.8886
78.8886
78.8886
78.8886
78.8886
78.8886
78.8886
78.8886
78.8886
78.8886
78.8886
78.8886
78.8886
78.8886
78.8886
78.8886
78.8886
78.8886
78.8886
78.8886
78.8886
78.8886
78.8886
78.8886
78.8886
78.8886
78.8886
78.8886
78.8886
78.8886
78.8886
78.8886
78.8886
78.8886
78.8886
78.8886
78.8886
78.8886
78.8886
78.8886
78.8886
78.8886
78.8886
78.8886
78.8886
78.8886
76.7418
76.7418
76.7418
76.7418
76.7418
76.7418
76.7418
76.7418
76.7418
76.7418
76.7418
76.7418
76.7418
76.7418
76.7418
76.7418
76.7418
76.7418
76.7418
76.7418
76.7418
76.7418
76.7418
76.7418
76.7418
76.7418
76.7418
76.7418
76.7418
76.7418
76.7418
76.7418
76.7418
76.7418
76.7418
76.7418
76.7418
76.7418
76.7418
76.7418
76.7418
76.7418
76.7418
76.7418
76.7418
76.7418
76.7418
76.7418
76.7418
76.7418
76.7418
76.7418
76.7418
76.7418
76.7418
76.7418
76.7418
76.7418
76.7418
76.7418
76.7418
76.7418
76.7418
76.7418
76.7418
76.7418
76.7418
76.7418
76.7418
76.7418
76.7418
76.7418
76.7418
72.4476
72.4476
72.4476
72.4476
72.4476
72.4476
72.4476
72.4476
72.4476
72.4476
72.4476
72.4476
72.4476
72.4476
72.4476
72.4476
72.4476
72.4476
72.4476
72.4476
72.4476
72.4476
72.4476
72.4476
72.4476
72.4476
72.4476
72.4476
72.4476
72.4476
72.4476
72.4476
72.4476
72.4476
72.4476
72.4476
72.4476
72.4476
72.4476
72.4476
72.4476
72.4476
72.4476
72.4476
72.4476
72.4476
72.4476
72.4476
72.4476
72.4476
72.4476
72.4476
72.4476
72.4476
72.4476
72.4476
72.4476
72.4476
72.4476
72.4476
72.4476
72.4476
72.4476
72.4476
72.4476
72.4476
72.4476
72.4476
72.4476
72.4476
72.4476
72.4476
72.4476
72.4476
72.4476
72.4476
72.4476
72.4476
72.4476
72.4476
72.4476
72.4476
72.4476
72.4476
72.4476
72.4476
72.4476
72.4476
70.6316
70.6316
70.6316
70.6316
70.6316
70.6316
70.6316
70.6316
70.6316
70.6316
70.6316
70.6316
70.6316
70.6316
70.6316
70.6316
70.6316
70.6316
70.6316
70.6316
70.6316
70.6316
70.6316
70.6316
70.6316
70.6316
70.6316
70.6316
70.6316
70.6316
70.6316
70.6316
70.6316
70.6316
70.6316
70.6316
70.6316
70.6316
70.6316
70.6316
70.6316
70.6316
70.6316
70.6316
70.6316
70.6316
70.6316
70.6316
70.6316
70.6316
70.6316
70.6316
70.6316
70.6316
70.6316
70.6316
70.6316
70.6316
70.6316
70.6316
70.6316
70.6316
70.6316
70.6316
70.6316
70.6316
70.6316
70.6316
70.6316
70.6316
70.6316
70.6316
70.6316
70.6316
70.6316
70.6316
70.6316
70.6316
69.7503
69.7503
69.666
69.666
69.666
69.666
69.666
69.666
69.666
69.666
69.666
69.666
69.666
69.666
69.666
69.666
69.666
69.666
69.666
69.666
69.666
69.666
69.666
69.666
69.666
69.666
69.666
69.666
69.666
69.666
69.666
69.666
69.666
69.666
69.666
69.666
69.666
69.666
69.666
69.666
69.666
69.666
69.666
69.666
69.666
69.666
69.666
69.666
69.666
69.666
69.666
69.666
69.666
66.1347
66.1347
66.1347
66.1347
66.1347
66.1347
66.1347
66.1347
66.1347
66.1347
66.1347
66.1347
66.1347
66.1347
66.1347
66.1347
66.1347
66.1347
66.1347
66.1347
66.1347
66.1347
66.1347
66.1347
66.1347
66.1347
66.1347
66.1347
66.1347
66.1347
66.1347
66.1347
66.1347
66.1347
66.1347
66.1347
66.1347
66.1347
66.1347
66.1347
66.1347
66.1347
66.1347
66.1347
66.1347
66.1347
66.1347
66.1347
66.1347
65.2535
65.2535
65.2535
65.2535
65.2535
65.2535
65.2535
65.2535
65.2535
65.2535
65.2535
65.2535
65.2535
65.2535
65.2535
65.2535
65.2535
65.2535
65.2535
65.2535
65.2535
65.2535
65.2535
65.2535
65.2535
65.2535
65.2535
65.2535
65.2535
65.2535
65.2535
65.2535
65.2535
65.2535
65.2535
65.2535
65.2535
65.2535
65.2535
65.2535
65.2535
65.2535
65.2535
65.2535
65.2535
65.2535
65.2535
65.2535
65.2535
65.2535
65.2535
65.2535
65.2535
65.2535
65.2535
65.2535
65.2535
65.2535
65.2535
65.2535
65.2535
65.2535
65.2535
65.2535
65.2535
65.2535
65.2535
65.2535
65.2535


0.0317197
-0.937997
0.0285946
1.93897
-0.169536
0.0567205
-2.01334
0.0601581
-1.00987
-2.02366
-0.93706
0.124848
0.987061
2.01334
1.04425
0.0373449
0.0204694
-0.0126566
-1.03581
0.924247
0.0370324
0.0814087
-0.168911
2.00803
1.11207
0.0317197
-0.871745
1.0055
0.0651582
-2.13272

0.035

