20.7364
20.7364
20.7364
20.7364
20.7364
20.4957
20.4957
20.4957
20.4957
20.3463
20.3463
20.3463
19.8895
19.8895
19.8895
19.8895
19.74
19.74
19.74
19.74
19.74
19.74
19.74
19.74
19.74
19.74
19.7165
19.7165
19.7165
19.7165
19.7165
19.7165
19.5402
19.5402
19.5402
19.5402
19.5402
19.5402
19.5402
19.5402
19.5402
19.5402
19.5402
19.5402
19.5402
19.5402
19.483
19.483
19.483
19.483
19.483
19.483
19.483
19.483
19.483
19.483
19.483
19.483
19.483
19.483
18.9124
18.9124
18.9124
18.9124
18.9124
18.9124
18.9124
18.9124
18.9124
18.9124
18.9124
18.9124
18.9124
18.9124
18.9124
18.9124
18.6859
18.6859
18.6859
18.6859
18.6516
18.6516
18.6516
18.6516
18.6516
18.6516
18.6516
18.6516
18.6516
18.5968
18.5968
18.5968
18.5968
18.5968
18.5968
18.5968
18.5968
18.5968
18.5968
18.5968
18.5064
18.5064
18.5064
18.5064
18.5064
18.4375
18.4375
18.4375
18.4375
18.4375
18.4274
18.4274
18.4274
18.4274
18.4274
18.4274
18.4274
18.4274
18.4274
18.4274
18.4274
18.4274
18.4274
18.3762
18.1914
18.1914
18.1914
18.1914
18.1914
18.1914
18.1914
18.1289
18.1289
18.1289
18.1289
18.1289
18.0635
18.0635
18.0635
18.0635
18.0635
18.0635
18.0635
18.0635
17.5144
17.5144
17.5144
17.5144
17.5144
17.5144
17.5144
17.5144
17.5144
17.5144
17.5144
17.5144
17.5144
17.5144
17.5144
17.5144
17.5144
17.5144
17.5144
17.5144
17.3114
17.3114
17.3114
17.3114
17.3114
17.3114
17.3114
17.3114
17.3114
17.3114
17.3114
17.3114
17.3114
17.3114
17.3114
17.3114
17.3114
17.3114
17.2494
17.2494
17.2203
17.2203
17.2203
17.2203
17.2203
17.2203
17.2203
17.2203
17.0115
17.0115
17.0115
17.0115
17.0115
16.9405
16.9405
16.9405
16.9405
16.9405
16.9405
16.9405
16.9405
16.9405
16.9405
16.9405
16.9405
16.4109
16.4109
16.4109
16.4109
16.4109
16.4109
16.4109
16.4109
16.4109
16.4109
16.2707
16.2707
16.2707
16.2707
16.1448
16.1448
16.1448
16.1448
16.1448
16.1448
16.1448
16.1448
16.1448
16.1448
16.1448
16.1448
16.1448
16.1448
16.1448
16.1448
16.1448
16.1448
16.0204
16.0204
16.0204
16.0204
16.0204
16.0204
16.0204
16.0204
16.0204
16.0204
16.0204
16.0204
16.0204
16.0204
16.0204
16.0204
16.0142
16.0142
16.0142
16.0142
16.0142
16.0142
15.9345
15.9345
15.9345
15.9345
15.9345
15.8858
15.763
15.763
15.763
15.763
15.763
15.763
15.763
15.763
15.763
15.763
15.763
15.763
15.763
15.763
15.763
15.763
15.763
15.763
15.763
15.7571
15.7571
15.7571
15.7571
15.7571
15.7571
15.7571
15.7571
15.7571
15.7571
15.7571
15.7571
15.7033
15.7033
15.7033
15.7033
15.7033
15.7033
15.7033
15.7033
15.7033
15.7033
15.7033
15.7033
15.7033
15.7033
15.7033
15.7033
15.7033
15.7033
15.7033
15.7033
15.7033
15.6849
15.6713
15.6713
15.6713
15.6713
15.6713
15.6713
15.6713
15.6713
15.6713
15.6713
15.6713
15.6713
15.4701
15.4701
15.4701
15.4701
15.4701
15.4701
15.4701
15.4701
15.4701
15.4701
15.4701
15.4701
15.4701
15.4701
15.4701
15.4701
15.4701
15.4701
15.4701
15.4701
15.4701
15.4701
15.4701
15.4701
15.4701
15.4701
15.4701
15.4701
15.4701
15.4701
15.4701
15.4701
15.4701
15.4701
15.4701
15.4701
15.4701
15.4701
15.4701
15.4701
15.4701
14.933
14.933
14.933
14.933
14.933
14.933
14.933
14.933
14.7789
14.7789
14.7789
14.7789
14.7789
14.7789
14.7789
14.7789
14.7789
14.7789
14.7789
14.7789
14.7789
14.7789
14.7789
14.7789
14.7789
14.7789
14.7789
14.7789
14.7789
14.7789
14.7789
14.7789
14.7789
14.7789
14.7789
14.7789
14.7789
14.7789
14.7789
14.7789
14.7789
14.7789
14.7789
14.7789
14.7789
14.7789
14.7789
14.7789
14.7789
14.4722
14.4722
14.4722
14.4722
14.4722
14.4722
14.4722
14.4722
14.4722
14.4722
14.4722
14.4722
14.4722
14.4722
14.4722
14.4722
14.4722
14.4722
14.4722
14.4722
14.4722
14.4722
14.4722
14.4722
14.4722
14.4722
14.4722
14.4722
14.0218
14.0218
14.0218
14.0218
14.0218
14.0218
14.0218
14.0218
14.0218
14.0218
14.0218
14.0218
14.0218
14.0218
14.0218
14.0218
14.0218
14.0218
14.0218
14.0218
14.0218
14.0218
14.0218
14.0218
14.0218
14.0218
14.0218
14.0218
14.0218
14.0218
14.0218
14.0218
14.0218
14.0218
14.0218
14.0218
14.0218
14.0218
14.0218
14.0218
14.0218
13.8831
13.8831
13.8831
13.8831
13.8831
13.8831
13.8831
13.8831
13.8831
13.8831
13.8831
13.8831
13.8831
13.8831
13.8831
13.8831
13.8831
13.8831
13.8831
13.8831
13.8831
13.8831
13.8831
13.8831
13.8831
13.8831
13.8831
13.8831
13.7032
13.7032
13.7032
13.7032
13.7032
13.7032
13.7032
13.7032
13.7032
13.7032
13.7032
13.7032
13.7032
13.7032
13.7032
13.7032
13.7032
13.5556
13.5556
13.5556
13.5556
13.5556
13.5556
13.5556
13.5556
13.5556
13.5556
13.5556
13.5556
13.5556
13.542
13.542
13.542
13.542
13.542
13.542
13.542
13.542
13.3894
13.3894
13.3894
13.3894
13.3894
13.3894
13.3894
13.3894
13.3894
13.3894
13.3894
13.3894
13.3894
13.3894
13.3894
13.3894
13.3894
13.3894
13.3894
13.3894
13.3894
13.3894
13.3894
13.3894
13.3894
13.3894
13.3894
13.3894
13.3894
13.3894
13.3894
13.3894
13.3894
13.3643
13.3643
13.3643
13.3643
13.2911
13.2911
13.2911
13.2911
13.2911
13.2911
13.2911
13.2477
13.2477
13.2477
13.2477
13.2477
13.2477
13.2477
13.2477
13.2477
13.2477
13.2477
13.2477
13.2477
13.2477
13.2477
13.1475
13.1475
13.1475
13.1475
13.1475
13.1475
13.1475
13.1475
13.1475
13.1475
13.1475
13.1475
13.1475
13.1475
13.1475
13.1475
13.1475
13.1475
13.1475
13.1475
13.1475
13.1475
13.1475
13.1475
13.1475
13.1475
13.1475
13.0963
13.0963
13.0963
13.0963
13.0443
13.0443
13.0443
13.0443
13.0443
13.0443
13.0443
13.0443
13.0443
13.0443
13.0443
13.0443
13.0443
13.0443
13.0443
13.0443
13.0443
13.0443
13.0443
13.0443
13.0218
13.0218
13.0218
12.941
12.941
12.941
12.941
12.941
12.941
12.8428
12.8428
12.8428
12.8428
12.8428
12.8428
12.8428
12.8428
12.8428
12.8428
12.8428
12.8428
12.8428
12.8428
12.8428
12.8428
12.8428
12.8428
12.8428
12.8428
12.8428
12.8428
12.8428
12.8428
12.8428
12.8428
12.8428
12.8428
12.8428
12.8428
12.8428
12.8428
12.8428
12.8428
12.8428
12.8428
12.6776
12.6776
12.6776
12.6776
12.6776
12.6776
12.6776
12.6776
12.6776
12.6776
12.6776
12.6776
12.6776
12.6776
12.6776
12.6776
12.6776
12.6776
12.6776
12.6776
12.6776
12.6776
12.6776
12.6776
12.6776
12.6776
12.6776
12.6776
12.6776
12.6776
12.6776
12.6776
12.6776
12.6776
12.6776
12.6776
12.6776
12.5351
12.5351
12.5351
12.5351
12.5351
12.5351
12.5351
12.5351
12.5351
12.5351
12.5243
12.4978
12.4978
12.4978
12.4978
12.4978
12.4978
12.4978
12.4978
12.4978
12.4978
12.4978
12.4978
12.4978
12.4978
12.4978
12.4978
12.4978
12.4978
12.4978
12.4978
12.4978
12.4978
12.4978
12.4978
12.4978
12.4978
12.4978
12.4978
12.4978
12.4978
12.4978
12.4978
12.4978
12.4978
12.4978
12.4978
11.9301
11.9301
11.9301
11.9301
11.9301
11.9301
11.9301
11.9301
11.9301
11.9301
11.9301
11.9301
11.9301
11.9301
11.9301
11.9301
11.9301
11.9301
11.9301
11.9301
11.9301
11.9301
11.9301
11.9301
11.9301
11.9301
11.9301
11.9301
11.9301
11.9301
11.9301
11.9301
11.9301
11.9301
11.9301
11.9301
11.9301
11.9301
11.9301
11.9301
11.9301
11.9301
11.9301
11.8076
11.8076
11.8076
11.8076
11.8076
11.8076
11.8076
11.8076
11.7353
11.7353
11.7353
11.7353
11.7353
11.7353
11.7353
11.7353
11.7353
11.7353
11.7353
11.7353
11.7353
11.7353
11.7353
11.7353
11.7353
11.7353
11.7353
11.7353
11.7353
11.7353
11.7353
11.6088
11.6088
11.6088
11.6088
11.6088
11.6088
11.6088
11.6088
11.6088
11.6088
11.6088
11.6088
11.6088
11.6088
11.6088
11.6088
11.6088
11.6088
11.6088
11.6088
11.6088
11.6088
11.6088
11.6088
11.6088
11.6088
11.6088
11.6088
11.6088
11.6088
11.2209
11.2209
11.2209
11.2209
11.2209
11.2209
11.2209
11.2209
11.2209
11.2209
11.2209
11.2209
11.2209
11.2209
11.2209
11.2209
11.2209
11.2209
11.2209
11.2209
11.2209
11.2209
11.2209
11.2209
11.2209
11.2209
11.2209
11.2209
11.2209
11.2209
11.2209
11.2209
11.2209
11.2209
11.2209
11.2209
11.2209
11.2209
11.2209
11.2209
11.2209
11.2209
11.2209
11.2209
11.2209
11.2209
11.2209
11.2209
11.2209
11.2209
11.2209
11.2209
11.2209
11.2209
11.2209
11.2209
11.1842
11.1842
11.1842
11.1842
11.1842
11.1842
11.1842
11.1842
11.1842
11.1842
11.1842
11.1842
11.1842
11.1842
11.1842
11.1842
11.1842
11.1842
11.1842
11.1842
11.1842
11.1842
11.1286
11.1286
11.1286
11.1286
11.1286
11.1286
11.1286
11.1286
11.1286
11.1286
11.1286
11.1286
11.1286
11.1286
11.1286
11.0311
11.0311
11.0311
11.0311
11.0311
11.0311
11.0311
11.0311
11.0311
11.0311
11.0311
11.0311
11.0311
11.0311
11.0311
11.0311
11.0311
11.0311
10.9769
10.9769
10.9769
10.9769
10.9769
10.9769
10.9769
10.9769
10.9769
10.9769
10.9769
10.9715
10.9715
10.9715
10.9637
10.9637
10.9637
10.9637
10.9637
10.9637
10.9637
10.9637
10.9637
10.9637
10.9637
10.9637
10.9062
10.9062
10.9062
10.9062
10.9062
10.9062
10.9062
10.8832
10.8832
10.8832
10.8832
10.8832
10.8832
10.8832
10.8832
10.8832
10.8832
10.8832
10.8832
10.8832
10.8832
10.8832
10.8832
10.8832
10.8832
10.8832
10.8832
10.8832
10.8832
10.8832
10.8832
10.8832
10.8832
10.8832
10.8832
10.8832
10.8832
10.8832
10.8832
10.8832
10.8832
10.8832
10.8832
10.8832
10.8832
10.8832
10.8832
10.8832
10.8832
10.8832
10.8832
10.8832
10.8832
10.8832
10.8832
10.8832
10.8832
10.8832
10.8832
10.8832
10.8832
10.8832
10.8832
10.8832
10.8832
10.8832
10.8832
10.8832
10.8832
10.8832
10.8832
10.8832
10.8832
10.8832
10.7206
10.7206
10.7206
10.7206
10.7206
10.7206
10.7206
10.7206
10.7206
10.7206
10.7206
10.7206
10.7206
10.7206
10.7206
10.7206
10.7206
10.6678
10.6678
10.6678
10.6678
10.6678
10.6678
10.6678
10.6678
10.6678
10.6678
10.6678
10.6678
10.6678
10.6678
10.6678
10.6678
10.6678
10.6678
10.6678
10.6678
10.6678
10.6678
10.6678
10.6678
10.6678
10.6678
10.6678
10.6678
10.6678
10.6678
10.6678
10.6678
10.6678
10.6678
10.6678
10.6678
10.6678
10.6678
10.6678
10.6678
10.6678
10.6678
10.6678
10.6678
10.6678
10.6678
10.6678
10.6678
10.6678
10.6678
10.5981
10.5981
10.5981
10.5981
10.5981
10.5981
10.5981
10.5981
10.5981
10.5981
10.5981
10.5981
10.5981
10.5981
10.5981
10.5981
10.5981
10.5981
10.5981
10.5981
10.5981
10.5981
10.5981
10.5981
10.5981
10.5981
10.5981
10.5981
10.5981
10.5981
10.5981
10.5981
10.5981
10.5981
10.5981
10.5981
10.5981
10.5981
10.5981
10.5981
10.5981
10.5981
10.5981
10.5981
10.5981
10.5981
10.5981
10.5981
10.5981
10.5981
10.5981
10.5981
10.5981
10.5981
10.5981
10.5981
10.5981
10.5981
10.5981
10.5981
10.5981
10.5981
10.5981
10.5981
10.5981
10.5981
10.5981
10.5981
10.5981
10.5981
10.5981
10.5981
10.5981
10.5981
10.5981
10.5981
10.5981
10.5981
10.5981
10.5981
10.5981
10.5981
10.5981
10.5981
10.5981
10.5981
10.5981
10.5981
10.5981
10.5385
10.5385
10.5385
10.5385
10.5385
10.5385
10.5385
10.5385
10.5385
10.5385
10.5385
10.5385
10.5385
10.5385
10.5385
10.5385
10.5385
10.5385
10.5385
10.5385
10.5385
10.5385
10.5385
10.5385
10.5385
10.5385
10.5385
10.5385
10.5385
10.5385
10.5385
10.5385
10.5385
10.5385
10.5385
10.5385
10.5385
10.5385
10.5385
10.5385
10.5385
10.5385
10.5385
10.5385
10.5239
10.5239
10.5239
10.5239
10.5239
10.5239
10.5239
10.5239
10.5239
10.5239
10.5239
10.5239
10.5239
10.5239
10.5239
10.5239
10.5239
10.5239
10.5239
10.5239
10.5239
10.5239
10.5239
10.5239
10.5239
10.5239
10.5239
10.5239
10.5239
10.4226
10.4226
10.4226
10.4226
10.4226
10.4226
10.4226
10.4226
10.4226
10.4226
10.4226
10.4226
10.4226
10.4226
10.4226
10.4226
10.4226
10.4226
10.4226
10.4226
10.4226
10.4226
10.4226
10.4226
10.4226
10.4226
10.4226
10.4226
10.4226
10.4226
10.4226
10.4226
10.4226
10.4226
10.4226
10.4226
10.4226
10.4226
10.4226
10.4226
10.4226
10.4226
10.4226
10.4226
10.4226
10.4226
10.4226
10.4226
10.4226
10.4226
10.4226
10.4226
10.4226
10.4226
10.4226
10.4226
10.4226
10.4226
10.4226
10.4226
10.4226
10.4226
10.4226
10.4226
10.4226
10.4226
10.4226
10.4226
10.4226
10.4226
10.4226
10.4226
10.4226
10.4226
10.4226
10.4226
10.4226
10.4226
10.4226
10.4226
10.4226
10.4226
10.4226
10.4226
10.4226
10.4226
10.4226
10.4226
10.4226
10.4226
10.4226
10.4226
10.4226
10.4226
10.4226
10.4226
10.4226
10.4226
10.2679
10.2679
10.2679
10.2679
10.2679
10.2679
10.2679
10.2679
10.2679
10.2679
10.2679
10.2679
10.2679
10.2679
10.2679
10.2679
10.2679
10.2679
10.2679
10.2679
10.2679
10.2679
10.2679
10.2679
10.2679
10.2679
10.2679
10.2679
10.2679
10.2679
10.2679
10.2679
10.2679
10.2679
10.2679
10.2679
10.2679
10.2679
10.2679
10.2679
10.2679
10.2679
10.2679
10.2679
10.2679
10.2679
10.2679
10.2679
10.2679
10.2679
10.2679
10.2679
10.2679
10.2679
10.2679
10.2679
10.2679
10.2679
10.2679
10.2679
10.2679
10.2679
10.2679
10.2679
10.2679
10.2679
10.2679
10.2679
10.2679
10.2679
10.2679
10.2679
10.2679
10.2679
10.2679
10.2679
10.2679
10.2679
10.2679
10.2679
10.2549
10.2549
10.2549
10.2549
10.2549
10.2549
10.2549
10.2549
10.2549
10.2549
10.2549
10.2549
10.2549
10.2549
10.2549
10.2549
10.2549
10.2549
10.2549
10.2549
10.2549
10.2549
10.2549
10.2549
10.2549
10.2549
10.2549
10.2549
10.2549
10.2549
10.2549
10.2549
10.2549
10.2549
10.2549
10.2549
10.2549
10.2549
10.2549
10.2549
10.2549
10.2549
10.2549
10.2549
10.2549
10.2549
10.2549
10.2549
10.2549
10.2549
10.2549
10.2549
10.2549
10.2549
10.2549
10.2549
10.2549
10.2549
10.2549
10.2549
10.2549
10.2549
10.2549
10.2549
10.2549
10.2549
10.2549
10.2549
10.2549
10.2549
10.2549
10.2549
10.2549
10.2549
10.2468
10.2468
10.2468
10.2459
10.2459
10.2459
10.2459
10.2459
10.2459
10.2459
10.2459
10.2459
10.2459
10.2459
10.2459
10.2117
10.2117
10.2117
10.2117
10.1413
10.1413
10.1413
10.1413
10.1413
10.1413
10.1413
10.1413
10.1413
10.1413
10.1413
10.1413
10.1413
10.1413
10.1413
10.1413
10.1413
10.1413
10.1413
10.1413
10.1413
10.1413
10.1413
10.1413
10.1413
10.1413
10.1413
10.1413
10.1413
10.1413
10.1413
10.1413
10.1413
10.1413
10.1413
10.1413
10.1413
10.1413
10.1413
10.1413
10.1413
10.1413
10.1413
10.1413
10.1413
10.1413
10.1413
10.1413
10.1413
10.1413
10.1413
10.1413
10.1413
10.1413
10.1413
10.1413
10.1413
10.1413
10.0896
10.0896
10.0896
10.0896
10.0896
10.0896
10.0896
10.0896
10.0896
10.0896
10.0896
10.0896
10.0896
10.0896
10.0896
10.0896
10.0896
10.0896
10.0896
10.0896
10.0896
10.0896
10.0896
10.0896
10.0896
10.0896
10.0896
10.0896
10.0896
10.0896
10.0896
10.0896
10.0896
10.0896
10.0896
10.0896
10.0896
10.0896
10.0896
10.0896
10.0896
10.0896
10.0896
10.0896
10.0896
10.0896
10.0896
10.0896
10.0896
10.0896
10.0896
10.0896
10.0566
10.0566
10.0566
10.0566
10.0566
10.0566
10.0566
10.0566
10.0566
10.0566
10.0566
10.0566
10.0566
10.0566
10.0566
10.0566
10.0566
10.0566
10.0566
10.0566
10.0566
10.0566
10.0566
10.0566
10.0566
10.0566
10.0566
10.0454
10.0454
10.0454
10.0454
10.0454
10.0454
10.0454
10.0454
10.0454
10.0454
10.0454
10.0454
10.0454
10.0454
10.0454
10.0454
10.0454
10.0454
10.0454
10.0327
10.0327
10.0122
10.0122
10.0122
10.0122
10.0122
10.0122
10.0122
10.0122
10.0122
10.0122
9.97015
9.97015
9.97015
9.97015
9.97015
9.97015
9.97015
9.97015
9.97015
9.97015
9.97015
9.97015
9.97015
9.97015
9.97015
9.97015
9.97015
9.97015
9.97015
9.97015
9.97015
9.97015
9.97015
9.97015
9.97015
9.97015
9.97015
9.97015
9.97015
9.97015
9.97015
9.97015
9.97015
9.97015
9.97015
9.97015
9.97015
9.97015
9.97015
9.97015
9.97015
9.97015
9.97015
9.97015
9.97015
9.97015
9.97015
9.97015
9.97015
9.97015
9.97015
9.97015
9.97015
9.97015
9.97015
9.97015
9.97015
9.97015
9.97015
9.97015
9.97015
9.97015
9.97015
9.97015
9.97015
9.97015
9.97015
9.97015
9.97015
9.97015
9.97015
9.97015
9.97015
9.97015
9.97015
9.97015
9.97015
9.97015
9.97015
9.97015
9.97015
9.97015
9.97015
9.97015
9.97015
9.97015
9.97015
9.97015
9.97015
9.97015
9.97015
9.97015
9.97015
9.97015
9.97015
9.97015
9.97015
9.97015
9.97015
9.97015
9.97015
9.97015
9.97015
9.97015
9.97015
9.97015
9.97015
9.97015
9.97015
9.97015
9.97015
9.97015
9.92168
9.92168
9.92168
9.92168
9.92168
9.92168
9.92168
9.92168
9.9149
9.9149
9.9149
9.9149
9.9149
9.9149
9.9149
9.9149
9.9149
9.9149
9.9149
9.9149
9.9149
9.9149
9.9149
9.9149
9.9149
9.9149
9.9149
9.9149
9.9149
9.9149
9.9149
9.9149
9.9149
9.91202
9.91202
9.91202
9.91202
9.91202
9.91202
9.90909
9.90909
9.90909
9.90909
9.90909
9.90909
9.90909
9.90909
9.90909
9.90909
9.90909
9.90909
9.90909
9.90909
9.90909
9.90909
9.90909
9.90909
9.90909
9.9054
9.9054
9.9054
9.9054
9.9054
9.9054
9.9054
9.9054
9.9054
9.9054
9.9054
9.9054
9.9054
9.9054
9.9054
9.9054
9.9054
9.9054
9.9054
9.9054
9.9054
9.9054
9.9054
9.9054
9.9054
9.89964
9.89964
9.89964
9.89964
9.89964
9.89964
9.89964
9.80012
9.80012
9.80012
9.80012
9.80012
9.80012
9.80012
9.80012
9.80012
9.80012
9.79495
9.79495
9.79495
9.79495
9.79495
9.79495
9.79495


-0.809025
-0.179005
1.00503
1.77305
-2.00906
0.211006
-0.0530016
2.15307
0.687021
1.83706
-1.09103
0.0470014
-0.067002
-0.117004
-0.00500015
1.29304
2.01706
-0.175005
0.66702
-1.87106
1.78305
-0.265008
0.143004
1.15104
-1.95306
2.70508
-1.76905
-1.03303
1.81506
-13.9794

0.03

