467.605
402.212
270.071
270.071
270.071
213.822
213.822
213.822
213.822
213.822
213.822
213.822
213.822
213.822
213.822
213.822
213.822
213.822
213.822
213.822
213.822
213.822
213.822
213.822
207.584
207.584
169.152
169.152
169.152
169.152
158.016
158.016
158.016
158.016
158.016
158.016
158.016
158.016
157.165
157.165
157.165
157.165
157.165
157.165
157.165
157.165
157.165
157.165
141.863
141.863
141.863
141.863
133.129
133.129
133.129
133.129
133.129
133.129
133.129
133.129
133.129
133.129
133.129
133.129
133.129
130.681
130.681
130.681
130.681
128.823
128.458
128.458
127.365
127.365
127.32
127.32
127.32
127.32
127.32
127.32
127.32
127.32
127.32
123.911
120.512
120.512
120.512
120.512
120.512
118.131
118.131
118.131
118.131
97.1839
97.1839
97.1839
97.1839
97.1839
97.009
97.009
97.009
97.009
97.009
97.009
97.009
97.009
97.009
97.009
97.009
96.8807
96.8807
96.8807
96.8807
96.6699
96.6699
96.6699
96.6699
94.1736
94.1736
94.1736
94.1736
94.1736
94.1736
94.1736
94.1736
94.1736
94.1736
94.1736
94.1736
94.1736
94.1736
94.1736
94.1736
93.2071
93.2071
93.2071
93.2071
90.3197
90.3197
90.3197
90.3197
90.3197
90.3197
90.3197
90.3197
90.3197
90.3197
90.3197
90.3197
90.3197
90.3197
90.3197
90.3197
90.3197
90.3197
90.3197
90.3197
86.7156
77.2596
77.2596
77.2596
77.2596
77.2596
77.2596
77.2596
77.2596
77.2596
77.2596
77.2596
77.2596
77.2596
76.7502
76.7502
75.6828
72.2845
72.2845
72.2845
72.2845
72.2845
72.2845
72.2845
72.2845
72.2845
69.7888
69.7888
69.7888
69.7888
69.7888
69.7888
69.7888
69.7888
69.7337
69.7337
69.7337
67.1378
67.1378
67.1378
67.1378
67.1378
66.1969
66.1969
66.1969
66.1969
66.1969
66.1969
66.1969
64.1283
64.1283
64.1283
64.1283
63.7114
63.7114
63.7114
63.7114
63.662
63.662
63.662
63.4525
63.4525
63.4525
63.4525
63.4525
63.4525
63.4525
63.4525
63.4525
63.4525
63.4525
63.4525
63.4509
63.4509
63.4509
63.4509
63.4509
63.4509
63.4509
63.4208
63.4165
63.4165
63.4165
63.4116
63.4107
63.4107
63.4107
62.1722
62.1722
62.0427
62.0427
62.0427
62.0427
62.0427
61.9813
61.9813
61.9813
61.9813
61.9813
60.3179
60.3179
60.3179
60.3179
60.3179
60.3179
60.3179
60.3179
55.7193
55.7193
55.7193
55.7193
55.7193
55.7193
55.7193
55.7193
55.7193
55.7193
55.7193
55.7193
55.7193
55.7193
55.7193
55.7193
55.7193
55.7193
55.7193
55.7193
55.7193
55.7193
55.7193
55.7193
55.7193
55.7193
55.7193
55.7193
55.7193
55.7193
55.7193
55.7193
55.7193
55.7193
55.7193
55.7193
55.7193
55.7193
55.7193
55.7193
55.7193
55.7193
55.7193
55.7193
55.7193
55.7193
55.7193
55.7193
55.7193
55.7193
55.7193
55.7193
55.7193
55.7193
55.7193
55.7193
55.7193
55.7193
55.7193
55.7193
52.0511
52.0511
52.0511
52.0511
52.0511
52.0511
52.0511
52.0511
52.0511
52.0511
52.0511
52.0511
52.0511
52.0511
52.0511
52.0511
52.0511
52.0511
52.0511
51.808
51.808
51.808
51.808
51.7353
51.7353
51.7353
51.7353
51.7353
51.7353
51.7353
51.4989
51.4989
51.4989
51.4989
51.4989
51.4989
51.4989
51.4989
51.4989
51.4989
49.6695
49.6695
49.6695
49.6695
49.6695
49.6695
49.6695
49.6695
49.6695
47.2319
47.2319
47.2319
47.2319
47.2319
47.2319
47.2319
47.2319
47.2319
47.2319
47.2319
47.2319
47.2319
47.2319
46.3584
46.3584
43.4338
43.4338
43.4338
43.4338
43.4338
41.6404
41.6404
41.6404
41.6404
41.6404
41.6404
41.6404
41.6404
41.6404
41.6404
41.6404
41.6404
41.6404
41.6404
41.6404
41.6404
41.348
41.348
41.348
37.4357
37.4357
37.4357
37.4357
37.4357
37.4357
37.4357
37.4357
37.4357
37.4357
37.4357
37.4357
37.4357
37.4357
37.4357
37.4357
37.4357
37.4357
37.4357
37.4357
37.4357
37.4357
37.4357
37.4357
37.4357
37.4357
37.4357
37.4357
37.4357
37.4357
37.4357
36.918
36.918
36.918
36.918
36.918
36.918
36.918
36.918
36.918
36.918
36.918
36.918
36.918
36.918
36.918
36.918
36.918
36.918
36.918
36.918
36.918
36.918
36.918
36.918
36.918
36.918
36.918
36.918
34.2802
34.2802
34.2802
34.2802
34.2802
34.2802
34.2802
34.2802
32.4585
32.4585
32.4585
32.4585
32.4585
32.4585
32.4585
32.4585
32.4585
32.4585
32.4585
32.4585
32.4585
32.4585
32.4585
32.4585
32.4585
32.4585
32.4585
32.4585
32.4585
32.4585
32.4585
32.4585
32.4585
32.4585
32.4585
32.3997
32.3997
32.3997
32.3997
32.3997
32.3997
32.3997
32.3997
32.3997
31.2456
31.2456
31.2456
31.2456
31.2456
31.2456
31.2456
31.2456
31.2456
31.2456
31.2456
31.2456
31.2456
31.2456
31.2456
31.2456
31.2456
31.2456
31.2456
31.2456
31.2456
29.7419
29.7419
29.7419
29.7419
29.7419
29.7419
29.7419
28.9233
28.9233
28.9233
28.9233
28.9233
28.9233
28.9233
28.9233
28.9233
28.9233
28.9233
28.9233
28.9233
28.9233
28.9233
28.9233
28.9233
28.9233
28.9233
28.9233
28.9233
28.9233
28.9233
28.9233
28.7249
28.7249
28.6842
28.6842
28.6842
28.6842
28.6842
28.6842
28.6842
28.6842
28.6842
28.6842
28.6842
28.6842
28.6842
28.4541
28.4541
27.7366
27.7366
27.7366
27.7366
27.7366
27.7366
27.7366
27.7366
27.7366
27.7366
27.7366
27.7366
27.7366
27.7366
27.7366
27.7366
27.7366
27.7366
27.7366
27.7366
27.7366
27.7366
27.7366
27.7366
27.7366
27.7366
27.7366
27.7366
27.7366
27.7366
27.7366
27.7366
27.5741
27.5741
27.5741
26.4718
26.4718
26.4718
26.4718
26.4718
26.4718
26.4718
26.4718
26.4718
26.4718
26.4718
26.4718
26.4718
24.7534
24.7534
24.7534
24.7534
24.7534
24.7534
24.7534
24.7534
24.7534
24.7534
24.7534
24.7534
24.7534
24.2312
24.2312
24.2312
24.2312
24.2312
24.2312
24.2312
24.2312
24.2312
24.2312
24.2312
24.2312
24.2312
24.2312
24.2312
24.2312
24.2312
24.2312
24.2312
24.2312
24.2312
24.2312
24.2312
24.2312
24.2312
24.2312
24.2312
24.2312
24.2312
24.2312
24.2312
24.2312
24.2312
24.2312
24.2312
24.2312
24.2312
24.2312
24.2312
24.2312
24.2312
24.2312
24.2312
24.2312
24.2312
24.2312
24.2312
24.2312
24.2312
24.2312
24.2312
24.2312
24.2312
24.2312
24.2312
24.2312
24.2312
24.2312
24.2312
24.2312
24.2312
24.2312
24.2312
24.2312
24.2312
24.2312
24.2312
24.2312
24.2312
24.2312
24.2312
24.2312
24.2312
24.2312
24.2312
23.1574
23.1574
23.1574
23.1574
23.1574
23.1574
23.1574
23.1574
23.1574
23.1574
23.1574
23.1574
23.1574
23.1574
23.1574
23.1574
23.1574
23.1574
23.1574
23.1574
23.1574
23.1574
23.1574
23.1574
23.1574
23.1574
23.1574
23.1574
23.1574
22.5071
22.5071
22.5071
22.5071
22.5071
22.5071
22.5071
22.5071
22.5071
22.5071
22.5071
22.5071
22.5071
22.5071
22.5071
22.5071
22.5071
22.5071
22.5071
22.5071
22.5071
22.5071
22.5071
22.5071
22.5071
22.5071
22.5071
22.5071
22.5071
22.5071
22.5071
22.5071
22.5071
22.5071
22.5071
22.5071
22.5071
22.5071
22.5071
22.2306
22.2306
22.2306
22.2132
22.2132
22.2132
22.2132
22.0513
22.0513
22.0513
22.0513
22.0513
22.0513
22.0513
22.0513
22.0513
22.0513
22.0513
22.0513
22.0513
22.0513
22.0513
22.0513
22.0513
22.0513
22.0513
22.0513
22.0513
22.0513
22.0513
22.0513
22.0274
22.0274
22.0149
22.0149
21.9833
21.9833
21.9833
21.9833
21.3028
21.3028
21.3028
21.3028
21.3028
21.3028
21.3028
21.3028
21.3028
21.3028
21.3028
21.3028
21.3028
21.3028
21.3028
21.3028
21.3028
21.3028
21.3028
21.3028
20.8117
20.8117
20.8117
20.8117
20.8117
20.8117
20.7349
20.7349
20.7349
20.7349
20.7349
20.7349
20.7349
20.7349
20.7349
20.7349
20.7349
20.7349
20.7349
20.7349
20.7349
20.7349
20.7349
20.7349
20.7349
20.7349
20.7349
20.7349
20.7349
20.7349
20.7349
20.7349
20.7349
20.7349
20.7349
20.7349
20.7349
20.7349
20.7349
20.7349
20.7349
20.7349
20.682
20.682
20.682
20.682
20.682
20.682
20.682
20.682
20.682
20.682
20.682
20.682
20.682
20.682
20.682
20.682
20.682
20.682
20.682
20.682
20.682
20.682
20.682
20.682
20.682
20.5173
20.4699
20.4699
20.4699
20.4699
20.4699
20.4699
20.4699
20.4699
20.4699
20.4699
20.4699
20.4699
20.4699
20.4699
20.4699
20.4699
20.0653
20.0653
20.0653
20.0653
20.0653
20.0653
20.0653
20.0653
19.5843
19.5843
19.5843
19.5843
19.5843
19.5843
19.5843
19.5843
19.5843
19.5843
19.5843
19.5843
19.5843
19.5843
19.5843
19.5843
19.5843
19.5843
19.5843
19.5843
19.5843
19.5843
19.5418
19.5418
19.5418
19.5418
19.5418
19.5336
19.5336
19.5336
19.5336
19.5336
19.5336
19.5336
19.5336
19.5336
19.5336
19.5336
19.3955
19.3955
19.3955
19.3955
19.3955
19.3955
19.3955
19.3955
19.3955
19.3955
19.3955
19.3955
19.3955
19.3955
19.3955
19.3955
19.3955
19.3955
19.3955
19.3955
19.3955
19.3955
19.3955
19.3955
19.3955
19.3955
19.3955
19.3955
19.3955
19.3955
19.3955
19.3955
19.3955
19.3955
19.3955
19.3955
19.3955
19.3955
19.3955
19.3955
19.3955
19.3955
19.3955
19.3955
19.3955
19.3955
19.3955
19.3955
19.3955
19.3955
19.3955
19.3955
19.3955
19.3955
19.3955
19.3955
19.3955
19.3955
19.3955
19.3955
19.3955
19.3955
19.3955
19.3955
19.3955
19.3955
19.3955
19.3955
19.3955
19.3955
19.3955
19.3955
19.3955
19.3955
19.3955
19.3955
19.3955
19.3955
19.3955
18.4948
18.4948
18.4948
18.4948
18.4948
18.4948
18.4948
18.4948
18.3246
18.3246
18.3246
18.3246
18.3246
18.3246
18.3246
18.3246
18.3246
18.3246
18.3246
18.3246
18.3246
18.3246
18.3246
18.3246
18.3246
18.3246
18.3246
18.3246
18.3246
18.3246
18.3246
18.3246
18.3246
18.3246
18.3246
18.3246
18.3246
18.3246
18.3246
18.3246
18.3246
18.3246
18.3246
18.3246
18.3246
18.3246
18.3246
18.3246
18.3246
18.3246
18.3246
18.3246
18.3246
18.0365
18.0365
17.3693
17.3693
17.3693
17.3693
17.3693
17.3096
17.3096
17.3096
17.3096
17.3096
17.3096
17.3096
17.3096
17.3096
17.3096
17.3096
17.1477
17.1477
17.0771
17.0771
17.0771
17.0771
17.0771
17.0771
17.0771
17.0771
17.0345
17.0345
17.0345
17.0345
17.0345
17.0345
17.0345
17.0345
17.0345
17.0345
17.0345
16.9811
16.9255
16.9255
16.9255
16.9255
16.9255
16.9255
16.9255
16.8846
16.8846
16.8846
16.8846
16.8846
16.8846
16.8846
16.8846
16.8846
16.8846
16.8846
16.8846
16.8846
16.8846
16.8846
16.8846
16.8846
16.8846
16.8846
16.8846
16.8846
16.8846
16.8846
16.8846
16.8846
16.8846
16.8846
16.8846
16.8846
16.8846
16.8846
16.8846
16.8846
16.8846
16.8846
16.8846
16.8846
16.8846
16.8846
16.8846
16.8846
16.8846
16.8846
16.8846
16.8846
16.8846
16.8846
16.8846
16.7716
16.7716
16.7716
16.7716
16.7716
16.7716
16.7716
16.7716
16.7716
16.7716
16.7716
16.7716
16.7716
16.7716
16.7716
16.7716
16.7716
16.7716
16.7716
16.7716
16.7716
16.7716
16.7716
16.7716
16.7716
16.7685
16.7685
16.7685
16.7685
16.7685
16.7685
16.7685
16.7685
16.7685
16.7685
16.7685
16.7685
16.7685
16.7685
16.7685
16.7685
16.7685
16.7685
16.6896
16.6896
16.6896
16.3948
16.3948
16.3948
16.3948
16.3948
16.3948
16.3948
16.3948
16.3948
16.3948
16.3948
16.3948
16.3948
16.3948
16.3948
16.3948
16.3948
16.3948
16.3948
16.3948
16.3948
16.3948
16.3948
16.3948
16.3948
16.3948
16.3948
16.3948
16.3948
16.3948
16.3948
16.3948
16.3948
16.3948
16.3948
16.3948
16.3948
16.3948
16.3948
16.3948
16.3948
16.3948
16.3948
16.3948
16.3948
16.3948
16.3948
16.3948
16.3948
16.3948
16.3877
16.3877
16.3877
16.3877
16.3877
16.3877
16.3877
16.3877
16.3877
16.3877
16.3877
16.3877
16.3877
16.3681
16.2092
16.2092
16.2092
16.2092
16.2092
16.2092
16.2092
16.2092
16.2092
16.2092
16.2092
16.2092
16.2092
16.2092
16.2092
16.2092
16.2092
16.2092
16.2092
16.2092
16.2092
16.2092
16.2092
16.2092
16.2092
16.2092
16.2092
16.2092
16.2092
16.2092
16.2092
16.2092
16.2092
16.2092
16.2092
16.2092
16.2092
16.2092
16.2092
16.2092
16.2092
16.2092
15.7302
15.7302
15.7302
15.7302
15.7302
15.7302
15.7302
15.7302
15.7302
15.7302
15.7302
15.7302
15.7302
15.7302
15.7302
15.7302
15.7302
15.7302
15.7302
15.7302
15.7302
15.7302
15.7302
15.7302
15.7302
15.7302
15.7302
15.7302
15.7302
15.7302
15.7302
15.6514
15.6514
15.6514
15.6514
15.6514
15.6514
15.6168
15.6168
15.6168
15.6168
15.6168
15.6168
15.6168
15.6168
15.6168
15.6168
15.6168
15.6168
15.6168
15.6168
15.6168
15.6168
15.6168
15.6168
15.6168
15.227
15.227
15.227
15.227
15.227
15.227
15.227
15.227
15.227
15.227
15.227
15.227
15.227
15.227
15.227
15.227
15.227
15.227
15.227
15.227
15.227
15.227
15.227
15.227
15.227
15.227
15.227
15.1509
15.1509
15.1509
15.1509
15.1509
15.1509
15.1509
15.1509
15.1509
15.1509
15.1509
15.1509
15.1509
15.1509
15.1509
15.1509
15.1509
15.1509
15.1509
15.1509
15.1509
15.1509
15.1509
15.1509
15.1509
15.1509
14.9748
14.9748
14.9748
14.9748
14.9748
14.9748
14.9748
14.9748
14.9748
14.9748
14.9748
14.9748
14.9748
14.9748
14.9748
14.9748
14.9748
14.9748
14.9748
14.9748
14.9748
14.9492
14.9492
14.9492
14.9492
14.9492
14.9492
14.9492
14.9492
14.9492
14.9492
14.9492
14.9492
14.9492
14.9492
14.9492
14.9492
14.9492
14.9492
14.9492
14.9298
14.9298
14.9298
14.9298
14.8418
14.8418
14.8418
14.8418
14.8418
14.8418
14.8418
14.8418
14.8418
14.8418
14.8418
14.8418
14.7759
14.7759
14.7759
14.7759
14.7759
14.7759
14.7759
14.7759
14.7759
14.7759
14.7759
14.7759
14.7759
14.7759
14.7759
14.7759
14.7759
14.7759
14.7759
14.7759
14.7759
14.7759
14.7759
14.7759
14.7707
14.7707
14.7707
14.7707
14.7707
14.7707
14.7707
14.7707
14.7707
14.7707
14.7707
14.7707
14.7707
14.7707
14.7707
14.7707
14.7707
14.7707
14.7707
14.7707
14.7707
14.7707
14.7707
14.7707
14.7707
14.7171
14.7171
14.7171
14.7171
14.7171
14.7171
14.7171
14.7171
14.7171
14.7171
14.7171
14.7171
14.7171
14.7171
14.7171
14.7171
14.7171
14.7171
14.7171
14.7171
14.7171
14.7171
14.7171
14.7171
14.7171
14.7171
14.7171
14.7171
14.7171
14.7171
14.7171
14.7171
14.7171
14.7171
14.7171
14.7171
14.7171
14.7171
14.5617
14.5617
14.5617
14.5617
14.5617
14.5617
14.5617
14.5617
14.5617
14.5617
14.5617
14.5617
14.5617
14.5505
14.5505
14.5505
14.5505
14.5505
14.5505
14.5505
14.5505
14.5505
14.5505
14.5505
14.5505
14.5505
14.5505
14.5505
14.5505
14.5505
14.5505
14.5505
14.5505
14.5505
14.5505
14.5505
14.5505
14.5505
14.5505
14.5505
14.5505
14.5505
14.5505
14.5505
14.5505
14.5505
14.5505
14.5412
14.5412
14.5412
14.5412
14.5412
14.5412
14.5412
14.5412
14.5412
14.5412
14.5412
14.5412
14.5344
14.5344
14.5344
14.5344
14.5344
14.5344
14.5344
14.5344
14.5344
14.5344
14.5344
14.5344
14.5344
14.5342
14.5342
14.5342
14.5342
14.5342
14.5342
14.5342
14.5342
14.5342
14.5342
14.5237
14.5237
14.4316
14.4316
14.4316
14.4316
14.4316
14.4316
14.4316
14.4316
14.4316
14.4316
14.4316
14.4316
14.4316
14.2552
14.2552
14.2552
14.2552
14.2552
14.2552
14.2552
14.2552
14.2552
14.2552
14.2552
14.2552
14.2552
14.2552
14.2552
14.2552
14.2552
14.2552
14.2552
14.2552
14.2552
14.2552
14.2552
14.2552
14.2552
14.2552
14.2552
14.2552
14.2552
14.2552
14.0554
14.0554
14.0554
14.0554
14.0554
14.0554
13.9504
13.9504
13.9504
13.9504
13.9504
13.9504
13.9504
13.9504
13.9504
13.9504
13.9504
13.9504
13.9504
13.9504
13.9504
13.9504
13.9504
13.9504
13.9504
13.9504
13.9504
13.9504
13.9504
13.9504
13.9504
13.9504
13.9504
13.9504
13.9504
13.9504
13.9504
13.9504
13.9504
13.9504
13.9504
13.9504
13.9504
13.9504
13.9504
13.9504
13.9504
13.9504
13.9504
13.9504
13.9504
13.9504
13.9504
13.9504
13.9504
13.9504
13.9504
13.9504
13.9504
13.9504
13.9504
13.9504
13.9504
13.9504
13.9504
13.9504
13.9504
13.9504
13.9504
13.9504
13.9504
13.9504
13.9504
13.9504
13.9504
13.9504
13.9504
13.9504
13.9504
13.9504
13.9504
13.9504
13.9504
13.9504
13.9504
13.9504
13.9504
13.9504
13.9504
13.9504
13.8693
13.8693
13.8693
13.8693
13.5284
13.5284
13.5284
13.5284
13.5284
13.5284
13.5284
13.5284
13.5284
13.5284
13.5284
13.5284
13.5284
13.5284
13.5284
13.5284
13.4563
13.4563
13.4563
13.4563
13.4563
13.4563
13.4563
13.4563
13.4563
13.4563
13.4563
13.4563
13.4563
13.4563
13.4563
13.428
13.428
13.428
13.428
13.428
13.428
13.428
13.428
13.428
13.428
13.428
13.428
13.428
13.428
13.428
13.428
13.428
13.428
13.428
13.428
13.428
13.428
13.428
13.428
13.428
13.428
13.428
13.428
13.428
13.428
13.428
13.428
13.428
13.428
13.428
13.428
13.428
13.428
13.428
13.428
13.428
13.428
13.428
13.428
13.4242
13.4242
13.4242
13.4242
13.4242
13.4242
13.4242
13.4242
13.4242
13.4242
13.4242
13.4242
13.4242
13.4242
13.4242
13.4242
13.4242
13.4242
13.4242
13.4242
13.4242
13.4242
13.4242
13.4242
13.4242
13.4242
13.4242
13.4242
13.4242
13.4242
13.4242
13.4242
13.4124
13.3427
13.3427
13.3427
13.3427
13.3427
13.3427
13.3427
13.3427
13.3427
13.3427
13.3427
13.3427
13.3427
13.3427
13.3427
13.3427
13.3427
13.3427
13.3427
13.3427
13.3427
13.3427
13.3427
13.3427
13.3427
13.3427
13.3427
13.3427
13.3427
13.3427
13.3427
13.3427
13.3427
13.3427
13.3427
13.3427
13.3427
13.3427
13.3427
13.3427
13.3427
13.3427
13.3427
13.3427
13.3427
13.3427
13.3427
13.3427
13.3427
13.3427
13.3427
13.3427
13.3427
13.3427
13.3427
13.3427
13.3322
13.3322
13.3322
13.3322
13.3322
13.3322


2.9095
13.0433
-12.7074
-10.814
-21.6848
18.5032
26.5286
36.892
-27.8209
-24.0765
-17.9877
-4.28428
0.513247
-33.0784
-40.4884
-47.3948
29.5696
-1.77957
5.65865
-27.4978
-12.0342
-15.8546
-25.2542
5.80458
-24.4481
3.82924
8.24536
19.0233
6.37946
-188.421

0.027

