428893
372658
360753
360753
338285
338285
335819
335819
304491
302358
302358
302358
302358
302358
302358
302358
293580
293580
286151
286151
263410
263410
263410
263410
263410
249902
249902
223403
223403
223403
223403
223403
223403
223403
223403
223403
223403
223403
223403
223403
207707
207707
205222
205222
177947
177947
177947
177947
177947
177947
177947
177947
177947
177947
177947
177947
177947
177947
177947
177947
177947
177947
177947
177944
177944
177944
177944
177944
177944
177944
177944
177944
156112
156112
156112
156112
156112
156112
156112
154292
152243
152243
152243
152243
152243
152243
152243
152243
152243
152243
152243
152243
152243
152243
150426
150426
136287
119040
119040
119040
119040
119040
119040
119040
119040
119040
119040
119040
119040
113582
113582
113582
113582
113582
113582
113582
113582
113582
113582
113582
113582
110310
110310
110310
110310
108608
108608
108608
108608
108608
108608
108608
108608
108608
108608
108608
108608
108608
108608
108608
108608
108608
108608
108608
104049
104049
104049
104049
104049
104049
104049
104049
104049
104049
104049
104049
104049
104049
104049
104049
104049
104049
104049
101959
101959
101959
101959
101959
101959
101585
101585
91360.8
91360.8
91360.8
91360.8
91360.8
91360.8
91360.8
91360.8
91360.8
91360.8
91360.8
90986.4
90986.4
90986.4
90482
90482
90482
90482
90482
89767.4
89767.4
89767.4
89767.4
89767.4
89767.4
89767.4
89767.4
89767.4
89767.4
89767.4
88253.6
85710.5
85710.5
85710.5
85710.5
85710.5
81849.1
81849.1
81849.1
81849.1
81516.9
81516.9
78429.9
78429.9
78429.9
78429.9
78429.9
78429.9
78429.9
78429.9
78429.9
78429.9
78429.9
78429.9
78429.9
78429.9
78429.9
78429.9
78429.9
78429.9
78429.9
78429.9
78429.9
78429.9
76632.1
76632.1
76632.1
76632.1
76632.1
76632.1
76632.1
76632.1
76396.6
76396.6
76396.6
76396.6
76396.6
75137.2
75137.2
75137.2
75137.2
75137.2
74092.8
74092.8
71799.2
71799.2
71799.2
71799.2
71799.2
71799.2
71799.2
71799.2
70478.8
70478.8
70478.8
70478.8
70478.8
70478.8
70478.8
70478.8
70478.8
70478.8
70478.8
70478.8
70478.8
70478.8
70478.8
70478.8
70478.8
70478.8
70478.8
70381.2
70381.2
70381.2
70381.2
70381.2
70381.2
67323
67323
67323
67323
67323
67323
67323
67323
67323
67323
67323
67323
67323
67323
67323
67323
67323
55223.9
51976.4
51976.4
51976.4
50491.8
50491.8
50491.8
50491.8
50491.8
50491.8
50491.8
50491.8
50491.8
50491.8
50491.8
47890.8
47890.8
47890.8
47890.8
47890.8
47890.8
47890.8
46963.3
46963.3
46963.3
46963.3
44735
44735
44735
44735
44735
44735
44735
44735
44735
44735
44735
44735
44735
44735
44735
44735
44735
44735
44735
44735
44735
44735
44735
44735
44735
38633.2
38633.2
38633.2
38633.2
38633.2
38633.2
38633.2
38633.2
38633.2
38633.2
38633.2
38633.2
38633.2
38633.2
38633.2
38633.2
38633.2
38633.2
38633.2
38633.2
38633.2
38633.2
38633.2
36984.6
36984.6
36984.6
36984.6
36271.3
36271.3
36271.3
36271.3
36271.3
36271.3
36271.3
36238.2
36238.2
36238.2
36238.2
36238.2
36238.2
36238.2
36238.2
36238.2
36238.2
36238.2
36238.2
36238.2
36238.2
36238.2
36238.2
36238.2
36238.2
36238.2
36238.2
36238.2
36238.2
36238.2
36238.2
36238.2
36238.2
36238.2
36238.2
36238.2
36238.2
36238.2
36238.2
36238.2
36238.2
36238.2
36238.2
36238.2
36238.2
35670.5
35670.5
35670.5
35670.5
35670.5
35670.5
35670.5
35670.5
35670.5
35670.5
35670.5
35670.5
35670.5
35670.5
35670.5
35670.5
35581.1
35581.1
35581.1
35581.1
35581.1
35155.8
35155.8
35155.8
35155.8
35155.8
35155.8
35155.8
35155.8
35155.8
35155.8
35155.8
35155.8
34005.5
34005.5
33633.8
33633.8
33633.8
33633.8
33633.8
33633.8
33633.8
33633.8
33633.8
33633.8
33633.8
33633.8
33633.8
33633.8
33633.8
33633.8
33633.8
33633.8
33633.8
33633.8
33633.8
33633.8
33633.8
33633.8
33633.8
33633.8
33633.8
33633.8
33633.8
32564.5
32564.5
32564.5
32564.5
32564.5
32564.5
32564.5
32564.5
32371.1
32139.2
32139.2
32139.2
32139.2
32139.2
32139.2
24516.6
23064.9
23064.9
19400.2
19400.2
19400.2
19400.2
19400.2
19400.2
19400.2
19400.2
19400.2
19400.2
19400.2
18355.9
18355.9
18355.9
18355.9
18355.9
18355.9
18355.9
18355.9
18355.9
18355.9
18355.9
18355.9
18355.9
18355.9
18355.9
18355.9
18355.9
18355.9
18355.9
18355.9
18355.9
18355.9
18355.9
18355.9
18355.9
18355.9
18355.9
18355.9
18137.5
18137.5
18137.5
18137.5
18137.5
18137.5
18137.5
18137.5
17989.1
17948.5
17948.5
17884.1
17884.1
17884.1
17884.1
17884.1
17884.1
17884.1
17884.1
17884.1
17884.1
17884.1
17884.1
17884.1
17884.1
17884.1
17884.1
17884.1
17884.1
17884.1
17884.1
17884.1
17884.1
17884.1
17884.1
17884.1
17884.1
17884.1
17884.1
17884.1
17601.7
17601.7
17240.2
17240.2
17240.2
17240.2
17240.2
17240.2
17240.2
17240.2
17240.2
17240.2
17240.2
17240.2
17240.2
17240.2
17240.2
17240.2
17240.2
17240.2
17240.2
17240.2
17240.2
17240.2
16725.9
16725.9
16692.9
16692.9
16692.9
16692.9
16692.9
16692.9
16692.9
16692.9
16692.9
16692.9
16692.9
16692.9
16692.9
16692.9
16692.9
16692.9
16361.3
16361.3
16361.3
16361.3
16361.3
16361.3
16361.3
16361.3
16361.3
16361.3
16361.3
16361.3
16361.3
16361.3
16361.3
16361.3
16361.3
16361.3
16361.3
16361.3
16361.3
16361.3
16361.3
16361.3
16361.3
16361.3
16361.3
16361.3
16361.3
16361.3
16361.3
16361.3
16361.3
16361.3
16361.3
16361.3
16361.3
16361.3
15972.3
15972.3
15972.3
15972.3
15972.3
15972.3
15640.8
15640.8
15640.8
15640.8
15640.8
15640.8
15640.8
15640.8
15640.8
15640.8
15640.8
15640.8
15640.8
15640.8
15640.8
15640.8
15640.8
15582.9
15582.9
15582.9
15582.9
15582.9
15582.9
15582.9
15582.9
15582.9
15582.9
15582.9
15582.9
15582.9
15582.9
15582.9
15582.9
15582.9
15582.9
15582.9
15582.9
15582.9
15582.9
15582.9
15582.9
15582.9
15582.9
15582.9
15582.9
15582.9
15582.9
15582.9
15582.9
15582.9
15582.9
15582.9
15582.9
15582.9
15582.9
15582.9
15582.9
15582.9
15582.9
15582.9
15582.9
15582.9
14913.5
14913.5
14913.5
14913.5
14913.5
14913.5
14913.5
14913.5
14872.9
14014.4
14014.4
14014.4
14014.4
14014.4
14014.4
14014.4
14014.4
14014.4
14014.4
14014.4
14014.4
14014.4
14014.4
14014.4
14014.4
14014.4
14014.4
14014.4
14014.4
14014.4
14014.4
14014.4
13868.8
13868.8
13868.8
13868.8
13868.8
13868.8
13868.8
13868.8
13785.8
13785.8
13785.8
13785.8
13785.8
13785.8
13785.8
13785.8
13785.8
13785.8
13785.8
13785.8
13785.8
13785.8
13785.8
13785.8
13785.8
13785.8
13785.8
13785.8
13785.8
13745.2
13745.2
13745.2
13745.2
13509.9
13509.9
13509.9
13509.9
13509.9
13509.9
13509.9
13509.9
13509.9
13469.3
13469.3
13469.3
13469.3
13469.3
13469.3
13469.3
13469.3
13469.3
13469.3
13469.3
13469.3
13469.3
13469.3
13469.3
13469.3
13469.3
13469.3
13469.3
13469.3
13469.3
13469.3
13469.3
13469.3
13469.3
13469.3
13469.3
13469.3
13469.3
13469.3
13469.3
13469.3
13469.3
13469.3
13469.3
13469.3
13469.3
13469.3
13469.3
13469.3
13469.3
13469.3
13469.3
13469.3
13469.3
13469.3
13469.3
13469.3
13469.3
13469.3
13469.3
13469.3
13469.3
12356.6
12356.6
12356.6
12356.6
12356.6
12356.6
12356.6
12356.6
12356.6
12356.6
12356.6
12356.6
12356.6
12356.6
12356.6
12356.6
12356.6
12356.6
12356.6
9810.15
9810.15
9810.15
9810.15
9810.15
9810.15
9810.15
9810.15
9810.15
9810.15
9810.15
9810.15
9810.15
9810.15
9810.15
9810.15
9810.15
9810.15
9810.15
9810.15
9810.15
9810.15
9810.15
9810.15
8902.34
8902.34
8902.34
8902.34
8902.34
8902.34
8902.34
8902.34
8902.34
8902.34
8902.34
8902.34
8902.34
8902.34
8902.34
8902.34
7810.85
7810.85
7810.85
7810.85
7810.85
7810.85
7810.85
7810.85
7810.85
7810.85
7810.85
7810.85
7810.85
7810.85
7810.85
7810.85
7810.85
7810.85
7810.85
7810.85
7810.85
7810.85
7810.85
7810.85
7810.85
7810.85
7810.85
7810.85
7810.85
7810.85
7810.85
7810.85
7810.85
7810.85
7810.85
7810.85
7810.85
7810.85
7810.85
7810.85
7810.85
7810.85
7810.85
7810.85
7810.85
7810.85
7810.85
7810.85
7810.85
7810.85
7810.85
7810.85
7810.85
7810.85
7810.85
7810.85
7810.85
7810.85
7810.85
7810.85
7810.85
7412.34
7412.34
7412.34
7412.34
7412.34
7412.34
7412.34
7412.34
7412.34
7412.34
7412.34
7395.7
7395.7
7395.7
7395.7
7395.7
7395.7
7395.7
7395.7
7395.7
7395.7
7395.7
7395.7
7395.7
7395.7
7395.7
7395.7
7395.7
7395.7
7395.7
7395.7
7395.7
7395.7
7395.7
7395.7
7395.7
7395.7
7395.7
7203.2
7203.2
7203.2
7203.2
7203.2
7203.2
7203.2
7203.2
7203.2
7203.2
7203.2
7203.2
6833.46
6833.46
6833.46
6833.46
6833.46
6833.46
6833.46
6833.46
6833.46
6833.46
6833.46
6833.46
6833.46
6833.46
6833.46
6833.46
6833.46
6833.46
6833.46
6833.46
6833.46
6833.46
6833.46
6833.46
6833.46
6833.46
6833.46
6833.46
6833.46
6833.46
6833.46
6833.46
6833.46
6833.46
6833.46
6833.46
6833.46
6833.46
6833.46
6833.46
6833.46
6833.46
6833.46
6833.46
6833.46
6833.46
6833.46
6833.46
6833.46
6833.46
6833.46
6833.46
6833.46
6833.46
6833.46
6833.46
6833.46
6812.98
6812.98
6812.98
6812.98
6812.98
6812.98
6812.98
6812.98
6812.98
6812.98
6812.98
6812.98
6812.98
6812.98
6812.98
6812.98
6812.98
6812.98
6812.98
6812.98
6789.44
6789.44
6789.44
6789.44
6789.44
6789.44
6789.44
6768.96
6768.96
6768.96
6768.96
6768.96
6768.96
6768.96
6768.96
6768.96
6765.56
6765.56
6765.56
6765.56
6765.56
6765.56
6765.56
6765.56
6765.56
6765.56
6765.56
6765.56
6765.56
6765.56
6765.56
6745.07
6745.07
6745.07
6745.07
6745.07
6745.07
6745.07
6745.07
6745.07
6745.07
6745.07
6745.07
6745.07
6745.07
6745.07
6745.07
6533.65
6533.65
6533.65
6533.65
6533.65
6533.65
6533.65
6533.65
6533.65
6533.65
6533.65
6533.65
6533.65
6533.65
6533.65
6533.65
6533.65
6533.65
6533.65
6533.65
6533.65
6533.65
6533.65
6533.65
6533.65
6533.65
6533.65
6515.1
6515.1
6515.1
6515.1
6515.1
6515.1
6515.1
6515.1
6515.1
6515.1
6515.1
6515.1
6515.1
6515.1
6515.1
6515.1
6515.1
6515.1
6515.1
6515.1
6515.1
6515.1
6515.1
6515.1
6515.1
6515.1
6515.1
6515.1
6515.1
6515.1
6515.1
6515.1
6515.1
6515.1
6515.1
6515.1
6515.1
6515.1
6515.1
6515.1
6515.1
6515.1
6515.1
6515.1
6515.1
6515.1
6515.1
4506.98
4506.98
4506.98
4506.98
4506.98
4506.98
4506.98
4506.98
4506.98
4506.98
4506.98
4506.98
4506.98
4506.98
4506.98
4506.98
4506.98
4506.98
4506.98
4506.98
4506.98
4506.98
4506.98
4506.98
4506.98
4506.98
4506.98
4506.98
4506.98
4506.98
4506.98
4506.98
4506.98
4506.98
4506.98
4506.98
4506.98
4506.98
4506.98
4506.98
4506.98
4506.98
4506.98
4506.98
4506.98
4506.98
4506.98
4506.98
4506.98
4506.98
4506.98
4506.98
4506.98
4506.98
4506.98
4506.98
4506.98
4506.98
4506.98
4506.98
4506.98
4506.98
4506.98
4506.98
4506.98
4506.98
4506.98
4506.98
4506.98
4506.98
4506.98
4506.98
4506.98
4506.98
4506.98
4506.98
4506.98
4506.98
4506.98
4506.98
4506.98
4506.98
4506.98
4506.98
4506.98
4506.98
4506.98
4506.98
4506.98
4506.98
4506.98
4506.98
4506.98
4506.98
4506.98
4506.98
4506.98
4506.98
4506.98
4506.98
4506.98
4506.98
4506.98
4506.98
4506.98
4506.98
4506.98
4506.98
4506.98
4506.98
4506.98
4506.98
4506.98
4506.98
4214.64
4214.64
4214.64
4214.64
4214.64
4214.64
4214.64
4214.64
4214.64
4214.64
4214.64
4214.64
4214.64
4214.64
4214.64
4214.64
4214.64
4214.64
4214.64
4214.64
4214.64
4214.64
4214.64
4214.64
4214.64
4214.64
4214.64
4214.64
4214.64
4214.64
4214.64
4214.64
4214.64
4214.64
4214.64
4214.64
4214.64
4214.64
4214.64
4214.64
4214.64
4214.64
4214.64
4214.64
4214.64
4214.64
4214.64
4214.64
4214.64
4214.64
4214.64
4214.64
4214.64
4214.64
4214.64
4214.64
4214.64
4214.64
4214.64
4214.64
4214.64
4214.64
4214.64
4214.64
4214.64
4214.64
4214.64
4214.64
4214.64
4214.64
4214.64
4214.64
4214.64
4214.64
4214.64
4214.64
4214.64
4214.64
4214.64
4214.64
4214.64
4214.64
4214.64
4214.64
4214.64
4214.64
4214.64
4214.64
4214.64
4214.64
4214.64
4214.64
4214.64
4214.64
4214.64
4214.64
4214.64
4214.64
4214.64
4214.64
4214.64
4214.64
4214.64
4214.64
4214.64
4214.64
4214.64
4214.64
4214.64
4214.64
4214.64
4214.64
4214.64
4214.64
4214.64
4214.64
4214.64
4214.64
4214.64
4214.64
4214.64
4214.64
4214.64
4214.64
4214.64
4214.64
4214.64
4214.64
4214.64
4214.64
4214.64
4214.64
4214.64
4214.64
4214.64
4214.64
4214.64
4214.64
4214.64
4214.64
4214.64
4214.64
4214.64
4214.64
4214.64
4214.64
4214.64
4214.64
4214.64
4214.64
4214.64
4214.64
4214.64
3814.31
3814.31
3814.31
3814.31
3814.31
3814.31
3814.31
3814.31
3814.31
3814.31
3594.43
3594.43
3594.43
3594.43
3594.43
3594.43
3594.43
3594.43
3594.43
3594.43
3594.43
3594.43
3594.43
3594.43
3594.43
3594.43
3594.43
3594.43
3594.43
3594.43
3594.43
3594.43
3594.43
3594.43
3594.43
3594.43
3594.43
3594.43
3594.43
3594.43
3594.43
3594.43
3594.43
3594.43
3594.43
3594.43
3594.43
3576.22
3576.22
3576.22
3576.22
3576.22
3576.22
3576.22
3576.22
3576.22
3576.22
3576.22
3576.22
3576.22
3576.22
3576.22
3576.22
3576.22
3576.22
3576.22
3576.22
3576.22
3576.22
3576.22
3576.22
3576.22
3576.22
3576.22
3576.22
3576.22
3576.22
3576.22
3576.22
3576.22
3576.22
3576.22
3576.22
3576.22
3576.22
3576.22
3576.22
3576.22
3576.22
3576.22
3576.22
3544.47
3544.47
3544.47
3544.47
3544.47
3544.47
3544.47
3544.47
3544.47
3544.47
3544.47
3544.47
3544.47
3544.47
3544.47
3544.47
3544.47
3544.47
3544.47
3544.47
3544.47
3544.47
3544.47
3544.47
3544.47
3544.47
3544.47
3544.47
3544.47
3544.47
3544.47
3544.47
3544.47
3544.47
3544.47
3544.47
3544.47
3544.47
3544.47
3544.47
3544.47
3544.47
3544.47
3544.47
3544.47
3544.47
3544.47
3544.47
3544.47
3544.47
3544.47
3544.47
3544.47
3544.47
3544.47
3544.47
3205.69
3205.69
3205.69
3205.69
3205.69
3205.69
3205.69
3205.69
3205.69
3205.69
3205.69
3205.69
3205.69
3205.69
3205.69
3205.69
3205.69
3205.69
3205.69
3205.69
3205.69
3205.69
3205.69
3205.69
3205.69
3205.69
3205.69
3205.69
3205.69
3205.69
3205.69
3205.69
3205.69
3205.69
3205.69
3205.69
3205.69
3205.69
3205.69
3205.69
3205.69
3205.69
3205.69
3205.69
3205.69
3205.69
3205.69
3205.69
3205.69
3205.69
3205.69
3205.69
3205.69
3205.69
3205.69
3205.69
3205.69
3205.69
3205.69
3205.69
3205.69
3205.69
3205.69
3205.69
3205.69
3205.69
3205.69
3205.69
3205.69
3205.69
3205.69
3205.69
3205.69
3205.69
3205.69
3205.69
3205.69
3205.69
3205.69
3205.69
3205.69
3205.69
3205.69
3205.69
3205.69
3205.69
3205.69
3205.69
3205.69
3205.69
3205.69
3205.69
3205.69
3205.69
3205.69
3205.69
3205.69
3205.69
3205.69
3205.69
3205.69
3205.69
3205.69
3205.69
3205.69
3205.69
3205.69
3205.69
3205.69
3205.69
3205.69
3205.69
3205.69
3205.69
3205.69
3205.69
3205.69
3205.69
3205.69
3205.69
3205.69
3205.69
3205.69
3205.69
3205.69
3205.69
3205.69
3205.69
3205.69
3205.69
3205.69
3205.69
3205.69
3205.69
3205.69
3205.69
3205.69
3205.69
3205.69
3205.69
3205.69
3205.69
3205.69
3205.69
3125.55
3125.55
3125.55
3125.55
3125.55
3125.55
3125.55
3125.55
3125.55
3125.55
3125.55
3125.55
3125.55
3125.55
3125.55
3125.55
3125.55
3125.55
3125.55
3125.55
3125.55
3125.55
3125.55
3125.55
3125.55
3125.55
3125.55
3125.55
3125.55
3125.55
2999.26
2999.26
2999.26
2999.26
2999.26
2999.26
2999.26
2999.26
2999.26
2999.26
2999.26
2999.26
2999.26
2999.26
2999.26
2999.26
2999.26
2999.26
2999.26
2999.26
2999.26
2999.26
2999.26
2999.26
2999.26
2999.26
2999.26
2999.26
2999.26
2999.26
2999.26
2999.26
2999.26
2999.26
2999.26
2999.26
2999.26
2999.26
2999.26
2999.26
2941.03
2941.03
2941.03
2941.03
2941.03
2941.03
2941.03
2941.03
2941.03
2941.03
2941.03
2941.03
2941.03
2941.03
2941.03
2941.03
2941.03
2941.03
2941.03
2941.03
2941.03
2941.03
2941.03
2941.03
2941.03
2941.03
2941.03
2941.03
2941.03
2941.03
2941.03
2941.03
2941.03
2941.03
2941.03
2941.03
2941.03
2941.03
2941.03
2941.03
2941.03
2941.03
2941.03
2941.03
2941.03
2941.03
2941.03
2941.03
2941.03
2941.03
2941.03
2941.03
2941.03
2941.03
2941.03
2941.03
2941.03
2941.03
2941.03
2941.03
2941.03
2941.03
2941.03
2941.03
2941.03
2941.03
2941.03
2941.03
2941.03
2941.03
2941.03
2919.11
2919.11
2919.11
2919.11
2714.05
2714.05
2714.05
2714.05
2692.13
2692.13
2692.13
2692.13
2692.13
2692.13
2692.13
2692.13
2689.97
2537.95
2537.95
2537.95
2537.95
2537.95
2537.95
2537.95
2537.95
2466.74
2466.74
2466.74
2466.74
2466.74
2466.74
2466.74
2466.74
2466.74
2466.74
2466.74
2466.74
2466.74
2466.74
2466.74
2466.74
2466.74
2466.74
2466.74
2466.74
2466.74
2466.74
2466.74
2466.74
2466.74
2466.74
2466.74
2466.74
2466.74
2466.74
2466.74
2466.74
2466.74
2466.74
2466.74
2466.74
2466.74
2466.74
2466.74
2466.74
2466.74
2466.74
2466.74
2466.74


-0.150005
-0.950029
-1.17004
0.474014
-1.44204
0.0140004
1.47404
1.56605
-0.97803
-7.10222
0.186006
1.66205
1.91806
2.39007
0.154005
1.00603
-0.618019
0.722022
2.82609
1.67005
3.4141
2.21807
-0.854026
-0.730022
-8.60626
1.31404
-1.59805
-0.938029
1.80606
11.7904

0.048

