549.557
549.557
401.458
401.458
401.458
286.629
213.774
213.774
213.774
187.358
187.358
187.358
187.358
187.358
187.358
187.358
187.358
187.358
187.358
187.358
187.358
187.358
187.358
187.358
187.358
177.36
177.36
177.36
170.384
170.384
170.384
170.384
170.384
170.384
170.384
170.384
170.384
170.202
167.673
148.662
148.662
148.662
148.662
148.662
148.662
148.662
148.662
148.662
148.662
148.662
148.662
148.662
148.662
143.115
143.115
143.115
143.115
143.115
143.115
143.115
143.115
143.115
133.322
133.322
133.322
133.322
124.19
124.19
124.19
124.19
124.19
124.19
124.19
124.19
124.19
124.19
124.19
117.862
117.862
116.181
116.181
110.629
110.629
110.629
110.629
110.629
110.629
110.629
110.629
110.629
110.629
110.629
109.466
109.466
109.466
109.466
108.817
108.817
108.817
108.817
108.817
108.817
108.706
107.697
107.697
107.555
107.555
104.888
104.888
100.003
100.003
100.003
100.003
100.003
100.003
100.003
100.003
100.003
100.003
100.003
97.5673
97.5673
97.5673
97.5673
97.5673
92.1807
92.1807
92.1807
92.1807
92.1807
92.1807
83.5695
83.5695
83.5695
66.4148
66.4148
64.9653
64.9653
64.9653
64.9653
64.9653
64.9653
64.9653
64.9653
64.9653
64.9653
64.9653
64.9653
64.9653
58.8063
58.8063
58.8063
58.8063
58.8063
58.8063
58.8063
58.8063
58.8063
58.8063
58.8063
58.8063
58.8063
58.8063
58.8063
58.8063
58.8063
58.8063
58.8063
58.8063
54.4328
54.4328
54.4328
54.4328
54.4328
54.4328
54.4328
54.4328
52.0521
52.0521
52.0521
52.0521
52.0521
52.0521
52.0521
52.0521
52.0521
52.0521
52.0521
52.0521
52.0521
52.0521
52.0341
52.0341
52.0341
52.0341
51.817
51.817
51.817
51.817
51.817
51.817
51.817
51.817
51.817
51.817
51.817
51.817
51.817
51.817
51.817
51.817
51.817
51.817
51.817
51.817
51.817
51.817
51.817
51.817
51.817
51.817
51.817
51.817
51.817
51.817
51.817
51.817
51.817
51.3428
51.3428
51.3428
51.3428
51.3428
51.3428
51.3428
44.7069
44.7069
44.7069
44.7069
44.7069
44.7069
44.7069
44.7069
44.7069
44.7069
44.7069
44.7069
44.7069
44.7069
44.7069
44.7069
44.7069
44.7069
44.7069
44.7069
44.5268
44.5268
43.9813
43.9813
43.9813
43.9813
43.1178
43.1178
43.1178
43.1178
43.1178
43.1178
43.1178
42.4368
41.1107
41.1107
41.1107
41.1107
38.937
38.937
38.937
38.937
38.937
38.937
38.937
38.937
38.937
38.937
38.937
38.937
38.937
38.937
38.937
38.937
38.937
38.937
38.937
38.937
38.937
38.937
38.937
38.937
38.937
38.937
38.937
38.937
38.937
38.937
38.937
38.937
38.937
38.1104
38.1104
38.1104
38.1104
38.1104
38.1104
38.1104
38.1104
38.1104
38.1104
38.1104
38.1104
38.1104
38.1104
38.1104
38.1104
38.1104
38.1104
35.6001
35.6001
35.6001
35.6001
35.6001
35.6001
35.6001
35.6001
34.0777
34.0777
34.0777
34.0777
32.9094
32.9094
32.9094
32.9094
32.9094
32.9094
32.9094
32.9094
32.9094
32.9094
32.9094
32.9094
32.9094
32.9092
32.9092
32.9092
32.9092
32.9092
32.9092
32.9092
32.9092
32.9092
32.9092
32.9092
32.9092
32.9092
32.9092
32.9092
32.9092
32.9092
32.9092
32.9092
32.9092
32.9092
32.9092
32.9092
32.827
32.827
32.827
32.827
32.827
32.827
32.827
32.827
32.827
32.827
32.827
32.827
32.827
32.827
32.827
32.827
32.4941
32.4941
32.4941
32.4941
32.4941
32.4941
32.4941
32.4941
32.4941
32.4941
32.4941
32.4941
32.4941
32.4941
32.4941
32.4941
32.4941
32.4941
32.2617
32.2617
32.2617
32.2617
32.2617
32.2617
32.2617
32.2617
32.2617
32.2617
32.2617
32.2617
32.2617
32.2617
32.2617
32.2617
32.2617
32.2617
32.2079
32.2079
32.2079
32.2079
32.2079
32.2079
32.2079
32.2079
32.2079
32.2079
32.2079
32.2079
32.2079
30.9603
30.9603
30.9603
30.9603
30.9603
30.9603
30.9603
30.9603
30.9603
30.9603
30.9603
30.9603
30.9603
30.9603
30.9603
30.9603
30.9603
30.9603
30.9603
30.9603
30.9603
30.9603
30.9603
30.9603
30.9603
30.9603
30.9603
30.9603
30.9603
30.9603
30.9603
30.9603
30.9603
30.9603
30.9603
30.9603
30.9603
30.9603
30.9603
30.9603
30.9603
30.9603
30.9603
30.9603
30.9603
30.9603
30.9603
30.9603
30.9603
30.9603
30.9603
30.9603
30.9603
30.9603
30.9603
30.9603
30.9603
30.9603
30.9603
30.9603
30.9603
30.9603
30.9603
30.9603
30.9603
30.9603
28.8329
28.8329
28.6983
28.6983
28.6983
28.6983
28.6983
28.6983
28.6983
28.6983
28.6983
28.6983
28.6983
28.6983
28.6983
28.6983
28.6983
28.6983
28.6983
28.6983
28.6983
27.8898
27.8898
27.6022
27.6022
27.6022
27.6022
27.6022
27.6022
27.6022
27.6022
27.6022
27.6022
27.6022
27.6022
27.6022
27.6022
27.6022
27.6022
27.6022
27.6022
27.6022
27.6022
27.6022
27.6022
27.6022
27.6022
27.6022
27.6022
27.6022
25.7936
25.7936
25.7936
25.7936
25.7936
25.7936
25.7936
25.7936
25.7936
25.7936
25.7936
25.7936
25.2728
25.2728
25.2728
25.2728
25.2728
25.2728
25.2728
25.2728
25.2728
25.2728
25.2728
25.2728
25.2728
25.2728
25.2728
25.2728
25.2728
25.2728
25.2728
25.2728
25.2728
25.2728
25.2728
25.2728
25.2728
25.2728
25.2728
25.2728
25.2728
25.2728
25.2728
25.2728
25.2728
25.2728
25.2728
25.2728
25.2728
25.2728
25.2728
25.2728
25.2728
25.2728
25.2728
25.2728
25.2728
25.2728
25.2728
25.2728
25.2728
25.2728
25.2728
25.2728
25.2728
25.2728
25.2728
25.2728
25.1804
25.1804
25.1804
25.1804
25.1804
25.0248
25.0248
25.0248
25.0248
25.0248
25.0248
25.0248
24.3701
24.3701
24.3701
24.3701
24.3701
24.3701
24.3701
24.3701
24.3701
24.3701
24.3701
24.3701
24.3701
24.3701
24.3701
24.3701
24.3701
24.3701
24.3701
24.3701
24.3701
24.3701
24.3701
24.3701
24.3701
24.3701
24.3701
24.3701
24.3701
24.3701
24.3701
24.3701
24.3701
24.3701
24.3701
24.3701
24.3701
24.3701
24.3701
24.3701
24.3701
24.3701
24.3701
24.3701
24.3701
24.3701
24.3701
24.3281
24.3281
24.3281
24.3281
24.3281
24.3281
24.3281
24.3281
24.3281
24.3281
24.3281
24.3281
24.3281
24.3281
24.3281
24.3281
24.3281
24.3281
24.3281
24.3281
24.3281
23.9963
23.3969
23.3969
23.3969
23.3969
23.3969
23.3969
23.3969
23.3969
23.3969
23.3969
23.3969
23.3969
23.3969
23.3969
23.3969
23.3969
23.3969
23.3969
23.3969
23.3969
23.3969
23.3969
23.3969
23.3969
23.3854
23.3854
23.3854
23.3854
23.3854
23.3854
23.3854
23.3854
23.3854
23.3854
23.3854
23.1621
23.1621
23.1621
23.1621
23.1621
23.1621
23.1621
23.1621
23.1621
23.1621
23.1621
23.1621
23.1621
23.1621
23.1558
23.1558
23.1558
23.1558
23.1558
23.1558
23.1558
23.1558
23.1558
23.1558
23.1558
23.1528
23.1528
23.1528
23.1528
23.1349
23.1349
23.1349
23.1349
23.1349
23.1349
23.1349
23.0944
23.0944
23.0944
23.0944
23.0939
23.0939
23.0939
23.0939
23.0939
23.0939
23.0459
23.0459
23.0459
23.0459
23.0459
23.0459
23.0459
23.0459
23.0459
23.0459
23.0455
23.0455
23.0455
23.0455
23.0455
23.0455
23.0455
23.0455
23.0455
23.0455
23.0455
23.0455
22.6209
22.6209
22.6209
22.6209
22.6209
22.6209
22.6209
22.6209
22.6209
22.6209
22.6209
22.6209
22.6209
22.6209
22.6209
22.6209
22.6209
22.6209
22.6209
22.6209
22.6209
22.6209
22.6209
22.6209
22.6209
22.6209
22.6209
22.6209
22.6209
22.6209
22.6209
22.6209
22.6209
22.6209
22.6209
22.6209
22.6209
21.9109
21.9109
21.9109
21.9109
21.9109
21.9109
21.9109
21.9109
21.9109
21.9109
21.9109
21.9109
21.9109
21.9109
21.9109
21.9109
21.9109
21.9109
21.9109
21.9109
21.9109
21.9109
21.9109
21.9109
21.9109
21.9109
21.9109
21.9109
21.9109
21.9109
21.9109
21.9109
21.9109
21.9109
21.9109
21.9109
21.9109
21.9109
21.9109
21.9109
21.3533
21.3533
21.3533
21.3533
21.3533
21.3533
21.3533
21.3533
21.3532
21.346
21.346
21.3415
21.3415
21.3415
21.3415
21.3415
21.3415
21.3415
21.3415
21.3415
21.3415
21.3415
21.3415
21.3415
21.3415
21.3415
21.3415
21.3415
21.3415
21.3415
21.1848
21.1848
21.1848
21.1848
21.1848
21.1848
21.1848
21.1848
21.1848
21.174
21.174
21.174
21.174
21.174
21.174
21.174
20.9343
20.9343
20.9343
20.9343
20.9343
20.9343
20.9343
20.9343
20.9343
20.9343
20.9343
20.9343
20.9343
20.1044
20.1044
20.1044
20.1044
20.1044
20.1044
20.1044
20.1044
20.1044
20.1044
20.1044
20.1044
20.1044
19.8807
19.8807
19.8807
19.8807
19.8807
19.8807
19.8807
19.8807
19.8807
19.8764
19.8764
19.8764
19.8764
19.8764
19.8764
19.8764
19.8764
19.8764
19.8764
19.8764
19.8764
19.8764
19.8764
19.8764
19.8764
19.8764
19.8764
19.8764
19.8764
19.8764
19.8764
19.8764
19.8764
19.8764
19.8764
19.8764
19.8764
19.8764
19.8764
19.8764
19.8764
19.8764
19.8764
19.8764
19.8764
19.8764
19.8764
19.8764
19.8764
19.8764
19.8764
19.8764
19.8764
19.8764
19.8764
19.8764
19.8764
19.8764
19.8764
19.8764
19.8764
19.8764
19.8764
19.7872
19.7872
19.7872
19.7872
19.7872
19.7872
19.7872
19.7872
19.7872
19.7872
19.7872
19.7872
19.7872
19.7872
19.7872
19.7872
19.7872
19.7872
19.7872
19.7872
19.7872
19.7872
19.7872
19.7872
19.7872
19.7872
19.7872
19.7872
19.7872
19.7872
19.7872
19.7872
19.7872
19.7872
19.7872
19.7872
19.7872
19.7872
19.7853
19.7853
19.7853
19.7853
19.7853
19.7853
19.7853
19.7853
19.7853
19.7853
19.7853
19.7853
19.7853
19.7853
19.7853
19.7853
19.7853
19.7853
19.7853
19.7853
19.7853
19.7853
19.7853
19.7853
19.7853
19.7853
19.7853
19.7853
19.7853
19.7853
19.7853
19.7853
19.7853
19.7853
19.7853
19.7853
19.7853
19.7853
19.7853
19.7853
19.7853
19.7853
19.7853
19.7853
19.7853
19.7853
19.7853
19.6356
19.6356
19.6356
19.6356
19.6356
19.6356
19.6356
19.6356
19.6356
19.6356
19.6356
19.6356
19.6356
19.6356
19.6356
19.6356
19.6356
19.6356
19.6356
19.6356
19.6356
19.6356
19.6356
19.6356
19.6356
19.6356
19.6356
19.6356
19.6356
19.6356
19.6356
19.6356
19.6356
19.6356
19.6356
19.6356
19.6356
19.6356
19.6356
19.6356
19.6356
19.6356
19.6356
19.6205
19.6205
19.6205
19.6205
19.6205
19.6205
19.6205
19.6205
19.6205
19.6205
19.6205
19.6205
19.6205
19.6205
19.6205
19.6205
19.6205
19.6205
19.6205
19.6205
19.6205
19.6205
19.6205
19.6205
19.6205
19.6205
19.6205
19.6205
19.6205
19.6205
19.6205
19.6205
19.6205
19.6205
19.6205
19.6205
19.6128
19.6128
19.6128
19.6128
19.6126
19.6126
19.6126
19.6126
19.6126
19.6126
19.6126
19.6126
19.6126
19.6126
19.6126
19.591
19.591
19.591
19.591
19.591
19.591
19.591
19.591
19.591
19.591
19.591
19.591
19.591
19.591
19.591
19.591
19.591
19.591
19.591
19.591
19.591
19.591
19.591
19.591
19.591
19.591
19.591
19.591
19.591
19.591
19.591
19.3443
19.3443
19.3443
19.3443
19.3443
19.3443
19.3443
19.3443
19.3443
19.3443
19.3443
19.3443
19.3443
19.3443
19.3443
19.3443
19.3443
19.3443
19.3443
19.3443
19.3443
19.3443
19.3443
19.2793
19.2793
19.2793
19.2793
19.2793
19.2793
19.2793
19.2793
19.2793
19.2793
19.2793
19.2793
19.2793
19.2793
19.2792
19.2792
19.2792
19.2792
19.2792
19.2792
19.2792
19.2792
19.2564
19.2564
19.2564
19.2564
19.2564
19.2564
19.2564
19.2564
19.2564
19.2564
19.2564
19.2564
19.2564
19.2564
19.2564
19.2339
19.2339
18.8006
18.8006
18.8006
18.8006
18.8006
18.8006
18.8006
18.8006
18.7996
18.7996
18.7996
18.7967
18.7967
18.7898
18.7898
18.7898
18.7898
18.7898
18.7898
18.7898
18.7898
18.7898
18.7898
18.7773
18.7773
18.7773
18.7773
18.7773
18.7773
18.7773
18.7773
18.7773
18.7773
18.7429
18.7429
18.7429
18.7429
18.7429
18.7429
18.7429
18.7289
18.7289
18.7289
18.7289
18.7289
18.6547
18.6547
18.6547
18.6547
18.6547
18.6547
18.2107
18.2107
18.2107
18.2107
18.2107
18.2107
18.2107
18.2107
18.2107
18.2107
18.2107
18.2107
18.2107
18.2107
18.2107
18.2107
18.2107
18.2107
18.2107
18.2107
18.2107
18.2107
18.2107
18.2107
18.2107
18.2107
18.2107
18.2107
18.2107
18.2107
18.2107
18.2107
18.2107
18.2107
18.2107
18.2107
18.2107
18.2107
18.2107
18.2107
18.2107
18.2107
18.2107
18.2107
18.2107
18.2107
18.2107
18.2107
18.2107
18.2107
18.2107
18.2107
18.2107
18.2107
18.2107
18.2107
18.2107
18.2107
18.2107
18.2107
18.2107
18.2107
18.2107
18.2107
18.2107
18.2107
18.2107
18.2107
18.2107
18.2107
18.2107
18.2107
18.2107
18.2107
18.2107
18.2107
18.2107
18.2107
18.2107
18.2107
18.2107
18.2107
18.2107
18.2107
18.2107
18.2107
18.2107
18.2107
18.2107
18.2107
18.2107
18.2107
18.2107
18.2107
18.2107
18.1948
18.1832
18.1832
18.1832
18.1832
18.1832
18.1832
18.1832
18.1832
18.1832
18.1832
18.1832
18.1832
18.1832
18.1832
18.1832
18.1832
18.1832
18.1832
18.1832
18.1816
18.1816
18.1816
18.1816
18.1816
18.1816
18.1649
18.1649
18.1649
18.1649
18.1649
18.1476
18.1476
18.1476
18.1476
18.142
18.142
18.142
18.1129
18.1129
18.1129
18.1129
18.1129
18.1129
18.1129
17.5832
17.5832
17.5832
17.5832
17.5832
17.5832
17.5832
17.5832
17.5832
17.5832
17.5832
17.5832
17.5832
17.5832
17.5832
17.5832
17.5832
17.5832
17.5832
17.5832
17.5832
17.5832
17.5832
17.5832
17.5832
17.5832
17.5832
17.5832
17.5832
17.5832
17.5832
17.5832
17.5832
17.5832
17.5832
17.5832
17.5832
17.5832
17.5832
17.5832
17.5832
17.5832
17.5832
17.5832
17.5832
17.5832
17.5832
17.5832
17.5832
17.5832
17.5832
17.5832
17.5832
17.5832
17.5832
17.5832
17.5832
17.5832
17.5832
17.5832
17.5832
17.5832
17.5832
17.5832
17.5832
17.5832
17.5832
17.5832
17.5832
17.5832
17.5832
17.5832
17.5832
17.5832
17.5832
17.5832
17.5832
17.5832
17.5832
17.5832
17.5832
17.5832
17.5832
17.5832
17.5832
17.5832
17.5832
17.5832
17.5832
17.5832
17.5832
17.5832
17.5832
17.5832
17.5832
17.5832
17.5832
17.5832
17.5832
17.5832
15.9817
15.9817
15.9817
15.9817
15.9817
15.9817
15.9817
15.9817
15.9817
15.9817
15.9817
15.9817
15.9817
15.9817
15.9817
15.9817
15.9817
15.9817
15.9817
15.9817
15.9817
15.9817
15.9817
15.9817
15.9817
15.9817
15.9817
15.9817
15.9817
15.9817
15.9817
15.9817
15.9817
15.9817
15.9817
15.9817
15.9817
15.9817
15.9817
15.9817
15.9817
15.9817
15.9817
15.9817
15.9817
15.9817
15.9817
15.9808
15.9808
15.9808
15.9808
15.9808
15.9808
15.9808
15.9808
15.9808
15.9808
15.9808
15.9808
15.9808
15.9808
15.9808
15.9808
15.9808
15.9808
15.9808
15.9808
15.9808
15.9808
15.9808
15.9808
15.9808
15.9808
15.9808
15.9808
15.9808
15.9808
15.9808
15.9808
15.9808
15.9808
15.9808
15.9808
15.9808
15.9808
15.9808
15.9808
15.9808
15.9808
15.9808
15.9808
15.9808
15.9808
15.9808
15.9808
15.9808
15.9808
15.9808
15.9808
15.9808
15.9808
15.9808
15.9808
15.9808
15.9808
15.9808
15.9808
15.9808
15.9808
15.9808
15.9808
15.9808
15.9808
15.9808
15.9808
15.9808
15.9808
15.9808
15.9808
15.9808
15.9808
15.9808
15.9808
15.9808
15.9808
15.9808
15.9808
15.9808
15.9808
15.9808
15.9808
15.9808
15.9808
15.9808
15.9808
15.9808
15.9808
15.9808
15.9808
15.9808
15.9808
15.9808
15.9808
15.9808
15.9808
15.9808
15.9808
15.9808
15.9808
15.9808
15.9808
15.9808
15.9808
15.9808
15.9808
15.9808
15.9808
15.9808
15.9808
15.9808
15.9808
15.9808
15.9808
15.9808
15.9808
15.9808
15.9808
15.9808
15.9808
15.9808
15.9808
15.9808
15.9808
15.9808
15.9808
15.9808
15.7957
15.7957
15.7716
15.7679
15.7679
15.7679
15.7679
15.7679
15.7679
15.7679
15.7679
15.7679
15.7679
15.7679
15.7679
15.7679
15.7679
15.7679
15.7679
15.7679
15.7679
15.7679
15.7679
15.7679
15.7678
15.7678
15.7678
15.7678
15.7678
15.7678
15.7678
15.7678
15.7678
15.7678
15.7678
15.7678
15.7678
15.7678
15.7678
15.7678
15.7678
15.7678
15.7678
15.7678
15.7678
15.7678
15.7678
15.7678
15.7678
15.7678
15.7678
15.7678
15.7678
15.7678
15.7678
15.7678
15.7678
15.7678
15.7678
15.7678
15.7678
15.7678
15.7678
15.7678
15.7678
15.7678
15.7678
15.7678
15.7678
15.7678
15.7678
15.7678
15.7678
15.7678
15.7678
15.7678
15.7678
15.7678
15.7678
15.7678
15.7678
15.7678
15.7678
15.7678
15.7678
15.7678
15.7678
15.7678
15.7678
15.7678
15.7678
15.7678
15.7678
15.7678
15.7678
15.7678
15.7678
15.7678
15.7678
15.7678
15.7678
15.7678
15.7678
15.7678
15.7678
15.7678
15.7678
15.7678
15.7678
15.7678
15.7678
15.7678
15.7678
15.7678
15.7678
15.7678
15.7678
15.7678
15.7678
15.7678
15.7678
15.7678
15.7678
15.7678
15.7678
15.7678
15.7678
15.7678
15.7678
15.7678
15.7678
15.7678
15.7678
15.7678
15.7678
15.7678
15.7678
15.7678
15.7678
15.7678
15.7678
15.7678
15.7678
15.7678
15.7678
15.7678
15.7678
15.7678
15.7678
15.7678
15.7678
15.7678
15.7678
15.7678
15.7678
15.7678
15.7678
15.7678
15.7678
15.7678
15.7678
15.7678
15.7678
15.7678
15.7678
15.7678
15.6536
15.6536
15.6536
15.6536
15.6536
15.6536
15.6536
15.6536
15.6536
15.6536
15.6536
15.6536
15.6536
15.6536
15.6536
15.6536
15.6536
15.6536
15.6536
15.6536
15.6536
15.6536
15.6536
15.6536
15.6536
15.6536
15.6536
15.6536
15.6536
15.6536
15.6536
15.6536
15.5402
15.5402
15.5402
15.5402
15.5402
15.5402
15.5402
15.5402
15.5402
15.5402
15.5402
15.5402
15.5402
15.5402
15.5402
15.5402
15.5402
15.5402
15.5402
15.5402
15.5402
15.5402
15.5402
15.5402
15.5402
15.5402
15.5402
15.5174
15.5174
15.5174
15.5174
15.5174
15.5174
15.5174
15.5174
15.5174
15.5174
15.5174
15.5174
15.5174
15.5174
15.5174
15.5174
15.5174
15.5174
15.5174


37.6495
-1.08612
-17.1591
11.0086
-23.7049
4.26038
27.5577
18.6474
-38.404
24.8446
8.77945
10.9608
5.05697
0.0525826
5.89483
-9.43504
-5.15239
-13.4683
4.19324
-3.55866
20.7585
9.92898
-22.4717
-0.00470931
-2.79467
-3.14434
3.19518
-0.0525173
-17.2781
224.745

0.026

