20.7368
20.4045
20.4045
20.4045
20.4045
20.4045
20.4045
20.4045
20.4045
20.4045
20.4045
20.4045
20.4045
20.4045
20.0989
19.9131
19.9131
19.9131
19.9131
19.9131
19.9131
19.9131
19.9131
19.9131
19.9131
19.7296
19.7296
19.7296
19.7296
19.7296
19.7296
19.7296
19.7296
19.7296
19.7296
19.7296
19.7296
19.7296
19.6558
19.6558
19.5432
19.5432
19.5432
19.5432
19.5432
19.5432
19.5432
19.5432
19.5432
19.5432
19.5432
19.5432
19.5432
19.5432
19.5432
19.5432
19.4988
19.4988
19.1869
19.1869
19.107
19.107
19.107
18.9748
18.9748
18.9748
18.9748
18.9748
18.9748
18.9748
18.9748
18.8714
18.8714
18.8714
18.8714
18.8714
18.8714
18.7565
18.7565
18.6476
18.2939
18.2939
18.2939
18.2939
18.2484
18.2484
18.2484
18.2484
18.2484
18.2046
18.2046
17.6737
17.6737
17.6737
17.6737
17.6737
17.6737
16.9467
16.9467
16.9467
16.9467
16.9467
16.9467
16.9467
16.9467
16.9467
16.9467
16.9393
16.4235
16.4235
16.4235
16.4235
16.4235
16.4235
16.4235
16.4235
16.4235
16.4235
16.4235
16.4235
16.4235
16.4235
16.4235
16.4235
16.4235
16.4235
16.4235
16.4235
16.4235
16.4235
16.4235
16.4235
16.4235
16.4235
16.3499
16.287
16.287
16.287
16.2846
16.2846
15.7258
15.5231
15.5231
15.5231
15.5231
15.5231
15.5231
15.5231
15.5231
15.5231
15.5231
15.4885
15.4885
15.4885
15.4885
15.4885
15.4885
15.4885
15.4885
15.4885
15.4885
15.4885
15.4885
15.4885
15.4885
15.4885
15.4885
15.4885
15.3942
15.3942
15.3942
15.3942
15.3942
15.3942
15.3942
15.3942
15.3942
15.3942
15.3942
15.3942
15.3942
15.3942
15.3942
15.3942
15.3942
15.3942
15.3942
15.3942
15.3942
15.3942
15.3942
15.3942
15.3942
15.3942
15.3942
15.3942
15.3942
15.3721
15.3721
15.3721
15.3721
15.3721
15.3721
15.3721
15.3721
15.1599
15.1599
15.1043
15.1043
15.1043
15.1043
15.1043
15.1043
15.1043
15.1043
15.1043
15.1043
15.1043
14.8746
14.8746
14.8746
14.8746
14.8746
14.8746
14.8746
14.8746
14.8746
14.8746
14.8746
14.8746
14.8746
14.8746
14.8746
14.8746
14.8746
14.8746
14.8746
14.8746
14.8746
13.8464
13.8464
13.8464
13.8464
13.8464
13.7977
13.7977
13.7977
13.7681
13.7681
13.7681
13.7681
13.7681
13.7681
13.7681
13.7681
13.7681
13.7681
13.7437
13.7437
13.7437
13.7437
13.7437
13.6247
13.6247
13.6247
13.6247
13.6247
13.6247
13.6247
13.6247
13.6247
13.4709
13.4709
13.4709
13.4709
13.4709
13.4709
12.8903
12.8903
12.8903
12.8903
12.8903
12.8903
12.8903
12.5996
12.5996
12.5996
12.5567
12.5567
12.5567
12.5567
12.5567
12.5567
12.5567
12.5567
12.5567
12.5567
12.5567
12.5567
12.5567
12.5567
12.5567
12.5567
12.5567
12.5567
12.5567
12.1997
12.1997
12.1997
12.1997
12.1997
12.1997
12.1997
12.1997
12.1997
12.1997
12.1997
12.1997
12.1997
12.1997
12.1997
11.9899
11.9899
11.9899
11.9899
11.9899
11.9899
11.9899
11.9899
11.9899
11.9899
11.9899
11.9899
11.9899
11.9899
11.9899
11.9899
11.9899
11.9899
11.9899
11.9899
11.9899
11.9899
11.9899
11.9899
11.9899
11.9899
11.9899
11.9899
11.9899
11.9899
11.9899
11.9899
11.9899
11.9899
11.9899
11.9899
11.9899
11.9899
11.9899
11.9899
11.9899
11.9899
11.9899
11.9899
11.9899
11.9899
11.9899
11.9899
11.9899
11.9899
11.9899
11.9899
11.9899
11.9899
11.9899
11.9899
11.9899
11.9899
11.9899
11.9899
11.9899
11.9899
11.9899
11.9899
11.978
11.978
11.978
11.978
11.978
11.978
11.978
11.978
11.978
11.89
11.89
11.89
11.89
11.89
11.89
11.89
11.89
11.89
11.89
11.746
11.3203
11.3203
11.3203
11.3203
11.3203
11.289
10.8573
10.8573
10.8573
10.8573
10.8573
10.8573
10.8573
9.8086
9.8086
9.8086
9.8086
9.41927
9.41927
9.41927
9.41927
9.41927
9.41927
9.41927
9.41927
9.41927
9.15013
9.15013
9.15013
9.15013
9.15013
9.15013
9.15013
9.15013
9.15013
9.15013
9.15013
9.15013
9.15013
9.15013
9.15013
9.15013
9.15013
9.15013
9.15013
9.15013
9.15013
9.15013
9.15013
9.15013
9.15013
9.15013
9.15013
9.15013
9.15013
9.15013
9.15013
8.86739
8.82555
8.82555
8.58018
8.58018
8.58018
8.58018
8.58018
8.58018
8.58018
8.58018
8.58018
8.58018
8.58018
8.58018
8.58018
8.58018
8.58018
8.58018
8.58018
8.58018
8.58018
8.58018
8.58018
8.58018
8.58018
8.58018
8.58018
8.58018
8.58018
8.3944
8.3944
8.3944
8.3944
8.3944
8.3944
8.3944
8.3944
8.3944
8.3944
8.3944
8.3944
8.3944
8.3944
8.3944
8.3944
8.3944
8.3944
8.3944
8.3944
8.3944
8.3944
8.3944
8.3944
8.3944
8.3944
8.3944
8.3944
8.3944
8.3944
8.3944
8.39256
8.39256
8.39256
8.39256
8.39256
7.87035
7.87035
7.87035
7.87035
7.87035
7.87035
7.87035
7.87035
7.87035
7.87035
7.87035
7.87035
7.86892
7.86892
7.86892
7.81978
7.81978
7.81978
7.81978
7.81978
7.81978
7.81642
7.81642
7.81642
7.81642
7.68317
7.68317
7.68317
7.68317
7.51749
7.51749
7.51749
7.51749
7.51749
7.51749
7.51749
7.51749
7.51749
7.51749
7.37406
7.37406
7.37406
7.37406
7.37406
7.37406
7.28946
7.28946
7.28946
7.28946
7.28946
7.28946
7.28946
7.28946
7.28946
7.28946
7.28946
7.28946
7.28946
7.28946
7.28946
7.28946
7.28946
7.28946
7.28946
7.28946
7.28946
7.28946
7.25371
7.25371
7.25371
7.25371
7.25371
7.25371
7.25371
7.25371
7.25371
7.18453
7.18453
7.18453
7.18453
7.18453
7.18453
7.18453
7.18453
7.18453
7.18453
7.18453
7.18453
7.18453
7.18453
7.18453
7.18453
7.18453
7.18453
7.18453
7.18453
7.18453
7.18453
6.91696
6.91696
6.91696
6.91696
6.91696
6.91696
6.91696
6.91696
6.91696
6.91696
6.91696
6.91696
6.91696
6.91696
6.91696
6.91696
6.87458
6.87458
6.87458
6.87458
6.87458
6.87458
6.87458
6.87458
6.87458
6.87458
6.87458
6.87458
6.87458
6.87458
6.87458
6.87458
6.87458
6.87458
6.87458
6.87458
6.87458
6.87458
6.87458
6.87458
6.87458
6.87458
6.87458
6.87458
6.87458
6.87458
6.87458
6.87458
6.71468
6.71468
6.71468
6.71468
6.71468
6.71468
6.71468
6.71468
6.71468
6.71468
6.71468
6.71468
6.71468
6.71468
6.71468
6.71468
6.71468
6.71468
6.71468
6.71468
6.71468
6.71468
6.71468
6.71468
6.71468
6.71468
6.71468
6.71468
6.71468
6.71468
6.71468
6.71468
6.71468
6.71468
6.64475
6.64475
6.64475
6.64475
6.64475
6.64475
6.64475
6.64475
6.64475
6.64475
6.64475
6.64475
6.64475
6.64475
6.64475
6.64475
6.64475
6.64475
6.64475
6.64475
6.64475
6.64475
6.64475
6.64475
6.34393
6.34393
6.34393
6.34393
6.34393
6.34393
6.34393
6.34393
6.34393
6.34393
6.20008
6.20008
6.20008
6.04303
6.04303
6.04303
5.85561
5.85561
5.85561
5.85561
5.85561
5.85561
5.85561
5.85561
5.85561
5.85561
5.85561
5.85561
5.85561
5.85561
5.85561
5.46429
5.46429
5.46429
5.46429
5.46429
5.46429
5.46429
5.46429
5.46429
5.46429
5.38835
5.38835
5.38835
5.38835
5.38835
5.38835
5.38835
5.38835
5.38835
5.38835
5.30865
5.30865
5.30865
5.30865
5.30865
5.30865
5.30865
5.30865
5.30865
5.30865
5.30865
5.30865
5.30865
5.30865
5.30865
5.30865
5.30865
5.30865
5.30865
5.30865
5.30865
5.30865
5.30865
5.26478
5.26478
5.26478
5.26478
5.26478
5.26478
5.26478
5.26478
5.26478
5.26478
5.26478
5.26478
5.26478
5.26478
5.26478
5.26478
5.26478
5.26478
5.25994
5.25994
5.25994
5.25994
5.25994
5.25994
5.25994
5.25994
5.25994
5.25994
5.25994
5.25994
5.25994
5.17525
5.17525
5.17525
5.17525
5.17525
5.17525
5.17525
5.17014
5.17014
5.17014
5.12557
5.12557
5.12557
5.12557
5.12557
5.12557
5.12557
5.12557
5.12557
5.12557
5.12557
5.12557
5.10351
5.01999
5.01999
5.01999
5.01999
5.01999
5.0051
5.0051
5.0051
5.0051
5.0051
5.0051
4.93209
4.93209
4.93209
4.93209
4.93209
4.93209
4.93209
4.60287
4.60287
4.38593
4.38593
4.38593
4.38593
4.38593
4.38593
4.38593
4.38593
4.38593
4.38593
4.38593
4.38593
4.38593
4.38593
4.32976
4.32976
4.32976
4.32976
4.32976
4.15761
4.15761
4.15761
4.15761
4.15761
4.15761
4.15761
4.15761
4.15761
4.15761
4.15761
4.15761
4.15761
4.15761
4.15761
3.94506
3.94506
3.94506
3.94506
3.94506
3.94506
3.94506
3.94506
3.94506
3.94506
3.86198
3.86198
3.86198
3.86198
3.86198
3.86198
3.86198
3.86198
3.86198
3.56236
3.56236
3.56236
3.56236
3.56236
3.56236
3.56236
3.56236
3.56236
3.16669
3.16669
3.16669
3.16669
3.16669
3.16669
3.16669
3.16669
3.16669
3.16669
3.16669
3.16669
3.16669
3.06107
3.06107
3.06107
3.06107
3.06107
3.06107
3.06107
3.06107
3.06107
3.06107
3.06107
3.06107
3.06107
3.06107
3.06107
3.06107
3.06107
3.06107
3.06107
3.06107
3.06107
3.06107
3.06107
3.06107
3.06107
3.06107
3.06107
3.06107
3.06107
3.06107
3.06107
3.06107
3.06107
3.05572
3.05572
3.05572
3.05572
3.05572
3.05572
3.05572
3.05572
3.01137
3.01137
3.01137
3.01137
3.01137
3.01137
3.01137
3.01137
3.01137
3.01137
3.01137
3.01137
3.01137
3.01137
3.01137
3.00588
3.00588
3.00588
3.00588
3.00588
3.00588
3.00588
3.00588
3.00522
3.00522
3.00522
3.00522
3.00522
3.00522
3.00522
3.00522
3.00522
3.00522
3.00522
3.00522
2.89936
2.89936
2.89936
2.89936
2.89936
2.89936
2.89936
2.89936
2.89936
2.89936
2.89936
2.89936
2.89936
2.89936
2.89936
2.89936
2.87642
2.87642
2.87642
2.87642
2.87642
2.87642
2.87642
2.87642
2.87642
2.87642
2.87642
2.87642
2.87642
2.87642
2.87642
2.87642
2.87642
2.87642
2.87642
2.87642
2.87642
2.87642
2.87642
2.87642
2.87642
2.87642
2.87642
2.87642
2.87642
2.87642
2.87642
2.87642
2.87642
2.87642
2.87642
2.87642
2.87642
2.87642
2.87642
2.87642
2.87642
2.87642
2.87642
2.87642
2.87642
2.87642
2.87642
2.87642
2.87642
2.87642
2.87642
2.87642
2.87642
2.87642
2.87642
2.87642
2.87642
2.87642
2.87642
2.87642
2.87642
2.87642
2.87642
2.87642
2.87642
2.87642
2.87642
2.87642
2.87642
2.87642
2.87642
2.87642
2.87642
2.87642
2.87642
2.87642
2.87642
2.87642
2.87642
2.87642
2.87642
2.87642
2.87642
2.87642
2.87642
2.87642
2.87642
2.87642
2.87642
2.87642
2.87642
2.87642
2.87642
2.87642
2.87642
2.87642
2.87642
2.87642
2.87642
2.87642
2.87642
2.87642
2.87642
2.87642
2.87642
2.87642
2.87642
2.87642
2.87642
2.87642
2.87642
2.87642
2.87642
2.87642
2.87642
2.87642
2.87642
2.87642
2.87642
2.87642
2.87642
2.87642
2.87642
2.87642
2.87642
2.87642
2.87642
2.87642
2.87642
2.87642
2.87642
2.87642
2.87642
2.87642
2.87642
2.87642
2.87642
2.87642
2.87642
2.87642
2.87642
2.87642
2.87642
2.87642
2.87642
2.87642
2.87642
2.87642
2.87642
2.87642
2.87642
2.87642
2.87642
2.87642
2.87642
2.87642
2.18033
2.18033
2.18033
2.18033
2.18033
2.18033
2.18033
2.18033
2.18033
2.18033
2.18033
2.18033
2.18033
2.18033
2.18033
2.18033
2.18033
2.18033
2.18033
2.12731
2.12731
2.12731
2.12731
2.12731
2.12731
2.12731
2.12731
2.12731
2.12731
2.12731
2.12731
2.12731
2.12731
2.12731
2.12731
2.12731
2.09545
2.09545
2.09545
2.09545
2.09545
2.09545
2.09545
2.09545
2.09545
2.09545
2.09545
2.09545
2.09545
2.09545
2.09545
2.09545
2.09545
2.09545
2.09545
2.09545
2.09545
2.09545
2.09545
2.09545
2.09545
2.09545
2.09545
2.09545
1.97816
1.97816
1.97816
1.97816
1.97816
1.97816
1.97816
1.97816
1.97816
1.97816
1.97816
1.97816
1.97816
1.96044
1.96044
1.96044
1.96044
1.96044
1.96044
1.96044
1.96044
1.96044
1.96044
1.96044
1.96044
1.96044
1.96044
1.96044
1.96044
1.96044
1.96044
1.96044
1.96044
1.96044
1.96044
1.96044
1.96044
1.96044
1.96044
1.96044
1.96044
1.96044
1.96044
1.96044
1.96044
1.96044
1.96044
1.96044
1.96044
1.96044
1.96044
1.96044
1.96044
1.96044
1.96044
1.93565
1.93565
1.93565
1.93565
1.93565
1.93565
1.93565
1.93565
1.93565
1.93565
1.93565
1.93565
1.93565
1.93565
1.93565
1.93565
1.93565
1.93565
1.93565
1.93565
1.93565
1.93565
1.93565
1.93565
1.93565
1.93565
1.93565
1.93565
1.93565
1.93565
1.93565
1.93565
1.93565
1.90875
1.90875
1.90875
1.90875
1.90875
1.90875
1.90875
1.90875
1.90875
1.90875
1.90875
1.90875
1.90875
1.90875
1.90875
1.90875
1.90875
1.90875
1.90875
1.90875
1.90875
1.90875
1.90875
1.90875
1.90875
1.90875
1.90875
1.90875
1.90875
1.90875
1.90875
1.90875
1.90875
1.90875
1.90875
1.90875
1.90875
1.90875
1.90875
1.89985
1.89985
1.89985
1.89985
1.89985
1.89985
1.89985
1.89985
1.89985
1.89985
1.89985
1.89985
1.89985
1.89985
1.89985
1.89985
1.89985
1.89985
1.89985
1.89985
1.89985
1.89985
1.89985
1.89985
1.89985
1.89985
1.89985
1.89985
1.89985
1.89985
1.89985
1.89985
1.89985
1.89985
1.89985
1.89985
1.89985
1.89985
1.89985
1.89985
1.89985
1.89985
1.89985
1.89985
1.89985
1.89985
1.89985
1.89985
1.89985
1.89985
1.89985
1.89985
1.89985
1.89985
1.89985
1.89985
1.89985
1.89985
1.89985
1.89985
1.89092
1.89092
1.89092
1.89092
1.89092
1.89092
1.89092
1.89092
1.89092
1.89092
1.89092
1.89092
1.89092
1.89092
1.89092
1.89092
1.89092
1.89092
1.85603
1.85603
1.85603
1.85603
1.85603
1.85603
1.85603
1.85603
1.85603
1.85603
1.85603
1.85603
1.85603
1.85603
1.85603
1.85603
1.85603
1.85603
1.85603
1.85603
1.85603
1.85603
1.85603
1.85603
1.85603
1.85603
1.85603
1.85603
1.85603
1.85603
1.85603
1.85603
1.85603
1.85603
1.85603
1.85603
1.85603
1.85603
1.85603
1.85603
1.85603
1.85603
1.85603
1.85603
1.85603
1.85603
1.85603
1.84884
1.84884
1.84884
1.84884
1.84884
1.84884
1.84884
1.84884
1.84884
1.84884
1.84884
1.84884
1.84884
1.84884
1.84884
1.84884
1.84884
1.84884
1.84884
1.84884
1.84884
1.84884
1.84884
1.84884
1.84884
1.84884
1.84884
1.84884
1.84884
1.84884
1.84884
1.84884
1.84884
1.84884
1.84884
1.84884
1.84884
1.84884
1.84884
1.84884
1.84884
1.84884
1.84884
1.84884
1.84164
1.84164
1.84164
1.84164
1.84164
1.84164
1.84164
1.84164
1.83442
1.83442
1.83442
1.83442
1.83442
1.83442
1.83442
1.83442
1.83442
1.83442
1.83442
1.83442
1.83442
1.83442
1.83442
1.83442
1.83442
1.83442
1.83442
1.73349
1.73349
1.73349
1.73349
1.73349
1.73349
1.73349
1.73349
1.73349
1.73349
1.73349
1.73349
1.73349
1.73349
1.73349
1.73349
1.73349
1.73349
1.73349
1.73349
1.73349
1.73349
1.73349
1.73349
1.73349
1.73349
1.73349
1.73349
1.73349
1.73349
1.73349
1.73349
1.73349
1.73349
1.73349
1.73349
1.73349
1.53233
1.53233
1.53233
1.53233
1.53233
1.53233
1.53233
1.53233
1.53233
1.53233
1.53233
1.53233
1.53233
1.53233
1.53233
1.53233
1.53233
1.53233
1.53233
1.53233
1.53233
1.53233
1.53233
1.53233
1.53233
1.53233
1.53233
1.53233
1.53233
1.53233
1.53233
1.53233
1.53233
1.53233
1.53233
1.53233
1.53233
1.53233
1.53233
1.53233
1.53233
1.53233
1.53233
1.53233
1.53233
1.53233
1.53233
1.53233
1.53233
1.53233
1.53233
1.53233
1.53233
1.53233
1.53233
1.53233
1.53233
1.53233
1.53233
1.53233
1.53233
1.53233
1.53233
1.53233
1.53233
1.53233
1.53233
1.53233
1.53233
1.53233
1.53233
1.53233
1.53233
1.53233
1.53233
1.53233
1.53233
1.53233
1.53233
1.53233
1.53233
1.53233
1.53233
1.53233
1.53233
1.53233
1.53233
1.53233
1.53233
1.53233
1.53233
1.53233
1.53233
1.53233
1.53233
1.53233
1.53233
1.53233
1.53233
1.53233
1.53233
1.53233
1.53233
1.53233
1.53233
1.53233
1.53233
1.53233
1.53233
1.53233
1.53233
1.53233
1.53233
1.53233
1.53233
1.53233
1.53233
1.53233
1.53233
1.53233
1.53233
1.53233
1.53233
1.53233
1.53233
1.53233
1.53233
1.53233
1.53233
1.53233
1.53233
1.53233
1.53233
1.53233
1.53233
1.53233
1.53233
1.53233
1.53233
1.53233
1.53233
1.53233
1.53233
1.53233
1.53233
1.53233
1.53233
1.53233
1.53233
1.53233
1.53233
1.53233
1.53233
1.53233
1.53233
1.53233
1.53233
1.53233
1.53233
1.53233
1.53233
1.42039
1.42039
1.42039
1.42039
1.42039
1.42039
1.42039
1.42039
1.42039
1.42039
1.42039
1.42039
1.42039
1.42039
1.42039
1.42039
1.42039
1.42039
1.42039
1.42039
1.42039
1.42039
1.42039
1.42039
1.42039
1.42039
1.42039
1.42039
1.42039
1.42039
1.42039
1.42039
1.42039
1.42039
1.42039
1.42039
1.42039
1.42039
1.42039
1.42039
1.42039
1.42039
1.42039
1.42039
1.42039
1.42039
1.42039
1.42039
1.42039
1.42039
1.42039
1.42039
1.42039
1.42039
1.42039
1.42039
1.42039
1.42039
1.42039
1.42039
1.42039
1.42039
1.42039
1.42039
1.42039
1.42039
1.42039
1.42039
1.42039
1.42039
1.42039
1.42039
1.42039
1.42039
1.42039
1.42039
1.42039
1.42039
1.42039
1.42039
1.42039
1.42039
1.42039
1.42039
1.42039
1.42039
1.42039
1.42039
1.42039
1.42039
1.42039
1.42039
1.42039
1.42039
1.42039
1.42039
1.42039
1.42039
1.42039
1.42039
1.42039
1.42039
1.42039
1.42039
1.42039
1.42039
1.42039
1.42039
1.42039
1.42039
1.42039
1.42039
1.42039
1.42039
1.42039
1.42039
1.42039
1.42039
1.42039
1.35049
1.35049
1.35049
1.35049
1.35049
1.35049
1.35049
1.35049
1.35049
1.35049
1.35049
1.35049
1.35049
1.35049
1.35049
1.35049
1.35049
1.35049
1.35049
1.35049
1.35049
1.35049
1.35049
1.35049
1.35049
1.35049
1.35049
1.35049
1.35049
1.35049
1.35049
1.35049
1.35049
1.35049
1.35049
1.35049
1.35049
1.33979
1.33979
1.33979
1.27458
1.27458
1.27458
1.27458
1.27458
1.27458
1.27458
1.27458
1.27458
1.27458
1.27458
1.27458
1.27458
1.27458
1.27458
1.27458
1.27458
1.27458
1.27458
1.27458
1.27458
1.27458
1.27458
1.27458
1.27458
1.27458
1.27458
1.27458
1.27458
1.27458
1.27458
1.27458
1.27458
1.27458
1.26359
1.26359
1.26359
1.26359
1.26359
1.26359
1.26359
1.26359
1.26359
1.26359
1.26359
1.26359
1.26359
1.26359
1.26359
1.26359
1.26359
1.26359
1.26359


0.0950029
0.0950029
0.0950029
0.0950029
0.0950029
0.0950029
0.125004
0.125004
0.125004
-0.135004
-0.135004
-0.135004
-0.135004
-0.135004
-0.135004
-0.135004
-0.135004
-0.135004
-0.135004
0.813025
-0.0630019
-0.0630019
-0.0630019
-0.0630019
-0.0630019
-0.0630019
-0.0630019
-0.0630019
-0.0630019
0.0950029

0.027

