20.7067
20.7554
20.7777
20.7777
20.7841
20.7841
20.5058
20.5058
20.5058
20.5058
20.5058
20.5058
20.5058
20.4743
20.4743
20.4743
20.5502
20.5502
20.3709
20.3709
20.3709
20.396
20.396
20.2904
20.2904
20.2904
20.396
20.4259
20.5065
20.5065
20.5274
20.5274
20.5274
20.4299
20.4299
20.3709
20.3709
20.3709
20.1512
20.379
20.379
20.4299
19.7768
19.7768
19.7768
19.7768
19.7768
19.7768
19.7768
19.7768
19.7768
19.7768
20.3894
20.3894
20.3894
20.3894
20.3894
20.3894
20.3894
20.3894
20.3894
20.3894
20.3894
20.6514
20.6514
20.6514
20.6514
20.0902
20.0902
20.3967
20.3967
20.2984
20.2984
20.2984
20.394
20.3725
20.3195
20.5136
20.5403
20.5403
20.5403
20.5979
20.5464
20.5464
20.5464
20.5979
20.5979
20.5979
20.5979
20.5979
20.5811
20.3128
20.476
20.476
20.5494
20.5494
20.5494
20.5494
20.5494
20.5494
20.5494
20.5494
20.5494
20.6373
20.5605
20.5605
20.5605
20.5632
20.5632
20.5262
20.5262
20.5262
20.5262
20.5262
20.5262
20.5262
20.5262
20.577
20.6155
20.6155
20.6155
20.6155
20.6155
20.7617
20.7617
20.7351
20.3398
20.3398
20.3143
20.3143
20.3143
20.5787
20.5787
20.5787
20.5787
20.7658
20.7658
20.7658
20.8252
20.8252
20.8252
20.8252
20.801
20.801
20.801
20.5519
20.3789
20.6185
20.6185
20.8072
20.8072
20.8072
20.8072
20.8541
20.8541
20.7723
20.7723
20.8479
20.7185
20.5566
20.5566
20.6746
20.6746
20.6746
20.6677
20.6677
20.6569
20.7356
20.8584
20.8164
20.8161
20.8161
20.8161
20.4504
20.4504
20.4504
20.5815
20.5815
20.5815
20.5815
20.7366
20.2564
20.2564
20.2564
20.2564
20.2564
20.2564
20.2564
20.4255
20.4255
20.4255
20.4255
20.4255
20.4255
20.4255
20.4255
20.4255
20.4517
20.587
20.587
20.587
20.587
20.587
20.587
20.587
20.587
20.587
20.587
20.6572
20.6572
20.6572
20.6572
20.6572
20.7333
20.7333
20.7333
20.6797
20.6797
20.5942
20.5942
20.5942
20.5942
20.5942
20.5942
20.7234
20.7234
20.6175
20.6032
20.6032
20.6032
20.0625
20.0625
20.0625
20.6032
20.6032
20.6032
20.7849
20.8057
20.8057
20.8057
20.731
20.731
20.731
20.731
20.731
20.731
20.8553
20.8553
20.8553
20.8553
20.8553
20.8553
20.9195
20.9195
20.9195
20.8175
20.9195
20.9066
20.9066
20.9066
20.8557
20.8557
20.609
20.609
20.609
20.609
20.609
20.609
20.609
20.609
20.609
20.609
20.609
20.609
20.609
20.609
20.609
20.6072
20.5572
20.5572
20.5572
20.5572
20.5572
20.6566
20.6566
20.6566
20.6566
20.7028
20.7028
20.6958
20.6619
20.6619
20.6619
20.7691
20.7691
20.7691
20.6182
20.6182
20.6182
20.6182
20.6182
20.6182
20.6182
20.6182
20.6182
20.6182
20.7228
20.7833
20.7894
20.3307
20.3307
20.3307
20.3307
20.3307
20.3307
20.3307
20.7137
20.7388
20.9273
20.9273
20.9214
20.9162
20.9162
20.7697
20.7697
20.8571
20.8571
20.8305
20.8305
20.8305
20.9248
20.9248
20.6598
20.6598
20.6598
20.7562
20.7562
20.7665
20.7124
20.7124
20.7124
20.3001
20.3001
20.3001
20.3001
20.3001
20.3001
20.3001
20.3001
20.4088
20.4088
20.5328
20.5328
20.5328
20.5328
20.5328
20.5328
20.4956
20.4956
20.7754
20.7108
20.9524
20.9659
20.9659
20.9659
20.9383
20.8959
20.8959
21.0088
21.0088
21.0088
21.0088
21.0088
20.9737
20.8685
20.8685
20.8685
20.9426
20.9737
20.9737
20.9737
20.4284
20.4284
20.9338
20.9338
20.9338
20.9338
20.9338
20.9338
20.9338
20.9338
20.9338
20.9338
20.9338
20.9338
20.9338
20.9687
20.9861
20.823
20.823
20.8038
20.8038
20.94
20.9265
20.9265
20.9265
20.984
21.0569
20.5987
20.5987
20.5987
20.5987
20.5987
20.8088
20.8088
20.8284
20.8284
20.8284
20.8284
20.8284
20.7939
20.8596
20.8596
20.8596
20.8596
20.8596
20.8526
20.7721
20.7721
20.7721
20.7721
20.7721
20.7721
20.7721
20.7721
20.7822
20.7822
20.7822
20.8526
20.8526
20.8976
20.8976
20.8976
21.0358
21.0504
21.0504
21.0504
21.0914
20.9201
20.9201
20.9201
20.4931
20.539
20.539
20.7495
20.7495
20.7495
20.7495
20.7495
20.7495
20.7495
20.7495
20.7495
20.7495
20.7495
20.5068
20.5068
20.5068
20.5068
20.5068
20.5068
20.5068
20.5068
20.5068
20.5068
20.5068
20.5068
20.5068
20.5068
20.5068
20.5068
20.7343
20.7343
20.5354
20.5354
20.5354
20.5354
20.5354
20.5354
20.5354
20.488
20.5462
20.6452
20.6452
20.3348
20.3348
20.3348
20.3348
20.3348
20.3348
20.3348
20.3348
20.4066
20.4066
20.7218
20.7218
20.7218
20.7218
20.7284
20.7284
20.7291
20.7291
20.7291
20.7291
20.3283
20.3283
20.3283
20.3283
20.3283
20.3283
20.3283
20.3355
20.4723
20.4723
20.4723
20.4723
20.4723
20.4723
20.4723
20.4723
20.4723
20.4723
20.6566
20.6219
20.6219
20.6566
20.7834
20.7834
20.7834
20.7834
20.7852
20.7852
20.8332
20.8332
20.8332
20.9359
20.9359
20.9359
20.9359
20.9359
20.9359
20.9359
20.9029
20.9029
20.8994
20.8994
20.8994
20.9029
20.9029
20.9185
20.8815
21.0305
21.0305
20.841
20.841
20.841
20.841
20.841
20.841
20.9422
20.9422
20.9422
20.9949
20.9887
20.9887
21.0056
20.9561
20.9561
20.8246
20.9742
20.9742
20.9742
20.9742
20.9742
20.9742
20.9742
20.9742
20.9742
20.8525
20.8525
20.7008
20.7086
20.5376
20.6542
20.6542
20.6542
20.6991
20.6991
20.6991
20.6991
20.6991
20.6991
20.6991
20.6991
20.6991
20.6991
20.6991
20.6991
20.6991
20.6991
20.6991
20.6972
20.6972
20.6972
20.6972
20.6972
20.7477
20.7477
20.7477
20.7592
20.925
20.925
20.8491
20.7243
20.7243
20.7243
20.7949
20.7613
20.7613
20.7613
20.7613
20.7613
20.7613
20.7953
20.7953
20.7953
20.7953
20.7953
20.8513
20.7157
20.7157
20.8048
20.8048
20.8048
20.8048
20.8048
20.8866
20.733
20.7583
20.912
20.8728
20.8728
20.8728
20.8695
20.8661
20.8661
20.8072
20.8072
20.8072
20.8072
20.8013
20.8258
20.8258
20.8634
20.8634
20.8634
20.8634
20.8634
20.8362
20.8362
20.8362
20.8362
20.6847
20.677
20.677
20.677
20.677
20.677
20.8852
20.9025
20.9025
20.9025
20.9017
20.8861
20.8861
20.8861
20.8861
20.8861
20.8861
20.8324
20.8324
20.8103
20.8103
20.8103
20.8103
20.8103
20.8272
20.8272
20.8272
20.8272
20.8272
20.8443
20.8443
20.5206
20.0794
20.0794
20.0794
20.0794
20.3786
20.3786
20.3786
20.3786
20.3786
20.3786
20.3786
20.3786
20.3786
20.3786
20.3786
20.3786
20.3786
20.7019
20.7019
20.7019
20.7019
20.7019
20.7159
20.7159
20.7159
20.6135
20.6135
20.6135
20.6135
20.0858
20.058
20.058
20.058
20.1578
20.557
20.557
20.557
20.557
20.6487
20.8299
20.8275
20.8275
20.8275
20.8275
20.8275
20.8275
20.8275
20.6461
20.6461
20.7587
20.8275
20.8275
20.8275
20.8275
20.6361
20.6361
20.8275
20.8275
20.8275
20.8275
20.8275
20.8275
20.4562
20.4562
20.4562
20.4562
20.4562
20.7535
20.7535
20.7535
20.7535
20.7535
20.7535
20.7535
20.7535
20.7535
20.9153
20.9153
20.9153
20.9103
20.9103
20.9103
20.8567
20.8567
20.8674
20.8674
20.8674
20.8674
20.9991
20.9991
20.9991
20.9991
20.9991
20.9424
20.9424
20.9424
20.8768
20.9152
20.9152
20.9152
20.9152
20.9152
20.9152
21.0317
21.0317
21.0317
21.0403
21.0277
21.0277
20.8852
20.9864
20.9581
20.9581
20.9581
20.9581
20.9581
20.9323
20.9323
20.9323
20.9323
20.9323
20.9323
20.9323
20.9323
20.9323
20.9323
20.9279
20.9279
20.9279
20.9279
20.9323
20.9323
20.8374
20.8374
20.8374
20.8228
20.8228
20.8475
20.8475
20.9539
20.9539
20.9539
20.9539
20.8379
20.8379
20.9305
20.8811
20.8811
20.8811
20.886
20.9183
20.9183
20.9183
20.7996
20.7996
20.7996
20.7996
20.7996
20.8133
20.8133
20.8466
20.8466
20.8466
20.8466
20.8466
20.9411
20.9348
20.9348
20.7376
20.7376
20.8136
20.7588
20.7588
20.7588
20.7588
20.7588
20.7588
20.7588
20.7588
20.7588
20.7588
20.7588
20.7588
20.7588
20.7588
20.7588
20.7588
20.7588
20.7588
20.7588
20.9027
20.9552
20.9552
20.9552
20.9719
20.8868
20.8868
20.8868
20.8868
20.8868
20.8868
21.0054
20.8607
20.8363
20.789
20.789
20.8022
20.8022
20.8363
20.9102
20.7674
20.8301
20.7263
20.7263
20.8301
20.8301
20.8301
20.9083
20.9083
20.9083
20.9083
20.9083
20.9083
20.9083
20.9083
20.7521
20.7383
20.7383
20.7383
20.7383
20.7383
20.7383
20.7383
20.7383
20.7383
20.7383
20.7383
20.7383
20.8019
20.8019
20.8019
20.8019
20.8019
20.7828
20.7828
20.7828
20.9215
20.8589
20.8589
20.9215
20.9215
20.9215
20.941
20.8472
20.8472
20.8472
20.941
20.941
20.941
20.7535
20.7535
20.7535
20.6992
20.5971
20.5971
20.516
20.516
20.516
20.516
20.516
20.516
20.3406
20.3406
20.3406
20.3406
20.3406
20.3406
20.3406
20.3406
20.3406
20.3406
20.3406
20.6668
20.6668
20.6668
20.6668
20.5208
20.5208
20.5208
20.0861
20.0861
20.0861
20.0861
20.0861
20.0861
20.0861
20.0861
20.0861
20.0861
20.0861
20.4062
20.4062
20.4062
20.4062
20.4062
20.4062
20.4062
20.6554
20.6554
20.6554
20.6451
20.6451
20.9242
20.9242
20.9242
20.1362
20.1362
20.1362
20.1362
20.1362
20.1225
20.1225
20.1225
20.1225
20.1225
20.1225
20.1225
20.1225
20.1225
20.1225
20.1225
20.3817
20.3817
20.3817
20.6566
20.6566
20.6566
20.6566
20.8197
20.7949
20.6726
20.6726
20.6726
20.6726
20.6726
20.8109
20.8109
20.8109
20.8109
20.6048
20.6048
20.6048
20.364
20.364
20.364
20.364
20.364
20.364
20.364
20.364
20.364
20.364
20.364
20.364
20.364
20.364
20.364
20.5075
20.5075
20.5188
20.5188
20.5188
20.5188
20.5188
20.5188
20.6196
20.6196
20.846
20.774
20.774
20.774
20.459
20.3504
20.3504
20.3504
20.3504
20.3504
20.3504
20.3504
20.3504
20.3504
20.3504
20.3504
20.3504
20.3504
20.3504
20.3504
20.3504
20.2519
20.2519
20.4652
20.4832
20.4832
20.4832
20.4931
19.9955
19.9955
20.5516
20.5516
20.5919
20.5919
20.5919
20.5919
20.5919
20.5919
20.5919
20.5919
20.5919
20.5919
20.8022
20.8022
20.8022
20.8022
20.8022
20.6962
20.6529
20.7365
20.6974
20.6974
20.6974
20.6974
20.6974
20.7339
20.7339
20.7339
20.714
20.714
20.714
20.8121
20.7847
20.7847
20.7847
20.7847
20.742
20.742
20.742
20.7112
20.742
20.813
20.813
20.825
20.825
20.7523
20.7523
20.7523
20.7988
20.6905
20.6905
20.6905
20.6905
20.6905
20.6677
20.5477
20.5477
20.5477
20.5477
20.5477
20.4153
20.7237
20.7237
20.7237
20.7237
20.7237
20.7237
20.7237
20.6898
20.6898
20.6898
20.6898
20.6898
20.6898
20.4871
20.4871
20.4871
20.4871
20.4871
20.4871
20.4871
20.4871
20.4871
20.4871
20.4871
20.4871
20.6418
20.7879
20.7879
20.7622
20.7879
20.7879
20.7879
20.7879
20.7879
20.764
20.764
20.764
20.764
20.764
20.764
20.6664
20.6664
20.7377
20.7377
20.7377
20.7377
20.7541
20.7541
20.7361
20.7361
20.7361
20.7361
20.7807
20.7807
20.7807
20.8068
20.8068
20.8068
20.7802
20.9266
20.9266
20.9266
20.9266
20.9437
20.8226
20.8226
20.8226
20.8226
20.8226
20.8809
20.8809
20.8809
20.8809
20.8809
20.8809
20.841
20.841
20.841
20.841
20.7035
20.7035
20.5639
20.5639
20.5639
20.5639
20.5639
18.9786
18.9786
18.9786
18.9786
18.9786
18.9786
18.9786
18.9786
20.7396
20.7396
20.7396
20.8229
20.8229
20.8744
20.8744
20.8744
20.8744
20.774
20.774
20.7764
20.7764
20.7764
20.7764
20.7764
20.7889
20.7889
21.011
21.011
20.6857
20.6857
20.6857
20.6659
20.6659
20.6659
20.6659
20.6659
20.6659
20.6659
20.6659
20.6659
20.6659
20.6659
20.6659
20.6659
20.6659
20.4777
20.4777
20.5951
20.5951
20.5983
20.5983
20.5983
20.5983
20.5983
20.7284
20.7284
20.7284
20.8132
20.8132
20.8132
20.8132
20.8132
20.8132
20.8132
20.8132
20.7202
20.7202
20.9374
20.9374
20.9398
20.9398
20.9158
20.9387
20.8986
20.8986
20.8986
20.8986
20.981
20.93
20.8012
20.8012
20.8012
20.7762
20.8791
20.8791
20.8791
20.8791
20.9232
20.9232
20.9383
20.9383
20.9383
20.9383
20.9383
20.9383
20.9383
20.9383
20.9383
20.9383
20.9492
20.9492
20.9492
20.9492
20.9492
20.9492
20.9658
21.0581
21.0581
21.0775
21.0931
21.0931
21.0931
21.0931
21.0931
21.0931
21.0931
21.0778
20.963
20.963
21.0041
20.8129
20.8129
20.8129
21.0066
21.0066
21.0066
20.8179
20.8179
20.8179
20.8179
20.8179
20.9441
20.9441
20.9441
20.9441
20.9441
20.9418
20.9474
20.9291
20.9291
20.9376
20.9376
20.9376
20.9376
20.9376
20.8525
20.8525
20.8525
20.9154
20.9154
20.9154
20.9154
21.0421
20.8661
21.0421
20.7982
20.7872
20.7937
20.7937
20.7937
20.8089
20.8012
20.8012
20.8012
20.6412
20.6412
20.6412
20.9078
20.9078
20.8283
20.8283
20.8283
20.9142
20.949
21.0868
21.0868
21.0868
21.0868
21.0868
21.0868
21.0758
21.0258
21.0258
21.0108
21.0108
21.0108
21.0735
21.0735
21.0735
21.0758
21.0379
21.0379
20.9265
20.9265
20.9265
21.0583
20.9217
20.8965
20.8965
20.8965
21.0583
21.0592
21.001
21.0001
21.0001
21.0001
21.0001
21.0095
21.0095
21.0095
21.0095
21.0095
21.0095
20.9044
20.9044
20.9044
20.7726
20.7726
20.7726
20.9249
20.8016
20.8016
20.8016
20.8016
20.8016
20.8016
20.8016
20.8016
20.7974
20.7974
20.7974
20.7974
20.9846
20.8442
20.8442
20.9227
20.9227
21.0029
21.0029
21.0029
21.0453
21.0453
20.797
20.797
20.797
20.797
20.797
20.9383
20.9383
20.9975
20.9975
20.9975
20.9975
20.9975
20.9975
20.9975
20.8698
20.8698
20.8698
20.8698
21.011
21.011
21.011
20.9731
20.9731
20.9731
20.8739
20.8739
20.8739
20.8739
20.9054
20.9054
20.9056
20.9056
20.9056
20.9056
20.9056
20.9056
20.8091
20.8091
20.8091
20.921
20.921
20.921
20.921
20.8332
20.8332
20.8332
20.8332
20.8199
20.7714
20.7714
20.7714
20.7413
20.7413
20.7413
20.7413
20.7714
20.7714
20.6071
20.6071
20.6071
20.6071
20.9212
20.917
20.9212
20.9212
20.9212
20.9212
21.068
21.0041
21.0041
21.0041
21.0041
20.9816
20.9816
20.9816
20.9816
20.9982
20.9982
20.9435
21.0041
21.0041
21.0041
21.0041
21.0041
21.0041
21.0041
21.0041
20.8064
20.8064
20.8064
20.8064
20.8064
20.9637
20.9015
20.9015
20.7594
20.7594
20.7594
20.6999
20.6999
20.6999
20.6999
20.9637
20.9637
20.9637
20.9637
20.9637
20.9515
20.973
20.973
20.973
21.0163
21.0163
21.0163
21.0163
21.0163
21.0163
20.9994
20.9994
20.9163
20.9163
20.5762
20.5762
20.5762
20.5762
20.5762
20.6293
20.6293
20.6293
20.6293
20.6293
20.6293
20.8374
20.9111
20.9111
21.0225
20.8704
20.8704
20.8704
20.8704
20.8704
20.8704
20.8444
20.94
20.94
20.94
20.94
20.94
20.94
20.94
20.94
20.94
20.9426
21.0938
21.0938
21.0938
21.0938
21.0971
21.0971
21.0971
21.0971
21.0971
21.1418
21.1418
21.1418
20.948
20.948
21.0967
21.073
21.073
21.073
21.0967
21.0795
21.0795
21.0795
20.9725
20.8073
21.1255
21.1255
21.1255
21.1255
21.1255
21.1255
21.0742
21.0742
21.0742
21.0485
21.0742
20.876
20.876
20.7462
20.7462
20.7462
20.7462
20.7462
20.7372
20.7372
20.7372
20.8585
20.8585
20.887
20.887
20.887
20.887
20.9848
20.9848
20.4522
20.4522
20.4522
20.4522
20.4522
20.4522
20.4522
20.4522
20.4522
20.4522
20.5506
20.5506
20.5506
20.7731
20.7731
20.7731
20.6366
20.6903
20.6903
20.7304
20.7304
20.7304
20.7304
20.7304
20.7304
20.7595
20.7595
20.8253
20.8253
20.8253
20.8253
20.8253
20.6095
20.5663
20.4077
20.508
20.3556
20.3556
20.3556
20.3556
20.3556
20.7687
20.7687
20.7879
20.7879
20.9509
20.9509
20.9509
20.9509
20.9509
20.9509
20.8216
20.8216
20.8216
20.8216
20.8216
20.8216
20.8216
20.8216
20.8216
20.8901
20.964
20.964
20.964
20.964
20.964
20.964
20.964
21.0006
20.9379
21.0548
21.0548
21.0548
21.0548
20.8549
20.8549
20.8549
20.8549
20.9841
20.9841
21.0086
21.0086
21.0086
21.0086
21.0086
21.0086
21.0086
21.0086
21.094
21.1094
21.1094
21.1094
21.1094
20.9357
20.9357
20.9357
20.9357
20.9357
20.9357
20.9357
21.0371
21.0371
21.0921
21.0921
21.0921
21.0921
21.0921
21.0921
21.1468
21.1468
21.1468
21.0401
21.0948
21.1468
21.1468
21.1468
21.1468
21.0789
21.1468
21.0531
21.0531
21.0531
21.0531
21.0531
21.0008
21.0008
21.0008
21.1228
21.1511
21.1511
21.1511
21.05
21.1628
21.1764
21.1146
21.1146
21.1146
21.1146
21.1146
21.1146
21.1146
21.0094
21.0094
21.0094
21.0651
21.0651
21.0651
21.0385
21.1198
20.9962
20.9962
20.9962
21.1198
21.1198
21.1198
21.1198
20.8955
20.8955
20.8955
20.8955
21.1032
21.1032
21.1032
21.0797
21.0797
21.0797
21.0797
21.0797
21.0797
21.1286
21.1286
21.1302
21.1302
21.0346
21.0346
21.0346
21.0346
21.0346
21.0346
21.0346
21.1302
21.1302
21.1302
21.1302
21.1302
21.1302
21.1385
21.1385
21.2239
21.2239
21.2239
21.0975
21.0975
21.0975
21.0975
21.0975
21.0975
21.0975
21.0975
21.1325
21.1325
21.1551
21.1608
21.1608
21.1608
21.1608
21.1608
21.2051
21.1349
21.2051
21.0767
21.1671
20.8561
20.8561
20.8561
20.8561
20.8561
20.8561
20.8561
20.8561
20.8561
20.8561
20.8561
20.8561
20.8561
20.8561
20.8561
20.957
20.957
21.04
21.04
21.04
21.04
21.0945
21.0945
21.1108
21.1108
21.0687
21.0687
20.9145
20.9145
20.9145
20.9145
20.9145
20.9145
20.996
21.0337
21.0337
21.1895
21.1895
21.2017
21.2017
21.2017
21.2017
21.2017
21.1188
21.1188
21.1188
21.1188
21.1188
21.1188
21.1188
21.1188
21.1188
21.1188
21.1188
21.0893
21.0893
21.0893
21.1479
21.1479
21.1479
21.1479
20.6636
20.6636
20.6553
20.6553
20.6553
20.6553
20.6553
20.6553
20.6206
20.6206
20.6206
20.6206
20.5472
21.1532
21.0502
21.0502
21.0502
21.1124
21.0729
21.0729
21.1559


-11.4033
-11.1093
-20.3396
15.2415
-0.0590018
5.65517
-9.7513
1.33104
-4.23513
-8.10925
13.1314
-5.94118
11.7894
9.07928
3.1711
8.56326
-15.7455
2.30307
-20.4896
8.10725
-10.1113
3.2771
0.915028
-4.28713
0.355011
6.87121
-6.6012
15.3035
0.471014
-14.9855

0.028

