-0.0225095
-0.0572273
-0.0844483
-0.246412
-0.246412
-0.246412
-0.246412
-0.294437
-0.294437
-0.294437
-0.464048
-0.464048
-0.464048
-0.464048
-0.464048
-0.516423
-0.516423
-0.516423
-0.516423
-0.516423
-0.542406
-0.542406
-0.542406
-0.542406
-0.542406
-0.621232
-0.621232
-0.621232
-0.621232
-0.621232
-0.621232
-0.621232
-0.621232
-0.621232
-0.674898
-0.674898
-0.674898
-0.674898
-0.674898
-0.674898
-0.674898
-0.674898
-0.674898
-0.674898
-0.674898
-0.674898
-0.674898
-0.710703
-0.724056
-0.724056
-0.724056
-0.724056
-0.724056
-0.724056
-0.724056
-0.724056
-0.771856
-0.788238
-0.788238
-0.788238
-0.788238
-0.815244
-0.815244
-0.815244
-0.815244
-0.831392
-0.831392
-0.831392
-0.831392
-0.831392
-0.831392
-0.831392
-0.831392
-0.831392
-0.831392
-0.831392
-0.831392
-0.834484
-0.834484
-0.834484
-0.835078
-0.84302
-0.843786
-0.843786
-0.843786
-0.843786
-0.843786
-0.846622
-0.850177
-0.850177
-0.850177
-0.852143
-0.852143
-0.852143
-0.852208
-0.861286
-0.861286
-0.861286
-0.861286
-0.861286
-0.861286
-0.874016
-0.874016
-0.874016
-0.874016
-0.874016
-0.874424
-0.874424
-0.874424
-0.874424
-0.874424
-0.874424
-0.875179
-0.877049
-0.877049
-0.877049
-0.877049
-0.877333
-0.889644
-0.889644
-0.889644
-0.889644
-0.889644
-0.889644
-0.889644
-0.889644
-0.889644
-0.889644
-0.89035
-0.89035
-0.89035
-0.89035
-0.89035
-0.89035
-0.89035
-0.891789
-0.891789
-0.891789
-0.891789
-0.904442
-0.904442
-0.904442
-0.904442
-0.904442
-0.908158
-0.908158
-0.908158
-0.908158
-0.908158
-0.909131
-0.909131
-0.909131
-0.909131
-0.909131
-0.909131
-0.909131
-0.909131
-0.909864
-0.909864
-0.910402
-0.910402
-0.910402
-0.910402
-0.91175
-0.91175
-0.91175
-0.91175
-0.91175
-0.91175
-0.91175
-0.91175
-0.912778
-0.912778
-0.912778
-0.912778
-0.912778
-0.912778
-0.913691
-0.913691
-0.914651
-0.914651
-0.914651
-0.914651
-0.914651
-0.91742
-0.91742
-0.91742
-0.91742
-0.91742
-0.918652
-0.918652
-0.918652
-0.918652
-0.918652
-0.922021
-0.924834
-0.924834
-0.924834
-0.924834
-0.924834
-0.924834
-0.924834
-0.925321
-0.925321
-0.925321
-0.925321
-0.925321
-0.925321
-0.927148
-0.931818
-0.931818
-0.931818
-0.931818
-0.931818
-0.931818
-0.931956
-0.932858
-0.932858
-0.932858
-0.932858
-0.932858
-0.932858
-0.932858
-0.932858
-0.932858
-0.932858
-0.932858
-0.932858
-0.932968
-0.932968
-0.932968
-0.932968
-0.943996
-0.943996
-0.943996
-0.943996
-0.943996
-0.943996
-0.943996
-0.943996
-0.943996
-0.943996
-0.943996
-0.943996
-0.943996
-0.943996
-0.943996
-0.943996
-0.943996
-0.943996
-0.943996
-0.945559
-0.945559
-0.945761
-0.945761
-0.945761
-0.946705
-0.946705
-0.946705
-0.946705
-0.946705
-0.946705
-0.946705
-0.946705
-0.946705
-0.946705
-0.947326
-0.947326
-0.947326
-0.947326
-0.949287
-0.949287
-0.95118
-0.95118
-0.95118
-0.95118
-0.95118
-0.95118
-0.951525
-0.951525
-0.951525
-0.951525
-0.951525
-0.953527
-0.953527
-0.953527
-0.956081
-0.956081
-0.956081
-0.956406
-0.956406
-0.959886
-0.959886
-0.959886
-0.959886
-0.959886
-0.959886
-0.959886
-0.959886
-0.959886
-0.959886
-0.959886
-0.959886
-0.959886
-0.963345
-0.963345
-0.963345
-0.963345
-0.963345
-0.963345
-0.963345
-0.963345
-0.963345
-0.963345
-0.963345
-0.963345
-0.963636
-0.967405
-0.967405
-0.967405
-0.967405
-0.967405
-0.967405
-0.967405
-0.967405
-0.967405
-0.967405
-0.967405
-0.967405
-0.967405
-0.967405
-0.967405
-0.967405
-0.967405
-0.967405
-0.967405
-0.967811
-0.970117
-0.970117
-0.970117
-0.970117
-0.970117
-0.970117
-0.970284
-0.970284
-0.970284
-0.970649
-0.970649
-0.970649
-0.970649
-0.970649
-0.970649
-0.970649
-0.970649
-0.970649
-0.970649
-0.970649
-0.970649
-0.970649
-0.970649
-0.970649
-0.970649
-0.970649
-0.970649
-0.970649
-0.970649
-0.975043
-0.975043
-0.975043
-0.975043
-0.975043
-0.975043
-0.975043
-0.975043
-0.975043
-0.975043
-0.975043
-0.975043
-0.975043
-0.975043
-0.975043
-0.975043
-0.975043
-0.97652
-0.97652
-0.97652
-0.97652
-0.97652
-0.97652
-0.97652
-0.97652
-0.97652
-0.97652
-0.97652
-0.97652
-0.97652
-0.97652
-0.97652
-0.97652
-0.97652
-0.97652
-0.97652
-0.97652
-0.97652
-0.97652
-0.97652
-0.97652
-0.97652
-0.97652
-0.97652
-0.97652
-0.97652
-0.976643
-0.976643
-0.976643
-0.976643
-0.976643
-0.976643
-0.976643
-0.976643
-0.976643
-0.976906
-0.976906
-0.976906
-0.976906
-0.976906
-0.976906
-0.976906
-0.976906
-0.977869
-0.977869
-0.977869
-0.977869
-0.977869
-0.977869
-0.977869
-0.977869
-0.977869
-0.977869
-0.977869
-0.977869
-0.977869
-0.977869
-0.977869
-0.977869
-0.977869
-0.977869
-0.979157
-0.979157
-0.979157
-0.979157
-0.979157
-0.979157
-0.979157
-0.979157
-0.979157
-0.979157
-0.979157
-0.979157
-0.979157
-0.979157
-0.979157
-0.979157
-0.979157
-0.979157
-0.979157
-0.979157
-0.979157
-0.979157
-0.979157
-0.979157
-0.979157
-0.979157
-0.979157
-0.979157
-0.979157
-0.979157
-0.979157
-0.979157
-0.979157
-0.979157
-0.979629
-0.979629
-0.97986
-0.980002
-0.980002
-0.980422
-0.980422
-0.980422
-0.980422
-0.980422
-0.980566
-0.980566
-0.980566
-0.980813
-0.981177
-0.982366
-0.982366
-0.982366
-0.982366
-0.982366
-0.982884
-0.982884
-0.982884
-0.982884
-0.982884
-0.982884
-0.983345
-0.983345
-0.983345
-0.983345
-0.983345
-0.983345
-0.98422
-0.98422
-0.98422
-0.98422
-0.98422
-0.98422
-0.98422
-0.984285
-0.984285
-0.984285
-0.984285
-0.984285
-0.984285
-0.984375
-0.984375
-0.984375
-0.984375
-0.984375
-0.984375
-0.984375
-0.984375
-0.98455
-0.98455
-0.98455
-0.98455
-0.98455
-0.98455
-0.984674
-0.984674
-0.984674
-0.984674
-0.984883
-0.984883
-0.984883
-0.984883
-0.984883
-0.984883
-0.984883
-0.984883
-0.984883
-0.984883
-0.984883
-0.984883
-0.984895
-0.984895
-0.984895
-0.984895
-0.984895
-0.984895
-0.984895
-0.987548
-0.987548
-0.987548
-0.987548
-0.987548
-0.987548
-0.987548
-0.987548
-0.987548
-0.987548
-0.987548
-0.987548
-0.987548
-0.987548
-0.987548
-0.987548
-0.987548
-0.987548
-0.987548
-0.987548
-0.987548
-0.987548
-0.987548
-0.987548
-0.987548
-0.987548
-0.987548
-0.988524
-0.988524
-0.988524
-0.988524
-0.988524
-0.988524
-0.988524
-0.988524
-0.988524
-0.988524
-0.98863
-0.98863
-0.98863
-0.98863
-0.98863
-0.988662
-0.988662
-0.988662
-0.988662
-0.988679
-0.988679
-0.989889
-0.989889
-0.989889
-0.989889
-0.989889
-0.989889
-0.989889
-0.989889
-0.989889
-0.989889
-0.989889
-0.990014
-0.990014
-0.990014
-0.990014
-0.990542
-0.990542
-0.990542
-0.990542
-0.990542
-0.990542
-0.990542
-0.990551
-0.990551
-0.990551
-0.990551
-0.990551
-0.990551
-0.990554
-0.990554
-0.990755
-0.990755
-0.990755
-0.990755
-0.990755
-0.990876
-0.990876
-0.990876
-0.990876
-0.990876
-0.990876
-0.990876
-0.990876
-0.990876
-0.990876
-0.990876
-0.990876
-0.990876
-0.991118
-0.991118
-0.991118
-0.991118
-0.991118
-0.991118
-0.991118
-0.991118
-0.991118
-0.991118
-0.991118
-0.991118
-0.991177
-0.991177
-0.991177
-0.991177
-0.991177
-0.991203
-0.991203
-0.991203
-0.991203
-0.991203
-0.991203
-0.991203
-0.991203
-0.991203
-0.991203
-0.991203
-0.991221
-0.991227
-0.991227
-0.991229
-0.99128
-0.99128
-0.99128
-0.99128
-0.99128
-0.99128
-0.991334
-0.991334
-0.991416
-0.991459
-0.991459
-0.991459
-0.991459
-0.991459
-0.991459
-0.991459
-0.991459
-0.991459
-0.991459
-0.991459
-0.991459
-0.991629
-0.991629
-0.991629
-0.991629
-0.991629
-0.991629
-0.991629
-0.991629
-0.991629
-0.991656
-0.991656
-0.991656
-0.991656
-0.991656
-0.992004
-0.992004
-0.992004
-0.992004
-0.992283
-0.992283
-0.992283
-0.992283
-0.992283
-0.992283
-0.992283
-0.992283
-0.992283
-0.992283
-0.992283
-0.992283
-0.992283
-0.992283
-0.992283
-0.992283
-0.992283
-0.992283
-0.992283
-0.992283
-0.992285
-0.992285
-0.992285
-0.992298
-0.992298
-0.992354
-0.992354
-0.992354
-0.992354
-0.992354
-0.992354
-0.992354
-0.992365
-0.992365
-0.992365
-0.992374
-0.99242
-0.99242
-0.99242
-0.99242
-0.99242
-0.99242
-0.99242
-0.99242
-0.992479
-0.992479
-0.992479
-0.992479
-0.992479
-0.992479
-0.992479
-0.992479
-0.992482
-0.992482
-0.992482
-0.992482
-0.992482
-0.992487
-0.99249
-0.99249
-0.99249
-0.99249
-0.992513
-0.992513
-0.992513
-0.992513
-0.992513
-0.992536
-0.992536
-0.992536
-0.992536
-0.992536
-0.992536
-0.992536
-0.992562
-0.992562
-0.992562
-0.992562
-0.992645
-0.992645
-0.992645
-0.992645
-0.992645
-0.992691
-0.992691
-0.992691
-0.992691
-0.992691
-0.992691
-0.992691
-0.992691
-0.992691
-0.992691
-0.992691
-0.992691
-0.992691
-0.992691
-0.992691
-0.992885
-0.992885
-0.992885
-0.992885
-0.992885
-0.992885
-0.992885
-0.992885
-0.992885
-0.992885
-0.992885
-0.992885
-0.992885
-0.992885
-0.992885
-0.992885
-0.99292
-0.993196
-0.993196
-0.993196
-0.993196
-0.993196
-0.993196
-0.993196
-0.993287
-0.993287
-0.993287
-0.993334
-0.993334
-0.993334
-0.993334
-0.993353
-0.993353
-0.993369
-0.993369
-0.993369
-0.993369
-0.993369
-0.993369
-0.993369
-0.993369
-0.993372
-0.993372
-0.993372
-0.993372
-0.993372
-0.993372
-0.993482
-0.993482
-0.993482
-0.993482
-0.993482
-0.993482
-0.993482
-0.993482
-0.993482
-0.993482
-0.993482
-0.993482
-0.993678
-0.993678
-0.993678
-0.993678
-0.993678
-0.993678
-0.993678
-0.993678
-0.993716
-0.993716
-0.993716
-0.993716
-0.993716
-0.993716
-0.993716
-0.993716
-0.993716
-0.993716
-0.993716
-0.993716
-0.993716
-0.99372
-0.99372
-0.99372
-0.99372
-0.993742
-0.993742
-0.993742
-0.993757
-0.993757
-0.993757
-0.993757
-0.993757
-0.993757
-0.993757
-0.993757
-0.993757
-0.993757
-0.993757
-0.993757
-0.993773
-0.993864
-0.993884
-0.993884
-0.993884
-0.993884
-0.993919
-0.993919
-0.993919
-0.993938
-0.993938
-0.993938
-0.993938
-0.993938
-0.993938
-0.993938
-0.993938
-0.993938
-0.993938
-0.993938
-0.993948
-0.993948
-0.993948
-0.993948
-0.993948
-0.993952
-0.994012
-0.994349
-0.994349
-0.994349
-0.994349
-0.994349
-0.994349
-0.994349
-0.994349
-0.994349
-0.994349
-0.994407
-0.994407
-0.994407
-0.994407
-0.994407
-0.994407
-0.994407
-0.994407
-0.994407
-0.994407
-0.994487
-0.994487
-0.994487
-0.994487
-0.994487
-0.994487
-0.994487
-0.994487
-0.994487
-0.994487
-0.994582
-0.994582
-0.994582
-0.994582
-0.994582
-0.994582
-0.994582
-0.994627
-0.994627
-0.994627
-0.994627
-0.994627
-0.994627
-0.994627
-0.994627
-0.994627
-0.994627
-0.994627
-0.994627
-0.994627
-0.994627
-0.994627
-0.994627
-0.994627
-0.994653
-0.99467
-0.99467
-0.99467
-0.99467
-0.99467
-0.99468
-0.994688
-0.994688
-0.994688
-0.994839
-0.994839
-0.994839
-0.994839
-0.994839
-0.994839
-0.994839
-0.994839
-0.994839
-0.994839
-0.994839
-0.994839
-0.994839
-0.994839
-0.994839
-0.994839
-0.994839
-0.994912
-0.994912
-0.994912
-0.994912
-0.994912
-0.995022
-0.995022
-0.995022
-0.995022
-0.995022
-0.995022
-0.995022
-0.995022
-0.995022
-0.995022
-0.995022
-0.995022
-0.995058
-0.995277
-0.995277
-0.995277
-0.995277
-0.995277
-0.995277
-0.995323
-0.995323
-0.995323
-0.995323
-0.995323
-0.995323
-0.995323
-0.995323
-0.995323
-0.995323
-0.995323
-0.995323
-0.995323
-0.995323
-0.995356
-0.995356
-0.995356
-0.995356
-0.995356
-0.995356
-0.995356
-0.995356
-0.995356
-0.995361
-0.995361
-0.995361
-0.995361
-0.995361
-0.995361
-0.995419
-0.995419
-0.995419
-0.995419
-0.995419
-0.995419
-0.995419
-0.995419
-0.995419
-0.995419
-0.995419
-0.995419
-0.995419
-0.995419
-0.995419
-0.995419
-0.995419
-0.995419
-0.995419
-0.995419
-0.995419
-0.995419
-0.995482
-0.995482
-0.995482
-0.995482
-0.995482
-0.995482
-0.995482
-0.995482
-0.995482
-0.995482
-0.995482
-0.995482
-0.995482
-0.995491
-0.995491
-0.995493
-0.995493
-0.995493
-0.995493
-0.995493
-0.995504
-0.99551
-0.99551
-0.995889
-0.995889
-0.995889
-0.995889
-0.995896
-0.995896
-0.995993
-0.996115
-0.996115
-0.996115
-0.996181
-0.996181
-0.996294
-0.996294
-0.996294
-0.996294
-0.996313
-0.996313
-0.996313
-0.996313
-0.996313
-0.996313
-0.996313
-0.996396
-0.996396
-0.996396
-0.996477
-0.996477
-0.996477
-0.996477
-0.996559
-0.996559
-0.996559
-0.996559
-0.996559
-0.996559
-0.996559
-0.996559
-0.996559
-0.996559
-0.996559
-0.996559
-0.996606
-0.996606
-0.996606
-0.996606
-0.99662
-0.99662
-0.996648
-0.996648
-0.996648
-0.996648
-0.996674
-0.996674
-0.996674
-0.996674
-0.996674
-0.996674
-0.996674
-0.996674
-0.996674
-0.996674
-0.996688
-0.996688
-0.996688
-0.996688
-0.996688
-0.996688
-0.996688
-0.996688
-0.996688
-0.996688
-0.996688
-0.996688
-0.996688
-0.996688
-0.996688
-0.996688
-0.996735
-0.996735
-0.996735
-0.996736
-0.996736
-0.996749
-0.996749
-0.996749
-0.996749
-0.996749
-0.996767
-0.996767
-0.996767
-0.996767
-0.996767
-0.996767
-0.996767
-0.996767
-0.996767
-0.996767
-0.996774
-0.996774
-0.996808
-0.996808
-0.996808
-0.996808
-0.996808
-0.996808
-0.996808
-0.996914
-0.996914
-0.996914
-0.996914
-0.996914
-0.996914
-0.996914
-0.996914
-0.996914
-0.996914
-0.996914
-0.996914
-0.996914
-0.996914
-0.996957
-0.996957
-0.996957
-0.996957
-0.996957
-0.996957
-0.99698
-0.99698
-0.99698
-0.99698
-0.99698
-0.99698
-0.99698
-0.99698
-0.99698
-0.99698
-0.99698
-0.99698
-0.996984
-0.997005
-0.997005
-0.997005
-0.997009
-0.997009
-0.997009
-0.997009
-0.997009
-0.997009
-0.997009
-0.997009
-0.997009
-0.997009
-0.997025
-0.997025
-0.997025
-0.997025
-0.997025
-0.997025
-0.997025
-0.997025
-0.997025
-0.997025
-0.997025
-0.997025
-0.997025
-0.997218
-0.997218
-0.997218
-0.997218
-0.997218
-0.997218
-0.997218
-0.997218
-0.997218
-0.997218
-0.997218
-0.997218
-0.997218
-0.997218
-0.997218
-0.997236
-0.997236
-0.997236
-0.997236
-0.997236
-0.997248
-0.997248
-0.997248
-0.997248
-0.997248
-0.997248
-0.997959
-0.997959
-0.997959
-0.997959
-0.997959
-0.997959
-0.997959
-0.997959
-0.997959
-0.997959
-0.997959
-0.997959
-0.997959
-0.997959
-0.997959
-0.997959
-0.997959
-0.997959
-0.997959
-0.997959
-0.997959
-0.997959
-0.997959
-0.997959
-0.997959
-0.997959
-0.997959
-0.997959
-0.997959
-0.997959
-0.997959
-0.997959
-0.997959
-0.997959
-0.997959
-0.997959
-0.997959
-0.997959
-0.997959
-0.997959
-0.99796
-0.99796
-0.99796
-0.99796
-0.997973
-0.997973
-0.997973
-0.997973
-0.997973
-0.997973
-0.997973
-0.997973
-0.997973
-0.997973
-0.997973
-0.997973
-0.997973
-0.997973
-0.997974
-0.997974
-0.997992
-0.997992
-0.997992
-0.997992
-0.997992
-0.997997
-0.997997
-0.997997
-0.998082
-0.998082
-0.998082
-0.998082
-0.998082
-0.998082
-0.998082
-0.998082
-0.998082
-0.998082
-0.998082
-0.998082
-0.998082
-0.998082
-0.998082
-0.998082
-0.998082
-0.998082
-0.998082
-0.998082
-0.998088
-0.998088
-0.998088
-0.998088
-0.998088
-0.998088
-0.998088
-0.998088
-0.998088
-0.998088
-0.998088
-0.998088
-0.998089
-0.998089
-0.998089
-0.998089
-0.998089
-0.998089
-0.998105
-0.998108
-0.998108
-0.998108
-0.998108
-0.998108
-0.998108
-0.998108
-0.998108
-0.998108
-0.998108
-0.998108
-0.998123
-0.998123
-0.998123
-0.998123
-0.998123
-0.998179
-0.998179
-0.998179
-0.998179
-0.998179
-0.998179
-0.998179
-0.998179
-0.998179
-0.998179
-0.998179
-0.998179
-0.99819
-0.99819
-0.99819
-0.99819
-0.99819
-0.998192
-0.998192
-0.998192
-0.998192
-0.998192
-0.99823
-0.99823
-0.99823
-0.99823
-0.99823
-0.998232
-0.998232
-0.998232
-0.998232
-0.998232
-0.998232
-0.998282
-0.998282
-0.998282
-0.998282
-0.998282
-0.998282
-0.998282
-0.998282
-0.998282
-0.998282
-0.998282
-0.998282
-0.998282
-0.998282
-0.998282
-0.998282
-0.998282
-0.998282
-0.998283
-0.998283
-0.998283
-0.998283
-0.998283
-0.998283
-0.998283
-0.998283
-0.998283
-0.998284
-0.998284
-0.998297
-0.998297
-0.998297
-0.998297
-0.998297
-0.998297
-0.99831
-0.998315
-0.998323
-0.998323
-0.998323
-0.998323
-0.998323
-0.998382
-0.998382
-0.998382
-0.998382
-0.998382
-0.998382
-0.998387
-0.998387
-0.998387
-0.998387
-0.998387
-0.998387
-0.998387
-0.998387
-0.998387
-0.998387
-0.998387
-0.998387
-0.998387
-0.998387
-0.998387
-0.998387
-0.998387
-0.998393
-0.998393
-0.998393
-0.998393
-0.998393
-0.998393
-0.998393
-0.998393
-0.998393
-0.998393
-0.998393
-0.998393
-0.99841
-0.99841
-0.99841
-0.998488
-0.998488
-0.998488
-0.998488
-0.998488
-0.998488
-0.998492
-0.998494
-0.998503
-0.998503
-0.998503
-0.998503
-0.998503
-0.998503
-0.998503
-0.998503
-0.998503
-0.998511
-0.998511
-0.998511
-0.998511
-0.998511
-0.998511
-0.998511
-0.998511
-0.998511
-0.998511
-0.998511
-0.998511
-0.998514
-0.998514
-0.998514
-0.998514
-0.998514
-0.998515
-0.998515
-0.998515
-0.998515
-0.998519
-0.998519
-0.998519
-0.998519
-0.998519
-0.998528
-0.998528
-0.998528
-0.99853
-0.99853
-0.99853
-0.99853
-0.99853
-0.99853
-0.99853
-0.99853
-0.99853
-0.99853
-0.99853
-0.99853
-0.99853
-0.99853
-0.99853
-0.99853
-0.99853
-0.998536
-0.998536
-0.998536
-0.998536
-0.998544
-0.998544
-0.998544
-0.998544
-0.998544
-0.998544
-0.998557
-0.998557
-0.998557
-0.998557
-0.998557
-0.998557
-0.998557
-0.998557
-0.998557
-0.998557
-0.998557
-0.998557
-0.998557
-0.998557
-0.998557
-0.998569
-0.998569
-0.998569
-0.998569
-0.998569
-0.998569
-0.998569
-0.998577
-0.998578
-0.998585
-0.998585
-0.998585
-0.998585
-0.998585
-0.998585
-0.998585
-0.998587
-0.998587
-0.998587
-0.998587
-0.998587
-0.998588
-0.998588
-0.998588
-0.998588
-0.998588
-0.998588
-0.998588
-0.998588
-0.998588
-0.998595
-0.998595
-0.998595
-0.998595
-0.998595
-0.998595
-0.998595
-0.998595
-0.998595
-0.998595
-0.998595
-0.998598
-0.998598
-0.998599
-0.998599
-0.998599
-0.998599
-0.998599
-0.998602
-0.998602
-0.998602
-0.998604
-0.998605
-0.998605
-0.998605
-0.998605
-0.998605
-0.998605
-0.998606
-0.998606
-0.998607
-0.998607
-0.998607
-0.998607
-0.998607
-0.998609
-0.998609
-0.998609
-0.998609
-0.998609
-0.998614
-0.998614
-0.998614
-0.998614
-0.998614
-0.998614
-0.998614
-0.998614
-0.998614
-0.998614
-0.998614
-0.998614
-0.998614
-0.998614
-0.998614
-0.998617
-0.998617
-0.998617
-0.998617
-0.998617
-0.998621
-0.998621
-0.998621
-0.998621
-0.998621
-0.998638
-0.998638
-0.998638
-0.998638
-0.998638
-0.998638
-0.998638
-0.998639
-0.998639
-0.998639
-0.998639
-0.998639
-0.998639
-0.998639
-0.998639
-0.998656
-0.998656
-0.998656
-0.998656
-0.998656
-0.998656
-0.998656
-0.998656
-0.998685
-0.998685
-0.998685
-0.998698
-0.998698
-0.998698
-0.998698
-0.998698
-0.998698
-0.998698
-0.998698
-0.998698
-0.998698
-0.998698
-0.998698
-0.99871
-0.99871
-0.99871
-0.99871
-0.99871
-0.99871
-0.998711
-0.998711
-0.998711
-0.998711
-0.998711
-0.998711
-0.998711
-0.998711
-0.998711
-0.998711
-0.998711
-0.998711
-0.998711
-0.998711
-0.998737
-0.998737
-0.998737
-0.998737
-0.998737
-0.998737
-0.998737
-0.998738
-0.998738
-0.998738
-0.998738
-0.998738
-0.998738
-0.998738
-0.998738
-0.998744
-0.998744
-0.998744
-0.998744
-0.998744
-0.998744
-0.998744
-0.998744
-0.998744
-0.998744
-0.998744
-0.998744
-0.998744
-0.998745
-0.998745
-0.998745
-0.998745
-0.998752
-0.998752
-0.998768
-0.998768
-0.998768
-0.998768
-0.998768
-0.998768
-0.998769
-0.998769
-0.998769
-0.998769
-0.998769
-0.998769
-0.998769
-0.998769
-0.998769
-0.998769
-0.998769
-0.998769
-0.998769
-0.998769
-0.998769
-0.998935
-0.998935
-0.998935
-0.998935
-0.998935
-0.998935
-0.998935
-0.998935
-0.998935
-0.998935
-0.998935
-0.998935
-0.998935
-0.998935
-0.998935
-0.998935
-0.998935
-0.998935
-0.998935
-0.998935
-0.998935
-0.998935
-0.998935
-0.998935
-0.998949
-0.998949
-0.998949
-0.998949
-0.998949
-0.998949
-0.998949
-0.998949
-0.998949
-0.998949
-0.998949
-0.998949
-0.998949
-0.99895
-0.99895
-0.99895
-0.99895
-0.99895
-0.99895
-0.99895
-0.99895
-0.99895
-0.99895
-0.99895
-0.99895
-0.99895
-0.99895
-0.99895
-0.99895
-0.99895
-0.99895
-0.99895
-0.99895
-0.998954
-0.998954
-0.998968
-0.998968
-0.998968
-0.998968
-0.998968
-0.998968
-0.998968
-0.998977
-0.998977
-0.998977
-0.998977
-0.998977
-0.998977
-0.998977
-0.998977
-0.998977
-0.998977
-0.998983
-0.998983
-0.998983
-0.998983
-0.998983
-0.998983
-0.998983
-0.998983
-0.998983
-0.998983
-0.998983
-0.998983
-0.998983
-0.998983
-0.998983
-0.998983
-0.998983
-0.998983
-0.998983
-0.998983
-0.998983
-0.998985
-0.998985
-0.998985
-0.998985
-0.998987
-0.999003
-0.999003
-0.999016
-0.999016
-0.999016
-0.999016
-0.999016
-0.999016
-0.999016
-0.999102
-0.999102
-0.999102
-0.999102
-0.999156
-0.999156
-0.999156
-0.999156
-0.999156
-0.999156
-0.999156
-0.999156
-0.999156
-0.999156
-0.999156
-0.999156
-0.999156
-0.999156
-0.999156
-0.999156
-0.999156
-0.999156
-0.999156
-0.999156
-0.999156
-0.999156
-0.999156
-0.999156
-0.999156
-0.999156
-0.999156
-0.999156


0.00333703
0.00267275
-0.000183832
-0.00147035
-0.00394609
-0.00409612
-0.00801757
-0.00694756
-0.00360386
-0.00170699
-0.00308738
-0.00205902
-0.00330155
-0.00781167
-0.00859531
-0.00908115
-0.013235
-0.0167333
-0.0115285
-0.00695697
-0.00535981
-0.00373037
-0.00237666
-0.00256662
-0.0061463
-0.00713178
-0.0104024
-0.0106895
-0.0153552
0.00522649

0.021

