0.715594
0.715594
0.715594
0.715594
0.706199
0.706199
0.706199
0.502414
0.502414
0.502414
0.502414
0.502414
0.502414
0.502414
0.502414
0.502414
0.502414
0.502414
0.2776
0.2776
0.2776
0.2776
0.2776
0.2776
0.2776
0.2776
0.2776
0.2776
0.2776
0.173127
0.173127
0.173127
0.173127
0.173127
0.173127
0.173127
0.173127
0.173127
0.173127
0.173127
0.157407
0.130924
0.130924
0.130924
0.130924
0.130924
0.130924
0.130924
0.130924
0.130924
0.130924
0.130924
0.130924
0.130924
0.130924
0.130924
0.130924
0.130924
0.130924
0.124129
0.124129
0.124129
0.124129
0.124129
0.124129
0.124129
0.124129
0.0974864
0.0974864
0.0974864
0.0974864
0.0974864
0.0974864
0.0974864
0.0974864
0.0974864
0.0974864
0.0974864
0.0974864
0.0974864
0.0974864
0.0974864
0.0974858
0.0974858
0.0974858
0.0974858
0.0974858
0.0974858
0.0974858
0.096796
0.096796
0.096796
0.096796
0.096796
0.096796
0.096796
0.096796
0.0966767
0.0966767
0.0966767
0.0966767
0.0966767
0.0966767
0.087697
0.087697
0.087697
0.087697
0.087697
0.087697
0.087697
0.087697
0.087697
0.087697
0.087697
0.087697
0.087697
0.087697
0.087697
0.087697
0.087697
0.087697
0.087697
0.087697
0.087697
0.0829817
0.0829817
0.0818905
0.0818905
0.0817902
0.0814776
0.0814776
0.0814776
0.0814776
0.0814776
0.0814776
0.0799471
0.0799471
0.0799471
0.0799471
0.0799471
0.0780538
0.0780538
0.0780538
0.0780538
0.0780538
0.0780538
0.0780538
0.0780538
0.0780538
0.0780538
0.0780538
0.0765232
0.0765232
0.0750403
0.0750403
0.0750403
0.0750403
0.0750403
0.0750403
0.0750403
0.0750403
0.0750403
0.0750403
0.0750403
0.0750403
0.0750403
0.0749142
0.0749142
0.0749142
0.0749142
0.0749142
0.0749142
0.0749142
0.0681826
0.0681826
0.0681826
0.0681826
0.0681826
0.0681826
0.0681826
0.0681826
0.0681826
0.0681826
0.0681826
0.0681826
0.0681826
0.0666997
0.0666997
0.0666997
0.0544863
0.0544863
0.0544863
0.0544863
0.0544863
0.0544863
0.0544863
0.0544863
0.0544863
0.0544863
0.0544863
0.0542185
0.0542185
0.0542185
0.0542185
0.0542185
0.0542185
0.0542185
0.0542185
0.0542185
0.0542185
0.0542185
0.0542185
0.0542185
0.0542185
0.0542185
0.0542185
0.0484459
0.0484459
0.0484459
0.0484459
0.0484459
0.0484459
0.0484459
0.0484459
0.0484459
0.0484459
0.0484459
0.0484459
0.0484459
0.0484459
0.0484459
0.0484459
0.0484459
0.0469631
0.0469631
0.0469631
0.0469631
0.0469631
0.0469631
0.0469631
0.0469631
0.0469631
0.0469631
0.0469631
0.0469631
0.0469631
0.0469631
0.0469631
0.0469631
0.0469631
0.0469631
0.0469631
0.046837
0.046837
0.046837
0.046837
0.0332849
0.0332849
0.0332849
0.0332849
0.0332849
0.0332849
0.0332849
0.0154909
0.0154909
0.0154909
0.0154909
0.0154909
0.0154909
0.0154909
0.0154909
0.0154909
0.0154909
0.0154909
0.0154909
0.0154909
0.0154909
0.0154909
0.0154909
0.0154909
0.0154909
0.0154909
0.0154909
0.0154909
0.0154909
0.0154909
0.0154909
0.0154909
0.0154909
0.0154909
0.0154909
0.0154171
0.0154171
0.0154171
0.0154171
0.0154171
0.0154171
0.0154171
0.0154171
0.015248
0.015248
0.015248
0.015248
0.015248
0.015248
0.015248
0.015248
0.015248
0.015248
0.015248
0.015248
0.015248
0.015248
0.015248
0.015248
0.015248
0.015248
0.015248
0.015248
0.015248
0.015248
0.0151899
0.0151219
0.0151219
0.0151219
0.0151219
0.0151219
0.0151219
0.0151219
0.0151219
0.0151219
0.0151219
0.0151219
0.0151219
0.0151219
0.0151219
0.0151219
0.0151219
0.0151219
0.014947
0.014947
0.014947
0.014947
0.014947
0.014947
0.014947
0.0149469
0.0149469
0.0149469
0.0149469
0.0149469
0.0149469
0.0149469
0.0149469
0.0149469
0.0149469
0.0149469
0.0149469
0.0148209
0.0148209
0.0148209
0.0148209
0.0148209
0.0148209
0.0148209
0.0148209
0.0148209
0.0148209
0.0148209
0.0148209
0.0148209
0.0148209
0.0148209
0.0148209
0.0148209
0.0148209
0.0148209
0.0148209
0.0148209
0.0148209
0.0148209
0.0148209
0.0148209
0.0148209
0.0148209
0.0148209
0.0148209
0.0148209
0.0148209
0.0148209
0.0148209
0.0148209
0.0148209
0.0144138
0.0144138
0.0144138
0.0144138
0.0144138
0.0144138
0.0144138
0.0141128
0.0141128
0.0141128
0.0141128
0.0141128
0.0141128
0.0141128
0.0141128
0.0141128
0.0141128
0.0141128
0.0141128
0.0141128
0.0141128
0.0141128
0.0141128
0.0141128
0.0141128
0.0141128
0.0141128
0.0141128
0.0141128
0.0141128
0.0141128
0.0141128
0.0141128
0.0141128
0.0141128
0.0141128
0.0141128
0.0141128
0.0141128
0.0131876
0.0131876
0.0131876
0.0131876
0.0131876
0.0131475
0.0131475
0.0131475
0.0131475
0.0124794
0.0124794
0.0124794
0.0124794
0.0124794
0.0124794
0.0124794
0.0124794
0.0124794
0.0124794
0.0124794
0.0124794
0.0123917
0.0123917
0.0123917
0.0123917
0.0123917
0.0123917
0.0121488
0.0121488
0.0121488
0.0121488
0.0121488
0.0121488
0.0121488
0.0121488
0.0121488
0.0121488
0.0121488
0.0121488
0.0121488
0.0121488
0.0121488
0.0121488
0.0121488
0.0121488
0.0121488
0.0121488
0.0121488
0.0121488
0.0121488
0.0121488
0.0121488
0.0121488
0.0121488
0.0121488
0.0121488
0.0121488
0.0121088
0.0121088
0.0121088
0.0121088
0.0121088
0.0121088
0.0121088
0.0121088
0.0121088
0.0121088
0.0121088
0.0120714
0.0120714
0.0120714
0.0120714
0.0120714
0.0120714
0.0120714
0.0120714
0.0120714
0.0120714
0.0120714
0.0120714
0.0120714
0.0120714
0.0120714
0.0120714
0.0120714
0.0120714
0.0120714
0.0120714
0.0120714
0.0120714
0.0120714
0.0120714
0.0120714
0.0120714
0.0120714
0.0120714
0.0120714
0.0120714
0.0120714
0.0120714
0.0120714
0.0120714
0.0120714
0.0120714
0.0120714
0.0120714
0.0120714
0.0120714
0.0120714
0.0120714
0.0120714
0.0120714
0.0120714
0.0120714
0.0120714
0.0120714
0.0120714
0.0120714
0.0120714
0.0120714
0.0120533
0.0120435
0.0120435
0.0120435
0.0120435
0.0120435
0.0120435
0.0120435
0.0120435
0.0120435
0.0119885
0.0119885
0.0119885
0.0119885
0.0119885
0.0100387
0.0100387
0.0100387
0.0100387
0.0100387
0.0100387
0.00840542
0.00840542
0.00840542
0.00840542
0.00840542
0.00840542
0.00840542
0.00824513
0.00824513
0.00824513
0.00824513
0.00824513
0.00824513
0.00824513
0.00824513
0.00824513
0.00824513
0.00824513
0.00824513
0.00824513
0.00824513
0.00824513
0.00824513
0.00824513
0.00824513
0.00824513
0.00824513
0.00824513
0.00824513
0.00824513
0.00824513
0.00824513
0.00824513
0.00824513
0.00824513
0.00824513
0.00824513
0.00824513
0.00824513
0.00824513
0.00824513
0.00824513
0.00824513
0.00824513
0.00824513
0.00824513
0.00824513
0.00824513
0.00824513
0.00824513
0.00824513
0.00824513
0.00824513
0.00824513
0.00824513
0.00824513
0.00824513
0.00824513
0.00824513
0.00824513
0.00824513
0.00824513
0.00824513
0.00824513
0.00824513
0.00824513
0.00824513
0.00824513
0.00824513
0.00824513
0.00824513
0.00824513
0.00824513
0.00824513
0.00824513
0.00824513
0.00824513
0.00822701
0.00822701
0.00822701
0.00822701
0.00822701
0.00822701
0.00822701
0.00822701
0.00822701
0.00821722
0.00821722
0.00821722
0.00821722
0.00821722
0.00821722
0.00821722
0.00821722
0.00821722
0.00821722
0.00821722
0.00821722
0.00821722
0.00821722
0.00821722
0.00821722
0.00821722
0.00821722
0.00821722
0.00821722
0.0081656
0.0081656
0.0081656
0.0081656
0.0081377
0.0081377
0.0081377
0.0081377
0.0081377
0.0081377
0.0081377
0.0081377
0.0081377
0.0081377
0.0081377
0.0081377
0.0081377
0.0081377
0.0081377
0.0081377
0.0081377
0.0081377
0.0081377
0.0081377
0.0081377
0.0081377
0.0081377
0.0081377
0.0081377
0.0081377
0.0081377
0.0081377
0.0081377
0.0081377
0.0081377
0.0081377
0.0081377
0.0081377
0.0081377
0.0081377
0.0081377
0.0081377
0.0081377
0.0081377
0.0081377
0.0081377
0.0081377
0.0081377
0.0081377
0.0081377
0.0081377
0.0081377
0.00799082
0.00799082
0.00799082
0.00799082
0.00799082
0.00799082
0.00799082
0.00799082
0.00799082
0.00799082
0.00791129
0.00791129
0.00791129
0.00791129
0.00791129
0.00791129
0.00791129
0.00791129
0.00791129
0.00791129
0.00791129
0.00791129
0.00791129
0.00791129
0.00791129
0.00791129
0.00791129
0.00791129
0.00791129
0.00791129
0.00749456
0.00749456
0.00726816
0.00726816
0.00726816
0.00726816
0.00726816
0.00726816
0.00726816
0.00726816
0.00726816
0.00726816
0.00726816
0.00726816
0.00726816
0.00726816
0.00726816
0.00609241
0.00609241
0.00609241
0.00609241
0.00609241
0.00544928
0.00544928
0.00544928
0.00544928
0.00544928
0.00544928
0.00544928
0.00544928
0.00544928
0.00544928
0.00544928
0.00544928
0.00544928
0.00544928
0.00544928
0.00544928
0.00544928
0.00544928
0.00544928
0.00544928
0.00544928
0.00544928
0.00544928
0.00544928
0.00544928
0.00544928
0.00544928
0.00544928
0.00544928
0.00544928
0.00544928
0.00544928
0.00544928
0.00544928
0.00544928
0.00544928
0.00544928
0.00544928
0.00544928
0.00544928
0.00544928
0.00544928
0.00544928
0.00544928
0.00544928
0.00544928
0.00544928
0.00544928
0.00544928
0.00544928
0.00544928
0.00544928
0.00544928
0.00544928
0.00544928
0.00544928
0.00544928
0.00544928
0.00544928
0.00544928
0.00544928
0.00544928
0.00544928
0.00544928
0.00544928
0.00544928
0.00544928
0.00544928
0.00544928
0.00544928
0.00544928
0.00544928
0.00544928
0.00544928
0.00544928
0.00544928
0.00544928
0.00544928
0.00216881
0.00216881
0.00216881
0.00216881
0.00216881
0.00216881
0.00216881
0.00216881
0.00216881
0.00034993
0.00034993
0.00034993
0.000349929
0.000349929
0.000349929
0.000349929
0.000349929
0.000349929
0.000349929
0.000349929
0.000349929
0.000349929
0.000349929
0.000349929
0.000349929
0.000349929
0.000349929
0.000349929
0.000349929
0.000349929
0.000349929
0.000349929
0.000349929
0.000349929
0.000349929
0.000349929
0.000349929
0.000349929
0.000349929
0.000349929
0.000349929
0.000349929
0.000349929
0.000349929
0.000349929
0.000349929
0.000349929
0.000349929
0.000349929
0.000349929
0.000349929
0.000349929
0.000349929
0.000349929
0.000349929
0.000349929
0.000349929
0.000349929
0.000349929
0.000349929
0.000349929
0.000349929
0.000349929
0.000349929
0.000349929
0.000349929
0.000349929
0.000349929
0.000349929
0.000349929
0.000349929
0.000349929
0.000349929
0.000349929
0.000349929
0.000349929
0.000349929
0.000349929
0.000349929
0.000349929
0.000349929
0.000349929
0.000349929
0.000349929
0.000349929
0.000349929
0.000349929
0.000349929
0.000349929
0.000349929
0.000349929
0.000349929
0.000349929
0.000349929
0.000349929
0.000349929
0.000349929
0.000349929
0.000349929
0.000349929
0.000349929
0.000349929
0.000349929
0.000349929
0.000349929
0.000349929
0.000349929
0.000349929
0.000349929
0.000349929
0.000349929
0.000349929
0.000349929
0.000349929
0.000349929
0.000349929
0.000349929
0.000349929
0.000349929
0.000349929
0.000349929
0.000349929
0.000349929
0.000349929
0.000349929
0.000349929
0.000349929
0.000349929
0.000349929
0.000349929
0.000349929
0.000349929
0.000349929
0.000349929
0.000349929
0.000349929
0.000349929
0.000349929
0.000349929
0.000349929
0.000349929
0.000349929
0.000349929
0.000349929
0.000349929
0.000349929
0.000349929
0.000349929
0.000349929
0.000349929
0.000349929
0.000349929
0.000349929
0.000349929
0.000349929
0.000349929
0.000349929
0.000349929
0.000349929
0.000349929
0.000349929
0.000349929
0.000349929
0.000349929
0.000349929
0.000349929
0.000349929
0.000349929
0.000349929
0.000349929
0.000349929
0.000349929
0.000349929
0.000349929
0.000349929
0.000349929
0.000349929
0.000349929
0.000349929
0.000349929
0.000349929
0.000349929
0.000349929
0.000349929
0.000349929
0.000349929
0.000349929
0.000349929
0.000349929
0.000349929
0.000349929
0.000349929
0.000349929
0.000349929
0.000349929
0.000349929
0.000349929
0.000349929
0.000349929
0.000349929
0.000349929
0.000349929
0.000349929
0.000349929
0.000349929
0.000349929
0.000349929
0.000349929
0.000349929
0.000349929
0.000349929
0.000349929
0.000349929
0.000349929
0.000349929
0.000349929
0.000349929
0.000349929
0.000349929
0.000349929
0.000349929
0.000349929
0.000349929
0.000349929
0.000349929
0.000349929
0.000349929
0.000349929
0.000349929
0.000349929
0.000349929
0.000349929
0.000349929
0.000349929
0.000349929
0.000349929
0.000349929
0.000349929
0.000349929
0.000349929
0.000349929
0.000349929
0.000349929
0.000349929
0.000349929
0.000349929
0.000349929
0.000349929
0.000349929
0.000349929
0.000349929
0.000349929
0.000349929
0.000349929
0.000349929
0.000349929
0.000349929
0.000349929
0.000349929
0.000349929
0.000349929
0.000349929
0.000349929
0.000349929
0.000349929
0.000349929
0.000349929
0.000349929
0.000349929
0.000349929
0.000349929
0.000349929
0.000349929
0.000349929
0.000349929
0.000349929
0.000349929
0.000349929
0.000349929
0.000349929
0.000349929
0.000349929
0.000349929
0.000349929
0.000349929
0.000349929
0.000349929
0.000349929
0.000349929
0.000349929
0.000349929
0.000349929
0.000349929
0.000349929
0.000349929
0.000349929
0.000349929
0.000349929
0.000349929
0.000349929
0.000349929
0.000349929
0.000349929
0.000349929
0.000349929
0.000349929
0.000349929
0.000349929
0.000349929
0.000349929
0.000349929
0.000349929
0.000349929
0.000349929
0.000349929
0.000349929
0.000349929
0.000349929
0.000349929
0.000349929
0.000349929
0.000349929
0.000349929
0.000349929
0.000349929
0.000349929
0.000349929
0.000349929
0.000349929
0.000349929
0.000349929
0.000349929
0.000349929
0.000349929
0.000349929
0.000349929
0.000349929
0.000349929
0.000349929
0.000349929
0.000349929
0.000349929
0.000349929
0.000349929
0.000349929
0.000349929
0.000349929
0.000349929
0.000349929
0.000349929
0.000349929
0.000349929
0.000349929
0.000349929
0.000349929
0.000349929
0.000349929
0.000349929
0.000349929
0.000349929
0.000349929
0.000349929
0.000349929
0.000349929
0.000349929
0.000349929
0.000349929
0.000349929
0.000349929
0.000349929
0.000349929
0.000349929
0.000349929
0.000349929
0.000349929
0.000349929
0.000349929
0.000349929
0.000349929
0.000349929
0.000349929
0.000349929
0.000349929
0.000349929
0.000349929
0.000349929
0.000349929
0.000349929
0.000349929
0.000349929
0.000349929
0.000349929
0.000349929
0.000349929
0.000349929
0.000349929
0.000349929
0.000349929
0.000349929
0.000349929
0.000349929
0.000349929
0.000349929
0.000349929
0.000349929
0.000349929
0.000349929
0.000349929
0.000349929
0.000349929
0.000349929
0.000349929
0.000349929
0.000349929
0.000349929
0.000349929
0.000349929
0.000349929
0.000349929
0.000349929
0.000349929
0.000349929
0.000349929
0.000349929
0.000349929
0.000349929
0.000349929
0.000349929
0.000349929
0.000349929
0.000349929
0.000349929
0.000349929
0.000349929
0.000349929
0.000349929
0.000349929
0.000349929
0.000349929
0.000349929
0.000349929
0.000349929
0.000349929
0.000349929
0.000349929
0.000349929
0.000349929
0.000349929
0.000349929
0.000349929
0.000349929
0.000349929
0.000349929
0.000349929
0.000349929
0.000349929
0.000349929
0.000349929
0.000349929
0.000349929
0.000349929
0.000349929
0.000349929
0.000349929
0.000349929
0.000349929
0.000349929
0.000349929
0.000349929
0.000349929
0.000349929
0.000349929
0.000349929
0.000349929
0.000349929
0.000349929
0.000349929
0.000349929
0.000349929
0.000349929
0.000349929
0.000349929
0.000349929
0.000349929
0.000349929
0.000349929
0.000349929
0.000349929
0.000349929
0.000349929
0.000349929
0.000349929
0.000349929
0.000349929
0.000349929
0.000349929
0.000349929
0.000349929
0.000349929
0.000349929
0.000349929
0.000349929
0.000349929
0.000349929
0.000349929
0.000349929
0.000349929
0.000349929
0.000349929
0.000349929
0.000349929
0.000349929
0.000349929
0.000349929
0.000349929
0.000349929
0.000349929
0.000349929
0.000349929
0.000349929
0.000349929
0.000349929
0.000349929
0.000349929
0.000349929
0.000349929
0.000349929
0.000349929
0.000349929
0.000349929
0.000349929
0.000349929
0.000349929
0.000349929
0.000349929
0.000349929
0.000349929
0.000349929
0.000349929
0.000349929
0.000349929
0.000349929
0.000349929
0.000349929
0.000349929
0.000349929
0.000349929
0.000349929
0.000349929
0.000349929
0.000349929
0.000349929
0.000349929
0.000349929
0.000349929
0.000349929
0.000349929
0.000349929
0.000349929
0.000349929
0.000349929
0.000349929
0.000349929
0.000349929
0.000349929
0.000349929
0.000349929
0.000349929
0.000349929
0.000349929
0.000349929
0.000349929
0.000349929
0.000349929
0.000349929
0.000349929
0.000349929
0.000349929
0.000349929
0.000349929
0.000349929
0.000349929
0.000349929
0.000349929
0.000349929
0.000349929
0.000349929
0.000349929
0.000349929
0.000349929
0.000349929
0.000349929
0.000349929
0.000349929
0.000349929
0.000349929
0.000349929
0.000349929
0.000349929
0.000349929
0.000349929
0.000349929
0.000349929
0.000349929
0.000349929
0.000349929
0.000349929
0.000349929
0.000349929
0.000349929
0.000349929
0.000349929
0.000349929
0.000349929
0.000349929
0.000349929
0.000349929
0.000349929
0.000349929
0.000349929
0.000349929
0.000349929
0.000349929
0.000349929
0.000349929
0.000349929
0.000349929
0.000349929
0.000349929
0.000349929
0.000349929
0.000349929
0.000349929
0.000349929
0.000349929
0.000349929
0.000349929
0.000349929
0.000349929
0.000349929
0.000349929
0.000349929
0.000349929
0.000349929
0.000349929
0.000349929
0.000349929
0.000349929
0.000349929
0.000349929
0.000349929
0.000349929
0.000349929
0.000349929
0.000349929
0.000349929
0.000349929
0.000349929
0.000349929
0.000349929
0.000349929
0.000349929
0.000349929
0.000349929
0.000349929
0.000349929
0.000349929
0.000349929
0.000349929
0.000349929
0.000349929
0.000349929
0.000349929
0.000349929
0.000349929
0.000349929
0.000349929
0.000349929
0.000349929
0.000349929
0.000349929
0.000349929
0.000349929
0.000349929
0.000349929
0.000349929
0.000349929
0.000349929
0.000349929
0.000349929
0.000349929
0.000349929
0.000349929
0.000349929
0.000349929
0.000349929
0.000349929
0.000349929
0.000349929
0.000349929
0.000349929
0.000349929
0.000349929
0.000349929
0.000349929
0.000349929
0.000349929
0.000349929
0.000349929
0.000349929
0.000349929
0.000349929
0.000349929
0.000349929
0.000349929
0.000349929
0.000349929
0.000349929
0.000349929
0.000349929
0.000349929
0.000349929
0.000349929
0.000349929
0.000349929
0.000349929
0.000349929
0.000349929
0.000349929
0.000349929
0.000349929
0.000349929
0.000349929
0.000349929
0.000349929
0.000349929
0.000349929
0.000349929
0.000349929
0.000349929
0.000349929
0.000349929
0.000349929
0.000349929
0.000349929
0.000349929
0.000349929
0.000349929
0.000349929
0.000349929
0.000349929
0.000349929
0.000349929
0.000349929
0.000349929
0.000349929
0.000349929
0.000349929
0.000349929
0.000349929
0.000349929
0.000349929
0.000349929
0.000349929
0.000349929
0.000349929
0.000349929
0.000349929
0.000349929
0.000349929
0.000349929
0.000349929
0.000349929
0.000349929
0.000349929
0.000349929
0.000349929
0.000349929
0.000349929
0.000349929
0.000349929
0.000349929
0.000349929
0.000349929
0.000349929
0.000349929
0.000349929
0.000349929
0.000349929
0.000349929
0.000349929
0.000349929
0.000349929
0.000349929
0.000349929
0.000349929
0.000349929
0.000349929
0.000349929
0.000349929
0.000349929
0.000349929
0.000349929
0.000349929
0.000349929
0.000349929
0.000349929
0.000349929
0.000349929
0.000349929
0.000349929
0.000349929
0.000349929
0.000349929
0.000349929
0.000349929
0.000349929
0.000349929
0.000349929
0.000349929
0.000349929
0.000349929
0.000349929
0.000349929
0.000349929
0.000349929
0.000349929
0.000349929
0.000349929
0.000349929
0.000349929
0.000349929
0.000349929
0.000349929
0.000349929
0.000349929
0.000349929
0.000349929
0.000349929
0.000349929
0.000349929
0.000349929
0.000349929
0.000349929
0.000349929
0.000349929
0.000349929
0.000349929
0.000349929
0.000349929
0.000349929
0.000349929
0.000349929
0.000349929
0.000349929
0.000349929
0.000349929
0.000349929
0.000349929
0.000349929
0.000349929
0.000349929
0.000349929
0.000349929
0.000349929
0.000349929
0.000349929
0.000349929
0.000349929
0.000349929
0.000349929
0.000349929
0.000349929
0.000349929
0.000349929
0.000349929
0.000349929
0.000349929
0.000349929
0.000349929
0.000349929
0.000349929
0.000349929
0.000349929
0.000349929
0.000349929
0.000349929
0.000349929
0.000349929
0.000349929
0.000349929
0.000349929
0.000349929
0.000349929
0.000349929
0.000349929
0.000349929
0.000349929
0.000349929
0.000349929
0.000349929
0.000349929
0.000349929
0.000349929
0.000349929
0.000349929
0.000349929
0.000349929
0.000349929
0.000349929
0.000349929
0.000349929
0.000349929
0.000349929
0.000349929
0.000349929
0.000349929
0.000349929
0.000349929
0.000349929
0.000349929
0.000349929
0.000349929
0.000349929
0.000349929
0.000349929
0.000349929
0.000349929
0.000349929
0.000349929
0.000349929
0.000349929
0.000349929
0.000349929
0.000349929
0.000349929
0.000349929
0.000349929
0.000349929
0.000349929
0.000349929
0.000349929
0.000349929
0.000349929
0.000349929
0.000349929
0.000349929
0.000349929
0.000349929
0.000349929
0.000349929
0.000349929
0.000349929
0.000349929
0.000349929
0.000349929
0.000349929
0.000349929
0.000349929
0.000349929
0.000349929
0.000349929
0.000349929
0.000349929
0.000349929
0.000349929
0.000349929
0.000349929
0.000349929
0.000349929
0.000349929
0.000349929
0.000349929
0.000349929
0.000349929
0.000349929
0.000349929
0.000349929
0.000349929
0.000349929
0.000349929
0.000349929
0.000349929
0.000349929
0.000349929
0.000349929
0.000349929
0.000349929
0.000349929
0.000349929
0.000349929
0.000349929
0.000349929
0.000349929
0.000349929
0.000349929
0.000349929
0.000349929
0.000349929
0.000349929
0.000349929
0.000349929
0.000349929
0.000349929
0.000349929
0.000349929
0.000349929
0.000349929
0.000349929
0.000349929
0.000349929
0.000349929
0.000349929
0.000349929
0.000349929
0.000349929
0.000349929
0.000349929
0.000349929
0.000349929
0.000349929
0.000349929
0.000349929
0.000349929
0.000349929
0.000349929
0.000349929
0.000349929
0.000349929
0.000349929
0.000349929
0.000349929
0.000349929
0.000349929
0.000349929
0.000349929
0.000349929
0.000349929
0.000349929
0.000349929
0.000349929
0.000349929
0.000349929
0.000349929
0.000349929
0.000349929
0.000349929
0.000349929
0.000349929
0.000349929
0.000349929
0.000349929
0.000349929
0.000349929
0.000349929
0.000349929
0.000349929
0.000349929
0.000349929
0.000349929
0.000349929
0.000349929
0.000349929
0.000349929
0.000349929
0.000349929
0.000349929
0.000349929
0.000349929
0.000349929
0.000349929
0.000349929
0.000349929
0.000349929
0.000349929
0.000349929
0.000349929
0.000349929
0.000349929
0.000349929
0.000349929
0.000349929
0.000349929
0.000349929
0.000349929
0.000349929
0.000349929
0.000349929
0.000349929
0.000349929
0.000349929
0.000349929
0.000349929
0.000349929
0.000349929
0.000349929
0.000349929
0.000349929
0.000349929
0.000349929
0.000349929
0.000349929
0.000349929
0.000349929
0.000349929
0.000349929
0.000349929
0.000349929
0.000349929
0.000349929
0.000349929
0.000349929
0.000349929
0.000349929
0.000349929
0.000349929
0.000349929
0.000349929
0.000349929
0.000349929
0.000349929
0.000349929
0.000349929
0.000349929
0.000349929
0.000349929
0.000349929
0.000349929
0.000349929
0.000349929
0.000349929
0.000349929
0.000349929
0.000349929
0.000349929
0.000349929
0.000349929
0.000349929
0.000349929


0.0102237
0.0102237
0.0645466
-0.179479
-0.179479
-0.179479
-0.179479
-0.179479
-0.179479
-0.179479
-0.179479
-0.179479
-0.179479
0.235267
0.235267
0.235267
0.235267
0.235267
0.235267
-0.284219
-0.284219
-0.284219
-0.284219
-0.284219
-0.284219
-0.284219
-0.284219
-0.284219
-0.284219
0.159154

0.023

