1.46108e+09
1.46108e+09
1.46108e+09
1.46108e+09
1.46108e+09
1.27531e+09
7.7187e+06
7.7187e+06
11052.4
11052.4
11052.4
11052.4
2110.8
2110.8
2110.8
2110.8
2110.8
2110.8
1406.65
1406.65
1406.65
1406.65
1406.65
1406.65
1406.65
1406.65
1406.65
1406.65
1406.65
1406.65
1406.65
1406.65
1406.65
1406.65
1406.65
1406.65
1406.65
1406.65
1406.65
1406.65
1406.65
1406.65
345.193
345.193
345.193
345.193
345.193
345.193
345.193
345.193
345.193
345.193
345.193
345.193
345.193
345.193
345.193
345.193
345.193
339.317
339.317
339.317
339.317
339.317
339.317
339.317
339.317
339.317
339.317
339.317
339.317
339.317
339.317
339.317
339.317
339.317
339.317
339.317
339.317
316.288
316.288
316.288
316.288
316.288
316.288
316.288
316.288
316.288
316.288
316.288
316.288
316.288
316.288
316.288
316.288
316.288
316.288
316.288
316.288
316.288
316.288
316.288
316.288
316.288
316.288
316.288
316.288
316.288
316.288
316.288
316.288
316.288
316.288
316.288
316.288
316.288
316.288
316.288
316.288
316.288
316.288
316.288
316.288
316.288
316.288
316.288
316.288
316.288
316.288
316.288
316.288
316.288
316.288
316.288
314.905
314.905
314.905
314.905
314.905
314.905
314.905
314.905
314.905
310.995
310.995
310.995
310.995
310.995
310.995
292.931
292.931
292.931
292.931
292.931
292.931
292.931
292.931
292.931
292.931
292.931
292.931
292.931
292.931
292.931
292.931
292.931
292.931
292.931
292.931
292.931
292.931
292.931
292.931
292.931
292.931
292.931
292.931
292.931
292.931
292.931
292.931
292.931
292.931
292.931
292.931
292.931
292.931
289.584
289.584
289.584
289.584
289.584
289.584
289.584
289.584
289.584
289.584
289.584
289.584
289.584
289.584
289.584
289.584
289.584
289.584
289.584
289.584
289.584
289.584
289.584
289.584
289.584
289.584
289.584
289.584
289.584
289.584
289.584
289.584
289.584
289.584
289.584
289.584
289.584
289.584
289.584
289.584
289.584
289.584
289.584
289.584
289.584
289.584
289.584
289.584
289.584
289.584
289.584
289.584
289.584
289.584
289.584
289.584
289.584
289.584
289.584
289.584
289.584
289.584
289.584
289.584
289.584
289.584
289.584
289.584
289.584
289.584
289.584
289.584
289.584
289.584
289.584
289.584
289.584
289.584
289.584
289.584
289.584
289.584
289.584
289.584
289.584
289.584
289.584
289.584
289.584
289.584
289.584
289.584
282.35
282.35
282.35
282.35
282.35
282.35
282.35
282.35
282.35
282.35
282.35
282.35
282.35
282.35
282.35
282.35
282.35
282.35
282.35
282.35
282.35
282.35
282.35
282.35
282.35
282.35
282.35
282.35
282.35
282.35
282.35
282.35
282.35
282.35
282.35
282.35
282.35
282.35
282.35
282.35
282.35
282.35
282.35
282.35
282.35
282.35
282.35
282.35
282.35
282.35
282.35
282.35
282.35
282.35
282.35
282.35
282.35
282.35
282.35
282.35
282.35
282.35
282.35
282.35
282.35
282.35
282.35
282.35
282.35
282.35
282.35
282.35
282.35
282.35
282.35
282.35
282.35
282.35
282.35
282.35
282.35
282.35
282.35
282.35
282.35
282.35
282.35
282.35
282.35
282.35
282.35
282.35
282.35
282.35
268.561
268.561
268.561
268.561
268.561
268.561
268.561
268.561
268.561
268.561
268.561
268.561
268.561
268.561
268.561
268.561
268.561
268.561
268.561
268.561
268.561
268.561
268.561
268.561
268.561
268.561
268.561
268.561
268.561
268.561
268.561
268.561
268.561
268.561
268.561
268.561
268.561
268.561
268.561
268.561
268.561
268.561
268.561
268.561
268.561
268.561
268.561
268.561
268.561
268.561
268.561
268.561
268.561
268.561
268.561
268.561
268.561
268.561
268.561
268.561
268.561
268.561
268.561
268.561
268.561
268.561
268.561
268.561
268.561
268.561
268.561
268.561
268.561
268.561
268.561
268.561
268.561
268.561
268.561
268.561
268.561
268.561
268.561
268.561
268.561
268.561
268.561
268.561
268.561
268.561
268.561
268.561
268.561
268.561
268.561
268.561
268.561
268.561
268.561
268.561
268.561
268.561
268.561
268.561
268.561
268.561
268.561
268.561
268.561
268.561
268.561
268.561
268.561
268.561
268.561
268.561
268.561
268.561
268.561
268.561
268.561
268.561
268.561
268.561
268.561
268.561
268.561
268.561
268.561
268.561
268.561
268.561
268.561
268.561
268.561
268.561
268.561
268.561
268.561
268.561
268.561
268.561
268.561
268.561
268.561
268.561
268.561
268.561
268.561
268.561
268.561
268.561
268.561
268.561
268.561
268.561
268.561
268.561
268.561
268.561
268.561
268.561
268.561
268.561
268.561
268.561
264.645
264.645
264.645
264.645
264.645
264.645
264.645
264.645
264.645
264.645
264.645
264.645
264.645
264.645
264.645
264.645
264.645
264.645
264.645
264.645
264.645
264.645
264.645
264.645
264.645
264.645
264.645
264.645
264.645
264.645
264.645
264.645
264.645
264.645
264.645
264.645
264.645
264.645
264.645
264.645
264.645
264.645
264.645
264.645
264.645
264.645
264.645
264.645
264.645
264.645
264.645
264.645
264.645
264.645
262.283
262.283
262.283
262.283
262.283
262.283
262.283
262.283
262.283
233.763
233.763
233.763
233.763
233.763
233.763
233.763
233.763
233.763
233.763
233.763
233.763
233.763
233.763
233.763
233.763
233.763
233.763
233.763
233.763
233.763
233.763
233.763
233.763
233.763
233.763
233.763
233.763
233.763
233.763
233.763
233.763
233.763
233.763
233.763
233.763
233.763
233.763
233.763
233.763
233.763
233.763
233.763
233.763
233.763
233.763
233.763
233.763
233.763
233.763
233.763
233.763
233.763
233.763
233.763
233.763
233.763
233.763
233.763
233.763
233.763
233.763
233.763
233.763
233.763
233.763
233.763
233.763
233.763
233.763
233.763
233.763
233.763
233.763
233.763
233.763
233.763
233.763
233.763
233.763
233.763
233.763
233.763
231.254
231.254
231.254
231.254
231.254
231.254
231.254
231.254
231.254
231.254
231.254
231.254
231.254
231.254
231.254
231.254
231.254
231.254
231.254
231.254
231.254
231.254
231.254
231.254
231.254
231.254
231.254
231.254
231.254
231.254
231.254
231.254
231.254
231.254
231.254
231.254
231.254
231.254
231.254
231.254
228.879
228.879
228.879
228.879
228.879
228.879
228.879
228.879
228.879
228.879
228.879
228.879
228.879
228.879
228.879
228.879
228.879
228.879
228.879
228.879
228.879
228.879
228.879
228.879
228.879
228.879
228.879
228.879
228.879
228.879
228.879
228.879
228.879
228.879
228.879
228.879
228.879
228.879
228.879
228.879
228.879
228.879
228.879
228.879
228.879
228.879
228.879
228.879
228.879
228.879
228.879
228.879
228.879
228.879
228.879
228.879
228.879
228.879
228.879
228.879
228.879
228.879
228.879
228.879
228.879
228.879
228.879
228.879
228.879
228.879
228.879
228.879
228.879
228.879
228.879
228.879
228.879
228.879
228.879
228.879
228.879
228.879
228.879
228.879
228.879
228.879
228.879
228.879
228.879
228.879
228.879
228.879
228.879
228.879
228.879
228.879
228.879
228.879
228.879
228.879
228.879
228.879
228.879
228.879
228.879
228.879
228.879
228.879
228.879
228.879
228.879
228.879
228.879
228.879
228.879
228.879
228.879
228.879
228.879
228.879
228.879
228.879
228.879
228.879
228.879
228.879
228.879
228.879
228.879
228.879
228.879
228.879
228.879
225.262
225.262
225.262
225.262
225.262
225.262
225.262
225.262
225.262
225.262
225.262
225.262
225.262
225.262
225.262
225.262
225.262
225.262
225.262
225.262
225.262
225.262
225.262
225.262
225.262
225.262
225.262
225.262
225.262
225.262
225.262
225.262
225.262
225.262
225.262
225.262
225.262
225.262
225.262
225.262
225.262
225.262
225.262
225.262
225.262
225.262
225.262
225.262
225.262
225.262
225.262
225.262
225.262
225.262
225.262
225.262
225.262
225.262
225.262
225.262
225.262
225.262
225.262
225.262
225.262
225.262
225.262
225.262
225.262
225.262
225.262
225.262
225.262
225.262
225.262
225.262
225.262
225.262
225.262
225.262
225.262
225.262
225.262
225.262
225.262
225.262
225.262
225.262
225.262
225.262
225.262
225.262
225.262
225.262
225.262
225.262
225.262
225.262
225.262
225.262
225.262
225.262
225.262
225.262
225.262
225.262
225.262
225.262
225.262
225.262
225.262
225.262
225.262
225.262
225.262
225.262
225.262
225.262
225.262
225.262
225.262
225.262
225.262
225.262
225.262
225.262
225.262
225.262
225.262
225.262
225.262
225.262
225.262
225.262
225.262
225.262
225.262
219.667
219.667
219.667
219.667
219.667
219.667
219.667
219.667
219.667
219.667
219.667
219.667
219.667
219.667
219.667
219.667
219.667
216.735
216.735
216.735
216.735
216.735
216.735
216.735
216.735
216.735
216.735
216.735
216.735
216.735
216.735
216.735
216.735
214.375
214.375
214.375
214.375
214.375
214.375
214.375
214.375
214.375
214.375
214.375
214.375
214.375
214.375
214.375
214.375
214.375
214.375
214.375
214.375
214.375
214.375
214.375
214.375
214.375
214.375
214.375
214.375
214.375
214.375
214.375
214.375
214.375
214.375
214.375
214.375
214.375
214.375
214.375
214.375
214.375
214.375
214.375
214.375
214.375
214.375
214.375
214.375
214.375
214.375
214.375
214.375
214.375
214.375
214.375
214.375
214.375
214.375
214.375
214.375
214.375
214.375
214.375
214.375
214.375
214.375
214.375
214.375
214.375
214.375
214.375
214.375
214.375
214.375
214.375
214.375
214.375
214.375
214.375
214.375
214.375
214.375
214.375
214.375
214.375
214.375
214.375
214.375
214.375
214.375
214.375
213.769
213.769
213.769
213.769
213.769
213.769
213.769
213.769
213.769
213.769
213.769
213.769
213.769
213.769
213.769
213.769
213.769
213.769
213.769
213.769
213.769
213.769
213.769
213.769
213.769
213.769
213.769
213.769
213.769
213.769
213.769
213.769
213.769
213.769
213.769
213.769
213.769
213.769
213.769
213.769
213.769
213.769
213.769
213.769
213.769
213.769
213.769
213.769
213.769
213.769
213.769
213.769
213.769
213.769
213.769
213.769
213.769
213.769
213.769
213.769
213.769
213.769
213.769
213.769
213.769
213.769
213.769
213.769
213.769
213.769
213.769
213.769
213.769
213.769
213.769
213.769
213.769
213.769
213.769
213.769
213.769
213.769
213.769
213.769
213.769
213.769
213.769
213.769
213.769
213.769
213.769
213.769
213.769
213.769
213.769
213.769
213.769
213.769
213.769
213.769
213.769
213.769
213.769
213.769
213.769
213.769
213.769
213.769
213.769
213.769
213.769
213.769
213.769
213.769
213.769
213.769
213.769
213.769
213.769
213.769
213.769
213.769
213.769
213.769
213.769
213.769
213.769
213.769
213.769
213.769
213.769
213.769
213.769
213.769
213.769
213.769
213.769
213.769
213.769
213.769
213.769
213.769
213.769
213.769
213.769
213.769
213.769
213.769
213.769
213.769
213.769
213.769
213.769
213.769
213.769
213.769
213.769
213.769
213.769
213.769
213.769
213.769
213.769
213.769
213.769
213.769
213.769
213.769
213.769
213.769
213.769
213.769
213.769
213.769
213.769
213.769
213.769
213.769
213.769
213.769
213.63
213.63
213.63
213.63
213.63
213.63
213.63
213.63
213.63
213.63
213.63
213.63
213.63
213.63
213.63
213.63
213.63
213.63
213.63
213.63
213.63
213.63
213.63
213.63
213.63
213.63
213.63
213.63
213.63
213.63
213.63
213.63
213.63
213.63
213.63
213.63
213.63
213.63
213.63
213.63
213.63
213.63
213.63
213.63
213.63
213.63
213.63
213.63
209.805
209.805
209.805
209.805
209.805
209.805
209.805
209.805
209.805
209.805
209.805
209.805
209.805
209.805
209.805
209.805
209.805
209.805
209.805
209.805
209.805
209.805
209.805
209.805
209.805
209.805
209.805
209.805
209.805
209.805
207.144
207.144
207.144
207.144
207.144
207.144
207.144
207.144
207.144
207.144
207.144
207.144
207.144
207.144
207.144
207.144
207.144
207.144
207.144
207.144
207.144
207.144
207.144
207.144
207.144
207.144
207.144
207.144
207.144
207.144
207.144
207.144
207.144
207.144
207.144
207.144
207.144
207.144
207.144
207.144
207.144
207.144
207.144
207.144
207.144
207.144
207.144
207.144
207.144
207.144
207.144
207.144
207.144
207.144
207.144
207.144
207.144
207.144
207.144
207.144
207.144
207.144
207.144
207.144
207.144
207.144
207.144
207.144
207.144
207.144
207.144
207.144
207.144
207.144
207.144
207.144
207.144
207.144
207.144
207.144
207.144
207.144
207.144
207.144
207.144
207.144
207.144
207.144
207.144
207.144
207.144
207.144
207.144
207.144
207.144
207.144
207.144
207.144
207.144
207.144
207.144
207.144
205.438
205.438
205.438
205.438
205.438
205.438
205.438
205.438
205.438
205.438
205.438
205.438
205.438
205.438
205.438
205.438
205.438
205.438
204.582
204.582
204.582
204.582
204.582
204.582
204.582
204.582
204.582
204.582
204.582
204.582
204.582
204.582
204.582
204.582
204.582
204.582
204.582
204.582
204.582
204.582
204.582
204.582
204.582
204.582
204.582
204.582
204.582
204.582
204.582
204.582
204.582
204.582
204.582
204.582
204.582
204.582
204.582
204.582
204.582
204.582
204.582
204.582
204.582
204.582
204.582
204.582
204.582
204.582
204.582
204.582
204.582
204.582
204.582
204.582
204.582
204.582
204.582
204.582
204.582
204.582
204.582
204.582
204.582
204.582
204.582
204.582
204.582
204.582
204.582
204.582
204.582
204.582
204.582
204.582
204.582
204.582
204.582
204.582
204.582
204.582
204.582
204.582
204.582
204.582
204.582
204.582
204.582
204.582
204.582
204.582
204.582
204.582
204.582
204.582
204.582
204.582
204.582
204.582
204.582
204.582
204.582
204.582
204.582
204.582
204.582
204.582
204.582
204.582
204.582
204.582
204.582
204.582
204.582
204.582
204.582
204.582
204.582
204.582
204.582
204.582
204.582
204.582
204.582
204.582
204.582
204.582
204.582
204.582
204.582
204.582
204.582
204.582
204.582
204.582
204.582
204.582
204.582
204.582
204.582
204.582
204.582
204.582
204.582
204.582
204.582
204.582
204.582
204.582
204.582
204.582
204.582
204.582
204.582
204.582
204.582
204.582
204.582
204.582
204.582
204.582
204.582
204.582
204.582
204.582
204.582
204.582
204.582
204.582
204.582
204.582
204.582
204.582
204.582
204.582
204.582
204.582
204.582
204.582
204.582
204.582
204.582
204.582
204.582
204.582
204.582
204.582
204.582
204.582
204.582
204.582
204.582
204.582
204.582
204.582
204.582
204.582
204.582
204.582
204.582
204.582
204.582
204.582
204.582
204.582
204.582
204.582
204.582
204.582
204.582
204.582
204.582
204.582
204.582
204.582
204.582
204.582
204.582
204.582
204.582
204.582
203.142
203.142
203.142
203.142
203.142
203.142
203.142
203.142
203.142
203.142
203.142
203.142
203.142
203.142
203.142
203.142
203.142
203.142
203.142
203.142
203.142
203.142
203.142
203.142
203.142
203.142
203.142
203.142
203.142
203.142
203.142
203.142
203.142
203.142
203.142
203.142
203.142
203.142
203.142
203.142
203.142
203.142
203.142
203.142
203.142
203.142
203.142
203.142
203.142
203.142
203.142
203.142
203.142
203.142
203.142
203.142
203.142
203.142
203.142
203.142
203.142
203.142
203.142
203.142
203.142
203.142
203.142
203.142
203.142
203.142
203.142
203.142
203.142
203.142
203.142
203.142
203.142
203.142
203.142
203.142
203.142
203.142
203.142
203.142
203.142
203.142
203.142
203.142
203.142
203.142
203.142
202.969
202.969
202.969
202.969
202.969
202.969
202.969
202.969
202.969
202.969
202.969
202.969
202.969
202.969
202.969
202.969
202.969
202.969
202.969
202.969
202.969
202.969
202.969
202.969
202.969
202.969
202.969
202.969
202.969
202.969
202.969
202.969
202.969
202.969
202.969
202.969
202.969
202.969
202.969
202.969
202.969
202.969
202.969
202.969
202.969
202.969
202.969
202.969
202.969
202.969
202.969
202.969
202.969
202.969
202.969
202.969
202.969
202.969
202.969
202.969
202.969
202.969
202.969
202.969
202.969
202.969
202.969
202.969
202.969
202.969
202.969
202.969
202.969
202.969
202.969
202.969
202.969
202.969
202.969
202.969
202.969
202.969
202.969
202.969
202.969
202.969
202.969
202.969
202.969
202.969
202.969
202.969
202.969
202.969
202.969
202.969
202.969
202.969
202.969
202.969
202.969
202.969
202.969
202.969
202.969
202.969
202.969
202.969
202.969
202.969
202.969
202.969
202.969
202.52
202.52
201.427
201.427
201.427
201.427
201.427
201.427
201.427
201.427
201.427
201.427
201.427
201.427
201.427
201.427
201.427
201.427
201.427
201.427
201.427
201.427
201.427
201.427
201.427
201.427
201.427
201.427
201.427
201.427
201.427
201.427
201.427
201.427
201.427
201.427
201.427
201.427
201.427
201.427
201.427
201.427
201.427
201.427
201.427
201.427
201.427
201.427
201.427
201.427
201.427
201.427
201.427
201.427
201.427
201.427
201.427
201.427
201.427
201.427
201.427
201.427
201.427
201.427
201.427
201.427
201.427
201.427
201.427
201.427
201.427
201.427
201.427
201.427
201.427
201.427
201.427


-0.768761
0.913572
-2.34489
2.05161
-0.730766
0.357372
5.87497
-0.63921
-2.80587
2.70714
-4.14487
1.32099
0.305643
-0.833766
-3.09198
-0.722068
2.37846
-1.02603
0.182958
2.6577
-1.55065
1.77557
3.70647
-2.69601
1.23264
-4.2703
-1.79922
-2.65389
5.99124
-0.723899

0.023

