530.896
366.697
366.697
318.254
174.187
174.187
174.187
171.088
171.088
171.088
171.088
171.088
171.088
170.641
132.056
132.056
132.056
132.056
132.056
132.056
132.056
123.37
123.37
123.37
123.37
123.37
123.37
123.37
115.882
115.882
115.882
115.882
115.882
115.882
115.882
115.882
104.383
103.978
102.593
102.593
96.4698
96.4698
96.4698
96.4698
96.4698
96.4698
96.4698
94.3305
94.3305
71.6445
71.6445
71.3903
71.3903
71.3903
71.3903
71.3903
70.802
70.802
70.802
70.802
70.802
70.802
70.802
70.802
70.802
69.0171
69.0171
69.0171
69.0171
69.0171
68.1991
68.1766
68.1766
68.1766
66.879
66.879
66.879
66.879
66.879
66.879
66.069
66.069
63.0834
63.0834
63.0834
63.0834
63.0834
62.994
58.9762
58.9762
58.9762
58.9762
58.9762
58.9762
58.9762
58.9762
58.9762
58.9762
58.9762
58.9762
58.9762
58.9762
58.9762
58.9762
58.1469
58.1469
58.1469
58.1469
58.1469
58.1469
58.1469
58.1469
58.1469
58.1469
58.1469
58.1469
58.1469
58.1469
58.1469
58.0843
58.0843
57.3905
57.3905
57.3905
56.0404
56.0404
56.0404
54.7623
54.7623
54.7623
54.7623
54.7623
53.6372
53.6372
53.6372
53.6372
53.5716
53.5716
53.5716
53.5716
53.5716
53.5716
53.5716
53.3671
53.3671
53.3578
53.3578
53.215
53.215
53.215
53.215
53.215
53.215
53.215
53.215
53.1882
53.1882
53.1882
53.1882
53.1882
53.1882
47.5723
47.5723
47.5723
47.5723
47.402
47.402
47.402
47.402
47.402
47.1286
47.1286
47.1286
47.1286
47.1286
47.1242
47.1242
47.1242
47.1242
46.8749
46.8749
46.8438
46.8438
46.4671
46.4671
46.4671
46.4671
46.4671
46.4671
46.4671
46.4671
46.4671
46.4671
46.2364
46.2364
46.2364
46.2159
46.2159
46.2159
46.2159
46.2159
46.2159
46.2159
46.174
46.174
46.1682
46.1682
46.1447
46.1246
45.3707
45.3707
45.3707
45.3707
45.3707
45.3468
45.3468
45.3468
44.7944
44.7944
44.7944
44.7944
44.7944
44.793
44.793
44.7517
44.7517
44.7517
44.2722
44.2722
44.2722
44.2722
44.2722
44.2624
44.2624
44.2624
44.2624
44.2624
44.2622
44.2622
44.2622
43.7594
43.7594
43.7594
42.133
42.133
42.133
42.133
42.133
41.9805
41.9805
41.9805
41.9805
41.9805
41.9805
41.9805
41.7504
41.7504
41.7504
41.7504
41.7504
41.7504
41.7504
41.7504
41.7497
41.7497
41.7497
41.7491
41.7126
41.7126
41.7126
41.7126
41.7126
41.7126
41.6993
41.6993
41.6993
41.5029
41.4955
41.4955
41.4955
41.4138
41.4138
41.4138
41.4138
41.4138
41.4138
41.4138
41.4138
41.3678
41.3678
41.3678
40.4135
40.4135
40.4135
40.4135
40.2585
40.2585
40.2585
40.2585
40.2585
40.2585
39.5731
39.5664
39.5664
39.5664
39.4445
39.4445
39.4445
39.4445
39.4445
39.4445
39.4445
39.437
39.437
39.437
39.437
39.437
39.2598
39.2598
39.223
39.223
39.223
39.223
39.223
39.223
39.223
39.223
39.223
39.223
38.9214
38.831
38.831
38.8003
38.8003
38.8003
38.8003
38.8003
38.8003
38.8003
38.8003
38.8003
38.8003
38.8003
38.8003
38.8003
38.8003
38.8003
38.8003
38.8003
38.8003
38.8003
38.8003
38.8003
38.8003
38.7465
38.7192
38.7192
38.7192
38.7192
38.4327
38.4327
38.4327
38.4327
36.2165
34.851
34.851
34.851
34.851
34.851
34.851
34.851
34.851
34.851
34.851
34.851
34.851
34.851
34.851
34.7642
34.7642
34.7642
34.7642
34.7096
34.6982
34.6982
34.6615
34.6615
34.6615
34.6615
34.6615
34.6615
34.6615
34.6615
34.6615
34.6615
34.6615
34.6615
34.6615
34.6615
34.6615
34.6615
34.6615
34.6615
34.6615
34.6588
34.6588
34.6588
34.6588
34.6588
34.6588
34.6588
34.6586
34.6586
34.6586
34.6586
34.4891
34.4891
34.4891
34.3847
34.3847
34.3847
34.3742
34.3742
34.3742
33.3144
33.3144
33.3144
32.865
32.6675
32.3584
32.3584
31.6117
31.6117
31.6117
31.6117
31.6117
31.6117
31.6117
31.5939
31.2492
31.2492
31.2492
31.2492
31.2492
31.219
30.2791
30.2791
30.2791
30.2791
30.2791
30.2791
30.2791
30.0781
30.0781
30.0781
30.0781
30.0781
30.0781
30.0781
30.072
30.072
30.072
30.072
30.0611
30.0611
30.0611
30.0611
29.7249
29.7249
29.7249
29.7249
29.2399
29.2399
29.2399
29.2399
29.2399
29.228
29.228
29.228
29.228
29.228
29.228
29.228
29.1808
29.1808
29.1808
29.1808
29.1808
29.1808
29.1808
29.1808
29.1808
29.1808
29.1808
29.1808
29.1808
29.1808
29.1808
29.1808
29.1808
29.1808
29.1808
29.1485
29.1485
29.1485
29.1485
29.1297
29.1297
29.1297
29.1297
29.1297
29.1256
29.1256
29.1256
29.1256
29.1256
29.1256
29.1256
29.1247
29.1247
29.1247
29.1247
29.1247
29.1247
29.1049
29.1049
29.1049
28.7493
28.7493
28.7493
28.7493
28.7113
28.7113
28.7113
28.6047
28.6047
28.6047
28.6047
28.5852
28.5852
28.5789
28.5789
28.5789
28.5231
28.5231
28.5231
28.5231
28.4467
28.4283
28.3174
28.3174
28.3174
28.3174
28.3174
28.3174
28.3174
28.3174
28.3174
28.3174
28.3174
28.3174
28.3174
28.3174
28.3145
28.3111
28.3111
28.3111
28.3111
28.191
28.191
28.191
28.0968
28.0968
28.0968
28.0968
28.0968
28.0968
28.0968
27.8457
27.8457
27.8457
27.7985
27.7985
27.7173
27.7173
27.7096
27.7096
27.6877
27.6877
27.6877
27.6877
27.6877
27.6874
27.6874
27.6874
27.6874
27.4963
27.4963
27.4963
27.4963
27.4963
27.4963
27.4963
27.4963
27.4963
27.4861
27.4861
27.4861
27.4861
27.4861
27.4861
27.4861
27.4774
26.0536
26.0536
26.0536
26.0536
26.0536
25.98
25.98
25.98
25.98
25.98
25.98
25.98
25.98
25.98
25.98
25.98
25.98
25.98
25.98
25.98
25.98
25.9019
25.8992
25.8992
25.8992
25.8992
25.8992
25.8992
25.8992
25.8992
25.8992
25.8992
25.8992
25.8992
25.7771
25.7771
25.716
25.716
25.4156
25.4156
25.4156
25.4156
25.4156
25.3782
25.3743
25.3743
25.3743
25.3374
25.3374
25.2372
25.2372
25.2372
25.2372
25.2372
25.2372
25.2372
25.2372
25.2372
25.2372
25.2372
25.2372
25.0348
25.0348
25.0348
24.63
24.63
24.63
24.63
24.63
24.63
24.3117
24.3117
24.3117
24.3117
24.3117
23.8843
23.8843
23.8843
23.8843
23.8843
23.8843
23.8843
23.8843
23.8843
23.8843
23.8843
23.8843
23.8843
23.8843
23.8843
23.8843
23.8843
23.8843
23.8843
23.8826
23.8826
23.7848
23.7848
23.7848
23.7848
23.7848
23.7833
23.757
23.757
23.757
23.757
22.8608
22.8608
22.8573
22.8573
22.5923
22.5923
22.5923
22.2865
22.1529
22.043
22.043
21.779
21.779
21.779
21.779
21.779
21.6877
21.6877
21.6877
21.6877
21.6877
21.6877
21.6877
21.6877
21.6657
21.5974
21.5974
21.5974
21.5974
21.5974
21.5974
21.4719
21.4719
21.3965
21.3965
21.3965
21.3965
21.2939
21.2939
21.2939
21.2939
21.2939
21.2939
21.2939
21.2939
21.2939
21.184
21.1354
21.1354
21.1354
21.1206
21.1206
21.1206
21.1206
21.1206
21.1206
21.1206
21.1206
21.1206
21.1206
21.0822
21.0822
21.0822
21.0822
21.0822
21.0822
21.0822
21.0822
21.0604
21.0604
21.0604
21.0604
21.0604
21.0604
21.0566
21.0566
20.1228
20.1228
20.1228
20.1228
20.1228
20.1228
20.1228
20.1041
20.1041
20.1041
20.1041
20.1041
20.1015
19.8259
19.8259
19.8259
19.8259
19.8259
19.8259
19.8259
19.5107
19.5107
19.5107
19.4906
19.4906
19.4906
19.4906
19.4847
19.4847
19.4847
19.4847
19.4846
19.4846
19.4846
19.4846
19.3308
19.3308
19.3308
19.1195
19.1195
18.8743
18.5934
18.4705
18.4705
18.4705
18.4705
18.4705
18.4705
18.4705
18.4705
18.4693
18.4643
18.4643
18.4643
18.4643
18.4643
18.4643
18.4643
18.4486
18.4274
18.4274
18.4261
18.4261
18.4261
18.4261
18.4261
18.4261
18.4261
18.4261
18.4261
18.4261
18.4261
18.4261
18.4253
18.4248
18.4248
18.4161
18.4159
18.4159
18.4159
18.4116
18.4116
18.4116
18.3951
18.3951
18.3951
18.3951
18.3382
18.3382
18.3382
18.3382
18.3382
18.3382
18.3382
18.3382
18.3382
18.3382
18.3382
18.3382
18.2711
18.2711
18.2471
18.2471
18.1312
18.1312
18.1312
18.1312
18.1312
18.1312
18.1312
18.1312
18.1312
18.1312
18.1288
18.1288
18.1288
18.1288
18.1288
18.1288
18.1287
17.9279
17.8886
17.8886
17.8256
17.8256
17.8256
17.8256
17.8256
17.8179
17.8179
17.6476
17.6476
17.6476
17.6476
17.6476
17.6476
17.6476
17.6476
17.6476
17.6293
17.6293
17.6293
17.6293
17.6293
17.6184
17.6184
17.4256
17.3624
16.5516
16.5516
16.5516
16.5516
16.5516
16.5396
16.5396
16.5396
16.5396
16.5396
16.5396
16.5221
16.5221
16.5221
16.5221
16.5221
16.5087
16.5087
16.5087
16.38
16.38
16.38
16.38
16.38
16.38
16.38
16.38
16.3525
16.3525
16.3525
16.3525
16.3525
16.3525
16.3525
16.3525
16.3525
16.3525
16.3525
16.3525
16.3525
16.2927
16.2596
16.2596
16.1434
16.1254
16.1254
16.1254
16.1254
16.1155
16.1155
16.1155
16.1155
16.0818
16.0579
16.0579
16.0579
16.0579
16.0579
16.0579
16.0579
16.0346
16.0346
16.0346
16.0346
16.0346
16.0346
16.03
16.03
16.03
16.03
16.03
15.9887
15.9887
15.8859
15.8859
15.8859
15.8859
15.8859
15.8859
15.8859
15.8859
15.8859
15.8859
15.8859
15.8859
15.8859
15.8859
15.8859
15.8859
15.8858
15.8858
15.8858
15.8858
15.8858
15.8858
15.8858
15.8858
15.8858
15.8858
15.8858
15.871
15.871
15.871
15.871
15.8654
15.8654
15.8654
15.8654
15.8654
15.8654
15.8654
15.8654
15.8654
15.8654
15.8654
15.8654
15.8654
15.8654
15.7425
15.7421
15.7421
15.7421
15.7421
15.7421
15.7421
15.7421
15.7162
15.7162
15.7155
15.7098
15.7098
15.7098
15.7098
15.7098
15.7098
15.7098
15.7098
15.7098
15.7098
15.7098
15.7071
15.7071
15.7071
15.7071
15.7044
15.6819
15.6819
15.6819
15.6819
15.6819
15.6819
15.449
15.449
15.449
15.449
15.4483
15.4483
15.4483
15.4483
15.4483
15.4483
15.4442
15.4442
15.4442
15.4442
15.4442
15.4442
15.4442
15.4412
15.3605
15.3605
15.3577
15.3577
15.288
15.288
15.2025
15.2015
15.2015
15.2015
15.192
15.192
15.192
15.192
15.192
15.192
15.192
15.192
15.1906
15.1906
15.1906
15.1906
15.1906
15.1906
15.1906
15.1906
15.1898
15.1898
15.1898
15.1898
15.1898
15.1898
15.1898
15.1898
15.1898
15.1898
15.1898
15.1898
15.1774
15.1774
15.1774
15.1011
15.1011
15.1011
15.1011
15.1011
15.1011
15.1011
14.9106
14.9106
14.8467
14.8467
14.8467
14.8467
14.8467
14.8467
14.8467
14.8467
14.8467
14.8467
14.8467
14.8397
14.8299
14.8299
14.8248
14.7858
14.7858
14.7858
14.7858
14.7858
14.7858
14.7858
14.6892
14.6892
14.6892
14.6892
14.6892
14.6892
14.6892
14.6892
14.6892
14.6892
14.6892
14.6892
14.6892
14.6892
14.6175
14.4286
14.4286
14.4286
14.4286
14.4286
14.4188
14.39
14.39
14.39
14.39
14.39
14.39
14.39
14.3515
14.3515
14.3515
14.3515
14.3515
14.3515
14.3513
14.3513
14.3513
14.3513
14.3513
14.3513
14.3513
14.3513
14.3262
14.3262
14.3262
14.3258
14.3134
14.3134
14.3092
14.2992
14.2992
14.239
14.1381
14.1381
14.1381
14.1378
14.1378
14.1378
14.1378
14.1378
14.1091
14.1091
14.1091
14.1091
14.1091
14.1091
14.1037
14.1037
14.1037
14.1037
14.0988
14.0988
14.0988
14.0906
14.0906
14.0906
14.0906
14.0906
14.0906
14.0873
14.0873
14.0873
14.0873
14.0479
14.0479
14.0479
14.0479
13.9955
13.9955
13.9955
13.9955
13.9955
13.9955
13.9955
13.9658
13.9658
13.9658
13.9658
13.9658
13.9658
13.9647
13.9647
13.9647
13.9594
13.9537
13.9537
13.7601
13.7601
13.7601
13.7601
13.7601
13.7601
13.7601
13.7601
13.7601
13.7601
13.7601
13.7601
13.7601
13.7601
13.7601
13.7601
13.7601
13.7601
13.7601
13.7601
13.7601
13.7601
13.7601
13.7601
13.7597
13.7597
13.6617
13.6617
13.6617
13.5872
13.5872
13.5872
13.5872
13.5869
13.4596
13.4596
13.458
13.458
13.458
13.458
13.4439
13.4439
13.4439
13.4431
13.381
13.381
13.381
13.381
13.3761
13.3656
13.3656
13.3656
13.3656
13.365
13.365
13.365
13.3568
13.3568
13.3457
13.3457
13.3457
13.3457
13.3457
13.3457
13.3457
13.345
13.345
13.336
13.336
13.336
13.336
13.336
13.336
13.336
13.336
13.336
13.336
13.3258
13.3082
13.3082
13.2882
13.2845
13.2727
13.2727
13.2727
13.2727
13.2563
13.236
13.236
13.236
13.236
13.2336
13.2336
13.2336
13.2336
13.231
13.1908
13.1908
13.1908
13.1879
13.1879
13.1879
13.1879
13.1879
13.186
13.186
13.186
13.186
13.186
13.186
13.186
13.186
13.1263
13.1263
13.1263
13.1263
13.0665
13.0665
13.0665
13.0665
13.0665
13.0665
13.0665
13.0466
13.0466
13.0466
13.0466
13.0466
13.0466
13.0466
13.0444
13.0444
13.0444
13.0444
13.0444
13.0444
13.0444
13.0444
13.0444
13.0444
13.0444
13.0444
13.0199
13.0199
13.0199
12.999
12.999
12.999
12.999
12.999
12.999
12.99
12.99
12.99
12.99
12.99
12.99
12.99
12.99
12.99
12.99
12.99
12.99
12.99
12.99
12.99
12.99
12.99
12.9898
12.9898
12.9898
12.9898
12.9898
12.989
12.9888
12.9888
12.9888
12.9888
12.9888
12.9888
12.9888
12.9887
12.9887
12.9887
12.9887
12.9887
12.9369
12.9369
12.9369
12.9369
12.9369
12.9369
12.8513
12.8509
12.85
12.85
12.85
12.85
12.85
12.85
12.85
12.85
12.85
12.8499
12.8128
12.7634
12.7634
12.7634
12.7634
12.7634
12.7634
12.7634
12.7634
12.7634
12.7634
12.7634
12.7634
12.7634
12.7634
12.7634
12.749
12.749
12.749
12.749
12.749
12.7353
12.7353
12.7353
12.7353
12.7352
12.7352
12.7352
12.7352
12.7352
12.7352
12.7352
12.7352
12.7352
12.7352
12.7352
12.7341
12.7341
12.7341
12.7341
12.7341
12.7341
12.734
12.734
12.734
12.734
12.6196
12.6196
12.6196
12.6146
12.6146
12.6146
12.6129
12.5574
12.5574
12.5574
12.5419
12.5419
12.5012
12.5012
12.5012
12.5012
12.5012
12.5012
12.5012
12.5012
12.5012
12.499
12.499
12.4782
12.4782
12.4782
12.4782
12.4726
12.463
12.463
12.463
12.4463
12.4459
12.4459
12.4459
12.4459
12.4459
12.4459
12.4459
12.431
12.431
12.431
12.431
12.4306
12.4306
12.4306
12.4306
12.4306
12.4306
12.4303
12.4207
12.4207
12.4207
12.4207
12.4207
12.4207
12.4207
12.4207
12.4207
12.4207
12.4194
12.4194
12.4194
12.4194
12.4194
12.4194
12.4146
12.4146
12.3916
12.3916
12.3916
12.3916
12.3916
12.3916
12.3916
12.3849
12.3314
12.3252
12.3252
12.3252
12.3252
12.3252
12.3252
12.3252
12.3226
12.3226
12.3224
12.3223
12.3143
12.3143
12.3143
12.3143
12.3143
12.3143
12.2906
12.2906
12.2898
12.2898
12.2898
12.2794
12.2794
12.2794
12.2673
12.2673
12.2673
12.2666
12.2666
12.2279
12.2279
12.2279
12.2279
12.2277
12.221
12.221
12.221
12.221
12.221
12.221
12.1991
12.1991
12.1991
12.1991
12.1991
12.1945
12.1945
12.1945
12.1945
12.1945
12.1855
12.1825
12.1825
12.1807
12.1807
12.1595
12.1595
12.1595
12.1595
12.1595
12.1595
12.1595
12.1595
12.1595
12.1595
12.1595
12.159
12.159
12.1458
12.1458
12.1458
12.1458
12.1458
12.1458
12.1035
12.1035
12.1035
12.1035
12.1035
12.1035
12.1035
12.0949
12.0949
12.073
12.073
12.0729
12.0729
12.0729
12.0512
12.0448
12.0448
12.0016
12.0016
12.0016
12.0016
12.0016
11.9957
11.9878
11.9878
11.9878
11.9878
11.9878
11.9443
11.9443
11.9443
11.9443
11.9443
11.9443
11.9443
11.929
11.929
11.929
11.929
11.929
11.929
11.8315
11.8315
11.8218
11.8131
11.8131
11.81
11.81
11.7763
11.7763
11.7763
11.7743
11.7743
11.7743
11.7743
11.7743
11.7743
11.7743
11.772
11.772
11.7595
11.7595
11.7463
11.7463
11.7463
11.7463
11.7119
11.7119
11.7119
11.7119
11.7119
11.7119
11.7119
11.7119
11.7119
11.7119
11.7075
11.7059
11.7059
11.6996
11.6996
11.6987
11.6987
11.6987
11.6987
11.696
11.6943
11.6943
11.6943
11.6943
11.6943
11.6478
11.6478
11.6417
11.6417
11.6328
11.6328
11.6214
11.6214
11.6214
11.6214
11.6214
11.6173
11.6173
11.6173
11.6173
11.6173
11.6173
11.6127
11.6127
11.6127
11.6123
11.6123
11.6123
11.6123
11.6123
11.6123
11.6123
11.6123
11.6123
11.6123
11.6123
11.6123
11.6123
11.6119
11.6119
11.6112
11.6112
11.6112
11.6112
11.6112
11.6112
11.6112
11.6112
11.6112
11.6112
11.6112
11.6112
11.6112
11.6112
11.6021
11.6021
11.6021
11.6021
11.6021
11.6001
11.6001
11.6001
11.6001
11.6001
11.6001
11.6001
11.6001
11.6001
11.6001
11.6001
11.6001
11.6001
11.5999
11.5878
11.5828
11.5828
11.5828
11.5828
11.5828
11.5828
11.5828
11.5774
11.5774
11.5774
11.5758
11.5758
11.5758
11.5758
11.5753
11.5747
11.5745
11.5745
11.5402
11.5112
11.5112
11.5058
11.5058
11.5058
11.5058
11.5058
11.5052
11.5052
11.5052
11.5052
11.5052
11.5052
11.5052
11.5052
11.5052
11.5052
11.5052
11.5052
11.5052
11.5052
11.5052
11.5052
11.5052
11.5052
11.5052
11.5052
11.5052
11.5052
11.5052
11.5052
11.5052
11.5052
11.5052
11.4861
11.4861
11.4861
11.4861
11.4861
11.4861
11.4861
11.4861
11.4861
11.4861
11.4861
11.4861
11.4861
11.4861
11.4861
11.4861
11.4861
11.4861
11.4861
11.4859
11.4859
11.4859
11.4859
11.4859
11.4669
11.4669
11.4669
11.4669
11.4669
11.4669
11.4553
11.4379
11.4379
11.4379
11.4379
11.4379
11.4379
11.4379
11.4379
11.4379
11.4379
11.4379
11.4379
11.4379
11.4379
11.4379
11.4379
11.4379
11.414
11.414
11.414
11.414
11.414
11.414
11.4136
11.4136
11.4136
11.4136
11.3971
11.3971
11.3971
11.3971
11.3971
11.3971
11.3971
11.3971
11.3971
11.3971
11.3971
11.3971
11.3971
11.3971
11.3792
11.3792
11.3792
11.3792
11.3684
11.3684
11.3684
11.3684
11.3684
11.3684
11.3684
11.3684
11.3684
11.3684
11.3684
11.3541
11.3541
11.3541
11.3541
11.3272
11.3272
11.3205
11.3205


-15.744
-16.0583
-36.4389
-33.0635
-53.0313
-48.0217
-47.7823
-40.372
-39.3646
-37.3361
-42.4511
-47.3481
-53.9591
-67.9468
-69.6029
-69.8427
-42.6894
-28.7275
-24.8189
-19.0522
-8.90171
-8.92695
10.054
11.3184
6.59335
7.07164
-4.14103
-18.9906
-18.351
-16.2001

0.028

