82.6099
64.4888
64.4888
57.771
51.9985
51.9985
51.9985
43.0153
42.2128
37.0974
18.0142
18.0142
18.0142
18.0142
18.0142
17.8328
17.0441
17.0441
17.0441
14.5936
14.5936
14.5936
14.5936
14.5936
14.5936
12.9696
12.9696
11.8178
11.8178
11.8178
11.8178
11.8178
11.8178
10.5575
10.5575
10.5575
10.5575
10.5575
10.5575
10.5575
10.5575
10.5575
10.5575
9.30801
9.22778
9.22778
9.22778
8.89287
8.89287
8.89287
8.89287
8.89287
8.89287
8.89287
8.89287
8.89287
8.87735
8.87735
8.87735
7.99708
7.99708
7.23291
7.23291
7.23291
7.23291
7.23291
7.23291
7.23291
7.23291
7.23291
6.43372
6.43372
6.43372
6.43372
6.43372
6.43372
6.43372
6.43372
6.43372
6.43372
6.43372
6.43372
6.43372
6.43372
6.43372
6.43372
6.43372
6.43372
6.43372
6.3943
6.3943
6.3943
5.96978
5.57541
5.57541
5.57541
5.57541
5.57541
5.57541
5.57541
5.57541
5.57541
5.57541
5.57541
5.57541
5.57541
5.57541
5.57541
5.57541
5.57541
5.57541
5.57541
5.57541
5.57541
5.57541
5.57541
5.57541
5.57541
5.57541
5.57541
5.57541
5.57541
5.57541
5.57541
5.57541
5.57541
5.57541
5.26233
5.26233
5.26233
5.25437
5.25437
5.25437
5.14054
5.14054
5.02539
5.02539
5.02539
5.02539
5.02539
5.02539
5.02539
5.02539
5.02539
5.02539
4.92504
4.77861
4.69614
4.46741
4.46741
4.14426
4.14426
3.41372
3.41372
3.41372
3.41372
3.41372
3.41372
3.41372
3.41372
3.41372
3.41372
3.41372
3.34419
3.34419
3.34419
3.03811
2.96358
2.96358
2.80908
2.72282
2.72282
2.72282
2.71281
2.71281
2.71281
2.69672
2.69672
2.69672
2.69108
2.67065
2.65905
2.65224
2.64813
2.64557
2.64393
2.64286
2.50488
2.12906
2.12906
2.12906
2.12906
2.12906
1.95488
1.95488
1.95488
1.95488
1.95488
1.89752
1.71865
1.71865
1.71865
1.71865
1.71865
1.71865
1.71865
1.71865
1.71865
1.71865
1.71865
1.64521
1.64521
1.64521
1.64521
1.64521
1.64521
1.64521
1.64521
1.64521
1.64521
1.64521
1.64521
1.64521
1.64521
1.64521
1.64521
1.64521
1.64521
1.45024
1.45024
1.45024
1.45024
1.45024
1.39658
1.39658
1.39658
1.39658
1.39658
1.39658
1.37718
1.29536
1.29536
1.29536
1.15677
1.15677
1.15677
1.15677
1.15677
1.13478
1.13478
1.13478
1.13478
1.13478
1.13478
1.13478
1.09267
1.09267
1.09267
1.09267
1.09267
1.09267
1.04607
1.04607
1.04607
1.04607
1.04607
1.04607
1.04607
1.03603
1.03603
1.01085
0.879012
0.879012
0.879012
0.879012
0.879012
0.879012
0.879012
0.879012
0.879012
0.879012
0.879012
0.879012
0.879012
0.879012
0.879012
0.879012
0.879012
0.879012
0.879012
0.879012
0.879012
0.879012
0.879012
0.879012
0.879012
0.879012
0.879012
0.879012
0.879012
0.879012
0.879012
0.879012
0.879012
0.879012
0.879012
0.879012
0.879012
0.879012
0.879012
0.857675
0.857675
0.857675
0.857675
0.7343
0.7343
0.7343
0.7343
0.7343
0.7343
0.7343
0.7343
0.7343
0.7343
0.7343
0.7343
0.7343
0.7343
0.7343
0.7343
0.7343
0.7343
0.7343
0.7343
0.7343
0.7343
0.7343
0.7343
0.7343
0.717886
0.717886
0.717886
0.717886
0.717886
0.717886
0.717886
0.717886
0.717886
0.717886
0.717886
0.717886
0.717886
0.717886
0.717886
0.717741
0.717741
0.712802
0.712802
0.712802
0.702766
0.702766
0.702766
0.702766
0.702766
0.700875
0.700875
0.700875
0.700875
0.699201
0.699201
0.699201
0.699201
0.699201
0.699201
0.699201
0.699201
0.699201
0.699201
0.699201
0.699201
0.699201
0.699201
0.699201
0.699201
0.699201
0.695189
0.695189
0.694406
0.694406
0.694406
0.694406
0.694406
0.694406
0.694406
0.694283
0.694283
0.659678
0.659678
0.659678
0.593088
0.547904
0.535163
0.535163
0.524015
0.523565
0.523565
0.523565
0.518795
0.518795
0.507316
0.502133
0.501946
0.501946
0.501946
0.494342
0.494342
0.494342
0.494342
0.494342
0.494342
0.494342
0.48932
0.48932
0.48932
0.487743
0.487743
0.487743
0.487743
0.487743
0.487743
0.487743
0.487743
0.484164
0.484164
0.479164
0.479164
0.479164
0.479164
0.479164
0.479164
0.479164
0.479164
0.479164
0.479164
0.479164
0.479164
0.479164
0.479164
0.479164
0.479164
0.479164
0.479164
0.479164
0.479164
0.479164
0.432735
0.42647
0.42647
0.42647
0.411176
0.41028
0.41028
0.407781
0.407781
0.395405
0.395405
0.395405
0.395405
0.395405
0.395405
0.395363
0.395363
0.386169
0.386169
0.386169
0.386169
0.386169
0.386169
0.346411
0.346411
0.342719
0.342719
0.342719
0.342719
0.342719
0.342719
0.340115
0.340115
0.340115
0.340115
0.340115
0.340115
0.340115
0.340115
0.340115
0.340115
0.340115
0.340115
0.312713
0.312713
0.312713
0.312713
0.312713
0.312713
0.312713
0.312713
0.312713
0.312713
0.312713
0.312713
0.312713
0.312713
0.312713
0.312713
0.312713
0.312713
0.310326
0.310326
0.310326
0.310326
0.310326
0.310326
0.310326
0.310326
0.310326
0.310326
0.310326
0.310326
0.310326
0.310326
0.310326
0.310326
0.310326
0.310326
0.310326
0.310326
0.310326
0.310326
0.310326
0.310326
0.310326
0.310326
0.309896
0.308972
0.308485
0.308222
0.263834
0.263834
0.263834
0.263834
0.263834
0.223127
0.223127
0.223127
0.223127
0.223127
0.223127
0.223127
0.223127
0.223127
0.223127
0.223127
0.223127
0.223127
0.223127
0.223127
0.223127
0.223127
0.216244
0.216244
0.216244
0.216244
0.216244
0.216244
0.216244
0.213187
0.213187
0.213187
0.213187
0.213187
0.213187
0.213187
0.213187
0.213187
0.213187
0.213187
0.213187
0.213187
0.213187
0.213187
0.213187
0.208333
0.208333
0.208333
0.208333
0.202256
0.196482
0.196482
0.196482
0.196164
0.192114
0.18977
0.18837
0.187507
0.186962
0.186608
0.186374
0.186217
0.186111
0.186038
0.185988
0.185953
0.185929
0.185912
0.1859
0.185892
0.184688
0.184688
0.184688
0.184688
0.184688
0.184688
0.162752
0.150579
0.150579
0.147107
0.146886
0.146886
0.146886
0.146886
0.133451
0.133451
0.133451
0.133451
0.133451
0.133451
0.133451
0.133451
0.133451
0.133451
0.133451
0.133451
0.133451
0.133451
0.128789
0.128789
0.128789
0.128789
0.128789
0.128789
0.128789
0.128789
0.128789
0.128789
0.128789
0.128789
0.128789
0.123032
0.123032
0.118722
0.118722
0.118722
0.118722
0.118722
0.118657
0.118657
0.117377
0.117377
0.117142
0.117142
0.116094
0.116094
0.115603
0.115603
0.115365
0.115365
0.115365
0.115365
0.115065
0.114992
0.114992
0.114704
0.114704
0.114704
0.114649
0.114649
0.114578
0.114578
0.114334
0.114334
0.114334
0.114334
0.114282
0.114145
0.114083
0.114056
0.114046
0.114042
0.114042
0.114042
0.114042
0.114032
0.114008
0.113991
0.11398
0.113973
0.113968
0.113964
0.113962
0.11396
0.113959
0.113958
0.113957
0.113957
0.113957
0.113956
0.113956
0.113956
0.113956
0.113956
0.113956
0.113956
0.113956
0.113956
0.113956
0.0994742
0.0994742
0.0994742
0.0994742
0.0994742
0.0994742
0.0994742
0.0994742
0.0994742
0.0994742
0.0994742
0.0994742
0.0994742
0.0994742
0.0994742
0.0994742
0.0994742
0.0994742
0.0994742
0.0994742
0.0994742
0.0994742
0.0994742
0.0994742
0.0994742
0.0994742
0.0994742
0.0994742
0.0994742
0.0994742
0.0994742
0.0994742
0.0994742
0.0994742
0.0873089
0.0873089
0.0873089
0.0873089
0.0873089
0.0873089
0.0873089
0.0873089
0.0873089
0.0873089
0.0873089
0.0873089
0.0873089
0.0873089
0.0873089
0.0873089
0.0873089
0.0873089
0.0873089
0.0873089
0.0873089
0.0873089
0.0873089
0.0873089
0.0873089
0.0873089
0.0873089
0.0873089
0.0873089
0.0873089
0.0873089
0.0873089
0.0873089
0.0873089
0.0873089
0.0873089
0.0873089
0.0642104
0.0642104
0.0642104
0.0642104
0.0642104
0.0642104
0.0642104
0.0642104
0.0642104
0.0642104
0.0642104
0.0642104
0.0642104
0.0642104
0.0642104
0.0642104
0.0642104
0.0642104
0.0642104
0.0586393
0.0586393
0.0586028
0.0586028
0.0586028
0.0554023
0.0554023
0.0535757
0.0535757
0.0535757
0.0535757
0.0535757
0.0535757
0.0535757
0.0535757
0.0535757
0.0532868
0.0475302
0.0475302
0.0466434
0.0466434
0.0466434
0.0466434
0.0466434
0.0466434
0.0466434
0.0466434
0.0453706
0.0453706
0.0453706
0.0453706
0.0453706
0.0453706
0.0453706
0.0453706
0.0453706
0.0453706
0.0453706
0.044836
0.044836
0.044836
0.044836
0.044836
0.044836
0.044836
0.0443989
0.0443989
0.0443362
0.0443362
0.0443088
0.0443088
0.0443088
0.0443088
0.0443088
0.0443088
0.0442728
0.0442467
0.0442467
0.0442467
0.0442467
0.0442467
0.0442467
0.0442467
0.0442461
0.0442443
0.0442435
0.0442432
0.044243
0.0442429
0.0442429
0.0442429
0.0442424
0.044242
0.0442417
0.0442416
0.0442414
0.0442413
0.0442413
0.0442412
0.0442412
0.0442412
0.0442412
0.0442412
0.0442411
0.0442411
0.0442411
0.0442411
0.0442411
0.0442411
0.0442411
0.0442411
0.0442411
0.0442411
0.0442411
0.0442411
0.0442411
0.0442411
0.0442411
0.0442411
0.0442411
0.0442411
0.0442411
0.0442411
0.0442411
0.0442411
0.0442411
0.0442411
0.0442411
0.0442411
0.0442411
0.0442411
0.0442411
0.0442411
0.0442411
0.0442411
0.0442411
0.0442411
0.0442411
0.0442411
0.0442411
0.0442411
0.0442411
0.0442411
0.0442411
0.0442411
0.0442411
0.0442411
0.0442411
0.0442411
0.0442411
0.0442411
0.0442411
0.0442411
0.0442411
0.0442411
0.0442411
0.0442411
0.0442411
0.0442411
0.0442411
0.0442411
0.0442411
0.0442411
0.0442411
0.0442411
0.0442411
0.0442411
0.0442411
0.0442411
0.0442411
0.0442411
0.0442411
0.0442411
0.0442411
0.0442411
0.0442411
0.0442411
0.0442411
0.0442411
0.0442411
0.0442411
0.0442411
0.0442411
0.0442411
0.0442411
0.0442411
0.0442411
0.0442411
0.0442411
0.0442411
0.0442411
0.0442411
0.0442411
0.0442411
0.0442411
0.0442411
0.0442411
0.0442411
0.0442411
0.0442411
0.0442411
0.0442411
0.0442411
0.0442411
0.0442411
0.0442411
0.0442411
0.0442411
0.0442411
0.0442411
0.0442411
0.0442411
0.0442411
0.0442411
0.0442411
0.0442411
0.0442411
0.0442411
0.0442411
0.0442411
0.0442411
0.0442411
0.0442411
0.0442411
0.0442411
0.0442411
0.0442411
0.0442411
0.0442411
0.0442411
0.0384202
0.0384202
0.0339483
0.0339483
0.0339483
0.0339483
0.0339483
0.0339483
0.0339483
0.0339483
0.0339483
0.0339483
0.0339483
0.0339483
0.0339483
0.0337414
0.0327354
0.0327354
0.0327354
0.0317758
0.0317758
0.0317758
0.0301904
0.0301904
0.0301904
0.0301904
0.0301904
0.0301904
0.0301904
0.0301598
0.0301598
0.0301598
0.0301598
0.0301598
0.0301598
0.0301598
0.0298837
0.0298837
0.0297759
0.0297759
0.0297071
0.0297071
0.0297071
0.0297071
0.0297071
0.0297071
0.0297071
0.0297071
0.0296336
0.0296164
0.0296164
0.0296097
0.0296097
0.0296097
0.0296097
0.0296043
0.0295946
0.0295928
0.0295928
0.0295928
0.0295928
0.0295926
0.0295914
0.0295912
0.0295912
0.0295874
0.0295859
0.0295854
0.0295853
0.0295853
0.0295853
0.0295853
0.0295853
0.0295853
0.0295853
0.0295852
0.0295852
0.0295852
0.0295852
0.0295851
0.0295851
0.029585
0.029585
0.029585
0.029585
0.029585
0.029585
0.029585
0.029585
0.029585
0.029585
0.029585
0.029585
0.029585
0.029585
0.029585
0.029585
0.029585
0.029585
0.029585
0.029585
0.029585
0.029585
0.029585
0.029585
0.029585
0.029585
0.029585
0.029585
0.029585
0.029585
0.029585
0.029585
0.029585
0.029585
0.029585
0.029585
0.029585
0.029585
0.029585
0.029585
0.029585
0.029585
0.029585
0.029585
0.029585
0.029585
0.029585
0.029585
0.029585
0.029585
0.029585
0.029585
0.029585
0.029585
0.029585
0.029585
0.029585
0.029585
0.029585
0.029585
0.029585
0.029585
0.029585
0.029585
0.029585
0.029585
0.029585
0.029585
0.029585
0.029585
0.029585
0.029585
0.029585
0.029585
0.029585
0.029585
0.029585
0.029585
0.0261313
0.0261313
0.0261313
0.0261313
0.0260924
0.0260924
0.0260924
0.0246276
0.0246276
0.0246276
0.0246276
0.0246276
0.0233005
0.0233005
0.0233005
0.0230979
0.0230979
0.0230979
0.0229792
0.0229773
0.0229773
0.0228405
0.0228405
0.0228405
0.0227955
0.0213191
0.0192515
0.0192515
0.0192371
0.0192371
0.0186295
0.018032
0.018032
0.018032
0.018032
0.018032
0.018032
0.018032
0.018032
0.018032
0.018032
0.018032
0.018032
0.018032
0.018032
0.018032
0.018032
0.018032
0.018032
0.018032
0.018032
0.018032
0.018032
0.018032
0.018032
0.018032
0.018032
0.018032
0.018032
0.018032
0.018032
0.018032
0.018032
0.018032
0.018032
0.018032
0.018032
0.018032
0.018032
0.018032
0.018032
0.018032
0.018032
0.018032
0.018032
0.018032
0.018032
0.018032
0.018032
0.018032
0.018032
0.018032
0.018032
0.018032
0.018032
0.018032
0.0168756
0.0168756
0.0168756
0.0168756
0.0168756
0.0168756
0.0167837
0.0167837
0.0167837
0.0167837
0.0167837
0.0167837
0.0167837
0.0165332
0.0165332
0.0165332
0.0165332
0.0165332
0.0165332
0.0138346
0.0123518
0.0117762
0.0115997
0.0115872
0.0115872
0.0115872
0.0115837
0.0115837
0.0115837
0.0115677
0.0115677
0.0115677
0.0115677
0.0115321
0.0115241
0.0115241
0.0111866
0.0111866
0.0111866
0.0111866
0.0111866
0.0111866
0.0111866
0.0111866
0.0111866
0.0111866
0.0111866
0.0111866
0.0111866
0.0111866
0.0111866
0.0111866
0.0111866
0.0111866
0.0111866
0.0111866
0.0111866
0.0111866
0.0111866
0.0111866
0.0111866
0.00984442
0.00984442
0.00984442
0.00984442
0.00984442
0.00984442
0.00984442
0.00984442
0.00984442
0.00984442
0.00984442
0.00984442
0.00984442
0.00943185
0.00943185
0.00943185
0.00943185
0.00943185
0.00943185
0.00943185
0.00943185
0.00943185
0.00943185
0.00943185
0.00943185
0.00926537
0.00926537
0.00849915
0.00849915
0.00849915
0.00849915
0.00836353
0.00836353
0.00836353
0.00787358
0.00787358
0.00787358
0.00787358
0.00787358
0.00787358
0.00787358
0.00787358
0.00776588
0.00776588
0.00776588
0.00776588
0.00776588
0.00776588
0.00776588
0.00776588
0.00776588
0.00776588
0.00766377
0.00766377
0.00766377
0.00766377
0.00766377
0.00766377
0.00761274
0.00761274
0.00761274
0.00761274
0.00761274
0.00761274
0.00761274
0.00761274
0.00761274
0.00759621
0.00759621
0.00759621
0.00759621
0.00759475
0.00759475
0.00759475
0.00759475
0.00759475
0.00759475
0.0075918
0.0075918
0.0075918
0.0075918
0.0075918
0.0075918
0.0075918
0.0075918
0.0075918
0.0075918
0.0075918
0.0075918
0.0075918
0.0075918
0.0075918
0.0075918
0.0075918
0.0075918
0.0075918
0.0075918
0.0075918
0.0075918
0.0075918
0.0075918
0.0075918
0.0075918
0.0075918
0.0075918
0.0075918
0.0075918
0.0075918
0.0075918
0.0075918
0.0075918
0.0075918
0.0075918
0.0075918
0.0075918
0.0075918
0.0075918
0.0075918
0.0075918
0.0075918
0.0075918
0.0075918
0.0075918
0.0075918
0.00759152
0.00759152
0.00759152
0.00759152
0.00759152
0.00759152
0.00759152
0.00759118
0.00759118
0.00759118
0.00758495
0.00753543
0.00753543
0.00753543
0.00753543
0.00753543
0.00753543
0.00753543
0.00743406
0.00743406
0.0073708
0.0073708
0.0073708
0.0073708
0.0073708
0.0073708
0.0072933
0.0072933
0.0072933
0.0072933
0.00724626
0.00724626
0.00724626
0.00724626
0.00724626
0.00717447
0.00717447
0.00717447
0.00717447
0.0071354
0.00702366
0.00702366
0.00702366
0.00702366
0.0069644
0.0067481
0.0067481
0.00637025
0.00637025
0.00637025
0.00637025
0.00637025
0.00637025
0.00637025
0.00637025
0.00637025
0.00637025
0.00637025
0.00637025
0.00637025
0.00637025
0.00637025
0.00637025
0.00637025
0.00637025
0.00637025
0.00637025
0.00637025
0.00637025
0.00637025
0.00611106
0.00611106
0.0056366
0.0056366
0.0056366
0.00530813
0.00530813
0.00507587
0.00507587
0.00507587
0.00507587
0.00507587
0.00507587
0.00507587
0.00507587
0.00507587
0.00507587
0.00507587
0.00507587
0.00507587
0.00503728
0.00465492
0.00431906
0.00431906
0.00399094
0.00399094
0.00397391
0.00397391
0.00397391
0.00397391
0.00397391
0.00397391
0.00397391
0.00397391
0.00378563
0.00378563
0.00378563
0.00378563
0.00368255
0.00368255
0.00368255
0.00368255
0.00368255
0.00362747
0.00356931
0.00353645
0.0035173
0.00350578
0.00349864
0.00210263
0.00210263
0.00210263
0.00209004
0.00209004
0.00209004
0.00209004
0.00209004
0.00209004
0.00209004
0.00209004
0.00209004
0.00209004
0.00207678
0.00207678
0.00207678
0.00196257
0.00196257
0.00196257
0.00196257
0.00196257
0.00189009
0.00189009
0.00189009
0.00189009
0.00189009
0.00189009
0.00189009
0.00189009
0.00189009
0.00176471
0.00176471
0.00176471
0.00176471
0.00176471
0.00176471
0.00176471
0.00176471
0.00176471
0.00176471
0.00171218
0.00171218
0.00160288
0.00157653
0.00157653
0.00151699
0.00151699
0.00151699
0.00150671
0.00150671
0.00150671
0.00150671
0.00150671
0.00150671
0.00150671
0.00150671
0.00150671
0.00150671
0.00150671
0.00150671
0.00150671
0.00150671
0.00150671
0.00150671
0.00150671
0.00150671
0.00150671
0.00150399
0.00150399
0.00146143
0.00146143
0.00146143
0.00146143
0.00146143
0.00146143
0.00146143
0.00146143
0.00146143
0.00146143
0.00146143
0.00146143
0.00146143
0.00146143
0.00146143
0.00146143
0.00146143
0.00146143
0.00146143
0.00146143
0.00146143
0.00146143
0.00146143
0.00146143
0.00146143
0.00146143
0.00146143
0.00146143
0.00146143
0.00146143
0.00146143
0.00146143
0.00146143
0.00146143
0.00146143
0.00146143
0.00146143
0.00146143
0.00146143
0.00146143
0.00146143
0.00146143
0.00146143
0.00146143
0.00146143
0.00146143
0.00146143
0.00146143
0.00146143
0.00146143
0.00146143
0.00146143
0.00146143
0.00146143
0.00146143
0.00145723
0.0014465
0.0014465
0.0014465
0.0014465
0.0014465
0.0014465
0.0014465
0.00144533
0.00144533
0.00144533
0.00144533
0.00144344
0.00144194
0.00144096
0.00136307
0.00136307
0.00136307
0.00135046
0.00135046
0.00135046
0.00132974
0.00132974
0.00131897
0.00130366
0.00129654
0.00129332
0.00129192
0.00129137
0.0012912
0.00129117
0.00129117
0.0012901
0.00128941
0.00128896
0.00128867
0.00128847
0.00128834
0.00128825
0.00128819
0.00128815
0.00128812
0.0012881
0.00128808
0.00128807
0.00128806
0.00128806
0.00128806
0.00128805
0.00128805
0.00125632
0.00117139
0.00114671
0.00114671
0.00114671
0.00114671
0.00114671
0.00112241
0.00110349
0.00109699
0.00109574
0.00109574
0.00108854
0.00108388
0.00108106
0.00107931
0.00107818
0.00107745
0.00107696
0.00107663
0.0010397
0.00100731
0.00100714
0.00100714
0.000957036
0.000957036
0.00091704
0.00091704
0.00091704
0.000915333
0.000915333
0.000915333
0.000915333
0.000913417
0.000912631
0.000912631
0.000912631
0.000912631
0.000909123
0.00090553
0.000903199
0.000901658
0.000900623
0.000899921
0.000899439
0.000899108
0.000898878
0.000898719
0.000898608
0.00089853
0.000898476
0.000898439
0.000898412
0.000894178
0.000867809
0.000867809
0.000867809
0.000858666
0.000858666
0.000858666
0.000858666
0.000858666
0.000858666
0.000858666
0.000858666
0.000858666
0.000858666
0.000858666
0.000858666
0.000858666
0.000858666
0.000858666
0.000858666
0.000855937
0.000855937
0.000855937
0.000855937
0.000855937
0.000855937
0.000855937
0.000855937
0.000855937
0.000855937
0.000855937
0.000855937
0.000850066
0.000848617
0.000848617
0.000848617
0.000847127
0.00084491
0.000843727
0.00084308
0.000842717
0.000842505
0.000842379
0.0008423
0.000842251
0.000842219
0.000842197
0.000842183
0.000842173
0.000842166
0.000842162
0.000842159
0.000842156
0.000842155
0.000842154
0.000842153
0.000842153
0.000842152
0.000842152
0.000842152
0.000842152
0.000842152
0.000842151
0.000842151
0.000842151
0.000842151
0.000842151
0.000842151
0.000842151
0.000842151
0.000842151
0.000842151
0.000842151
0.000842151
0.000842151
0.000842151
0.000842151
0.000842151
0.000842151
0.000842151
0.000842151
0.000842151
0.000842151
0.000842151
0.000842151
0.000842151
0.000842151
0.000784524
0.000762917
0.000762917
0.000729486
0.000729486
0.000729486
0.000729486
0.000729486
0.000729486
0.000729486
0.000729486
0.000729486
0.000729486
0.000729486
0.000729486
0.000729486
0.000727504
0.000722813
0.000722813
0.000722813
0.000722813
0.000722813
0.000722813
0.000722813
0.000722813
0.000722813
0.000722813
0.000722813
0.000722813
0.000722813
0.000722813
0.000722813
0.000722813
0.000722813
0.000722813
0.000722813
0.000722813
0.000722813
0.000722237
0.000722237
0.000722237
0.000722237
0.000722237
0.000722237
0.000722237
0.000722237
0.000722237
0.000722237
0.000722237
0.000722237
0.000722237
0.000722237
0.000722237
0.000722237
0.000722237
0.000722237
0.000722237
0.000722237
0.000722237
0.000722237
0.000722237
0.000722237
0.000722237
0.000722237
0.000722237
0.000722237
0.000722237
0.000722237
0.000722237
0.000722237
0.000722237
0.000722237
0.000722237
0.000722237
0.000722237
0.000722237
0.000722237
0.000721583
0.000721583
0.000721583
0.000721583
0.000721583
0.000721583
0.000721583
0.000721583
0.000721583
0.000721583
0.000721583
0.000721583
0.000721583
0.000716189
0.000716189
0.000716189
0.000715976
0.000714644
0.000714644
0.000706794
0.000706794
0.000706794
0.000702581
0.000699966
0.000698999
0.000698746
0.000698746
0.000696932
0.000696932
0.000695297
0.000682144
0.000670455
0.000665021
0.00065941
0.00065431


0.00325274
-0.000310146
-0.00771954
-0.000880939
0.0114278
0.000989193
0.00218744
0.00250113
-0.00132549
-0.00263534
0.00325958
0.00158391
-0.00894843
-0.000149465
-0.00325286
0.000728337
-0.00406124
0.00158755
0.00600884
0.00579309
0.00331865
-0.000115923
0.00837024
-0.00231107
-0.00411361
-6.37043e-05
0.0067872
0.0087486
0.00260504
-0.00248648

0.193

