388.586
388.586
388.586
427.708
392.782
396.103
396.103
411.015
411.015
321.312
292.13
292.13
292.13
292.13
292.13
320.407
320.407
320.407
295.41
295.41
295.41
295.41
328.446
328.446
328.446
272.324
328.446
288.244
216.87
245.555
275.499
275.499
275.499
275.499
275.499
275.499
275.499
275.499
275.499
286.32
262.478
262.478
286.32
286.32
286.32
286.32
287.544
287.544
287.544
287.544
269.466
269.466
311.418
301.206
301.206
263.152
263.152
263.152
305.065
305.065
305.065
251.703
282.506
282.506
282.506
281.69
281.69
281.69
273.235
273.235
273.235
273.235
273.235
273.235
273.235
273.235
282.506
271.486
282.506
282.506
224.688
224.688
269.854
260.375
260.375
260.375
242.925
242.925
242.925
242.925
242.925
242.925
261.434
261.434
261.434
279.623
280.528
284.931
284.931
284.931
295.048
295.048
295.048
299.48
274.753
274.753
274.753
284.03
284.03
284.03
284.03
215.402
219.417
219.417
219.417
224.235
240.813
236.28
247.096
247.096
247.096
248.226
193.454
193.454
193.454
193.454
235.121
235.121
235.121
206.013
206.013
206.013
220.885
220.885
220.885
220.885
220.885
220.885
220.885
226.925
258.325
243.424
243.424
247.954
244.547
244.547
244.547
213.4
208.352
228.231
237.755
233.074
233.074
233.074
233.074
233.074
212.187
212.187
212.187
212.187
223.959
223.959
223.959
223.959
223.959
223.959
223.959
223.959
223.959
223.959
250.574
250.574
239.421
243.488
230.783
230.783
230.783
230.783
247.256
247.256
266.745
266.745
266.745
266.745
234.716
192.242
216.761
216.761
225.979
225.979
234.982
234.982
234.602
230.474
213.149
213.149
186.206
186.206
186.206
186.206
186.206
186.206
186.206
186.206
192.712
196.892
196.892
196.892
196.892
196.892
196.892
216.421
234.442
221.658
221.658
221.658
221.658
203.174
186.955
186.955
186.955
186.955
203.174
203.174
203.174
203.174
203.174
203.174
203.174
195.256
195.256
195.256
203.174
202.586
202.586
195.485
195.485
195.485
195.485
213.13
213.13
213.13
213.13
191.261
191.261
191.261
191.261
191.261
191.261
191.261
191.261
191.261
191.261
215.034
215.034
215.034
222.304
221.101
184.724
184.724
184.724
184.724
194.862
199.445
199.445
199.445
199.445
199.445
199.445
199.445
218.405
218.405
218.405
218.405
218.405
218.405
218.405
250.326
258.313
263.412
263.412
263.412
232.33
232.33
232.33
232.33
232.33
232.33
232.33
232.33
232.33
232.33
232.33
229.405
229.405
229.405
229.405
226.144
226.144
226.144
226.144
249.415
263.978
263.978
264.924
251.594
251.594
251.594
259.49
259.49
259.49
261.217
261.217
258.881
258.881
258.881
258.881
258.881
258.881
273.361
273.361
273.361
273.361
274.129
274.129
274.129
274.129
274.129
270.618
270.618
270.618
270.618
281.628
295.851
277.077
293.453
293.453
286.704
286.704
286.704
286.036
286.036
266.269
266.269
266.269
266.269
266.269
261.225
261.225
240.181
240.181
240.181
245.706
270.885
283.315
283.315
290.294
287.044
287.044
287.044
287.044
287.044
287.044
286.099
286.099
290.294
276.368
276.368
276.368
276.368
276.368
276.368
276.368
276.368
276.368
276.368
260.676
266.303
266.303
295.554
272.021
272.021
287.319
287.319
287.319
282.479
282.479
271.273
271.273
271.273
264.331
264.331
264.331
264.331
263.592
263.592
263.592
263.592
263.592
249.715
270.955
270.955
270.955
270.955
270.955
270.955
279.048
279.048
279.048
283.542
283.542
283.312
283.312
283.312
283.312
283.312
285.722
287.987
292.819
290.288
290.288
290.288
290.288
290.288
290.288
290.288
290.288
290.288
290.288
289.441
289.441
289.441
289.441
289.441
289.441
289.441
291.031
286.501
286.501
291.031
294.191
294.191
283.057
283.057
283.057
283.057
283.057
279.434
279.434
279.434
279.434
280.426
280.426
280.426
280.426
280.176
280.426
280.426
280.426
280.426
279.79
279.79
279.79
279.79
279.79
286.104
286.104
286.104
286.104
284.526
284.526
284.526
284.526
284.526
284.526
283.793
283.793
283.793
283.793
278.578
278.578
278.578
291.811
291.811
291.257
291.257
291.811
291.811
291.811
291.811
292.615
295.622
284.966
284.966
293.279
293.279
293.279
293.279
293.279
294.887
297.16
297.16
297.16
297.16
297.16
297.16
297.16
296.811
305.979
300.089
300.089
300.089
300.089
300.089
309.026
310.026
310.554
306.815
306.815
306.815
306.815
306.815
298.719
298.719
286.845
286.845
283.49
299.274
299.503
299.503
299.503
299.503
299.503
299.503
305.183
306.999
308.959
308.701
308.701
308.701
308.701
309.537
309.537
309.537
309.537
309.537
309.537
309.537
309.537
309.537
311.917
318.374
310.116
310.116
302.905
302.905
302.905
302.905
302.905
302.905
302.905
309.763
306.856
306.856
306.856
306.856
306.856
306.856
306.856
313.846
313.846
313.846
313.385
313.385
313.385
319.449
319.449
319.449
319.449
319.922
319.922
305.138
305.138
308.501
311.639
311.639
311.639
316.812
316.031
302.633
302.633
302.633
295.784
280.093
280.093
280.093
280.093
280.093
280.093
280.093
280.093
280.093
280.093
271.883
271.883
271.883
272.33
291.177
261.028
261.028
270.371
270.371
270.371
285.347
285.347
285.347
286.242
286.242
286.242
286.242
286.242
261.292
289.807
290.114
291.014
291.014
292.976
292.976
292.976
292.976
292.976
292.976
292.976
292.976
292.976
275.585
275.585
284.256
284.256
284.256
278.716
278.716
284.256
285.461
285.512
285.512
285.512
285.512
284.657
284.657
284.657
284.657
261.073
261.073
261.073
261.073
261.073
261.073
260.359
260.359
260.359
260.359
260.359
260.359
260.359
260.359
272.426
272.426
281.793
285.495
285.495
297.653
297.746
297.746
296.177
297.568
297.568
297.568
297.568
297.568
297.568
297.568
299.893
299.893
299.893
296.993
296.993
296.993
296.993
296.993
296.993
299.871
299.871
299.871
299.871
298.68
302.282
302.282
302.282
300.005
303.271
304.15
304.953
304.953
304.953
304.953
305.196
304.952
305.595
305.595
306.136
306.136
306.136
296.687
289.341
289.341
289.341
289.341
289.341
305.274
308.025
308.025
308.31
308.31
308.31
308.31
308.31
308.31
309.731
309.731
309.731
309.731
309.731
309.731
313.013
313.013
313.013
300.854
300.854
300.854
276.179
262.916
262.916
262.916
264.445
264.445
264.445
264.445
264.445
264.445
264.445
281.334
281.334
296.824
296.824
296.824
296.824
300.309
300.309
304.561
304.561
298.088
298.088
298.088
298.088
298.088
301.808
297.539
297.539
299.785
298.249
303.091
303.091
303.091
298.155
298.155
298.587
298.587
296.686
296.686
299.384
299.384
299.384
301.281
282.57
282.57
282.57
297.52
297.52
297.52
297.52
297.675
297.675
297.675
297.675
297.675
297.675
297.675
298.504
298.504
298.504
298.504
309.932
310.136
303.298
284.62
303.298
303.298
303.298
303.298
303.298
303.298
289.665
289.665
289.665
289.665
289.919
289.919
274.479
281.235
281.235
261.407
267.198
267.198
273.509
274.852
274.852
274.852
274.852
282.799
282.535
282.535
282.535
282.535
265.579
265.579
280.773
280.773
280.773
280.773
269.643
269.643
272.602
246.799
246.799
246.799
246.799
246.799
246.799
246.799
259.944
266.946
266.946
280.548
280.548
280.548
280.548
280.548
279.313
279.328
279.328
279.328
280.548
277.455
264.61
264.61
264.61
264.61
272.482
272.482
282.96
282.96
279.325
279.325
279.325
282.492
282.492
282.492
282.492
282.492
282.492
266.537
266.537
266.537
266.537
266.537
273.439
273.439
274.155
279.57
279.57
279.57
279.57
279.57
279.57
286.022
294.83
294.83
294.83
294.83
294.83
294.83
296.059
296.059
290.729
290.729
290.532
290.532
298.591
298.591
298.591
298.591
298.591
298.988
298.988
298.988
298.988
298.988
299.98
299.98
299.98
299.98
299.98
299.98
300.967
302.128
302.128
302.128
295.87
295.87
295.87
295.87
295.87
304.077
304.077
304.077
304.077
302.772
307.177
307.177
306.574
306.574
306.574
306.574
306.574
306.574
306.574
306.574
306.574
306.574
306.574
306.574
306.574
307.143
307.333
306.341
306.341
306.341
306.341
307.02
304.291
304.291
307.18
307.18
307.18
307.18
307.18
300.083
300.083
300.083
300.083
300.083
300.083
300.083
300.083
300.083
300.083
300.083
300.083
298.803
289.548
296.453
296.453
296.453
298.305
298.305
298.267
298.267
298.961
298.961
298.961
298.961
300.245
303.437
303.437
303.437
303.437
303.437
303.437
303.437
303.437
303.437
305.014
305.132
305.132
305.132
305.132
301.217
301.217
305.712
305.712
305.712
309.377
310.141
307.129
307.129
308.379
307.651
307.651
300.321
290.772
290.772
290.772
290.772
307.651
305.193
307.086
307.086
307.086
307.086
307.086
307.086
308.593
291.367
291.367
291.367
291.721
279.976
279.976
279.976
279.976
294.95
294.95
294.95
294.95
298.108
303.336
303.336
303.336
313.741
313.741
313.741
250.404
250.404
250.404
250.404
250.404
250.404
250.404
299.534
290.576
290.576
290.576
300.878
301.153
301.153
301.153
301.153
301.153
308.336
308.863
308.863
308.863
288.487
288.487
288.487
288.487
289.059
288.948
256.246
289.059
301.984
267.656
294.704
294.704
294.704
294.704
294.704
294.704
294.704
294.704
294.704
294.704
327.59
327.59
300.544
300.544
300
327.59
295.175
295.175
295.175
295.175
295.175
349.441
349.441
321.512
321.512
321.512
321.512
313.825
313.825
334.405
331.108
331.108
331.108
331.108
331.984
331.782
331.782
331.782
331.984
331.984
331.583
331.583
331.583
331.583
331.583
331.583
331.583
331.583
331.583
331.583
331.583
308.053
291.62
291.62
291.62
291.62
297.934
304.202
306.942
316.129
314.724
314.724
314.724
314.724
294.77
310.141
314.724
314.724
314.724
314.724
320.568
320.568
320.568
320.568
320.568
326.439
331.749
331.749
331.749
331.749
331.749
332.2
332.2
332.2
333.349
333.349
333.349
333.349
333.349
333.349
333.349
333.349
330.795
331.454
331.454
331.454
331.454
331.454
317.607
317.607
317.607
317.607
317.607
317.607
317.607
318.857
318.857
315.695
315.695
315.695
315.695
315.695
315.695
315.695
319.496
319.496
317.499
280.08
279.853
279.853
279.853
279.853
279.853
279.853
279.853
279.853
279.853
279.853
286.806
286.806
277.597
277.597
298.984
298.984
298.998
304.279
304.279
309.047
309.047
309.047
309.047
309.047
309.047
309.047
309.047
298.383
298.383
298.383
298.383
298.383
291.505
291.505
291.505
291.505
291.505
291.505
293.595
293.595
293.595
293.595
304.626
304.626
304.626
306.488
306.488
306.488
311.539
311.539
311.539
311.539
304.926
317.957
312.091
312.091
312.091
314.34
314.34
314.34
314.34
302.357
294.725
294.725
311.462
311.462
311.462
311.462
311.462
311.462
311.462
311.462
311.462
311.462
312.501
312.501
296.423
298.182
298.182
298.182
298.182
310.222
310.222
310.222
310.222
310.222
310.222
310.222
310.222
315.847
315.847
315.847
315.847
315.847
315.847
319.139
319.139
314.356
314.356
314.356
314.356
314.356
314.356
314.356
314.356
314.356
314.356
305.741
305.741
305.741
314.246
314.246
318.059
318.059
325.078
325.137
325.137
308.051
308.051
308.051
300.25
300.25
300.25
300.25
300.25
300.25
308.203
306.487
306.487
306.49
313.798
313.798
312.895
312.895
312.895
312.895
312.895
312.895
312.895
312.895
312.895
312.895
312.895
312.895
307.529
304.633
304.633
312.077
311.399
311.399
311.399
312.803
312.803
312.803
312.803
312.268
312.803
312.803
312.401
309.892
309.892
312.02
312.02
312.02
312.02
314.345
314.345
314.345
314.345
314.345
314.345
314.345
305.286
305.286
317.604
317.938
318.652
318.652
318.652
318.652
318.652
317.332
318.89
319.669
324.403
324.403
319.122
320.437
317.218
317.218
317.218
287.26
287.26
287.26
287.26
320.811
320.811
322.085
322.085
322.085
311.974
311.974
301.539
301.539
319.987
319.987
319.987
319.987
319.987
318.025
318.025
318.025
323.346
322.594
322.594
327.356
327.356
327.356
301.143
301.143
301.143
301.27
301.27
285.191
285.191
285.191
285.191
285.191
285.191
315.187
317.474
319.96
319.96
330.261
330.707
330.707
330.707
334.24
334.24
332.14
332.14
332.14
325.758
325.758
325.758
331.208
333.37
333.37
326.775
326.775
326.775
330.909
333.066
334.627
336.64
336.64
336.64
341.575
341.575
341.575
298.629
298.245
298.245
298.245
298.245
310.379
310.379
310.379
311.164
328.138
328.138
328.138
328.138
328.138
328.138
328.138
328.138
287.683
287.683
287.683
287.683
313.821
313.821
313.821
302.424
302.424
302.424
302.424
302.424
302.424
302.424
302.424
302.424
292.008
292.713
292.713
292.713
292.713
292.713
307.407
307.407
309.261
309.261
309.261
309.261
285.601
285.601
285.601
285.601
285.601
285.601
293.697
293.697
293.697
293.697
275.289
275.289
275.289
275.289
275.289
275.289
275.289
275.289
282.39
282.39
289.209
289.209
289.209
289.209
297.417
297.417
297.417
297.417
307.597
307.597
307.597
307.597
314.165
314.165
309.85
309.85
309.85
309.85
313.65
299.188
299.188
299.188
299.188
299.188
328.072
328.072
328.072
328.072
323.568
323.568
327.634
327.634
330.085
328.018
324.012
324.012
324.012
324.012
324.012
324.012
324.012
324.012
324.012
326.997
330.06
330.06
330.06
330.06
330.06
330.06
331.766
333.31
333.31
333.31
333.31
333.507
333.507
333.507
333.507
333.507
327.923
327.923
341.513
341.908
338.11
338.11
338.11
338.11
338.11
338.11
335.744
335.744
338.11
338.11
338.11
338.11
338.11
344.665
344.461
337.134
337.134
337.134
337.134
337.134
337.134
337.134
330.808
330.808
330.808
330.808
330.808
330.808
333.592
333.592
333.592
333.592
333.592
333.592
333.592
333.592
333.592
333.592
333.592
333.592
335.348
335.348
335.348
332.216
332.216
332.216
332.216
341.865
341.865
342.148
342.148
342.148
342.148
343.517
343.517
343.517
343.517
343.517
325.304
329.612
329.612
332.856
334.438
334.438
334.438
334.998
334.998
334.998
334.998
334.998
337.252
337.252
331.724
331.724
338.302
338.302
338.302
338.302
338.839
340.881
340.881
340.881
344.216
344.216
344.216
344.178
344.216
345.132
345.132
345.132
344.028
344.028
344.287
344.287
344.287
344.287
345.125
345.125
343.671
343.671
346.965
348.461
348.461
348.461
348.461
348.461
349.874
349.874
349.874
349.874
349.719
350.105
350.105
350.105
350.105
348.813
336.756
336.756
336.756
336.756
336.756
336.756
336.756
336.756
341.997
341.997
341.997
342.596
342.981
342.981
342.981
342.981
342.981
342.981
342.981
342.981
342.981
342.981
342.981
346.236
346.236
345.15
345.15
345.15
345.15
343.141
343.141
343.141
343.141
345.15
345.15
347.95
347.95
347.95
347.95
347.95
347.95
344.889
345.974
345.974
347.142
347.142
335.647
334.715
326.933
326.933
326.933
326.933
334.184
334.184
333.831
333.831
333.831
337.682
331.717
331.717
336.432
340.216
340.216
341
341
341
341
341
342.284
342.284
342.284
342.65
344.249
344.249
344.249
346.374
346.374
346.374
347.101
347.101
347.721
347.022
347.022
347.721
346.469
346.469
346.469
346.469
348.001
348.001
348.001
348.923
348.923
348.923
346.131
346.131
346.131
346.131
346.131
346.131
346.131
343.665
344.044
344.044
344.044
345.404
345.404
342.476
341.232
342.476
342.476
343.951
341.736
341.736
342.491
342.491
342.491
342.491
342.491
343.951
343.951
343.829
343.219
343.219
343.219
343.219
341.319
341.319
341.319
341.319
341.319
341.319
341.319
341.319
339.99
339.99
339.99
339.99
339.99
339.99
339.99
339.99
339.99
339.99
339.99
339.99
337.514
337.514
337.514
340.262
340.262
340.262
340.262
340.262
340.262
340.262
340.262
340.262
340.262
340.262
340.262
340.262
340.262
340.262
346.911
348.238
348.655
348.655
348.655
348.166
348.289
346.377
346.377
346.874
346.874
346.55
346.55
346.55
346.765
346.765
348.22
348.092
344.597
344.597
344.597
344.302
344.302
344.302
344.505
342.669
342.669
342.669
342.669
342.669
342.669
342.669
344.24
344.24
344.24
344.24
344.24
344.24
344.24
333.68
333.68
333.68
333.68
333.68
333.68
333.594
333.68
338.721
339.146
339.146
336.665
339.859
339.859
339.859
339.859
339.859
339.834
339.834
339.834
342.02
342.02
342.762
344.893
344.58
344.58
341.461
341.461
341.461
341.849
341.849
341.849
341.849
344.733
345.251
344.552
344.552
344.552
344.552
341.517
341.517
341.413
341.413
341.413
337.871
337.871
337.871
337.871
337.871
340.544
340.544
342.03
342.03
342.038
342.038
335.946
335.946
335.946
335.946
335.946
335.946
335.946
335.946
335.946
335.946
335.946
341.409
344.855
344.576
344.576
344.576
343.925
343.925
343.925
343.925
343.925
343.925
345.936
345.74
345.74
345.74
344.57
344.57
344.473
344.473
344.473
344.473
343.083
343.083
343.083
343.083


-1.01481
0.093814
-0.69136
-0.719764
-0.0850442
-0.439829
-0.161943
0.200851
0.120755
0.129684
0.185227
0.0441267
0.190541
-0.109363
-1.07975
-0.128514
0.709449
0.629871
0.00617615
-0.826921
-0.102771
0.446362
0.799366
0.635662
-0.0688287
0.825334
0.874837
-0.0411665
0.0805386
-1.03874

0.03

