1510.67
1510.67
1510.67
1361.95
1361.95
1361.95
1361.95
1361.95
1361.95
1361.95
1193.18
1193.18
1193.18
1193.18
1193.18
1193.18
1193.18
1193.18
1040.46
1040.46
1040.46
435.773
435.773
435.773
435.773
435.773
435.773
435.773
435.773
435.773
435.773
435.773
424.421
424.421
424.421
424.421
424.421
424.421
424.421
424.421
424.421
424.421
424.421
424.421
424.421
424.421
424.421
424.421
424.421
424.421
424.421
424.421
424.421
424.421
424.421
424.421
424.421
424.421
424.421
424.421
424.421
424.421
424.421
424.421
402.918
402.918
402.918
402.918
402.918
402.918
402.918
402.918
402.918
402.918
402.918
402.918
402.918
402.918
382.519
382.519
382.519
382.519
382.519
382.519
339.766
339.766
339.766
339.766
339.766
339.766
339.766
339.766
339.766
339.766
339.766
339.766
339.766
317.883
317.883
317.883
317.883
317.883
317.883
317.883
313.044
313.044
313.044
313.044
313.044
313.044
313.044
313.044
264.106
264.106
264.106
264.106
264.106
264.106
264.106
264.106
253.678
253.678
253.678
253.678
253.678
253.678
253.678
253.678
253.678
252.728
252.728
252.728
252.728
252.728
252.728
252.728
222.866
222.866
222.866
213.592
213.592
213.592
213.592
213.592
213.592
213.592
213.592
213.592
213.592
213.592
213.592
213.592
213.592
213.592
213.592
213.592
213.592
213.592
213.592
213.592
213.592
213.592
213.592
213.592
213.592
213.592
213.592
213.592
213.592
213.592
213.592
213.592
213.592
213.592
213.592
213.592
213.592
213.592
213.592
213.592
213.592
213.592
213.592
213.592
213.592
213.592
213.592
192.357
192.357
192.357
192.357
192.357
192.357
192.357
192.357
192.357
191.013
191.013
191.013
191.013
191.013
191.013
191.013
191.013
191.013
191.013
191.013
191.013
191.013
191.013
191.013
191.013
191.013
191.013
191.013
191.013
191.013
191.013
191.013
191.013
191.013
191.013
191.013
191.013
191.013
191.013
191.013
191.013
191.013
191.013
191.013
183.563
183.563
183.563
183.563
175.796
175.796
175.796
175.796
175.796
175.796
175.796
175.796
135.633
135.633
135.633
135.633
135.633
135.633
134.356
134.356
134.356
134.356
134.356
134.356
134.356
134.356
134.356
134.356
134.356
134.356
134.356
134.356
134.356
134.356
134.356
134.356
134.356
134.356
134.356
134.356
134.356
134.356
134.356
134.356
134.356
117.748
117.748
117.748
117.748
117.748
117.748
117.748
117.748
117.748
117.748
117.748
117.748
117.748
117.748
117.748
117.748
117.748
117.748
117.748
117.748
117.748
117.748
117.748
117.748
117.748
117.748
117.748
117.748
117.748
117.748
117.748
117.748
117.748
117.048
117.048
117.048
117.048
117.048
117.048
117.048
117.048
117.048
117.048
117.048
84.5229
84.5229
84.5229
84.5229
84.5229
84.5229
84.5229
84.5229
84.5229
84.5229
84.5229
84.4266
84.4266
75.205
74.3035
74.3035
74.3035
74.3035
74.3035
74.3035
74.3035
74.3035
74.3035
74.3035
74.3035
74.3035
74.3035
74.3035
74.3035
74.3035
74.3035
74.3035
74.3035
74.3035
74.3035
74.3035
74.3035
74.3035
74.3035
74.3035
74.3035
74.3035
74.3035
74.3035
74.3035
66.1238
66.1238
66.1238
66.1238
66.1238
66.1238
66.1238
66.1238
66.1238
66.1238
66.1238
66.1238
66.1238
66.1238
66.1238
66.1238
66.1238
66.1238
66.1238
66.1238
66.1238
63.155
63.155
63.155
63.155
63.155
63.155
63.155
63.155
63.155
63.155
63.155
63.155
63.155
63.155
63.155
63.155
63.155
63.155
63.155
63.155
63.155
63.155
63.155
63.155
63.155
63.155
63.155
63.155
63.155
63.155
63.155
63.155
63.155
63.155
63.155
63.155
63.155
63.155
63.155
63.155
63.155
57.0215
57.0215
57.0215
57.0215
57.0215
57.0215
57.0215
57.0215
57.0215
57.0215
57.0215
57.0215
57.0215
57.0215
57.0215
57.0215
57.0215
57.0215
57.0215
57.0215
57.0215
57.0215
57.0215
57.0215
56.1198
56.1198
56.1198
56.1198
56.1198
56.1198
56.1198
56.1198
56.1198
56.1198
56.1198
56.1198
56.1198
56.1198
56.1198
56.1198
56.1198
56.1198
56.1198
56.1198
56.1198
56.1198
56.1198
56.1198
56.1198
56.1198
56.1198
56.1198
56.1198
56.1198
56.1198
56.1198
56.1198
56.1198
53.9132
53.9132
53.4363
53.4363
53.4363
53.4363
53.4363
52.2554
52.2554
52.2554
52.2554
52.2554
52.2554
52.2554
52.2554
52.2554
52.2554
52.2554
52.2554
52.2554
52.2554
52.2554
52.2554
52.2554
52.2554
52.2554
52.2554
52.2554
52.2554
51.9917
51.9917
51.9917
51.9917
51.9917
51.9917
51.9917
51.9917
51.9917
51.9917
51.9917
51.9917
51.9917
51.9917
51.9917
51.9917
51.9917
51.9917
51.9917
51.9917
51.9917
51.9917
51.9917
51.9917
51.9407
51.9407
51.8795
51.8795
51.8795
51.8795
51.8795
51.8795
51.8795
51.8795
51.8795
51.8795
51.8795
51.8795
51.8795
50.8071
50.8071
50.8071
50.8071
50.8071
50.8071
50.8071
50.8071
50.8071
50.8071
50.8071
50.8071
50.8071
50.8071
50.8071
50.8071
50.8071
49.1142
49.1142
49.0923
49.0923
49.0923
49.0923
49.0923
49.0923
49.0923
49.0923
49.0923
49.0923
49.0923
49.0923
49.0923
49.0923
49.0923
49.0923
49.0923
48.7994
48.7994
45.5391
45.5391
45.5391
45.5391
45.5391
45.5391
45.5391
45.5391
45.5391
45.5391
45.5391
45.5391
45.5391
45.5391
45.5391
45.5391
45.0916
45.0916
45.0916
45.0916
45.0916
45.0916
45.0916
45.0916
45.0916
45.0916
44.5365
44.5365
44.5365
44.5365
44.5365
44.5365
44.5365
44.5365
44.5365
44.5365
44.5365
44.5365
44.5365
44.5365
44.5365
44.5365
44.5365
44.5365
44.5365
44.5365
44.5365
44.5365
44.5365
44.5365
42.7893
42.7893
42.7893
42.7893
42.7893
41.5631
41.5631
41.5631
41.5631
41.5631
41.5631
41.5631
39.9062
39.9062
39.9062
39.9062
39.9062
39.9062
39.9062
39.9062
39.9062
39.9062
39.9062
39.9062
39.9062
39.9062
39.9062
39.9062
39.9062
39.9062
39.9062
39.9062
39.9062
39.9062
39.9062
39.715
39.715
39.715
39.715
39.5036
39.5036
39.5036
39.5036
39.5036
39.5036
39.5036
39.5036
39.5036
39.5036
39.4568
39.4568
39.4568
39.4568
39.4568
38.7521
38.7521
38.7521
38.7521
38.7521
38.7521
38.7521
38.7521
38.7521
38.7521
38.7521
38.7521
38.6482
38.6482
38.6191
38.6191
38.6191
37.3517
37.3517
37.3517
37.3517
37.3517
37.3517
37.3517
37.3517
37.3517
37.3517
37.3517
37.3517
37.1183
37.1183
37.1183
37.1183
37.1183
37.1183
37.1183
37.1183
37.1183
37.1183
37.1183
37.1183
37.1183
36.7664
36.7664
36.7664
36.7664
36.7664
36.7664
36.7664
36.7664
36.7664
36.7664
36.7664
36.7664
36.7664
36.7664
36.7664
36.7664
36.7664
36.7664
36.7664
36.4358
36.4358
36.4358
36.4358
36.4358
36.4358
36.4358
36.4358
36.4358
35.4266
35.4266
35.4266
35.4266
35.4266
35.4266
35.4266
35.4266
35.4266
35.4266
35.4266
35.4266
35.4266
35.4266
35.4266
35.4266
35.4266
35.4266
35.4266
35.4266
35.4266
35.4266
35.4266
35.2968
35.2968
35.2968
35.2968
35.2968
35.2968
35.2968
35.2968
35.2968
35.2968
35.2968
35.2968
35.2968
35.2968
35.2968
35.2968
35.2968
35.2968
35.2968
35.2968
35.2968
35.2968
35.2968
35.2968
35.2968
35.2968
35.2968
35.2968
35.2968
35.2968
35.2968
35.2968
35.2968
35.2968
35.2968
35.2968
35.2968
35.2968
35.2968
35.2968
35.2968
35.2074
35.2074
35.2074
35.2074
35.2074
35.2074
35.2074
35.2074
35.09
35.09
33.8005
33.8005
33.8005
33.8005
33.8005
33.8005
33.8005
33.8005
33.8005
33.8005
33.8005
33.8005
33.8005
33.8005
33.8005
33.8005
33.8005
33.8005
33.8005
33.8005
33.8005
33.8005
33.8005
33.8005
33.8005
33.8005
33.8005
33.8005
33.8005
33.8005
33.6478
33.6478
33.6478
33.6478
33.6478
33.6478
33.6478
33.6478
33.6478
33.6478
33.6478
33.6478
33.6478
33.6478
33.6478
33.6478
33.6478
33.6478
33.6478
33.6478
33.6478
33.6478
33.6478
33.6478
33.6478
33.6478
33.6478
33.6478
33.6478
33.6478
33.6478
33.6478
32.9733
32.9733
32.9733
32.9733
32.9733
32.9733
32.9733
32.8356
32.8356
32.8356
32.8356
32.8356
32.8356
32.8356
32.8356
32.8356
32.8356
32.8356
32.8356
32.8356
32.8356
32.8356
32.8356
32.8356
32.8356
32.8356
32.8356
32.8356
32.8356
32.8356
32.8356
32.8356
32.8356
32.8356
32.8356
32.8356
32.8356
32.8356
32.8356
32.8356
32.8356
32.8356
32.8356
32.8356
32.8356
32.3461
32.3461
32.3461
32.3461
32.3461
32.3461
32.3461
32.3461
32.3461
32.3461
32.3461
32.3461
32.3461
32.3461
32.3461
32.3461
32.3461
32.3461
32.3461
32.3461
32.3461
32.3461
32.3461
30.3496
30.3496
30.3496
30.3496
30.3496
30.3496
30.3496
30.3496
30.3496
30.3496
30.3496
30.3496
30.3496
30.3496
30.3496
30.3496
30.3496
30.3496
30.3496
30.3496
30.3496
30.1208
30.1208
30.1208
30.1208
30.1208
30.1208
30.1208
30.1208
30.1208
30.1208
30.1208
30.1208
30.1208
29.8585
29.8585
29.8585
29.8585
29.8585
29.8585
29.8585
29.8585
29.8585
29.8585
29.8585
29.8585
29.8585
29.8585
29.8585
29.8585
29.8585
29.8585
29.8585
29.8585
29.8585
29.8585
29.8585
29.8585
29.8585
29.8585
29.8585
29.8585
29.8585
29.8585
29.8585
29.8585
28.3005
28.3005
28.3005
28.3005
28.3005
28.3005
28.3005
28.3005
28.3005
28.3005
28.3005
28.3005
28.3005
28.3005
28.3005
28.3005
28.3005
28.3005
28.3005
28.3005
28.3005
28.3005
28.3005
28.3005
28.3005
28.3005
28.3005
28.3005
28.3005
28.3005
28.3005
28.3005
28.3005
28.3005
28.3005
28.3005
28.3005
28.3005
28.3005
28.3005
28.3005
28.3005
28.3005
28.3005
28.3005
28.3005
28.3005
28.3005
28.3005
28.3005
28.3005
28.3005
28.3005
28.3005
28.2792
28.2792
28.2792
28.2792
28.2792
28.2792
28.2792
28.2792
28.2792
28.2792
28.2792
28.2792
28.2792
28.2792
28.2792
28.1707
28.1707
28.1707
28.1707
28.1707
28.0623
28.0623
28.0623
28.0623
28.0623
28.0623
28.0623
28.0623
28.0623
28.0623
28.0623
28.0623
28.0623
28.0623
28.0623
28.0623
28.0623
28.0623
28.0623
28.0623
28.0623
28.0623
28.0623
28.0623
28.0623
28.0623
28.0623
28.0623
28.0623
28.0623
28.0623
28.0623
28.0623
28.0623
28.0623
28.0623
28.0623
28.0623
28.0623
28.0623
28.0623
28.0623
28.0623
28.0623
28.0623
28.0623
28.0623
28.0623
28.0623
28.0623
27.7931
27.7931
27.7931
27.7931
27.7931
27.7931
27.7931
27.7931
27.7931
27.7931
27.7931
27.7931
27.6606
27.6606
27.6606
27.6606
27.6606
27.6606
27.6606
27.6606
27.6606
27.6606
27.6606
27.6606
27.6606
27.6606
27.6606
27.6606
27.362
27.362
27.362
27.362
27.362
27.362
27.362
27.362
27.0775
27.0775
27.0775
27.0775
27.0775
27.0775
27.0775
27.0775
27.0775
27.0775
27.0775
27.0775
27.0775
27.0775
27.0775
27.0775
27.0775
27.0775
27.0775
27.0775
27.0775
27.0775
27.0775
27.0775
27.0775
27.0775
27.0775
27.0775
27.0775
27.0775
27.0775
27.0775
27.0775
27.0775
27.0775
27.0775
27.0775
27.0775
27.0775
27.0505
27.0505
27.0505
27.0505
27.0505
26.764
26.764
26.764
26.7622
26.7622
26.7622
26.7622
26.7622
26.7622
26.7622
26.7622
26.7622
26.7622
26.7622
26.0499
26.0499
26.0499
26.0499
25.8882
25.8882
25.8882
25.8882
25.8882
25.8882
25.8882
25.8882
25.8882
25.8882
25.8882
25.8882
25.8882
25.8882
25.8882
25.8882
25.8882
25.8882
25.8882
25.8882
25.8882
25.8882
25.8882
25.8882
25.8882
25.8882
25.8882
25.8882
25.8882
25.8882
25.8882
25.8882
25.8882
25.8882
25.8882
25.8882
25.8882
25.8882
25.8882
25.8882
25.6944
25.6944
25.6944
25.6944
25.6944
25.6944
25.6944
25.6944
25.6944
25.6944
25.6944
25.6944
25.6944
25.6944
25.2809
25.2809
25.2809
25.2809
25.2809
25.2809
25.2809
25.2809
25.2809
25.2809
25.2809
25.2809
25.2809
25.2809
24.8236
24.8236
24.8236
24.8236
24.7967
24.7967
24.7967
24.0248
24.0248
24.0248
24.0248
24.0248
24.0248
24.0248
24.0248
24.0248
24.0248
24.0248
24.0248
24.0248
24.0248
24.0248
24.0248
24.0248
24.0248
24.0248
24.0248
24.0248
24.0248
24.0248
24.0248
24.0248
24.0248
24.0248
24.0248
24.0248
24.0248
24.0248
24.0248
24.0248
24.0248
24.0248
24.0248
22.7948
22.7948
22.7948
22.7948
22.7948
22.7948
22.7948
22.7948
22.7948
22.7948
22.7948
22.7948
22.7948
22.6824
22.3485
22.3485
22.3485
22.3485
22.3485
22.3485
22.3485
22.3485
22.3485
22.3485
22.3485
22.3485
22.3485
22.3485
22.3485
22.3485
22.3479
22.3479
22.3479
22.3479
22.3479
22.3479
22.3479
22.3479
22.3479
22.3479
22.3479
22.3479
22.3479
21.9637
21.9637
21.3416
21.3416
21.3416
21.3416
21.3416
21.3416
21.3416
21.3416
21.3416
21.3416
21.3416
21.3416
21.3416
21.3416
21.3416
21.3416
21.3416
21.3416
21.3416
21.3416
21.3416
21.3416
21.3416
21.3416
21.3416
21.3416
21.3416
21.3416
21.3416
21.3416
21.3416
21.3416
21.3416
21.3416
21.3416
21.3416
21.3416
21.3416
21.3416
21.3416
21.3416
21.3416
21.3416
21.3416
21.3416
21.3416
21.3416
21.3416
21.3416
21.3416
21.3416
21.3416
21.3416
21.3416
21.3416
21.3416
21.3416
21.3416
21.3416
21.3416
21.3416
21.3416
21.3416
21.3416
21.3416
21.3416
21.3416
21.3416
21.3416
21.3416
21.3416
21.3416
21.3416
21.3416
21.3416
21.3416
21.3416
21.3416
21.3416
21.3416
21.3416
21.3416
21.3416
21.3416
21.3416
21.3416
21.3416
21.3416
21.3416
21.3416
21.3416
21.3416
21.3416
21.3416
21.3416
21.3416
21.3416
21.3416
21.3416
21.3416
21.3416
21.3416
21.3416
21.3416
21.3345
21.3345
21.3345
21.3345
21.3345
21.3345
21.3345
21.3345
21.3345
21.3345
21.3345
21.3345
21.3345
21.197
21.197
21.0399
21.0399
21.0399
21.0399
21.0399
21.0399
21.0399
21.0273
21.0273
21.0273
21.0273
21.0273
21.0273
21.0273
21.0273
21.0273
21.0273
21.0273
20.811
20.811
20.811
20.811
20.811
20.811
20.811
20.811
20.811
20.811
20.4937
20.4937
20.4937
20.4937
20.4937
20.4937
20.4937
20.4937
20.4937
20.4937
20.4937
20.4937
20.4937
20.4937
20.4937
20.4937
20.4937
20.4937
20.4637
20.4637
20.4637
20.4637
20.4637
20.4637
20.4637
20.4637
20.4637
20.4637
20.4637
20.4637
20.4637
20.4637
19.7032
19.7032
19.7032
19.7032
19.7032
19.7032
19.7032
19.7032
19.7032
19.7032
19.7032
19.7032
19.7032
19.7032
19.7032
19.7032
19.7032
19.7032
19.7032
19.7032
19.7032
19.7032
19.7032
19.7032
18.8516
18.8516
18.8516
18.8516
18.8516
18.8516
18.8516
18.8516
18.8516
18.8516
18.8516
18.8516
18.8516
18.8516
18.8516
18.8516
18.8516
18.8516
18.8516
18.8516
18.8516
18.8516
18.8516
18.8516
18.8516
18.8516
18.8516
18.8516
18.8516
18.8516
18.8516
18.8516
18.8516
18.8516
18.8516
18.8516
18.8516
18.8516
18.8516
18.8516
18.8516
18.8516
18.8516
18.8516
18.8516
18.8516
18.8516
18.8516
18.8516
18.8516
18.8516
18.8516
18.8516
18.8516
18.8516
18.8516
18.8516
18.8516
18.8516
18.8516
18.8516
18.8516
18.8516
18.8516
18.8516
18.8516
18.8516
18.8516
18.8516
18.8516
18.8516
18.8516
18.8516
18.8516
18.8516
18.8516
18.8516
18.8516
18.8516
18.8516
18.8516
18.8516
18.8516
18.8516
18.8516
18.8516
18.8516
18.8516
18.8516
18.8516
18.8516
18.8516
18.8516
18.8516
18.8516
18.8516
18.8516
18.8516
18.8516
18.8516
18.8516
18.8516
18.8516
18.8516
18.8516
18.8516
18.8516
18.8516
18.8516
18.8516
18.8516
18.8516
18.8516
18.8516
18.8516
18.8516
18.8516
18.8516
18.8516
18.8516
18.8516
18.8516
18.8516
18.8516
18.8516
18.8516
18.8516
18.8516
18.8516
18.8516
18.8516
18.8516
18.8516
18.8516
18.8516
18.8516
18.8516
18.8516
18.8516
18.8516
18.8516
18.8516
18.8516
18.8516
18.8516
18.8516
18.8516
18.8516
18.8516
18.8516
18.8516
18.8516
18.8516
18.8516
18.8516
18.8516
18.8516
18.8516
18.7996
18.7996
18.7996
18.7996
18.7996
18.7996
18.7996
18.7996
18.7996
18.7996
18.7996
18.7996
18.7996
18.7996
18.7635
18.7635
18.7635
18.7635
18.7635
18.7635
18.7635
18.7635
18.7635
18.7635
18.7635
18.7635
18.7635
18.7635
18.7635
18.7537
18.7537
18.6422
18.6422
18.6422
18.6422
18.6422
18.6422
18.6422
18.6422
18.6422
18.6422
18.6422
18.6422
18.6422
18.6422
18.6422
18.6422
18.6422
18.6422
18.6422
18.4008
18.4008
18.4008
18.4008
18.4008
18.4008
18.4008
18.4008
18.4008
18.4008
18.4008
18.4008
18.4008
18.4008
18.4008
18.3863
18.3863
18.3863
18.3863
18.3863
18.3863
18.3863
18.3863
18.3863
18.3863
18.3863
18.3863
18.3863
18.3863
18.3863
18.3863
18.3863
18.3863
18.3863
18.3863
18.3863
18.3863
18.3863
18.3863
18.3863
18.3863
18.1617
18.1617
18.1617
18.1617
18.1617
18.1617
18.1617
18.1617
18.1617
18.1617
18.1617
18.1617
18.1617
18.1617
18.1617
18.1617
18.1617
18.1617
18.1617
18.1617
18.1617
18.1617
18.1617
18.1617
18.1617
18.1617
18.1617
18.1617
18.1617
18.1617
18.1315
18.1315
18.1315
18.1315
18.1315
18.1144
18.1144
18.1144
18.1144
18.0903
18.0903
18.0903
18.0903
18.0903
18.0903
18.0789
18.0789
18.0789
18.0789
18.0789
18.0789
18.0789
18.0789
18.0789
18.0112
18.0112
18.0112
18.0112
18.0112
18.0031
17.7788
17.7788
17.7788
17.7788
17.7788
17.7788
17.7788
17.583
17.583
17.583
17.583
17.583
17.583
17.5724
17.5724
17.5724
17.1451
17.1451
17.1451
17.1451
17.1451
17.1451
17.1451
17.1451
17.1451
17.1451
17.1451
17.1451
17.1451
17.1451
17.1451
17.1451
17.1451
17.1451
17.1451
17.1451
17.1451
17.1451
17.0593
17.0593
17.0593
17.0593
17.0593
17.0593
17.0593
17.0593
17.0593
17.0593
16.9203
16.9203
16.9203
16.9203
16.9203
16.9203
16.9203
16.9203
16.9203
16.9203
16.9203
16.9203
16.9203
16.9203
16.9203
16.9203
16.9203
16.9203
16.9203
16.9203
16.9203
16.9203
16.9203
16.9203
16.9203
16.9203
16.9203


-0.35309
-0.845982
-0.621187
-0.656988
-0.184411
-0.233755
0.0342742
0.328905
0.243012
0.0675038
-0.0695357
-0.268527
-0.255399
-0.19091
-0.0704247
-0.0412843
-0.0513407
0.0309366
0.137605
0.263082
0.184427
0.0791045
0.000103508
-0.00710719
-0.104467
-0.0188057
0.237909
0.289646
0.19308
-0.0919323

0.024

