-0.107658
-0.107658
-0.1438
-0.1438
-0.1438
-0.1438
-0.1438
-0.287001
-0.287001
-0.287001
-0.30846
-0.30846
-0.30846
-0.30846
-0.30846
-0.30846
-0.30846
-0.30846
-0.30846
-0.358548
-0.490839
-0.490839
-0.490839
-0.490839
-0.490839
-0.490839
-0.490839
-0.490839
-0.495198
-0.495198
-0.495198
-0.495198
-0.496359
-0.496359
-0.507857
-0.507857
-0.517194
-0.517194
-0.517194
-0.517194
-0.517194
-0.517194
-0.517194
-0.517194
-0.517194
-0.517194
-0.526957
-0.526957
-0.526957
-0.526957
-0.526957
-0.526957
-0.526957
-0.526957
-0.526957
-0.526957
-0.526957
-0.526957
-0.526957
-0.526957
-0.526957
-0.526957
-0.532682
-0.534423
-0.534423
-0.534423
-0.534423
-0.534423
-0.534423
-0.534423
-0.534423
-0.534423
-0.561164
-0.561164
-0.561164
-0.561164
-0.561164
-0.561164
-0.561164
-0.561164
-0.561164
-0.56283
-0.56283
-0.573753
-0.573753
-0.573753
-0.577987
-0.577987
-0.577987
-0.577987
-0.577987
-0.589055
-0.589055
-0.589055
-0.589055
-0.589055
-0.589055
-0.589055
-0.590686
-0.590686
-0.590686
-0.590686
-0.590686
-0.590686
-0.590686
-0.590686
-0.590686
-0.591154
-0.591154
-0.591154
-0.591154
-0.591154
-0.591154
-0.591154
-0.591154
-0.591154
-0.591154
-0.591154
-0.591154
-0.614922
-0.614922
-0.614922
-0.626585
-0.626585
-0.626585
-0.665677
-0.665677
-0.665677
-0.665677
-0.684771
-0.685481
-0.685516
-0.685516
-0.685516
-0.685516
-0.685516
-0.685516
-0.685516
-0.685516
-0.685516
-0.685516
-0.685516
-0.685516
-0.685516
-0.685516
-0.685516
-0.685516
-0.685516
-0.685516
-0.685516
-0.690096
-0.690096
-0.690096
-0.690096
-0.690096
-0.690096
-0.690096
-0.690096
-0.690096
-0.690096
-0.690096
-0.690096
-0.690096
-0.690096
-0.690096
-0.690096
-0.690096
-0.690096
-0.690096
-0.690096
-0.690096
-0.690096
-0.690096
-0.690096
-0.690096
-0.691148
-0.691148
-0.691148
-0.691148
-0.691148
-0.691148
-0.691148
-0.691148
-0.696241
-0.696241
-0.696241
-0.696241
-0.696241
-0.696241
-0.704706
-0.724872
-0.724872
-0.73676
-0.73676
-0.73676
-0.73676
-0.73676
-0.73676
-0.73676
-0.738023
-0.738023
-0.738023
-0.738023
-0.738023
-0.738023
-0.738023
-0.738023
-0.738023
-0.74255
-0.74255
-0.750253
-0.75667
-0.75667
-0.756679
-0.756679
-0.756679
-0.756679
-0.756679
-0.756679
-0.756679
-0.756679
-0.756679
-0.756756
-0.756756
-0.756756
-0.756756
-0.756756
-0.756756
-0.756756
-0.756756
-0.756756
-0.756756
-0.756773
-0.756773
-0.756773
-0.75982
-0.75982
-0.75982
-0.75982
-0.75982
-0.760142
-0.760247
-0.760255
-0.760595
-0.760595
-0.760595
-0.763878
-0.763878
-0.763878
-0.763878
-0.763878
-0.763878
-0.763878
-0.763878
-0.763878
-0.771466
-0.771466
-0.771466
-0.771466
-0.771581
-0.771581
-0.771581
-0.771581
-0.771581
-0.774061
-0.774061
-0.774061
-0.774061
-0.774061
-0.774061
-0.774061
-0.774061
-0.774061
-0.774061
-0.774061
-0.774061
-0.774061
-0.774061
-0.774061
-0.774061
-0.774061
-0.774061
-0.77501
-0.77501
-0.77501
-0.77501
-0.77501
-0.77501
-0.77501
-0.77501
-0.77501
-0.775182
-0.775182
-0.792026
-0.792026
-0.792026
-0.792026
-0.792026
-0.792026
-0.792026
-0.792026
-0.792026
-0.792026
-0.792818
-0.792818
-0.792818
-0.792818
-0.792818
-0.792818
-0.792818
-0.793511
-0.793511
-0.793511
-0.794928
-0.794928
-0.794928
-0.794928
-0.79623
-0.79623
-0.79623
-0.79623
-0.79623
-0.79642
-0.79642
-0.79642
-0.79642
-0.79642
-0.79642
-0.79642
-0.79642
-0.796489
-0.796489
-0.796842
-0.798849
-0.798849
-0.798849
-0.798849
-0.798849
-0.798849
-0.798881
-0.798881
-0.798961
-0.798961
-0.798961
-0.798961
-0.798961
-0.798975
-0.798975
-0.798975
-0.798975
-0.799009
-0.799009
-0.799009
-0.799009
-0.799009
-0.799009
-0.801326
-0.801326
-0.801756
-0.801756
-0.801756
-0.801756
-0.801756
-0.801756
-0.801756
-0.801756
-0.801756
-0.801756
-0.801756
-0.813522
-0.813522
-0.813522
-0.813522
-0.813522
-0.813522
-0.813522
-0.813522
-0.813522
-0.813522
-0.813522
-0.813522
-0.813522
-0.814085
-0.814085
-0.814085
-0.814085
-0.814085
-0.814085
-0.814085
-0.814085
-0.814321
-0.814321
-0.814321
-0.814321
-0.814321
-0.814687
-0.814687
-0.814687
-0.814687
-0.814687
-0.820834
-0.820834
-0.820834
-0.820834
-0.820834
-0.820834
-0.820834
-0.820834
-0.820834
-0.820834
-0.820834
-0.820834
-0.820834
-0.820834
-0.820834
-0.820834
-0.820834
-0.820834
-0.820834
-0.820834
-0.820834
-0.822373
-0.822373
-0.822373
-0.822373
-0.826428
-0.826428
-0.826428
-0.826428
-0.826428
-0.834931
-0.834931
-0.834931
-0.834931
-0.834931
-0.835054
-0.835054
-0.835054
-0.835054
-0.835054
-0.835054
-0.835054
-0.835078
-0.837834
-0.837834
-0.843504
-0.843504
-0.843504
-0.843504
-0.843504
-0.843504
-0.843504
-0.843504
-0.843504
-0.843504
-0.843504
-0.843504
-0.843504
-0.843504
-0.843504
-0.843504
-0.843504
-0.843504
-0.843504
-0.843504
-0.843504
-0.843504
-0.843504
-0.843504
-0.843504
-0.847052
-0.847052
-0.847913
-0.847913
-0.847913
-0.847913
-0.847913
-0.847913
-0.847913
-0.848295
-0.850186
-0.850186
-0.850186
-0.850186
-0.850186
-0.850186
-0.850186
-0.850186
-0.850186
-0.850186
-0.850186
-0.850217
-0.85045
-0.850478
-0.850478
-0.850478
-0.85057
-0.85057
-0.85068
-0.85068
-0.85068
-0.85068
-0.850893
-0.850893
-0.850893
-0.850893
-0.850893
-0.850893
-0.850893
-0.850893
-0.850893
-0.850893
-0.850893
-0.850893
-0.850893
-0.850893
-0.850893
-0.850893
-0.850893
-0.850893
-0.850893
-0.850893
-0.850893
-0.850893
-0.850893
-0.850893
-0.850893
-0.850893
-0.850893
-0.850893
-0.850966
-0.850966
-0.850966
-0.850966
-0.850966
-0.850966
-0.850966
-0.850966
-0.850966
-0.850966
-0.850966
-0.850966
-0.850966
-0.850966
-0.850966
-0.854886
-0.855933
-0.855933
-0.855933
-0.856078
-0.856078
-0.856491
-0.856491
-0.856491
-0.856491
-0.856491
-0.856768
-0.856768
-0.856768
-0.856768
-0.856768
-0.856768
-0.856768
-0.856768
-0.856768
-0.856768
-0.856768
-0.856768
-0.856768
-0.856768
-0.857017
-0.857017
-0.857017
-0.857017
-0.857427
-0.857427
-0.85745
-0.85745
-0.85745
-0.85745
-0.85745
-0.85745
-0.85745
-0.85745
-0.85761
-0.85761
-0.85761
-0.857952
-0.857952
-0.857952
-0.857952
-0.857952
-0.857952
-0.857952
-0.857952
-0.857952
-0.857952
-0.857952
-0.857952
-0.857952
-0.857952
-0.858013
-0.858013
-0.858296
-0.858296
-0.858296
-0.858298
-0.858298
-0.858298
-0.858298
-0.858298
-0.858298
-0.858298
-0.859009
-0.859009
-0.859066
-0.859066
-0.859066
-0.859066
-0.859066
-0.859066
-0.859066
-0.859066
-0.859066
-0.859066
-0.859066
-0.859066
-0.859066
-0.859104
-0.859169
-0.859169
-0.859169
-0.859169
-0.859169
-0.859169
-0.859169
-0.859171
-0.859246
-0.859251
-0.859251
-0.87813
-0.87813
-0.87813
-0.87813
-0.87813
-0.87813
-0.87813
-0.87813
-0.87813
-0.87813
-0.87813
-0.87813
-0.87813
-0.878141
-0.878156
-0.878156
-0.878156
-0.878156
-0.880981
-0.880981
-0.880981
-0.880981
-0.880981
-0.880981
-0.881125
-0.881953
-0.881953
-0.882034
-0.883125
-0.883125
-0.883125
-0.883125
-0.883125
-0.883125
-0.883125
-0.883125
-0.883125
-0.883125
-0.883125
-0.883125
-0.883125
-0.883125
-0.883125
-0.883125
-0.883125
-0.883125
-0.883125
-0.883447
-0.883447
-0.883447
-0.883447
-0.883725
-0.883725
-0.883725
-0.883725
-0.883725
-0.883725
-0.883725
-0.883725
-0.883725
-0.883725
-0.883725
-0.883725
-0.883773
-0.883773
-0.883773
-0.883773
-0.883773
-0.883773
-0.883773
-0.883972
-0.883972
-0.883972
-0.883972
-0.883972
-0.883972
-0.883972
-0.883972
-0.883972
-0.883972
-0.883972
-0.883972
-0.883972
-0.884001
-0.884001
-0.884001
-0.884001
-0.884001
-0.884001
-0.884001
-0.884001
-0.884001
-0.884001
-0.884001
-0.884001
-0.884001
-0.884001
-0.884001
-0.884001
-0.884001
-0.884001
-0.884001
-0.884001
-0.884001
-0.884005
-0.884005
-0.884418
-0.884418
-0.884418
-0.884418
-0.884418
-0.884418
-0.884418
-0.884418
-0.884418
-0.884418
-0.884418
-0.884418
-0.884418
-0.884418
-0.884475
-0.884475
-0.884475
-0.884475
-0.884475
-0.884475
-0.896807
-0.896807
-0.896807
-0.896807
-0.896807
-0.896807
-0.896807
-0.896807
-0.896807
-0.896807
-0.896807
-0.897108
-0.897108
-0.897232
-0.898167
-0.898167
-0.898167
-0.898167
-0.90207
-0.90207
-0.90207
-0.90207
-0.90207
-0.90207
-0.90207
-0.902091
-0.902091
-0.902091
-0.902091
-0.902091
-0.902091
-0.902091
-0.902091
-0.902091
-0.902091
-0.902091
-0.902091
-0.902091
-0.902128
-0.902128
-0.90215
-0.90215
-0.90215
-0.902238
-0.902238
-0.902238
-0.902238
-0.902695
-0.903573
-0.903573
-0.903573
-0.903573
-0.903635
-0.903635
-0.903899
-0.903899
-0.90409
-0.904215
-0.904215
-0.904215
-0.904215
-0.90506
-0.90506
-0.90506
-0.90506
-0.90506
-0.90506
-0.90506
-0.90506
-0.90508
-0.90508
-0.905434
-0.905434
-0.905434
-0.905434
-0.905434
-0.905434
-0.905434
-0.905434
-0.905434
-0.905434
-0.905434
-0.913248
-0.913248
-0.913248
-0.913248
-0.913248
-0.913248
-0.913248
-0.913248
-0.913315
-0.913315
-0.913315
-0.913315
-0.913321
-0.913321
-0.913321
-0.913321
-0.913321
-0.913321
-0.913321
-0.913321
-0.9137
-0.9137
-0.9137
-0.9137
-0.9137
-0.9137
-0.9137
-0.9137
-0.9137
-0.9137
-0.9137
-0.9137
-0.9137
-0.9137
-0.9137
-0.915458
-0.915458
-0.915458
-0.915458
-0.915458
-0.917735
-0.917735
-0.917735
-0.917735
-0.917735
-0.917735
-0.917735
-0.917735
-0.917735
-0.917735
-0.917735
-0.917735
-0.917735
-0.917735
-0.917735
-0.917735
-0.917735
-0.917735
-0.917735
-0.917735
-0.922132
-0.922132
-0.922132
-0.922132
-0.922132
-0.922132
-0.922132
-0.922132
-0.922132
-0.922132
-0.922132
-0.922132
-0.922132
-0.922132
-0.922133
-0.922133
-0.922152
-0.922152
-0.922152
-0.928892
-0.930857
-0.930857
-0.930857
-0.930857
-0.930857
-0.930857
-0.930857
-0.930857
-0.930857
-0.930857
-0.931018
-0.931018
-0.931018
-0.931018
-0.931018
-0.931018
-0.931018
-0.931018
-0.931022
-0.931022
-0.931022
-0.931022
-0.93107
-0.931074
-0.931074
-0.931074
-0.931074
-0.931094
-0.931094
-0.931094
-0.931094
-0.931094
-0.931094
-0.931094
-0.931094
-0.931157
-0.931157
-0.931157
-0.931181
-0.931181
-0.931188
-0.931188
-0.931188
-0.931188
-0.931188
-0.932922
-0.932922
-0.932922
-0.932922
-0.932922
-0.932922
-0.933516
-0.933516
-0.933516
-0.933516
-0.933516
-0.935516
-0.935516
-0.935516
-0.935516
-0.935516
-0.935516
-0.935516
-0.935516
-0.935516
-0.935516
-0.935516
-0.935516
-0.935516
-0.935745
-0.935745
-0.935745
-0.935847
-0.935847
-0.935847
-0.935847
-0.935847
-0.935847
-0.935847
-0.935847
-0.935847
-0.935847
-0.935847
-0.935847
-0.935847
-0.935847
-0.935847
-0.935847
-0.935847
-0.935847
-0.935847
-0.935858
-0.935858
-0.935858
-0.935858
-0.935858
-0.935858
-0.935858
-0.935858
-0.935858
-0.935858
-0.935858
-0.935858
-0.935858
-0.935858
-0.935858
-0.935858
-0.935858
-0.935858
-0.935858
-0.935877
-0.935877
-0.935877
-0.935877
-0.935877
-0.935877
-0.935877
-0.936622
-0.936622
-0.936622
-0.936622
-0.936622
-0.936622
-0.936622
-0.936622
-0.936622
-0.936622
-0.936622
-0.936622
-0.936622
-0.936622
-0.936622
-0.936622
-0.936622
-0.936622
-0.93768
-0.937755
-0.937755
-0.937755
-0.937755
-0.937755
-0.937755
-0.937755
-0.937755
-0.937755
-0.937755
-0.937755
-0.937755
-0.937755
-0.937755
-0.937755
-0.937755
-0.937755
-0.937755
-0.937755
-0.937755
-0.937755
-0.937755
-0.937757
-0.937757
-0.937757
-0.937757
-0.937775
-0.937968
-0.937968
-0.938723
-0.938723
-0.938723
-0.938723
-0.938723
-0.938723
-0.938723
-0.938723
-0.938723
-0.938723
-0.941059
-0.941059
-0.941059
-0.941059
-0.941059
-0.941977
-0.941977
-0.942947
-0.942947
-0.942947
-0.942947
-0.943137
-0.943137
-0.943137
-0.943137
-0.943137
-0.943152
-0.943184
-0.943184
-0.943184
-0.943184
-0.943259
-0.943259
-0.943259
-0.943259
-0.943759
-0.943759
-0.943759
-0.943768
-0.943768
-0.943768
-0.943768
-0.943768
-0.943768
-0.943841
-0.943841
-0.943841
-0.943841
-0.943841
-0.943841
-0.943841
-0.943841
-0.943841
-0.944952
-0.94521
-0.94521
-0.94521
-0.94521
-0.945266
-0.945266
-0.945266
-0.945266
-0.945266
-0.945266
-0.945266
-0.945266
-0.945266
-0.945266
-0.945266
-0.945266
-0.945266
-0.945266
-0.945266
-0.945266
-0.945266
-0.945266
-0.945266
-0.945279
-0.945279
-0.945312
-0.945526
-0.945526
-0.945526
-0.945526
-0.945526
-0.945526
-0.945526
-0.945526
-0.945526
-0.945526
-0.945526
-0.945526
-0.945526
-0.945526
-0.945526
-0.945526
-0.945526
-0.945963
-0.945963
-0.945963
-0.947082
-0.947082
-0.947082
-0.947082
-0.947082
-0.947082
-0.947082
-0.947082
-0.947082
-0.947082
-0.947311
-0.947311
-0.947311
-0.947311
-0.947311
-0.947311
-0.947311
-0.947664
-0.947664
-0.947664
-0.947664
-0.947664
-0.947664
-0.947664
-0.947664
-0.947664
-0.947664
-0.947664
-0.947664
-0.947664
-0.947664
-0.947664
-0.947664
-0.947664
-0.947664
-0.947664
-0.947664
-0.947664
-0.947664
-0.947664
-0.947664
-0.947664
-0.947664
-0.947664
-0.947664
-0.947664
-0.947664
-0.947667
-0.947667
-0.947667
-0.947668
-0.947668
-0.947668
-0.947668
-0.947668
-0.947668
-0.947668
-0.947668
-0.947668
-0.947668
-0.947678
-0.947678
-0.947678
-0.947678
-0.947678
-0.947678
-0.95236
-0.95236
-0.95236
-0.95236
-0.952485
-0.952485
-0.952485
-0.952485
-0.952485
-0.952485
-0.952786
-0.952786
-0.952786
-0.952786
-0.952786
-0.952786
-0.952786
-0.952786
-0.952786
-0.952786
-0.952786
-0.952786
-0.952883
-0.952883
-0.952883
-0.952883
-0.952883
-0.952883
-0.952883
-0.952883
-0.952883
-0.952883
-0.952883
-0.952932
-0.952932
-0.95294
-0.95294
-0.95294
-0.95294
-0.95294
-0.952942
-0.952942
-0.952942
-0.952942
-0.952942
-0.952942
-0.952942
-0.953106
-0.953106
-0.953106
-0.953106
-0.953106
-0.953137
-0.953137
-0.953137
-0.953137
-0.953137
-0.953137
-0.953137
-0.953137
-0.953137
-0.953137
-0.953137
-0.953137
-0.953162
-0.953162
-0.953162
-0.953162
-0.953162
-0.953162
-0.953162
-0.953162
-0.953162
-0.953162
-0.953162
-0.953162
-0.953162
-0.953162
-0.953162
-0.953162
-0.953162
-0.953162
-0.953162
-0.954124
-0.954124
-0.954124
-0.954124
-0.954124
-0.954124
-0.954124
-0.954124
-0.954124
-0.954124
-0.954124
-0.954124
-0.954939
-0.954939
-0.954939
-0.954939
-0.955049
-0.955049
-0.955077
-0.955077
-0.955077
-0.955077
-0.955077
-0.955077
-0.955077
-0.955077
-0.955082
-0.955082
-0.955082
-0.955398
-0.955398
-0.955398
-0.955398
-0.955398
-0.955398
-0.955398
-0.955398
-0.955398
-0.955398
-0.955398
-0.955402
-0.955402
-0.955402
-0.955402
-0.955402
-0.955402
-0.95579
-0.95579
-0.955808
-0.955808
-0.955808
-0.955808
-0.955808
-0.955808
-0.955808
-0.955808
-0.955808
-0.955808
-0.955808
-0.955808
-0.955808
-0.955808
-0.955808
-0.955808
-0.955808
-0.955808
-0.955808
-0.955855
-0.955855
-0.955855
-0.955855
-0.955855
-0.955855
-0.957171
-0.957171
-0.957171
-0.957171
-0.957171
-0.957171
-0.957171
-0.957171
-0.957171
-0.957318
-0.957318
-0.957318
-0.957318
-0.957318
-0.957318
-0.957318
-0.957318
-0.957318
-0.957318
-0.957318
-0.957318
-0.957318
-0.957318
-0.957318
-0.957318
-0.957318
-0.957318
-0.957318
-0.957318
-0.957318
-0.957318
-0.957318
-0.957318
-0.957318
-0.957318
-0.957723
-0.957723
-0.957723
-0.957723
-0.957723
-0.957723
-0.957723
-0.957723
-0.957723
-0.957723
-0.957723
-0.957723
-0.957723
-0.957723
-0.957723
-0.957723
-0.957723
-0.957723
-0.957723
-0.957723
-0.957723
-0.957723
-0.957723
-0.957723
-0.957723
-0.957726
-0.957726
-0.957726
-0.957726
-0.957726
-0.957726
-0.957726
-0.957726
-0.957726
-0.957726
-0.957727
-0.958301
-0.958301
-0.958301
-0.958301
-0.959086
-0.959147
-0.959147
-0.959147
-0.959147
-0.959147
-0.959147
-0.959147
-0.959147
-0.959147
-0.95915
-0.95915
-0.959432
-0.959591
-0.959591
-0.959591
-0.959591
-0.959591
-0.959591
-0.959591
-0.959591
-0.960313
-0.960313
-0.960313
-0.960313
-0.960313
-0.960313
-0.960313
-0.960476
-0.960476
-0.960476
-0.960476
-0.960476
-0.960476
-0.960476
-0.960476
-0.960476
-0.960476
-0.960476
-0.960476
-0.960476
-0.960476
-0.960476
-0.960476
-0.960723
-0.961508
-0.961508
-0.961508
-0.961508
-0.961508
-0.961508
-0.961508
-0.961508
-0.961508
-0.961508
-0.961508
-0.961508
-0.961508
-0.961508
-0.961508
-0.961508
-0.961509
-0.961509
-0.961509
-0.961509
-0.961509
-0.961509
-0.961509
-0.961509
-0.961509
-0.961509
-0.961509
-0.961509
-0.961509
-0.961509
-0.961509
-0.961509
-0.961509
-0.961509
-0.961509
-0.961509
-0.961509
-0.961509
-0.961509
-0.961509
-0.961509
-0.961509
-0.961513
-0.961513
-0.961513
-0.961513
-0.961513
-0.961513
-0.961513
-0.961513
-0.961513
-0.961513
-0.961513
-0.961513
-0.961513
-0.961583
-0.961583
-0.961583
-0.961583
-0.961583
-0.961583
-0.961614
-0.961614
-0.961614
-0.961615
-0.961615
-0.961615
-0.961615
-0.961615
-0.961615
-0.961633
-0.961633
-0.961633
-0.961633
-0.961633
-0.961633
-0.961661
-0.961678
-0.961678
-0.961678
-0.961678
-0.961678
-0.961678
-0.961678
-0.961678
-0.961678
-0.961678
-0.961796
-0.961796
-0.961796
-0.961801
-0.961801
-0.961801
-0.961801
-0.961801
-0.961801
-0.961801
-0.961973
-0.961973
-0.961973
-0.961973
-0.961973
-0.961973
-0.961973
-0.961973
-0.961973
-0.961973
-0.961973
-0.962583
-0.962583
-0.962583
-0.962583
-0.962583
-0.962583
-0.962583
-0.962583
-0.962583
-0.962583
-0.962583
-0.962605
-0.962605
-0.962605
-0.962605
-0.962605
-0.962605
-0.962605
-0.962605
-0.962605
-0.962605
-0.962605
-0.962605
-0.962605
-0.962677
-0.962677
-0.962677
-0.962677
-0.962677
-0.962677
-0.962677
-0.962677
-0.962677
-0.962677
-0.962677
-0.962677
-0.962677
-0.962677
-0.962677
-0.962677
-0.96269
-0.96269
-0.96269
-0.96269
-0.96269
-0.96269
-0.96269
-0.96269
-0.962692
-0.962692
-0.962692
-0.962692
-0.962692
-0.962692
-0.962692
-0.962692
-0.962692
-0.962743
-0.963119
-0.963119
-0.963119
-0.963119
-0.963119
-0.963119
-0.963119
-0.963119
-0.963119
-0.963119
-0.963235
-0.963235
-0.963235
-0.963235
-0.963235
-0.963235
-0.963235
-0.963235
-0.96418
-0.96418
-0.96418
-0.96418
-0.96418
-0.96418
-0.96418
-0.96418
-0.96418
-0.96418
-0.96418
-0.96418
-0.96418
-0.96418
-0.96418
-0.96418
-0.96418
-0.96418
-0.96418
-0.964203
-0.964235
-0.964235
-0.964235
-0.964271
-0.964271
-0.964271
-0.964271
-0.964271
-0.964271
-0.964271
-0.964271
-0.964271
-0.964271
-0.964271
-0.964284
-0.964284
-0.964284
-0.964284
-0.964723
-0.964723
-0.964912
-0.964953
-0.964953
-0.964953
-0.964953
-0.964953
-0.964953
-0.964953
-0.964953
-0.964953
-0.964953
-0.964953
-0.964953
-0.964953
-0.964953
-0.964953
-0.964953
-0.964953
-0.964953
-0.965209
-0.965209
-0.965209
-0.965209
-0.965209
-0.965229
-0.965229
-0.965229
-0.965229
-0.965229
-0.965229
-0.965272
-0.965272
-0.965472
-0.965592
-0.965592
-0.965592
-0.965592
-0.965592
-0.965592
-0.965592
-0.965617
-0.965726
-0.965726
-0.965726
-0.965726
-0.965726
-0.965726
-0.965726
-0.965726
-0.965726
-0.965726
-0.965726
-0.965726
-0.965726
-0.965726
-0.965726
-0.965726
-0.965726
-0.965726
-0.965726
-0.965726
-0.965726
-0.965728
-0.965728
-0.96575
-0.96575
-0.96575
-0.96575
-0.965763
-0.965763
-0.965813
-0.965813
-0.965876
-0.965876
-0.965876
-0.965876
-0.965876
-0.965876
-0.965876
-0.965876
-0.965876
-0.965896
-0.965896
-0.965896
-0.965896
-0.965896
-0.965896
-0.965896
-0.965896
-0.965896
-0.965896
-0.965896
-0.965896
-0.965896
-0.965896
-0.965896
-0.965896
-0.965896
-0.965896
-0.965898
-0.965898
-0.965898
-0.965898
-0.965898
-0.965898
-0.965898
-0.965898
-0.965898
-0.965898
-0.965898
-0.965898
-0.965898
-0.965898
-0.965898
-0.965898
-0.965898
-0.965898
-0.965898
-0.965898
-0.966117
-0.966194
-0.966194
-0.966194
-0.966194
-0.966194
-0.966194
-0.966197
-0.966197
-0.966197
-0.966197
-0.966197
-0.96632
-0.96632
-0.96632
-0.96632
-0.96632
-0.966593
-0.966593
-0.966593
-0.966593
-0.966593
-0.966593
-0.966593
-0.966597
-0.966599
-0.966599
-0.966599
-0.966599
-0.966599
-0.966599
-0.966599
-0.966599
-0.966599
-0.966636
-0.966636
-0.966666
-0.966666
-0.966666
-0.966666
-0.966666
-0.966666
-0.966666
-0.966668
-0.966668
-0.966668
-0.966668
-0.966687
-0.966687
-0.966687
-0.966687
-0.966697
-0.96682
-0.966948
-0.966948
-0.967282
-0.967282
-0.967282
-0.967357
-0.967357
-0.967357
-0.967357
-0.967357
-0.967357
-0.967357
-0.967357
-0.967357
-0.967357
-0.967443
-0.967455
-0.967493
-0.967493
-0.967493
-0.967529
-0.967529
-0.967529
-0.967529
-0.967529
-0.967529
-0.967529
-0.967529
-0.967529
-0.967529
-0.967553
-0.967553
-0.967553
-0.967553
-0.967553
-0.967553
-0.967553
-0.967555
-0.967555
-0.967558
-0.967558
-0.967558
-0.967558
-0.967558
-0.967558
-0.967558
-0.967558
-0.967558
-0.967558
-0.967562
-0.967562
-0.967562
-0.967562
-0.967562
-0.967562
-0.967562
-0.967563
-0.967563
-0.967576
-0.967576
-0.967576
-0.967576
-0.967576
-0.967576
-0.967576
-0.967576
-0.967576
-0.967579
-0.967579


0.0908007
0.0851457
-0.0179061
0.00159108
-0.0162782
-0.0384074
-0.0609565
-0.057676
-0.0595354
-0.0486529
-0.0300317
-0.0253258
-0.0178501
0.0263837
0.0276881
0.0374196
0.0377215
0.0240477
-0.0396205
-0.0395513
-0.0441504
-0.0579223
-0.0615913
-0.0474133
-0.0183153
-0.0216776
0.0073395
0.0143679
0.0143688
0.113697

0.024

