0.869027
0.869027
0.869027
0.869027
0.869027
0.989025
0.989025
0.989025
0.444976
0.444976
0.444976
0.444976
0.444976
0.444976
0.444976
0.444976
0.444976
0.444976
0.444976
0.444976
0.444976
0.444976
0.444976
0.444976
0.444976
0.444976
0.444976
0.444976
0.444976
0.444976
0.444976
0.444976
0.444976
0.444976
0.444976
0.444976
0.444976
0.444976
0.444976
0.444976
0.444976
0.444976
0.444976
0.444976
0.444976
0.444976
0.444976
0.444976
0.444976
0.444976
0.444976
0.444976
0.444976
0.444976
0.444976
0.444976
0.444976
0.444976
0.444976
0.444976
0.444976
0.444976
0.444976
0.444976
0.444976
0.444976
0.444976
0.444976
1.11442
1.11442
1.11442
1.11442
1.11442
1.11442
1.11442
1.11442
1.11442
1.11442
1.11442
1.11442
0.958164
0.958164
0.958164
0.958164
0.958164
0.958164
1.11442
1.11442
1.11442
1.11442
1.11442
1.11442
1.11442
1.11442
1.11442
1.11442
1.05873
1.11442
1.11442
1.11442
1.11442
1.11442
0.939028
0.939028
1.22929
0.958164
0.958164
0.958164
0.958164
0.958164
0.958164
0.939028
0.939028
0.939028
0.752469
0.752469
0.752469
0.752469
0.752469
0.752469
0.752469
0.752469
0.752469
0.752469
0.752469
0.752469
0.752469
0.939028
0.939028
0.939028
0.939028
0.939028
0.752469
0.752469
0.752469
0.752469
0.752469
0.752469
0.752469
0.752469
0.752469
0.752469
0.752469
0.752469
0.752469
0.752469
0.752469
0.752469
0.752469
0.752469
0.752469
0.752469
0.752469
0.752469
0.752469
0.752469
0.752469
0.752469
0.752469
0.752469
0.939028
0.939028
0.939028
0.939028
0.939028
0.939028
0.939028
0.939028
0.939028
0.939028
0.939028
0.939028
0.939028
0.939028
0.765646
0.765646
0.765646
0.939028
0.939028
0.939028
0.939028
0.939028
0.939028
0.939028
0.939028
0.939028
0.803694
0.803694
0.803694
0.803694
0.803694
0.803694
0.803694
0.803694
0.803694
0.803694
0.803694
0.803694
0.803694
0.803694
0.803694
0.510844
0.803694
0.803694
0.803694
0.803694
0.803694
0.803694
0.803694
0.803694
0.945194
0.945194
0.945194
0.945194
0.945194
0.945194
0.945194
0.945194
0.945194
0.945194
0.945194
0.945194
0.945194
0.945194
0.945194
0.750274
0.945194
0.945194
0.945194
0.975291
0.975291
0.975291
0.975291
0.975291
0.802195
0.802195
0.802195
0.802195
0.802195
0.802195
0.802195
0.802195
0.802195
0.802195
0.802195
0.802195
0.802195
0.802195
0.802195
0.802195
0.802195
0.802195
0.802195
0.802195
0.802195
0.802195
0.802195
0.802195
0.775283
0.775283
0.775283
0.775283
0.766001
0.766001
0.766001
0.766001
0.766001
0.766001
0.766001
0.766001
0.766001
0.766001
0.766001
0.766001
0.766001
0.766001
0.766001
0.975291
0.975291
0.766001
0.766001
0.766001
0.766001
0.766001
0.766001
0.766001
0.605839
0.605839
0.605839
0.605839
0.605839
0.605839
0.605839
0.605839
0.605839
0.605839
0.605839
0.605839
0.605839
0.605839
0.605839
0.605839
0.605839
0.605839
0.605839
0.605839
0.605839
0.605839
0.605839
0.605839
0.605839
0.605839
0.605839
0.605839
0.605839
0.605839
0.605839
0.605839
0.569696
0.488685
0.488685
0.488685
0.488685
0.488685
0.488685
0.488685
0.488685
0.488685
0.488685
0.488685
0.488685
0.488685
0.488685
0.488685
0.488685
0.488685
0.488685
0.488685
0.488685
0.488685
0.488685
0.488685
0.488685
0.488685
0.488685
0.488685
0.488685
0.488685
0.488685
0.488685
0.580262
0.580262
0.580262
0.690019
0.690019
0.690019
0.690019
0.690019
0.690019
1.01507
1.01507
1.01507
1.01507
1.01251
1.01251
1.01251
1.01251
1.01251
0.823978
0.823978
0.823978
0.823978
0.823978
0.563558
0.563558
0.563558
0.563558
0.563558
0.563558
0.563558
0.823978
0.964538
0.964538
0.964538
0.964538
0.964538
0.964538
0.964538
0.964538
0.964538
0.678906
0.678906
0.678906
0.678906
0.678906
0.678906
0.678906
0.678906
0.678906
0.678906
0.678906
0.678906
0.678906
0.678906
0.678906
0.678906
0.501206
0.501206
0.501206
0.501206
0.501206
0.501206
0.501206
0.501206
0.501206
0.501206
0.501206
0.678906
0.678906
0.678906
0.678906
0.678906
0.678906
0.678906
0.678906
0.678906
0.848809
0.848809
0.808621
0.848809
0.848809
0.848809
0.848809
0.848809
0.809667
0.809667
0.809667
0.809667
0.809667
0.809667
0.809667
0.809667
0.809667
0.809667
0.809667
0.809667
0.809667
0.809667
0.809667
0.809667
0.648266
0.648266
0.648266
0.648266
0.648266
0.648266
0.648266
0.648266
0.648266
0.648266
0.648266
0.648266
0.648266
0.648266
0.648266
0.648266
0.648266
0.648266
0.648266
0.648266
0.648266
0.648266
0.648266
0.648266
0.648266
0.648266
0.648266
0.648266
0.848811
0.848811
0.0622801
0.0622801
0.0622801
0.0622801
0.0622801
0.0622801
0.0622801
0.0622801
0.0622801
0.0622801
0.0622801
0.0622801
0.0622801
0.0622801
0.0622801
0.0622801
0.0622801
0.0622801
0.0622801
0.0622801
0.0622801
0.0622801
0.0622801
0.0622801
0.0622801
0.0622801
0.0622801
0.0622801
0.0622801
0.0622801
0.0622801
0.0622801
0.718691
0.718691
0.718691
0.718691
0.718691
0.718691
0.718691
0.719763
0.719763
0.719763
0.719763
0.719763
0.719763
0.719763
0.0758595
0.0758595
0.0758595
0.0758595
0.0758595
0.0758595
0.0758595
0.0758595
0.0758595
0.0758595
0.0758595
0.0758595
0.0758595
0.0758595
0.0758595
0.0758595
0.0758595
0.0758595
0.0758595
0.0758595
0.0758595
0.0758595
0.0758595
0.0758595
0.0758595
0.0758595
0.0758595
0.0758595
0.0758595
0.0758595
0.0758595
0.0758595
0.0758595
0.0758595
0.462723
0.462723
0.462723
0.462723
0.462723
0.462723
0.462723
0.462723
0.462723
0.719763
0.719763
0.445
0.0758595
0.0758595
0.0758595
0.0758595
0.0758595
0.0758595
0.0758595
0.0758595
0.0758595
0.0758595
0.0758595
0.0758595
0.0758595
0.0758595
0.0758595
0.0758595
0.0758595
0.0758595
0.0758595
0.0758595
0.0758595
0.0758595
0.0758595
0.0758595
0.0758595
0.0758595
0.0758595
0.499519
0.499519
0.499519
0.499519
0.499519
0.499519
0.499519
0.499519
0.499519
0.499519
0.499519
0.499519
0.678949
0.678949
0.678949
0.908765
0.952553
0.952553
0.952553
0.952553
0.880189
0.880189
0.880189
0.0758595
0.0758595
0.0758595
0.0758595
0.0758595
0.0758595
0.0758595
0.0758595
0.0758595
0.0758595
0.0758595
0.0758595
0.0758595
0.0758595
0.0758595
0.0758595
0.0758595
0.0758595
0.0758595
0.0758595
0.0758595
0.0758595
0.0758595
0.0758595
0.0758595
0.0758595
0.0758595
0.0758595
0.0758595
0.0758595
0.475967
0.475967
0.475967
0.475967
0.475967
0.475967
0.475967
0.475967
0.475967
0.475967
0.475967
0.475967
0.475967
0.475967
0.475967
0.475967
0.475967
0.475967
0.475967
0.475967
0.475967
0.475967
0.475967
0.475967
0.475967
0.475967
0.475967
0.475967
0.475967
0.475967
0.475967
0.543514
0.543514
0.543514
0.543514
0.543514
0.543514
0.543514
0.511244
0.511244
0.543514
0.543514
0.543514
0.543514
0.285265
0.285265
0.285265
0.285265
0.543514
0.543514
0.543514
0.543514
0.543514
0.543514
0.543514
0.543514
0.543514
0.543514
0.543514
0.543514
0.543514
0.543514
0.543514
0.543514
0.543514
0.543514
0.543514
0.543514
0.543514
0.543514
0.543514
0.543514
0.543514
0.439027
0.543514
0.543514
0.543514
0.543514
0.543514
0.543514
0.543514
0.543514
0.543514
0.708398
0.708398
0.708398
0.708398
0.708398
0.708398
0.708398
0.811821
0.811821
0.811821
0.811821
0.811821
0.811821
0.811821
0.811821
0.811821
0.811821
0.811821
0.811821
0.811821
0.811821
0.856341
0.723598
0.723598
0.495362
0.495362
0.495362
0.495362
0.495362
0.495362
0.495362
0.495362
0.495362
0.495362
0.708398
0.708398
0.708398
0.708398
0.708398
0.708398
0.723598
0.723598
0.723598
0.67739
0.67739
0.67739
0.67739
0.67739
0.67739
0.67739
0.576313
0.576313
0.576313
0.576313
0.576313
0.576313
0.576313
0.554715
0.554715
0.157741
0.157741
0.157741
0.157741
0.157741
0.157741
0.157741
0.157741
0.157741
0.157741
0.157741
0.157741
0.157741
0.157741
0.265587
0.265587
0.265587
0.265587
0.265587
0.576313
0.576313
0.576313
0.576313
0.576313
0.576313
0.576313
0.576313
0.576313
0.576313
0.576313
0.576313
0.576313
0.576313
0.576313
0.496554
0.496554
0.44763
0.44763
0.44763
0.44763
0.44763
0.44763
0.44763
0.44763
0.44763
0.44763
0.44763
0.44763
0.44763
0.285313
0.285313
0.285313
0.285313
0.285313
0.285313
0.285313
0.285313
0.285313
0.285313
0.285313
0.285313
0.285313
0.285313
0.285313
0.285313
0.285313
0.285313
0.285313
0.285313
0.285313
0.285313
0.285313
0.285313
0.393919
0.393919
0.352957
0.352957
0.393919
0.393919
0.393919
0.393919
0.393919
0.393919
0.393919
0.393919
0.393919
0.393919
0.393919
0.393919
0.393919
0.393919
0.393919
0.35117
0.35117
0.393919
0.393919
0.35117
0.349125
0.349125
0.349125
0.349125
0.349125
0.349125
0.349125
0.349125
0.349125
0.349125
0.349125
0.349125
0.349125
0.349125
0.349125
0.349125
0.476749
0.476749
0.476749
0.476749
0.569471
0.569471
0.569471
0.569471
0.569471
0.569471
0.569471
0.569471
0.576313
0.576313
0.600384
0.600384
0.600384
0.600384
0.600384
0.600384
0.600384
0.501155
0.501155
0.501155
0.501155
0.501155
0.501155
0.501155
0.501155
0.501155
0.501155
0.501155
0.501155
0.501155
0.501155
0.501155
0.501155
0.501155
0.501155
0.501155
0.501155
0.501155
0.501155
0.501155
0.501155
0.501155
0.501155
0.501155
0.39621
0.39621
0.39621
0.39621
0.501155
0.501155
0.39621
0.389383
0.389383
0.389383
0.389383
0.389383
0.389383
0.389383
0.389383
0.389383
0.389383
0.389383
0.389383
0.389383
0.389383
0.389383
0.389383
0.389383
0.389383
0.389383
0.389383
0.389383
0.389383
0.389383
0.389383
0.389383
0.389383
0.389383
0.600384
0.600384
0.600384
0.600384
0.600384
0.385842
0.358611
0.358611
0.358611
0.358611
0.358611
0.358611
0.358611
0.358611
0.358611
0.358611
0.358611
0.358611
0.358611
0.385842
0.26452
0.26452
0.26452
0.26452
0.26452
0.26452
0.26452
0.26452
0.385842
0.385842
0.385842
0.385842
0.385842
0.385842
0.385842
0.385842
0.385842
0.385842
0.385842
0.385842
0.385842
0.385842
0.385842
0.385842
0.385842
0.385842
0.385842
0.385842
0.385842
0.385842
0.385842
0.385842
0.385842
0.385842
0.385842
0.385842
0.385842
0.385842
0.385842
0.385842
0.385842
0.385842
0.385842
0.385842
0.385842
0.385842
0.385842
0.385842
0.385842
0.385842
0.385842
0.385842
0.385842
0.385842
0.385842
0.385842
0.385842
0.385842
0.385842
0.385842
0.385842
0.385842
0.385842
0.385842
0.385842
0.553973
0.553973
0.553973
0.553973
0.553973
0.553973
0.54923
0.54923
0.54923
0.54923
0.54923
0.54923
0.54923
0.54923
0.546499
0.546499
0.255421
0.255421
0.255421
0.255421
0.255421
0.255421
0.255421
0.255421
0.255421
0.255421
0.255421
0.255421
0.255421
0.255421
0.255421
0.255421
0.255421
0.406739
0.406739
0.406739
0.406739
0.406739
0.406739
0.406739
0.406739
0.406739
0.406739
0.406739
0.406739
0.406739
0.406739
0.406739
0.136881
0.136881
0.136881
0.136881
0.136881
0.136881
0.136881
0.136881
0.136881
0.136881
0.136881
0.136881
0.136881
0.136881
0.136881
0.136881
0.136881
0.136881
0.136881
0.136881
0.136881
0.136881
0.136881
0.136881
0.136881
0.136881
0.136881
0.136881
0.136881
0.136881
0.136881
0.136881
0.136881
0.136881
0.136881
0.136881
0.136881
0.136881
0.136881
0.136881
0.136881
0.136881
0.136881
0.136881
0.136881
0.136881
0.136881
0.136881
0.136881
0.136881
0.136881
0.136881
0.136881
0.136881
0.136881
0.136881
0.136881
0.136881
0.136881
0.406739
0.406739
0.406739
0.406739
0.406739
0.406739
0.406739
0.406739
0.406739
0.406739
0.406739
0.406739
0.406739
0.322535
0.322535
0.464137
0.464137
0.464137
0.485561
0.485561
0.485561
0.485561
0.485561
0.485561
0.485561
0.485561
0.485561
0.485561
0.485561
0.485561
0.464137
0.464137
0.464137
0.464137
0.464137
0.464137
0.464137
0.464137
0.464137
0.464137
0.432605
0.432605
0.432605
0.432605
0.432605
0.432605
0.432605
0.432605
0.432605
0.432605
0.432605
0.432605
0.432605
0.432605
0.432605
0.303315
0.303315
0.303315
0.303315
0.303315
0.303315
0.303315
0.303315
0.303315
0.303315
0.303315
0.303315
0.303315
0.303315
0.303315
0.303315
0.303315
0.303315
0.303315
0.303315
0.303315
0.303315
0.303315
0.303315
0.303315
0.303315
0.303315
0.303315
0.303315
0.303315
0.303315
0.303315
0.303315
0.303315
0.303315
0.134996
0.134996
0.134996
0.134996
0.134996
0.134996
0.134996
0.134996
0.134996
0.134996
0.134996
0.134996
0.134996
0.134996
0.134996
0.134996
0.134996
0.134996
0.134996
0.134996
0.134996
0.134996
0.134996
0.134996
0.134996
0.134996
0.134996
0.130176
0.130176
0.130176
0.130176
0.130176
0.130176
0.134996
0.134996
0.134996
0.134996
0.134996
0.134996
0.134996
0.134996
0.134996
0.134996
0.134996
0.134996
0.134996
0.134996
0.134996
0.134996
0.134996
0.134996
0.134996
0.134996
0.134996
0.134996
0.134996
0.134996
0.134996
0.134996
0.134996
0.134996
0.134996
0.316121
0.316121
0.316121
0.429977
0.429977
0.429977
0.429977
0.429977
0.429977
0.525649
0.525649
0.525649
0.525649
0.525649
0.525649
0.525649
0.525649
0.525649
0.5581
0.5581
0.149275
0.149275
0.149275
0.149275
0.149275
0.149275
0.149275
0.149275
0.149275
0.444959
0.444959
0.444959
0.444959
0.444959
0.444959
0.444959
0.444959
0.444959
0.367561
0.367561
0.367561
0.367561
0.367561
0.367561
0.367561
0.367561
0.367561
0.367561
0.367561
0.367561
0.367561
0.367561
0.367561
0.367561
0.367561
0.367561
0.367561
0.367561
0.367561
0.367561
0.264461
0.264461
0.264461
0.264461
0.264461
0.264461
0.264461
0.264461
0.264461
0.264461
0.264461
0.264461
0.264461
0.264461
0.264461
0.264461
0.264461
0.264461
0.264461
0.264461
0.264461
0.264461
0.427825
0.427825
0.427825
0.427825
0.427825
0.427825
0.427825
0.427825
0.427825
0.427825
0.427825
0.427825
0.427825
0.427825
0.427825
0.427825
0.427825
0.427825
0.27611
0.27611
0.27611
0.27611
0.27611
0.27611
0.27611
0.27611
0.27611
0.27611
0.27611
0.27611
0.27611
0.27611
0.163819
0.163819
0.27611
0.27611
0.27611
0.27611
0.27611
0.27611
0.27611
0.27611
0.27611
0.27611
0.27611
0.27611
0.27611
0.365531
0.365531
0.365531
0.365531
0.365531
0.163819
0.163819
0.163819
0.163819
0.163819
0.163819
0.163819
0.163819
0.163819
0.163819
0.163819
0.163819
0.163819
0.163819
0.163819
0.163819
0.163819
0.163819
0.111973
0.111973
0.111973
0.111973
0.111973
0.111973
0.111973
0.111973
0.111973
0.111973
0.111973
0.111973
0.111973
0.111973
0.111973
0.111973
0.111973
0.111973
0.111973
0.111973
0.111973
0.111973
0.111973
0.111973
0.111973
0.111973
0.111973
0.111973
0.111973
0.216283
0.216283
0.216283
0.216283
0.278273
0.278273
0.347397
0.347397
0.347397
0.347397
0.347397
0.347397
0.347397
0.347397
0.347397
0.347397
0.347397
0.347397
0.376861
0.376861
0.376861
0.376861
0.376861
0.376861
0.376861
0.376861
0.216283
0.216283
0.216283
0.216283
0.216283
0.109492
0.109492
0.109492
0.109492
0.109492
0.109492
0.109492
0.109492
0.109492
0.109492
0.109492
0.109492
0.109492
0.109492
0.109492
0.109492
0.109492
0.109492
0.109492
0.109492
0.109492
0.109492
0.109492
0.109492
0.109492
0.109492
0.109492
0.109492
0.109492
0.109492
0.109492
0.109492
0.109492
0.109492
0.109492
0.109492
0.109492
0.383446
0.383446
0.383446
0.383446
0.383446
0.383446
0.383446
0.383446
0.383446
0.383446
0.383446
0.383446
0.383446
0.383446
0.383446
0.383446
0.383446
0.383446
0.383446
0.383446
0.383446
0.383446
0.383446
0.383446
0.383446
0.383446
0.383446
0.383446
0.383446
0.383446
0.383446
0.383446
0.383446
0.383446
0.383446
0.383446
0.383446
0.383446
0.383446
0.383446
0.383446
0.383446
0.383446
0.383446
0.383446
0.383446
0.383446
0.353776
0.353776
0.353776
0.353776
0.353776
0.353776
0.353776
0.353776
0.353776
0.353776
0.353776
0.353776
0.353776
0.353776
0.353776
0.417268
0.417268
0.417268
0.417268
0.417268
0.417268
0.417268
0.417268
0.417268
0.35252
0.35252
0.35252
0.35252
0.35252
0.35252
0.35252
0.35252
0.35252
0.35252
0.35252
0.35252
0.35252
0.35252
0.35252
0.35252
0.338383
0.338383
0.338383
0.338383
0.35252
0.35252
0.35252
0.35252
0.35252
0.35252
0.35252
0.35252
0.35252
0.35252
0.138887
0.138887
0.138887
0.138887
0.138887
0.138887
0.138887
0.35252
0.35252
0.35252
0.35252
0.35252
0.35252
0.35252
0.119408
0.119408
0.119408
0.119408
0.119408
0.119408
0.119408
0.119408
0.119408
0.119408
0.119408
0.119408
0.119408
0.119408
0.119408
0.119408
0.119408
0.119408
0.119408
0.050595
0.050595
0.050595
0.050595
0.050595
0.341661
0.341661
0.341661
0.341661
0.341661
0.341661
0.341661
0.341661
0.342128
0.373115
0.373115
0.309524
0.309524
0.309524
0.309524
0.309524
0.342107
0.342107
0.342107
0.342107
0.342107
0.367322
0.367322
0.367322
0.367322
0.367322
0.367322
0.367322
0.367322
0.367322
0.309524
0.309524
0.309524
0.309524
0.309524
0.309524
0.309524
0.309299
0.0538106
0.0538106
0.0538106
0.0538106
0.0538106
0.0538106
0.0538106
0.0538106
0.0538106
0.367322
0.271877
0.271877
0.271877
0.271877
0.271877
0.271877
0.271877
0.271877
0.271877
0.271877
0.271877
0.191473
0.191473
0.191473
0.191473
0.271877
0.271877
0.271877
0.271877
0.271877
0.271877
0.372959
0.372959
0.372959
0.372959
0.372959
0.372959
0.372959
0.372959
0.372959
0.138887
0.138887
0.138887
0.138887
0.138887
0.138887
0.138887
0.138887
0.138887
0.138887
0.138887
0.138887
0.138887
0.138887
0.138887
0.138887
0.138887
0.138887
0.138887
0.249685
0.249685
0.249685
0.249685
0.249685
0.417081
0.417081
0.417081
0.417081
0.417081
0.417081
0.417081
0.417081
0.417081
0.417081
0.417081
0.417081
0.417081
0.417081
0.417081
0.417081
0.417081
0.307021
0.307021
0.307021
0.307021
0.307021
0.307021
0.307021
0.307021
0.307021
0.307021
0.417081
0.417081
0.417081
0.417081
0.417081
0.547149
0.547149
0.547149
0.547149
0.341397
0.547149
0.547149
0.547149
0.136121
0.136121
0.136121
0.136121
0.136121
0.136121
0.136121
0.136121
0.136121
0.555779
0.555779
0.276356
0.276356
0.276356
0.276356
0.276356
0.276356
0.276356
0.276356
0.276356
0.276356
0.136121
0.136121
0.136121
0.136121
0.136121
0.136121
0.136121
0.136121
0.136121
0.136121
0.0793602
0.0793602
0.0793602
0.0793602
0.0793602
0.0793602
0.0793602
0.0793602
0.276356
0.276356
0.276356
0.276356
0.121983
0.121983
0.121983
0.121983
0.285325
0.285325
0.285325
0.285325
0.285325
0.21203
0.21203
0.21203
0.21203
0.21203
0.21203
0.21203
0.21203
0.21203
0.21203
0.21203
0.21203
0.21203
0.21203
0.21203
0.21203
0.21203
0.21203
0.21203
0.21203
0.21203
0.21203
0.21203
0.21203
0.21203
0.21203
0.21203
0.076914
0.076914
0.076914
0.076914
0.21203
0.20357
0.09075
0.09075
0.09075
0.09075
0.09075
0.20357
0.20357
0.20357
0.129095
0.129095
0.129095
0.129095
0.129095
0.18736
0.18736
0.18736
0.18736
0.18736
0.169853
0.127925
0.127925
0.127925
0.127925
0.127925
0.127925
0.127925
0.127925
0.127925
0.127925
0.127925
0.127925
0.127925
0.127925
0.127925
0.127925
0.127925
0.127925
0.127925
0.127925
0.169853
0.169853
0.210138
0.210138
0.210138
0.210138
0.210138
0.146237
0.146237
0.146237
0.146237
0.146237
0.146237


-0.00167852
0.262917
-0.223792
0.0586871
0.217078
0.345195
0.508774
0.00839259
-0.68041
0.117344
0.470077
-0.629933
-0.0740684
0.0229804
-0.157445
-0.414228
0.225623
-0.31016
-0.459944
-0.222571
-0.451521
0.106906
0.614551
-0.0966521
-0.327921
0.484054
0.24131
0.782098
0.728996
0.168004

0.029

