621.55
621.55
559.49
559.49
559.49
559.49
559.49
559.49
559.49
559.49
559.49
559.49
559.49
559.49
559.49
559.49
559.49
559.49
559.49
559.49
559.49
555.683
555.683
555.683
555.683
555.683
555.683
555.683
419.493
419.493
419.493
419.493
419.493
419.493
419.493
419.493
419.493
419.493
419.493
419.493
419.493
419.493
419.493
419.493
419.493
419.493
419.493
419.493
419.493
419.493
419.493
419.493
419.493
419.493
419.493
419.493
419.493
419.493
325.952
325.952
325.952
325.952
325.952
325.952
325.952
325.952
325.952
325.952
325.952
325.952
325.952
325.952
325.952
325.952
325.952
325.952
325.952
325.952
325.952
325.952
325.952
325.952
325.952
325.952
325.952
325.952
325.952
325.952
325.952
325.952
325.952
325.952
315.693
315.693
315.693
315.693
315.693
315.693
315.693
315.693
315.693
315.693
315.693
315.693
315.693
315.693
315.693
315.693
315.693
315.693
315.693
315.693
315.693
315.693
315.693
315.693
315.693
315.693
315.693
315.693
315.693
315.693
315.693
315.693
315.693
315.693
315.693
315.693
315.693
315.693
315.693
315.693
315.693
315.693
315.693
315.693
315.693
248.08
248.08
248.08
248.08
248.08
248.08
248.08
248.08
248.08
248.08
248.08
248.08
248.08
248.08
248.08
248.08
248.08
248.08
248.08
248.08
248.08
248.08
248.08
248.08
248.08
248.08
248.08
248.08
248.08
197.485
197.485
197.485
197.485
197.485
197.485
197.485
197.485
197.485
197.485
197.485
197.485
197.485
197.485
197.485
197.485
197.485
197.485
197.485
197.485
197.485
197.485
197.485
197.485
197.485
197.485
197.485
197.485
197.485
197.485
184.69
184.69
184.69
184.69
184.69
184.69
184.69
184.69
184.69
184.69
184.69
184.69
170.402
170.402
170.402
147.114
147.114
147.114
147.114
147.114
147.114
147.114
147.114
147.114
130.75
130.75
130.75
130.75
130.75
130.75
130.75
130.75
130.75
130.75
130.75
130.75
130.75
130.75
130.75
130.75
130.75
130.75
130.75
125.507
125.507
125.507
125.507
125.507
125.507
125.507
125.507
125.507
125.507
125.507
125.507
125.507
125.507
125.507
125.507
125.507
100.251
100.251
100.251
100.251
100.251
100.251
100.251
100.251
95.9504
95.9504
95.9504
95.9504
95.9504
95.9504
95.9504
95.9504
95.9504
95.9504
95.9504
95.9504
95.9504
95.9504
95.9504
95.9504
95.9504
95.9504
95.9504
95.9504
95.9504
95.9504
87.8868
87.8868
87.8868
87.8868
87.8868
87.8868
87.8868
87.8868
87.8868
87.8868
87.8868
87.8868
87.8868
87.8868
87.8868
87.8868
87.8868
87.8868
87.8868
87.8868
87.8868
87.8868
87.8868
87.8868
87.8868
87.8868
87.8868
87.8868
87.8868
87.8868
87.8868
87.8868
87.8868
73.9381
73.9381
73.9381
73.9381
73.9381
73.9381
73.9381
73.9381
73.9381
73.9381
73.9381
69.611
56.4516
56.4516
56.4516
56.4516
56.4516
56.4516
56.4516
56.4516
56.4516
56.4516
56.4516
56.4516
56.4516
56.4516
56.4516
56.4516
56.4516
55.9236
55.9236
53.5557
53.5557
53.5557
53.5557
53.1909
53.1909
53.1909
53.1909
53.1909
53.1909
53.1909
53.1909
53.1909
44.0354
44.0354
44.0354
44.0354
44.0354
44.0354
44.0354
44.0354
44.0354
44.0354
44.0354
44.0354
44.0354
44.0354
44.0354
44.0354
44.0354
44.0354
44.0354
44.0354
44.0354
44.0354
44.0354
44.0354
31.2453
31.2453
31.2453
31.2453
31.2453
31.2453
31.2453
31.2453
31.2453
31.2453
31.2453
31.2453
31.2453
31.2453
31.2453
31.2453
31.2453
31.2453
31.2453
31.2453
31.2453
31.2453
31.2453
31.2453
31.2453
31.2453
31.2453
31.2453
31.2453
31.2453
31.2453
31.2453
31.2453
31.2453
31.2453
31.2453
31.2453
31.2453
31.2453
31.2453
31.2453
31.2453
31.2453
31.2453
31.2453
31.2453
31.2453
31.2453
31.2453
31.2453
31.2453
27.4331
27.4331
27.4331
27.4331
27.4331
27.4331
27.4331
27.4331
27.4331
27.4331
27.4331
24.4108
24.4108
24.4108
24.4108
24.4108
24.4108
24.4108
24.4108
24.4108
24.4108
24.4108
24.4108
24.4108
24.4108
24.4108
24.4108
24.4108
24.4108
24.4108
24.4108
24.4108
24.4108
24.4108
24.4108
24.4108
24.4108
24.4108
24.4108
24.4108
24.4108
24.4108
24.4108
24.4108
24.4108
24.4108
24.4108
24.4108
24.4108
24.4108
24.4108
24.4108
24.4108
24.4108
24.4108
24.4108
24.4108
24.4108
24.4108
24.4108
23.6619
23.6619
23.6619
23.6619
23.6619
23.6619
23.6619
23.2621
23.2621
23.0747
23.0747
23.0747
23.0747
23.0747
23.0747
23.0747
23.0747
23.0747
23.0747
23.0747
23.0747
23.0747
23.0747
23.0747
23.0747
23.0747
23.0747
23.0747
21.0452
21.0452
21.0452
21.0452
21.0452
21.0452
21.0452
21.0452
21.0452
21.0452
21.0452
21.0452
21.0452
21.0452
21.0452
16.5694
16.5694
16.5694
16.5694
16.5694
16.5694
14.7311
14.7311
14.7311
14.7311
14.7311
14.7311
14.7311
13.9492
13.9492
13.9492
13.9492
13.9492
13.9492
13.9492
9.1922
9.1922
9.1922
9.1922
9.1922
9.1922
9.1922
9.1922
9.1922
9.1922
9.1922
9.1922
9.1922
9.1922
9.1922
9.1922
9.1922
9.1922
9.1922
9.1922
9.1922
9.1922
9.1922
9.1922
9.1922
9.1922
9.1922
9.1922
9.1922
9.1922
9.1922
9.1922
9.1922
9.1922
9.1922
9.1922
7.83439
7.35115
7.35115
7.35115
7.35115
7.35115
7.35115
7.35115
7.35115
7.35115
7.35115
7.35115
7.35115
7.35115
7.35115
7.35115
7.35115
7.35115
7.35115
7.35115
7.24974
7.24974
7.24974
7.24974
7.24974
7.24974
7.24974
7.24974
7.24974
7.24974
7.24974
7.24974
7.24974
7.24974
7.24974
7.24974
7.24974
7.24974
7.24974
7.24974
7.24974
7.24974
7.24974
7.24974
7.24974
7.24974
7.24974
7.24974
7.24974
3.78476
3.78476
3.78476
3.78476
3.78476
3.78476
3.78476
3.78476
3.78476
3.78476
3.78476
3.78476
3.78476
3.78476
3.78476
3.78476
3.78476
3.78476
3.78476
3.78476
3.78476
3.78476
3.78476
3.78476
3.78476
3.78476
3.78476
3.78476
3.78476
3.78476
3.78476
3.78476
3.78476
3.78476
3.78476
3.78476
3.78476
3.78476
3.78476
3.78476
3.78476
3.78476
3.78476
3.78476
3.78476
3.78476
3.78476
3.78476
3.78476
3.78476
3.78476
3.78476
3.78476
3.78476
3.78476
3.78476
3.78476
3.78476
3.78476
3.78476
3.78476
3.78476
3.78476
3.78476
3.78476
3.78476
3.78476
3.78476
3.16021
3.16021
3.16021
3.16021
3.16021
3.16021
3.16021
3.16021
3.16021
3.16021
3.16021
3.16021
3.16021
3.16021
3.16021
3.16021
3.16021
3.16021
3.16021
3.16021
3.16021
3.16021
3.16021
3.16021
3.16021
3.16021
3.16021
3.16021
3.16021
3.16021
3.16021
3.16021
3.16021
3.16021
3.16021
3.16021
3.16021
3.16021
3.16021
3.16021
3.16021
3.16021
3.16021
2.89839
2.89839
2.89839
2.89839
2.89839
2.89839
2.89839
2.89839
2.89839
2.89839
2.89839
2.74925
2.74925
2.64499
2.64499
2.64499
2.64499
2.64499
2.64499
2.64499
2.64499
2.64499
2.64499
2.64499
2.64499
2.64499
2.64499
2.64499
2.64499
2.64499
2.64499
2.64499
2.64499
2.64499
2.64499
2.64499
2.64499
2.64499
2.61248
2.61248
2.61248
2.61248
2.61248
2.59554
2.59554
2.59554
2.59554
2.59554
2.59554
2.59554
2.59554
2.59554
2.59554
2.59554
2.59554
2.59554
2.59554
2.59554
2.59554
2.59554
2.59554
2.59554
2.59554
2.59554
2.59554
2.59554
2.59554
2.59554
2.59554
2.59554
2.59554
2.59554
2.59554
2.59554
2.59554
2.59554
2.52556
2.52556
2.52556
2.52556
2.52556
2.52556
2.52556
2.52556
2.52556
2.52556
2.52556
2.31457
2.31457
2.25397
2.25397
2.25397
2.25397
2.25397
2.20726
2.20726
2.20726
2.20726
2.20726
2.20726
2.20726
2.20726
2.20726
2.20726
2.20726
2.20726
2.20726
2.20726
2.20726
2.20726
2.20726
2.20726
2.11401
2.04481
2.04481
2.04481
2.04481
2.04481
2.04481
2.04481
2.04481
2.04481
2.04481
2.04481
2.04481
2.04481
2.04481
2.04481
2.04481
2.04481
2.04481
2.04481
2.04481
2.04481
2.04481
2.04481
2.04481
2.04481
2.04481
2.04481
2.04481
2.04481
2.04481
2.04481
2.04481
2.02787
2.02787
1.97527
1.97527
1.97527
1.97241
1.97241
1.97241
1.9434
1.9434
1.9434
1.9434
1.9434
1.9434
1.9434
1.9434
1.88854
1.88854
1.88854
1.87342
1.87342
1.87342
1.86179
1.86179
1.86179
1.86179
1.86179
1.86179
1.86179
1.86179
1.86179
1.86179
1.85589
1.78365
1.78365
1.78365
1.78365
1.78365
1.78365
1.78365
1.78365
1.78365
1.78365
1.78365
1.78365
1.78365
1.78365
1.78365
1.78365
1.78365
1.78365
1.78365
1.78365
1.77549
1.77549
1.77549
1.77549
1.77549
1.77549
1.77549
1.77549
1.77549
1.77549
1.77549
1.77549
1.77549
1.77549
1.77549
1.77549
1.77549
1.77549
1.77549
1.77549
1.77549
1.77549
1.77549
1.70551
1.70551
1.70551
1.70551
1.70551
1.70551
1.70551
1.70551
1.70551
1.70551
1.70551
1.70551
1.70551
1.70551
1.70551
1.70551
1.69977
1.69977
1.63901
1.63901
1.63901
1.63901
1.63901
1.63901
1.63901
1.63901
1.63901
1.63901
1.63901
1.63901
1.63901
1.63901
1.63901
1.63901
1.63901
1.63901
1.63901
1.63901
1.63901
1.63901
1.63901
1.60999
1.58672
1.58672
1.58672
1.58672
1.58672
1.58672
1.58672
1.58672
1.49105
1.49105
1.49105
1.49105
1.49105
1.49105
1.49105
1.49105
1.49105
1.49105
1.49105
1.49105
1.49105
1.49105
1.49105
1.49105
1.49105
1.49105
1.49105
1.49105
1.49105
1.49105
1.49105
1.49105
1.49105
1.49105
1.38964
1.38964
1.38964
1.38964
1.38964
1.38964
1.38964
1.38964
1.38964
1.38964
1.38964
1.38964
1.38964
1.38964
1.38964
1.38964
1.38964
1.38964
1.38964
1.38964
1.38964
1.38964
1.38964
1.38964
1.38964
1.38964
1.38964
1.38964
1.38964
1.38964
1.38964
1.38964
1.38964
1.38964
1.38964
1.38964
1.38964
1.38964
1.38964
1.38964
1.38964
1.38964
1.36047
1.36047
1.36047
1.36047
1.36047
1.36047
1.36047
1.36047
1.36047
1.36047
1.36047
1.34309
1.34293
1.34293
1.34293
1.34293
1.34293
1.34293
1.34293
1.34293
1.34293
1.34293
1.34293
1.34293
1.34293
1.34293
1.34293
1.34293
1.34293
1.34293
1.34293
1.34293
1.34293
1.34293
1.34293
1.34293
1.34293
1.34293
1.34293
1.34293
1.34293
1.30213
1.30213
1.30213
1.30213
1.30213
1.30213
1.30213
1.30213
1.30213
1.30213
1.30213
1.30213
1.30213
1.30213
1.30213
1.30213
1.30213
1.30213
1.30213
1.30213
1.30213
1.30213
1.30213
1.30213
1.30213
1.30213
1.30213
1.30213
1.29049
1.29049
1.29049
1.29049
1.29049
1.29049
1.29049
1.29049
1.29049
1.29049
1.29049
1.29049
1.29049
1.29049
1.29049
1.29049
1.29049
1.29049
1.29049
1.29049
1.29049
1.29049
1.29049
1.29049
1.29049
1.27885
1.27885
1.27885
1.27885
1.27885
1.27885
1.27885
1.27885
1.27885
1.27296
1.27296
1.26722
1.26722
1.26722
1.26722
1.26722
1.26722
1.26722
1.26722
1.26722
1.26722
1.24394
1.24394
1.24394
1.24394
1.24394
1.24394
1.24394
1.24394
1.24394
1.24394
1.24394
1.24394
1.24394
1.24394
1.24394
1.24394
1.24394
1.24394
1.24394
1.24394
1.24394
1.24394
1.24394
1.24394
1.24394
1.24394
1.24394
1.24394
1.24394
1.24394
1.24394
1.24394
1.24394
1.24394
1.24394
1.24394
1.24394
1.24394
1.24394
1.24394
1.24394
1.24394
1.24394
1.24394
1.24394
1.24394
1.24394
1.24394
1.24394
1.24394
1.24394
1.24394
1.23805
1.23805
1.23805
1.23805
1.22641
1.22641
1.22641
1.21476
1.21476
1.21476
1.21476
1.21476
1.21476
1.21476
1.21476
1.21476
1.21476
1.21476
1.21476
1.21476
1.21476
1.21476
1.21476
1.21476
1.21476
1.21476
1.21476
1.21476
1.21476
1.21476
1.21476
1.21476
1.21476
1.21476
1.21476
1.21476
1.21476
1.21476
1.21476
1.21476
1.21476
1.21476
1.21476
1.21476
1.21476
1.21476
1.20314
1.20314
1.20314
1.20314
1.20314
1.20314
1.20314
1.20314
1.19149
1.19149
1.19149
1.19149
1.19149
1.19149
1.19149
1.19149
1.19149
1.19149
1.19149
1.19149
1.19149
1.19149
1.19149
1.19149
1.19149
1.19149
1.19149
1.19149
1.17987
1.17987
1.17987
1.17987
1.17987
1.17987
1.17987
1.17987
1.17987
1.17987
1.17987
1.17987
1.17987
1.17987
1.17987
1.17987
1.17987
1.17987
1.17987
1.17987
1.17987
1.17987
1.17987
1.17987
1.17987
1.17987
1.17987
1.17987
1.17987
1.17987
1.17987
1.17987
1.17987
1.17987
1.17987
1.17987
1.17987
1.17987
1.17987
1.17987
1.17987
1.17987
1.17987
1.17987
1.17987
1.17987
1.17987
1.17987
1.17987
1.17987
1.17987
1.17987
1.17987
1.17987
1.17987
1.17987
1.17987
1.17987
1.17987
1.17987
1.17987
1.17987
1.17987
1.17987
1.17987
1.17987
1.17987
1.17987
1.17987
1.17987
1.17987
1.17987
1.17987
1.17987
1.17987
1.17987
1.17987
1.17987
1.17987
1.17987
1.17987
1.17987
1.17987
1.17987
1.17987
1.17987
1.17987
1.17987
1.17987
1.17987
1.17987
1.17987
1.17987
1.17987
1.17987
1.17987
1.17987
1.17987
1.17987
1.17987
1.17987
1.17987
1.17987
1.17987
1.17987
1.17987
1.17987
1.17987
1.17987
1.17987
1.17987
1.17987
1.17987
1.17987
1.17987
1.17987
1.17987
1.17987
1.17987
1.17987
1.17987
1.17987
1.17987
1.17987
1.17987
1.17987
1.17987
1.17987
1.17987
1.17987
1.17987
1.17987
1.17987
1.17987
1.17987
1.17987
1.17987
1.17987
1.17987
1.17987
1.17987
1.17987
1.17987
1.17987
1.17987
1.17987
1.17987
1.17987
1.17987
1.17987
1.17987
1.17987
1.17987
1.17987
1.17987
1.17987
1.17987
1.17987
1.17987
1.17987
1.17987
1.17987
1.17987
1.17987
1.17987
1.17987
1.17987
1.17987
1.17987
1.17987
1.17987
1.17987
1.17987
1.17987
1.17987
1.17987
1.17987
1.17987
1.17987
1.17987
1.17987
1.17987
1.17987
1.17987
1.17987
1.17987
1.17987
1.17987
1.17987
1.17987
1.17987
1.17987
1.17987
1.17987
1.17987
1.17987
1.17987
1.17987
1.17987
1.17987
1.17987
1.17987
1.17987
1.17987
1.17987
1.17987
1.17987
1.17987
1.17987
1.17987
1.17987
1.17987
1.17987
1.17987
1.17987
1.17987
1.17987
1.17987
1.17987
1.17987
1.17987
1.17987
1.17987
1.17987
1.17987
1.17987
1.17987
1.17987
1.17987
1.17987
1.17987
1.17987
1.17987
1.17987
1.17987
1.17987
1.17987
1.17987
1.17987
1.17987
1.17987
1.17987
1.17987
1.17987
1.17987
1.17987
1.17987
1.17987
1.17987
1.17987
1.17987
1.17987
1.17987
1.17987
1.17987
1.17987
1.17987
1.17987
1.17987
1.17987
1.17987
1.17987
1.17987
1.17987
1.17987
1.17987
1.17987
1.17987
1.17987
1.17987
1.17987
1.17987
1.17987
1.17987
1.17987
1.17987
1.17987
1.17987
1.17987
1.17987
1.17987
1.17987
1.17987
1.17987
1.17987
1.17987
1.17987
1.17987
1.17987
1.17987
1.17987
1.17987
1.17987
1.17987
1.17987
1.17987
1.17987
1.17987
1.17987
1.17987
1.17987
1.17987
1.17987
1.17987
1.17987
1.17987
1.17987
1.17987
1.17987
1.17987
1.17987
1.17987
1.17987
1.17987
1.17987
1.17987
1.17987
1.17987
1.17987
1.17987
1.17987
1.17987
1.17987
1.17987
1.17987
1.17987
1.17987
1.17987
1.17987
1.17987
1.17987
1.17987
1.17987
1.17987
1.17987
1.17987
1.17987
1.17987
1.17987
1.17987
1.17987
1.17987
1.17987
1.17987
1.17987
1.17987
1.17987
1.17987
1.17987
1.17987
1.17987
1.17987
1.17987
1.17987
1.17987
1.17987
1.17987
1.17987
1.17987
1.17987
1.17987
1.17987
1.17987
1.17987
1.17987
1.17987
1.17987
1.17987
1.17987
1.17987
1.17987
1.17987
1.17987
1.17987
1.17987
1.17987
1.17987
1.17987
1.17987
1.17987
1.17987
1.17987
1.17987
1.17987
1.17987
1.17987
1.17987
1.17987
1.17987
1.17987
1.17987
1.17987
1.17987
1.17987
1.17987
1.17987
1.17987
1.17987
1.17987
1.17987
1.17987
1.17987
1.17987
1.17987
1.17987
1.17987
1.17987
1.17987
1.17987
1.17987
1.17987
1.17987
1.17987
1.17987
1.17987
1.17987
1.17987
1.17987
1.17987
1.17987
1.17987
1.17987
1.17987
1.17987
1.17987
1.17987
1.17987
1.17987
1.17987
1.17987
1.17987
1.17987
1.17987
1.17987
1.17987
1.17987
1.17987
1.17987
1.17987
1.17987
1.17987
1.17987
1.17987
1.17987
1.17987
1.17987
1.17987
1.17987
1.17987
1.17987
1.17987
1.17987
1.17987
1.17987
1.17987
1.17987
1.17987
1.17987
1.17987
1.17987
1.17987
1.17987
1.17987
1.17987
1.17987
1.17987
1.17987
1.17987
1.17987
1.17987
1.17987
1.17987
1.17987
1.17987
1.17987
1.17987
1.17987
1.17987
1.17987
1.17987
1.17987
1.17987
1.17987
1.17987
1.17987
1.17987
1.17987
1.17987
1.17987
1.17987
1.17987
1.17987
1.17987
1.17987
1.17987
1.17987
1.17987
1.17987
1.17987
1.17987
1.17987
1.17987
1.17987
1.17987
1.17987
1.17987
1.17987
1.17987
1.17987
1.17987
1.17987
1.17987
1.17987
1.17987
1.17987
1.17987
1.17987
1.17987
1.17987
1.17987
1.17987
1.17987
1.17987
1.17987
1.17987
1.17987
1.17987
1.17987
1.17987
1.17987
1.17987
1.17987
1.17987
1.17987
1.17987
1.17987
1.17987
1.17987
1.17987
1.17987
1.17987
1.17987
1.17987
1.17987
1.17987
1.17987
1.17987
1.17987
1.17987
1.17987
1.17987
1.17987
1.17987
1.17987
1.17987
1.17987
1.17987
1.17987
1.17987
1.17987
1.17987
1.17987
1.17987
1.17987
1.17987
1.17987
1.17987
1.17987
1.17987
1.17987
1.17987
1.17987
1.17987
1.17987
1.17987
1.17987
1.17987
1.17987
1.17987
1.17987
1.17987
1.17987
1.17987
1.17987
1.17987
1.17987
1.17987
1.17987
1.17987
1.17987
1.17987
1.17987
1.17987
1.17987
1.17987
1.17987
1.17987
1.17987
1.17987
1.17987
1.17987
1.17987
1.17987
1.17987
1.17987
1.17987
1.17987
1.17987
1.17987
1.17987
1.17987
1.17987
1.17987
1.17987
1.17987
1.17987
1.17987
1.17987
1.17987
1.17987
1.17987
1.17987
1.17987
1.17987
1.17987
1.17987
1.17987
1.17987
1.17987
1.17987
1.17987
1.17987
1.17987
1.17987
1.17987
1.17987
1.17987
1.17987
1.17987
1.17987
1.17987
1.17987
1.17987
1.17987
1.17987
1.17987
1.17987
1.17987
1.17987
1.17987
1.17987
1.17987
1.17987
1.17987
1.17987
1.17987
1.17987
1.17987
1.17987
1.17987
1.17987
1.17987
1.17987


2.28889
2.28889
2.28889
2.28889
2.28889
2.28889
2.28889
2.28889
2.28889
2.28889
2.28889
2.28889
2.28889
2.28889
2.28889
2.28889
2.28889
2.28889
2.28889
2.28889
2.28889
2.28889
2.28889
2.28889
2.28889
2.28889
2.28889
2.28889
2.28889
23.8227

0.03

