1765.64
1347.12
1347.12
1347.12
1484.85
1484.85
1484.85
1484.85
1484.85
1313.11
1313.11
1313.11
1173.63
1173.63
1173.63
1173.63
1173.63
1173.63
1173.63
1173.63
1173.63
1173.63
1173.63
1173.63
1173.63
1173.63
1173.63
902.121
902.121
902.121
902.121
716.95
716.95
716.95
716.95
716.95
716.95
716.95
640.158
640.158
640.158
640.158
640.158
640.158
640.158
640.158
559.811
559.811
475.914
492.777
492.777
382.133
263.192
263.192
263.192
263.192
263.192
263.192
264.469
194.529
194.529
194.529
194.529
194.529
194.529
194.529
194.529
194.529
194.529
194.529
194.529
194.529
194.529
194.529
241.386
241.386
180.669
178.467
182.121
182.121
182.121
182.121
173.107
161.353
161.353
161.353
161.353
161.353
250.392
250.392
233.915
233.915
233.915
250.392
250.392
223.094
223.094
222.425
248.996
162.279
162.279
162.279
162.279
162.279
162.279
162.279
162.279
162.279
162.279
162.279
162.279
162.279
145.709
145.709
145.709
140.81
140.81
140.81
140.81
140.81
140.81
140.81
140.81
140.81
140.81
140.81
140.81
188.56
188.56
188.56
188.56
196.756
161.049
161.049
161.049
161.049
161.049
161.049
161.049
161.049
161.049
199.894
179.209
179.209
179.209
179.209
179.209
179.209
179.209
179.209
179.209
179.209
179.209
179.209
179.209
193.257
197.447
197.447
130.096
130.096
130.096
130.096
126.003
126.003
126.003
126.003
126.003
126.003
126.003
131.023
131.023
131.023
131.023
161.868
161.868
161.868
161.868
161.868
161.868
161.868
161.868
161.868
161.868
161.868
161.868
161.868
161.868
161.868
149.578
127.833
120.328
120.328
120.328
120.328
120.328
120.328
117.377
117.377
117.377
117.377
117.377
117.377
117.377
117.377
117.377
117.377
85.7665
117.377
117.377
117.377
117.377
117.377
117.377
117.377
117.377
117.377
104.307
85.7977
85.7977
85.7977
88.7
88.7
88.7
88.7
88.7
88.7
88.7
88.7
88.7
88.7
88.7
88.7
88.7
88.7
89.8502
89.8502
89.8502
89.8502
89.8502
89.8502
89.8502
90.3466
90.3466
90.3466
90.3466
90.3466
90.3466
90.3466
90.3466
90.3466
90.3466
90.3466
90.3466
101.483
101.483
101.483
104.636
104.636
104.636
98.0701
98.0701
87.9151
87.9151
87.9151
87.9151
87.9151
87.9151
87.9151
87.9151
87.9151
87.9151
87.9151
87.9151
87.9151
81.9853
81.9853
81.9853
81.9853
81.9853
81.9853
87.9151
87.9151
87.9151
87.9151
87.9151
88.9545
87.3974
87.3141
87.3141
87.3141
87.3141
87.3974
87.3974
91.9811
91.9811
91.9811
91.9811
91.9811
91.9811
90.7852
81.7863
81.7863
81.5934
81.5934
81.5934
81.5934
81.5934
81.5934
81.7863
81.7863
81.7863
86.0064
86.0064
86.0064
86.0064
86.0064
86.0064
86.0064
87.7258
87.7258
87.7258
90.4453
90.4453
90.4453
90.4453
90.4453
86.0322
86.0322
86.0322
86.0322
86.0322
86.0322
84.5138
84.5138
84.5138
84.5138
84.5138
84.5138
84.5138
84.5138
84.5138
84.5138
84.5138
84.5138
84.5138
84.5138
89.8262
89.8262
89.8262
90.9826
90.9826
90.9826
91.4377
91.4377
91.4377
91.4377
92.7132
92.7132
92.7132
92.7132
92.7132
92.7132
92.7132
92.7132
92.7132
92.7132
94.2593
94.2593
94.2593
94.2593
94.2593
94.2593
94.2593
94.2593
94.2593
94.2593
97.8324
97.8324
97.8324
97.8324
97.8324
94.3319
94.3319
94.3319
94.3319
94.3319
94.3319
94.3319
94.3319
95.7094
95.7094
95.7094
89.4435
89.4435
89.4435
89.0663
89.0663
89.0663
89.0663
89.0663
89.0663
89.0663
89.0663
89.0663
89.0663
89.0663
89.0663
89.0663
89.0663
89.0663
89.0663
89.0663
89.0663
89.0663
89.0663
89.0663
83.7816
83.7816
83.7816
83.7816
83.7816
83.7816
83.7816
83.7816
83.7816
83.7816
83.7816
83.7816
83.7816
83.7816
83.7816
83.7816
83.7816
83.7816
83.7816
83.4601
78.4269
78.4269
78.4269
78.4269
78.4269
78.1599
83.4601
83.4601
83.4601
83.4601
83.4601
83.4601
82.5275
82.5275
82.5275
82.5275
82.5275
82.5275
83.4601
83.4601
83.4601
83.4601
83.4601
82.927
82.927
82.927
82.927
82.927
82.927
82.927
82.927
82.927
82.927
82.927
82.927
82.927
83.0454
81.7142
81.7142
81.7142
81.7142
81.7142
81.7142
81.7142
81.7142
81.7142
79.2495
79.2495
79.2495
75.546
75.546
75.546
75.546
75.4506
75.4506
71.943
71.943
71.943
71.943
71.943
71.943
71.943
71.943
71.943
71.943
71.943
71.943
71.943
71.943
71.943
71.943
71.943
69.3778
69.3778
69.3778
69.3778
69.3778
69.3778
69.3778
69.3778
69.3778
69.3778
69.3778
69.3778
69.3778
69.3778
69.3778
69.3778
69.3778
69.3778
69.3778
69.3778
69.3778
69.3778
69.3778
69.3778
69.3778
69.3778
63.2465
63.2465
63.2465
63.2465
63.2465
63.2465
62.8263
62.8263
62.8263
62.8263
62.8263
62.8263
62.8263
62.8263
62.8263
62.8263
62.8263
65.4508
65.4508
65.4508
65.4508
65.4508
65.4508
65.4508
65.4508
65.4508
65.4508
65.4508
65.4508
65.4508
65.4508
65.4508
65.4508
65.4508
65.7332
65.7332
65.7332
65.7332
65.7332
65.7332
65.7332
65.7332
65.3663
65.3663
65.3663
65.3663
65.3663
65.3663
65.3663
63.0792
63.0792
63.0792
63.0792
63.0792
63.0792
63.0792
63.0792
63.0792
63.0792
63.0792
63.0792
63.0792
63.0792
63.0792
63.0792
61.0638
61.0638
61.0638
61.0638
61.0638
61.0638
61.0638
61.0638
65.3886
65.3886
65.3886
65.3886
65.3886
65.3886
65.3886
65.3886
65.3886
65.3886
65.3886
65.3886
65.3886
65.3886
65.3886
65.3886
65.3886
65.3886
65.3886
65.7332
65.7332
65.7332
65.7332
65.7332
65.7332
65.9764
65.9764
65.9764
65.9764
65.9764
65.9764
65.9764
65.9764
65.9764
65.9764
65.9764
65.9764
65.9764
65.9764
65.9764
65.9764
65.9764
65.9764
65.9764
65.9764
64.9523
64.9523
64.9523
64.9523
64.9523
64.9523
64.9523
64.9523
64.9523
64.9523
64.9523
64.9523
64.9523
64.9523
64.9523
64.9523
64.9523
64.9523
64.9523
64.9523
64.9523
64.9523
64.9523
64.9523
64.9523
65.876
65.876
65.876
65.876
66.1886
66.1886
66.1886
66.1886
66.1886
65.6464
65.6464
65.7562
65.7562
65.7562
65.7562
65.7562
65.7562
65.7562
64.107
64.107
64.107
64.107
61.0126
61.0126
61.0126
61.0126
61.0126
61.0126
61.0126
61.0126
61.0126
61.0126
61.0126
61.0126
59.8723
59.8723
59.8723
59.8723
59.8723
59.8723
59.8723
59.8723
59.8723
59.8723
59.8723
59.8723
59.8723
59.8723
59.8723
59.8723
59.8723
59.8723
59.8723
59.8723
59.8723
59.8723
58.2847
58.2847
58.2847
58.2847
58.2847
58.2847
58.2847
58.2847
58.2847
58.2847
58.2847
58.2847
58.2847
58.2847
58.2847
58.2847
58.9597
58.9597
58.9597
58.9597
58.9597
58.9597
58.9597
58.9597
58.9597
58.9597
60.5285
60.5285
60.5285
60.5285
60.5285
60.5285
60.5285
59.8074
59.8074
59.8074
59.8074
59.8074
59.8074
59.8074
59.8074
59.8074
59.8074
59.8074
59.8074
59.8074
59.8074
59.8074
59.8074
61.3562
61.6311
61.6311
61.6311
61.6311
61.6311
63.0972
63.0972
63.0972
63.0972
63.0972
63.1088
63.1088
63.1088
63.1088
63.1088
63.1088
62.8748
62.8748
51.87
51.87
53.4023
53.4023
53.4023
53.4023
53.5949
53.5949
53.5949
53.5949
53.5949
53.5949
51.7981
51.7981
51.7981
51.7981
51.7981
51.7981
51.7981
51.7981
51.7981
51.7981
50.9679
50.9679
49.5777
47.7399
47.7399
47.7399
47.7399
47.7399
47.7399
45.9645
45.9645
45.9645
45.9645
45.9645
45.9645
45.9645
45.9645
45.9645
45.9645
45.9645
45.9645
45.9645
45.9645
45.9645
45.9645
45.9645
45.9645
45.9645
45.9645
45.9645
45.9645
44.1037
44.1037
44.1037
44.1037
44.1037
44.1037
42.6597
42.6597
42.6597
42.6597
42.6597
42.6597
42.6597
42.6597
42.6597
42.6597
42.6597
42.6597
42.6597
42.6597
42.6597
42.6597
42.6597
42.7573
42.7573
42.7573
42.7573
42.7573
42.7573
42.7573
42.7573
46.9006
46.9006
46.9006
47.9655
47.9655
47.9655
47.9655
47.9655
47.9655
47.9655
47.9655
47.9655
47.9655
49.4914
48.278
48.278
49.4914
49.4914
49.4914
49.4914
49.4914
49.4914
49.4914
49.4914
49.4914
49.4914
49.4914
49.4914
50.319
49.7073
49.7073
49.7073
49.7073
49.7073
49.7073
49.7073
49.7073
49.7073
49.7073
49.7073
49.7073
49.7073
49.7073
49.7073
49.7073
49.7073
49.7073
49.7073
49.7073
48.5024
48.5024
48.5024
48.5024
47.0922
47.0922
47.0922
47.0922
47.0922
47.0922
47.0922
47.0922
47.0922
45.5817
45.5817
45.5817
45.5817
45.5817
45.5817
45.5817
45.5817
45.5817
45.5817
45.5817
45.5817
45.5817
45.5817
45.5817
45.5817
45.5817
45.5817
45.5817
45.5817
45.5817
45.5817
45.5817
45.5817
45.5817
45.5817
45.5817
45.5817
45.5817
45.5817
45.5817
45.5817
45.5817
48.0249
41.2313
41.1915
41.1915
41.1915
41.1915
41.1915
41.1915
41.1915
41.1915
41.1915
41.1915
41.1915
41.1915
41.1915
41.1915
41.1915
41.1915
41.1915
41.1915
41.1915
41.1915
41.1915
41.1915
41.1915
41.1915
41.1915
41.1915
41.1915
41.1915
41.1915
41.1915
41.1915
41.1915
41.1915
41.1915
41.1915
41.1915
41.0125
41.0125
41.0125
41.0125
41.0125
41.0125
43.6027
43.6027
43.6027
43.6027
43.6027
43.6027
43.6027
43.6027
43.6027
43.6027
43.6027
43.6027
43.6027
43.6027
43.6027
43.6027
43.6027
43.6027
43.6027
43.6027
43.6027
43.6027
43.6027
43.6027
40.6218
40.6218
40.6218
40.6218
40.6218
40.6218
41.5898
41.5898
41.5898
41.5898
41.5898
41.5898
41.5898
41.5898
41.5898
41.5898
41.5898
41.5898
41.5898
41.5898
41.5898
41.5898
41.5898
41.5898
43.9523
43.9523
43.8345
43.8345
43.8345
43.8345
44.4253
44.4253
44.4253
44.4253
44.4253
44.4253
44.4253
44.4253
44.4253
44.4253
44.4253
44.4253
44.4253
44.4253
44.4253
42.7043
42.7043
42.7043
42.7043
42.7043
42.7043
42.7043
42.7043
42.7043
41.8413
41.8413
41.8413
41.8413
41.8413
41.8413
41.8413
41.8413
41.8413
41.8413
41.8413
41.8413
41.8413
41.8413
41.8413
41.8413
41.8413
41.8413
41.8413
41.8413
41.8413
41.8413
41.8413
41.8413
41.8413
41.8376
41.8376
41.8376
41.8376
41.8376
41.8376
41.8376
41.8376
41.8376
41.1393
41.1393
41.1393
41.1393
41.1393
41.1393
41.1393
41.1393
41.1393
41.1009
41.1009
41.1009
41.1009
38.0811
38.0811
38.0811
38.0811
38.0811
38.0811
38.0811
38.0811
38.0811
41.1393
38.5376
38.5376
38.5376
38.5376
38.5376
38.5376
38.5376
38.5376
38.5376
38.5376
38.5376
38.5376
38.5376
38.5376
38.5376
38.5376
38.5376
38.5376
38.5376
38.5376
38.5376
40.3864
40.3864
40.3864
40.3864
40.3864
40.3864
40.3864
37.7068
37.7068
37.7068
37.7068
37.7068
37.7068
37.7068
40.1688
40.1688
40.1688
40.1688
40.1688
40.1688
40.1688
40.3864
40.3864
40.3864
40.3864
40.3864
40.3864
40.3864
40.3864
40.7289
40.7289
40.7289
40.7289
40.7289
40.7289
40.7289
40.7289
36.8502
36.8502
36.8502
36.8502
36.8502
36.8502
36.8502
36.8502
36.8502
36.8502
36.8502
36.8502
36.8502
36.8502
39.5062
39.5062
39.5062
39.5062
39.5062
39.0794
39.0794
39.0794
39.0794
39.0794
39.0794
39.0794
39.0794
39.0794
39.0794
39.0794
39.5922
40.7794
40.7794
40.7794
40.7794
40.7794
40.7794
40.7794
39.9065
39.9065
38.8453
38.8453
38.8453
38.8453
40.7794
40.7794
40.7794
40.7794
40.7794
40.7794
40.7794
37.4966
37.4966
37.4966
40.7571
40.7571
40.7571
40.7571
40.7571
40.7571
40.7571
40.7571
40.7794
40.7794
40.7794
40.7794
40.7794
40.7794
40.7794
39.3934
39.3934
39.3934
39.3934
39.3934
39.3934
39.3934
38.1801
38.1801
38.1801
38.1801
38.0102
38.0102
38.0102
38.0102
38.0102
38.0102
38.0102
38.0102
38.0102
38.0102
38.0102
38.0102
38.0102
38.0102
38.3438
38.3438
38.3438
38.3438
38.3438
38.3438
38.3438
38.3438
38.3438
38.3438
38.3438
38.3438
39.4027
39.4027
39.4027
39.4027
39.4027
39.4027
39.4027
40.5252
40.5252
40.5252
40.5252
40.5252
40.5252
40.5252
40.5252
40.5252
40.5252
40.5252
40.5252
40.5252
40.5252
40.7903
40.7903
40.7903
40.8628
40.8628
40.8628
40.8628
40.8628
40.8628
40.8628
40.8628
41.187
41.187
40.8665
40.8665
40.8665
40.8665
40.8665
40.4808
40.4808
40.4808
41.1639
41.1639
41.1639
41.1639
41.1639
41.1639
41.1639
41.1639
41.1639
41.1639
40.5581
40.5581
40.5581
39.0755
39.0755
39.0755
39.0755
39.0755
39.0755
39.0755
39.0755
39.0755
39.0755
39.0755
39.0755
39.0755
39.0755
39.0755
37.8785
37.8785
37.8785
37.8785
37.8785
37.8785
37.8785
37.8785
37.8785
37.8785
39.952
39.952
39.952
39.952
39.952
39.6693
37.8021
37.8021
37.8021
37.8021
37.8021
37.8021
37.8021
37.8021
39.1869
39.1869
39.1869
39.1869
39.1869
39.1869
39.1869
39.1869
39.1869
39.1869
39.1869
39.1869
39.1869
37.6215
37.6215
37.6215
37.6215
37.6215
37.6215
37.6215
37.6215
38.2711
38.2711
38.2711
38.2711
38.2711
38.2711
38.2711
38.2711
38.2711
38.2711
38.2711
38.2711
38.2711
38.2711
38.2711
38.2711
38.2711
38.2711
38.2711
38.2711
38.2711
38.0427
38.0427
38.1125
38.1125
38.1125
36.3055
36.3055
36.3055
36.3055
36.3055
36.3055
36.3055
36.3055
36.3055
36.3055
36.3055
36.3055
36.3055
35.2814
35.2814
35.2814
35.2814
35.2814
35.2814
35.2814
35.2814
35.2814
35.2814
35.2814
35.2814
36.6317
36.6317
37.2875
37.2875
37.2875
37.2875
37.2875
37.2875
37.2875
37.2875
37.2875
37.2875
37.2875
37.2875
37.2875
37.2875
37.2875
37.2875
37.2875
37.2875
37.2875
37.2875
37.2875
37.7212
37.7766
37.7766
37.7766
37.7766
37.7766
37.7766
37.7766
37.7766
37.7766
37.7766
37.7766
37.7766
37.7766
37.6904
37.6904
37.6904
37.6904
37.6904
37.6904
37.6904
37.6904
37.6904
37.6904
37.6904
37.6904
37.6904
37.6904
37.6904
37.6904
36.2109
36.0113
33.462
33.462
33.462
33.462
33.462
33.462
33.462
33.462
33.462
33.462
33.462
33.462
33.462
33.9919
33.9919
33.9919
33.9919
34.9144
34.9144
34.9144
34.9144
34.9144
34.9144
35.0596
35.0596
35.0596
35.0596
35.0596
35.0596
35.0596
35.0596
35.0596
35.0596
35.0596
35.0596
35.0596
35.0596
35.0596
35.0596
35.0596
35.0596
35.0596
35.0596
35.0596
35.0596
35.0596
35.0596
35.0596
35.0596
35.0596
35.0596
35.0596
35.0596
34.815
34.815
34.815
36.142
36.142
36.142
36.142
32.5296
32.5296
32.5296
32.5296
36.142
30.7027
30.7027
30.7027
31.2725
31.2725
31.2725
31.5288
31.5288
31.5288
31.5288
31.5288
31.5288
31.5288
31.5288
31.5288
31.5288
31.5288
31.5288
31.5288
31.5288
31.5288
31.5288
31.5288
31.5288
31.5288
31.5288
31.5288
31.5288
31.5288
31.5288
31.5288
31.5288
31.5288
31.5288
31.5288
31.5288
31.5288
31.5288
31.5288
31.5288
31.5288
31.5288
31.5288
31.5288
31.5288
31.5288
31.5288
31.5288
31.5288
31.5288
34.0064
34.0064
34.0064
34.0064
34.0064
34.0064
34.0064
31.7971
31.7971
31.7971
31.7971
32.0318
32.0318
32.0318
32.0318
32.0318
32.0318
31.9424
31.9424
31.9424
31.9424
31.9424
33.1244
33.1244
33.1244
33.1244
33.1244
33.1244
33.1244
33.1244
33.9329
33.9329
33.9329
33.9329
33.9329
33.9329
33.9329
33.9329
33.9329
33.9329
33.9329
33.9329
33.9329
33.9329
33.9329
33.9329
33.9329
33.9329
33.9329
33.9329
33.4864
33.4864
33.5635
33.5635
33.5635
33.5635
33.5635
33.5635
33.5635
33.5635
33.5635
33.5635
33.5635
33.5635
33.5635
33.5635
33.5635
32.6687
29.5827
29.5827
29.5827
29.5827
29.5827
29.5827
29.5827
29.5827
29.5827
29.5827
29.5827
29.5827
29.5827
29.5827
29.5827
29.5827
29.5827
29.5827
29.5827
29.5827
29.5827
29.5827
29.5827
29.5827
29.5827
29.5827
29.5827
29.5827
29.5827
29.5827
29.5827
29.5827
29.4428
29.4428
29.5827
29.5827
29.5827
29.5827
29.5827
29.5586
29.5586
29.5586
29.5586
29.5586
29.5586
29.5586
28.345
28.345
28.345
28.345
28.345
28.345
28.345
28.345
28.345
28.1523
28.1523
28.1523
28.1523
28.1523
28.1523
28.1523
28.1523
28.1523
28.1523
28.1523
28.1523
28.1523
28.1523
28.1523
28.1523
28.1523
28.1523
28.1523
28.1523
28.1523
28.1523
28.1523
28.1523
28.1523
28.1523
28.1523
28.1523
28.1523
28.1523
28.1523
28.1523
28.1523
28.1523
28.1523
28.1523
28.1523
28.1523
28.1523
28.1523
28.1523
28.1523
28.1523
28.1523
28.1523
28.1523
28.1523
28.1523
28.1523
28.1523
28.1523
28.1523
28.1523
28.1523
28.1523
28.1523
28.1523
28.1523
29.4634
29.4634
29.4634
29.4634
29.4634
29.4634
29.4634
29.4634
29.4634
29.4634
29.4634
29.4634
29.4634
29.4634
29.4634
28.3796
28.3796
28.3796
28.3796
28.3796
27.5403
27.5403
27.5403
27.5403
28.5021
28.5021
28.5021
28.5021
28.5021
28.5021
28.5021
28.5018
28.5018
28.5018
28.5018
28.5018
28.5018
28.5018
28.5018
28.5018
28.5018
28.5018
28.5018
28.5742
28.5742
28.5742
28.5742
28.5742
28.5742
28.5742
28.5742
28.5742
28.5742
28.5742
28.5742
28.5742
28.5742
28.5742
27.5922
27.5922
27.5922
27.5922
27.5922
27.5922
27.5922
27.5922
27.5922
27.5922
28.4578
23.828
23.828
23.828
23.828
23.828
23.828
23.828
24.9532
24.9532
24.9532
24.9532
24.9532
24.9532
24.9532
24.9532
24.9532
24.9532
24.9532
24.9532
24.9532
24.9532
24.9532
24.9532
24.9532
24.9532
24.9532
24.9532
24.9532
24.9532
24.9532
24.9532
24.9532
24.9532
24.9532
24.9532
25.5626
25.5626
25.5626
25.5626
25.5626
25.5626
25.5626
25.5626
25.5626
25.5626
25.5626
25.5626
25.5626
25.5626
25.0009
25.0009
25.0009
25.0009
25.0009
25.0009
25.0009
25.0009
25.0009
25.0009
25.0009
25.0009
25.0009
25.0009
25.0009
25.0009
25.0009
25.0009
25.0009
23.7375
23.7375
23.7375
23.8165
23.8165
23.8165
23.8165
23.8165
23.8165
23.8645
23.8645
23.8645
23.8645
23.8645
23.8645
23.8645
23.8645
23.8645
23.8645
24.956
24.956
24.8608
24.8608


-0.533515
-0.283314
-0.222374
-0.166922
-0.0162882
0.0190699
0.0971135
0.122946
0.0520302
0.217309
0.0379043
-0.00520689
-0.0373868
-0.109942
-0.0267662
-0.0287005
-0.00289924
0.0909435
0.24772
0.214324
0.061096
0.113372
0.19448
0.404591
0.358776
0.174337
-0.206552
-0.354403
-0.361649
-0.274148

0.023

