20.019
19.9913
19.9913
19.9913
19.9913
19.9741
19.914
19.914
19.914
19.914
19.914
19.914
19.5936
19.5936
19.0775
19.0775
19.0775
19.0775
19.0775
19.0775
19.0775
18.5566
18.5566
18.5566
18.5566
18.5566
18.5566
18.5566
17.806
17.806
17.806
17.806
17.806
15.8139
15.8139
15.8139
15.8139
15.8139
15.8139
15.8139
15.8139
15.8139
15.8139
15.8139
15.8139
15.8139
15.8139
15.8139
15.8139
15.8139
15.8139
14.4479
14.4479
14.4479
14.4479
14.4479
14.4479
14.4479
14.4479
14.4479
14.4479
14.4479
14.4479
14.4479
14.4479
14.4479
14.4479
14.4479
14.4479
14.4479
14.4479
14.4479
14.4479
14.4479
14.4479
12.2343
12.2343
12.2343
12.2343
12.2343
12.2343
12.2343
12.2343
12.2343
12.2343
12.2343
12.2343
12.2343
12.2343
12.2343
12.2343
12.2343
12.2343
12.2343
12.2343
12.2343
12.2343
12.2343
12.2343
12.2343
12.2343
12.2343
12.2343
12.2343
12.2343
12.2343
12.2343
12.2343
12.2343
12.2343
12.2343
11.9736
11.9736
11.9736
11.9736
11.7534
11.7534
10.665
10.665
10.665
10.665
10.665
10.665
10.665
10.665
10.665
10.665
10.665
10.665
10.665
10.665
10.665
10.665
10.665
10.665
10.665
10.665
10.665
10.665
10.665
10.665
10.5025
10.4689
10.4689
10.4689
10.4689
10.4689
10.4689
10.4689
10.4689
10.4689
10.4689
10.4372
10.4372
10.4372
10.4372
10.4372
10.4372
10.4372
10.4372
10.4372
10.4372
10.4372
10.4372
10.4372
10.4372
10.4372
10.4372
10.4372
10.4372
10.331
10.331
10.331
10.331
10.331
10.1676
10.1676
10.1676
10.1676
10.1676
10.1676
10.1676
10.1676
10.1676
10.1676
10.0114
9.29181
9.29181
9.29181
9.29181
9.29181
9.29181
9.29181
9.29181
9.29181
9.29181
9.29181
9.29181
9.29181
9.29181
9.29181
9.29181
9.29181
9.29181
9.29181
9.29181
9.29181
9.29181
9.29181
9.29181
9.29181
9.12404
9.12404
9.06337
9.06337
9.06337
9.06337
9.06337
9.06337
9.06337
9.06337
9.06337
9.06337
9.06337
9.06337
9.06337
9.06337
9.06337
9.06337
9.06337
9.06337
8.94237
8.94237
8.94237
8.94237
8.94237
8.94237
8.94237
8.94237
8.94237
8.94237
8.94237
8.94237
8.94237
8.94237
8.94237
8.94237
8.94237
8.94237
8.94237
8.94237
8.94237
8.94237
8.94237
8.94237
8.94237
8.94237
8.94237
8.94237
8.94237
8.94237
8.94237
8.94237
8.94237
8.94237
8.61376
8.61376
8.61376
8.61376
8.61376
8.61376
8.61376
8.61376
8.61376
8.61376
8.53538
8.53538
8.53538
8.53538
8.53538
8.53538
8.53538
8.53538
8.53538
8.53538
8.53538
8.53538
8.53538
8.53538
8.53538
8.53538
8.53538
8.53538
8.53538
8.53538
8.53538
8.53538
8.53538
8.53538
8.53538
8.53538
8.53538
8.53538
8.53538
8.53538
8.53538
8.53538
8.47479
8.47479
8.47479
8.47479
8.47479
8.47479
8.47479
8.47479
8.47479
8.47479
8.47479
8.47479
8.47479
8.47479
8.47479
8.47479
8.47479
8.47479
8.47479
8.47479
8.47479
8.47479
8.47479
8.47479
8.47479
8.47479
8.4553
8.4553
8.4553
8.4553
8.3988
8.3988
8.3988
8.3988
8.3988
8.3988
8.3988
8.3988
8.28702
8.28702
8.28702
8.28702
8.28702
8.28702
8.28702
8.28702
8.28702
8.28702
8.28702
8.28702
8.28702
8.28702
8.28702
8.28702
8.28702
8.28702
8.28702
8.28702
8.28702
8.28702
8.28702
8.28702
8.28156
8.28156
8.28156
8.28156
8.28156
8.27024
8.19294
8.19294
8.19294
8.19294
8.19294
8.19294
8.19294
8.19294
8.19294
8.19294
8.08135
8.08135
8.08135
8.08135
8.08135
8.08135
8.08135
8.08135
8.04596
8.04596
8.04596
8.04596
8.04596
8.04596
8.04596
8.04596
8.04596
8.04596
8.04596
8.04596
8.04596
8.04596
8.04596
8.04596
8.04596
8.04596
8.04596
8.04596
8.04596
8.04596
8.04596
8.04596
8.04596
8.04596
8.04596
8.04596
8.04596
8.04596
8.04596
8.04596
8.04596
8.04596
8.04596
8.04596
8.04596
8.04596
8.04596
8.04596
8.04596
8.04114
8.04114
8.04114
8.04114
8.04114
8.04114
8.04114
8.04114
8.04114
8.04114
8.04114
8.04114
8.04114
8.04114
8.04114
8.04114
8.04114
8.04114
8.04114
8.04114
8.04114
8.04114
8.04114
8.04114
7.90351
7.90351
7.90351
7.90351
7.90351
7.90351
7.90351
7.90351
7.90351
7.90351
7.90351
7.90351
7.90351
7.90351
7.90351
7.90351
7.90351
7.90351
7.90351
7.90351
7.90351
7.90351
7.90351
7.90351
7.90351
7.90351
7.90351
7.90351
7.90351
7.90351
7.90351
7.90351
7.90351
7.90351
7.90351
7.90351
7.90351
7.83374
7.83374
7.83374
7.83374
7.83374
7.83374
7.83374
7.83374
7.83374
7.83374
7.83374
7.83374
7.83374
7.83374
7.83374
7.83374
7.83374
7.83374
7.83374
7.83374
7.83374
7.83374
7.83374
7.83374
7.83374
7.83374
7.83374
7.83374
7.83374
7.83374
7.83374
7.83374
7.83374
7.83374
7.83374
7.83374
7.83374
7.83374
7.83374
7.83374
7.83374
7.83374
7.83374
7.83374
7.83374
7.83374
7.83374
7.83374
7.83374
7.83374
7.83374
7.83374
7.83374
7.83374
7.78961
7.78961
7.78961
7.78961
7.78961
7.78961
7.78961
7.78961
7.78961
7.78961
7.78961
7.78961
7.78961
7.78961
7.44595
7.44595
7.44595
7.44595
7.44595
7.44595
7.44595
7.44595
7.44595
7.44595
7.44595
7.44595
7.44595
7.44595
7.44595
7.44595
7.44595
7.44595
7.44595
7.44595
7.44595
7.44595
7.44595
7.44595
7.44595
7.44595
7.44595
7.44595
7.44595
7.44595
7.44595
7.44595
7.44595
7.44595
7.44595
7.44595
7.44595
7.44595
7.44595
7.44595
7.44595
7.44595
7.44595
7.44595
7.44595
7.44595
7.44595
7.44595
7.44595
7.44595
7.44595
7.44595
7.44595
7.44595
7.44595
7.44595
7.44595
7.44595
7.44595
7.43966
7.43966
7.43966
7.43966
7.43966
7.39892
7.39892
7.39892
7.39892
7.39892
7.39892
7.39892
7.39892
7.39892
7.39892
7.39892
7.39892
7.39892
7.39892
7.39892
7.39892
7.17462
7.17462
7.17462
7.17462
7.17462
7.17462
7.17462
7.17462
7.17462
7.17462
7.17462
7.17462
7.17462
7.17462
7.17462
7.17462
7.17462
7.17462
7.17462
7.17462
7.17462
7.17462
7.17462
7.17462
7.17462
7.17462
7.17462
7.17462
7.17462
7.17462
7.17462
7.17462
7.17462
7.17462
7.17462
7.17462
7.17462
7.17462
7.17462
7.17462
7.17462
7.17462
7.17462
7.17462
7.17462
7.17462
7.17462
7.17462
7.17462
7.17462
7.17462
7.17462
7.17462
7.17462
7.17462
7.17462
7.17462
7.17462
7.17462
7.17462
7.17462
7.17462
7.17462
7.17462
7.17462
7.17462
7.17462
7.17462
7.17462
7.17462
7.17462
7.17462
7.17462
7.17462
7.17462
7.17462
7.17462
7.17462
7.17462
7.17462
7.17462
7.17462
7.17462
7.17462
7.17462
7.17462
7.17462
7.17462
7.17462
7.17462
7.17462
7.17462
7.17462
7.17462
7.17462
7.17462
7.17462
7.17462
7.17462
7.17462
7.17462
7.17462
7.17462
7.17462
7.154
7.154
7.154
7.154
7.154
7.154
7.154
7.154
7.10951
7.10951
7.10951
7.10951
7.10951
7.10951
7.10951
7.10951
7.10951
7.10951
7.10951
7.10951
7.10951
7.10951
7.10951
7.10951
7.10951
7.10951
7.10951
7.10951
7.10951
7.10951
7.10951
7.10951
7.10951
7.10951
7.10951
7.10951
7.10951
7.10951
7.10951
7.10951
7.10951
7.10951
7.10951
7.10951
7.10951
7.10951
7.10951
7.10951
7.10951
7.10951
7.10951
7.10951
7.10951
7.10951
7.10951
7.10951
7.10951
7.10951
7.10951
7.10951
7.10951
7.10951
7.10951
7.10951
7.10951
7.10951
7.10951
7.10951
7.10951
7.10951
7.10951
7.10951
7.10951
7.10951
7.10951
7.10951
7.10951
7.10951
7.10951
7.10951
7.10951
7.10951
7.10951
7.10951
7.10951
7.10951
7.10951
7.10951
7.10951
7.10951
7.10951
7.10951
7.10951
7.10951
7.10951
7.10951
7.10951
7.10951
7.10951
7.10951
7.10951
7.10951
7.10951
7.10951
7.10951
7.10951
7.10951
7.10951
7.10951
7.10951
7.10951
7.10951
7.10951
7.10951
7.10951
7.10951
7.10951
7.10951
7.10951
7.10951
7.10951
7.10951
7.10951
7.10951
7.10951
7.10951
7.10951
7.10951
7.10951
7.10951
7.10951
7.10951
7.10951
7.10951
7.10951
7.10951
7.10951
7.10951
7.10926
7.10926
7.10926
7.10926
7.10926
7.10926
7.10926
7.10926
7.10926
7.10926
7.10926
7.10926
7.10926
7.10926
7.10926
7.10926
7.10926
7.10926
7.10926
7.10926
7.10926
7.10926
7.10926
7.10926
7.10926
7.10926
7.10926
7.10727
7.10727
7.10727
7.10727
7.10727
7.10727
7.10727
7.10727
7.10727
7.10727
7.10727
7.10727
7.10727
7.07396
7.07396
7.07396
7.03378
7.03378
7.03378
7.03378
7.03378
7.03378
7.03378
6.92791
6.92791
6.92791
6.92791
6.92791
6.92791
6.92791
6.92791
6.92791
6.92791
6.92791
6.92791
6.92791
6.92791
6.92791
6.92791
6.92791
6.92791
6.92791
6.92791
6.92791
6.92791
6.92791
6.92791
6.92791
6.92791
6.92791
6.92791
6.92791
6.92791
6.92791
6.92791
6.92791
6.92791
6.92791
6.92791
6.92791
6.92791
6.92791
6.92791
6.80008
6.80008
6.80008
6.80008
6.80008
6.80008
6.80008
6.80008
6.80008
6.80008
6.80008
6.80008
6.80008
6.80008
6.80008
6.80008
6.80008
6.80008
6.80008
6.80008
6.80008
6.80008
6.80008
6.80008
6.80008
6.80008
6.80008
6.80008
6.80008
6.80008
6.80008
6.80008
6.80008
6.80008
6.80008
6.80008
6.80008
6.80008
6.80008
6.80008
6.80008
6.80008
6.80008
6.80008
6.80008
6.80008
6.80008
6.80008
6.80008
6.80008
6.80008
6.80008
6.80008
6.80008
6.80008
6.80008
6.80008
6.80008
6.80008
6.80008
6.80008
6.80008
6.80008
6.80008
6.80008
6.80008
6.80008
6.80008
6.80008
6.80008
6.80008
6.80008
6.80008
6.80008
6.80008
6.80008
6.80008
6.80008
6.80008
6.80008
6.80008
6.80008
6.80008
6.80008
6.80008
6.80008
6.80008
6.80008
6.80008
6.80008
6.80008
6.80008
6.80008
6.79551
6.79551
6.79551
6.70524
6.70524
6.70524
6.70524
6.70524
6.66468
6.66468
6.66468
6.66468
6.66468
6.66468
6.66468
6.66468
6.66468
6.66468
6.66468
6.66468
6.66468
6.66468
6.66468
6.66468
6.66468
6.63864
6.63864
6.63864
6.63864
6.63864
6.63864
6.63864
6.63864
6.63864
6.63864
6.63864
6.63864
6.62748
6.62748
6.62748
6.62748
6.62748
6.62748
6.62748
6.62748
6.62748
6.62748
6.62748
6.62748
6.62748
6.62748
6.62748
6.62748
6.62748
6.62748
6.62748
6.62748
6.62748
6.62748
6.62748
6.62748
6.62748
6.62748
6.62748
6.62748
6.62748
6.62748
6.62748
6.62748
6.62748
6.62748
6.62748
6.62748
6.62748
6.62748
6.62748
6.62748
6.62748
6.62748
6.62748
6.62748
6.62748
6.62748
6.62748
6.62748
6.62748
6.62748
6.62748
6.62748
6.62748
6.62748
6.62748
6.62748
6.62748
6.62748
6.62748
6.62748
6.62748
6.62748
6.61743
6.61743
6.61743
6.61743
6.61743
6.61743
6.61743
6.61743
6.61743
6.61743
6.61743
6.61743
6.61743
6.61743
6.61743
6.61743
6.59673
6.59673
6.59673
6.21726
6.21726
6.21726
6.21726
6.21726
6.21726
6.21726
6.21726
6.21726
6.21726
6.21726
6.21726
6.21726
6.21726
6.21726
6.21726
6.21726
6.21726
6.21726
6.21726
6.21726
6.21726
6.21726
6.21726
6.21726
6.21726
6.21726
6.21726
6.21726
6.21726
6.21726
6.21726
6.21726
6.21726
6.21726
6.21726
6.21726
6.21726
6.21726
6.21726
6.21726
6.21726
6.21726
6.21726
6.21726
6.21726
6.21726
6.21726
6.21726
6.21726
6.21726
6.21726
6.21726
6.21726
6.21726
6.21726
6.21726
6.21726
6.21726
6.21726
6.21726
6.21726
6.21726
6.21726
6.21726
6.21726
6.21726
6.21726
6.21726
6.21726
6.21726
6.21726
6.21726
6.21726
6.21726
6.21726
6.21726
6.21726
6.21726
6.21726
6.21726
6.21726
6.21726
6.21726
6.21726
6.21726
6.21726
6.21726
6.21726
6.21726
6.21726
6.21726
6.21726
6.21726
6.21726
6.21726
6.21726
6.21726
6.21726
6.21726
6.21726
6.21726
6.21726
6.21726
6.21726
6.21726
6.21726
6.21726
6.21726
6.21726
6.21726
6.21726
6.21726
6.21726
6.21726
6.21726
6.21726
6.21726
6.21726
6.21726
6.21726
6.21726
6.21726
6.21726
6.21726
6.21726
6.21726
6.21726
6.21726
6.21726
6.21726
6.21726
6.21726
6.21726
6.21726
6.21726
6.21726
6.21726
6.21726
6.21726
6.21726
6.21726
6.21726
6.21726
6.21726
6.21726
6.21726
6.21726
6.21726
6.21726
6.21726
6.21726
6.21726
6.21726
6.21726
6.21726
6.21726
6.21726
6.21726
6.21726
6.21726
6.21726
6.21726
6.21726
6.21726
6.21726
6.21726
6.21726
6.21726
6.21726
6.21726
6.21726
6.21726
6.21726
6.21726
6.21726
6.21726
6.21726
6.21726
6.21726
6.21726
6.21726
6.21726
6.21726
6.21726
6.21726
6.21726
6.21726
6.21726
6.21726
6.21726
6.21726
6.21726
6.21726
6.21726
6.21726
6.21726
6.21726
6.21726
6.21726
6.21726
6.21726
6.21726
6.21726
6.21726
6.21726
6.21726
6.21726
6.21726
6.21726
6.21726
6.21726
6.21726
6.21726
6.21726
6.19192
6.19192
6.19192
6.19192
6.19192
6.19192
6.19192
6.19192
6.19192
6.19192
6.19192
6.19192
6.19192
6.19192
6.19192
6.19192
6.19192
6.19192
6.19192
6.19192
6.19192
6.19192
6.19192
6.19192
6.12415
6.12415
6.12415
6.12415
6.12415
6.12415
6.12415
6.12415
6.12415
6.12415
6.12415
6.12415
6.12415
6.12415
6.12415
6.12415
6.12415
6.12415
6.0212
6.0212
6.0212
6.0212
6.0212
6.0212
6.0212
6.0212
6.0212
6.0212
5.96533
5.96533
5.96533
5.96533
5.96533
5.96533
5.96533
5.96533
5.96533
5.96533
5.96533
5.96533
5.96533
5.96533
5.96533
5.96533
5.96533
5.96533
5.96533
5.96533
5.96533
5.96533
5.96533
5.96533
5.96533
5.96533
5.96533
5.96533
5.96533
5.96533
5.96533
5.96533
5.96533
5.96533
5.96533
5.96533
5.96533
5.96533
5.96533
5.96533
5.96533
5.96533
5.96533
5.96533
5.96533
5.96533
5.96533
5.96533
5.96533
5.96533
5.96533
5.96533
5.96533
5.96533
5.96533
5.96533
5.96533
5.96533
5.96533
5.96533
5.96533
5.96533
5.96533
5.96533
5.96533
5.96533
5.96533
5.96533
5.96533
5.96533
5.96533
5.96533
5.96533
5.96533
5.96533
5.96533
5.96533
5.93189
5.93189
5.93189
5.93189
5.93189
5.93189
5.93189
5.93189
5.93189
5.93189
5.93189
5.93189
5.93189
5.93189
5.93189
5.93189
5.93189
5.93189
5.93189
5.93189
5.93189
5.93189
5.93189
5.93189
5.93189
5.93189
5.93189
5.93189
5.93189
5.93189
5.93189
5.93189
5.93189
5.93189
5.93189
5.93189
5.93189
5.93189
5.93189
5.93189
5.93189
5.93189
5.93189
5.93189
5.93189
5.93189
5.93189
5.93189
5.93189
5.93189
5.93189
5.93189
5.93189
5.93189
5.93189
5.93189
5.93189
5.93189
5.93189
5.93189
5.93189
5.93189
5.93189
5.93189
5.93189
5.93189
5.93189
5.93189
5.93189
5.93189
5.93189
5.93189
5.93189
5.93189
5.93189
5.93189
5.93189
5.93189
5.93189
5.93189
5.93189
5.93189
5.93189
5.93189
5.93189
5.93189
5.93189
5.93189
5.93189
5.93189
5.93189
5.89784
5.89784
5.89784
5.89784
5.89784
5.89784
5.89784
5.89784
5.89784
5.89784
5.89784
5.89784
5.89784
5.89784
5.89784
5.89784
5.89784
5.89784
5.89784
5.89784
5.89784
5.89784
5.89784
5.89784
5.89784
5.89784
5.89784
5.89784
5.89784
5.89784
5.89784
5.89784
5.89784
5.89784
5.89784
5.89784
5.89784
5.89784
5.89784
5.89784
5.89784
5.89784
5.89784
5.89784
5.89784
5.89784
5.89784
5.89784
5.89784
5.89784
5.89784
5.89784
5.89784
5.89784
5.89784
5.89784
5.89784
5.89784
5.89784
5.89784
5.89784
5.89784
5.89784
5.89784
5.89784
5.89784
5.89784
5.89784
5.89784
5.89784
5.89784
5.89784
5.89784
5.89784
5.89784
5.89784
5.89784
5.89784
5.89784
5.89784
5.89784
5.89784
5.89784
5.89784
5.89784
5.89784
5.89784
5.89784
5.89784
5.81408
5.81408
5.81408
5.81408
5.81408
5.81408
5.81408
5.81408
5.81408
5.81408
5.81408
5.81408
5.81408
5.81408
5.81408
5.81408
5.81408
5.81408
5.81408
5.81408
5.81408
5.81408
5.81408
5.81408
5.81408
5.81408
5.81408
5.8127
5.8127
5.8127
5.8127
5.8127
5.8127
5.8127
5.8127
5.8127
5.8127
5.8127
5.8127
5.8127
5.8127
5.8127
5.8127
5.8127
5.8127
5.8127
5.8127
5.8127
5.8127
5.8127
5.8127
5.8127
5.8127
5.8127
5.8127
5.8127
5.8127
5.8127
5.8127
5.8127
5.8127
5.8127
5.79563
5.79563
5.79563
5.79563
5.79563
5.79563
5.79563
5.79563
5.79563
5.79563
5.79563
5.79563
5.79563
5.79563
5.79563
5.79563
5.79563
5.79563
5.79563
5.79563
5.79563
5.79563
5.79563
5.79563
5.79563
5.79563
5.79563
5.79563
5.79563
5.79563
5.79563
5.79563
5.79563
5.79563
5.79563
5.79563
5.79563
5.79563
5.79563
5.79563
5.79563
5.79563
5.77459
5.77459
5.77459
5.77459
5.77459
5.77459
5.77459
5.77459
5.77459
5.77459
5.77459
5.77459
5.77459
5.77459
5.77459
5.77459
5.77459
5.77459
5.77459
5.77459
5.77459
5.77459
5.77459
5.77459
5.77459
5.77459
5.77459
5.77459
5.77459
5.77459
5.77459
5.77459
5.77459
5.77459
5.77459
5.77459
5.77459
5.77459
5.77459
5.77459
5.77459
5.77459
5.77459
5.77459
5.77459
5.77459
5.77459
5.77459
5.77459
5.77459
5.77459
5.77459
5.77459
5.77459
5.77459
5.77459
5.77459
5.77459
5.77459
5.77459
5.77459
5.77459
5.77459
5.77459
5.77459
5.77459
5.77459
5.77459
5.77459
5.77459
5.77459
5.77459
5.77459
5.77459
5.77459
5.77459
5.77459
5.77459
5.77459
5.77459
5.77459
5.77459
5.77459
5.77459
5.77459
5.77459
5.77459
5.77459
5.77459
5.77459
5.77459
5.77459
5.77459
5.77459
5.77459
5.7682
5.7682
5.7682
5.7682
5.7682
5.7682
5.7682
5.7682
5.7682
5.7682
5.7682
5.7682
5.7682
5.7682
5.7682
5.7682
5.7682
5.7682
5.7682
5.7682
5.7682
5.7682
5.7682
5.76798
5.76798
5.76798
5.76798
5.76798
5.76798
5.76798
5.76798
5.76397
5.76397
5.76397
5.76397
5.76397
5.76397
5.76397
5.76397
5.76397
5.76397
5.76397
5.76397
5.76397
5.76397
5.76397
5.76397
5.76397
5.76397
5.75354
5.75354
5.75354
5.75354
5.75354
5.75354
5.75354
5.75354
5.75354
5.75354
5.68635
5.68635
5.67042
5.67042
5.67042
5.67042
5.67042
5.67042
5.67042
5.67042
5.67042
5.67042
5.67042
5.67042
5.67042
5.67042
5.67042
5.67042
5.67042
5.67042
5.67042
5.67042
5.67042
5.67042
5.67042
5.67042
5.67042
5.67042
5.67042
5.67042
5.67042
5.67042


-2.985
0.985773
-1.1047
-1.98249
0.753561
0.185641
-0.0402108
0.777803
0.922603
-0.0265935
0.965412
1.47559
-0.0177668
2.04402
2.28607
1.05246
1.95317
1.24142
-1.10765
-0.768625
0.998583
-0.217269
2.16609
1.05322
-1.51657
-0.0586867
1.19066
0.200365
-1.03322
-1.73412

0.029

