20.2101
19.5142
19.5142
19.5142
19.5142
19.5142
19.5142
18.7976
18.7976
18.7976
18.7976
18.7451
18.6643
18.6643
18.4328
18.4328
18.4328
18.4328
18.3048
18.2995
18.2974
18.2974
18.2974
18.2974
18.2974
18.2974
18.2974
17.9562
17.9562
17.9562
17.9562
17.9562
17.9562
17.9143
17.9143
17.8997
17.8997
17.8997
17.8997
17.8997
17.8818
17.836
17.836
17.836
17.836
17.836
17.836
17.836
17.6025
17.6025
17.58
17.4763
17.4763
17.4763
17.4763
17.4763
17.4763
17.4763
17.4763
17.4763
17.4763
17.4763
17.4473
17.4473
17.4365
17.4365
17.3712
17.3712
17.3712
17.3712
17.3712
17.3708
17.2034
17.1424
17.1281
17.1281
16.8172
16.8172
16.6968
16.6968
16.6968
16.6968
16.6637
16.6637
16.6637
16.6637
16.6637
16.2751
16.2751
16.2751
16.2751
16.2751
16.2751
16.2751
16.2751
16.2444
16.2444
16.2444
16.2444
16.2444
16.2444
16.223
16.223
16.223
16.223
16.223
16.223
16.223
16.223
16.223
16.223
16.223
15.9882
15.9882
15.953
15.953
15.953
15.953
15.953
15.953
15.953
15.9527
15.9527
15.9527
15.9527
15.9349
15.9349
15.9349
15.9337
15.9337
15.9337
15.9337
15.9337
15.9337
15.9337
15.9168
15.9168
15.8843
15.8843
15.8843
15.8843
15.8843
15.8843
15.8843
15.8843
15.8626
15.8626
15.8626
15.8626
15.8626
15.8626
15.8626
15.8626
14.8279
14.607
14.581
14.581
14.581
14.581
14.374
14.374
14.374
14.374
14.374
14.374
14.374
14.3383
14.3383
14.3383
14.3383
14.3383
14.3383
14.2575
14.2575
14.2575
14.2575
14.2575
14.2575
14.2575
14.2473
14.2473
14.2372
14.2372
14.2372
14.2129
14.2129
14.2129
14.2129
14.2129
14.2129
14.2129
14.2129
14.2129
14.2129
14.2129
14.2129
14.2129
14.2129
14.0723
14.0723
13.9491
13.9491
13.9491
13.9491
13.9491
13.9491
13.9491
13.8769
13.8769
13.8769
13.8769
13.8769
13.8735
13.8735
13.8735
13.8735
13.8735
13.7921
13.7921
13.7921
13.7921
13.7921
13.7921
13.7921
13.7646
13.7646
13.4857
13.4857
13.4857
13.4857
13.4706
13.4706
13.462
13.3843
13.1882
13.1882
13.1882
13.1882
13.1882
13.1882
13.1882
13.1882
13.1882
13.1882
12.9576
12.9576
12.9576
12.9576
12.9576
12.9576
12.695
12.695
12.695
12.695
12.695
12.695
12.695
12.695
12.695
12.4796
12.4796
12.4796
12.4796
12.4796
12.4796
12.4796
12.4796
12.3792
12.3792
12.3792
12.3792
12.3792
12.3792
12.3239
12.3239
12.3239
12.3239
12.169
12.169
12.169
12.169
12.169
12.169
12.169
12.169
12.169
12.169
12.169
11.8236
11.5791
11.5791
11.5791
11.5791
11.5791
11.5791
11.5791
11.5791
11.5791
11.5791
11.5791
11.5791
11.5791
11.5791
11.5791
11.5791
11.5791
11.5791
11.5791
11.5791
11.5791
11.5791
11.4877
11.4877
11.4877
11.4877
11.4877
11.4877
11.4877
11.4877
11.4877
11.4877
11.4877
11.4877
11.4877
11.4877
11.4844
11.4844
11.4844
11.4844
11.1974
11.1974
11.1974
11.146
11.146
11.1266
11.1266
11.1266
11.1266
11.1266
11.1266
11.1266
11.1266
11.1266
11.1266
11.1266
11.1266
11.1266
11.1266
11.1266
11.1266
11.1266
11.1266
11.1266
11.1266
11.1266
11.1266
11.1266
11.1266
11.1266
11.1266
11.1266
11.1266
11.1193
11.0581
11.0422
11.0422
11.0422
11.0422
11.0422
11.0422
11.0422
11.0422
11.042
11.042
11.042
11.042
11.042
11.042
11.042
11.042
11.042
11.042
10.5745
10.5745
10.5745
10.5745
10.5745
10.5745
10.5745
10.5745
10.5745
10.5745
10.5745
10.5745
10.5745
10.5745
10.5745
10.5745
10.5745
10.5745
10.5745
10.5745
10.5745
10.5366
10.5366
10.5366
10.5366
10.5366
10.5366
10.5206
10.5184
10.5184
10.5184
10.5184
10.5184
10.5184
10.5184
10.5184
10.5184
10.5184
10.5184
10.5184
10.5184
10.5184
10.5184
10.5184
10.5184
10.5184
10.5184
10.5184
10.5184
10.5184
10.3467
10.3467
10.3467
10.3467
10.3467
10.2531
10.2531
10.2531
10.2531
10.2531
10.2531
10.2531
10.2531
10.2531
10.2531
10.2531
10.2351
10.2351
10.2351
10.2351
10.2351
10.2351
10.2351
10.2351
10.2351
10.2351
10.2351
10.2351
10.2351
10.2351
10.2351
10.2351
10.2351
10.2351
10.2351
10.2351
10.2351
10.2351
10.2351
10.2351
10.2351
10.2351
10.2351
10.2351
10.2351
10.2351
10.2351
10.2351
10.2351
10.2351
10.2351
10.2351
10.2351
10.2351
10.2351
10.2323
10.2323
10.2323
10.2323
10.2323
10.2323
10.2323
10.2323
10.2323
10.2323
10.2323
9.17471
9.17471
9.17471
9.17471
9.17471
9.17471
8.84168
8.84168
8.84168
8.84168
8.84168
8.84168
8.84168
8.84168
8.84168
8.84168
8.84168
8.84168
8.84168
8.84168
8.84168
8.84168
8.84168
8.84168
8.84168
8.84168
8.84168
8.84168
8.84168
8.84168
8.84168
8.84168
8.74493
8.74493
8.74493
8.71842
8.71842
8.71842
8.71842
8.71842
8.71842
8.71842
8.71842
8.70206
8.70206
8.70206
8.70206
8.70206
8.65572
8.64745
8.64745
8.64745
8.64745
8.64745
8.64346
8.64066
8.64066
8.64061
8.64061
8.64061
8.64061
8.64061
8.64061
8.64061
8.64061
8.64061
8.64061
8.64061
8.64061
8.64061
8.64061
8.64061
8.61044
8.60082
8.60082
8.55501
8.55501
8.55501
8.55501
8.55501
8.55501
8.55501
8.55501
8.55501
8.55501
8.55501
8.55501
8.55501
7.6909
7.6909
7.6909
7.6909
7.6909
7.6909
7.6909
7.6909
7.6909
7.6909
7.6909
7.6909
7.6909
7.6909
7.6909
7.6909
7.6909
7.6909
7.6909
7.55476
7.55476
7.55476
7.55476
7.55476
7.53031
7.53031
7.53031
7.53031
7.53031
7.53031
7.53031
7.49931
7.49931
7.49931
7.49931
7.49931
7.49931
7.49931
7.49931
7.49931
7.49931
7.49931
7.49931
7.48867
7.48867
7.48867
7.48867
7.48867
7.48867
7.48867
7.48867
7.48867
7.48867
7.48867
7.48867
7.48867
7.48867
7.48867
7.48867
7.48867
7.48867
7.48867
7.48867
7.48844
7.48844
7.48841
7.48841
7.48841
7.48841
7.48841
7.48841
7.48841
7.48841
7.48841
7.48841
7.48839
7.48839
7.48839
7.48839
7.48839
7.48839
7.48839
7.48839
7.48839
7.48839
7.48839
7.48839
7.48839
7.48839
7.48839
7.48839
7.48839
7.48839
7.48839
7.48839
7.24716
7.24716
7.24716
7.24716
7.24716
7.24716
7.24716
7.24716
7.24716
7.24716
7.24716
7.24716
7.06387
7.06387
7.06387
7.06387
7.06387
7.06387
7.0388
7.03323
7.03323
7.03323
6.98255
6.98255
6.98255
6.98255
6.98255
6.98255
6.91176
6.91176
6.91176
6.91176
6.91176
6.91176
6.91176
6.91176
6.91176
6.91176
6.91176
6.91176
6.91176
6.91176
6.91176
6.91176
6.91176
6.91176
6.91176
6.91176
6.91176
6.91176
6.91176
6.91176
6.91176
6.91176
6.91176
6.91176
6.91176
6.91176
6.91176
6.91176
6.91176
6.91176
6.91176
6.91176
6.91176
6.91176
6.91176
6.91176
6.91176
6.91176
6.91176
6.91176
6.91176
6.91176
6.91176
6.91176
6.91176
6.91176
6.91176
6.91176
6.91176
6.91176
6.91176
6.91176
6.91176
6.91176
6.91176
6.91176
6.91176
6.91176
6.91176
6.91176
6.91176
6.91176
6.91176
6.91176
6.91176
6.91176
6.91176
6.91176
6.91176
6.91176
6.88746
6.88746
6.88746
6.88746
6.88034
6.88034
6.88034
6.88014
6.88014
6.88014
6.88014
6.88014
6.88014
6.88014
6.88014
6.88014
6.88008
6.88008
6.88008
6.88008
6.88008
6.87992
6.87992
6.87992
6.87992
6.87992
6.8798
6.8798
6.8798
6.87976
6.87976
6.87976
6.87976
6.87976
6.87976
6.87976
6.82544
6.82544
6.82544
6.82544
6.82544
6.82544
6.82544
6.82544
6.82544
6.82544
6.82544
6.82544
6.82544
6.82544
6.82544
6.82544
6.82544
6.82544
6.82544
6.82544
6.82544
6.82544
6.82544
6.82544
6.82544
6.82544
6.82544
6.48851
6.48851
6.48851
6.48851
6.48851
6.48851
6.39518
6.39518
6.39518
6.39518
6.38067
6.38067
6.38067
6.38067
6.38067
6.37529
6.37529
6.37529
6.37529
6.37529
6.37529
6.37529
6.37529
6.37529
6.37529
6.37529
6.37529
6.37529
6.37529
6.37529
6.37529
6.37529
6.37529
6.37529
6.37529
6.37529
6.37529
6.37529
6.37529
6.37529
6.37529
6.37529
6.37529
6.37529
6.37529
6.37529
6.31028
6.31028
6.31028
6.31028
6.31028
6.31028
6.31028
6.31028
6.31028
6.31028
6.31028
6.31028
6.31028
6.31028
6.31028
6.31028
6.31028
6.31028
6.31028
6.31028
6.31028
6.31028
6.31028
6.31028
6.31028
6.31028
6.31028
6.31028
6.31028
6.31028
6.31028
6.31028
6.31028
6.31028
6.31028
6.31028
6.31028
6.31028
6.31028
5.96548
5.96548
5.96548
5.96548
5.96548
5.96548
5.96548
5.96548
5.96548
5.96548
5.96548
5.96548
5.96548
5.96548
5.96548
5.96548
5.96548
5.96548
5.96548
5.96548
5.96548
5.96548
5.96548
5.96548
5.96548
5.96548
5.96548
5.96548
5.96548
5.96548
5.96548
5.96548
5.96548
5.96548
5.96548
5.96548
5.96548
5.96548
5.96548
5.96548
5.96548
5.96548
5.96548
5.96548
5.96548
5.96548
5.96548
5.96548
5.96548
5.96548
5.96548
5.96548
5.96548
5.96548
5.96548
5.96548
5.96548
5.96548
5.96548
5.96548
5.96548
5.96548
5.96548
5.96548
5.96548
5.96548
5.96548
5.96548
5.96548
5.96548
5.96548
5.96548
5.96548
5.96548
5.96548
5.96548
5.96548
5.96548
5.96548
5.96548
5.96548
5.96548
5.96548
5.96548
5.96548
5.96548
5.96548
5.96548
5.96548
5.96548
5.96548
5.96548
5.96548
5.96548
5.96548
5.96548
5.96548
5.96548
5.96548
5.96548
5.96548
5.96548
5.96548
5.96548
5.96548
5.96548
5.96548
5.96548
5.96548
5.96548
5.96548
5.96548
5.96548
5.96548
5.96548
5.96548
5.96548
5.96548
5.96548
5.96548
5.96548
5.96548
5.96548
5.96548
5.96548
5.96548
5.96548
5.96548
5.96548
5.96548
5.96548
5.96548
5.91658
5.91658
5.91658
5.65454
5.38928
5.38928
5.38065
5.38065
5.38065
5.38065
5.38065
5.35144
5.35144
5.35144
5.35144
5.35144
5.35144
5.35144
5.35144
5.35144
5.35144
5.35144
5.35144
5.35144
5.35144
5.35144
5.35144
5.35144
5.35144
5.35144
5.35144
5.35144
5.35144
5.35144
5.35144
5.35144
5.35144
5.35144
5.35144
5.35144
5.35144
5.35144
5.35144
5.35144
5.35144
5.35144
5.35144
5.35144
5.35144
5.35144
5.35144
5.35144
5.35144
5.35144
5.35144
5.35144
5.35144
5.35144
5.35144
5.35144
5.35144
5.35144
5.35144
5.35144
5.35144
5.29352
5.29352
5.29352
5.29352
5.29352
5.29352
5.29352
5.29352
5.29352
5.29352
5.29352
5.29352
5.29352
5.29352
5.29352
5.29352
5.29352
5.29352
5.22676
5.18171
5.18171
5.18171
5.18171
5.18171
5.18171
5.18171
5.18171
5.18171
5.18171
5.18171
5.18171
5.18171
5.18171
5.18171
5.18171
5.18171
5.18171
5.18171
5.18171
5.18171
5.18171
5.18171
5.18171
5.18171
5.18171
5.18171
5.18171
5.18171
5.18171
5.18171
5.18171
5.18171
5.18171
5.18171
5.18171
5.18171
5.18171
5.18171
5.18171
5.18171
5.18171
5.18171
5.18171
5.18171
5.18171
5.18171
5.18171
5.18171
5.18171
5.18171
5.18171
5.18171
5.18171
5.18171
5.18171
5.18171
5.18171
5.18171
5.18171
5.18171
5.18171
5.18171
5.18171
5.18171
5.18171
5.18171
5.18171
5.18171
5.18171
5.18171
5.18171
5.18171
5.18171
5.18171
5.18171
5.18171
5.18171
5.18171
5.18171
5.18171
5.18171
5.18171
5.18171
5.18171
5.18171
5.18171
5.18171
5.18171
5.18171
5.18171
5.18171
5.18171
5.18171
5.18171
5.18171
5.18171
5.18171
5.18171
5.11849
5.11849
5.11849
5.11849
5.11849
5.11849
5.11849
5.11849
5.11849
5.11849
5.11849
5.11849
5.11849
5.11849
5.11849
5.11849
5.11849
5.11849
5.11849
5.11849
5.11849
5.11849
5.11849
5.11849
5.11849
5.11849
5.11849
5.11849
5.11849
5.11849
5.11849
5.11849
5.11849
5.11849
5.11849
5.11849
5.11849
5.11849
5.11849
5.11849
5.11849
5.11849
5.0106
5.0106
5.0106
5.0106
5.0106
5.0106
5.0106
5.0106
5.0106
5.0106
5.0106
5.0106
5.0106
5.0106
5.0106
4.66423
4.58238
4.57296
4.57296
4.57296
4.57296
4.57296
4.57296
4.54634
4.54634
4.54634
4.54634
4.54105
4.54105
4.54105
4.54105
4.54105
4.54105
4.54105
4.54105
4.54105
4.54105
4.54105
4.54105
4.54105
4.54105
4.54105
4.54105
4.54105
4.54105
4.54105
4.54105
4.54105
4.54105
4.54105
4.54105
4.54105
4.54105
4.54105
4.54105
4.54105
4.54105
4.53499
4.53499
4.53499
4.53499
4.53499
4.51075
4.47972
4.47972
4.47328
4.47328
4.47328
4.47328
4.47328
4.47328
4.47328
4.47328
4.47324
4.47324
4.47324
4.47324
4.47324
4.47324
4.47324
4.47324
4.47324
4.47324
4.47324
4.47324
4.47324
4.47324
4.47324
4.47324
4.47324
4.47324
4.47324
4.47324
4.47324
4.47324
4.47324
4.47324
4.47324
4.47324
4.47324
4.47324
4.47324
4.47324
4.47324
4.47324
4.47324
4.47324
4.25058
4.25058
4.25058
4.25058
4.25058
4.21873
4.21873
4.21873
4.21873
4.21873
4.21873
4.21873
4.21873
4.21873
4.21873
4.21873
4.21873
4.21873
4.21873
4.21873
4.21873
4.21873
4.21873
4.18949
4.18949
4.18949
4.18949
4.17116
4.17116
4.17116
4.17116
4.14516
4.14516
4.14516
4.14516
4.14516
4.14516
4.14516
4.14516
4.12904
4.12904
4.12904
4.12904
4.12197
4.12197
3.97126
3.97126
3.97126
3.97126
3.95181
3.95181
3.95181
3.95181
3.95181
3.95181
3.95181
3.95181
3.95181
3.95181
3.95181
3.95181
3.95181
3.95181
3.95181
3.95181
3.95181
3.95181
3.95181
3.95181
3.95181
3.95181
3.95181
3.95181
3.95181
3.95181
3.95181
3.95181
3.95181
3.95181
3.95181
3.95181
3.95181
3.95181
3.95181
3.95181
3.95181
3.95181
3.95181
3.95181
3.95181
3.95181
3.95181
3.95181
3.95181
3.95181
3.95181
3.95181
3.95181
3.95181
3.95181
3.95181
3.95181
3.95181
3.95181
3.95181
3.95181
3.95181
3.95181
3.95181
3.95181
3.95181
3.95181
3.95181
3.95181
3.95181
3.95181
3.95181
3.95181
3.95181
3.95181
3.95181
3.95181
3.95181
3.95181
3.95181
3.95181
3.95181
3.95181
3.95181
3.95181
3.95181
3.95181
3.95181
3.95181
3.95181
3.95181
3.95181
3.95181
3.95181
3.95181
3.95181
3.95181
3.95181
3.95181
3.95181
3.95181
3.95181
3.95181
3.95181
3.95181
3.95181
3.95181
3.95181
3.95181
3.95181
3.95181
3.95181
3.95181
3.95181
3.95181
3.95181
3.95181
3.95181
3.95181
3.95181
3.95181
3.95181
3.95181
3.95181
3.95181
3.95181
3.95181
3.95181
3.95181
3.95181
3.95181
3.95181
3.95181
3.95181
3.95181
3.95181
3.95181
3.95181
3.95181
3.95181
3.95181
3.95181
3.95181
3.95181
3.95181
3.95181
3.95181
3.95181
3.95181
3.95181
3.95181
3.95181
3.95181
3.95181
3.95181
3.95181
3.95181
3.95181
3.95181
3.95181
3.95181
3.95181
3.95181
3.95181
3.95181
3.95181
3.95181
3.95181
3.95181
3.95181
3.95181
3.95181
3.95181
3.95181
3.95181
3.95181
3.95181
3.95181
3.95181
3.95181
3.95181
3.95181
3.95181
3.95181
3.95181
3.95181
3.95181
3.95181
3.95181
3.95181
3.95181
3.95181
3.95181
3.95181
3.95181
3.95181
3.95181
3.95181
3.95181
3.95181
3.95181
3.95181
3.95181
3.95181
3.95181
3.95181
3.95181
3.95181
3.95181
3.95181
3.95181
3.95181
3.95181
3.95181
3.95181
3.95181
3.95181
3.95181
3.95181
3.95181
3.95181
3.95181
3.95181
3.95181
3.95181
3.95181
3.95181
3.95181
3.95181
3.95181
3.95181
3.95181
3.95181
3.95181
3.95181
3.95181
3.95181
3.95181
3.95181
3.95181
3.95181
3.95181
3.95181
3.95181
3.95181
3.95181
3.95181
3.95181
3.95181
3.95181
3.95181
3.95181
3.95181
3.95181
3.95181
3.95181
3.95181
3.67846
3.67846
3.67846
3.48832
3.4602
3.4602
3.4602
3.4602
3.46005
3.46005
3.46005
3.46005
3.46005
3.46005
3.46005
3.46005
3.46005
3.46005
3.46005
3.46005
3.45756
3.45756
3.45756
3.45756
3.45756
3.45756
3.45756
3.45756
3.45756
3.45756
3.45756
3.45756
3.45756
3.45756
3.45756
3.45756
3.45756
3.45756
3.45756
3.45756
3.45756
3.45756
3.45756
3.45756
3.45756
3.45756
3.45756
3.45756
3.45756
3.45756
3.45756
3.45756
3.45552
3.45552
3.45552
3.45552
3.45552
3.45552
3.45552
3.45546
3.45546
3.45546
3.45546
3.45546
3.45546
3.45546
3.45546
3.45546
3.45546
3.45546
3.45546
3.45546
3.45546
3.45546
3.45546
3.45546
3.45546
3.45546
3.45546
3.45546
3.45546
3.45546
3.45546
3.45546
3.45546
3.45546
3.45546
3.45546
3.45546
3.45546
3.45546
3.45546
3.45546
3.45546
3.45546
3.45546
3.45546
3.45546
3.45546
3.45546
3.45546
3.45546
3.45546
3.45546
3.45546
3.45546
3.45546
3.45546
3.45546
3.45546
3.45546
3.45546
3.45546
3.45546
3.45546
3.45546
3.45546
3.45546
3.45546
3.45546
3.45546
3.45546
3.45546
3.45546
3.45546
3.45546
3.45546
3.45546
3.45546
3.45546
3.45546
3.45546
3.45546
3.45546
3.45546
3.45546
3.45546
3.45546
3.45546
3.45546
3.45546
3.45546
3.45546
3.45546
3.45546
3.45546
3.45546
3.45546
3.45546
3.45546
3.45546
3.45546
3.45546
3.45546
3.45546
3.45546
3.45546
3.45546
3.45546
3.45546
3.45546
3.45546
3.45546
3.45546
3.45546
3.14738
3.14738
3.14738
3.14738
3.14738
3.14738
3.14738
3.14738
3.14738
3.14738
3.14738
3.14738
3.14738
3.14738
3.14738
3.14738
3.14738
3.14738
3.14738
3.14738
3.14738
3.14738
3.14738
3.14738
3.14738
3.14738
3.14738
3.14738
3.14738
3.13522
3.13522
3.13508
3.13508
3.13508
3.13508
3.13507
3.13507
3.13507
3.13507
3.13507
3.13507
3.13507
3.13507
3.13507
3.13507
3.13507
3.13507
3.13507
3.13507
3.13507
3.13507
3.13507
3.13507
3.13507
3.13507
3.13507
3.13507
3.13507
3.13507
3.13507
3.13507
3.13507
3.13507
3.13507
3.13507
3.13507
3.13507
3.13507
3.13507
3.13507
3.13507
3.13507
3.13507
3.13507
3.13507
3.13507
3.13507
3.13507
3.13507
3.13507
3.13507
3.13507
3.13507
3.13507
3.13507
3.13507
3.13507
3.13507
3.13507
3.13507
3.13507
3.13507
3.13507
3.13507
3.13507
3.13507
3.13507
3.13507
3.13507
3.13507
3.13507
3.13507
3.13507
3.13507
3.13507
3.13507
3.13507
3.13507
3.13507
3.13507
3.13507
3.13507
3.13507
3.13507
3.13415
3.13242
3.13242
3.13242
3.13242
3.13242
3.13242
3.13242
3.13242
3.13242
3.13242
3.0635
3.0635
3.0635
3.0635
3.0635
3.06006
3.06006
3.06006
3.06006
3.06006
3.06006
3.06006
3.06006


0.00290787
0.191204
-0.118282
0.11609
0.0993456
1.00875
0.033001
0.00329311
0.108025
0.0359439
-0.171401
0.865756
0.128092
-0.0273032
0.00205304
-0.255885
-0.0170595
-0.429545
0.929028
0.175893
0.00728506
-0.282664
1.25151
-0.158849
-0.0382297
1.0152
0.00791722
0.0444181
-0.0375494
2.26838

0.033

