3.48763e+08
3.48763e+08
3.48763e+08
3.48763e+08
3.48763e+08
3.48763e+08
3.48763e+08
3.48763e+08
3.48763e+08
1.11838e+07
4.90159e+06
4.90159e+06
4.90159e+06
4.90159e+06
4.90159e+06
4.90159e+06
4.90159e+06
4.90159e+06
4.90159e+06
4.90159e+06
2.37787e+06
207519
101896
101896
101896
101896
101896
26345.4
26345.4
26345.4
26345.4
26345.4
26345.4
26345.4
26345.4
26345.4
26345.4
26345.4
26345.4
26345.4
26345.4
527.64
527.64
527.64
527.64
527.64
527.64
527.64
527.64
527.64
527.64
527.64
527.64
527.64
527.64
527.64
527.64
527.64
527.64
527.64
527.64
537.953
537.953
537.953
420846
420846
420846
263298
124635
124635
124635
33405.1
33405.1
33405.1
33405.1
33405.1
33405.1
33405.1
26309.1
26309.1
26309.1
26309.1
33405.1
33405.1
33405.1
24967.4
24967.4
24967.4
24967.4
622.185
622.185
622.185
622.185
622.185
622.185
622.185
622.185
622.185
622.185
622.185
622.185
622.185
622.185
622.185
622.185
622.185
622.185
622.185
622.185
622.185
622.185
3126.74
3126.74
3126.74
3126.74
3126.74
3126.74
3126.74
3126.74
3126.74
3126.74
522.862
522.862
1842.5
1842.5
14797.3
38843.1
1067.48
1067.48
1067.48
1067.48
1067.48
1067.48
1067.48
1067.48
664170
664170
664170
664170
505067
539.709
539.709
539.709
539.709
539.709
539.709
539.709
539.709
539.709
539.709
539.709
539.709
539.709
539.709
539.709
522.826
522.826
522.826
522.826
522.826
522.826
522.826
548.613
548.613
548.613
548.613
548.613
548.613
548.613
548.613
548.613
521.642
521.642
521.642
521.642
521.642
521.642
521.642
521.642
521.642
501.623
501.623
501.623
501.623
501.623
501.623
501.623
4609.37
4609.37
577.527
577.527
577.527
577.527
577.527
577.527
4609.37
4609.37
4609.37
4609.37
4609.37
4609.37
4609.37
4609.37
4609.37
4609.37
26410.6
26410.6
26410.6
26410.6
1386.1
1386.1
1386.1
1386.1
1386.1
1386.1
1386.1
1386.1
1386.1
746.7
746.7
746.7
746.7
746.7
746.7
746.7
746.7
746.7
746.7
746.7
746.7
746.7
746.7
402.657
402.657
402.657
402.657
402.657
402.657
2606.55
1239.24
1239.24
1239.24
1239.24
1239.24
490.788
490.788
490.788
490.788
490.788
490.788
490.788
490.788
490.788
490.788
490.788
490.788
490.788
490.788
490.788
490.788
490.788
1239.24
1239.24
1239.24
1239.24
474.171
474.171
474.171
474.171
474.171
474.171
474.171
474.171
474.171
474.171
474.171
474.171
474.171
474.171
474.171
474.171
474.171
474.171
474.171
474.171
474.171
474.171
474.171
474.171
474.171
520.007
520.007
520.007
520.007
520.007
520.007
520.007
467.808
467.808
467.808
520.007
520.007
520.007
520.007
520.007
520.007
520.007
520.007
31986.6
31986.6
31986.6
31986.6
454.371
454.371
454.371
454.371
31986.6
6743.87
6743.87
6743.87
6743.87
6743.87
6743.87
24799.1
24799.1
24799.1
569.356
569.356
569.356
569.356
569.356
569.356
569.356
569.356
569.356
569.356
569.356
569.356
569.356
569.356
569.356
569.356
572.202
572.202
572.202
572.202
572.202
572.202
427.264
427.264
427.264
572.202
572.202
572.202
467.064
467.064
467.064
467.064
8634.89
8634.89
8634.89
8634.89
8634.89
523625
523625
523625
523625
523625
127084
127084
11649
11649
443.325
443.325
443.325
443.325
443.325
443.325
443.325
443.325
443.325
443.325
443.325
443.325
443.325
443.325
443.325
443.325
443.325
443.325
443.325
443.325
443.325
443.325
443.325
443.325
443.325
443.325
443.325
443.325
443.325
443.325
443.325
443.325
443.325
443.325
443.325
443.325
443.325
443.325
366.674
366.674
366.674
366.674
366.674
366.674
366.674
366.674
366.674
366.674
366.674
366.674
366.674
366.674
366.674
366.674
366.674
366.674
366.674
366.674
366.674
366.674
6361.58
6361.58
6361.58
6361.58
6361.58
6361.58
6361.58
6361.58
1537.2
1537.2
1537.2
1537.2
1537.2
622.665
622.665
622.665
622.665
622.665
622.665
638.931
638.931
638.931
638.931
638.931
638.931
638.931
638.931
638.931
15489.7
15489.7
15489.7
15489.7
438.679
438.679
438.679
438.679
438.679
438.679
438.679
438.679
438.679
438.679
438.679
438.679
438.679
438.679
438.679
438.679
438.679
438.679
438.679
438.679
438.679
438.679
438.679
408.48
408.48
408.48
408.48
408.48
408.48
408.48
408.48
408.48
408.48
408.48
408.48
408.48
408.48
408.48
1819.18
1819.18
1819.18
5546.46
5546.46
464.887
464.887
464.887
464.887
464.887
464.887
464.887
464.887
464.887
464.887
464.887
464.887
464.887
464.887
464.887
464.887
464.887
464.887
464.887
464.887
464.887
464.887
464.887
464.887
464.887
464.887
464.887
464.887
464.887
464.887
468.986
468.986
468.986
468.986
468.986
468.986
468.986
468.986
468.986
468.986
468.986
468.986
468.986
468.986
468.986
468.986
468.986
468.986
468.986
468.986
468.986
468.986
468.986
548.299
548.299
548.299
548.299
548.299
475.318
475.318
475.318
475.318
475.318
475.318
492.449
492.449
492.449
2629.6
2629.6
2629.6
2629.6
984.301
984.301
984.301
984.301
984.301
984.301
984.301
984.301
984.301
984.301
984.301
1438.4
1438.4
1438.4
1438.4
1438.4
859.746
859.746
436.644
436.644
436.644
436.644
436.644
436.644
436.644
436.644
436.644
436.644
436.644
436.644
436.644
436.644
436.644
436.644
446.723
446.723
446.723
446.723
396.365
396.365
396.365
396.365
396.365
396.365
396.365
396.365
396.365
396.365
396.365
396.365
449.958
449.958
449.958
449.958
449.958
449.958
449.958
688.872
688.872
688.872
688.872
688.872
688.872
418.268
418.268
418.268
418.268
418.268
418.268
418.268
418.268
418.268
418.268
418.268
418.268
418.268
418.268
418.268
418.268
418.268
418.268
418.268
418.268
418.268
418.268
432.782
432.782
432.105
432.105
432.105
432.105
432.105
432.105
432.105
432.105
432.105
432.105
432.105
432.105
432.105
432.105
432.105
432.105
432.105
422.864
422.864
422.864
422.864
422.864
422.864
422.864
419.486
419.486
419.486
419.486
419.486
419.486
419.486
419.486
419.486
419.486
419.486
419.486
419.486
419.486
419.486
419.486
419.486
419.486
419.486
419.486
419.486
419.486
419.486
419.486
419.486
432.105
432.105
432.105
432.105
692.866
692.866
3867.17
3867.17
3867.17
3867.17
3867.17
3867.17
3867.17
3867.17
3867.17
730.619
730.619
730.619
730.619
730.619
730.619
409.951
409.951
409.951
409.951
409.951
409.951
409.951
409.951
409.951
409.951
409.951
409.951
409.951
409.951
409.951
409.951
409.951
409.951
409.951
3867.17
3867.17
3867.17
3867.17
3867.17
3867.17
3867.17
3867.17
3867.17
3867.17
3867.17
3867.17
3867.17
3867.17
3867.17
3867.17
3867.17
3867.17
3867.17
3867.17
3867.17
448.781
443.149
443.149
443.149
443.149
443.149
443.149
443.149
443.149
443.149
443.149
443.149
443.149
443.149
443.149
443.149
443.149
443.149
443.149
443.149
443.149
443.149
443.149
443.149
443.149
443.149
443.149
443.149
443.149
470.944
470.944
470.944
470.944
470.944
2388.75
2388.75
2388.75
2388.75
533.058
533.058
533.058
533.058
533.058
533.058
533.058
533.058
533.058
533.058
533.058
533.058
533.058
533.058
533.058
533.058
533.058
533.058
533.058
533.058
533.058
533.058
533.058
533.058
533.058
533.058
533.058
533.058
533.058
533.058
533.058
30394.1
30394.1
394.322
394.322
394.322
394.322
394.322
394.322
388.68
388.68
394.322
394.322
394.322
394.322
394.322
394.322
394.322
394.322
394.322
394.322
394.322
394.322
394.322
394.322
394.322
394.322
394.322
394.322
1611.2
1611.2
1611.2
1611.2
1611.2
1611.2
1611.2
1611.2
1611.2
489.908
401.969
401.969
401.969
401.969
401.969
401.969
401.969
401.969
401.969
401.969
401.969
401.969
401.969
392.239
392.239
392.239
392.239
392.239
392.239
392.239
392.239
392.239
392.239
392.239
392.239
392.239
367.411
367.411
367.411
367.411
392.239
392.239
392.239
392.239
392.239
410.234
410.234
410.234
410.234
410.234
410.234
410.234
410.234
410.234
410.234
410.234
410.234
410.234
410.234
410.234
410.234
410.234
410.234
410.234
410.234
410.234
410.234
410.234
410.234
410.234
410.234
410.234
410.234
410.234
410.234
761.398
761.398
761.398
761.398
761.398
761.398
761.398
761.398
761.398
761.398
761.398
761.398
761.398
761.398
761.398
761.398
761.398
761.398
761.398
761.398
446.074
399.838
399.838
399.838
399.838
399.838
399.345
399.345
399.345
399.345
399.345
399.345
399.345
399.345
399.345
399.345
399.345
399.345
399.345
399.345
399.345
431.836
431.836
431.836
431.836
431.836
431.836
431.836
431.836
431.836
431.836
431.836
431.836
431.836
431.836
431.836
431.836
431.836
431.836
431.836
5894.7
5894.7
5894.7
1904.33
1904.33
1904.33
1904.33
1904.33
3572
3572
3572
3572
3572
3572
4303.24
4303.24
4303.24
4303.24
4303.24
4303.24
4303.24
4303.24
4303.24
4303.24
4303.24
4303.24
4303.24
4303.24
4303.24
4303.24
2329.76
2329.76
2329.76
2329.76
2329.76
2329.76
2329.76
4303.24
4303.24
4303.24
4303.24
4303.24
4303.24
4303.24
4303.24
4303.24
4303.24
15700.6
15700.6
408.289
408.289
375.335
375.335
375.335
375.335
375.335
375.335
375.335
375.335
375.335
375.335
375.335
375.335
375.335
15700.6
15700.6
15700.6
15700.6
15700.6
15700.6
15700.6
15700.6
15700.6
15700.6
15700.6
366.171
366.171
366.171
366.171
366.171
366.171
366.171
366.171
366.171
366.171
366.171
366.171
366.171
366.171
366.171
366.171
366.171
366.171
366.171
366.171
366.171
366.171
366.171
366.171
366.171
366.171
1750.11
1750.11
1750.11
1750.11
1750.11
1750.11
1750.11
1750.11
1750.11
1750.11
1750.11
745.177
543.344
543.344
543.344
543.344
543.344
543.344
543.344
543.344
543.344
543.344
543.344
543.344
416.736
416.736
416.736
416.736
416.736
416.736
416.736
416.736
416.736
416.736
416.736
416.736
416.736
416.736
54383.9
54383.9
54383.9
54383.9
54383.9
54383.9
54383.9
54383.9
54383.9
54383.9
54383.9
134466
134466
92302.7
92302.7
92302.7
92302.7
2585.55
2585.55
2585.55
2585.55
2585.55
2585.55
2585.55
2585.55
2585.55
2585.55
2585.55
2945.12
2945.12
1694.22
1694.22
1694.22
1694.22
1694.22
2945.12
2945.12
994.417
994.417
994.417
994.417
994.417
994.417
994.417
420.912
420.912
420.912
420.912
420.912
7787.05
134081
134081
134081
134081
134081
134081
134081
134081
134081
134081
55651.1
55651.1
34526.4
34526.4
34526.4
386.09
386.09
386.09
386.09
386.09
386.09
386.09
386.09
386.09
386.09
386.09
386.09
386.09
386.09
386.09
386.09
386.09
386.09
386.09
386.09
386.09
386.09
386.09
386.09
386.09
386.09
386.09
386.09
386.09
386.09
386.09
1308.57
1308.57
1308.57
1308.57
1308.57
1308.57
1308.57
1308.57
1308.57
1308.57
1308.57
1308.57
1308.57
1308.57
1308.57
1308.57
1308.57
1308.57
25936.7
25936.7
25936.7
25936.7
25936.7
25936.7
25936.7
25936.7
25936.7
25936.7
25936.7
17918.8
17918.8
371.767
371.767
371.767
371.767
371.767
371.767
371.767
371.767
371.767
371.767
371.767
371.767
371.767
371.767
371.767
371.767
371.767
371.767
371.767
371.767
402.309
402.309
402.309
402.309
402.309
402.309
402.309
402.309
546.058
546.058
546.058
546.058
546.058
546.058
546.058
546.058
546.058
546.058
546.058
546.058
546.058
546.058
546.058
546.058
546.058
5036.35
5036.35
5036.35
5036.35
5036.35
1455.74
1455.74
1455.74
1455.74
1455.74
1455.74
1455.74
1455.74
1455.74
1455.74
1455.74
1455.74
1455.74
1455.74
1455.74
1455.74
1455.74
1455.74
1455.74
1455.74
1455.74
1455.74
1455.74
1455.74
8159.76
8159.76
8159.76
1337.54
709.477
709.477
709.477
471.434
471.434
471.434
471.434
471.434
471.434
471.434
471.434
471.434
471.434
471.434
709.477
709.477
709.477
709.477
709.477
709.477
709.477
709.477
709.477
709.477
709.477
689.28
689.28
689.28
689.28
689.28
689.28
689.28
689.28
689.28
689.28
689.28
689.28
689.28
689.28
689.28
674.548
674.548
326.788
326.788
326.788
326.788
326.788
326.788
326.788
323.549
326.788
326.788
326.788
326.788
326.788
326.788
326.788
326.788
324.777
324.777
324.777
324.777
324.777
326.788
326.788
326.788
326.788
326.788
326.788
326.788
326.788
326.788
326.788
326.788
326.788
326.788
326.788
326.788
326.788
689.28
689.28
332.116
332.116
332.116
332.116
332.116
332.116
332.116
332.116
332.116
332.116
332.116
441.902
6177.9
6177.9
6177.9
351.297
351.297
351.297
351.297
351.297
351.297
351.297
351.297
351.297
351.297
315.66
315.66
315.66
315.66
315.66
315.66
315.66
315.66
281.814
281.814
281.814
281.814
281.814
281.814
300.71
300.71
300.71
300.71
300.71
300.71
300.71
300.71
300.71
300.71
289.602
289.602
289.602
289.602
289.602
289.602
289.602
289.602
289.602
289.602
289.602
289.602
289.602
289.602
289.602
289.602
289.602
607.035
607.035
607.035
340.165
340.165
340.165
340.165
340.165
340.165
340.165
366.688
366.688
366.688
366.688
366.688
366.688
366.688
366.688
297.941
297.941
297.941
297.941
297.941
297.941
297.941
297.941
297.941
297.941
297.941
297.941
297.941
297.941
297.941
297.941
297.941
297.941
297.941
297.941
297.941
297.941
297.941
297.941
366.688
366.688
366.688
366.688
366.688
366.688
366.688
366.688
366.688
284.875
284.875
284.875
284.875
284.875
284.875
284.875
284.875
284.875
284.875
284.875
284.875
284.875
284.875
284.875
284.875
284.875
284.875
284.875
284.875
284.875
284.875
284.875
284.875
284.875
284.875
284.875
284.875
284.875
284.875
284.875
284.875
284.875
284.875
284.875
284.875
284.875
284.875
289.055
289.055
289.055
289.055
289.055
289.055
289.055
289.055
289.055
289.055
289.055
289.055
289.055
289.055
289.055
289.055
289.055
289.055
289.055
289.055
289.055
289.055
289.055
289.055
289.055
289.055
289.055
289.055
289.055
289.055
289.055
289.129
289.129
289.129
289.129
289.129
289.129
289.129
289.129
289.129
289.129
748.04
748.04
748.04
748.04
748.04
748.04
748.04
748.04
748.04
748.04
748.04
748.04
748.04
748.04
748.04
748.04
748.04
748.04
748.04
748.04
286.875
286.875
286.875
286.875
286.875
286.875
286.875
294.152
294.152
294.152
294.152
294.152
294.152
294.152
294.152
321.284
321.284
279.739
279.739
279.739
279.739
279.739
279.739
279.739
279.739
279.739
279.739
279.739
279.739
279.739
279.739
279.739
279.739
748.04
748.04
748.04
748.04
748.04
748.04
748.04
748.04
748.04
748.04
748.04
748.04
748.04
748.04
748.04
748.04
833.778
833.778
833.778
1110.9
443.174
443.174
443.174
443.174
443.174
443.174
443.174
443.174
443.174
299.636
299.636
299.636
299.636
299.636
299.636
299.636
299.636
299.636
299.636
299.636
299.636
299.636
299.636
299.636
299.636
299.636
299.636
299.636
299.636
443.174
443.174
443.174
1765.91
1765.91
1765.91
248.945
248.945
248.945
248.945
248.945
248.945
248.945
248.945
248.945
657.094
657.094
657.094
657.094
657.094
657.094
657.094
657.094
657.094
256.731
256.731
256.731
256.731
256.731
256.731
256.731
256.731
256.731
256.731
256.731
256.731
256.731
256.731
256.731
256.731
256.731
341.947
341.947
341.947
341.947
341.947
341.947
341.947
341.947
341.947
351.009
351.009
351.009
351.009
502.101
502.101
993.092
993.092
993.092
993.092
993.092
993.092
993.092
993.092
993.092
993.092
993.092
993.092
993.092
277.658
277.658
277.658
277.658
277.658
277.658
277.658
277.658
277.658
252.934
252.934
252.934
252.934
252.934
252.934
252.934
252.934
252.934
252.934
5018.84
7366.52
7366.52
7366.52
428.522
428.522
428.522
428.522
428.522
428.522
428.522
279.405
279.405
279.405
279.405
279.405
279.405
7366.52
7366.52
7366.52
361.265
361.265
361.265
361.265
361.265
361.265
361.265
361.265
361.265
361.265
361.265
361.265
361.265
361.265
361.265
361.265
361.265
361.265
361.265
3275.97
3275.97
3275.97
3275.97
3275.97
255.153
255.153
255.153
4925.93
4925.93
4925.93
248.464
248.464
248.464
248.464
248.464
248.464
248.464
248.464
248.464
248.464
248.464
248.464
248.464
248.464
248.464
248.464
248.464
248.464
248.464
248.464
248.464
248.464
248.464
248.464
248.464
248.464
248.464
248.464
248.464
248.464
248.464
248.464
248.464
248.464
255.426
255.426
255.426
255.426
255.426
255.426
255.426
255.426
255.426
255.426
255.426
255.426
255.426
255.426
257.532
257.532
257.532
257.532
257.532
257.532
257.532
257.532
257.532
257.532
257.532
257.532
299.375
299.375
299.375
299.375
299.375
299.375
299.375
299.375
299.375
299.375
299.375
299.375
299.375
299.375
299.375
299.375
299.375
299.375
299.375
299.375
299.375
299.375
317.656
317.656
317.656
317.656
317.656
317.656
295.258
295.258
587.225
587.225
587.225
587.225
307.654
307.654
307.654
307.654
307.654
307.654
307.654
307.654
307.654
336.662
336.662
336.662
336.662
336.662
336.662
336.662
336.662
336.662
456.611
456.611
456.611
456.611
456.611
456.611
456.611
352.482
352.482
352.482
352.482
352.482
303.391
303.391
303.391
303.391
303.391
303.391
303.391
303.391


-1.89673
-1.89673
1.65151
1.65151
-3.47285
-0.0225837
-3.47285
-0.0225837
-3.47102
4.88388
1.23539
4.88388
4.88388
0.0735496
1.81036
1.81036
2.36885
2.36885
-0.537126
-3.80612
-3.80612
-1.75115
-1.75115
-1.07547
6.44215
-1.07547
1.17222
1.17222
-4.28861
-1.89673

0.025

