2588.45
2588.45
2588.45
2481.56
2481.56
2099.11
2099.11
1727.58
1716.7
1716.7
1743.66
1743.66
1743.66
1743.66
1743.66
1743.66
1743.66
1743.66
1743.66
1743.66
1743.66
1743.66
1743.66
1821.81
1821.81
1821.81
1821.81
1821.81
1821.81
1800.22
1800.22
1800.22
1800.22
1800.22
1800.22
1800.22
1800.22
1779.99
1585.32
1585.32
1567.26
1521.59
1521.59
1521.59
1521.59
1521.59
1521.59
1521.59
1521.59
1521.59
1521.59
1521.59
1443.69
1443.69
1435.91
1435.91
1280.63
1280.63
1280.63
1280.63
1280.63
1280.63
1180.42
1180.42
1174.07
1174.07
1174.07
1174.07
1174.07
1174.07
1174.07
1174.07
1174.07
1174.07
1174.07
1174.07
1174.07
1174.07
1174.07
1174.07
1174.07
1004.25
1004.25
1004.25
1004.25
1004.25
1004.25
1004.25
1004.25
1001.84
1001.84
1001.84
1001.84
1004.25
932.807
932.807
932.807
932.807
932.807
808.061
808.061
694.171
694.171
694.171
694.171
652.889
652.889
652.889
652.889
628.346
628.346
628.346
628.346
628.346
628.346
628.346
616.66
616.66
616.66
616.66
619.219
614.589
614.589
599.493
599.493
599.493
507.423
507.423
507.423
507.423
507.423
507.423
507.423
507.423
507.423
507.423
525.365
511.487
511.487
511.487
552.74
552.74
518.827
518.827
518.827
518.827
525.915
525.915
525.915
525.915
525.915
518.02
518.02
518.02
472.851
472.851
459.791
459.791
459.791
459.791
459.791
459.791
459.791
459.791
459.791
495.047
495.047
451.419
451.419
451.419
451.419
451.419
451.419
451.419
451.419
337.383
337.383
337.383
332.702
332.702
332.702
344.925
344.925
344.925
344.925
344.925
344.925
344.925
344.925
344.925
344.925
344.925
344.925
344.925
344.925
344.925
344.925
344.925
344.925
293.836
293.836
293.836
293.836
280.071
280.071
280.071
280.071
280.071
279.441
279.441
279.441
279.441
276.024
276.024
276.024
239.266
239.266
239.266
239.266
259.866
259.866
263.037
263.037
263.037
237.302
237.302
237.302
237.302
256.252
256.252
230.399
230.399
230.399
227.02
227.02
227.02
227.02
227.02
227.02
227.02
227.02
227.02
225.092
225.092
224.95
224.95
206.277
206.277
206.277
204.189
204.189
204.189
204.189
204.189
204.189
204.189
202.457
202.457
202.457
202.457
202.457
202.457
202.457
202.457
202.457
202.457
202.457
202.457
202.457
202.457
202.906
202.906
202.906
202.906
202.906
202.906
202.906
193.504
193.504
193.504
193.504
193.504
193.504
193.504
193.504
193.504
193.504
193.504
193.504
192.905
192.905
192.905
192.905
168.037
168.037
168.037
168.037
168.037
168.037
168.037
168.037
168.037
168.037
168.037
168.037
168.037
168.037
168.037
168.037
168.037
168.037
168.037
168.037
164.479
164.479
161.302
161.302
161.302
161.302
161.302
161.302
161.302
142.16
142.16
140.561
140.561
135.168
132.491
125.309
125.309
125.309
125.309
125.309
126.352
125.774
125.557
125.557
125.012
125.012
125.012
125.012
126.423
126.423
126.423
126.423
126.423
126.423
126.423
126.423
126.423
126.423
126.423
126.423
126.423
126.423
125.487
122.977
122.977
122.564
122.564
122.564
122.564
122.564
120.436
120.436
120.436
120.436
120.436
120.436
120.436
120.436
122.502
122.188
122.188
122.339
122.339
122.339
122.339
122.339
122.339
121.063
121.063
121.063
121.063
121.063
121.063
121.063
121.063
121.063
121.063
121.063
121.063
121.063
121.063
121.063
120.374
120.374
118.472
118.472
118.472
118.472
118.472
117.968
117.968
117.968
116.409
116.409
116.196
116.196
116.196
116.196
116.196
116.196
116.078
116.078
116.078
116.078
116.078
116.078
116.078
116.196
116.196
116.196
116.196
116.196
116.196
116.196
116.196
116.196
116.196
116.196
116.196
116.196
116.196
116.196
116.196
116.196
116.242
116.242
116.242
115.864
115.864
114.922
114.922
114.876
114.876
114.876
114.876
114.596
114.596
114.525
114.525
114.525
114.525
114.013
113.602
113.602
113.535
113.535
113.602
113.602
113.602
113.602
113.602
113.615
113.615
113.615
113.615
113.615
113.615
113.615
113.615
113.615
113.615
113.615
113.335
113.335
112.8
112.8
112.8
112.8
112.8
112.8
112.8
112.8
112.8
112.8
112.8
112.8
112.8
112.681
112.681
112.681
112.649
112.649
112.649
112.649
110.171
110.171
110.171
110.171
110.171
110.171
110.171
110.171
110.171
110.171
110.171
110.128
110.128
110.128
110.128
109.176
109.176
109.176
109.176
109.176
109.176
108.699
108.699
108.699
108.266
108.266
106.794
106.794
106.794
106.794
106.794
106.794
106.058
106.058
106.058
106.058
106.058
106.058
104.716
104.716
105.117
105.117
105.117
105.117
105.117
104.716
104.716
104.716
104.716
104.716
104.716
104.716
104.716
104.716
104.716
104.716
104.716
104.716
104.716
104.716
104.716
104.716
104.716
104.716
104.716
104.716
104.716
104.716
104.066
104.066
104.066
104.066
104.066
104.066
104.066
103.942
103.942
103.716
103.716
104.066
104.096
104.096
104.096
103.648
103.648
103.648
103.475
103.382
103.382
103.166
103.166
102.735
102.735
102.735
102.701
102.701
102.701
102.701
102.701
102.701
102.701
102.398
102.398
102.398
101.453
101.453
101.453
101.453
101.453
100.472
100.472
100.051
100.051
99.3557
99.3557
99.3557
99.3557
99.3557
99.3933
99.3933
99.3933
99.3933
99.3933
99.3933
99.3745
99.3745
99.3745
99.3745
99.3745
99.5813
99.5813
99.5813
99.5813
99.5813
99.5813
99.5813
99.5813
99.5813
99.5813
99.5813
99.1959
99.1959
99.1959
99.1959
99.1959
99.1959
99.1959
99.1959
99.1959
99.1959
99.1959
99.1583
99.1583
99.1583
99.1583
99.1583
99.1583
99.1583
99.1583
99.1583
98.6934
98.6934
98.6934
98.6934
98.6934
98.6934
99.0224
99.0224
99.0224
99.0224
99.0224
98.9942
98.9942
98.9942
98.8062
98.8062
98.8062
98.8062
98.8062
98.7686
98.7686
98.7498
98.7498
98.7498
98.7498
98.6746
98.6746
98.6182
98.6182
98.6746
98.6746
98.6746
98.6746
98.6746
98.355
98.355
98.355
98.355
98.355
98.355
98.355
98.355
98.355
98.355
98.1951
98.1951
98.1951
98.1951
98.1199
98.1199
98.1199
98.1199
98.1199
98.1199
98.1199
98.1199
98.0541
98.0541
98.0541
98.0541
98.0541
98.0541
98.0541
98.0541
97.9977
97.9225
97.9225
97.9225
97.9225
97.9225
97.9131
97.6875
97.6875
97.6875
97.6875
97.6875
97.6875
97.6875
97.6875
97.6875
97.9319
97.9319
97.9507
97.9037
97.9037
97.7533
97.7533
97.7533
97.7533
97.7533
97.7533
97.7533
97.7533
97.7533
97.7533
97.7533
97.7533
97.7533
97.7533
97.7533
97.7439
97.6687
97.6687
97.6687
97.6687
97.6687
97.6687
97.6687
97.4055
97.4055
97.4055
97.4055
97.4055
97.0483
97.0483
97.0483
97.0483
97.0483
97.0483
97.0013
97.0013
97.0013
97.0013
96.5877
96.5877
96.5877
96.5877
96.5877
96.5877
96.5877
96.5877
96.5877
96.5877
96.5877
96.5877
96.5877
96.5595
96.5595
96.5595
96.5595
96.5125
96.5125
96.4467
96.4467
96.4467
96.4467
96.4467
96.4467
96.4467
96.4373
96.4373
96.4373
96.4373
96.4373
96.4373
96.3527
96.3433
96.3433
96.1365
96.1365
96.1365
96.1365
96.1365
96.1365
96.0613
95.9109
95.9109
96.0425
96.0425
96.0425
96.0425
96.0425
96.0613
79.1654
78.6107
78.5919
78.4697
78.2857
78.2857
78.2857
78.2857
78.2575
78.2575
78.2575
78.2575
78.2575
78.2575
78.2575
78.0225
78.0225
78.0225
78.0225
77.9191
77.9191
77.9191
77.9191
77.9191
77.9191
77.9191
77.9191
77.9191
77.9191
77.9191
77.9191
77.9191
77.9191
77.9191
77.9191
77.9191
77.9191
77.9191
77.9191
77.8493
77.8493
77.8493
77.8493
77.8493
77.8493
77.8493
77.8493
77.8493
77.8493
77.8493
77.8493
77.7647
77.7647
77.7647
77.7647
77.7647
77.663
77.663
77.663
77.6613
77.6613
77.6613
77.6613
77.6613
77.6613
77.6613
77.6613
77.6613
77.5502
77.5032
77.5032
77.5032
77.5032
77.5032
77.5032
77.5032
77.5032
77.5032
77.5032
77.5032
77.5032
77.5032
77.5032
77.5032
77.5032
77.5032
77.5032
77.5032
77.5032
77.5032
77.5032
77.5032
77.5032
77.5032
77.5032
77.5032
77.5032
77.5032
77.5032
77.5032
77.5032
77.5032
77.5032
77.5032
77.5032
77.5032
77.5032
77.5032
77.5032
77.5032
77.5032
77.5032
77.5032
77.5032
77.5032
77.5032
77.5032
77.5032
77.5032
77.5032
77.5032
77.5032
77.5032
77.5032
77.5032
77.5032
77.5032
77.5032
77.5032
77.5032
77.5032
77.5032
77.5032
77.5032
77.5032
77.5032
77.5032
77.5032
77.5032
77.5032
77.5032
77.5032
77.5032
77.5032
77.5032
77.5032
77.5032
77.5032
77.4938
77.4938
77.4938
77.4938
77.4468
77.4468
77.4468
77.4468
77.4468
77.4468
77.4468
77.4468
77.4468
77.4468
77.4468
77.4468
77.4468
77.4468
77.4468
77.4468
77.4468
77.4468
77.4468
77.4468
77.4468
77.4468
77.4468
77.4468
77.4468
77.4468
77.4468
77.4468
77.4468
77.4468
77.4468
77.4468
77.4468
77.4468
77.4468
77.4468
77.4468
77.4468
77.4468
77.4468
77.4468
77.4468
77.4468
77.4468
77.4468
77.4468
77.4468
77.4468
77.4468
77.4468
77.4468
77.4468
77.4468
77.4468
77.4468
77.4468
77.4468
77.4468
77.4468
77.4468
77.4468
77.4468
77.4468
77.4468
77.4468
77.4468
77.4468
77.4468
77.4468
77.4468
77.4468
77.4468
77.4468
77.4468
77.4468
77.4468
77.4468
77.4468
77.4468
77.4468
77.4468
77.4468
77.4468
77.4468
77.4468
77.4468
77.4468
77.4468
77.4468
77.4468
77.4468
77.4468
77.4468
77.4468
77.4468
77.4468
77.4468
77.4468
77.4468
77.4468
77.4468
77.4468
77.4468
77.4468
77.4468
77.4468
77.4468
77.4468
77.4468
77.4468
77.4468
77.4468
77.4468
77.4468
77.4468
77.4468
77.4468
77.4468
77.4468
77.4468
77.4468
77.4468
77.4468
77.4468
77.4468
77.4468
77.4468
77.4468
77.4468
77.4468
77.4468
77.4468
77.4468
77.4468
77.4468
77.4468
77.4468
77.4468
77.4468
77.4468
77.4468
77.4468
77.4468
77.4468
77.4468
77.4468
77.4468
77.4468
77.4468
77.4468
77.4468
77.4468
77.4468
77.4468
77.4468
77.4468
77.4468
77.4468
77.4468
77.4468
77.4468
77.4468
77.4468
77.4468
77.4468
77.4468
77.4468
77.4468
77.4468
77.4468
77.4468
77.4468
77.4468
77.4468
77.4468
77.4468
77.4468
77.4468
77.4468
77.4468
77.4468
77.4468
77.4468
77.4468
77.4468
77.4468
77.4468
77.4468
77.4468
77.4468
77.4468
77.4468
77.4468
77.4468
77.4468
77.4468
77.4468
77.4468
77.4468
77.4468
77.4468
77.4468
77.4468
77.4468
77.4468
77.4468
77.4468
77.4468
77.4468
77.4468
77.4468
77.4468
77.4468
77.4468
77.4468
77.4468
77.4468
77.4468
77.4468
77.4468
77.4468
77.4468
77.4468
77.4468
77.4468
77.4468
77.4468
77.4468
77.4468
77.4468
77.4468
77.4468
77.4468
77.4468
77.4468
77.4468
77.4468
77.4468
77.4468
77.4468
77.4468
77.4468
77.4468
77.4468
77.4468
77.4468
77.4468
77.4468
77.4468
77.4468
77.4468
77.4468
77.4468
77.4468
77.4468
77.4468
77.4468
77.4468
77.4468
77.4468
77.4468
77.4468
77.4468
77.4468
77.4468
77.4468
77.4468
77.4468
77.4468
77.4468
77.4468
77.4468
77.4468
77.4468
77.4468
77.4468
77.4468
77.4468
77.4468
77.4468
77.4468
77.4468
77.4468
77.4468
77.4468
77.4468
77.4468
77.4468
77.4468
77.4468
77.4468
77.4468
77.4468
77.4468
77.4468
77.4468
77.4468
77.4468
77.4468
77.4468
77.4468
77.4468
77.4468
77.4468
77.4468
77.4468
77.4468
77.4468
77.4468
77.4468
77.4468
77.4468
77.4468
77.4468
77.4468
77.4468
77.4468
77.4468
77.4468
77.4468
77.4468
77.4468
77.4468
77.4468
77.4468
77.4468
77.4468
77.4468
77.4468
77.4468
77.4468
77.4468
77.4468
77.4468
77.4468
77.4468
77.4468
77.4468
77.4468
77.4468
77.4468
77.4468
77.4468
77.4468
77.4468
77.4468
77.4468
77.4468
77.4468
77.4468
77.4468
77.4468
77.4468
77.4468
77.4468
77.4468
77.4468
77.4468
77.4468
77.4468
77.4468
77.4468
77.4468
77.4468
77.4468
77.4468
77.4468
77.4468
77.4468
77.4468
77.4468
77.4468
77.4468
77.4468
77.4468
77.4468
77.4468
77.4468
77.4468
77.4468
77.4468
77.4468
77.4468
77.4468
77.4468
77.4468
77.4468
77.4468
77.4468
77.4468
77.4468
77.4468
77.4468
77.4468
77.4468
77.4468
77.4468
77.4468
77.4468
77.4468
77.4468
77.4468
77.4468
77.4468
77.4468
77.4468
77.4468
77.4468
77.4468
77.4468
77.4468
77.4468
77.4468
77.4468
77.4468
77.4468
77.4468
77.4468
77.4468
77.4468
77.4468
77.4468
77.4468
77.4468
77.4468
77.4468
77.4468
77.4468
77.4468
77.4468
77.4468
77.4468
77.4468
77.4468
77.4468
77.4468
77.4468
77.4468
77.4468
77.4468
77.4468
77.4468
77.4468
77.4468
77.4468
77.4468
77.4468
77.4468
77.4468
77.4468
77.4468
77.4468
77.4468
77.4468
77.4468
77.4468
77.4468
77.4468
77.4468
77.4468
77.4468
77.4468
77.4468
77.4468
77.4468
77.4468
77.4468
77.4468
77.4468
77.4468
77.4468
77.4468
77.4468
77.4468
77.4468
77.4468
77.4468
77.4468
77.4468
77.4468
77.4468
77.4468
77.4468
77.4468
77.4468
77.4468
77.4468
77.4468
77.4468
77.4468
77.4468
77.4468
77.4468
77.4468
77.4468
77.4468
77.4468
77.4468
77.4468
77.4468
77.4468
77.4468
77.4468
77.4468
77.4468
77.4468
77.4468
77.4468
77.4468
77.4468
77.4468
77.4468
77.4468
77.4468
77.4468
77.4468
77.4468
77.4468
77.4468
77.4468
77.4468
77.4468
77.4468
77.4468
77.4468
77.4468
77.4468
77.4468
77.4468
77.4468
77.4468
77.4468
77.4468
77.4468
77.4468
77.4468
77.4468
77.4468
77.4468
77.4468
77.4468
77.4468
77.4468
77.4468
77.4468
77.4468
77.4468
77.4468
77.4468
77.4468
77.4468
77.4468
77.4468
77.4468
77.4468
77.4468
77.4468
77.4468
77.4468
77.4468
77.4468
77.4468
77.4468
77.4468
77.4468
77.4468
77.4468
77.4468
77.4468
77.4468
77.4468
77.4468
77.4468
77.4468
77.4468
77.4468
77.4468
77.4468
77.4468
77.4468
77.4468
77.4468
77.4468
77.4468
77.4468
77.4468
77.4468
77.4468
77.4468
77.4468
77.4468
77.4468
77.4468
77.4468
77.4468
77.4468
77.4468
77.4468
77.4468
77.4468
77.4468
77.4468
77.4468
77.4468
77.4468
77.4468
77.4468
77.4468
77.4468
77.4468
77.4468
77.4468
77.4468
77.4468
77.4468
77.4468
77.4468
77.4468
77.4468
77.4468
77.4468
77.4468
77.4468
77.4468
77.4468
77.4468
77.4468
77.4468
77.4468
77.4468
77.4468
77.4468
77.4468
77.4468
77.4468
77.4468
77.4468
77.4468
77.4468
77.4468
77.4468
77.4468
77.4468
77.4468
77.4468
77.4468
77.4468
77.4468
77.4468
77.4468
77.4468
77.4468
77.4468
77.4468
77.4468
77.4468
77.4468
77.4468
77.4468
77.4468
77.4468
77.4468
77.4468
77.4468
77.4468
77.4468
77.4468
77.4468
77.4468
77.4468
77.4468
77.4468
77.4468
77.4468
77.4468
77.4468
77.4468
77.4468
77.4468
77.4468
77.4468
77.4468
77.4468
77.4468
77.4468
77.4468
77.4468
77.4468
77.4468
77.4468
77.4468
77.4468
77.4468
77.4468
77.4468
77.4468
77.4468
77.4468
77.4468
77.4468
77.4468
77.4468
77.4468
77.4468
77.4468
77.4468
77.4468
77.4468
77.4468
77.4468
77.4468
77.4468
77.4468
77.4468
77.4468
77.4468
77.4468
77.4468
77.4468
77.4468
77.4468
77.4468
77.4468
77.4468
77.4468
77.4468
77.4468
77.4468
77.4468
77.4468
77.4468
77.4468
77.4468
77.4468
77.4468
77.4468
77.4468
77.4468
77.4468
77.4468
77.4468
77.4468
77.4468
77.4468
77.4468
77.4468
77.4468
77.4468
77.4468
77.4468
77.4468
77.4468
77.4468
77.4468
77.4468
77.4468
77.4468
77.4468
77.4468
77.4468
77.4468
77.4468
77.4468
77.4468
77.4468
77.4468
77.4468
77.4468
77.4468
77.4468
77.4468
77.4468
77.4468
77.4468
77.4468
77.4468
77.4468
77.4468
77.4468
77.4468
77.4468
77.4468
77.4468
77.4468
77.4468
77.4468
77.4468
77.4468
77.4468
77.4468
77.4468
77.4468
77.4468
77.4468
77.4468
77.4468
77.4468
77.4468
77.4468
77.4468
77.4468
77.4468
77.4468
77.4468
77.4468
77.4468
77.4468
77.4468
77.4468
77.4468
77.4468
77.4468
77.4468
77.4468
77.4468
77.4468
77.4468
77.4468
77.4468
77.4468
77.4468
77.4468
77.4468
77.4468
77.4468
77.4468
77.4468
77.4468
77.4468
77.4468
77.4468
77.4468
77.4468
77.4468
77.4468
77.4468
77.4468
77.4468
77.4468
77.4468
77.4468
77.4468
77.4468
77.4468
77.4468
77.4468
77.4468
77.4468
77.4468
77.4468
77.4468
77.4468
77.4468
77.4468
77.4468
77.4468
77.4468
77.4468
77.4468
77.4468
77.4468
77.4468
77.4468
77.4468
77.4468
77.4468
77.4468
77.4468
77.4468
77.4468
77.4468
77.4468
77.4468
77.4468
77.4468
77.4468
77.4468
77.4468
77.4468
77.4468
77.4468
77.4468
77.4468
77.4468
77.4468
77.4468
77.4468
77.4468
77.4468
77.4468
77.4468
77.4468
77.4468
77.4468
77.4468
77.4468
77.4468
77.4468
77.4468
77.4468
77.4468
77.4468
77.4468
77.4468
77.4468
77.4468
77.4468
77.4468
77.4468
77.4468
77.4468
77.4468
77.4468
77.4468
77.4468
77.4468
77.4468
77.4468
77.4468
77.4468
77.4468
77.4468
77.4468
77.4468
77.4468
77.4468
77.4468
77.4468
77.4468
77.4468
77.4468
77.4468
77.4468
77.4468
77.4468
77.4468
77.4468
77.4468
77.4468
77.4468
77.4468
77.4468
77.4468
77.4468
77.4468
77.4468
77.4468
77.4468
77.4468
77.4468
77.4468
77.4468
77.4468
77.4468
77.4468
77.4468
77.4468
77.4468
77.4468
77.4468
77.4468
77.4468
77.4468
77.4468
77.4468
77.4468
77.4468
77.4468
77.4468
77.4468
77.4468
77.4468
77.4468
77.4468
77.4468
77.4468
77.4468
77.4468
77.4468
77.4468
77.4468
77.4468
77.4468
77.4468
77.4468
77.4468
77.4468
77.4468
77.4468
77.4468
77.4468
77.4468
77.4468
77.4468
77.4468
77.4468
77.4468
77.4468
77.4468
77.4468
77.4468
77.4468
77.4468
77.4468
77.4468
77.4468
77.4468
77.4468
77.4468
77.4468
77.4468
77.4468
77.4468
77.4468
77.4468
77.4468
77.4468
77.4468


-2.99494
0.124223
-0.0776586
-0.0776586
-0.0776586
-0.0776586
-0.0776586
-0.0776586
-0.0776586
-0.0776586
-0.0776586
-0.0776586
-0.0776586
-0.0776586
-0.0776586
-0.0776586
-0.0776586
-0.0776586
-0.0776586
-0.0776586
-0.0776586
-0.0776586
-0.0776586
-0.0776586
-0.0776586
-0.0776586
-0.0776586
-0.0776586
-0.0776586
-1.48145

0.024

