2725.38
2725.38
2725.38
2725.38
1376.39
1376.39
1376.39
1376.39
1376.39
1376.39
1376.39
1376.39
1376.39
1376.39
1376.39
1376.39
1376.39
1376.39
1376.39
1376.39
1322.55
1322.55
1322.55
1322.55
1322.55
1281.59
1165.9
1165.9
1165.9
1057.99
1057.99
1057.99
1057.99
1057.99
1057.99
1057.99
1057.99
1019.96
1019.96
1019.96
1019.96
998.916
998.916
976.356
976.356
976.356
973.216
958.139
958.139
958.139
958.139
958.139
958.139
958.139
958.139
958.139
958.139
958.139
943.454
943.075
943.075
943.068
943.068
943.068
943.068
943.068
943.068
927.588
927.588
903.809
903.068
903.068
903.068
896.994
896.994
888.861
888.861
883.91
877.153
877.153
877.153
877.153
877.153
877.153
877.153
852.475
852.475
852.475
852.475
852.475
852.16
850.275
850.275
849.357
849.357
849.357
849.357
826.913
805.966
805.966
805.966
758.045
735.475
735.475
735.475
735.475
735.475
735.475
735.475
733.27
715.634
715.634
686.049
686.049
686.049
686.049
686.049
675.288
652.941
652.941
652.941
564.931
564.931
564.931
564.931
555.095
555.095
555.095
555.095
555.095
555.095
555.095
555.095
555.095
555.095
555.095
555.095
555.095
554.65
554.65
554.65
554.65
554.65
554.65
554.65
554.65
554.65
543.531
543.531
543.531
543.531
543.531
543.531
543.531
543.531
543.531
543.531
511.574
511.574
511.574
511.574
511.574
511.574
511.574
511.574
511.574
511.574
511.574
511.574
511.574
511.574
511.574
511.574
511.574
511.574
511.574
510.196
503.97
501.931
501.931
501.931
501.931
478.803
478.803
478.803
478.803
478.803
478.803
478.803
478.803
478.803
478.803
478.803
478.803
470.538
445.305
445.305
445.305
445.305
445.305
445.305
445.305
445.305
445.305
445.305
445.305
445.305
445.305
445.305
445.305
445.305
445.305
445.305
445.305
445.305
444.939
444.939
444.939
444.939
444.939
434.189
434.189
434.189
434.189
424.775
393.794
393.794
393.794
393.794
393.408
392.425
392.425
382.776
382.776
382.776
382.036
382.036
382.036
382.036
382.036
382.036
382.036
380.311
380.311
380.311
380.311
380.311
380.311
379.926
379.926
379.926
379.926
379.926
379.926
379.926
379.926
379.926
379.926
379.926
379.926
369.849
301.58
301.488
301.488
301.488
300.397
300.397
300.397
300.397
284.039
284.039
284.039
284.039
284.039
281.686
281.686
281.686
281.686
281.686
281.686
281.686
281.686
281.686
279.474
279.474
279.474
279.474
279.474
279.474
279.474
279.474
279.474
279.474
279.474
277.503
277.503
277.503
277.503
277.503
277.503
277.458
277.458
277.458
276.233
276.233
276.233
276.233
276.233
276.233
276.233
276.233
274.653
273.486
273.486
253.472
253.472
253.472
253.472
253.472
253.472
253.472
253.472
253.472
253.472
247.026
247.026
247.026
247.026
247.026
247.026
247.026
247.026
247.026
240.357
240.357
240.357
235.986
235.986
219.176
219.176
219.176
219.176
219.176
219.176
219.176
219.176
219.176
219.176
167.876
167.876
167.876
167.876
167.876
167.876
166.368
166.368
160.338
160.338
160.338
159.865
159.865
159.865
159.865
159.865
159.865
159.865
159.865
143.221
143.221
143.221
143.221
143.221
143.221
143.221
143.221
143.221
143.221
143.221
143.221
143.221
143.221
143.221
143.221
143.221
143.221
143.221
143.221
143.221
142.311
142.311
142.311
135.031
135.031
135.031
134.374
134.374
134.374
134.374
134.374
134.374
134.374
134.374
134.374
134.374
134.374
134.374
134.374
133.698
133.698
133.698
133.698
133.698
133.698
133.698
133.698
119.515
119.515
119.515
119.515
119.515
119.515
119.515
119.515
119.515
119.515
119.515
119.515
119.515
119.515
119.515
119.515
119.515
119.515
119.515
119.515
119.515
119.515
119.515
119.515
119.515
119.515
119.515
118.66
118.66
118.66
118.605
118.605
104.995
104.995
104.995
104.995
104.995
104.995
104.995
104.995
104.995
104.995
104.995
104.993
104.993
104.946
104.946
104.946
104.946
104.946
104.946
104.946
104.946
104.946
104.946
104.946
104.946
104.946
104.946
104.946
104.946
104.946
104.946
104.946
104.946
104.356
104.356
104.356
104.356
104.356
104.356
104.356
104.356
104.356
104.356
104.292
104.292
97.3232
97.3232
97.3232
97.3232
97.3232
97.3232
97.3232
97.3232
97.3232
97.3232
97.3232
97.3232
97.3232
97.3232
97.3232
97.3232
97.3232
97.3232
97.3232
97.3232
97.3232
97.3232
97.3232
97.3232
97.3232
97.3232
97.2753
97.2753
97.2753
97.2753
97.2753
97.2753
97.2597
96.18
96.18
96.18
96.18
96.18
96.18
96.18
96.18
96.18
96.18
96.18
96.18
96.18
96.18
96.18
96.1321
96.1321
96.1321
96.1321
96.1321
96.1321
96.1321
96.1321
96.1321
96.1321
96.1321
96.1321
96.0832
96.0832
96.0832
96.0832
89.2089
89.2089
89.1632
89.1632
89.1632
89.1632
89.1632
89.1632
89.1632
89.1632
89.1614
89.1614
84.7866
84.7866
84.7866
84.7866
84.1468
84.1468
84.1468
84.1468
84.1468
84.1468
84.1468
84.0988
84.0988
84.0988
84.0988
84.0988
84.0988
84.0988
84.0988
84.0988
84.0988
84.0988
84.0988
84.0971
84.0971
84.0971
84.0971
84.0971
84.0971
84.0482
84.0482
84.0482
84.0482
84.0482
84.0482
84.0482
84.0482
84.0482
83.6413
83.6413
83.6413
83.6413
83.6413
83.6413
83.6413
83.6413
83.6413
83.6413
83.6413
83.6413
83.6413
83.6413
76.0647
76.0647
76.0647
75.633
75.633
74.5405
74.5405
74.5405
74.5405
74.5405
74.5405
74.5405
74.5405
74.5405
74.5405
74.5405
74.5405
74.5405
74.5405
74.5405
74.5405
74.4462
74.4462
74.4462
74.4462
74.4462
17.6585
17.6585
17.6585
17.6585
17.6585
17.6585
17.6585
17.6585
17.6585
17.6585
17.6585
17.6585
17.5914
17.5914
15.7005
15.157
15.157
15.157
15.157
15.157
15.157
15.157
15.029
15.029
15.029
15.029
15.029
15.029
15.029
15.029
15.029
15.029
15.029
15.029
15.029
15.029
15.029
15.029
14.9431
14.9431
14.9431
14.9431
14.9431
14.9431
14.9431
14.9431
14.9431
14.9431
14.9431
14.9431
14.9431
14.9431
14.9431
14.9431
14.9431
14.9431
14.9431
14.9431
14.8759
14.8759
14.8759
14.8698
14.8698
14.8698
14.8698
14.7605
14.7605
14.7605
14.2045
14.2045
14.2045
14.2045
14.2045
14.1116
14.1116
14.1116
14.0891
6.8507
6.8507
6.8507
6.8507
6.05485
6.05485
6.05485
6.05485
6.05485
6.05485
5.93947
5.93947
5.93947
5.93947
5.93947
5.93947
5.93947
5.93947
5.93947
5.93947
5.93947
5.26474
5.26474
5.26474
3.91527
3.91527
3.91527
3.91527
3.91527
3.91527
3.91527
3.91527
3.91527
3.91527
3.8717
3.8717
3.8717
3.8717
3.8717
3.8717
3.8717
3.8717
3.8717
3.8717
3.8717
3.8717
3.8717
3.8717
3.8717
3.8717
3.8717
3.8717
3.8717
3.8717
3.8717
3.8717
3.8717
3.8717
3.8717
3.8717
3.8717
3.8717
3.8717
3.8717
3.8717
3.8717
3.8717
3.8717
3.8717
3.8717
3.8717
3.8717
3.8717
3.8717
3.8717
3.8717
3.8717
3.8717
3.8717
3.8678
3.79382
3.79382
3.79382
3.79382
3.79382
3.79382
3.79382
3.79382
3.79382
3.79382
3.79382
3.79382
3.70007
3.70007
3.70007
3.70007
3.69618
3.69618
3.69618
3.69618
3.69618
3.69618
3.69618
3.69618
3.68661
3.68661
3.68661
3.60485
3.60485
3.60485
3.60485
3.60485
3.60485
3.60485
3.60485
3.60485
3.60485
3.60485
3.60485
3.60485
3.60485
3.60485
3.60485
3.60485
3.60485
3.60485
3.60485
3.60485
3.60485
3.60485
3.60485
3.5377
3.5377
3.5377
3.5377
3.52998
3.52998
3.52998
3.52998
3.52998
3.52998
3.52998
3.52998
2.7991
2.7991
2.7991
2.75452
2.21989
2.21989
2.21989
2.21989
2.21989
2.21952
2.21952
2.21952
2.21952
2.21952
2.21952
2.21952
2.21952
2.21952
2.21952
2.21952
2.21952
2.21952
2.21952
2.21952
2.21952
2.21952
2.21952
2.21952
2.21952
2.21952
2.21952
2.21952
2.21952
2.21952
2.21952
2.21952
2.21952
2.21952
2.21952
2.21526
2.21526
2.21526
2.21526
2.21526
2.12152
2.12152
2.12152
2.12152
2.12152
2.12152
2.12152
2.12152
2.12152
2.12152
2.11606
2.11606
2.11606
2.11606
2.11606
2.1118
2.1118
2.01379
2.01379
2.01379
2.01379
2.01379
2.01379
2.01379
2.01379
2.01379
2.01379
2.01379
2.01379
2.01379
2.01379
2.01379
2.01379
2.01379
2.01379
2.01379
2.01379
2.01379
2.00608
2.00608
2.00608
2.00608
2.00608
2.00608
2.00608
2.00608
2.00608
2.00608
2.00608
2.00553
2.00553
2.00553
2.00553
2.00553
2.00553
2.00553
2.00553
2.00553
2.00007
2.00007
2.00007
2.00007
2.00007
2.00007
2.00007
2.00007
2.00007
2.00007
2.00007
2.00007
2.00007
2.00007
2.00007
2.00007
2.00007
2.00007
2.00007
2.00007
2.00007
2.00007
2.00007
2.00007
2.00007
2.00007
2.00007
2.00007
1.99516
1.99516
1.99516
1.99516
1.99516
1.99516
1.99516
1.99516
1.99516
1.99516
1.99516
1.99516
1.99516
1.99516
1.99516
1.99516
1.99516
1.99516
1.99516
1.99516
1.99462
1.99462
1.99462
1.99462
1.99462
1.99462
1.99353
1.98862
1.98862
1.98862
1.98525
1.98525
1.98525
1.98525
1.97179
1.97179
1.97179
1.97179
1.97179
1.97179
1.97179
1.97179
1.97179
1.97179
1.97179
1.97179
1.97179
1.97179
1.97179
1.97179
1.97179
1.97179
1.97179
1.97179
1.97179
1.97179
1.97179
1.95721
1.95721
1.95721
1.95721
1.95721
1.95721
1.95721
1.95721
1.95721
1.95721
1.95721
1.95721
1.95721
1.95721
1.95721
1.95721
1.95721
1.95721
1.95721
1.95721
1.95721
1.95721
1.95721
1.95721
1.95721
1.95721
1.95721
1.95721
1.95721
1.95721
1.95721
1.95721
1.88703
1.88703
1.88703
1.88703
1.88703
1.88703
1.88703
1.83985
1.83985
1.83985
1.83985
1.83985
1.83985
1.83985
1.83985
1.83985
1.83985
1.83985
1.83985
1.83985
1.83985
1.83985
1.83985
1.83985
1.83985
1.83985
1.83985
1.83985
1.83985
1.83649
1.83649
1.83649
1.83649
1.83649
1.83649
1.83649
1.81967
1.81967
1.81967
1.81967
1.81967
1.81967
1.81967
1.81967
1.81967
1.81967
1.81967
1.81967
1.81967
1.81967
1.81967
1.81967
1.81967
1.81967
1.81967
1.81967
1.81967
1.81967
1.81541
1.81541
1.81541
1.81541
1.81541
1.81541
1.81541
1.81541
1.71314
1.71314
1.71314
1.71314
1.71314
1.71314
1.71314
1.71314
1.71314
1.71314
1.71314
1.71314
1.71314
1.71314
1.71314
1.71314
1.71314
1.71314
1.71314
1.71314
1.70977
1.70977
1.70977
1.70977
1.70977
1.68958
1.68958
1.68958
1.68958
1.68958
1.68958
1.68958
1.68958
1.68958
1.68958
1.68958
1.68958
1.68958
1.68958
1.66877
1.66877
1.66877
1.66877
1.66877
1.66877
1.66877
1.66877
1.66877
1.66877
1.66877
1.66877
1.66877
1.66877
1.66877
1.66877
1.66877
1.66877
1.66877
1.66877
1.66877
1.66877
1.66877
1.66877
1.66877
1.66877
1.66877
1.66877
1.66877
1.66877
1.66877
1.66877
1.66877
1.6654
1.6654
1.6654
1.6654
1.6654
1.6654
1.6654
1.6654
1.6654
1.66204
1.66204
1.66204
1.66204
1.66204
1.66204
1.66204
1.66204
1.66204
1.66204
1.66204
1.64185
1.64185
1.64185
1.64185
1.64185
1.64185
1.64185
1.64185
1.64185
1.64185
1.64185
1.64185
1.64185
1.64185
1.64185
1.64185
1.64185
1.64185
1.64185
1.64185
1.64185
1.64185
1.64185
1.64185
1.64185
1.64185
1.64185
1.64185
1.64185
1.64185
1.64185
1.64185
1.64185
1.64185
1.64185
1.64185
1.64185
1.64185
1.64185
1.64185
1.64185
1.64185
1.64185
1.64185
1.64185
1.64185
1.63908
1.63908
1.63908
1.63908
1.63908
1.63908
1.63908
1.63908
1.56716
1.56716
1.56716
1.56716
1.56716
1.56716
1.56716
1.56716
1.56716
1.56716
1.56716
1.56716
1.56716
1.56716
1.56716
1.56716
1.56716
1.56716
1.56716
1.56716
1.56716
1.56716
1.56716
1.56716
1.56716
1.56716
1.56716
1.56716
1.56716
1.56716
1.56716
1.56716
1.56716
1.56716
1.56716
1.56716
1.53054
1.53054
1.52398
1.52398
1.52398
1.52398
1.52398
1.52398
1.5101
1.48876
1.48876
1.48876
1.48876
1.48876
1.48876
1.48876
1.48876
1.48876
1.48876
1.47488
1.47488
1.47488
1.47488
1.47488
1.47488
1.47488
1.47488
1.47488
1.47488
1.47488
1.47488
1.47488
1.47488
1.47488
1.47488
1.47488
1.47488
1.47488
1.47488
1.47488
1.47488
1.47488
1.47488
1.47488
1.47488
1.47488
1.4734
1.4734
1.4734
1.4734
1.4734
1.43653
1.43653
1.43653
1.43653
1.43653
1.43653
1.43653
1.43653
1.43653
1.43653
1.43653
1.43653
1.43653
1.43653
1.43653
1.43653
1.43653
1.43653
1.43653
1.43653
1.43653
1.43653
1.43653
1.42961
1.42961
1.42961
1.42961
1.42961
1.42961
1.42961
1.42961
1.42961
1.42961
1.42961
1.42961
1.42961
1.42961
1.42961
1.42961
1.42961
1.42961
1.40485
1.40485
1.40485
1.26032
1.26032
1.26032
1.26032
1.26032
1.26032
1.26032
1.26032
1.20361
1.20361
1.20361
1.20361
1.20361
1.20361
1.20361
1.20361
1.20361
1.20361
1.20361
1.20361
1.20361
1.20361
1.20361
1.18973
1.18973
1.18973
1.18973
1.18973
1.18973
1.18973
1.18973
1.18973
1.18973
1.18973
1.18973
1.18973
1.18973
1.18973
1.18973
1.18973
1.18973
1.18973
1.18973
1.18973
1.18973
1.18973
1.18973
1.18973
1.18973
1.18973
1.18973
1.18973
1.18973
1.18973
1.18973
1.18973
1.18973
1.18973
1.18973
1.18973
1.18973
1.18973
1.18973
1.18973
1.18973
1.18973
1.18697
1.18697
1.18697
1.18697
1.18697
1.18697
1.18697
1.18697
1.18697
1.18697
1.18697
1.18697
1.18697
1.18697
1.18697
1.18697
1.18697
1.18697
1.18697
1.18697
1.18697
1.18697
1.18697
1.18697
1.18697
1.18697
1.18697
1.18697
1.18697
1.18697
1.18697
1.18697
1.18697
1.18697
1.18697
1.18697
1.18697
1.18697
1.18697
1.18697
1.18697
1.18697
1.18697
1.18697
1.18697
1.18697
1.18697
1.18697
1.18697
1.18697
1.18697
1.18697
1.18697
1.18697
1.18697
1.18697
1.18345
1.14822
1.14822
1.14822
1.14822
1.14822
1.14822
1.07354
1.07354
1.07354
1.07354
1.07354
1.07354
1.07354
1.07354
1.07354
1.0666
1.0666
1.0666
1.0666
1.0666
1.0666
1.0666
1.0666
1.0666
1.0666
1.0666
1.0666
1.0666
1.0666
1.0666
1.0666
1.0666
1.0666
1.0666
1.06365
1.06365
1.03819
1.03819
1.03819
1.03819
1.03819
1.03819
1.03819
1.03819
1.02563
1.02563
1.02563
1.02563
1.02563
1.02563
1.02563
1.02563
1.02563
1.02563
1.02563
1.02286
1.02286
0.951034
0.951034
0.951034
0.951034
0.951034
0.951034
0.951034
0.94541
0.94541
0.943935
0.943935
0.943935
0.943935
0.943935
0.943935
0.943935
0.905582
0.905582
0.905582
0.905582
0.905582
0.905582
0.905582
0.905582
0.905582
0.905582
0.905582
0.905582
0.902637
0.867291
0.867291
0.867291
0.867291
0.867291
0.867291
0.867291
0.867291
0.867291
0.867291
0.867291
0.867291
0.867291
0.867291
0.867291
0.867291
0.867291
0.867291
0.867291
0.867291
0.867291
0.867291
0.867291
0.867291
0.867291
0.867291
0.867291
0.867291
0.865816
0.865816
0.865816
0.865816
0.865816
0.865816
0.865816
0.864346
0.864346
0.864346
0.864346
0.864346
0.864346
0.864346
0.864346
0.826054
0.826054
0.826054
0.826054
0.823043
0.823043
0.823043
0.823043
0.823043
0.823043
0.823043
0.823043
0.823043
0.823043
0.823043
0.823043
0.823043
0.823043
0.823043
0.823043
0.823043
0.823043
0.823043
0.823043
0.823043
0.823043
0.823043
0.823043
0.823043
0.823043
0.823043
0.823043
0.823043
0.823043
0.823043
0.821568
0.821568
0.821568
0.780265
0.780265
0.780265
0.780265
0.780265
0.780265
0.780265
0.780265
0.780265
0.780265
0.780265
0.780265
0.780265
0.780265
0.780265
0.780265
0.780265
0.780265
0.780265
0.780265
0.780265
0.780265
0.780265
0.780265
0.780265
0.780265
0.780265
0.780265
0.780265
0.780265
0.780265
0.780265
0.780265
0.780265
0.780265
0.780265
0.780265
0.780265
0.780265
0.780265
0.780265
0.780265
0.780265
0.77732
0.77732
0.77732
0.77732
0.77732
0.77732
0.741974
0.741974
0.741974
0.741974
0.741974
0.741974
0.741974
0.741974
0.741974
0.741974
0.741974
0.741974
0.741974
0.739029
0.739029
0.739029
0.739029
0.739029
0.739029
0.739029
0.739029
0.739029
0.739029
0.739029
0.697792
0.697792
0.697792
0.697792
0.697792
0.697792
0.697792
0.697792
0.697792
0.697792
0.697792
0.697792
0.697792
0.697792
0.697792
0.697792
0.697792
0.697792
0.697792
0.697792
0.697792
0.697792
0.697792
0.697792
0.697792
0.697792
0.697792
0.697792
0.697792
0.697792
0.697792
0.697792
0.697792
0.697792
0.697792
0.697792
0.697792
0.697792
0.697792
0.697792
0.697792
0.697792
0.697792
0.697792
0.697792
0.697792
0.697792
0.697792
0.697792
0.697792
0.697792
0.697792
0.697792
0.697792
0.697792
0.697792
0.697792
0.697792
0.697792
0.697792
0.697792
0.697792
0.697792
0.697792
0.697792
0.697792
0.697792
0.697792
0.697792
0.697792
0.697792
0.697792
0.697792
0.697792
0.697792
0.697792
0.697792
0.697792
0.697792
0.697792
0.697792
0.697792
0.697792
0.697792
0.697792
0.697792
0.697792
0.697792
0.697792
0.697792
0.697792
0.697792
0.697792
0.697792
0.697792
0.697792
0.697792
0.697792
0.697792
0.697792
0.697792
0.697792
0.697792
0.697792
0.697792
0.697792
0.697792
0.697792
0.697792
0.697792
0.697792
0.697792
0.697792
0.697792
0.697792
0.697792
0.697792
0.697792
0.697792
0.697792
0.697036
0.697036
0.697036
0.697036
0.697036
0.697036
0.697036
0.697036
0.696885
0.696885
0.696885
0.696885
0.696885
0.696885
0.696885
0.696885
0.696885
0.696129
0.696129
0.696129
0.693939
0.693939
0.693939
0.649001
0.649001
0.649001
0.649001
0.649001
0.649001
0.649001
0.649001
0.649001
0.649001
0.649001
0.649001
0.649001
0.649001
0.649001
0.649001
0.649001
0.649001
0.649001
0.649001
0.649001
0.647943
0.647943
0.647943
0.647943
0.647943
0.647943
0.647943
0.647943
0.647943
0.647943
0.647943
0.647943
0.647943
0.647943
0.647943
0.647943
0.647943
0.647943
0.647943
0.647943
0.647943
0.647943
0.647943
0.647943
0.647943
0.647943
0.647943
0.647943
0.647943
0.647943
0.647943
0.647943
0.647943
0.647943
0.647943
0.647943
0.647943
0.644997
0.644997
0.644997
0.644997
0.644997
0.644997
0.644997
0.644997


-0.0282821
-0.0282821
-0.0282821
-0.0282821
0.0254695
0.0254695
0.0254695
0.00984405
0.00984405
0.00984405
0.00984405
0.00984405
0.00984405
0.00984405
0.00984405
0.0551579
0.00984405
0.0551579
0.0551579
0.0551579
0.0517203
0.0517203
0.0517203
0.0517203
0.0307822
0.0307822
0.0307822
0.0307822
0.0307822
-0.0282821

0.022

