0.547497
0.547497
0.547497
0.547497
0.547497
0.547497
0.547497
0.323939
0.323939
0.323939
0.323939
0.323939
0.323939
0.323939
0.323939
0.323939
0.323939
0.323939
0.323939
0.323939
0.323939
0.323939
0.323939
0.323939
0.323939
0.323939
0.323939
0.323939
0.323939
0.323939
0.323939
0.308514
0.308514
0.308514
0.308514
0.308514
0.308514
0.308514
0.308514
0.308514
0.308514
0.308514
0.308514
0.308514
0.308514
0.308514
0.308514
0.308514
0.308514
0.308514
0.308514
0.303171
0.303171
0.303171
0.303171
0.303171
0.303171
0.303171
0.303171
0.303171
0.303171
0.303171
0.299176
0.298982
0.298982
0.298982
0.298982
0.298982
0.298982
0.298982
0.297471
0.297471
0.297471
0.297471
0.297471
0.297471
0.297471
0.297471
0.297471
0.297471
0.297471
0.297471
0.297471
0.297458
0.297458
0.297458
0.297438
0.297438
0.297438
0.297438
0.297438
0.297438
0.297438
0.297438
0.297438
0.297438
0.297438
0.297438
0.297438
0.200687
0.200654
0.200654
0.200654
0.200654
0.199514
0.199514
0.188027
0.188027
0.188027
0.188027
0.188027
0.188027
0.121089
0.121089
0.121089
0.121089
0.121089
0.121089
0.121089
0.121089
0.121089
0.121089
0.121089
0.121089
0.121089
0.121089
0.121089
0.121089
0.121089
0.121089
0.121089
0.121089
0.121089
0.121089
0.121089
0.121084
0.119492
0.119492
0.119492
0.119492
0.119492
0.119492
0.119492
0.119492
0.119492
0.119492
0.119492
0.119492
0.119492
0.119492
0.118318
0.118318
0.118318
0.118318
0.118318
0.118318
0.118318
0.118318
0.116721
0.116721
0.116721
0.0728555
0.0728555
0.0728555
0.0728555
0.0728555
0.0728555
0.0709979
0.0709979
0.0709979
0.0709979
0.0520057
0.0520057
0.0520057
0.0520057
0.0520057
0.0520057
0.0520057
0.0520057
0.0520057
0.0520057
0.0520057
0.0495781
0.0495781
0.0495781
0.0495781
0.0495781
0.0495781
0.0495781
0.0495781
0.0495781
0.0495781
0.0495781
0.0495781
0.0495781
0.0495781
0.0495781
0.0495781
0.0495781
0.0495781
0.0495781
0.0495781
0.0495781
0.0495781
0.0384288
0.0384288
0.0384288
0.0123061
0.0123061
0.0123061
0.0123061
0.0123061
0.0123061
0.0123061
0.0123061
0.0123061
0.0123061
0.0123061
0.0123061
0.0123061
0.0123061
0.0123061
0.0123061
0.0123061
0.012239
0.012239
0.012239
0.012239
0.012239
0.012239
0.012239
0.012239
0.012239
0.012239
0.012239
0.0121343
0.0121343
0.0121343
0.0121343
0.0121343
0.0121343
0.0121343
0.0121343
0.0121343
0.0121343
0.0121343
0.0121343
0.0121343
0.0121343
0.0121343
0.0121343
0.0121343
0.0121343
0.0121343
0.0121343
0.0121343
0.0121343
0.0121343
0.0121343
0.0121343
0.0121343
0.0121343
0.0121343
0.0121343
0.0112994
0.0112994
0.0112994
0.0112994
0.0112994
0.0112994
0.0112994
0.010451
0.010451
0.010451
0.010451
0.010451
0.010451
0.010451
0.010451
0.010451
0.010451
0.010451
0.010451
0.010451
0.010451
0.010451
0.010451
0.010451
0.010451
0.010451
0.010451
0.010451
0.010451
0.010451
0.010451
0.010451
0.010451
0.010451
0.010451
0.010451
0.010451
0.010451
0.010451
0.010451
0.010451
0.0104422
0.0104422
0.0104422
0.0104422
0.0104422
0.0104422
0.0104422
0.0104422
0.0104422
0.0104422
0.0104422
0.0104422
0.0104422
0.0104422
0.0104422
0.0104422
0.0104422
0.0104422
0.0104422
0.0104422
0.0104422
0.0104422
0.0104422
0.0104422
0.0104422
0.0104422
0.0104422
0.0104422
0.0104422
0.0104422
0.0104422
0.0104422
0.00872338
0.00872338
0.00872338
0.00872338
0.00872338
0.00872338
0.00872338
0.00872338
0.00872338
0.00872338
0.00872338
0.00872338
0.00872338
0.00872338
0.00872338
0.00872338
0.00872338
0.00870277
0.00870277
0.00870277
0.00870277
0.00870277
0.00870277
0.00870277
0.00702858
0.00702858
0.00702858
0.00702858
0.00702858
0.00702858
0.00702858
0.00702858
0.00702858
0.00702858
0.00702858
0.00702858
0.00702858
0.00702858
0.00702858
0.00702858
0.00702858
0.00702858
0.00702845
0.00702845
0.00702845
0.00702845
0.00702845
0.00702845
0.00702845
0.00702845
0.00702845
0.00702845
0.00702845
0.00702845
0.00701963
0.00701963
0.00701963
0.00701963
0.00701963
0.00701963
0.00701963
0.00701963
0.00701963
0.00701963
0.00701963
0.00701963
0.00701963
0.00701959
0.00701959
0.00701959
0.00701959
0.00701959
0.00701959
0.00701959
0.00701959
0.00701959
0.00701959
0.00701959
0.00701959
0.00701959
0.00701959
0.00701954
0.00701954
0.00701954
0.00701954
0.00701954
0.00701954
0.00701954
0.00701954
0.00701954
0.00701954
0.00701954
0.00701954
0.00701954
0.00701954
0.00701951
0.00701951
0.00701951
0.00701951
0.00701946
0.00701946
0.00701946
0.00348303
0.00348303
0.00348303
0.00348303
0.00348303
0.00348303
0.00348303
0.00348303
0.00348303
0.00348303
0.00348303
0.00348303
0.00348303
0.00348303
0.00348303
0.00348303
0.00348303
0.00348303
0.00348303
0.00348303
0.00348303
6.04067e-05
6.04067e-05
6.04067e-05
6.04067e-05
6.04067e-05
6.04067e-05
6.04067e-05
6.04067e-05
6.04067e-05
6.04067e-05
6.04067e-05
6.04067e-05
6.04067e-05
6.04067e-05
6.04067e-05
6.0326e-05
6.0326e-05
6.0326e-05
6.0326e-05
6.0326e-05
6.0326e-05
6.0326e-05
6.0326e-05
6.0326e-05
6.0326e-05
6.0326e-05
6.0326e-05
6.0326e-05
6.0326e-05
6.0326e-05
6.0326e-05
6.0326e-05
6.0326e-05
6.0326e-05
6.0326e-05
6.0326e-05
6.0326e-05
6.0326e-05
6.0326e-05
6.0326e-05
6.0326e-05
6.0326e-05
6.0326e-05
6.0326e-05
6.0326e-05
6.0326e-05
6.0326e-05
6.0326e-05
6.0326e-05
6.0326e-05
6.03058e-05
6.03058e-05
6.03058e-05
6.03058e-05
6.03058e-05
6.03058e-05
6.03058e-05
6.03058e-05
6.03058e-05
6.03058e-05
6.03058e-05
6.03058e-05
6.03058e-05
6.03058e-05
6.03058e-05
6.03058e-05
6.03058e-05
6.03058e-05
6.03058e-05
6.03058e-05
6.03058e-05
6.03058e-05
6.03058e-05
6.03058e-05
6.03058e-05
6.03058e-05
6.03058e-05
6.03058e-05
6.03058e-05
6.03058e-05
6.03058e-05
6.03058e-05
6.03058e-05
6.03058e-05
6.02875e-05
6.02875e-05
6.02875e-05
6.02875e-05
6.02875e-05
6.02875e-05
6.02875e-05
6.02875e-05
6.02875e-05
6.02875e-05
6.02875e-05
6.02875e-05
6.02875e-05
6.02875e-05
6.02875e-05
6.02875e-05
6.02875e-05
6.02875e-05
6.02875e-05
6.02875e-05
6.02875e-05
6.02875e-05
6.02875e-05
6.02875e-05
6.02874e-05
6.02874e-05
6.02874e-05
6.02874e-05
5.97278e-05
5.97278e-05
5.97278e-05
5.97278e-05
5.97278e-05
5.97278e-05
5.97278e-05
5.96709e-05
5.96709e-05
5.96709e-05
5.96709e-05
5.96709e-05
5.96709e-05
5.96709e-05
5.96709e-05
5.96709e-05
5.96709e-05
5.96709e-05
5.96709e-05
5.96709e-05
5.96709e-05
5.96709e-05
5.96709e-05
5.96709e-05
5.96709e-05
5.96709e-05
5.96709e-05
5.96709e-05
5.96709e-05
5.96709e-05
5.96709e-05
5.96709e-05
5.96709e-05
5.96709e-05
5.96709e-05
5.96709e-05
5.96709e-05
5.96709e-05
5.96709e-05
5.96709e-05
5.96709e-05
5.96709e-05
5.96709e-05
5.96709e-05
5.96709e-05
5.96709e-05
5.96709e-05
5.96709e-05
5.96709e-05
5.96709e-05
5.96709e-05
5.96709e-05
5.96709e-05
5.96709e-05
5.96708e-05
5.96708e-05
5.96708e-05
5.96708e-05
5.96708e-05
5.96708e-05
5.96708e-05
5.96708e-05
5.96708e-05
5.96708e-05
5.96708e-05
5.96708e-05
5.96708e-05
5.96708e-05
5.96708e-05
5.96708e-05
5.96708e-05
5.96708e-05
5.96708e-05
5.96707e-05
5.96707e-05
5.96707e-05
5.96707e-05
5.96707e-05
5.96707e-05
5.96707e-05
5.96707e-05
5.96707e-05
5.96707e-05
5.96707e-05
5.96707e-05
5.96707e-05
5.96707e-05
5.96707e-05
5.96707e-05
5.96707e-05
5.96707e-05
5.96707e-05
5.96707e-05
5.96707e-05
5.96707e-05
5.96707e-05
5.96707e-05
5.96707e-05
5.96707e-05
5.96707e-05
5.96707e-05
5.36088e-05
5.36088e-05
5.29923e-05
5.29923e-05
5.29923e-05
5.29923e-05
5.29923e-05
5.29923e-05
5.29923e-05
5.29923e-05
5.29923e-05
5.29923e-05
5.29923e-05
5.29923e-05
5.29923e-05
5.29923e-05
5.29923e-05
5.29923e-05
5.29923e-05
5.29923e-05
5.29923e-05
5.29923e-05
5.29923e-05
5.29923e-05
5.29923e-05
5.29923e-05
5.29923e-05
5.29923e-05
5.29923e-05
5.29923e-05
5.29923e-05
5.29923e-05
5.29923e-05
5.29923e-05
5.29923e-05
5.29923e-05
5.29923e-05
5.29923e-05
5.29923e-05
5.29923e-05
5.29923e-05
5.29923e-05
5.29923e-05
5.29923e-05
5.29923e-05
5.29923e-05
5.29923e-05
5.29923e-05
5.29923e-05
5.29923e-05
5.29923e-05
5.29923e-05
5.29923e-05
5.29923e-05
5.29923e-05
5.29923e-05
5.29923e-05
5.29923e-05
5.29923e-05
5.29923e-05
5.29923e-05
5.29923e-05
5.29923e-05
5.29923e-05
5.29923e-05
5.29923e-05
5.29923e-05
5.29923e-05
5.29923e-05
5.29923e-05
5.29923e-05
5.29923e-05
5.29923e-05
5.29923e-05
5.29923e-05
5.29923e-05
5.29923e-05
5.29923e-05
5.29923e-05
5.29923e-05
5.29923e-05
5.29923e-05
5.29923e-05
5.29923e-05
5.29923e-05
5.29923e-05
5.29923e-05
5.29923e-05
5.29923e-05
5.29923e-05
5.29923e-05
5.29923e-05
5.29923e-05
5.29923e-05
5.29923e-05
5.29923e-05
5.29923e-05
5.29923e-05
5.29923e-05
5.29923e-05
5.29923e-05
5.29923e-05
5.29923e-05
5.29923e-05
5.29923e-05
5.29923e-05
5.29923e-05
5.29923e-05
5.29923e-05
5.29923e-05
5.29923e-05
5.29923e-05
5.29923e-05
5.29923e-05
5.29923e-05
5.29923e-05
5.29923e-05
5.29923e-05
5.29923e-05
5.29923e-05
5.29923e-05
5.29923e-05
5.29923e-05
5.29923e-05
5.29923e-05
5.29923e-05
5.29923e-05
5.29923e-05
5.29923e-05
5.29923e-05
5.29923e-05
5.29923e-05
5.29923e-05
5.29923e-05
5.29923e-05
5.29923e-05
5.29923e-05
5.29923e-05
5.29923e-05
5.29923e-05
5.29923e-05
5.29923e-05
5.29923e-05
5.29923e-05
5.29923e-05
5.29923e-05
5.29923e-05
5.29923e-05
5.29923e-05
5.29923e-05
5.29923e-05
5.29923e-05
5.29923e-05
5.29923e-05
5.29923e-05
5.29923e-05
5.29923e-05
5.29923e-05
5.29923e-05
5.29923e-05
5.29923e-05
5.29923e-05
5.29923e-05
5.29923e-05
5.29923e-05
5.29923e-05
5.29923e-05
5.29923e-05
5.29923e-05
5.29923e-05
5.29923e-05
5.29923e-05
5.29923e-05
5.29923e-05
5.29923e-05
5.29923e-05
5.29923e-05
5.29923e-05
5.29923e-05
5.29923e-05
5.29923e-05
5.29923e-05
5.29923e-05
5.29923e-05
5.29923e-05
5.29923e-05
5.29923e-05
5.29923e-05
5.29923e-05
5.29923e-05
5.29923e-05
5.29923e-05
5.29923e-05
5.29923e-05
5.29923e-05
5.29923e-05
5.29923e-05
5.29923e-05
5.29923e-05
5.29923e-05
5.29923e-05
5.29923e-05
5.29923e-05
5.29923e-05
5.29923e-05
5.29923e-05
5.29923e-05
5.29923e-05
5.29923e-05
5.29923e-05
5.29923e-05
5.29923e-05
5.29923e-05
5.29923e-05
5.29923e-05
5.29923e-05
5.29923e-05
5.29923e-05
5.29923e-05
5.29923e-05
5.29923e-05
5.29923e-05
5.29923e-05
5.29923e-05
5.29923e-05
5.29923e-05
5.29923e-05
5.29923e-05
5.29923e-05
5.29923e-05
5.29923e-05
5.29923e-05
5.29923e-05
5.29923e-05
5.29923e-05
5.29923e-05
5.29923e-05
5.29923e-05
5.29923e-05
5.29923e-05
5.29923e-05
5.29923e-05
5.29923e-05
5.29923e-05
5.29923e-05
5.29923e-05
5.29923e-05
5.29923e-05
5.29923e-05
5.29923e-05
5.29923e-05
5.29923e-05
5.29923e-05
5.29923e-05
5.29923e-05
5.29923e-05
5.29923e-05
5.29923e-05
5.29923e-05
5.29923e-05
5.29923e-05
5.29923e-05
5.29923e-05
5.29923e-05
5.29923e-05
5.29923e-05
5.29923e-05
5.29923e-05
5.29923e-05
5.29923e-05
5.29923e-05
5.29923e-05
5.29923e-05
5.29923e-05
5.29923e-05
5.29923e-05
5.29923e-05
5.29923e-05
5.29923e-05
5.29923e-05
5.29923e-05
5.29923e-05
5.29923e-05
5.29923e-05
5.29923e-05
5.29923e-05
5.29923e-05
5.29923e-05
5.29923e-05
5.29923e-05
5.29923e-05
5.29923e-05
5.29923e-05
5.29923e-05
5.29923e-05
5.29923e-05
5.29923e-05
5.29923e-05
5.29923e-05
5.29923e-05
5.29923e-05
5.29923e-05
5.29923e-05
5.29923e-05
5.29923e-05
5.29923e-05
5.29923e-05
5.29923e-05
5.29923e-05
5.29923e-05
5.29923e-05
5.29923e-05
5.29923e-05
5.29923e-05
5.29923e-05
5.29923e-05
5.29923e-05
5.29923e-05
5.29923e-05
5.29923e-05
5.29923e-05
5.29923e-05
5.29923e-05
5.29923e-05
5.29923e-05
5.29923e-05
5.29923e-05
5.29923e-05
5.29923e-05
5.29923e-05
5.29923e-05
5.29923e-05
5.29923e-05
5.29923e-05
5.29923e-05
5.29923e-05
5.29923e-05
5.29923e-05
5.29923e-05
5.29923e-05
5.29923e-05
5.29923e-05
5.29923e-05
5.29923e-05
5.29923e-05
5.29923e-05
5.29923e-05
5.29923e-05
5.29923e-05
5.29923e-05
5.29923e-05
5.29923e-05
5.29923e-05
5.29923e-05
5.29923e-05
5.29923e-05
5.29923e-05
5.29923e-05
5.29923e-05
5.29923e-05
5.29923e-05
5.29923e-05
5.29923e-05
5.29923e-05
5.29923e-05
5.29923e-05
5.29923e-05
5.29923e-05
5.29923e-05
5.29923e-05
5.29923e-05
5.29923e-05
5.29923e-05
5.29923e-05
5.29923e-05
5.29923e-05
5.29923e-05
5.29923e-05
5.29923e-05
5.29923e-05
5.29923e-05
5.29923e-05
5.29923e-05
5.29923e-05
5.29923e-05
5.29923e-05
5.29923e-05
5.29923e-05
5.29923e-05
5.29923e-05
5.29923e-05
5.29923e-05
5.29923e-05
5.29923e-05
5.29923e-05
5.29923e-05
5.29923e-05
5.29923e-05
5.29923e-05
5.29923e-05
5.29923e-05
5.29923e-05
5.29923e-05
5.29923e-05
5.29923e-05
5.29923e-05
5.29923e-05
5.29923e-05
5.29923e-05
5.29923e-05
5.29923e-05
5.29923e-05
5.29923e-05
5.29923e-05
5.29923e-05
5.29923e-05
5.29923e-05
5.29923e-05
5.29923e-05
5.29923e-05
5.29923e-05
5.29923e-05
5.29923e-05
5.29923e-05
5.29923e-05
5.29923e-05
5.29923e-05
5.29923e-05
5.29923e-05
5.29923e-05
5.29923e-05
5.29923e-05
5.29923e-05
5.29923e-05
5.29923e-05
5.29923e-05
5.29923e-05
5.29923e-05
5.29923e-05
5.29923e-05
5.29923e-05
5.29923e-05
5.29923e-05
5.29923e-05
5.29923e-05
5.29923e-05
5.29923e-05
5.29923e-05
5.29923e-05
5.29923e-05
5.29923e-05
5.29923e-05
5.29923e-05
5.29923e-05
5.29923e-05
5.29923e-05
5.29923e-05
5.29923e-05
5.29923e-05
5.29923e-05
5.29923e-05
5.29923e-05
5.29923e-05
5.29923e-05
5.29923e-05
5.29923e-05
5.29923e-05
5.29923e-05
5.29923e-05
5.29923e-05
5.29923e-05
5.29923e-05
5.29923e-05
5.29923e-05
5.29923e-05
5.29923e-05
5.29923e-05
5.29923e-05
5.29923e-05
5.29923e-05
5.29923e-05
5.29923e-05
5.29923e-05
5.29923e-05
5.29923e-05
5.29923e-05
5.29923e-05
5.29923e-05
5.29923e-05
5.29923e-05
5.29923e-05
5.29923e-05
5.29923e-05
5.29923e-05
5.29923e-05
5.29923e-05
5.29923e-05
5.29923e-05
5.29923e-05
5.29923e-05
5.29923e-05
5.29923e-05
5.29923e-05
5.29923e-05
5.29923e-05
5.29923e-05
5.29923e-05
5.29923e-05
5.29923e-05
5.29923e-05
5.29923e-05
5.29923e-05
5.29923e-05
5.29923e-05
5.29923e-05
5.29923e-05
5.29923e-05
5.29923e-05
5.29923e-05
5.29923e-05
5.29923e-05
5.29923e-05
5.29923e-05
5.29923e-05
5.29923e-05
5.29923e-05
5.29923e-05
5.29923e-05
5.29923e-05
5.29923e-05
5.29923e-05
5.29923e-05
5.29923e-05
5.29923e-05
5.29923e-05
5.29923e-05
5.29923e-05
5.29923e-05
5.29923e-05
5.29923e-05
5.29923e-05
5.29923e-05
5.29923e-05
5.29923e-05
5.29923e-05
5.29923e-05
5.29923e-05
5.29923e-05
5.29923e-05
5.29923e-05
5.29923e-05
5.29923e-05
5.29923e-05
5.29923e-05
5.29923e-05
5.29923e-05
5.29923e-05
5.29923e-05
5.29923e-05
5.29923e-05
5.29923e-05
5.29923e-05
5.29923e-05
5.29923e-05
5.29923e-05
5.29923e-05
5.29923e-05
5.29923e-05
5.29923e-05
5.29923e-05
5.29923e-05
5.29923e-05
5.29923e-05
5.29923e-05
5.29923e-05
5.29923e-05
5.29923e-05
5.29923e-05
5.29923e-05
5.29923e-05
5.29923e-05
5.29923e-05
5.29923e-05
5.29923e-05
5.29923e-05
5.29923e-05
5.29923e-05
5.29923e-05
5.29923e-05
5.29923e-05
5.29923e-05
5.29923e-05
5.29923e-05
5.29923e-05
5.29923e-05
5.29923e-05
5.29923e-05
5.29923e-05
5.29923e-05
5.29923e-05
5.29923e-05
5.29923e-05
5.29923e-05
5.29923e-05
5.29923e-05
5.29923e-05
5.29923e-05
5.29923e-05
5.29923e-05
5.29923e-05
5.29923e-05
5.29923e-05
5.29923e-05
5.29923e-05
5.29923e-05
5.29923e-05
5.29923e-05
5.29923e-05
5.29923e-05
5.29923e-05
5.29923e-05
5.29923e-05
5.29923e-05
5.29923e-05
5.29923e-05
5.29923e-05
5.29923e-05
5.29923e-05
5.29923e-05
5.29923e-05
5.29923e-05
5.29923e-05
5.29923e-05
5.29923e-05
5.29923e-05
5.29923e-05
5.29923e-05
5.29923e-05
5.29923e-05
5.29923e-05
5.29923e-05
5.29923e-05
5.29923e-05
5.29923e-05
5.29923e-05
5.29923e-05
5.29923e-05
5.29923e-05
5.29923e-05
5.29923e-05
5.29923e-05
5.29923e-05
5.29923e-05
5.29923e-05
5.29923e-05
5.29923e-05
5.29923e-05
5.29923e-05
5.29923e-05
5.29923e-05
5.29923e-05
5.29923e-05
5.29923e-05
5.29923e-05
5.29923e-05
5.29923e-05
5.29923e-05
5.29923e-05
5.29923e-05
5.29923e-05
5.29923e-05
5.29923e-05
5.29923e-05
5.29923e-05
5.29923e-05
5.29923e-05
5.29923e-05
5.29923e-05
5.29923e-05
5.29923e-05
5.29923e-05
5.29923e-05
5.29923e-05
5.29923e-05
5.29923e-05
5.29923e-05
5.29923e-05
5.29923e-05
5.29923e-05
5.29923e-05
5.29923e-05
5.29923e-05
5.29923e-05
5.29923e-05
5.29923e-05
5.29923e-05
5.29923e-05
5.29923e-05
5.29923e-05
5.29923e-05
5.29923e-05
5.29923e-05
5.29923e-05
5.29923e-05
5.29923e-05
5.29923e-05
5.29923e-05
5.29923e-05
5.29923e-05
5.29923e-05
5.29923e-05
5.29923e-05
5.29923e-05
5.29923e-05
5.29923e-05
5.29923e-05
5.29923e-05
5.29923e-05
5.29923e-05
5.29923e-05
5.29923e-05
5.29923e-05
5.29923e-05
5.29923e-05
5.29923e-05
5.29923e-05
5.29923e-05
5.29923e-05
5.29923e-05
5.29923e-05
5.29923e-05
5.29923e-05
5.29923e-05
5.29923e-05
5.29923e-05
5.29923e-05
5.29923e-05
5.29923e-05
5.29923e-05
5.29923e-05
5.29923e-05
5.29923e-05
5.29923e-05
5.29923e-05
5.29923e-05
5.29923e-05
5.29923e-05
5.29923e-05
5.29923e-05
5.29923e-05
5.29923e-05
5.29923e-05
5.29923e-05
5.29923e-05
5.29923e-05
5.29923e-05
5.29923e-05
5.29923e-05
5.29923e-05
5.29923e-05
5.29923e-05
5.29923e-05
5.29923e-05
5.29923e-05
5.29923e-05
5.29923e-05
5.29923e-05
5.29923e-05
5.29923e-05
5.29923e-05
5.29923e-05
5.29923e-05
5.29923e-05
5.29923e-05
5.29923e-05
5.29923e-05
5.29923e-05
5.29923e-05
5.29923e-05
5.29923e-05
5.29923e-05
5.29923e-05
5.29923e-05
5.29923e-05
5.29923e-05
5.29923e-05
5.29923e-05
5.29923e-05
5.29923e-05
5.29923e-05
5.29923e-05
5.29923e-05
5.29923e-05
5.29923e-05
5.29923e-05
5.29923e-05
5.29923e-05
5.29923e-05
5.29923e-05
5.29923e-05
5.29923e-05
5.29923e-05
5.29923e-05
5.29923e-05
5.29923e-05
5.29923e-05
5.29923e-05
5.29923e-05
5.29923e-05
5.29923e-05
5.29923e-05
5.29923e-05
5.29923e-05
5.29923e-05
5.29923e-05
5.29923e-05
5.29923e-05
5.29923e-05
5.29923e-05
5.29923e-05
5.29923e-05
5.29923e-05
5.29923e-05
5.29923e-05
5.29923e-05
5.29923e-05
5.29923e-05
5.29923e-05
5.29923e-05
5.29923e-05
5.29923e-05
5.29923e-05
5.29923e-05
5.29923e-05
5.29923e-05
5.29923e-05
5.29923e-05
5.29923e-05
5.29923e-05
5.29923e-05
5.29923e-05
5.29923e-05
5.29923e-05
5.29923e-05
5.29923e-05
5.29923e-05
5.29923e-05
5.29923e-05
5.29923e-05
5.29923e-05
5.29923e-05
5.29923e-05
5.29923e-05
5.29923e-05
5.29923e-05
5.29923e-05
5.29923e-05
5.29923e-05
5.29923e-05
5.29923e-05
5.29923e-05
5.29923e-05
5.29923e-05
5.29923e-05
5.29923e-05
5.29923e-05
5.29923e-05
5.29923e-05
5.29923e-05
5.29923e-05
5.29923e-05
5.29923e-05
5.29923e-05
5.29923e-05
5.29923e-05
5.29923e-05
5.29923e-05
5.29923e-05
5.29923e-05
5.29923e-05
5.29923e-05
5.29923e-05
5.29923e-05
5.29923e-05
5.29923e-05
5.29923e-05
5.29923e-05
5.29923e-05
5.29923e-05
5.29923e-05
5.29923e-05
5.29923e-05
5.29923e-05
5.29923e-05
5.29923e-05
5.29923e-05
5.29923e-05
5.29923e-05
5.29923e-05
5.29923e-05
5.29923e-05
5.29923e-05
5.29923e-05
5.29923e-05
5.29923e-05
5.29923e-05
5.29923e-05
5.29923e-05
5.29923e-05
5.29923e-05
5.29923e-05
5.29923e-05
5.29923e-05
5.29923e-05
5.29923e-05
5.29923e-05
5.29923e-05
5.29923e-05
5.29923e-05
5.29923e-05
5.29923e-05
5.29923e-05
5.29923e-05
5.29923e-05
5.29923e-05
5.29923e-05
5.29923e-05
5.29923e-05
5.29923e-05
5.29923e-05
5.29923e-05
5.29923e-05
5.29923e-05
5.29923e-05
5.29923e-05
5.29923e-05
5.29923e-05
5.29923e-05
5.29923e-05
5.29923e-05
5.29923e-05
5.29923e-05
5.29923e-05
5.29923e-05
5.29923e-05
5.29923e-05
5.29923e-05
5.29923e-05
5.29923e-05
5.29923e-05
5.29923e-05
5.29923e-05
5.29923e-05
5.29923e-05
5.29923e-05
5.29923e-05
5.29923e-05
5.29923e-05
5.29923e-05
5.29923e-05
5.29923e-05
5.29923e-05
5.29923e-05
5.29923e-05
5.29923e-05
5.29923e-05
5.29923e-05
5.29923e-05
5.29923e-05
5.29923e-05
5.29923e-05
5.29923e-05
5.29923e-05
5.29923e-05
5.29923e-05
5.29923e-05
5.29923e-05
5.29923e-05
5.29923e-05
5.29923e-05
5.29923e-05
5.29923e-05
5.29923e-05
5.29923e-05
5.29923e-05
5.29923e-05
5.29923e-05
5.29923e-05
5.29923e-05
5.29923e-05
5.29923e-05
5.29923e-05
5.29923e-05
5.29923e-05
5.29923e-05
5.29923e-05
5.29923e-05
5.29923e-05
5.29923e-05
5.29923e-05
5.29923e-05
5.29923e-05
5.29923e-05
5.29923e-05
5.29923e-05
5.29923e-05
5.29923e-05
5.29923e-05
5.29923e-05
5.29923e-05
5.29923e-05
5.29923e-05
5.29923e-05
5.29923e-05
5.29923e-05
5.29923e-05
5.29923e-05
5.29923e-05
5.29923e-05
5.29923e-05
5.29923e-05
5.29923e-05
5.29923e-05
5.29923e-05
5.29923e-05
5.29923e-05
5.29923e-05
5.29923e-05
5.29923e-05
5.29923e-05
5.29923e-05
5.29923e-05
5.29923e-05
5.29923e-05
5.29923e-05
5.29923e-05
5.29923e-05
5.29923e-05
5.29923e-05
5.29923e-05
5.29923e-05
5.29923e-05
5.29923e-05
5.29923e-05
5.29923e-05
5.29923e-05
5.29923e-05
5.29923e-05
5.29923e-05
5.29923e-05
5.29923e-05
5.29923e-05
5.29923e-05
5.29923e-05
5.29923e-05
5.29923e-05
5.29923e-05
5.29923e-05
5.29923e-05
5.29923e-05
5.29923e-05
5.29923e-05
5.29923e-05
5.29923e-05
5.29923e-05
5.29923e-05
5.29923e-05
5.29923e-05
5.29923e-05
5.29923e-05
5.29923e-05
5.29923e-05
5.29923e-05
5.29923e-05
5.29923e-05
5.29923e-05
5.29923e-05
5.29923e-05
5.29923e-05
5.29923e-05
5.29923e-05
5.29923e-05
5.29923e-05
5.29923e-05
5.29923e-05
5.29923e-05
5.29923e-05
5.29923e-05
5.29923e-05
5.29923e-05
5.29923e-05
5.29923e-05
5.29923e-05
5.29923e-05
5.29923e-05
5.29923e-05
5.29923e-05
5.29923e-05
5.29923e-05
5.29923e-05
5.29923e-05
5.29923e-05
5.29923e-05
5.29923e-05
5.29923e-05
5.29923e-05
5.29923e-05
5.29923e-05
5.29923e-05
5.29923e-05
5.29923e-05
5.29923e-05
5.29923e-05
5.29923e-05
5.29923e-05
5.29923e-05
5.29923e-05
5.29923e-05
5.29923e-05
5.29923e-05
5.29923e-05
5.29923e-05
5.29923e-05
5.29923e-05
5.29923e-05
5.29923e-05
5.29923e-05
5.29923e-05
5.29923e-05
5.29923e-05
5.29923e-05
5.29923e-05
5.29923e-05
5.29923e-05
5.29923e-05
5.29923e-05
5.29923e-05
5.29923e-05
5.29923e-05
5.29923e-05
5.29923e-05
5.29923e-05
5.29923e-05
5.29923e-05
5.29923e-05
5.29923e-05
5.29923e-05
5.29923e-05
5.29923e-05
5.29923e-05
5.29923e-05
5.29923e-05
5.29923e-05
5.29923e-05
5.29923e-05
5.29923e-05
5.29923e-05
5.29923e-05
5.29923e-05
5.29923e-05
5.29923e-05
5.29923e-05
5.29923e-05
5.29923e-05
5.29923e-05
5.29923e-05
5.29923e-05
5.29923e-05
5.29923e-05
5.29923e-05
5.29923e-05
5.29923e-05
5.29923e-05
5.29923e-05
5.29923e-05
5.29923e-05
5.29923e-05
5.29923e-05
5.29923e-05
5.29923e-05
5.29923e-05
5.29923e-05
5.29923e-05
5.29923e-05
5.29923e-05
5.29923e-05
5.29923e-05
5.29923e-05
5.29923e-05
5.29923e-05
5.29923e-05
5.29923e-05
5.29923e-05
5.29923e-05
5.29923e-05
5.29923e-05
5.29923e-05
5.29923e-05
5.29923e-05
5.29923e-05
5.29923e-05
5.29923e-05
5.29923e-05
5.29923e-05
5.29923e-05
5.29923e-05
5.29923e-05
5.29923e-05
5.29923e-05
5.29923e-05
5.29923e-05
5.29923e-05
5.29923e-05
5.29923e-05
5.29923e-05
5.29923e-05
5.29923e-05
5.29923e-05
5.29923e-05
5.29923e-05
5.29923e-05
5.29923e-05
5.29923e-05
5.29923e-05
5.29923e-05
5.29923e-05
5.29923e-05
5.29923e-05
5.29923e-05
5.29923e-05
5.29923e-05
5.29923e-05
5.29923e-05
5.29923e-05
5.29923e-05
5.29923e-05
5.29923e-05
5.29923e-05
5.29923e-05
5.29923e-05
5.29923e-05
5.29923e-05
5.29923e-05
5.29923e-05
5.29923e-05
5.29923e-05
5.29923e-05
5.29923e-05
5.29923e-05
5.29923e-05
5.29923e-05
5.29923e-05
5.29923e-05
5.29923e-05
5.29923e-05
5.29923e-05
5.29923e-05
5.29923e-05
5.29923e-05
5.29923e-05
5.29923e-05
5.29923e-05
5.29923e-05
5.29923e-05
5.29923e-05
5.29923e-05
5.29923e-05
5.29923e-05
5.29923e-05
5.29923e-05
5.29923e-05
5.29923e-05
5.29923e-05
5.29923e-05
5.29923e-05
5.29923e-05
5.29923e-05
5.29923e-05
5.29923e-05
5.29923e-05
5.29923e-05
5.29923e-05
5.29923e-05
5.29923e-05
5.29923e-05
5.29923e-05
5.29923e-05
5.29923e-05
5.29923e-05
5.29923e-05
5.29923e-05
5.29923e-05
5.29923e-05
5.29923e-05
5.29923e-05
5.29923e-05
5.29923e-05
5.29923e-05
5.29923e-05
5.29923e-05
5.29923e-05
5.29923e-05
5.29923e-05
5.29923e-05
5.29923e-05
5.29923e-05
5.29923e-05
5.29923e-05
5.29923e-05
5.29923e-05
5.29923e-05
5.29923e-05
5.29923e-05
5.29923e-05
5.29923e-05
5.29923e-05
5.29923e-05
5.29923e-05
5.29923e-05
5.29923e-05
5.29923e-05
5.29923e-05
5.29923e-05
5.29923e-05
5.29923e-05
5.29923e-05
5.29923e-05


-0.00717185
-0.00717185
-0.00717185
0.0220038
0.0220038
0.0220038
0.0220038
0.0220038
0.0220038
0.0220038
0.0220038
0.0220038
0.0220038
0.0497757
0.0497757
-0.0731529
-0.0731529
0.154271
0.154271
0.154271
0.154271
0.154271
0.154271
0.154271
0.154271
0.154271
0.154271
-0.226173
-0.634449
-0.401959

0.022

