0.614635
0.614635
0.614635
0.614635
0.614635
0.614635
0.614635
0.614635
0.614635
0.300503
0.300503
0.300503
0.300503
0.300503
0.300503
0.300503
0.239136
0.239136
0.239136
0.239136
0.239136
0.239136
0.211578
0.211578
0.211578
0.211578
0.211578
0.211578
0.211578
0.211578
0.211578
0.204597
0.188663
0.188663
0.188663
0.188663
0.165912
0.165912
0.165912
0.165912
0.165912
0.165912
0.165912
0.165912
0.165912
0.165912
0.165912
0.165912
0.165912
0.165912
0.165912
0.165912
0.158495
0.158495
0.158495
0.158495
0.158495
0.158495
0.158495
0.152991
0.152991
0.152991
0.152991
0.152991
0.152991
0.150791
0.150791
0.133584
0.133584
0.133584
0.133584
0.133584
0.133584
0.133584
0.133584
0.133584
0.133584
0.133584
0.133584
0.116113
0.116113
0.116113
0.116113
0.116113
0.116113
0.116113
0.116113
0.116113
0.116113
0.116113
0.116113
0.116113
0.116113
0.116113
0.116113
0.116113
0.102985
0.0718453
0.0718453
0.0718453
0.0718453
0.0718453
0.0718453
0.0718453
0.0718453
0.0718453
0.0718453
0.0342657
0.0342657
0.0342657
0.0342657
0.0342657
0.0342657
0.0303483
0.0303483
0.0303483
0.0303483
0.0303483
0.0303483
0.0303483
0.0303483
0.0303483
0.0303483
0.0303483
0.0303483
0.0303483
0.0303483
0.0303483
0.0303483
0.0303483
0.0303483
0.0303483
0.0303483
0.0303483
0.0303483
0.0303483
0.0303483
0.0303483
0.0303483
0.0303483
0.0303483
0.0303483
0.0303483
0.0303483
0.0303483
0.0303483
0.0303483
0.0303483
0.0303483
0.0303483
0.0303483
0.0303483
0.0303483
0.0303483
0.0303483
0.0303483
0.0303483
0.0303483
0.0303483
0.0303483
0.0303483
0.0303483
0.0303483
0.0303483
0.0303483
0.0303483
0.0303483
0.0303483
0.0303483
0.0303483
0.0303483
0.0303483
0.0303483
0.0303483
0.0303483
0.0303483
0.0303483
0.0303483
0.0303483
0.0303483
0.0303483
0.0303483
0.0303483
0.0303483
0.0303483
0.0303483
0.0303483
0.0303483
0.0303483
0.0303483
0.0303483
0.0303483
0.0303483
0.0303483
0.0303483
0.0303483
0.0303483
0.0303483
0.0303483
0.0303483
0.0299065
0.0299065
0.0299065
0.0299065
0.0299065
0.0299065
0.0246989
0.0246989
0.0232356
0.0232356
0.0232356
0.0232356
0.0232356
0.0232356
0.0232356
0.0232356
0.0232356
0.0232356
0.0232356
0.0232356
0.0232356
0.0232356
0.0232356
0.0232356
0.0232356
0.0232356
0.0232356
0.0232356
0.0232356
0.0193234
0.0193234
0.0193234
0.0193234
0.0193234
0.0193234
0.0193234
0.0193234
0.0193234
0.0193234
0.0193234
0.0193234
0.0193234
0.0193234
0.0136026
0.012753
0.012753
0.012753
0.012753
0.0119872
0.0119872
0.0119872
0.0119872
0.0119872
0.0119872
0.0119872
0.0119872
0.0119872
0.0119872
0.0119872
0.0119872
0.0105548
0.0105548
0.0105548
0.0105548
0.0105548
0.0105548
0.0105548
0.0105548
0.0105548
0.0105548
0.00982647
0.00982647
0.00982647
0.00982647
0.00982647
0.00982647
0.00982647
0.00982647
0.00982647
0.00982647
0.00982647
0.00982647
0.00982647
0.00982647
0.00887901
0.00887901
0.00887901
0.00887901
0.00887901
0.00886082
0.00886082
0.00886082
0.00886082
0.00886082
0.00886082
0.00886082
0.00886082
0.00886082
0.00878762
0.00878762
0.00878762
0.00878762
0.00878762
0.00878762
0.00875791
0.00875791
0.00758778
0.00758778
0.00758778
0.00758778
0.00758778
0.00758778
0.00758778
0.00758778
0.00758778
0.00758778
0.00758778
0.00758729
0.00758729
0.00655906
0.00655906
0.00655906
0.00655906
0.00655906
0.00655906
0.00655906
0.00655906
0.00655906
0.00655906
0.00655906
0.00655906
0.00655906
0.00655906
0.00655906
0.00655906
0.00655906
0.00655906
0.00655906
0.00655906
0.00650192
0.00650192
0.00650192
0.00650192
0.00650192
0.00650192
0.00650192
0.00640172
0.00640172
0.00640172
0.00640172
0.00640172
0.00640172
0.00640172
0.00640172
0.00640172
0.00640172
0.00640172
0.00640172
0.00640172
0.00640172
0.00640172
0.00640172
0.00640172
0.00640172
0.00640172
0.00640172
0.00635186
0.00635186
0.0063293
0.0063293
0.0063293
0.0063293
0.0063293
0.0063293
0.0063293
0.0063293
0.0063293
0.0063293
0.0063293
0.0063293
0.00628928
0.00628928
0.00628928
0.00628928
0.00628928
0.00628928
0.00628916
0.00628916
0.00628916
0.00628916
0.00627938
0.00626311
0.00626311
0.00626311
0.00626311
0.00626311
0.00626311
0.00626311
0.00626311
0.00626311
0.00626311
0.00626311
0.00626311
0.00626311
0.00626311
0.00626311
0.00626311
0.00626311
0.00626311
0.00626311
0.00626311
0.00626311
0.00626311
0.00626311
0.00626311
0.00626311
0.00626311
0.00626311
0.00626311
0.00626311
0.00626311
0.00626311
0.00626294
0.00626294
0.00626294
0.00626294
0.00626294
0.00626294
0.00626294
0.00626294
0.00626294
0.00626294
0.00626294
0.00626294
0.00626294
0.00626294
0.00626294
0.00626294
0.00626294
0.0062625
0.0062625
0.0062625
0.0062625
0.0062625
0.00626128
0.00626128
0.00626128
0.00626128
0.00626128
0.00626128
0.00626128
0.00626128
0.00626128
0.00626128
0.00626128
0.00626128
0.00626128
0.00626128
0.00626128
0.00626128
0.00626128
0.00626128
0.00626128
0.00626128
0.00626128
0.00626128
0.00626128
0.00626128
0.00626087
0.00626087
0.00626087
0.00626087
0.00626087
0.00626087
0.00626087
0.00626087
0.00626087
0.00626087
0.00626087
0.00626087
0.00626087
0.00626087
0.00626079
0.00626079
0.00625967
0.00625967
0.00625967
0.00625892
0.00625884
0.00625884
0.00625884
0.00625884
0.00625664
0.00625664
0.00625664
0.00625664
0.00625664
0.00625664
0.00625664
0.00625664
0.00625664
0.00625664
0.00625664
0.00625664
0.00625664
0.00625664
0.00625501
0.00625501
0.00625501
0.00625501
0.00625501
0.00625501
0.00625501
0.00625501
0.00625501
0.00625501
0.00625501
0.00625501
0.00625501
0.00625501
0.00625501
0.00625501
0.00625501
0.00625501
0.00625501
0.00603196
0.00586895
0.00586692
0.00586692
0.00586692
0.00586692
0.00586692
0.00586692
0.00586692
0.00586692
0.00586692
0.00586692
0.00586692
0.00586692
0.00586692
0.00586692
0.00586632
0.00586625
0.00586625
0.00586625
0.00586625
0.00586625
0.00586621
0.00577743
0.00577743
0.00577743
0.00577743
0.00577743
0.00577743
0.00577743
0.00577743
0.00577743
0.00577743
0.00577743
0.00577743
0.00577743
0.00577743
0.00577743
0.00577743
0.00577743
0.00577743
0.00577743
0.00577743
0.00577743
0.00577743
0.00577743
0.00577743
0.00577743
0.00577743
0.00577743
0.00577743
0.00577743
0.00577743
0.00577743
0.00577743
0.00576948
0.00576948
0.00576948
0.00576948
0.00576948
0.00576948
0.00576948
0.00576711
0.00576711
0.00576711
0.00576711
0.00576711
0.00576711
0.00576711
0.00576711
0.00576711
0.00576711
0.00576711
0.00576711
0.00576711
0.00576711
0.00576711
0.00576711
0.00576711
0.00576711
0.00576711
0.00576711
0.00576461
0.00576461
0.00576461
0.00576461
0.00576461
0.00576461
0.00576461
0.00576461
0.00576461
0.00576461
0.00576461
0.00576459
0.00576459
0.00576459
0.00576459
0.00576459
0.00454048
0.00454048
0.00454048
0.00454048
0.00454048
0.00454048
0.00454048
0.00454048
0.00454048
0.00454048
0.00454048
0.00454048
0.00454048
0.00454048
0.00454048
0.00454048
0.00454048
0.00454048
0.00454048
0.00453892
0.00453892
0.00453892
0.00453886
0.00453886
0.00453886
0.00453886
0.00453886
0.00453886
0.00453886
0.00453884
0.00453884
0.00453743
0.00453743
0.00453743
0.00453743
0.00453743
0.00453743
0.00453743
0.00453743
0.00453743
0.00453743
0.00453743
0.00453743
0.00453743
0.00453743
0.00453743
0.00453743
0.00453743
0.00453743
0.00453743
0.00453743
0.00453743
0.00453743
0.00453743
0.00453743
0.00453743
0.00453743
0.00453743
0.00453743
0.00453743
0.00453743
0.00453743
0.00453743
0.00453742
0.00453742
0.00453742
0.00453742
0.00453742
0.00453742
0.00453742
0.00453742
0.00453742
0.00453742
0.00453742
0.00453742
0.00453742
0.00453742
0.00453742
0.00453742
0.00453742
0.00453742
0.00453742
0.00453742
0.00453742
0.00453742
0.00453742
0.00453742
0.00453742
0.00453742
0.00453742
0.00453742
0.00453742
0.00453519
0.00453519
0.00453519
0.00453519
0.00453519
0.00453519
0.00453519
0.00453519
0.00453519
0.00453519
0.00453519
0.00453519
0.00453519
0.00453519
0.00453519
0.00453519
0.00453519
0.00453519
0.00453519
0.00453519
0.00453519
0.00453519
0.00453519
0.00453519
0.00453519
0.00453519
0.00453519
0.00453503
0.00453503
0.00453503
0.00453503
0.00453503
0.00453503
0.00453503
0.00453503
0.00453503
0.00453503
0.00453503
0.00453503
0.00453503
0.00453503
0.00453503
0.00453503
0.00453503
0.00453503
0.00453503
0.00453503
0.00453503
0.00453503
0.00453503
0.00453503
0.00453503
0.00453503
0.00453503
0.00453503
0.00453503
0.00453503
0.00453503
0.00453503
0.00453503
0.00453503
0.00453503
0.00453503
0.00453503
0.00453503
0.00453503
0.00453503
0.00453503
0.00453503
0.00453503
0.00453503
0.00453503
0.00453503
0.00453503
0.00453503
0.00453503
0.00453503
0.00453503
0.00453503
0.00453503
0.00453503
0.00453502
0.00453502
0.00453502
0.00453502
0.00453502
0.00453502
0.00453502
0.00453502
0.00453501
0.00453501
0.00453501
0.00453501
0.00453501
0.00453501
0.00453501
0.00453501
0.00453501
0.00453501
0.00453501
0.00453501
0.00453501
0.00453501
0.00453501
0.00453501
0.00453501
0.00453501
0.00453501
0.00453501
0.00453501
0.00453501
0.00453501
0.00453501
0.00453501
0.00453501
0.00453501
0.00453501
0.00453501
0.00453501
0.00453501
0.00453501
0.00453501
0.00453501
0.00453501
0.00453501
0.00453501
0.00453501
0.00453501
0.00453501
0.00453498
0.00453498
0.00453498
0.00453498
0.00453498
0.00453498
0.00453498
0.00453498
0.00453498
0.00453498
0.00453498
0.00453498
0.00453498
0.00453498
0.00453498
0.00453498
0.00453498
0.00453498
0.00453498
0.00453498
0.00453498
0.00453498
0.00453498
0.00453498
0.00453498
0.00453498
0.00453498
0.00453498
0.00453498
0.00453498
0.00453498
0.00453498
0.00453498
0.00453498
0.00453498
0.00453498
0.00453498
0.00453498
0.00453498
0.00453498
0.00453498
0.00453498
0.00453498
0.00453498
0.00453498
0.00453498
0.00453498
0.00453498
0.00453498
0.00453498
0.00453498
0.00453498
0.00453498
0.00453498
0.00453498
0.00453498
0.00453498
0.00453498
0.00453498
0.00453498
0.00453498
0.00453498
0.00453498
0.00453498
0.00453498
0.00453498
0.00453498
0.00453498
0.00453498
0.00453498
0.00453498
0.00453498
0.00453498
0.00453498
0.00453498
0.00453498
0.00453498
0.00453498
0.00453498
0.00453498
0.00453498
0.00453498
0.00453498
0.00453498
0.00453498
0.00453498
0.00453498
0.00453498
0.00453498
0.00453498
0.00453498
0.00453498
0.00453498
0.00453498
0.00453498
0.00453498
0.00453498
0.00453498
0.00453498
0.00453498
0.00453498
0.00453498
0.00453498
0.00453498
0.00453498
0.00453498
0.00453498
0.00453498
0.00453498
0.00453498
0.00453498
0.00453498
0.00453498
0.00453498
0.00453498
0.00453498
0.00453498
0.00453498
0.00453464
0.00453464
0.00453464
0.00453464
0.00453464
0.00453464
0.00453464
0.00453464
0.00453464
0.00453464
0.00453464
0.00453464
0.00453464
0.00453464
0.00453464
0.00453464
0.00453464
0.00453464
0.00453464
0.00453464
0.00453464
0.00453464
0.00453464
0.00453464
0.00453464
0.00453464
0.00453459
0.00453459
0.00453459
0.00453459
0.00453459
0.00453459
0.00453459
0.00453459
0.00453459
0.00453459
0.00453459
0.00453459
0.00453459
0.00453459
0.00453459
0.00453459
0.00453459
0.00453459
0.00453459
0.00453459
0.00453459
0.00453459
0.00453459
0.00453459
0.00453459
0.00453459
0.00453459
0.00453459
0.00453459
0.00453459
0.00453459
0.00453459
0.00453459
0.00453459
0.00453459
0.00453459
0.00453459
0.00453459
0.00453459
0.00453459
0.00453459
0.00453459
0.00453459
0.00453459
0.00453459
0.00453459
0.00453459
0.00453459
0.00453459
0.00453459
0.00453459
0.00453459
0.00453459
0.00453459
0.00453459
0.00453459
0.00453459
0.00453459
0.00453459
0.00453459
0.00453459
0.00453459
0.00453459
0.00453459
0.00453459
0.00453459
0.00453459
0.00453459
0.00453459
0.00453459
0.00453459
0.00453459
0.00453459
0.00453459
0.00453459
0.00453459
0.00453459
0.00453459
0.00453459
0.00453459
0.00453459
0.00453459
0.00453459
0.00453459
0.00453459
0.00453459
0.00453459
0.00453459
0.00453459
0.00453459
0.00453459
0.00453459
0.00453459
0.00453459
0.00453459
0.00453459
0.00453459
0.00453459
0.00453459
0.00453459
0.00453459
0.00453459
0.00453459
0.00453459
0.00453459
0.00453459
0.00453459
0.00453459
0.00453459
0.00453459
0.00453459
0.00453459
0.00453459
0.00453404
0.00453404
0.00453404
0.00453404
0.00453404
0.00453404
0.00453404
0.00453404
0.00453404
0.00453404
0.00453404
0.00453404
0.00453404
0.00453404
0.00453404
0.00453404
0.00453404
0.00453404
0.00453404
0.00453404
0.00453404
0.00453404
0.00453404
0.00453404
0.00453404
0.00453404
0.00453404
0.00453404
0.00453401
0.00453401
0.00453401
0.00453401
0.00453401
0.00453401
0.00453401
0.00453401
0.00453401
0.00453401
0.00453401
0.00453398
0.00453398
0.00453398
0.00453398
0.00453398
0.00453398
0.00453398
0.00453398
0.00453398
0.00453398
0.00453398
0.00453398
0.00453398
0.00453398
0.00453398
0.00453398
0.00453398
0.00453398
0.00453398
0.00453398
0.00453398
0.00453398
0.00453398
0.00453398
0.00453398
0.00453398
0.00453398
0.00453398
0.00453398
0.00453398
0.00453398
0.00453398
0.00453398
0.00453398
0.00453398
0.00453398
0.00453398
0.00453398
0.00453398
0.00453398
0.00453398
0.00453398
0.00453398
0.00453398
0.00453398
0.00453398
0.00453398
0.00453398
0.00453398
0.00453398
0.00453398
0.00453398
0.00453398
0.00453398
0.00453398
0.00453398
0.00453398
0.00453398
0.00453398
0.00453398
0.00453398
0.00453398
0.00453398
0.00453398
0.00453398
0.00453398
0.00453398
0.00453398
0.00453398
0.00453398
0.00453398
0.00453398
0.00453398
0.00453398
0.00453398
0.00453398
0.00453398
0.00453398
0.00453398
0.00453398
0.00453398
0.00453398
0.00453398
0.00453398
0.00453398
0.00453398
0.00453398
0.00453398
0.00453398
0.00453398
0.00453398
0.00453398
0.00453398
0.00453398
0.00453398
0.00453398
0.00453398
0.00453398
0.00453398
0.00453398
0.00453398
0.00453398
0.00453398
0.00453398
0.00453398
0.00453398
0.00453398
0.00453398
0.00453398
0.00453398
0.00453398
0.00453398
0.00453398
0.00453398
0.00453398
0.00453398
0.00453398
0.00453398
0.00453398
0.00453398
0.00453398
0.00453398
0.00453398
0.00453398
0.00453398
0.00453398
0.00453398
0.00453398
0.00453398
0.00453398
0.00453398
0.00453398
0.00453398
0.00453398
0.00453398
0.00453398
0.00453398
0.00453398
0.00453398
0.00453398
0.00453398
0.00453398
0.00453398
0.00453398
0.00453398
0.00453398
0.00453398
0.00453398
0.00453398
0.00453398
0.00453398
0.00453398
0.00453398
0.00453398
0.00453398
0.00453398
0.00453398
0.00453398
0.00453398
0.00453398
0.00453398
0.00453398
0.00453398
0.00453398
0.00453398
0.00453398
0.00453398
0.00453398
0.00453398
0.00453398
0.00453398
0.00453398
0.00453398
0.00453398
0.00453398
0.00453398
0.00453398
0.00453398
0.00453398
0.00453398
0.00453398
0.00453398
0.00453398
0.00453398
0.00453398
0.00453398
0.00453398
0.00453398
0.00453398
0.00453398
0.00453398
0.00453398
0.00453398
0.00453398
0.00453398
0.00453398
0.00453398
0.00453398
0.00453398
0.00453398
0.00453398
0.00453398
0.00453398
0.00453398
0.00453398
0.00453398
0.00453398
0.00453398
0.00453398
0.00453398
0.00453398
0.00453398
0.00453398
0.00453398
0.00453398
0.00453398
0.00453398
0.00453398
0.00453398
0.00453398
0.00453398
0.00453398
0.00453398
0.00453398
0.00453398
0.00453398
0.00453398
0.00453398
0.00453398
0.00453398
0.00453398
0.00453398
0.00453398
0.00453398
0.00453398
0.00453398
0.00453398
0.00453398
0.00453398
0.00453398
0.00453398
0.00453398
0.00453398
0.00453398
0.00453398
0.00453398
0.00453398
0.00453398
0.00453398
0.00453398
0.00453398
0.00453398
0.00453398
0.00453398
0.00453398
0.00453398
0.00453398
0.00453398
0.00453398
0.00453398
0.00453398
0.00453398
0.00453398
0.00453398
0.00453398
0.00453398
0.00453398
0.00453398
0.00453398
0.00453398
0.00453398
0.00453398
0.00453398
0.00453398
0.00453398
0.00453398
0.00453398
0.00453398
0.00453398
0.00453398
0.00453398
0.00453398
0.00453398
0.00453398
0.00453398
0.00453398
0.00453398
0.00453398
0.00453398
0.00453398
0.00453398
0.00453398
0.00453398
0.00453398
0.00453398
0.00453398
0.00453398
0.00453398
0.00453398
0.00453398
0.00453398
0.00453398
0.00453398
0.00453398
0.00453398
0.00453398
0.00453398
0.00453398
0.00453398
0.00453398
0.00453398
0.00453398
0.00453398
0.00453398
0.00453398
0.00453398
0.00453398
0.00453398
0.00453398
0.00453398
0.00453398
0.00453398
0.00453398
0.00453398
0.00453398
0.00453398
0.00453398
0.00453398
0.00453398
0.00453398
0.00453398
0.00453398
0.00453398
0.00453398
0.00453398
0.00453398
0.00453398
0.00453398
0.00453398
0.00453398
0.00453398
0.00453398
0.00453398
0.00453398
0.00453398
0.00453398
0.00453398
0.00453398
0.00453398
0.00453398
0.00453398
0.00453398
0.00453398
0.00453398
0.00453398
0.00453398
0.00453398
0.00453398
0.00453398
0.00453398
0.00453398
0.00453398
0.00453398
0.00453398
0.00453398
0.00453398
0.00453398
0.00453398
0.00453398
0.00453398
0.00453398
0.00453398
0.00453398
0.00453398
0.00453398
0.00453398
0.00453398
0.00453398
0.00453398
0.00453398
0.00453398
0.00453398
0.00453398
0.00453398
0.00453398
0.00453398
0.00453398
0.00453398
0.00453398
0.00453398
0.00453398
0.00453398
0.00453398
0.00453398
0.00453398
0.00453398
0.00453398
0.00453398
0.00453398
0.00453398
0.00453398
0.00453398
0.00453398
0.00453398
0.00453398
0.00453398
0.00453398
0.00453398
0.00453398
0.00453398
0.00453398
0.00453398
0.00453398
0.00453398
0.00453398
0.00453398
0.00453398
0.00453398
0.00453398
0.00453398
0.00453398
0.00453398
0.00453398
0.00453398
0.00453398
0.00453398
0.00453398
0.00453398
0.00453398
0.00453398
0.00453398
0.00453398
0.00453398
0.00453398
0.00453398
0.00453398
0.00453398
0.00453398
0.00453398
0.00453398
0.00453398
0.00453398
0.00453398
0.00453398
0.00453398
0.00453398
0.00453398
0.00453398
0.00453398
0.00453398
0.00453398
0.00453398
0.00453398
0.00453398
0.00453398
0.00453398
0.00453398
0.00453398
0.00453398
0.00453398
0.00453398
0.00453398
0.00453398
0.00453398
0.00453398
0.00453398
0.00453398
0.00453398
0.00453398
0.00453398
0.00453398
0.00453398
0.00453398
0.00453398
0.00453398
0.00453398
0.00453398
0.00453398
0.00453398
0.00453398
0.00453398
0.00453398
0.00453398
0.00453398
0.00453398
0.00453398
0.00453398
0.00453398
0.00453398
0.00453398
0.00453398
0.00453398
0.00453398
0.00453398
0.00453398
0.00453398
0.00453398
0.00453398
0.00453398
0.00453398
0.00453398
0.00453398
0.00453398
0.00453398
0.00453398
0.00453398
0.00453398
0.00453398
0.00453398
0.00453398
0.00453398
0.00453398
0.00453398
0.00453398
0.00453398
0.00453398
0.00453398
0.00453398
0.00453398
0.00453398
0.00453398
0.00453398
0.00453398
0.00453398
0.00453398
0.00453398
0.00453398
0.00453398
0.00453398
0.00453398
0.00453398
0.00453398
0.00453398
0.00453398
0.00453398
0.00453398
0.00453398
0.00453398
0.00453398
0.00453398
0.00453398
0.00453398
0.00453398
0.00453398
0.00453398
0.00453398
0.00453398
0.00453398
0.00453398
0.00453398
0.00453398
0.00453398
0.00453398
0.00453398
0.00453398
0.00453398
0.00453398
0.00453398
0.00453398
0.00453398
0.00453398
0.00453398
0.00453398
0.00453398
0.00453398
0.00453398
0.00453398
0.00453398
0.00453398
0.00453398
0.00453398
0.00453398
0.00453398
0.00453398
0.00453398
0.00453398
0.00453398
0.00453398
0.00453398
0.00453398
0.00453398
0.00453398
0.00453398
0.00453398
0.00453398
0.00453398
0.00453398
0.00453398
0.00453398
0.00453398
0.00453398
0.00453398
0.00453398
0.00453398
0.00453398
0.00453398
0.00453398
0.00453398
0.00453398
0.00453398
0.00453398
0.00453398
0.00453398
0.00453398
0.00453398
0.00453398
0.00453398
0.00453398
0.00453398
0.00453398
0.00453398
0.00453398
0.00453398
0.00453398
0.00453398
0.00453398
0.00453398
0.00453398
0.00453398
0.00453398
0.00453398
0.00453398
0.00453398
0.00453398
0.00453398
0.00453398
0.00453398
0.00453398
0.00453398
0.00453398
0.00453398
0.00453398
0.00453398
0.00453398
0.00453398
0.00453398
0.00453398
0.00453398
0.00453398
0.00453398
0.00453398
0.00453398
0.00453398
0.00453398
0.00453398
0.00453398
0.00453398
0.00453398
0.00453398
0.00453398
0.00453398
0.00453398
0.00453398
0.00453398
0.00453398
0.00453398
0.00453398
0.00453398
0.00453398
0.00453398
0.00453398
0.00453398
0.00453398
0.00453398
0.00453398
0.00453398
0.00453398
0.00453398
0.00453398
0.00453398
0.00453398
0.00453398
0.00453398
0.00453398
0.00453398
0.00453398
0.00453398
0.00453398
0.00453398
0.00453398
0.00453398
0.00453398
0.00453398
0.00453398
0.00453398
0.00453398
0.00453398
0.00453398
0.00453398
0.00453398
0.00453398
0.00453398
0.00453398
0.00453398
0.00453398
0.00453398
0.00453398
0.00453398
0.00453398
0.00453398
0.00453398
0.00453398
0.00453398
0.00453398
0.00453398
0.00453398
0.00453398
0.00453398
0.00453398
0.00453398
0.00453398
0.00453398
0.00453398
0.00453398
0.00453398
0.00453398
0.00453398
0.00453398
0.00453398
0.00453398
0.00453398
0.00453398
0.00453398
0.00453398
0.00453398
0.00453398
0.00453398
0.00453398
0.00453398
0.00453398
0.00453398
0.00453398
0.00453398
0.00453398
0.00453398
0.00453398
0.00453398
0.00453398
0.00453398
0.00453398
0.00453398
0.00453398
0.00453398
0.00453398
0.00453398
0.00453398
0.00453398
0.00453398
0.00453398
0.00453398
0.00453398
0.00453398
0.00453398
0.00453398
0.00453398
0.00453398
0.00453398
0.00453398
0.00453398
0.00453398
0.00453398
0.00453398
0.00453398
0.00453398
0.00453398
0.00453398
0.00453398
0.00453398
0.00453398
0.00453398
0.00453398
0.00453398
0.00453398
0.00453398
0.00453398
0.00453398
0.00453398
0.00453398
0.00453398
0.00453398
0.00453398
0.00453398
0.00453398
0.00453398
0.00453398
0.00453398
0.00453398
0.00453398
0.00453398
0.00453398
0.00453398
0.00453398
0.00453398
0.00453398
0.00453398
0.00453398
0.00453398
0.00453398
0.00453398
0.00453398
0.00453398
0.00453398
0.00453398
0.00453398
0.00453398
0.00453398
0.00453398
0.00453398
0.00453398
0.00453398
0.00453398
0.00453398
0.00453398
0.00453398
0.00453398
0.00453398
0.00453398
0.00453398
0.00453398
0.00453398
0.00453398
0.00453398
0.00453398
0.00453398
0.00453398
0.00453398
0.00453398
0.00453398
0.00453398
0.00453398
0.00453398
0.00453398
0.00453398
0.00453398
0.00453398
0.00453398
0.00453398
0.00453398
0.00453398
0.00453398
0.00453398
0.00453398
0.00453398
0.00453398
0.00453398
0.00453398
0.00453398
0.00453398
0.00453398
0.00453398
0.00453398
0.00453398
0.00453398
0.00453398
0.00453398
0.00453398
0.00453398
0.00453398
0.00453398
0.00453398


0.023957
0.023957
0.023957
0.023957
0.023957
0.023957
0.023957
0.023957
0.023957
0.0918912
0.0918912
0.0918912
0.0918912
0.0918912
0.0918912
0.0918912
0.0918912
0.0918912
0.0918912
0.0918912
0.0918912
-0.141514
0.0918912
0.0918912
0.0918912
-0.141514
0.0918912
0.206336
-0.266884
-0.836482

0.02

