505.614
400.674
235.062
235.062
235.062
235.062
190.144
190.144
282.899
282.899
248.375
248.375
248.375
248.375
248.375
248.375
244.892
244.892
244.892
171.711
171.711
171.789
171.789
126.322
126.322
126.322
126.322
126.322
126.322
126.322
126.322
115.037
115.037
115.037
115.037
115.037
115.037
115.037
115.037
115.037
98.459
98.459
98.459
98.459
63.4103
63.4103
63.4103
63.4103
63.4103
70.9373
70.9373
70.9373
70.9373
70.9373
70.9373
70.9373
70.9373
70.9373
70.9373
70.9373
70.9373
70.9373
70.9373
70.9373
70.9373
66.83
66.83
66.83
66.83
55.5756
55.5756
55.5756
55.5756
56.8237
56.8237
56.8237
55.7924
55.7924
55.7924
55.7924
58.3415
58.3415
56.7024
56.7024
56.7024
56.7024
56.7024
38.9588
38.9588
38.9588
38.9588
42.4685
42.4685
42.4685
42.4685
42.4685
42.4685
42.4685
42.4685
42.4685
39.9573
39.9573
39.9573
39.9573
39.9573
39.9573
39.9573
39.9573
39.9573
39.9573
39.9573
39.9573
39.9573
42.4685
34.5338
34.5338
34.5338
34.5338
34.5338
34.5338
34.5338
34.5338
34.5338
34.5338
34.5338
34.5338
29.5785
29.5785
29.5785
29.1228
29.1228
29.1228
29.1228
29.1228
29.1228
29.1228
29.1228
29.1228
29.1228
29.2981
29.2981
29.2981
29.2981
29.2981
29.2981
29.2981
29.2981
27.9491
27.9491
27.9491
27.9491
27.9491
27.9491
27.9491
27.9491
27.9491
27.9491
27.9491
27.9491
27.9491
22.8388
22.8388
23.6629
23.6629
23.6629
23.6629
23.6629
23.6629
23.6629
23.6629
23.6629
23.6629
23.6629
23.6629
23.6629
23.6629
23.6629
23.6629
23.6629
23.6629
23.6629
23.6629
23.6629
23.6629
23.6629
23.6629
23.6629
23.6629
23.6629
23.6629
23.6629
23.6629
23.6629
23.6629
23.6629
23.6629
23.6629
23.6629
23.6629
23.6169
23.6169
23.6169
23.6169
23.6169
23.6169
23.6169
23.6169
22.2089
22.2089
21.9832
21.9832
24.2981
24.2981
24.2981
22.8414
22.8414
22.8414
22.8414
24.2981
24.2981
24.2981
24.2981
24.2981
24.2981
24.2981
22.0728
22.0728
22.0728
22.0728
22.0728
22.0728
21.5706
21.5706
21.5706
19.0025
19.0025
19.0025
19.0025
19.0025
17.981
17.981
17.981
17.981
17.981
18.455
18.455
18.455
18.455
18.455
18.455
18.455
18.455
18.455
18.455
18.455
18.455
18.455
18.455
18.455
18.455
18.455
18.455
18.455
18.455
18.455
18.455
18.455
18.4361
18.4361
18.4361
18.4361
20.2376
20.2376
20.2376
20.2376
20.0012
20.0012
19.9625
19.9625
19.9625
19.9625
20.0012
20.0012
17.9204
16.858
16.858
16.858
16.858
16.858
16.858
16.858
16.858
17.2425
17.2425
17.2425
17.9204
17.9204
17.9204
17.7459
17.7459
17.1566
16.7329
16.7329
16.7329
16.4693
16.4693
16.4693
16.4693
16.4693
16.4693
16.4348
16.4348
16.4348
16.4348
16.4348
16.4348
16.4348
16.4348
15.6808
15.6808
15.6808
15.6808
15.6808
15.6808
15.6808
15.6164
15.6164
15.6164
15.6164
15.6164
13.5203
13.5203
13.5203
13.5203
15.6164
15.6164
15.6164
15.6164
15.6164
15.6164
14.3374
14.3374
15.0376
15.0376
15.0376
15.0376
15.0376
15.0376
15.0376
15.0376
15.0376
15.0376
15.0376
15.0376
14.896
14.896
14.896
14.896
14.896
14.896
14.896
14.896
14.896
14.896
14.896
14.896
14.896
14.896
14.896
14.896
14.896
14.896
14.896
14.896
14.896
14.896
14.896
14.1672
14.1672
14.1672
14.1672
14.1672
14.1672
14.1672
14.1672
14.1672
14.1672
14.1672
14.1672
14.1672
14.1672
13.6791
13.6791
13.6791
13.6791
13.6791
13.6791
13.6791
13.6791
13.6791
13.6791
13.6791
13.6791
13.6791
13.6791
13.6791
13.6791
13.6791
13.6791
13.8843
13.8843
13.8843
13.8843
13.8843
13.8843
13.8843
13.8843
13.8843
13.8843
14.0058
14.0058
14.0058
14.0058
14.0058
14.0058
14.0058
14.0058
14.0058
14.0058
14.0058
13.63
13.63
13.4395
13.4395
13.4395
13.4395
13.4395
13.4395
13.4395
13.4395
13.4395
13.4395
13.4395
13.4395
13.4395
13.4395
13.4395
13.4395
13.4395
13.4395
13.4395
13.4395
13.4395
13.4395
13.4395
13.2414
13.2414
13.2414
13.2414
13.2414
13.2414
13.2414
13.2414
13.2414
13.2414
13.2414
13.2414
13.2414
13.1287
13.1287
13.1287
13.1287
13.1287
13.1287
13.1287
13.1287
13.1287
13.1287
13.1287
13.1287
13.1919
13.1919
13.1919
13.1919
13.1919
13.1919
13.1919
13.1919
13.1919
13.1919
13.1919
13.1919
13.1039
13.1039
13.1039
13.0864
13.0864
13.0864
13.0864
13.0864
13.0864
13.0864
13.0864
13.0864
13.0864
13.0864
13.0864
13.0864
13.0574
13.0574
13.0864
13.0864
13.0864
13.0864
13.0864
13.0864
13.0864
13.0864
13.0864
13.0864
13.0864
13.0864
13.0864
13.0864
13.0864
13.0565
13.0565
13.0565
13.0565
12.6532
12.6532
12.6532
12.6532
12.6532
12.6532
12.6532
12.6532
12.6532
12.6532
12.109
12.109
12.109
12.109
12.109
12.109
12.109
11.9679
11.9679
11.9679
11.9679
11.9679
12.5317
12.5317
12.5317
12.5317
12.5317
12.5317
12.5317
12.5317
12.5317
12.5317
12.5317
12.5317
12.305
12.305
12.305
12.305
12.1962
12.1962
12.1962
12.1962
12.0437
12.0437
12.0437
12.0437
12.0437
12.0437
12.0437
12.0437
12.0437
12.0437
12.0437
11.1986
11.1986
11.1986
11.1986
11.1986
11.1986
11.1986
10.7825
10.7825
10.7825
10.7825
10.7825
10.7825
10.595
10.595
10.595
10.595
10.595
10.595
10.595
10.595
10.595
10.595
10.595
10.595
10.595
10.595
10.595
10.595
10.595
10.595
10.595
10.595
10.595
10.595
10.595
10.595
10.595
10.595
10.595
10.595
10.595
11.0181
11.0181
11.0181
10.8665
10.8665
10.8665
10.8665
10.8665
10.8665
10.8665
10.8665
10.8665
10.8665
10.8665
10.6941
10.6941
10.6941
10.6941
10.6941
10.7516
10.7516
10.7176
10.7176
10.7176
10.7176
10.7176
10.7176
10.7176
10.7176
10.7176
10.7176
10.7176
10.5343
10.5343
10.5343
10.5343
10.5343
10.5343
10.5343
10.5343
10.5343
10.6571
10.6571
10.6571
10.6571
10.6571
10.6571
10.0722
10.0722
10.0722
10.0722
10.0722
10.0722
10.1
10.1
10.1
10.1
10.1
10.1
10.1
10.1
10.1
10.1
10.1
10.1
10.1
10.1
10.1
10.1
10.1
10.1
10.1
10.1
10.1
10.1
10.1
10.1
10.1
10.1
10.1
10.1
10.1
10.1
10.1
10.1
10.1
10.1
10.1
10.1
10.1
10.1
10.1
10.1
9.95762
9.95762
9.95762
9.95762
9.95762
9.95762
9.95762
9.95762
8.88086
8.88086
8.88086
8.88086
8.88086
8.88086
8.88086
8.88086
8.88086
8.88086
8.88086
8.88086
8.88086
8.88086
8.70466
8.70466
8.70466
8.70466
8.70466
8.70466
8.70466
8.70466
8.70466
8.70466
8.70466
8.70466
8.70466
8.70466
8.70466
8.70466
8.70466
8.70466
8.70466
8.70466
8.70466
8.70466
8.70466
8.70466
8.70466
8.70466
8.70466
8.70466
8.70466
8.70466
8.70466
8.70466
8.70466
8.70466
8.8478
8.8478
8.8478
8.8478
8.8478
8.8478
8.8478
8.8478
8.95025
8.95025
9.22799
9.22799
9.22799
9.22799
9.22799
9.22799
9.22799
9.22799
9.22799
9.22799
9.22799
9.22799
9.22799
9.22799
9.22799
9.27949
9.27949
9.27949
9.27949
9.34002
9.34002
9.34002
9.34002
9.34002
9.29864
9.30921
9.30921
9.30921
9.30921
9.30921
9.28315
9.28315
9.28315
9.28315
9.28315
9.28315
9.28315
9.28315
9.28315
9.28315
9.28315
9.28315
9.28315
9.28315
9.28315
9.28315
9.28315
9.28315
9.28315
9.28315
9.28315
9.28315
9.28315
9.28315
9.28315
9.28315
9.01267
9.01267
9.01267
9.01267
9.02346
9.02346
9.02346
9.02346
9.02346
9.02346
9.02346
9.02346
9.02346
9.02346
9.02346
9.02346
9.02346
9.02346
8.91293
8.91293
8.91293
8.91293
8.91293
8.97686
8.97686
8.94021
8.94021
8.94021
8.94021
8.94021
8.94021
8.94021
8.94021
9.02346
9.02346
9.02346
9.02346
9.02346
9.02346
9.02522
9.02522
9.02522
9.02522
9.02522
9.02522
9.02522
9.02522
9.02522
9.02522
9.02522
9.02522
9.02522
9.02522
9.02522
9.02522
9.02522
9.02522
9.02522
9.03725
9.03725
9.03725
9.03725
9.03725
9.03725
9.03725
9.03725
8.76448
8.76448
8.76448
8.76448
8.76448
8.76448
8.76448
8.76448
8.76448
8.76448
8.76448
8.76448
8.76448
8.76448
8.76448
8.76448
8.76448
8.76448
8.76448
8.76448
8.76448
8.76448
8.76448
8.76448
8.76448
8.76448
8.76448
8.76448
8.47936
8.47936
8.47936
8.47936
8.47936
8.47936
8.47936
8.47936
8.47936
8.47936
8.47936
8.47936
8.47936
8.47936
8.47936
8.47936
8.47936
8.47936
8.47936
8.47936
8.47936
8.47936
8.47936
8.47936
8.84006
8.84006
8.84006
8.84006
8.84006
8.84006
8.84006
8.84006
8.84006
8.84006
8.84006
8.84006
8.96369
8.96369
8.96369
8.96369
8.96369
8.96369
8.96369
8.96369
8.96369
8.96369
8.96369
8.96369
8.96369
8.96369
8.96369
8.96369
8.96369
8.96369
8.96369
8.96369
8.98617
8.98617
8.98617
8.98617
8.98617
8.98617
8.98617
8.98617
9.1257
9.1257
9.1257
9.1257
9.1257
8.6406
8.6406
8.6406
8.6406
8.35588
8.35588
8.35588
8.35588
8.35588
8.35588
8.64356
8.64356
8.64356
8.64356
8.64356
8.64356
8.64356
8.64356
8.64356
8.64356
8.64356
8.64356
7.87539
7.87539
7.87539
7.87539
7.87539
7.87539
7.87539
7.87539
7.87539
7.87539
7.84926
7.84926
7.84926
7.84926
7.84926
7.84926
7.84926
7.84926
7.84926
7.84926
7.84926
7.84926
7.84926
8.03202
8.03202
8.03202
8.03202
8.03202
8.03202
8.03202
8.03202
8.03202
8.03202
8.43672
8.38571
8.38571
8.38571
8.43672
8.43672
8.43672
8.43672
8.43672
8.43672
8.43672
8.4383
8.4383
8.4383
8.4383
8.4383
8.4383
8.415
8.415
8.415
8.415
8.415
8.415
8.415
8.415
8.415
8.415
8.415
8.415
7.85559
7.85559
7.85559
7.85559
7.85559
7.85559
7.64244
7.64244
7.64244
7.64244
7.64244
7.64244
7.64244
7.64244
7.64244
7.64244
7.64244
7.64244
7.64244
7.64244
7.64244
7.64244
7.64244
7.64244
7.45615
7.45615
7.45615
7.45615
7.45615
7.45615
7.45615
7.45615
7.45615
7.45615
7.45615
7.45615
7.45615
7.45615
7.45615
7.45615
7.45615
7.45615
7.45615
7.45615
7.45615
7.45615
7.45615
7.45615
7.45615
7.45615
7.45615
7.45615
7.45615
7.45615
7.45615
7.45615
7.45615
7.45615
7.45615
7.45615
7.45615
7.45615
7.45615
7.45615
7.61914
7.61914
7.61914
7.61914
7.61914
7.61914
7.61914
7.61914
7.61914
7.61914
7.61914
7.61914
7.61914
7.61914
7.61914
7.61914
7.61914
7.61914
7.61914
7.61914
7.61914
7.61914
7.85507
7.85507
7.85507
7.85507
7.85507
7.85507
7.85507
7.85507
7.85507
7.85507
7.85507
7.85507
7.85507
7.85507
7.85507
7.85507
7.85507
7.85507
7.85507
7.85507
7.85507
7.84401
7.84401
7.84401
7.96805
7.96805
7.44395
7.44395
7.66596
7.66596
7.66596
7.64268
7.64268
7.64268
7.64268
7.64268
7.64268
7.64268
7.64268
7.64268
7.64268
7.64268
7.64268
7.64268
7.64268
7.64268
7.64268
7.64268
7.64268
7.64268
7.64268
7.64268
7.64268
7.64268
7.64268
7.41742
7.41742
7.41742
7.41742
7.41742
7.41742
7.41742
7.84953
7.84953
7.84953
7.84953
7.84953
7.84953
7.84953
7.84953
7.84953
7.84953
7.84953
7.84953
7.84953
7.84953
7.84953
7.84953
7.84953
7.84953
7.84953
7.84953
7.84953
7.84953
7.84953
7.84953
7.84953
7.84953
7.84953
7.84953
7.84953
7.60798
7.60798
7.60798
7.60798
7.60798
7.41712
7.41712
7.41712
7.41712
7.41712
7.41712
7.41712
7.41712
7.41712
7.41712
7.3868
7.3868
7.3868
7.3868
7.3868
7.3868
7.3868
7.3868
7.3868
7.3868
7.3868
7.3868
7.3868
7.3868
7.3868
7.3868
7.3868
7.3868
7.18119
7.18119
7.18119
7.18119
7.18119
7.18119
7.18119
7.18119
7.18119
7.18119
7.18119
7.34944
7.34944
7.3627
7.3627
7.3627
7.3627
7.3627
7.3627
7.3627
7.3627
7.3627
7.3627
7.3627
7.3627
7.3627
7.3627
7.3627
7.34445
7.34445
7.34445
7.34445
7.34445
7.34445
7.34445
7.34445
7.34445
7.34445
7.34445
7.34445
7.34445
7.34445
7.34445
7.34445
7.28619
7.28619
7.28619
7.28619
7.28619
7.34445
7.34445
7.34445
7.34445
7.34445
7.34445
7.34445
7.34445
7.34445
7.34445
7.34445
7.34445
7.34445
7.34445
7.34445
7.34445
7.34445
7.34445
7.34445
7.34445
7.34445
7.34445
7.34445
7.34445
7.34445
7.34445
7.34445
7.34445
7.34445
7.34445
7.34445
7.34445
7.34445
7.34445
7.34445
7.34445
7.34445
7.34445
7.34445
7.31095
7.31095
7.31095
7.37275
7.37275
7.37275
7.3883
7.3883
7.3883
7.3883
7.3883
7.3883
7.3883
7.3883
7.3883
7.3458
7.3458
7.3458
7.3458
7.3458
7.3458
7.3458
7.3458
7.3458
7.3458
7.3458
7.3458
7.3458
7.41917
7.41917
7.41917
7.41917
7.41917
7.41917
7.41917
7.41917
7.41917
7.41917
7.41917
7.41917
7.41917
7.41917
7.41917
7.41917
7.41917
7.41917
7.41917
7.41917
7.41917
7.42753
7.42753
7.42753
7.42753
7.49141
7.49141
7.49141
7.49141
7.49141
7.49141
7.49141
7.49141
7.49141
7.49141
7.49141
7.49141
7.49141
7.49141
7.49141
7.49141
7.49141
7.49141
7.49141
7.49141
7.49141
7.49141
7.49141
7.49141
7.49141
7.49141
7.49141
7.49141
7.49141
7.49141
7.49141
7.49141
7.49141
7.49141
7.49141
7.67737
7.67737
7.67737
7.67737
7.67737
7.62212
7.62212
7.62212
7.62212
7.62212
7.62212
7.62212
7.62212
7.62212
7.62212
7.62212
7.62212
7.62212
7.62212
7.62212
7.62212
7.62212
7.62212
7.62212
7.62212
7.62212
7.62212
7.62212
7.62212
7.6431
7.6431
7.6431
7.6431
7.63321
7.63321
7.63321
7.63321
7.63321
7.63321
7.63321
7.63321
7.56829
7.56829
7.56829
7.56829
7.56829
7.56829
7.56829
7.56829
7.56829
7.56829
7.56829
7.56829
7.56829
7.56829
7.56829
7.54101
7.54101
7.54101
7.54101
7.54101
7.54101
7.54101
7.54101
7.54101
7.54101
7.54101
7.54101
7.54101
7.54101
7.54101
7.54101
7.54101
7.54101
7.54101
7.54101
7.54101
7.54101
7.54101
7.54101
7.54101
7.54101
7.54101
7.54101
7.54101
7.54101
7.54101
7.54101
7.54101
7.54101
7.54101
7.54101
7.27899
7.27899
7.27899
7.27899
7.33093
7.33093
7.50231
7.50231
7.50231
7.50231
7.50231
7.50231
7.50231
7.50231
7.50231
7.50231
7.50231
7.50231
7.50231
7.50231
7.50231
7.50231
7.50231
7.50231
7.50231
7.50231
7.50231
7.50231
7.50231
7.50231
7.50231
7.50231
7.50231
7.50231
7.50231
7.50231
7.50231
7.50231
7.50231
7.45067
7.45067
7.45067
7.45067
7.45067
7.45067
7.45067
7.45067
7.45067
7.45067
7.45067
7.45067
7.45067
7.45067
7.41409
7.41409
7.41409
7.19953
7.19953
7.21985
7.21985
7.21985
7.21985
7.21985
7.21985
7.21985
7.21985
7.21985
7.21985
7.21985
7.21985
7.21985
7.21985
7.21985
7.21985
7.21985
7.21985
7.21985
7.21985
7.21985
5.94327
5.94327
5.94327
5.94327
5.94327
5.94327
5.94327
5.94327
5.94327
5.94327
5.94327
5.94327
5.94327
5.94327
5.94327
5.94327
5.94327
5.89407
5.89407
5.89407
5.89407
5.89407
5.89407
5.89407
5.89407
5.89407
5.89407
5.89407
5.89407
5.89407
5.89407
5.89407
5.89407
5.89407
5.89407
5.89407
5.89407
5.89407
5.89407
5.89407
5.89407
5.89407
5.89407
5.89407
5.89407
5.89407
5.89407
5.89407
5.89407
5.89407
5.89407
5.89407
5.89407
5.89407
5.89407
5.89407
5.89407
5.89407
5.89407
6.05763
6.26136
6.26136
6.26136
6.26136
6.26136
6.26136
6.26136
6.26136
6.26136
6.26332
6.26332
6.26332
6.26332
6.26336
6.26336
6.26336
6.26336
6.26336
6.26336
6.26336
6.26336
6.26336
6.26336
6.26336
6.26336
6.26336
6.39567
6.39567
6.39567
6.39567
6.39567
6.39567
6.39567
6.39567
6.39567
6.39567
6.38912
6.38912
6.38912
6.38912
6.38912
6.38912
6.38912
6.38912
6.38912
6.38912
6.38912
6.38912
6.38912
6.38912
6.38912
6.38912
6.38912
6.38912
6.38912
6.38912
6.38912
6.38912
6.38912
6.38912
6.38912
6.38912
6.38912
6.38912
6.38912
6.38912
6.38912
6.38912
6.38912
6.38588
6.38588
6.38588
6.38588
6.38588
6.38588
6.38588
6.38588
6.38588
6.38588
6.38588
6.38588
6.38588
6.38588
6.38588
6.38588
6.38588
6.38588
6.38588
6.38588
6.38588
6.38588
6.38588
6.38588
6.38588
6.38588
6.38588
6.38588
6.38588
6.38588
6.38588
6.38588
6.38588
6.38588
6.38588
6.38588
6.38588
6.38588
6.38588
6.44948
6.44948
6.44948
6.6065
6.6065
6.6065
6.6065
6.6065
6.6065
6.6065
6.6065
6.6065
6.6065
6.6065
6.6065
6.6458
6.6458
6.6458
6.6458
6.6458
6.6458
6.6458
6.6458
5.95364
5.95364
5.95364
5.95364
5.95364
5.95364
5.95364
5.95364
5.95364
5.95364
5.95364
5.95364
5.95364
5.95364
6.19564
6.19564
6.19564
6.19564
6.19564
6.19564
6.19564
6.19564
6.19564
6.19564
6.19564
6.19564
6.19564
6.19564
6.19564
6.19564
6.19564
6.19564
6.19564
6.19564
6.19564
6.19564
6.19564
6.19564
6.19564
6.24797
6.24797
6.24797
6.24797
6.24797
6.24797
6.24797
6.24797
6.24797
6.24797
6.24797
6.24797
6.24797
6.24797
6.24797
6.25897
6.21151
6.21151
6.21151
6.21151
6.21151
6.21151
6.21151
6.21151
6.21151
6.21151
6.21151
6.21151
6.21151
6.21151
6.18973
6.18973
6.18973
6.18973
6.18973
6.18973
6.18973
6.03669
6.03669
6.03669
6.03669
6.03669
6.03669
5.86756
5.87087
5.87087
5.87087
5.87087
5.87087
5.87087
5.87087
5.90763
5.90763
5.90763
5.90763
5.90763
5.90763
5.90763
5.90763
5.90763
5.90763
5.90763
5.90763
5.90763
5.90763
5.90763
5.90763
5.90763
5.90763
5.90763
5.90763
5.90763
5.90763
5.90763
5.90763
5.90763
5.90763
5.93688
5.93688
5.93688
5.93688
5.93688
5.93688
5.93688
5.93688
5.93688
5.93688
5.93688
5.93688
5.93688
5.93688
5.93688
5.93688
5.93688
5.93688
5.93688
5.93688
5.98029
5.98029
5.98029
5.98029
5.9877
5.9877
5.9877
5.9877
5.9877
5.9877
5.9877
5.9877
5.9877
5.9877
5.9877
5.9877
5.9877
5.9877
5.9877
5.9877
5.99701
5.99701
5.99701
5.99701
5.99701
5.99701
5.99701
5.99701
5.81233
5.81233


-23.9637
-15.8591
-2.52003
29.8674
17.2491
5.26815
-3.49237
-15.6112
-24.0882
-41.4564
-56.017
-45.4878
-33.087
-33.5073
-16.8125
-7.86475
0.370538
0.791467
-1.69248
1.89892
6.61338
-9.2848
-7.80011
-13.0681
-4.31946
4.48472
-2.02588
-35.8915
-66.7532
-26.8357

0.025

