2663.07
2663.07
2498.99
2016.06
2016.06
2016.06
2016.06
2016.06
2016.06
1853.78
1853.78
1853.78
1853
1876.29
1876.29
1876.29
1876.29
1876.29
1947.87
1947.87
1947.87
1842.05
1842.05
1842.05
1842.05
1842.05
1842.05
1842.05
1842.05
1842.05
1586.21
1419.53
1419.53
1419.53
1419.53
1537.96
1395.92
1395.92
1395.92
1395.92
1391.82
1282.57
1282.57
1282.57
1282.57
1282.57
1282.57
1282.57
1212.33
1212.33
1212.33
1212.33
1212.33
1201.48
1201.48
1144.74
1144.74
1144.74
1201.48
1201.48
1150.62
1150.62
1150.62
1150.62
1150.62
1150.62
1150.62
1150.62
1102.26
1102.26
1102.26
1096.13
1096.13
1102.26
1102.26
1102.26
1119.49
1119.49
1119.49
1119.49
1119.49
1106.33
1106.33
1106.33
1106.33
1119.87
1119.87
1119.87
1031.87
1031.87
998.998
998.998
998.998
964.896
964.896
964.896
964.896
964.896
964.896
952.307
952.307
952.307
898.302
898.302
898.302
898.302
898.302
955.332
955.332
955.332
843.387
843.387
843.387
843.387
843.387
843.387
843.387
823.411
823.411
808.68
808.68
808.68
808.68
808.68
805.011
805.011
808.68
808.68
822.422
822.422
822.422
822.422
822.422
676.292
676.292
676.292
670.272
670.272
676.292
676.292
676.292
676.292
631.857
631.857
631.857
631.857
631.857
631.857
631.857
631.857
631.857
631.857
631.857
631.857
490.432
490.432
490.432
617.559
617.559
617.559
591.613
591.613
591.613
591.613
591.613
591.613
591.613
528.616
528.616
528.616
528.616
528.616
416.165
416.165
416.165
416.165
416.165
416.165
416.165
416.165
416.165
416.165
522.794
522.794
510.001
510.001
510.001
510.001
407.974
407.974
407.974
407.974
407.974
407.974
407.974
407.974
407.974
407.974
407.974
407.974
407.974
407.974
407.974
407.974
407.974
407.974
407.974
407.974
407.974
407.974
392.586
392.586
392.586
392.586
381.657
381.657
381.657
381.657
381.657
404.005
404.005
404.005
404.005
404.005
404.005
404.005
404.005
404.005
404.005
404.005
404.005
404.005
404.005
365.388
365.388
365.388
365.388
365.388
365.388
365.388
365.388
365.388
365.388
365.388
365.388
382.596
365.388
365.388
365.388
365.388
365.388
366.937
366.937
365.388
365.388
365.388
306.275
306.275
306.275
305.671
305.671
305.671
295.118
295.118
295.118
295.118
295.118
295.118
295.118
295.118
295.118
295.118
295.118
295.118
295.118
295.118
305.594
305.594
305.594
300.684
300.684
305.594
305.594
305.594
305.594
305.594
305.594
305.594
305.594
280.936
280.936
280.936
280.936
280.936
280.936
268.143
268.143
268.143
268.143
268.143
268.143
268.143
268.143
268.143
268.143
268.143
268.143
268.143
268.143
268.143
268.143
268.143
268.143
268.143
268.143
268.143
329.753
272.286
272.286
277.064
272.286
272.286
272.286
272.286
272.286
272.286
272.286
272.286
303.617
303.617
303.617
303.617
303.617
303.617
303.617
278.46
278.46
278.46
274.65
274.65
274.65
274.65
274.65
274.65
274.65
274.65
265.811
237.759
237.759
237.759
237.759
237.759
237.759
237.759
237.759
212.958
212.958
212.958
212.958
212.958
212.958
212.958
212.958
212.958
212.958
237.758
220.681
220.681
220.681
220.681
220.681
203.856
203.856
219.917
219.917
219.917
219.917
219.917
219.917
219.917
219.917
219.917
219.917
219.917
219.917
215.159
215.159
215.159
215.159
215.159
215.159
219.917
219.917
219.917
219.917
219.917
219.917
219.917
219.917
243.726
243.726
243.726
240.895
240.895
240.895
240.895
263.146
263.146
263.146
249.155
249.155
249.155
249.155
249.155
260.937
260.937
247.568
247.568
247.568
247.568
247.568
247.568
247.568
247.568
247.568
247.568
247.568
247.568
247.568
247.568
247.568
247.568
247.568
247.568
247.568
247.568
247.568
247.568
247.568
247.568
247.568
252.121
252.121
252.121
238.195
238.195
238.195
238.195
237.139
237.139
237.139
237.139
237.139
237.139
237.139
237.139
216.869
216.869
216.869
216.869
229.607
206.289
229.607
218.231
218.231
218.231
218.231
207.02
207.02
207.02
219.804
219.804
217.514
217.514
217.514
217.514
217.514
217.514
217.514
190.794
190.794
190.794
190.794
190.794
190.794
190.794
190.794
190.794
190.794
201.289
201.289
201.289
201.289
215.493
215.493
215.493
215.493
215.493
211.914
211.914
211.914
211.914
211.914
193.167
193.167
193.167
193.167
193.167
193.167
193.167
193.167
193.167
193.167
193.167
194.612
194.612
194.612
194.612
194.612
194.612
194.612
181.501
181.501
181.501
181.501
181.501
181.501
181.501
186.689
186.689
186.689
186.689
186.689
181.97
193.132
189.48
189.48
189.48
189.48
189.48
174.614
174.614
174.614
174.614
166.414
166.414
166.414
166.414
166.414
166.414
166.414
166.414
166.414
160.396
160.396
160.396
160.396
160.396
160.396
160.396
160.396
160.396
160.396
160.396
160.396
160.396
160.396
160.396
160.396
160.396
160.396
160.396
160.396
160.396
160.396
160.396
160.396
298.226
298.226
298.226
313.65
313.65
329.797
223.676
213.568
213.568
213.568
213.568
213.568
213.568
219.464
219.464
219.464
195.505
195.505
185.585
185.585
185.585
185.585
185.585
185.373
185.373
185.373
185.373
185.373
185.373
185.373
185.373
185.373
185.373
187.527
187.527
187.527
136.698
136.698
136.698
136.698
136.698
191.361
191.361
191.361
191.361
191.361
191.361
191.361
191.361
191.603
191.603
191.603
188.399
188.399
188.399
188.399
182.624
182.624
182.624
188.399
191.603
197.527
197.527
197.527
197.527
197.527
197.527
220.067
220.067
220.067
220.067
220.067
220.067
190.873
190.873
213.656
213.656
213.656
213.656
213.656
213.656
213.656
213.656
213.656
156.499
156.499
156.499
156.499
156.499
156.499
156.499
156.499
156.499
156.499
176.737
176.737
176.737
176.737
176.737
176.737
176.737
176.737
176.737
176.737
176.737
176.737
176.737
176.737
176.737
176.737
176.737
223.79
223.79
231.535
231.535
231.535
231.535
231.535
231.535
231.535
216.073
216.073
216.073
216.073
216.073
216.073
216.073
216.073
171.807
171.807
146.039
146.039
146.039
146.039
143.077
143.077
143.077
143.077
143.077
143.077
143.077
143.077
143.077
143.077
119.509
119.509
119.509
119.509
119.509
119.509
119.509
119.509
119.509
119.509
119.509
119.509
119.509
119.509
119.509
119.509
149.746
149.746
149.746
149.746
168.577
168.577
168.577
168.577
168.577
168.577
161.909
161.909
161.909
138.796
138.796
138.796
138.796
138.796
149.109
161.909
208.905
208.905
208.905
202.805
202.805
145.25
145.25
145.25
149.988
149.988
149.988
149.988
180.973
180.973
159.114
159.114
159.114
139.236
139.236
139.236
139.236
139.236
139.236
139.236
139.236
139.236
139.236
139.236
139.236
139.236
139.236
139.236
139.236
139.236
152.123
155.022
155.022
155.022
155.022
155.022
131.453
131.453
131.453
131.453
131.453
131.453
131.453
131.453
131.453
131.453
155.022
155.022
151.857
151.857
151.857
155.022
157.166
157.166
139.046
139.046
139.046
139.046
157.166
157.166
157.166
157.166
157.166
129.035
129.035
129.035
129.035
129.035
129.035
129.035
157.166
176.574
176.574
176.574
176.574
176.574
176.574
176.574
176.574
180.456
180.456
180.456
180.456
180.456
177.032
177.032
177.032
177.032
177.032
176.688
227.375
227.375
154.88
154.88
238.717
238.717
238.717
225.589
225.589
225.589
217.477
217.477
217.477
217.477
217.477
152.893
152.893
217.477
217.477
217.477
217.477
217.887
217.887
217.887
172.659
172.659
172.659
172.659
172.659
182.773
182.773
182.773
166.625
166.625
166.625
166.625
166.625
165.913
165.913
160.773
160.773
160.773
165.913
165.913
165.913
165.913
165.913
165.913
161.553
161.553
158.691
158.691
158.691
158.691
158.691
158.691
158.691
158.691
158.691
158.691
158.691
158.691
158.691
158.691
158.691
158.691
158.691
158.691
158.691
158.691
158.691
158.691
158.691
158.691
158.691
157.131
157.131
142.127
142.127
142.127
142.127
142.127
151.772
151.772
151.772
151.772
153.146
153.146
153.146
153.146
153.146
153.146
153.146
153.146
152.636
152.636
152.636
152.636
152.636
152.636
152.636
152.636
147.465
147.465
147.465
147.465
147.465
147.465
147.465
154.705
154.705
154.705
154.705
154.705
154.705
154.705
154.705
154.705
154.705
148.343
148.343
148.343
148.343
148.343
148.343
148.343
156.65
156.65
156.65
156.65
156.65
156.65
156.65
163.113
163.113
163.113
177.926
177.926
177.926
177.926
152.543
152.543
152.543
152.543
152.543
152.543
152.543
152.543
152.543
152.543
127.978
127.978
127.978
127.978
127.978
127.978
127.978
127.978
125.833
125.833
125.833
125.833
125.833
125.833
125.833
125.833
125.833
125.833
125.833
125.833
125.833
125.833
129.659
129.659
129.659
131.774
131.774
131.774
135.392
135.392
135.392
135.392
135.392
135.392
131.774
131.774
131.679
131.679
131.679
131.679
131.679
131.679
135.297
135.297
135.297
135.297
135.297
135.297
139.639
139.639
139.639
139.639
139.639
139.639
162.539
162.539
162.539
162.539
162.539
162.539
162.539
162.539
132.88
132.88
132.88
132.88
149.227
149.227
132.089
132.089
134.44
134.44
134.44
134.44
134.44
134.44
132.089
132.089
132.089
132.88
132.88
132.88
132.88
132.88
132.88
132.88
132.88
132.88
132.88
132.88
132.88
132.88
132.88
131.774
131.774
157.636
180.86
180.86
180.86
132.003
132.003
132.003
132.003
132.003
132.003
132.003
132.003
132.003
132.003
132.003
132.003
132.003
132.003
132.003
132.003
131.217
131.217
133.562
133.562
133.562
134.749
134.749
134.749
134.749
134.749
134.749
141.025
141.025
141.025
141.025
141.025
141.025
138.583
138.583
138.583
138.583
141.025
141.025
141.025
141.025
141.025
141.025
172.646
172.646
172.646
172.646
172.646
159.776
159.776
159.776
159.776
127.726
122.827
122.827
122.827
122.64
122.64
122.64
122.64
115.981
115.981
115.981
115.981
115.981
115.981
115.981
115.981
115.981
115.981
115.981
115.981
115.981
115.981
115.981
115.981
115.981
115.981
115.981
115.981
140.823
140.823
140.823
140.823
172.831
172.831
172.831
172.831
172.831
172.831
134.713
134.713
134.713
134.713
134.713
134.713
134.713
134.713
134.713
134.713
134.713
145.096
145.096
145.096
145.096
145.096
145.096
145.096
145.096
154.137
154.137
154.137
164.36
164.36
164.36
164.36
164.36
164.36
132.849
132.849
132.849
132.849
132.849
132.849
132.849
132.849
159.605
159.605
159.605
159.605
159.605
159.605
159.605
159.605
159.605
159.605
159.605
159.605
159.605
159.605
138.002
138.002
138.002
138.002
138.002
155.777
155.777
155.777
136.607
136.607
136.607
136.607
136.607
136.607
133.98
133.98
133.98
133.98
133.98
133.98
133.98
133.98
133.98
126.989
126.989
126.989
132.732
132.732
132.732
132.569
132.569
132.569
132.732
132.732
132.732
132.732
132.732
132.732
132.732
132.732
132.732
132.732
132.732
132.732
132.732
132.732
163.779
163.779
141.669
141.669
141.669
116.8
106.215
106.215
106.215
106.215
127.608
127.608
127.608
127.608
105.955
102.739
102.739
96.629
96.629
96.629
96.629
96.629
96.629
96.629
96.629
96.629
96.629
96.629
96.629
96.629
96.629
96.629
96.629
96.629
96.629
96.629
95.2274
95.2274
96.629
96.629
96.629
96.629
96.629
86.9089
96.629
119.583
119.573
119.573
119.573
119.573
119.583
119.583
119.583
98.9069
98.9069
98.9069
98.9069
98.9069
122.534
122.534
122.534
122.534
130.035
130.035
130.035
130.035
130.035
130.035
130.035
130.035
130.035
136.661
136.661
132.761
132.761
132.761
132.761
132.761
132.761
134.579
125.459
125.459
125.459
125.459
125.459
125.459
125.459
134.579
131.009
131.009
131.009
131.009
123.074
123.074
123.074
123.074
123.074
123.074
123.074
123.074
123.074
123.074
123.074
123.074
123.074
111.906
111.906
111.906
111.906
124.221
124.221
124.221
112.01
112.01
112.01
112.01
112.01
112.01
112.01
112.01
112.01
112.01
112.01
112.01
112.01
119.062
119.062
119.062
119.062
119.062
119.062
117.047
117.047
117.047
117.047
117.047
117.047
117.047
126.944
116.26
116.26
116.26
126.944
126.944
126.944
126.944
126.944
114.432
114.432
114.432
114.432
117.08
89.4527
117.08
117.08
103.19
103.19
103.19
103.19
102.003
102.003
102.003
97.9562
102.003
102.003
97.2234
97.2234
97.2234
97.2234
96.899
96.899
96.899
96.899
96.899
97.6216
97.6216
97.5547
115.275
115.275
115.275
115.275
115.275
115.275
84.5243
84.5243
84.5243
84.5243
84.5243
84.5243
84.5243
88.6497
88.6497
88.6497
88.6497
88.6497
88.6497
88.6497
92.3928
92.3928
92.3928
92.3928
92.3928
92.3928
92.3928
93.174
94.8144
94.8144
94.8144
94.8144
103.658
103.658
103.658
103.658
103.658
103.658
103.658
103.658
103.658
103.658
103.658
103.658
103.658
103.658
103.658
103.658
103.658
130.291
130.291
130.291
130.291
130.291
130.291
130.291
130.291
130.291
132.739
132.739
98.8356
84.2539
84.2539
84.2539
84.2539
84.2539
84.2539
84.2539
84.2539
84.2539
84.2539
84.2539
84.2539
90.4046
90.4046
90.4046
90.4046
90.4046
90.4046
90.4046
123.143
123.143
123.143
123.143
122.178
122.178
122.178
140.772
140.772
140.772
140.772
140.772
124.425
122.706
122.706
122.706
122.706
122.706
122.706
122.706
131.012
131.012
131.012
176.442
176.442
176.442
176.442
176.442
176.442
172.432
172.432
169.635
169.635
169.635
153.158
153.158
153.158
151.694
146.201
146.201
146.201
146.201
146.201
146.201
146.201
146.201
119.252
104.994
103.826
103.826
103.826
103.826
103.826
103.826
103.826
103.826
103.826
103.826
103.826
103.826
103.826
103.826
103.826
103.826
103.826
103.826
103.826
103.826
103.826
106.604
90.7057
90.7057
90.7057
90.7057
90.7057
90.7057
90.7057
90.7057
90.7057
90.7057
90.7057
90.7057
90.7057
90.7057
90.7057
103.826
103.826
126.091
161.014
166.089
166.089
186.532
186.532
183.957
165.606
165.606
165.606
165.606
165.606
165.606
165.606
165.606
209.882
209.882
209.882
224.365
229.25
229.25
229.25
229.25
229.25
233.849
233.849
215.041
215.041
164.045
164.045
164.045
173.633
156.603
156.603
156.603
156.603
156.603
118.383
118.383
118.383
118.383
118.383
130.835
130.835
104.61
104.61
104.61
119.764
119.764
119.764
119.764
119.764
119.764
119.764
111.268
111.268
111.268
111.268
111.268
111.268
99.1315
99.1315
99.1315
99.1315
99.1315
99.1315
99.1315
99.1315
111.742
111.742
111.742
111.742
111.742
111.742
111.742
111.742
113.688
113.688
113.688
113.688
113.688
113.688
94.0262
94.0262
94.0262
94.0262
94.0262
94.0262
94.0262
94.0262
94.0262
101.913
101.913
96.1423
80.4599
80.4599
80.4599
80.4599
80.4599
93.6764
93.6764
93.6764
93.6764
93.6764
93.6764
93.6764
96.1423
96.1423
96.1423
95.283
95.283
95.283
94.3578
94.3578
94.3578
94.3578
95.283
95.283
95.283
95.283
95.283
88.9898
88.9898
88.9898
78.8226
78.8226
78.8226
78.8226
77.4335
77.4335
77.4335
77.4335
77.4335
77.4335
77.4335
77.4335
77.4335
77.4335
77.4335
77.4335
77.4335
77.4335
77.4335
77.4335
89.2895
89.2895
89.2895
89.2895
89.2895
87.6522
83.6025
83.6025
83.6025
83.6025
83.6025
83.6025
83.6025
83.6025
83.6025
87.6522
87.6522
89.0413
89.0413
89.0413
89.0413
97.6881
97.5843
97.5843
97.5843
97.5843
97.5843
97.5843
97.5843
113.702
113.702
113.702
113.702
129.549
129.549
110.284
88.7091
88.7091
88.7091
88.7091
88.7091
88.7091
109.218
109.218
109.218
110.855
110.855
110.855
110.855
110.855
110.855
110.855
156.106
126.692
126.692
126.692
126.692
156.106
156.106
157.595
157.595
186.195
167.772
167.772
167.772
183.502
170.621
170.621
170.621
170.621
170.621
176.041
111.864
111.864
111.864
111.864
111.864
111.864
105.895
105.895
105.895
95.6766
95.6766
95.6766
95.6766
95.6766
95.6766
95.6766
95.6766
108.848
111.864
111.864
111.864
111.864
137.963
137.963
137.963
137.963
137.963
137.963
137.963
137.963
137.963
137.963
137.963
137.963
137.963
137.963
153.426
153.426
153.426
122.484
122.484
122.484
122.484
122.484
122.484
122.484
122.484
122.484
122.484
122.484
118.703
118.703
118.703
118.703
96.897
96.897
96.897
96.897
96.897
96.897
161.241
143.613
143.613
143.613
143.529
143.529
142.442
142.442
142.442
142.442
132.235
132.235
132.235
132.235
132.235
132.235
142.442
142.442
142.442
147.389
147.389
147.389
147.389
154.824
154.824
154.824
154.824
154.824
154.824
154.824
126.748
126.748
126.748
126.748
126.748
126.748
126.748
126.748
126.748
126.748
128.765
128.765
128.765
129.833
129.833
129.833
129.833
129.833
150.294
150.294
150.294
150.294
150.294
122.917
122.917
122.917
107.112
107.112
107.112
122.917
122.917
133.084
133.084
133.084
133.084
113.28
113.28
113.28
113.28
113.28
113.28
113.28
150.699
150.699
152.435
152.435
152.435
152.435
152.435
152.435
152.435
152.435
152.435
147.06
147.06
147.06
147.06
147.06
147.06
147.06
132.409
132.409
132.409
132.409


-0.383605
1.19457
-0.6283
-0.806743
0.309853
0.119222
0.0689084
-0.0673458
0.0770336
-0.398606
0.407981
-0.693927
-0.540485
-0.113597
-0.339542
-0.147036
0.206725
-0.189225
-0.343292
0.20985
0.0851588
0.540173
-0.508609
-0.0542204
-0.29204
0.202037
0.055783
-0.000781274
0.6283
-0.87362

0.022

