168.191
168.191
168.191
168.191
123.829
123.829
123.829
86.2725
86.2725
81.2925
81.2925
81.2925
81.2925
77.1437
77.1437
77.1437
77.1437
77.1437
77.1437
77.1437
77.1437
77.1437
62.8928
62.8928
62.8928
62.8928
62.8928
62.8928
62.8928
62.8928
57.8445
57.8445
57.8445
57.8445
57.8445
57.2953
57.2953
57.2953
57.2953
57.2953
52.8672
52.8672
52.8672
52.8672
52.8672
52.8672
52.8672
52.8672
52.8672
52.8672
52.8672
52.8672
52.8672
52.8672
43.2789
43.2789
43.2789
43.2789
43.2789
43.2789
43.2789
43.2789
43.2789
43.2789
43.2789
40.3781
40.3781
40.3781
39.806
39.4618
39.4618
39.4618
39.4618
39.4618
39.4618
39.4618
39.4558
39.4558
39.4558
39.4558
39.4558
39.4558
39.4558
39.4558
39.4558
39.2019
39.2019
39.2019
39.2019
39.2019
39.2019
39.2019
39.2019
39.2019
39.1175
36.2372
36.2372
36.2372
30.4121
30.4121
30.4121
30.4121
30.4121
30.4121
30.4121
30.4121
30.4121
30.4121
30.4121
30.4121
30.4121
30.4121
30.4121
30.4121
30.4121
30.4121
29.9912
29.9912
29.9912
29.9912
29.9912
28.1277
28.1277
28.1277
27.1808
27.1808
27.1808
27.1808
27.1808
27.1808
27.1808
27.1808
27.1808
27.1808
27.1808
27.1808
27.1808
27.1808
27.1808
27.1808
25.9817
25.9817
25.9817
25.9817
25.9817
25.9817
25.9817
25.9817
25.9817
25.9724
25.9724
25.9724
25.9724
24.6539
24.6539
24.5496
24.5496
24.5496
24.5496
24.5496
24.5496
24.5496
24.5496
24.5496
24.5496
24.5496
24.5496
24.5496
24.5496
24.5496
24.5496
24.5496
24.5496
24.5496
24.5496
24.5496
24.5496
24.5496
24.5496
24.5496
24.5496
24.5496
24.5496
24.5496
24.5496
24.5496
24.5377
24.5377
24.5377
24.1656
23.9893
23.9893
23.9893
23.9893
23.7671
23.7671
23.7671
23.7671
23.7671
23.7671
23.7629
23.7629
23.7629
23.7629
20.8829
20.8829
20.8829
20.8829
20.8829
20.8829
20.8829
20.8829
20.8829
20.8829
20.8829
20.8829
20.8829
20.8126
20.8126
20.8126
20.8126
20.8126
20.8126
20.8126
20.8126
20.8126
20.8126
20.8126
20.8126
20.5895
20.5895
20.5895
20.5895
20.5895
20.5895
20.5895
20.5888
20.5888
20.5888
20.5888
20.5888
17.8904
17.756
17.756
17.756
17.756
17.0811
17.0811
17.0811
17.0811
17.0811
17.0811
17.0811
17.0811
17.0811
17.0811
17.0811
17.0811
17.0811
17.0811
17.0811
17.0811
17.0811
17.0811
17.0811
17.0811
17.0805
17.0805
17.0805
17.0805
17.0805
17.0805
17.0805
17.0805
17.0805
17.0805
17.0805
17.0805
17.0805
16.7037
16.7037
16.7037
16.7037
16.7037
16.7037
16.7037
16.7037
16.7037
16.7037
16.7037
16.7037
16.7037
16.7037
16.7037
16.7037
16.7037
16.7037
14.4078
14.4078
14.4078
14.4078
14.4078
14.4078
14.4078
14.4078
14.4078
14.4078
14.2252
14.2252
14.2252
14.2252
14.2252
14.2252
14.2252
14.2252
14.2252
14.2252
14.2252
14.2252
14.2252
14.2252
14.2252
14.2252
14.2252
14.2252
14.2252
14.2252
14.2252
14.2252
14.2252
14.2252
14.2252
14.2252
14.2252
14.2252
14.2252
14.2252
14.2252
13.5113
13.5113
13.5113
13.5113
13.5113
13.5113
13.5113
13.5113
13.5113
13.5113
13.4986
13.4986
13.4986
13.4986
13.4986
13.4986
13.4986
13.4986
13.4986
13.4986
13.4986
13.4986
13.4986
13.4986
13.4986
13.4986
13.4986
13.4986
13.4986
13.4986
13.4791
13.4791
13.3526
13.3526
13.3526
13.1756
13.1756
13.1756
13.1756
13.1756
13.1756
13.0882
13.0882
13.0882
13.0882
13.0525
13.0525
13.0525
13.0525
12.9348
12.9348
12.9348
12.9145
12.7811
12.7134
12.7134
12.7134
11.5514
11.5514
11.5514
11.5514
11.5514
11.5514
11.5514
11.5514
11.5514
11.5514
11.5514
11.5514
11.5514
11.5514
11.5514
11.5514
11.5514
11.5514
11.5514
11.5298
11.5298
11.5298
11.5298
11.4223
11.4223
11.4223
11.4223
11.4223
11.4223
11.4223
11.4223
11.4223
11.4223
11.4223
11.4223
11.4223
11.0777
11.0777
11.0777
11.0777
11.0777
11.0777
11.0777
11.0777
11.0777
11.0777
11.0777
11.0777
11.0777
11.0777
11.0777
11.0777
10.5953
10.5953
10.5953
10.5953
10.5953
10.5953
10.5953
10.5953
10.5953
10.5953
10.5953
10.5953
10.5953
10.5953
10.5953
10.5953
10.5953
10.5953
10.5953
10.5953
10.5953
10.5953
10.5953
10.5953
10.5953
10.3602
10.3602
10.3602
10.3602
10.3602
10.3602
10.3602
10.3602
10.3602
10.3602
10.3602
10.3602
10.3602
10.3602
10.3602
10.3602
10.3602
10.3602
10.3602
10.3602
10.3602
8.83042
8.83042
8.83042
8.83042
8.83042
8.83042
8.83042
8.83042
8.83042
8.83042
8.83042
8.83042
8.83042
8.83042
8.83042
8.83042
8.83042
8.83042
8.83042
8.83042
8.83042
8.83042
8.83042
8.83042
8.83042
8.83042
8.83042
8.83042
8.83042
8.83042
8.83042
8.83042
8.83042
8.683
8.683
8.683
8.683
8.683
8.683
8.683
8.683
8.683
8.683
8.683
8.683
8.683
8.683
8.683
8.683
8.683
8.683
8.683
8.683
8.683
8.683
8.683
8.683
8.683
8.64065
8.64065
8.64065
8.64065
8.63377
8.63377
8.63377
8.63377
8.63377
8.63377
8.63377
8.63377
8.63377
8.63377
8.63377
8.63377
8.63377
8.63377
8.63377
8.63377
8.63377
8.63377
8.63377
8.63377
8.63377
8.63377
8.63377
8.63377
8.63377
8.63377
8.63377
8.63377
8.63377
8.63333
8.63333
8.60255
8.60255
8.60255
8.60255
8.60255
8.60255
8.60255
8.60255
8.60255
8.60255
8.60255
8.60255
8.60255
8.60255
8.60255
8.60255
8.60255
8.60255
8.60255
8.60255
8.30394
8.30394
8.30394
8.30394
8.3038
8.3038
8.3038
8.3038
8.3038
8.3038
8.3038
8.3038
8.12958
8.12958
8.12958
7.98833
7.98833
7.98833
7.98833
7.98833
7.98833
7.98833
7.98833
7.98833
7.98833
7.98833
7.98833
7.98833
7.98833
7.98833
7.98833
7.98833
7.98833
7.98833
7.98833
7.98833
7.98833
7.98833
7.98833
6.24409
6.24409
6.24409
6.24409
6.24409
6.24409
6.24409
6.24409
6.24409
6.24409
6.24409
6.24409
6.24409
6.24409
6.24409
6.24409
6.24409
6.24409
6.24409
6.24409
6.24409
6.24409
6.17198
6.17198
6.17198
6.17198
6.17198
6.17198
6.17198
6.17198
6.17198
6.17198
6.17198
6.17198
6.17198
6.17198
6.17198
6.16263
6.16263
6.16263
6.16263
6.16263
6.15304
6.15304
6.0051
6.0051
6.0051
6.0051
6.0051
6.0051
6.0051
6.0051
6.0051
6.0051
6.0051
6.0051
6.0051
6.0051
6.0051
6.0051
5.98611
5.98611
5.98611
5.98611
5.98611
5.98611
5.98611
5.94958
5.94958
5.94958
5.94958
5.94958
5.94958
5.94958
5.94958
5.94958
5.94958
5.77249
5.77249
5.77249
5.65133
5.56872
5.56872
5.44148
5.26556
5.26556
5.26556
5.26556
5.26556
5.26556
5.26556
5.26556
5.26556
5.26556
5.26556
5.26556
5.26556
5.16555
5.16555
5.16555
5.16555
5.16555
5.16555
5.16555
5.16555
5.16555
5.16555
5.16555
5.16555
5.16555
5.16555
5.16555
5.16555
5.16555
5.16555
5.16555
5.16555
5.16555
4.94614
4.94614
4.94614
4.94614
4.94614
4.94614
4.94614
4.94614
4.94614
4.94614
4.94614
4.94614
4.94614
4.94614
4.94614
4.94614
4.94614
4.94614
4.89981
4.89981
4.89981
4.89981
4.89981
4.89981
4.89981
4.89981
4.89981
4.89981
4.89981
4.89981
4.89981
4.89981
4.89981
4.89981
4.89981
4.89981
4.89981
4.89981
4.89981
4.89981
4.89981
4.89981
4.89981
4.82928
4.82928
4.82928
4.82928
4.82928
4.7936
4.7936
4.7936
4.7936
4.71589
4.71589
4.71589
4.71589
4.71589
4.71589
4.71589
4.63204
4.63204
4.63204
4.63204
4.63204
4.63204
4.63204
4.63204
4.63204
4.63204
4.63204
4.6278
4.6278
4.6278
4.6278
4.6278
4.6278
4.5991
4.5991
4.5991
4.5991
4.5991
4.5991
4.59562
4.59562
4.59562
4.59562
4.59562
4.59562
4.59562
4.59562
4.58228
4.58228
4.58228
4.58228
4.58228
4.58228
4.58228
4.58228
4.58228
4.58228
4.58228
4.58228
4.51307
4.51307
4.51307
4.51307
4.4625
4.4625
4.4625
4.4625
4.38099
4.38099
4.38099
4.38099
4.38099
4.38099
4.38099
4.38099
4.38099
4.38099
4.38099
4.38099
4.38099
4.38099
4.38099
4.38099
4.38099
4.20958
4.20958
3.93614
3.93614
3.93614
3.86287
3.86287
3.57623
3.57623
3.57623
3.57623
3.57623
3.57623
3.57623
3.57623
3.57623
3.57623
3.57623
3.57623
3.57623
3.57623
3.57623
3.57623
3.57623
3.57623
3.57623
3.57623
3.57623
3.57623
3.57623
3.57623
3.57623
3.57623
3.57623
3.57623
3.57623
3.57623
3.57623
3.57623
3.57623
3.57623
3.57623
3.57623
3.57623
3.57623
3.57623
3.57623
3.57623
3.57623
3.57623
3.57623
3.57623
3.57623
3.2022
3.2022
3.2022
3.2022
3.2022
3.2022
3.2022
3.2022
3.2022
3.2022
3.2022
3.2022
3.2022
3.2022
3.2022
3.2022
3.2022
3.2022
3.2022
3.2022
3.2022
3.2022
3.2022
3.2022
3.2022
3.2022
3.2022
3.2022
2.97908
2.97908
2.97908
2.97908
2.97908
2.97908
2.97908
2.97908
2.97908
2.97908
2.97908
2.97908
2.97908
2.97908
2.97908
2.97908
2.97908
2.97908
2.97908
2.97908
2.97908
2.97908
2.97908
2.97908
2.97908
2.97908
2.97908
2.97908
2.97908
2.97908
2.97908
2.97908
2.97908
2.97908
2.97908
2.97908
2.97908
2.97222
2.97222
2.97222
2.97222
2.97222
2.97222
2.96615
2.96615
2.96615
2.96615
2.96615
2.96615
2.96615
2.96615
2.96615
2.96615
2.96615
2.96615
2.96615
2.96615
2.96615
2.96615
2.96615
2.96615
2.96615
2.96615
2.96615
2.96615
2.96615
2.96615
2.96615
2.96615
2.96615
2.96615
2.96146
2.96146
2.96146
2.96146
2.96146
2.96146
2.96146
2.96146
2.96146
2.96146
2.96146
2.96146
2.96146
2.96146
2.96146
2.96146
2.96146
2.96146
2.96146
2.96146
2.96146
2.96146
2.96146
2.96146
2.96146
2.96146
2.96146
2.96146
2.96146
2.96146
2.96146
2.96146
2.96146
2.96146
2.96146
2.96146
2.85623
2.85623
2.85623
2.85623
2.85623
2.85623
2.85623
2.85623
2.74632
2.74632
2.74632
2.74632
2.74632
2.74632
2.74632
2.74632
2.74632
2.74632
2.74632
2.74632
2.74632
2.74632
2.74632
2.74632
2.74632
2.74632
2.74632
2.72557
2.71776
2.71776
2.71776
2.71776
2.71776
2.71776
2.71776
2.71776
2.71776
2.71776
2.71776
2.71776
2.71776
2.71776
2.71776
2.71776
2.71776
2.71776
2.71675
2.71675
2.71675
2.71675
2.71675
2.71675
2.71675
2.71675
2.71675
2.71675
2.71675
2.71675
2.71675
2.71675
2.71675
2.71675
2.71675
2.71675
2.71675
2.71675
2.71675
2.71675
2.71675
2.71675
2.71675
2.71675
2.71675
2.71675
2.71675
2.71675
2.71675
2.71675
2.71675
2.71675
2.71675
2.71675
2.71675
2.71675
2.71675
2.71675
2.71657
2.71657
2.71657
2.71657
2.71657
2.71657
2.71657
2.71657
2.71657
2.71657
2.71657
2.71657
2.71657
2.71657
2.71657
2.71657
2.71657
2.71657
2.71657
2.71657
2.71657
2.71657
2.71657
2.71657
2.71657
2.71657
2.71657
2.71657
2.71657
2.71657
2.71657
2.71657
2.71657
2.71657
2.71657
2.71657
2.70378
2.70378
2.70027
2.70027
2.70027
2.70027
2.69879
2.69879
2.69879
2.69879
2.69879
2.67018
2.67018
2.67018
2.67018
2.67018
2.67018
2.67018
2.57572
2.57572
2.57572
2.57572
2.57572
2.57572
2.57572
2.57572
2.57572
2.57572
2.57572
2.57572
2.57572
2.57572
2.57572
2.57572
2.57572
2.57572
2.57572
2.57572
2.55192
2.55192
2.55192
2.55192
2.55192
2.55192
2.55192
2.55192
2.55192
2.55192
2.55192
2.55192
2.55192
2.55192
2.55192
2.31546
2.31546
2.31546
2.31546
2.31546
2.31546
2.31546
2.31546
2.31546
2.31546
2.31546
2.31546
2.31546
2.31546
2.31546
2.31546
2.31546
2.31546
2.31546
2.31546
2.31546
2.31546
2.31546
2.31546
2.31546
2.31546
2.31546
2.31546
2.31546
2.31546
2.31546
2.31546
2.31546
2.31546
2.31546
2.31546
2.31546
2.31546
2.31546
2.31546
2.31546
2.31546
2.31546
2.31546
2.31546
2.31546
2.31546
2.31546
2.31546
2.31546
2.14546
2.14546
2.14546
2.14546
2.14546
2.14546
2.14546
2.14546
2.14546
2.14546
2.14546
2.14546
2.14546
2.1284
2.10498
2.09241
2.09241
2.09241
2.0734
2.0734
2.0617
2.0617
2.0617
2.0617
2.0617
2.0617
2.0617
1.97392
1.97392
1.97392
1.97392
1.97392
1.97392
1.97392
1.97392
1.97392
1.97392
1.97392
1.97392
1.97392
1.97392
1.97392
1.97392
1.97392
1.97392
1.97392
1.97392
1.97392
1.97392
1.97392
1.97392
1.97392
1.97392
1.97392
1.97392
1.97392
1.97392
1.97392
1.83435
1.83435
1.83435
1.83435
1.83435
1.83435
1.83435
1.83435
1.83435
1.83435
1.83435
1.83435
1.83435
1.83435
1.83435
1.83435
1.83435
1.83435
1.83435
1.83435
1.83435
1.83435
1.83435
1.83435
1.83435
1.83435
1.83435
1.83294
1.83294
1.83294
1.83294
1.83215
1.83215
1.83215
1.83215
1.83215
1.83215
1.83215
1.83215
1.83215
1.83215
1.83215
1.83215
1.83215
1.83215
1.83215
1.83215
1.83215
1.83215
1.83215
1.83195
1.83195
1.83195
1.83195
1.83195
1.82595
1.82595
1.82595
1.82595
1.82595
1.82595
1.82595
1.82595
1.82595
1.82595
1.82595
1.82595
1.82595
1.82595
1.82594
1.82594
1.82594
1.8179
1.76614
1.76614
1.76614
1.76614
1.76614
1.76614
1.76614
1.6734
1.6734
1.6734
1.6734
1.6734
1.6734
1.6734
1.67125
1.67125
1.67125
1.67125
1.67125
1.67125
1.62717
1.62717
1.62717
1.62717
1.62717
1.62717
1.62717
1.62717
1.62717
1.62717
1.62717
1.62717
1.62717
1.62717
1.62717
1.62717
1.62717
1.62717
1.62717
1.62717
1.62717
1.62717
1.62717
1.62717
1.62717
1.62405
1.62405
1.62405
1.62405
1.62405
1.61925
1.61925
1.61925
1.61925
1.61925
1.61925
1.61925
1.61925
1.61925
1.61925
1.61861
1.61861
1.61861
1.61861
1.61861
1.61861
1.61861
1.61861
1.61861
1.61861
1.61861
1.61861
1.61861
1.60685
1.60685
1.60685
1.60685
1.60685
1.60685
1.60685
1.60685
1.60685
1.60685
1.60685
1.60685
1.60685
1.60685
1.60685
1.60685
1.60685
1.60685
1.60685
1.60685
1.60685
1.60685
1.60685
1.60685
1.60685
1.60685
1.60579
1.60579
1.60579
1.60579
1.60579
1.60579
1.60579
1.60579
1.60579
1.60579
1.60579
1.60579
1.60579
1.60579
1.60579
1.60579
1.60579
1.60579
1.60579
1.60579
1.60579
1.60579
1.60579
1.60579
1.60379
1.60379
1.60379
1.60379
1.60379
1.60379
1.60379
1.60379
1.60379
1.60379
1.60379
1.60379
1.60379
1.60379
1.60379
1.60379
1.60379
1.60379
1.60379
1.60379
1.60379
1.60379
1.60379
1.60379
1.60379
1.60379
1.60379
1.60379
1.60379
1.60379
1.60379
1.60379
1.57678
1.57678
1.57678
1.57678
1.57678
1.57678
1.57678
1.57678
1.57678
1.57678
1.57678
1.57678
1.57678
1.57678
1.57678
1.57678
1.57678
1.57678
1.57678
1.57678
1.57678
1.57678
1.57678
1.57678
1.57678
1.57678
1.57678
1.57678
1.57678
1.57678
1.57678
1.57678
1.57678
1.57678
1.57678
1.57678
1.57678
1.57678
1.57678
1.57678
1.57678
1.57678
1.57678
1.57678
1.5124
1.5124
1.5124
1.5124
1.5124
1.5124
1.5124
1.5124
1.51028
1.51028
1.51028
1.51028
1.51028
1.51028
1.51028
1.50971
1.50971
1.50893
1.50893
1.50893
1.50893
1.50893
1.50893
1.50893
1.50893
1.50893
1.50893
1.50605
1.50605
1.50249
1.50249
1.50249
1.50249
1.50138
1.50129
1.50129
1.50129
1.50129
1.50129
1.50129
1.50129
1.50129
1.50129
1.50129
1.50129
1.50129
1.50129
1.50129
1.50129
1.50129
1.50129
1.50129
1.50129
1.50129
1.50129
1.50129
1.50129
1.50129
1.50122
1.50122
1.50122
1.50122
1.50122
1.50122
1.50116
1.50115
1.50115
1.50115
1.50115
1.50115
1.50115
1.50115
1.50115
1.50115
1.50115
1.50115
1.50115
1.50115
1.50108
1.50108
1.50108
1.50108
1.50108
1.50108
1.50108
1.50108
1.50108
1.50108
1.4614
1.4614
1.4614
1.4614
1.4614
1.4614
1.4614
1.4614
1.4614
1.4614
1.4614
1.4614
1.4614
1.4614
1.4614
1.4614
1.4614
1.4614
1.4614
1.4614
1.4614
1.4614
1.4614
1.4614
1.4614
1.4614
1.4614
1.4614
1.4614
1.4614
1.4614
1.4614
1.4614
1.4614
1.4614
1.4614
1.4614
1.4614
1.4614
1.4614
1.4614
1.4614
1.4614
1.4614
1.4614
1.4614
1.4614
1.4614
1.4614
1.4614
1.4614
1.4614
1.4614
1.4614
1.4614
1.4614
1.4614
1.4614
1.4614
1.4614
1.4614
1.4614
1.4614
1.4614
1.4614
1.4614
1.4614
1.4614
1.4614
1.4614
1.4614
1.4614
1.4614
1.4614
1.4614
1.45729
1.45729
1.45729
1.45729
1.45729
1.45729
1.45729
1.45729
1.45729
1.45729
1.45599
1.45599
1.45599
1.45599
1.45599
1.45599
1.45599
1.45599
1.45446
1.45446
1.45446
1.45446
1.45446
1.45446
1.45446
1.45446
1.45446
1.45446
1.45446
1.45446
1.45407
1.45407
1.45407
1.45407
1.45407
1.45407
1.45407
1.45407
1.45407
1.45407
1.45407
1.45407
1.45407
1.45398
1.45398
1.45398
1.45398
1.45398
1.45386
1.45386
1.45386
1.45386
1.45381
1.45381
1.45381
1.4538
1.4538
1.4538
1.4538
1.4538
1.4538
1.4538
1.4538
1.4538
1.4538
1.4538
1.4538
1.4538
1.4538
1.4538
1.4538
1.4538
1.4538
1.4538
1.4538
1.4538
1.4538
1.4538
1.4538
1.44622
1.44622
1.44622
1.44622
1.44622
1.44622
1.44622
1.44622
1.44622
1.44622
1.44622
1.44622
1.44622
1.44622
1.44622
1.44622
1.44622
1.44622
1.44622
1.44622
1.44622
1.44622
1.44622
1.44622
1.44622
1.44622
1.44622
1.44622
1.44622
1.44622
1.44622
1.44622
1.44622
1.44622
1.44622
1.44622
1.44622
1.44622
1.44622
1.44622
1.44622
1.44622
1.44622
1.44622
1.44622
1.44622
1.44622
1.44622
1.44622
1.44622
1.44622
1.44622
1.44622
1.44622
1.44622
1.44622
1.44622
1.44622
1.44622
1.44622
1.44622
1.44622
1.44622
1.44622
1.44622
1.38739
1.38739
1.38739
1.38739
1.38739
1.38739
1.38739
1.38739
1.38739
1.38739
1.38739
1.38739
1.38739
1.38739
1.38739
1.38739
1.38739
1.38739
1.38739
1.38739
1.38739
1.38739
1.38739
1.38739
1.38739
1.38739
1.38739
1.38592
1.38592
1.38592
1.38592
1.38584
1.38584
1.38584
1.38584
1.38584
1.38584
1.38584
1.38584
1.38584
1.38584
1.38579
1.38579
1.38579
1.38579
1.38579
1.38579
1.38579
1.38579
1.38579
1.38579
1.38579
1.38579
1.38579
1.38578
1.38578
1.38578
1.38578
1.38578
1.38577


0.0203204
-0.270159
-0.020817
-0.237645
-0.262877
-0.0464316
0.185371
-0.169114
-0.0766537
0.2014
0.147715
-0.0253251
0.198859
-0.160681
0.0931921
0.139344
-0.0552784
-0.0184549
0.00275428
-0.25676
0.0362239
0.19324
0.232283
-0.0776337
0.0373957
0.173688
0.12512
-0.524921
-0.00739737
0.684176

0.021

