20.8242
20.6025
20.6025
20.6025
20.6025
20.6025
20.6025
20.2943
20.2943
20.2943
20.2943
20.2943
20.2943
20.2943
20.2943
20.2943
20.2943
20.2943
19.682
19.682
19.5892
19.5892
19.5892
19.5892
19.5892
18.6679
18.6679
18.6679
18.6679
18.6679
18.6679
18.6679
18.3452
18.3452
18.3452
17.7843
17.7843
17.7843
17.7843
17.7843
17.7843
17.7843
17.7843
17.4105
17.4105
17.4105
17.4105
17.4105
17.4105
17.0831
17.0831
17.0831
17.0831
17.0831
17.0831
17.0831
17.0831
17.0831
17.0831
17.0039
17.0039
17.0039
17.0039
17.0039
16.0285
16.0285
16.0285
16.0285
16.0285
16.0285
15.9897
15.1656
15.1656
15.1656
15.1656
15.1656
15.1656
15.1656
14.6411
14.6411
14.6411
14.6411
14.6411
14.6411
14.6411
14.6411
14.6411
14.6411
14.6411
14.6411
14.6411
14.6411
14.6411
14.6411
14.6411
14.6411
14.6411
14.6411
14.6411
14.6411
14.6411
14.5204
14.3061
14.3061
14.3061
14.3061
14.3061
14.3061
13.8016
13.8016
13.8016
13.8016
13.8016
13.8016
13.8016
13.8016
13.5606
13.5606
13.5606
13.5606
13.5606
13.5606
13.5606
13.5606
13.5606
13.5606
13.5606
13.5606
13.5606
13.5606
13.5606
13.5606
13.5606
13.5606
13.5606
13.5606
13.5606
11.6338
11.6338
11.6338
11.6338
11.6338
11.6338
11.6338
11.6338
11.6338
11.6338
11.6338
11.8197
11.8197
11.8197
11.8197
11.8197
11.8197
11.8197
11.8197
11.8197
11.8197
11.8197
11.8197
11.8197
11.8197
11.8197
11.8197
11.8197
11.8197
11.8197
12.2267
12.2267
12.2267
12.2267
12.2267
12.2267
12.2267
12.2267
12.2267
12.2267
12.2267
12.3546
12.3546
12.3546
12.3546
12.3546
12.3546
12.3546
12.3546
12.3546
12.3546
12.3546
12.3546
12.3546
12.3546
12.3546
12.3546
12.3546
12.3546
12.3546
12.3546
12.0788
11.6175
11.6175
12.0788
12.0788
12.0788
12.0788
12.0788
12.0788
12.0788
12.0788
12.0788
12.0788
12.0788
12.0788
12.0788
12.0788
12.0788
11.2606
11.2606
11.2606
11.2606
11.2606
11.2606
11.2606
11.2606
11.2606
11.2606
11.2606
11.2606
11.2606
11.2606
11.2606
11.2606
11.2606
11.2606
11.095
11.095
11.095
10.4805
10.4805
10.4805
10.3525
10.3525
10.3525
9.788
9.788
9.90993
9.90993
10.3525
10.3374
10.3374
10.2916
10.2916
10.1468
10.1468
9.77749
9.77749
9.77749
9.77749
9.81145
9.81145
9.81145
9.81145
9.81145
9.81145
9.81145
9.81145
9.81145
9.81145
9.81145
9.81145
9.81145
9.81145
9.81145
9.81145
9.81145
9.81145
9.76468
8.23881
8.23881
8.23881
8.23881
8.23881
8.23881
8.23881
8.23881
8.23881
8.23881
8.23881
8.23881
8.23881
8.23881
8.23881
8.23881
8.23881
8.23881
8.23881
8.23881
8.23881
8.23881
8.23881
8.23881
8.23881
8.23881
8.23881
8.23881
8.23881
8.23881
8.23881
8.23881
8.2396
8.2396
8.2396
8.2396
8.2396
8.30525
8.2714
8.2714
8.2714
8.2714
8.2714
8.2714
8.2714
8.2714
8.2714
8.2714
8.2714
8.2714
8.2714
8.2714
8.74798
8.74798
8.74798
8.74798
8.74798
8.74798
8.74798
8.74798
8.74798
8.74798
8.74798
8.74798
8.74798
8.74798
8.74798
8.74798
8.74798
8.74798
8.74798
8.74798
8.74798
8.74798
8.74798
8.74798
8.74798
8.74798
8.74798
8.53407
8.53407
8.53407
8.53407
8.53407
8.53407
8.53407
8.53407
8.53407
8.53407
8.53407
8.53407
8.53407
8.53407
8.53407
8.53407
8.53407
8.53407
8.53407
8.53407
8.53407
8.53407
8.53407
8.53407
8.53407
8.53407
8.53407
8.53407
8.28943
8.28943
8.28943
8.28943
8.28943
8.28943
8.61792
8.50549
8.50549
8.50549
8.59583
8.59583
8.59583
8.59583
8.59583
8.59583
8.59583
8.59583
8.59583
8.59583
8.59583
8.59583
8.59583
8.59583
8.38135
8.38135
8.38135
8.38135
8.38135
8.38135
8.38135
8.38135
8.38135
8.38135
8.37452
8.37452
8.37452
8.37452
8.37452
8.37452
8.37452
8.37452
8.37452
8.21951
8.21951
8.21951
8.21951
8.21951
8.21951
8.21951
8.21951
8.21951
8.21951
8.21951
8.11826
8.11826
8.11826
8.11826
8.11826
8.11826
8.11826
8.11826
8.11826
8.11826
8.11826
8.11826
8.11826
8.11826
8.11826
8.11826
8.11826
8.11826
8.11826
8.11826
8.11826
8.11826
8.11826
8.11826
8.11826
8.11826
8.11826
8.11826
8.11826
8.11826
8.11826
8.11826
8.11826
8.11826
8.01051
7.98504
7.98504
7.98504
7.98504
7.98504
7.98504
7.98504
7.98504
7.98504
7.98504
7.98504
7.98504
7.98504
7.98504
7.98504
7.98504
7.98504
7.98504
7.98504
7.98504
7.98504
7.98504
7.98504
7.98504
7.98504
7.63942
7.63942
7.63942
7.63942
7.82321
7.82321
7.82321
7.82321
7.82321
7.82321
7.82321
7.82321
7.82321
7.82321
7.82321
7.82321
7.82321
7.82321
7.82321
7.82321
7.82321
7.82321
7.82321
7.82321
7.82321
7.82321
7.82321
7.82321
7.82321
7.82321
7.82321
7.82321
7.75746
7.75746
7.75746
7.75746
7.82321
7.82321
7.82321
7.82321
7.82321
7.82321
7.82321
7.82321
7.82321
7.82321
7.26541
7.26541
7.26541
7.26541
7.26541
7.17375
7.17375
7.17375
7.17375
7.17375
7.17375
7.17375
7.17375
7.17375
7.17375
7.17375
7.17375
7.17375
7.17375
7.17375
7.17375
7.17375
7.17375
7.17375
7.17375
7.17375
7.17375
7.17375
7.17375
7.07454
7.07454
7.07454
7.07454
7.07454
7.07454
7.07454
7.07454
7.07454
7.07454
7.07454
7.07454
7.07454
7.07454
7.07454
7.07454
7.07454
7.07454
7.07454
7.07454
7.07454
7.07454
7.07454
7.0717
7.0717
7.0717
7.0717
7.0717
7.0717
7.0717
6.77808
6.77808
6.77808
6.77808
6.77808
6.77808
6.77808
6.77808
6.77808
6.77808
6.77808
6.77808
6.77808
6.77808
6.77808
6.77808
6.77808
6.77808
6.77808
6.77808
6.77808
6.77808
6.77808
6.77808
6.77808
6.77808
6.77808
6.77808
6.77808
6.77808
6.77808
6.77808
6.77808
6.77808
6.77808
7.0205
7.0205
7.0205
7.0205
7.0205
7.0205
7.0205
7.0205
7.0205
7.0205
7.0205
7.0205
7.0205
7.0205
7.09663
7.09663
7.09663
7.09663
7.09663
7.09663
7.09663
7.09663
7.09663
7.09663
7.09663
7.09663
7.09663
7.09663
6.76633
6.76633
6.76633
6.76633
6.76633
6.76633
6.76633
6.76633
6.76633
6.76633
6.76633
6.76633
6.76633
6.76633
6.76633
6.76633
6.76633
6.76633
6.84024
6.84024
6.84024
6.84024
6.84024
6.84024
6.84024
6.84024
6.84024
6.84024
6.84024
6.84024
6.84024
6.84024
6.84024
6.84024
6.78301
6.78301
6.78301
6.78301
6.78301
6.78301
6.78301
6.78301
6.78301
6.78301
6.78301
6.78301
6.78301
6.78301
6.78301
6.78301
6.78301
6.78301
6.78301
6.78301
6.78301
6.79115
6.79115
6.79233
6.79233
6.79233
6.79233
6.79233
6.79233
6.79233
6.79233
6.79233
6.79233
6.68839
6.68839
6.68839
6.68839
6.68839
6.68839
6.68839
6.68839
6.68839
6.68839
6.68839
6.68839
6.68839
6.68839
6.68839
6.68839
6.68839
6.66866
6.66866
6.66866
6.66866
6.66866
6.66866
6.66866
6.66866
6.66866
6.66866
6.66866
6.66866
6.66866
6.66866
6.66866
6.66866
6.66866
6.66866
6.66866
6.66866
6.66866
6.66866
6.66866
6.66866
6.66866
6.66866
6.66866
6.66866
6.66866
6.66866
6.66866
6.66866
6.66866
6.66866
6.66866
6.66866
6.67226
6.67226
6.68169
6.68169
6.68169
6.68169
6.68169
6.68169
6.68169
6.68169
6.68169
6.68169
6.68169
6.68169
6.68169
6.68169
6.68169
6.68169
6.68169
6.68169
6.68169
6.68169
6.68169
6.68169
6.68169
6.54668
6.54668
6.54668
6.54668
6.54668
6.54668
6.54668
6.54668
6.36083
6.36083
6.36083
6.36083
6.36083
6.36083
6.36083
6.36083
6.36083
6.36083
6.36083
6.36083
6.36083
6.15129
6.15129
6.15129
6.15129
6.15129
6.15129
6.15129
6.15129
6.15129
6.15129
6.15129
6.15129
6.15129
6.15129
6.15129
6.15129
6.15129
6.15129
6.15129
6.15129
6.15129
6.15129
6.15129
6.15129
6.15129
6.15129
6.15129
6.15129
6.15129
6.15129
6.15129
6.15129
6.15129
6.15129
6.15129
6.15129
6.15129
6.08198
6.08198
5.95718
5.95718
5.95718
5.95718
5.95718
5.95718
6.15129
6.15129
6.10203
6.10203
6.10203
6.10203
5.67054
5.67054
5.64246
5.76362
5.76362
5.76362
5.76362
5.76362
5.76362
5.76362
5.76362
5.76362
5.76362
5.76362
5.76362
5.76362
5.76362
5.76362
5.76362
5.76362
5.76362
5.76362
5.76362
5.76362
5.76362
5.76362
5.76362
5.76362
5.76362
5.76362
5.76362
5.76362
5.76362
5.76362
5.76362
5.76362
5.76362
5.76362
5.8146
5.8146
5.8146
5.8146
5.8146
5.8146
5.8146
5.8146
5.8146
5.8146
5.8146
5.8146
5.8146
5.96886
5.90122
5.90122
5.90122
5.90122
5.90122
5.90122
5.79181
5.79181
5.79181
5.79181
5.79181
5.79181
5.79181
5.79181
5.79181
5.79181
5.79181
5.79181
5.79181
5.79181
5.79181
5.79181
5.79181
5.79181
5.79181
5.78577
5.78577
5.78577
5.78577
5.78577
5.78577
5.78577
5.78577
5.78577
5.78577
5.78577
5.78577
5.78577
5.78577
5.78577
5.89066
5.89066
5.89066
5.89066
5.89066
5.89066
5.89066
5.89066
5.89066
5.89066
5.89066
5.89066
5.89066
5.89066
5.89066
5.89066
5.89066
5.88
5.88
5.88
5.88
5.88
5.88
5.88
5.88
5.88
5.80867
5.80867
5.80867
5.80867
5.80867
5.78737
5.78737
5.79094
5.79094
5.79094
5.79094
5.78618
5.78618
5.78618
5.78618
5.78618
5.78618
5.78618
5.78618
5.78618
5.78618
5.78618
5.78618
5.78618
5.78618
5.71813
5.71813
5.71813
5.71813
5.71813
5.71813
5.71813
5.71813
5.71813
5.71813
5.71813
5.6783
5.6783
5.6783
5.6783
5.6783
5.6783
5.6783
5.6783
5.6783
5.6783
5.6783
5.6783
5.6783
5.6783
5.6783
5.50339
5.50339
5.56016
5.56016
5.56016
5.56016
5.56016
5.56016
5.56016
5.56016
5.56016
5.56016
5.56016
5.56016
5.56016
5.56016
5.56016
5.56016
5.56016
5.56016
5.56016
5.5469
5.5469
5.5469
5.55284
5.55284
5.55284
5.55284
5.55284
5.55284
5.55284
5.55284
5.55284
5.55284
5.55284
5.55284
5.55284
5.55284
5.55284
5.55284
5.55284
5.55284
5.55284
5.55284
5.55284
5.55284
5.55284
5.55284
5.54015
5.54015
5.54015
5.54015
5.54015
5.54015
5.54015
5.54015
5.54015
5.54015
5.54015
5.54015
5.54015
5.54015
5.54015
5.54015
5.44722
5.44722
5.44722
5.44722
5.44722
5.44722
5.44722
5.44722
5.44722
5.44722
5.44722
5.44722
5.44722
5.44722
5.44722
5.44722
5.44722
5.44722
5.44722
5.44722
5.44722
5.44722
5.44722
5.44722
5.30365
5.30365
5.30365
5.30365
5.30365
5.25301
5.25301
5.25301
5.25301
5.25301
5.25301
5.25301
5.25301
5.25301
5.25301
5.25301
5.37226
5.37226
5.3522
5.3522
5.3522
5.3522
5.3522
5.3522
5.3522
5.3522
5.3522
5.3522
5.3522
5.3522
5.3522
5.3522
5.3522
5.3522
5.3522
5.3522
5.3522
5.3522
5.3522
5.3522
5.3522
5.2616
5.2616
5.2616
5.2616
5.2616
5.2616
5.2616
5.2616
5.2616
5.2616
5.2616
5.2616
5.26759
5.26759
5.26759
5.26759
5.26759
5.26759
5.26759
5.26759
5.26759
5.26759
5.26759
5.26759
5.26759
5.26759
5.26759
5.26759
5.26759
5.26759
5.26759
5.26759
5.26759
5.26759
5.26759
5.26759
5.26759
5.26759
5.26759
5.26759
5.26759
5.26759
5.26759
5.26759
5.26759
5.26759
5.26759
5.26759
5.26759
5.26759
5.26759
5.26759
5.26759
5.26759
5.26759
5.26759
5.26759
5.26759
5.26759
5.26759
5.26759
5.26759
5.26759
5.26759
5.22116
5.22116
5.22116
5.22116
5.22116
5.22116
5.22116
5.22116
5.22116
5.22116
5.22116
5.22116
5.22116
5.22965
5.22965
5.22965
5.22965
5.22965
5.22965
5.22965
5.22965
5.22965
5.22965
5.17216
5.17216
5.17216
5.17216
5.17216
5.17216
5.17216
5.17216
5.17216
5.17216
5.17216
5.17216
5.17216
5.17216
5.17216
5.17216
5.17216
5.17216
5.17216
5.17216
5.17216
5.17216
5.17216
5.17216
5.17216
5.17216
5.17216
5.17216
5.17216
5.17216
5.17216
5.17216
5.17216
5.02915
5.02915
5.06536
5.06536
5.06536
5.06536
5.06536
5.06536
5.06536
5.06536
5.06536
5.06536
5.06536
5.06536
5.06536
5.06536
5.06536
5.06536
5.06536
5.06536
5.06536
5.06536
5.06536
5.06536
5.06536
5.06536
5.06536
5.06536
5.06536
5.06536
5.06536
5.06536
5.06536
5.06536
5.06536
5.06536
5.06536
5.06536
5.06536
5.06536
5.06536
5.06536
5.06536
5.06536
5.06536
5.06536
5.06536
5.06536
5.06536
5.06536
5.06536
5.06536
5.06536
5.06536
5.06536
5.06536
5.06536
5.06536
5.06536
5.06536
5.06536
5.06536
5.06536
5.06536
5.06536
5.06536
5.06536
5.06536
5.06536
5.06536
5.06536
5.06536
5.06536
5.06536
5.06536
5.06536
5.06536
5.06536
5.06536
5.06536
5.06536
5.06536
5.06536
5.06536
5.06536
5.06536
5.06536
5.02082
5.02082
5.04695
5.04695
5.04695
5.04695
5.04695
5.04695
5.04695
5.04695
5.04695
5.04695
5.04695
5.04695
5.04695
5.04695
5.03919
5.03919
5.03919
5.03919
5.03919
5.03919
5.03919
5.03919
5.03919
5.03919
5.03919
5.03919
5.03919
5.03919
5.03919
5.03919
5.03919
5.03919
5.03919
5.03919
5.03919
5.03919
5.03919
5.03919
5.03919
5.03919
5.03919
5.03919
5.03919
5.03919
5.03919
5.03919
5.03919
5.03919
5.03919
5.03919
5.03919
5.03919
5.03919
5.03919
5.03919
5.03919
5.03919
5.03919
5.03919
5.03919
5.09654
5.09654
5.0831
5.0831
5.0831
5.0831
5.0831
5.0831
5.0831
5.0831
5.0831
5.0831
5.0831
5.08569
5.08569
5.08569
5.08569
5.08569
5.08569
5.08569
5.08569
5.08569
5.08569
5.08569
5.08569
5.08569
5.08569
5.08569
5.08569
5.08569
5.08569
5.08569
5.08569
5.08569
5.08569
5.08569
5.08569
5.08569
5.08569
5.08569
5.08569
5.08569
5.08569
5.08569
5.08569
5.08569
5.08569
5.08569
5.09305
5.09305
5.09305
5.09305
5.09305
5.09305
5.09305
5.09305
4.99189
4.99189
4.99189
4.99189
4.99189
4.99189
4.99189
4.99189
4.99189
4.99189
4.99189
4.99189
4.99189
4.99189
4.99189
4.99189
4.99189
4.99189
4.99189
4.99189
4.99189
4.99189
4.99189
4.99189
4.99189
4.99189
4.99189
4.99189
4.99189
4.99189
4.99189
4.99189
4.99189
4.99189
4.99189
4.99189
5.05583
5.05583
5.05583
5.05583
5.05583
5.05583
5.05583
4.97236
4.97236
4.97236
4.97236
4.99405
4.99405
4.99405
4.99405
4.99405
4.99405
4.99405
4.99405
4.99405
4.99405
4.99405
4.99405
5.02221
5.02221
5.02221
5.02221
5.02221
5.02221
5.02221
5.02221
5.02221
5.02221
5.02221
5.02221
5.02221
5.02221
5.02221
5.02221
5.02221
5.02221
5.02221
5.02221
5.02221
5.02221
5.02221
5.02221
5.02221
5.02221
5.02221
5.02221
5.02221
5.02221
5.02221
5.02221
5.02221
5.02221
5.02221
5.02221
5.02221
5.02221
5.02221
5.03786
5.03786
5.03786
5.03786
5.03786
5.03786
5.03786
5.03786
5.03786
5.03786
5.03786
5.03786
5.03786
5.03786
5.03786
5.03786
5.03786
5.03786
5.03786
5.03786
5.03786
5.03786
5.03786
5.03786
5.03786
5.03786
5.03786
4.99308
4.99308
4.99308
4.99308
4.99308
4.99308
4.99308
4.99308
4.99308
4.99308
4.99308
4.99308
4.99308
4.99308
4.99308
4.99308
4.99308
4.99308
4.99308
4.99308
4.99308
4.99308
4.99308
4.99308
4.99308
4.99308
4.99308
5.03269
5.03269
5.03269
5.03269
5.03269
5.03269
5.03269
5.03269
5.03269
5.03269
5.03269
5.03269
5.04171
5.04171
5.04171
5.04171
5.04171
5.04171
5.04171
5.04171
5.04171
5.04171
5.04171
5.04729
5.04729
5.02872
5.02872
5.02872
5.01986
5.01986
5.01699
5.01699
5.01699
5.01699
5.01699
5.01699
5.01699
5.01699
5.01699
5.01699
5.01699
5.01699
5.01699
5.01699
5.01699
5.01699
5.01699
5.01699
5.01699
5.01699
5.01699
5.01699
5.01699
5.01699
5.01699
5.01699
5.01699
5.01699
5.01699
5.01699
5.01699
5.01699
5.01699
5.01699
5.01699
5.01699
5.01699
5.01699
5.01699
5.01699
5.01699
5.01699
5.01699
5.01699
5.01699
5.01699
5.01699
5.01699
5.01699
5.01699
5.01699
5.01699
5.01699
5.01699
5.01699
5.01699
5.01699
5.01699
5.01699
5.01699
5.01699
5.01699
5.01699
5.01699
5.01699
5.01699
5.01699
5.01699
5.01699
5.01699
5.01699
5.01699
5.01699
5.01699
5.01699
5.01699
5.01699
5.01699
5.01699
5.01699
5.01699
5.01699
5.01699
5.01699
5.01699
5.01699
5.01699
5.01699
5.01699
5.01699
5.01699
5.01699
5.01699
5.01699
5.01699
5.01699
5.01699
5.01699
5.01699
5.01699
4.96119
4.96119
4.96119
4.96119
5.01699
5.01699
5.01699
5.01699
5.01699
5.01699
5.01699
5.01699
5.01699
4.97564
4.97564
4.97564
4.97564
4.97564
4.97564
4.97564
4.97564
4.97564
4.97564
4.97564
4.97564
4.97564
4.97564
4.97564
4.97564
4.97564
4.97564
4.97564
4.953
4.953
4.953
4.953
4.953
4.953
4.953
4.953
4.953
4.953
4.953
4.953
4.953
4.953
4.953
4.953
4.953
4.953
4.953
4.953
4.953
4.953
4.953
4.953
4.953
4.953
4.953
4.953
4.97564
4.97617
4.97617
4.97617
4.97617
4.97617
4.88785
4.88785
4.88785
4.88785
4.88785
4.88785
4.88785
4.88785
4.88785
4.88785
4.88785
4.88785
4.88785
4.88785
4.88785
4.88785
4.88785
4.88785
4.88785
4.88785
4.88785
4.88785
4.88785
4.88785
4.88785
4.88785
4.88785
4.88785
4.88785
4.88785
4.88785
4.88785
4.88785
4.88785
4.88785
4.88785
4.88785
4.88785
4.88785
4.88785
4.8827
4.8827
4.8827
4.8827
4.87047
4.87047
4.87047
4.87047
4.87047
4.87047
4.87047
4.87047
4.87047
4.87047
4.87047
4.87047
4.87047
4.87047
4.87047
4.87047
4.87047
4.87047
4.87047
4.87047
4.87047
4.87047
4.87047
4.87047
4.87047
4.87047
4.87047
4.87047
4.87047
4.87047
4.87047
4.87047
4.87047
4.87047
4.87047
4.87047
4.87047
4.87047
4.87047
4.87047
4.87047
4.87047
4.87047
4.87047
4.87047
4.87047
4.87047
4.87047
4.87047
4.87047
4.87047
4.87047
4.87047
4.87047
4.83961
4.83961
4.83961
4.83961
4.83961
4.83961
4.83961
4.83961
4.83961
4.83961
4.83961
4.83961
4.83961
4.83961
4.83961
4.83961
4.83961
4.83961
4.83961
4.83961
4.83961
4.83961
4.83961
4.83961
4.83961
4.83961
4.83961
4.83961
4.83961
4.83961
4.83961
4.83961
4.83961
4.83961
4.81076
4.81076
4.81076
4.81076
4.81076
4.81076
4.81076
4.81076
4.85564
4.85564
4.85564
4.85564
4.85564
4.85564


1.12953
1.17656
1.23771
1.4743
1.66978
1.08635
0.266136
0.428987
0.229033
-0.0572007
0.301576
0.440462
0.261599
-0.0197151
-0.309481
-0.231172
-0.601555
-0.759326
-0.710818
0.454596
0.244898
-0.838104
-1.89519
-1.62745
-0.914654
-0.959949
-0.178152
0.00419715
0.231815
0.704776

0.027

