0.604861
0.604861
0.604861
0.604861
0.604861
0.604861
0.172109
0.131162
0.131162
0.131162
0.131162
0.131162
0.131162
0.131162
0.131162
0.131162
0.131162
0.126834
0.126834
0.126834
0.126834
0.126834
0.126834
0.126834
0.0890017
0.0389432
0.0229104
0.0229104
0.0229104
0.0229104
0.0229104
0.0229104
0.0229104
0.0229104
0.0229104
0.0229104
0.0229104
0.0229104
0.0229104
0.0229104
0.0229104
0.0229104
0.0229104
0.0229104
0.0229104
0.0229104
0.0229104
0.0229104
0.0229104
0.0229104
0.0229104
0.0229104
0.0229104
0.0229104
0.0229104
0.0229104
0.0229104
0.0229104
0.0229104
0.0229104
0.0229104
0.0229104
0.0229104
0.0229104
0.0229104
0.00628403
0.00628403
0.00628403
0.00628403
0.00628403
0.00628403
0.00628403
0.00628403
0.00628403
0.00628403
0.00628403
0.00628403
0.00628403
0.00628403
0.00628403
0.00628403
0.00628403
0.00628403
0.00628403
0.00628403
0.00628403
0.00628403
0.00628403
0.00628403
0.00628403
0.00628403
0.00628403
0.00628403
0.00628403
0.00628403
0.00628403
0.00628403
0.00628403
0.00628403
0.00628403
0.00628403
0.00628403
0.00628403
0.00628403
0.00628403
0.00628403
0.00628403
0.00628403
0.00628403
0.00628403
0.00628403
0.00628403
0.00628403
0.00628403
0.00628403
0.00628403
0.00628403
0.00628403
0.00628403
0.00628403
0.00628403
0.00628403
0.00628403
0.00628403
0.00628403
0.00628403
0.00628403
0.00628403
0.00628403
0.00628403
0.00628403
0.00628403
0.00628403
0.00628403
0.00628403
0.00628403
0.00628403
0.00628403
0.00628403
0.00628403
0.00628403
0.00628403
0.00628403
0.00628403
0.00628403
0.00628403
0.00628403
0.00628403
0.00628403
0.00628403
0.00628403
0.00628403
0.00628403
0.00628403
0.00628403
0.00628403
0.00628403
0.00628403
0.00628403
0.00628403
0.00628403
0.00628403
0.00628403
0.00628403
0.00628403
0.00628403
0.00628403
0.00628403
0.00628403
0.00628403
0.00628403
0.00628403
0.00628403
0.00628403
0.00628403
0.00628403
0.00628403
0.00628403
0.00628403
0.00628403
0.00628403
0.00628403
0.00628403
0.00628403
0.00628403
0.00628403
0.00628403
0.00628403
0.00628403
0.00628403
0.00628403
0.00628403
0.00628403
0.00628403
0.00628403
0.00628403
0.00628403
0.00628403
0.00628403
0.00628403
0.00628403
0.00628403
0.00628403
0.00628403
0.00628403
0.00628403
0.00628403
0.00628403
0.00628403
0.00628403
0.00628403
0.00628403
0.00628403
0.00628403
0.00628403
0.00628403
0.00628403
0.00628403
0.00628403
0.00628403
0.00628403
0.00628403
0.00628403
0.00628403
0.00628403
0.00628403
0.00628403
0.00628403
0.00628403
0.00628403
0.00628403
0.00628403
0.00628403
0.00628403
0.00628403
0.00628403
0.00628403
0.00628403
0.00628403
0.00628403
0.00628403
0.00628403
0.00628403
0.00628403
0.00628403
0.00628403
0.00628403
0.00628403
0.00157972
0.00157972
0.00157972
0.00157972
0.00157972
0.00157972
0.00157972
0.00157972
0.00157972
0.00157972
0.00157972
0.00157972
0.00157972
0.00157972
0.00157972
0.00157972
0.00157972
0.00157972
0.00157972
0.00157972
0.00157972
0.00157972
0.00157972
0.00157972
0.00157972
0.00157972
0.00157972
0.00157972
0.00157972
0.00157972
0.00157972
0.00157972
0.00157972
0.00157972
0.00157972
0.00157972
0.00157972
0.00157972
0.00157972
0.00157972
0.00157972
0.00157972
0.00157972
0.00157972
0.00157972
0.00157972
0.00157972
0.00157972
0.00157972
0.00157972
0.00157972
0.00157972
0.00157972
0.00157972
0.00157972
0.00157972
0.00157972
0.00157972
0.00157972
0.00157972
0.00157972
0.00157972
0.00157972
0.00157972
0.00157972
0.00157972
0.00157972
0.00157972
0.00157972
0.00157972
0.00157972
0.00157972
0.00157972
0.00157972
0.00157972
0.00157972
0.00157972
0.00157972
0.00157972
0.00157972
0.00157972
0.00157972
0.00157972
0.00157972
0.00157972
0.00157972
0.00157972
0.00157972
0.00157972
0.00157972
0.00157972
0.00157972
0.00157972
0.00157972
0.00157972
0.00157972
0.00157972
0.00157972
0.00118947
0.00118947
0.00118947
0.00118947
0.00118947
0.00118947
0.00118947
0.00118947
0.00118947
0.00118947
0.00118947
0.00118947
0.00118947
0.00118947
0.00118947
0.00118947
0.00118947
0.00118947
0.00118947
0.00118947
0.00118947
0.00118947
0.00118947
0.00118947
0.00118947
0.00118947
0.00118947
0.00118947
0.00118947
0.00118947
0.00118947
0.00118947
0.00118947
0.00118947
0.00118947
0.00118947
0.00118947
0.00118947
0.00118947
0.00118947
0.00118947
0.00118947
0.00118947
0.00118947
0.00118947
0.00118947
0.00118947
0.00118947
0.00118947
0.00118947
0.00118947
0.00118947
0.00118947
0.00118947
0.00118947
0.00118947
0.00118947
0.00118947
0.00118947
0.00118947
0.00118947
0.00118947
0.00118947
0.00118947
0.00118947
0.00118947
0.00118947
0.00118947
0.00118947
0.00118947
0.00118947
0.00118947
0.00118947
0.00118947
0.00118947
0.00118947
0.00118947
0.00118947
0.00118947
0.00096269
0.00096269
0.00096269
0.00096269
0.00096269
0.00096269
0.00096269
0.00096269
0.00096269
0.00096269
0.00096269
0.00096269
0.00096269
0.00096269
0.00096269
0.00096269
0.00096269
0.00096269
0.00096269
0.00096269
0.00096269
0.00096269
0.00096269
0.00096269
0.00096269
0.00096269
0.00096269
0.00096269
0.00096269
0.00096269
0.00096269
0.00096269
0.00096269
0.00096269
0.00096269
0.00096269
0.00096269
0.00096269
0.00096269
0.00096269
0.00096269
0.00096269
0.00096269
0.00096269
0.00096269
0.00096269
0.00096269
0.00096269
0.00096269
0.00096269
0.00096269
0.00096269
0.00096269
0.00096269
0.00096269
0.00096269
0.00096269
0.00096269
0.00096269
0.00096269
0.00096269
0.00096269
0.00096269
0.00096269
0.00096269
0.00096269
0.00096269
0.00096269
0.00096269
0.00096269
0.00096269
0.00096269
0.00096269
0.00096269
0.00096269
0.00096269
0.00096269
0.00096269
0.00096269
0.00096269
0.00096269
0.00096269
0.00096269
0.00096269
0.00096269
0.00096269
0.00096269
0.00096269
0.00096269
0.00096269
0.00096269
0.00096269
0.00096269
0.00096269
0.00096269
0.00096269
0.00096269
0.00096269
0.00096269
0.00096269
0.00096269
0.00096269
0.00096269
0.00096269
0.00096269
0.00096269
0.00096269
0.00096269
0.00096269
0.00096269
0.00096269
0.00096269
0.00096269
0.00096269
0.00096269
0.00096269
0.00096269
0.00096269
0.00096269
0.00096269
0.00096269
0.00096269
0.00096269
0.00096269
0.00096269
0.00096269
0.00096269
0.00096269
0.00096269
0.00096269
0.00096269
0.00096269
0.00096269
0.00096269
0.00096269
0.00096269
0.00096269
0.00096269
0.00096269
0.00096269
0.00096269
0.00096269
0.00096269
0.00096269
0.000624138
0.000624138
0.000624138
0.000624138
0.000624138
0.000624138
0.000624138
0.000624138
0.000624138
0.000624138
0.000624138
0.000624138
0.000624138
0.000624138
0.000624138
0.000624138
0.000624138
0.000624138
0.000624138
0.000624138
0.000624138
0.000624138
0.000624138
0.000624138
0.000624138
0.000624138
0.000624138
0.000624138
0.000624138
0.000624138
0.000624138
0.000624138
0.000624138
0.000624138
0.000624138
0.000624138
0.000624138
0.000624138
0.000624138
0.000624138
0.000624138
0.000624138
0.000624138
0.000624138
0.000561418
0.000561418
0.000561418
0.000561418
0.000561418
0.000561418
0.000561418
0.000561418
0.000561418
0.000561418
0.000561418
0.000561418
0.000561418
0.000561418
0.000561418
0.000561418
0.000561418
0.000561418
0.000561418
0.000561418
0.000561418
0.000561418
0.000561418
0.000561418
0.000561418
0.000561418
0.000561418
0.000561418
0.000561418
0.000561418
0.000561418
0.000561418
0.000561418
0.000561418
0.000561418
0.000561418
0.000561418
0.000561418
0.000561418
0.000561418
0.000561418
0.000561418
0.000561418
0.000561418
0.000561418
0.000561418
0.000561418
0.000561418
0.000561418
0.000561418
0.000561418
0.000561418
0.000561418
0.000561418
0.000561418
0.000561418
0.000561418
0.000561418
0.000372442
0.000372442
0.000372442
0.000372442
0.000372442
0.000372442
0.000372442
0.000372442
0.000372442
0.000372442
0.000372442
0.000372442
0.000372442
0.000372442
0.000372442
0.000372442
0.000372442
0.000372442
0.000372442
0.000372442
0.000372442
0.000372442
0.000372442
0.000372442
0.000372442
0.000372442
0.000372442
0.000372442
0.000372442
0.000372442
0.000372442
0.000372442
0.000372442
0.000372442
0.000372442
0.000372442
0.000372442
0.000372442
0.000372442
0.000372442
0.000372442
0.000372442
0.000372442
0.000372442
0.000372442
0.000372442
0.000372442
0.000372442
0.000372442
0.000372442
0.000372442
0.000372442
0.000372442
0.000372442
0.000372442
0.000372442
0.000372442
0.000372442
0.000372442
0.000372442
0.000372442
0.000372442
0.000372442
0.000372442
0.000372442
0.000372442
0.000372442
0.000372442
0.000372442
0.000372442
0.000372442
0.000372442
0.000372442
0.000372442
0.000372442
0.000372442
0.000372442
0.000372442
0.000372442
0.000372442
0.000372442
0.000372442
0.000372442
0.000372442
0.000372442
0.000372442
0.000372442
0.000372442
0.000372442
0.000372442
0.000372442
0.000372442
0.000372442
0.000372442
0.000372442
0.000372442
0.000372442
0.000372442
0.000372442
0.000372442
0.000372442
0.000372442
0.000372442
0.000372442
0.000372442
0.000372442
0.000372442
0.000372442
0.000372442
0.000372442
0.000372442
0.000372442
0.000372442
0.000372442
0.000372442
0.000372442
0.000372442
0.000372442
0.000372442
0.000372442
0.000372442
0.000372442
0.000372442
0.000372442
0.000372442
0.000372442
0.000372442
0.000372442
0.000372442
0.000372442
0.000372442
0.000372442
0.000372442
0.000372442
0.000372442
0.000372442
0.000372442
0.000372442
0.000372442
0.000372442
0.000372442
0.000372442
0.000372442
0.000372442
0.000372442
0.000372442
0.000372442
0.000372442
0.000372442
0.000372442
0.000372442
0.000372442
0.000372442
0.000372442
0.000372442
0.000372442
0.000372442
0.000372442
0.000372442
0.000372442
0.000372442
0.000372442
0.000372442
0.000372442
0.000372442
0.000372442
0.000372442
0.000372442
0.000372442
0.000372442
0.000372442
0.000372442
0.000372442
0.000372442
0.000372442
0.000372442
0.000372442
0.000372442
0.000372442
0.000372442
0.000372442
0.000372442
0.000372442
0.000372442
0.000372442
0.000372442
0.000372442
0.000372442
0.000372442
0.000372442
0.000372442
0.000372442
0.000372442
0.000372442
0.000372442
0.000372442
0.000372442
0.000372442
0.000372442
0.000324652
0.000324652
0.000324652
0.000324652
0.000324652
0.000324652
0.000324652
0.000324652
0.000324652
0.000324652
0.000324652
0.000324652
0.000324652
0.000324652
0.000324652
0.000324652
0.000324652
0.000324652
0.000324652
0.000324652
0.000324652
0.000324652
0.000324652
0.000324652
0.000324652
0.000324652
0.000324652
0.000324652
0.000324652
0.000324652
0.000324652
0.000324652
8.67097e-05
8.67097e-05
8.67097e-05
8.67097e-05
8.67097e-05
8.67097e-05
8.67097e-05
8.67097e-05
8.67097e-05
8.67097e-05
8.67097e-05
8.67097e-05
8.67097e-05
8.67097e-05
8.67097e-05
8.67097e-05
8.67097e-05
8.67097e-05
8.67097e-05
8.67097e-05
8.67097e-05
8.67097e-05
8.67097e-05
8.67097e-05
8.67097e-05
8.67097e-05
8.67097e-05
8.67097e-05
8.67097e-05
8.67097e-05
8.67097e-05
8.67097e-05
8.67097e-05
8.67097e-05
8.67097e-05
8.67097e-05
8.67097e-05
8.67097e-05
8.67097e-05
8.67097e-05
8.67097e-05
8.67097e-05
8.67097e-05
8.67097e-05
8.67097e-05
8.67097e-05
8.67097e-05
8.67097e-05
8.67097e-05
8.67097e-05
8.67097e-05
8.67097e-05
8.67097e-05
8.67097e-05
8.67097e-05
8.67097e-05
8.67097e-05
8.67097e-05
8.67097e-05
8.67097e-05
8.67097e-05
8.67097e-05
8.67097e-05
8.67097e-05
8.67097e-05
8.67097e-05
8.67097e-05
8.67097e-05
4.45186e-05
4.45186e-05
4.45186e-05
4.45186e-05
4.45186e-05
4.45186e-05
4.45186e-05
4.45186e-05
4.45186e-05
4.45186e-05
4.45186e-05
4.45186e-05
4.45186e-05
4.45186e-05
4.45186e-05
4.45186e-05
4.45186e-05
4.45186e-05
4.45186e-05
4.45186e-05
4.45186e-05
4.45186e-05
4.45186e-05
4.45186e-05
4.45186e-05
4.45186e-05
4.45186e-05
4.45186e-05
4.45186e-05
4.45186e-05
4.45186e-05
4.45186e-05
4.45186e-05
4.45186e-05
4.45186e-05
4.45186e-05
4.45186e-05
4.45186e-05
4.45186e-05
4.45186e-05
4.45186e-05
4.45186e-05
4.45186e-05
4.45186e-05
4.45186e-05
4.45186e-05
4.45186e-05
4.45186e-05
4.45186e-05
4.45186e-05
4.45186e-05
4.45186e-05
4.45186e-05
4.45186e-05
4.45186e-05
4.45186e-05
4.45186e-05
4.45186e-05
4.45186e-05
4.45186e-05
4.45186e-05
4.45186e-05
4.45186e-05
4.45186e-05
4.45186e-05
4.45186e-05
4.45186e-05
4.45186e-05
4.45186e-05
4.45186e-05
4.45186e-05
4.45186e-05
4.45186e-05
4.45186e-05
4.45186e-05
4.45186e-05
4.45186e-05
4.45186e-05
4.45186e-05
4.45186e-05
4.45186e-05
4.45186e-05
4.45186e-05
4.45186e-05
4.45186e-05
4.45186e-05
4.45186e-05
4.45186e-05
4.45186e-05
4.45186e-05
4.45186e-05
4.45186e-05
4.45186e-05
4.45186e-05
4.45186e-05
4.45186e-05
4.45186e-05
4.45186e-05
4.45186e-05
4.45186e-05
4.45186e-05
4.45186e-05
4.45186e-05
4.45186e-05
4.45186e-05
4.45186e-05
4.45186e-05
4.45186e-05
4.45186e-05
4.45186e-05
4.45186e-05
4.45186e-05
4.45186e-05
4.45186e-05
4.45186e-05
4.45186e-05
4.45186e-05
4.45186e-05
4.45186e-05
4.45186e-05
4.45186e-05
4.45186e-05
4.45186e-05
4.45186e-05
4.45186e-05
4.45186e-05
4.45186e-05
4.45186e-05
4.45186e-05
4.45186e-05
4.45186e-05
4.45186e-05
4.45186e-05
4.45186e-05
4.45186e-05
4.45186e-05
4.45186e-05
4.45186e-05
4.45186e-05
4.45186e-05
4.45186e-05
4.45186e-05
4.45186e-05
4.45186e-05
4.45186e-05
4.45186e-05
4.45186e-05
4.45186e-05
4.45186e-05
4.45186e-05
4.45186e-05
4.45186e-05
4.45186e-05
4.45186e-05
4.45186e-05
4.45186e-05
4.45186e-05
4.45186e-05
4.45186e-05
4.45186e-05
4.45186e-05
4.45186e-05
4.45186e-05
4.45186e-05
4.45186e-05
4.45186e-05
4.45186e-05
4.45186e-05
4.45186e-05
4.45186e-05
4.45186e-05
4.45186e-05
4.45186e-05
4.45186e-05
4.45186e-05
4.45186e-05
4.45186e-05
4.45186e-05
4.45186e-05
4.45186e-05
4.45186e-05
4.45186e-05
4.45186e-05
4.45186e-05
4.45186e-05
4.45186e-05
4.45186e-05
4.45186e-05
4.45186e-05
4.45186e-05
4.45186e-05
4.45186e-05
4.45186e-05
4.45186e-05
4.45186e-05
4.45186e-05
4.45186e-05
4.45186e-05
4.45186e-05
4.45186e-05
4.45186e-05
4.45186e-05
4.45186e-05
4.45186e-05
4.45186e-05
4.45186e-05
4.45186e-05
4.45186e-05
4.45186e-05
4.45186e-05
4.45186e-05
4.45186e-05
4.45186e-05
4.45186e-05
4.45186e-05
4.45186e-05
4.45186e-05
4.45186e-05
4.45186e-05
4.45186e-05
4.45186e-05
4.45186e-05
4.45186e-05
4.45186e-05
4.45186e-05
4.45186e-05
4.45186e-05
4.45186e-05
4.45186e-05
4.45186e-05
4.45186e-05
4.45186e-05
4.45186e-05
4.45186e-05
4.45186e-05
4.45186e-05
4.45186e-05
4.45186e-05
4.45186e-05
4.45186e-05
4.45186e-05
4.45186e-05
4.45186e-05
4.45186e-05
4.45186e-05
4.45186e-05
4.45186e-05
4.45186e-05
4.45186e-05
4.45186e-05
4.45186e-05
4.45186e-05
4.45186e-05
4.45186e-05
4.45186e-05
4.45186e-05
4.45186e-05
4.45186e-05
4.45186e-05
4.45186e-05
4.45186e-05
4.45186e-05
4.45186e-05
4.45186e-05
4.45186e-05
4.45186e-05
4.45186e-05
4.45186e-05
4.45186e-05
4.45186e-05
4.45186e-05
4.45186e-05
4.45186e-05
4.45186e-05
4.45186e-05
4.45186e-05
4.45186e-05
4.45186e-05
4.45186e-05
4.45186e-05
4.45186e-05
4.45186e-05
4.45186e-05
4.45186e-05
4.45186e-05
4.45186e-05
4.45186e-05
4.45186e-05
4.45186e-05
4.45186e-05
4.45186e-05
4.45186e-05
4.45186e-05
4.45186e-05
4.45186e-05
4.45186e-05
4.45186e-05
4.45186e-05
4.45186e-05
4.45186e-05
4.45186e-05
4.45186e-05
4.45186e-05
4.45186e-05
4.45186e-05
4.45186e-05
4.45186e-05
4.45186e-05
4.45186e-05
4.45186e-05
4.45186e-05
4.45186e-05
4.45186e-05
4.45186e-05
4.45186e-05
4.45186e-05
4.45186e-05
4.45186e-05
4.45186e-05
4.45186e-05
4.45186e-05
4.45186e-05
4.45186e-05
4.45186e-05
4.45186e-05
4.45186e-05
4.45186e-05
4.45186e-05
4.45186e-05
4.45186e-05
4.45186e-05
4.45186e-05
4.45186e-05
4.45186e-05
4.45186e-05
4.45186e-05
4.45186e-05
4.45186e-05
4.45186e-05
4.45186e-05
4.45186e-05
4.45186e-05
4.45186e-05
4.45186e-05
4.45186e-05
4.45186e-05
4.45186e-05
4.45186e-05
4.45186e-05
4.45186e-05
4.45186e-05
4.45186e-05
4.45186e-05
4.45186e-05
4.45186e-05
4.45186e-05
4.45186e-05
4.45186e-05
4.45186e-05
4.45186e-05
4.45186e-05
4.45186e-05
4.45186e-05
4.45186e-05
4.45186e-05
4.45186e-05
4.45186e-05
4.45186e-05
4.45186e-05
4.45186e-05
4.45186e-05
4.45186e-05
4.45186e-05
4.45186e-05
4.45186e-05
4.45186e-05
4.45186e-05
4.45186e-05
4.45186e-05
4.45186e-05
4.45186e-05
4.45186e-05
4.45186e-05
4.45186e-05
4.45186e-05
4.45186e-05
4.45186e-05
4.45186e-05
4.45186e-05
4.45186e-05
4.45186e-05
4.45186e-05
4.45186e-05
4.45186e-05
4.45186e-05
4.45186e-05
4.45186e-05
4.45186e-05
4.45186e-05
4.45186e-05
4.45186e-05
4.45186e-05
4.45186e-05
4.45186e-05
4.45186e-05
4.45186e-05
4.45186e-05
4.45186e-05
4.45186e-05
4.45186e-05
4.45186e-05
4.45186e-05
4.45186e-05
4.45186e-05
4.45186e-05
4.45186e-05
4.45186e-05
4.45186e-05
4.45186e-05
4.45186e-05
4.45186e-05
4.45186e-05
4.45186e-05
4.45186e-05
4.45186e-05
4.45186e-05
4.45186e-05
4.45186e-05
4.45186e-05
4.45186e-05
4.45186e-05
4.45186e-05
4.45186e-05
4.45186e-05
4.45186e-05
4.45186e-05
4.45186e-05
4.45186e-05
4.45186e-05
4.45186e-05
4.45186e-05
4.45186e-05
4.45186e-05
4.45186e-05
4.45186e-05
4.45186e-05
4.45186e-05
4.45186e-05
4.45186e-05
4.45186e-05
4.45186e-05
4.45186e-05
4.45186e-05
4.45186e-05
4.45186e-05
4.45186e-05
4.45186e-05
4.45186e-05
4.45186e-05
4.45186e-05
4.45186e-05
4.45186e-05
4.45186e-05
4.45186e-05
4.45186e-05
4.45186e-05
4.45186e-05
4.45186e-05
4.45186e-05
4.45186e-05
4.45186e-05
4.45186e-05
4.45186e-05
4.45186e-05
4.45186e-05
4.45186e-05
4.45186e-05
4.45186e-05
4.45186e-05
4.45186e-05
4.45186e-05
4.45186e-05
4.45186e-05
4.45186e-05
4.45186e-05
4.45186e-05
4.45186e-05
4.45186e-05
4.45186e-05
4.45186e-05
4.45186e-05
4.45186e-05
4.45186e-05
4.45186e-05
4.45186e-05
4.45186e-05
4.45186e-05
4.45186e-05
4.45186e-05
4.45186e-05
4.45186e-05
4.45186e-05
4.45186e-05
4.45186e-05
4.45186e-05
4.45186e-05
4.45186e-05
4.45186e-05
4.45186e-05
4.45186e-05
4.45186e-05
4.45186e-05
4.45186e-05
4.45186e-05
4.45186e-05
4.45186e-05
4.45186e-05
4.45186e-05
4.45186e-05
4.45186e-05
4.45186e-05
4.45186e-05
4.45186e-05
4.45186e-05
4.45186e-05
4.45186e-05
4.45186e-05
4.45186e-05
4.45186e-05
4.45186e-05
4.45186e-05
4.45186e-05
4.45186e-05
4.45186e-05
4.45186e-05
4.45186e-05
4.45186e-05
4.45186e-05
4.45186e-05
4.45186e-05
4.45186e-05
4.45186e-05
4.45186e-05
4.45186e-05
4.45186e-05
4.45186e-05
4.45186e-05
4.45186e-05
4.45186e-05
4.45186e-05
4.45186e-05
4.45186e-05
4.45186e-05
4.45186e-05
4.45186e-05
4.45186e-05
4.45186e-05
4.45186e-05
4.45186e-05
4.45186e-05
4.45186e-05
4.45186e-05
4.45186e-05
4.45186e-05
4.45186e-05
4.45186e-05
4.45186e-05
4.45186e-05
4.45186e-05
4.45186e-05
4.45186e-05
4.45186e-05
4.45186e-05
4.45186e-05
4.45186e-05
4.45186e-05
4.45186e-05
4.45186e-05
4.45186e-05
4.45186e-05
4.45186e-05
4.45186e-05
4.45186e-05
4.45186e-05
4.45186e-05
4.45186e-05
4.45186e-05
4.45186e-05
4.45186e-05
4.45186e-05
4.45186e-05
4.45186e-05
4.45186e-05
4.45186e-05
4.45186e-05
4.45186e-05
4.45186e-05
4.45186e-05
4.45186e-05
4.45186e-05
4.45186e-05
4.45186e-05
4.45186e-05
4.45186e-05
4.45186e-05
4.45186e-05
4.45186e-05
4.45186e-05
4.45186e-05
4.45186e-05
4.45186e-05
4.45186e-05
4.45186e-05
4.45186e-05
4.45186e-05
4.45186e-05
4.45186e-05
4.45186e-05
4.45186e-05
4.45186e-05
4.45186e-05
4.45186e-05
4.45186e-05
4.45186e-05
4.45186e-05
4.45186e-05
4.45186e-05
4.45186e-05
4.45186e-05
4.45186e-05
4.45186e-05
4.45186e-05
4.45186e-05
4.45186e-05
4.45186e-05
4.45186e-05
4.45186e-05
4.45186e-05
4.45186e-05
4.45186e-05
4.45186e-05
4.45186e-05
4.45186e-05
4.45186e-05
4.45186e-05
4.45186e-05
4.45186e-05
4.45186e-05
4.45186e-05
4.45186e-05
4.45186e-05
4.45186e-05
4.45186e-05
4.45186e-05
4.45186e-05
4.45186e-05
4.45186e-05
4.45186e-05
4.45186e-05
4.45186e-05
4.45186e-05
4.45186e-05
4.45186e-05
4.45186e-05
4.45186e-05
4.45186e-05
4.45186e-05
4.45186e-05
4.45186e-05
4.45186e-05
4.45186e-05
4.45186e-05
4.45186e-05
4.45186e-05
4.45186e-05
4.45186e-05
4.45186e-05
4.45186e-05
4.45186e-05
4.45186e-05
4.45186e-05
4.45186e-05
4.45186e-05
4.45186e-05
4.45186e-05
4.45186e-05
4.45186e-05
4.45186e-05
4.45186e-05
4.45186e-05
4.45186e-05
4.45186e-05
4.45186e-05
4.45186e-05
4.45186e-05
4.45186e-05
4.45186e-05
4.45186e-05
4.45186e-05
4.45186e-05
4.45186e-05
4.45186e-05
4.45186e-05
4.45186e-05
4.45186e-05
4.45186e-05
4.45186e-05
4.45186e-05
4.45186e-05
4.45186e-05
4.45186e-05
4.45186e-05
4.45186e-05
4.45186e-05
4.45186e-05
4.45186e-05
4.45186e-05
4.45186e-05
4.45186e-05
4.45186e-05
4.45186e-05
4.45186e-05
4.45186e-05
4.45186e-05
4.45186e-05
4.45186e-05
4.45186e-05
4.45186e-05
4.45186e-05
4.45186e-05
4.45186e-05
4.45186e-05
4.45186e-05
4.45186e-05
4.45186e-05
4.45186e-05
4.45186e-05
4.45186e-05
4.45186e-05
4.45186e-05
4.45186e-05
4.45186e-05
4.45186e-05
4.45186e-05
4.45186e-05
4.45186e-05
4.45186e-05
4.45186e-05
4.45186e-05
4.45186e-05
4.45186e-05
4.45186e-05
4.45186e-05
4.45186e-05
4.45186e-05
4.45186e-05
4.45186e-05
4.45186e-05
4.45186e-05
4.45186e-05
4.45186e-05
4.45186e-05
4.45186e-05
4.45186e-05
4.45186e-05
4.45186e-05
4.45186e-05
4.45186e-05
4.45186e-05
4.45186e-05
4.45186e-05
4.45186e-05
4.45186e-05
4.45186e-05
4.45186e-05
4.45186e-05
4.45186e-05
4.45186e-05
4.45186e-05
4.45186e-05
4.45186e-05
4.45186e-05
4.45186e-05
4.45186e-05
4.45186e-05
4.45186e-05
4.45186e-05
4.45186e-05
4.45186e-05
4.45186e-05
4.45186e-05
4.45186e-05
4.45186e-05
4.45186e-05
4.45186e-05
4.45186e-05
4.45186e-05
4.45186e-05
4.45186e-05
4.45186e-05
4.45186e-05
4.45186e-05
4.45186e-05
4.45186e-05
4.45186e-05
4.45186e-05
4.45186e-05
4.45186e-05
4.45186e-05
4.45186e-05
4.45186e-05
4.45186e-05
4.45186e-05
4.45186e-05
4.45186e-05
4.45186e-05
4.45186e-05
4.45186e-05
4.45186e-05
4.45186e-05
4.45186e-05
4.45186e-05
4.45186e-05
4.45186e-05
4.45186e-05
4.45186e-05
4.45186e-05
4.45186e-05
4.45186e-05
4.45186e-05
4.45186e-05
4.45186e-05
4.45186e-05
4.45186e-05
4.45186e-05
4.45186e-05
4.45186e-05
4.45186e-05
4.45186e-05
4.45186e-05
4.45186e-05
4.45186e-05
4.45186e-05
4.45186e-05
4.45186e-05
4.45186e-05
4.45186e-05
4.45186e-05
4.45186e-05
4.45186e-05
4.45186e-05
4.45186e-05
4.45186e-05
4.45186e-05
4.45186e-05
4.45186e-05
4.45186e-05
4.45186e-05
4.45186e-05
4.45186e-05
4.45186e-05
4.45186e-05
4.45186e-05
4.45186e-05
4.45186e-05
4.45186e-05
4.45186e-05
4.45186e-05
4.45186e-05
4.45186e-05
4.45186e-05
4.45186e-05
4.45186e-05
4.45186e-05
4.45186e-05
4.45186e-05
4.45186e-05
4.45186e-05
4.45186e-05
4.45186e-05
4.45186e-05
4.45186e-05
4.45186e-05
4.45186e-05
4.45186e-05
4.45186e-05
4.45186e-05
4.45186e-05
4.45186e-05
4.45186e-05
4.45186e-05
4.45186e-05
4.45186e-05
4.45186e-05
4.45186e-05
4.45186e-05
4.45186e-05
4.45186e-05
4.45186e-05
4.45186e-05
4.45186e-05
4.45186e-05
4.45186e-05
4.45186e-05
4.45186e-05
4.45186e-05
4.45186e-05
4.45186e-05
4.45186e-05
4.45186e-05
4.45186e-05
4.45186e-05
4.45186e-05
4.45186e-05
4.45186e-05
4.45186e-05
4.45186e-05
4.45186e-05
4.45186e-05
4.45186e-05
4.45186e-05
4.45186e-05
4.45186e-05
4.45186e-05
4.45186e-05
4.45186e-05
4.45186e-05
4.45186e-05
4.45186e-05
4.45186e-05
4.45186e-05
4.45186e-05
4.45186e-05
4.45186e-05
4.45186e-05
4.45186e-05
4.45186e-05
4.45186e-05
4.45186e-05
4.45186e-05
4.45186e-05
4.45186e-05
4.45186e-05
4.45186e-05
4.45186e-05
4.45186e-05
4.45186e-05
4.45186e-05
4.45186e-05
4.45186e-05
4.45186e-05
4.45186e-05
4.45186e-05
4.45186e-05
4.45186e-05
4.45186e-05
4.45186e-05
4.45186e-05
4.45186e-05
4.45186e-05
4.45186e-05
4.45186e-05
4.45186e-05
4.45186e-05
4.45186e-05
4.45186e-05
4.45186e-05
4.45186e-05
4.45186e-05
4.45186e-05
4.45186e-05
4.45186e-05
4.45186e-05
4.45186e-05
4.45186e-05
4.45186e-05
4.45186e-05
4.45186e-05
4.45186e-05
4.45186e-05
4.45186e-05
4.45186e-05
4.45186e-05
4.45186e-05
4.45186e-05
4.45186e-05
4.45186e-05
4.45186e-05
4.45186e-05
4.45186e-05
4.45186e-05
4.45186e-05
4.45186e-05
4.45186e-05
4.45186e-05
4.45186e-05
4.45186e-05
4.45186e-05
4.45186e-05
4.45186e-05
4.45186e-05
4.45186e-05
4.45186e-05
4.45186e-05
4.45186e-05
4.45186e-05
4.45186e-05
4.45186e-05
4.45186e-05
4.45186e-05
4.45186e-05
4.45186e-05
4.45186e-05
4.45186e-05
4.45186e-05
4.45186e-05
4.45186e-05
4.45186e-05
4.45186e-05
4.45186e-05
4.45186e-05
4.45186e-05
4.45186e-05
4.45186e-05
4.45186e-05
4.45186e-05
4.45186e-05
4.45186e-05
4.45186e-05
4.45186e-05


0.00117161
-0.029952
0.00633605
0.0530956
0.0167068
-0.1567
-0.240472
0.026509
0.273588
0.00933953
-0.156001
0.074105
0.0423457
-0.0819517
0.0935253
-0.230174
-0.126113
-0.0434059
-0.0860559
0.219402
-0.253762
-0.118564
0.0671077
0.0219031
0.0147858
-0.161608
0.103212
-0.273051
-0.258856
-0.0277514

0.03

