0.293954
0.0926201
0.0858311
0.0858311
0.0858311
0.0858311
0.0858311
0.0858311
0.0858311
0.0790564
0.0790564
0.0512817
0.0378918
0.0315479
0.0297299
0.0297299
0.0297299
0.0297299
0.026998
0.026998
0.026998
0.0184324
0.0184324
0.0184324
0.0184324
0.0184324
0.0184324
0.0184324
0.0184324
0.0184324
0.0178234
0.0178234
0.0178234
0.0178234
0.0178234
0.0178234
0.0178234
0.0178234
0.0178234
0.0178234
0.0178234
0.0145517
0.0145517
0.0145517
0.0145517
0.0145517
0.0145517
0.0145517
0.0145517
0.0145517
0.0144166
0.0144166
0.0144166
0.0137264
0.0137264
0.0137264
0.0135651
0.0135651
0.0135651
0.0135631
0.0135631
0.0135631
0.0135631
0.0135631
0.0135631
0.0134916
0.0134916
0.0134916
0.0134916
0.0134916
0.0134916
0.0134916
0.0134916
0.0134916
0.0134608
0.0134608
0.013384
0.013384
0.013384
0.013384
0.013384
0.0132917
0.0132917
0.0132917
0.0115259
0.0115259
0.0115259
0.0115259
0.0115259
0.0115259
0.0115259
0.0115259
0.0115259
0.0115259
0.00843782
0.00843782
0.00843782
0.00763459
0.00742925
0.00739457
0.00736513
0.00736513
0.00736513
0.00736513
0.00736513
0.00736513
0.00736513
0.00692603
0.00692603
0.00692603
0.00692603
0.00692603
0.00692603
0.00692603
0.00692603
0.00692603
0.00692603
0.00692603
0.00688832
0.00688832
0.00688832
0.00688832
0.00688832
0.00552269
0.00552269
0.00552269
0.00552269
0.00552269
0.00552269
0.00552269
0.00552269
0.00552269
0.00552269
0.00552269
0.00511193
0.00511193
0.00511193
0.00511193
0.00511193
0.00511193
0.00511193
0.00511193
0.00511193
0.00511193
0.00511193
0.00511193
0.00511193
0.00511193
0.00511193
0.00511193
0.00511193
0.00511193
0.00511193
0.00511193
0.00511193
0.00511193
0.00511193
0.00511193
0.00511193
0.00511193
0.00511193
0.00511193
0.00511193
0.00511193
0.00511193
0.00511193
0.00511193
0.00511193
0.00511193
0.00511193
0.00511193
0.00511193
0.00511193
0.00511193
0.00511193
0.00511193
0.00511193
0.00511193
0.00511193
0.00511193
0.00511193
0.00511193
0.00511193
0.00511193
0.00511193
0.00510149
0.00510149
0.00510149
0.00510149
0.00510149
0.00510149
0.00510149
0.00510149
0.00510149
0.00510149
0.00510149
0.00510149
0.00510149
0.00510149
0.00510149
0.00510149
0.00510149
0.00510149
0.00510149
0.00510149
0.00510149
0.00510149
0.00510149
0.00510149
0.00510149
0.00510149
0.00510149
0.00510149
0.00510149
0.00510149
0.00510149
0.00510149
0.00510149
0.00510149
0.00510149
0.00503066
0.00503066
0.00503066
0.00503066
0.00503066
0.00503066
0.00503066
0.00503066
0.00503066
0.00503066
0.00503066
0.00503066
0.00503066
0.00503066
0.00503066
0.00503066
0.00503066
0.00503066
0.00503066
0.00503066
0.00503066
0.00503066
0.00503066
0.00503066
0.00503066
0.00503066
0.00503066
0.00503066
0.00503066
0.00485083
0.00481185
0.00480816
0.00480816
0.00480816
0.00480816
0.00480816
0.00480816
0.00480816
0.00480816
0.00480816
0.00480816
0.00480816
0.00480816
0.00480816
0.00480816
0.00480816
0.00480816
0.00480816
0.00480816
0.00480816
0.00480816
0.00480816
0.00480816
0.00480816
0.00480265
0.00480265
0.00480265
0.00480265
0.00480265
0.00480265
0.00480265
0.00480265
0.00480265
0.00480265
0.00480265
0.00480265
0.00480265
0.00480265
0.00480265
0.00421968
0.00421968
0.00421968
0.00421968
0.00421968
0.00421968
0.00421968
0.00421968
0.00421968
0.00421968
0.00421968
0.00421968
0.00421968
0.00421968
0.00421968
0.00421968
0.00421968
0.00421968
0.00421968
0.00421968
0.00421968
0.00421968
0.00421968
0.00421968
0.00421968
0.00421968
0.00421968
0.00421968
0.00421968
0.00421968
0.00421968
0.00421968
0.00421968
0.00421968
0.00421968
0.00421968
0.00421968
0.00421968
0.00421968
0.00421968
0.00421968
0.00421968
0.00421968
0.00421968
0.00421968
0.00421968
0.00421968
0.00421968
0.00421968
0.00421968
0.00421968
0.00421968
0.00421968
0.00421968
0.00421968
0.00421968
0.00421968
0.00421968
0.00421968
0.00421968
0.00421968
0.00421968
0.00421968
0.00421968
0.00421968
0.00421968
0.00421968
0.00421968
0.00421968
0.00421968
0.00421968
0.00421968
0.00421968
0.00421968
0.00421968
0.00421968
0.00421968
0.00421968
0.00421968
0.00421968
0.00421968
0.00421968
0.00421968
0.00421968
0.00421968
0.00421968
0.00421968
0.00421968
0.00421968
0.00421968
0.00421936
0.00421936
0.00421936
0.00421935
0.00421935
0.00421935
0.00421935
0.00421935
0.00421935
0.00421935
0.00421935
0.00421935
0.00421935
0.00421935
0.00421935
0.00421935
0.00421929
0.00421929
0.00421929
0.00421929
0.00421929
0.00421929
0.00421929
0.00421929
0.00421929
0.00421929
0.00421929
0.00421929
0.00421929
0.00421929
0.00421929
0.00421929
0.00421875
0.00421875
0.00421875
0.00421875
0.00421875
0.00421829
0.00421805
0.00421805
0.00421805
0.00421805
0.00421805
0.00421805
0.00421805
0.00421805
0.00421805
0.00421805
0.00421805
0.00421805
0.00421805
0.00421805
0.00421805
0.00421805
0.00421805
0.00421805
0.00421805
0.00417046
0.00417046
0.00417046
0.00417046
0.00417046
0.00417046
0.00417046
0.00417046
0.00384895
0.00384895
0.00384895
0.00384895
0.00384895
0.00384895
0.00384895
0.00384763
0.00384763
0.00384763
0.00384763
0.00384763
0.00384763
0.00384763
0.00384763
0.00384763
0.00384763
0.00384568
0.00384568
0.00384568
0.00384568
0.00384568
0.00384559
0.00384559
0.00384559
0.00384559
0.00384559
0.00384559
0.00384559
0.00384559
0.00384559
0.00384559
0.00384559
0.00384559
0.00384559
0.00384559
0.00384559
0.00384559
0.00384559
0.00384559
0.00384559
0.00384559
0.00384559
0.00384559
0.00384559
0.00384559
0.00384559
0.00384559
0.00384559
0.00384559
0.00384559
0.00384559
0.00384559
0.00384559
0.00384559
0.00384559
0.00384559
0.00384559
0.00384559
0.00384559
0.00384559
0.00384547
0.00384547
0.00384547
0.00384547
0.00384547
0.00384547
0.00384547
0.00384547
0.00384547
0.00384547
0.00384547
0.00384547
0.00384547
0.00384547
0.00384547
0.00384547
0.00384547
0.00384547
0.00384547
0.00384547
0.00384547
0.00384547
0.00384547
0.00384547
0.00384547
0.00384547
0.00384547
0.0038454
0.0038454
0.0038454
0.0038454
0.0038454
0.0038454
0.0038454
0.0038454
0.0038454
0.0038454
0.0038454
0.0038454
0.0038454
0.0038454
0.0038454
0.0038454
0.0038454
0.0038454
0.000409367
0.000409367
0.000409367
0.000409367
0.000409367
0.000409367
0.000409367
0.000409367
0.000409367
0.000409367
0.000409367
0.000409367
0.000409367
0.000409367
0.000409367
0.000409367
0.000409367
0.000409367
0.000409367
0.000409367
0.000409367
0.000409367
0.000409367
0.000409367
0.000409367
0.000409367
0.000409367
0.000409367
0.000409367
0.000409367
0.000409367
0.000409367
0.000409367
0.000409367
0.000409367
0.000409367
0.000409367
0.000409367
0.000409367
0.000409367
0.000409367
0.000409367
0.000409367
0.000409367
0.000409367
0.000409367
0.000409367
0.000409367
0.000409367
0.000409367
0.000409367
0.000409367
0.000409367
0.000409367
0.000409367
0.000409367
0.000409367
0.000409367
0.000409367
0.000409367
0.000409367
0.000409367
0.000409367
0.000409367
0.000409367
0.000409367
0.000409367
0.000409367
0.000409367
0.000409367
0.000409367
0.000409367
0.000409367
0.000409367
0.000409367
0.000409367
0.000409367
0.000409367
0.000409367
0.000409367
0.000409367
0.000409367
0.000395636
0.000395636
0.000395636
0.000395636
0.000395636
0.000395636
0.000395636
0.000346463
0.000346463
0.000346463
0.000346463
0.000346463
0.000346463
0.000346463
0.000346463
0.000346463
0.000346463
0.000346463
0.000346463
0.000346463
0.000346463
0.000346463
0.000346461
0.000346461
0.000346461
0.000346461
0.000341647
0.000341647
0.000341647
0.000341647
0.000341647
0.000341647
0.000341647
0.000341647
0.000341647
0.000341647
0.000341647
0.000341647
0.000341647
0.000341647
0.000341647
0.000341647
0.000341647
0.000341647
0.000341647
0.000341647
0.000341647
0.000341647
0.000341647
0.000341647
0.000341647
0.000341647
0.000341647
0.000341647
0.000341647
0.000341647
0.000341647
0.000341647
0.000341647
0.000341647
0.000341647
0.000341647
0.000341647
0.000341647
0.000341647
0.000341647
0.000341647
0.000341647
0.000341647
0.000341647
0.000341647
0.000341647
0.000341647
0.000341647
0.000341647
0.000341647
0.000341647
0.000341647
0.000341647
0.000341647
0.000341647
0.000341644
0.000341634
0.000341634
0.000341634
0.000341634
0.000341634
0.000341634
0.000341634
0.000341634
0.000341634
0.000341634
0.000341634
0.000341634
0.000341634
0.000341632
0.000341632
0.000341632
0.000341632
0.000341632
0.000341632
0.000341632
0.000341632
0.000341632
0.000341632
0.000341632
0.000341632
0.000341632
0.000341632
0.000341632
0.000341632
0.00034105
0.00034105
0.00034105
0.000340877
0.000340877
0.000340877
0.000340877
0.000340826
0.000340826
0.000340826
0.000340826
0.000340826
0.000340826
0.000340826
0.000340826
0.000340826
0.000340826
0.000340826
0.000340826
0.000340826
0.000340826
0.000340826
0.000340826
0.000340826
0.000340826
0.000340826
0.000340826
0.000340826
0.000340826
0.000340826
0.000340826
0.000340826
0.000340826
0.000340826
0.000340826
0.000340826
0.000340826
0.000340826
0.000340826
0.000340826
0.000340826
0.000340826
0.000340826
0.000340826
0.000340826
0.000340826
0.000340826
0.000340826
0.000340826
0.000340826
0.000340826
0.000340826
0.000340826
0.000340826
0.000340826
0.000340826
0.000340826
0.000340826
0.000340826
0.000340823
0.000340823
0.000340823
0.000340823
0.000340823
0.000340823
0.00034082
0.00034082
0.00034082
0.00034082
0.00034082
0.00034082
0.00034082
0.00034082
0.00034082
0.00034082
0.00034082
0.00034082
0.00034082
0.00034082
0.00034082
0.00034082
0.00034082
0.00034082
0.00034082
0.000332184
0.000332184
0.000332184
0.000332184
0.000332184
0.000332182
0.000332182
0.000332182
0.000332182
0.000332182
0.000332182
0.000332182
0.000332182
0.000332182
0.000332182
0.000332182
0.000332182
0.000332182
0.000332182
0.000332182
0.000332182
0.000331907
0.000331907
0.000331907
0.000331907
0.000331907
0.000331907
0.000331821
0.000331821
0.000331821
0.000331821
0.000331821
0.000331821
0.000331821
0.000331821
0.000331821
0.000331821
0.000331821
0.000331821
0.000331821
0.000331821
0.000331821
0.000331821
0.000331821
0.000331821
0.000331821
0.000331821
0.000331821
0.000331821
0.000331821
0.000331821
0.000331821
0.000331821
0.000331821
0.000331821
0.000331821
0.000331821
0.000331821
0.000331821
0.000331821
0.000331821
0.000331821
0.000331821
0.000331821
0.000331821
0.000331821
0.000331821
0.000331821
0.000331821
0.000331821
0.000331821
0.000331821
0.000331821
0.000331821
0.000331821
0.000331821
0.000331821
0.000331821
0.000331821
0.000331821
0.000331821
0.000331821
0.000331821
0.000331821
0.000331821
0.000331821
0.000331821
0.000331821
0.000331821
0.000331821
0.000331821
0.000331821
0.000331821
0.000331821
0.000331821
0.000331821
0.000331821
0.000331821
0.000331821
0.000331821
0.000331821
0.000331821
0.000331821
0.000331821
0.000331821
0.000331821
0.000331332
0.000331332
0.000331332
0.000331332
0.000331332
0.000331332
0.000331332
0.000331332
0.000331332
0.000331332
0.000331332
0.000331332
0.000331332
0.000331332
0.000331332
0.000331332
0.000331332
0.000331291
0.000331291
0.000330964
0.000330964
0.000330964
0.000330964
0.000330964
0.000330964
0.000330964
0.000330964
0.000330964
0.000330964
0.000330964
0.000330964
0.000330964
0.000330938
0.000330938
0.000330938
0.000330938
0.000330938
0.000330938
0.000330938
0.000330938
0.000330938
0.000330938
0.000330938
0.000330938
0.000330938
0.000330938
0.000330938
0.000330938
0.000330938
0.000330938
0.000330938
0.000330938
0.000330938
0.000330938
0.000330938
0.000330938
0.000330938
0.000330938
0.000330938
0.000330938
0.000330938
0.000330938
0.000330938
0.000330938
0.000330938
0.000330938
0.000330938
0.000330938
0.000330938
0.000330938
0.000330938
0.000330938
0.000330938
0.000330938
0.000330938
0.000330938
0.000330938
0.000330938
0.000330938
0.000330938
0.000330938
0.000330938
0.000330938
0.000330938
0.000330938
0.000330938
0.000330938
0.000330938
0.000330938
0.000330938
0.000330938
0.000330938
0.000330938
0.000330938
0.000330938
0.000330938
0.000330938
0.000330938
0.000330938
0.000330938
0.000330938
0.000330936
0.000330936
0.000330936
0.000330936
0.000330936
0.000330936
0.000330936
0.000330936
0.000330936
0.000330936
0.000330936
0.000330936
0.000330936
0.000330936
0.000330936
0.000330936
0.000330936
0.000330936
0.000330936
0.000330936
0.000330936
0.000330936
0.000330936
0.000330936
0.000330936
0.000330936
0.000330936
0.000330936
0.000330936
0.000330936
0.000330936
0.000330936
0.000330936
0.000330936
0.000330936
0.000330936
0.000330936
0.000330936
0.000330936
0.000330936
0.000330936
0.000330936
0.000330936
0.000330936
0.000330936
0.000330936
0.000330936
0.000330936
0.000330936
0.000330936
0.000330936
0.000330936
0.000330936
0.000330936
0.000330936
0.000330936
0.000330936
0.000330936
0.000330936
0.000330936
0.000330936
0.000330936
0.000330936
0.000330936
0.000330936
0.000330936
0.000330936
0.000330936
0.000330936
0.000330936
0.000330936
0.000330936
0.000330936
0.000330936
0.000330936
0.000330936
0.000330936
0.000330936
0.000330936
0.000330936
0.000330936
0.000330936
0.000330936
0.000330936
0.000330936
0.000330936
0.000330936
0.000330936
0.000330936
0.000330936
0.000330936
0.000330936
0.000330936
0.000330936
0.000330936
0.000330936
0.000330936
0.000330936
0.000330936
0.000330936
0.000330936
0.000330936
0.000330936
0.000330936
0.000330936
0.000330936
0.000330936
0.000330936
0.000330936
0.000330936
0.000330936
0.000330936
0.000330936
0.000330936
0.000330936
0.000330936
0.000330936
0.000330936
0.000330936
0.000330936
0.000330936
0.000330936
0.000330936
0.000330936
0.000330936
0.000330936
0.000330936
0.000330936
0.000330936
0.000330936
0.000330936
0.000330936
0.000330936
0.000330936
0.000330936
0.000330936
0.000330936
0.000330936
0.000330936
0.000330936
0.000330936
0.000330936
0.000330936
0.000330936
0.000330936
0.000330936
0.000330936
0.000330936
0.000330936
0.000330936
0.000330936
0.000330936
0.000330936
0.000330936
0.000330936
0.000330936
0.000330936
0.000330936
0.000330936
0.000330936
0.000330936
0.000330936
0.000330936
0.000330936
0.000330936
0.000330936
0.000330936
0.000330936
0.000330936
0.000330936
0.000330936
0.000330936
0.000330936
0.000330936
0.000330936
0.000330936
0.000330936
0.000330936
0.000330936
0.000330936
0.000330936
0.000330936
0.000330936
0.000330936
0.000330936
0.000330936
0.000330936
0.000330936
0.000330936
0.000330936
0.000330936
0.000330936
0.000330936
0.000330936
0.000330936
0.000330936
0.000330936
0.000330936
0.000330936
0.000330936
0.000330936
0.000330936
0.000330936
0.000330936
0.000330936
0.000330936
0.000330936
0.000330936
0.000330936
0.000330936
0.000330936
0.000330936
0.000330936
0.000330936
0.000330936
0.000330936
0.000330936
0.000330936
0.000330936
0.000330936
0.000330936
0.000330936
0.000330936
0.000330936
0.000330936
0.000330936
0.000330936
0.000330936
0.000330936
0.000330936
0.000330936
0.000330936
0.000330936
0.000330936
0.000330936
0.000330936
0.000330936
0.000330936
0.000330936
0.000330936
0.000330936
0.000330936
0.000330936
0.000330936
0.00019418
0.00019418
0.00019418
0.00019418
0.00019418
0.00019418
0.00019418
0.00019418
0.00019418
0.00019418
0.00019418
0.00019418
0.00019418
0.00019418
0.00019418
0.00019418
0.00019418
0.00019418
0.00019418
0.00019418
0.00019418
0.00019418
0.00019418
0.00019418
0.00019418
0.00019418
0.00019418
0.00019418
0.00019418
0.00019418
0.00019418
9.0491e-05
9.0491e-05
9.0491e-05
9.0491e-05
2.88508e-05
2.88508e-05
2.88508e-05
2.88508e-05
2.88508e-05
2.88508e-05
6.09685e-06
6.09685e-06
6.09685e-06
6.09685e-06
6.09685e-06
6.09685e-06
6.09685e-06
6.09685e-06
6.09685e-06
6.09685e-06
6.09685e-06
6.09685e-06
6.09685e-06
6.09685e-06
6.09685e-06
6.09685e-06
6.09685e-06
6.09685e-06
6.09685e-06
6.09685e-06
6.09685e-06
6.09685e-06
6.09685e-06
6.09685e-06
6.09685e-06
6.09685e-06
6.09685e-06
6.09685e-06
6.09685e-06
6.09685e-06
6.09685e-06
6.09685e-06
6.09685e-06
6.09685e-06
6.09685e-06
6.09685e-06
6.09685e-06
6.09685e-06
6.09685e-06
6.09685e-06
6.09685e-06
6.09685e-06
6.09685e-06
6.09685e-06
6.09685e-06
6.09685e-06
6.09685e-06
6.09685e-06
6.09685e-06
6.09685e-06
6.09685e-06
6.09685e-06
6.09685e-06
6.09685e-06
6.09685e-06
6.09685e-06
6.09685e-06
6.09685e-06
6.09685e-06
6.09685e-06
6.09685e-06
6.09551e-06
6.09534e-06
6.09534e-06
6.09534e-06
6.09534e-06
6.09534e-06
6.09534e-06
6.09524e-06
6.09524e-06
6.09524e-06
6.09524e-06
6.09524e-06
6.09524e-06
6.09524e-06
6.09524e-06
6.09524e-06
6.09524e-06
6.09524e-06
6.09524e-06
6.09524e-06
6.09524e-06
6.09524e-06
6.09524e-06
6.09524e-06
6.09524e-06
6.09524e-06
6.09524e-06
5.98417e-06
5.98417e-06
5.98417e-06
5.98417e-06
5.98417e-06
5.98417e-06
5.98417e-06
5.98417e-06
5.98417e-06
5.98417e-06
5.98417e-06
5.98417e-06
5.98417e-06
5.98417e-06
5.98417e-06
5.98417e-06
5.98417e-06
5.98417e-06
5.98417e-06
5.98417e-06
5.98417e-06
5.98417e-06
5.98417e-06
5.98417e-06
5.98417e-06
5.98417e-06
5.98417e-06
5.98417e-06
5.98417e-06
5.98417e-06
5.98417e-06
5.98417e-06
5.98417e-06
5.98417e-06
5.98417e-06
5.98417e-06
5.98417e-06
5.98417e-06
5.98417e-06
5.98417e-06
5.98417e-06
5.98417e-06
5.98417e-06
5.98417e-06
5.98417e-06
5.98417e-06
5.98417e-06
5.98417e-06
5.98417e-06
5.98417e-06
5.98417e-06
5.98417e-06
5.98417e-06
5.98417e-06
5.98417e-06
5.98417e-06
5.98417e-06
5.98417e-06
5.98417e-06
5.98417e-06
5.98417e-06
5.98417e-06
5.98417e-06
5.98417e-06
5.98417e-06
5.98417e-06
5.98417e-06
5.98417e-06
5.98417e-06
5.98417e-06
5.98417e-06
5.98417e-06
5.98417e-06
5.98417e-06
5.98417e-06
5.98417e-06
5.98417e-06
5.98417e-06
5.98417e-06
5.98417e-06
5.98396e-06
5.98396e-06
5.98396e-06
5.98396e-06
5.98396e-06
5.98396e-06
5.98396e-06
5.98396e-06
5.98396e-06
5.98396e-06
5.98394e-06
5.98394e-06
5.98394e-06
5.98394e-06
5.98394e-06
5.98394e-06
5.98394e-06
5.98394e-06
5.98394e-06
5.98394e-06
5.98394e-06
5.98394e-06
5.98394e-06
5.98394e-06
5.98394e-06
5.98394e-06
5.98394e-06
5.98394e-06
5.98394e-06
5.98394e-06
5.98394e-06
5.98394e-06
5.98394e-06
5.98394e-06
5.98394e-06
5.98394e-06
5.98394e-06
5.84263e-06
5.84263e-06
5.84263e-06
5.84263e-06
5.84263e-06
5.84263e-06
5.84263e-06
5.84263e-06
5.84263e-06
5.84263e-06
5.84263e-06
5.84263e-06
5.84263e-06
5.84263e-06
5.84263e-06
5.84263e-06
5.84263e-06
5.84263e-06
5.84263e-06
5.84263e-06
5.84263e-06
5.84263e-06
5.84263e-06
5.84263e-06
5.84263e-06
5.84263e-06
5.84263e-06
5.84263e-06
5.84263e-06
5.84263e-06
5.84263e-06
5.84263e-06
5.84263e-06
5.84263e-06
5.84263e-06
5.84263e-06
5.84263e-06
5.84263e-06
5.84263e-06
5.84263e-06
5.84263e-06
5.84263e-06
5.84263e-06
5.84263e-06
5.84263e-06
5.84263e-06
5.84263e-06
5.84263e-06
5.84263e-06
5.84263e-06
5.84263e-06
5.84263e-06
5.84263e-06
5.84263e-06
5.84263e-06
5.84263e-06
5.84263e-06
5.84263e-06
5.84263e-06
5.84263e-06
5.84263e-06
5.84263e-06
5.84263e-06
5.84263e-06
5.84263e-06
5.84263e-06
5.84263e-06
5.84263e-06
5.84263e-06
5.84263e-06
5.84263e-06
5.84263e-06
5.84263e-06
5.84263e-06
5.84263e-06
5.84263e-06
5.84263e-06
5.84263e-06
5.84263e-06
5.84263e-06
5.84263e-06
5.84263e-06
5.84263e-06
5.84263e-06
5.84263e-06
5.84263e-06
5.84263e-06
5.84263e-06
5.84263e-06
5.84263e-06
5.84263e-06
5.74162e-06
5.74162e-06
5.74162e-06
5.74162e-06
5.74162e-06
5.74162e-06
5.74162e-06
5.74162e-06
5.74162e-06
5.74162e-06
5.74162e-06
5.74162e-06
5.74162e-06
5.74162e-06
5.74162e-06
5.74162e-06
5.74162e-06
5.74162e-06
5.74162e-06
5.74162e-06
5.74162e-06
5.74162e-06
5.74162e-06
5.74162e-06
5.74162e-06
5.74162e-06
5.74162e-06
5.74162e-06
5.74162e-06
5.74162e-06
5.74162e-06
5.74162e-06
5.74162e-06
5.74162e-06
5.74162e-06
5.74162e-06
5.74162e-06
5.74162e-06
5.74162e-06
5.74162e-06
5.74162e-06
5.74162e-06
5.74162e-06
5.74162e-06
5.74162e-06
5.74162e-06
5.74162e-06
5.74162e-06
5.74162e-06
5.74162e-06
5.74162e-06
5.74162e-06
5.74162e-06
5.74162e-06
5.74162e-06
5.74162e-06
5.74162e-06
5.74162e-06
5.74162e-06
5.74162e-06
5.74162e-06
5.74162e-06
5.74162e-06
5.74162e-06
5.74162e-06
5.74162e-06
5.74162e-06
5.74162e-06
5.74162e-06
5.74162e-06
5.74162e-06
5.74162e-06
5.74162e-06
5.74162e-06
5.74162e-06
5.74162e-06
5.74162e-06
5.74162e-06
5.74162e-06
5.74162e-06
5.74148e-06
5.74148e-06
5.74148e-06
5.74146e-06
5.74146e-06
5.74146e-06
5.74146e-06
5.74146e-06
5.74146e-06
5.74146e-06
5.74146e-06
5.74146e-06
5.74146e-06
5.74146e-06
5.74146e-06
5.74146e-06
5.74146e-06
5.74146e-06
5.74146e-06
5.74146e-06
5.74146e-06
5.74146e-06
5.74146e-06
5.74146e-06
5.74146e-06
5.74146e-06
5.74146e-06
5.74146e-06
5.74146e-06
5.74098e-06
5.74098e-06
5.74098e-06
5.74098e-06
5.74098e-06
5.74098e-06
5.74098e-06
5.74098e-06
5.74098e-06
5.74098e-06
5.74098e-06
5.74098e-06
5.74098e-06
5.74098e-06
5.74098e-06
5.74098e-06
5.74098e-06
5.74098e-06
5.74098e-06
5.74098e-06
5.74098e-06
5.74098e-06
5.74098e-06
5.74098e-06
5.74098e-06
5.74098e-06
5.74098e-06
5.74098e-06
5.74098e-06
5.74098e-06
5.74098e-06
5.74098e-06
5.74098e-06
5.74098e-06
5.74098e-06
5.74098e-06
5.74098e-06
5.74098e-06
5.74098e-06
5.74098e-06
5.74098e-06
5.74098e-06
5.74098e-06
5.74098e-06
5.74098e-06
5.74098e-06
5.74098e-06
5.74098e-06
5.74098e-06
5.74098e-06
5.74098e-06
5.74098e-06
5.74098e-06
5.74098e-06
5.74098e-06
5.74098e-06
5.74098e-06
5.74098e-06
5.74098e-06
5.74098e-06
5.74098e-06
5.74098e-06
5.74098e-06
5.74098e-06
5.74098e-06
5.74098e-06
5.74098e-06
5.74098e-06
5.74098e-06
5.74098e-06
5.74098e-06
5.74098e-06
5.74098e-06
5.74098e-06
5.74098e-06
5.74098e-06
5.74098e-06
5.74093e-06
5.74093e-06
5.74093e-06
5.74093e-06
5.74093e-06
5.74093e-06
5.74093e-06
5.74093e-06
5.74093e-06
5.74093e-06
5.74093e-06
5.74093e-06
5.74093e-06
5.74093e-06
5.74093e-06
5.74093e-06
5.74093e-06
5.74093e-06
5.74093e-06
5.74093e-06
5.74093e-06
5.74093e-06
5.74093e-06
5.74093e-06
5.74093e-06
5.74093e-06
5.74093e-06
5.74093e-06
5.74093e-06
5.74093e-06
5.74093e-06
5.74093e-06
5.74093e-06
5.74093e-06
5.74093e-06
5.74093e-06
5.74093e-06
5.74093e-06
5.74093e-06
5.74093e-06
5.74093e-06
5.74093e-06
5.74093e-06
5.74093e-06
5.74093e-06
5.74093e-06
5.74093e-06
5.74093e-06
5.74093e-06
5.74093e-06
5.74093e-06
5.74093e-06
5.74093e-06
5.74093e-06
5.74093e-06
5.74093e-06
5.74093e-06
5.74093e-06
5.74093e-06
5.74093e-06
5.74093e-06
5.74093e-06
5.74093e-06
5.74093e-06
5.74093e-06
5.74093e-06
5.74093e-06
5.74093e-06
5.74093e-06
5.74093e-06
5.74093e-06
5.74093e-06
5.74093e-06
5.74093e-06
5.74093e-06
5.74093e-06
5.74093e-06
5.74093e-06
5.74093e-06
1.68234e-06
1.68234e-06
1.68234e-06
1.68234e-06
1.68234e-06
1.68234e-06
1.68234e-06
1.68234e-06
1.68234e-06
1.68234e-06
1.68234e-06
1.68234e-06
1.68234e-06
1.68234e-06
1.68234e-06
1.68234e-06
1.68234e-06
1.68234e-06
1.68234e-06
1.68234e-06
1.68234e-06
1.68234e-06
1.68234e-06
1.68234e-06
1.68234e-06
1.68234e-06
1.68234e-06
1.68234e-06
1.68234e-06
1.68234e-06
1.68234e-06
1.68234e-06
1.68234e-06
1.68234e-06
1.68234e-06
1.68234e-06
1.68234e-06
1.68234e-06
1.68234e-06
1.68234e-06
1.68234e-06
1.68234e-06
1.68234e-06
1.68234e-06
1.68234e-06
1.68234e-06
1.68234e-06
1.68234e-06
1.68234e-06
1.68234e-06
1.68234e-06
1.68234e-06
1.68234e-06
1.68234e-06
1.68234e-06
1.68234e-06
1.68234e-06
1.68234e-06
1.68234e-06
1.68234e-06
1.68234e-06
1.68234e-06
1.68234e-06
1.68234e-06
1.68234e-06
1.68234e-06
1.68234e-06
1.68234e-06
1.68234e-06
1.68234e-06
1.68234e-06
1.68234e-06
1.68234e-06
1.68234e-06
1.68234e-06
1.68234e-06
1.68234e-06
1.68234e-06
1.68234e-06
1.68234e-06
1.68234e-06
1.68234e-06
1.68234e-06
1.68234e-06
1.68234e-06
1.68234e-06
1.68234e-06
1.68234e-06
1.68234e-06
1.68234e-06
1.68234e-06
1.68234e-06
1.68234e-06
1.68234e-06
1.68234e-06
1.68234e-06
1.68234e-06
1.68234e-06
1.68234e-06
1.68234e-06
1.68234e-06
1.68234e-06
1.68234e-06
1.68234e-06
1.68234e-06
1.68234e-06
1.68234e-06
1.68234e-06
1.68234e-06
1.68234e-06
1.68234e-06
1.68234e-06
1.68234e-06
1.68234e-06
1.68234e-06
1.68234e-06
1.68234e-06
1.68234e-06
1.68234e-06
1.68234e-06


0.00016886
-0.0113834
0.0188898
-0.0341023
0.0110869
-0.0501642
-0.0904859
-0.0249132
-0.0254979
-0.0444166
-0.0514922
-0.0895765
0.115771
-0.0988375
-0.10905
-0.0750509
0.139334
0.0551821
0.0768384
-0.00435432
0.281601
0.0425878
0.01087
0.0113326
-0.3027
0.0705932
0.181127
0.130404
-0.156539
0.10955

0.024

