-0.338243
-0.338243
-0.427136
-0.54184
-0.54184
-0.54184
-0.54184
-0.552982
-0.552982
-0.64874
-0.64874
-0.64874
-0.659655
-0.677656
-0.678983
-0.678983
-0.70264
-0.70264
-0.70264
-0.70264
-0.727349
-0.727349
-0.727349
-0.742045
-0.742045
-0.742045
-0.746954
-0.748177
-0.761131
-0.761131
-0.761131
-0.769559
-0.769559
-0.774182
-0.774182
-0.782568
-0.782568
-0.782568
-0.782568
-0.782568
-0.782568
-0.801636
-0.801636
-0.801636
-0.801636
-0.801636
-0.833396
-0.833396
-0.833396
-0.833396
-0.833396
-0.833396
-0.833396
-0.833396
-0.864668
-0.864668
-0.864668
-0.866673
-0.866673
-0.866673
-0.866673
-0.885625
-0.885625
-0.885625
-0.885625
-0.885625
-0.885625
-0.885625
-0.889757
-0.895053
-0.895053
-0.895053
-0.895053
-0.895053
-0.895053
-0.895053
-0.895053
-0.895053
-0.895053
-0.895053
-0.895053
-0.895053
-0.91781
-0.91781
-0.91781
-0.91781
-0.91781
-0.91781
-0.91781
-0.91781
-0.91781
-0.91781
-0.91781
-0.91781
-0.91781
-0.91781
-0.91781
-0.91781
-0.91781
-0.91781
-0.91781
-0.93605
-0.93605
-0.93605
-0.940459
-0.940459
-0.944868
-0.944868
-0.944868
-0.944868
-0.944868
-0.946129
-0.946129
-0.946129
-0.948496
-0.948496
-0.949699
-0.949699
-0.949699
-0.949699
-0.95675
-0.95675
-0.95675
-0.95675
-0.95675
-0.95675
-0.95675
-0.95675
-0.95675
-0.95675
-0.95675
-0.95675
-0.95675
-0.95675
-0.962311
-0.962311
-0.962311
-0.962311
-0.962311
-0.962311
-0.962311
-0.962311
-0.962311
-0.962311
-0.962311
-0.962311
-0.962311
-0.962311
-0.962311
-0.962311
-0.962311
-0.962311
-0.962311
-0.962311
-0.962311
-0.962311
-0.962311
-0.962311
-0.962311
-0.962311
-0.962311
-0.962311
-0.962311
-0.962311
-0.962311
-0.962311
-0.962311
-0.962311
-0.963627
-0.963627
-0.963627
-0.963627
-0.963627
-0.963627
-0.963627
-0.965584
-0.965584
-0.965584
-0.966157
-0.967027
-0.967027
-0.967027
-0.969032
-0.969032
-0.969032
-0.969032
-0.969032
-0.969032
-0.969032
-0.969032
-0.969032
-0.969032
-0.969032
-0.969032
-0.969032
-0.969032
-0.969032
-0.969032
-0.969032
-0.969032
-0.969032
-0.969032
-0.969032
-0.969032
-0.969032
-0.969032
-0.969032
-0.969032
-0.969032
-0.969032
-0.969032
-0.969032
-0.969032
-0.969032
-0.969032
-0.969032
-0.969032
-0.969032
-0.969032
-0.969032
-0.969032
-0.969032
-0.969032
-0.969032
-0.969797
-0.969797
-0.970749
-0.970749
-0.970749
-0.970749
-0.970749
-0.970749
-0.970749
-0.970749
-0.970749
-0.971477
-0.971477
-0.971477
-0.971477
-0.971477
-0.971477
-0.971477
-0.971477
-0.971477
-0.972268
-0.972268
-0.972268
-0.972268
-0.972268
-0.972268
-0.972268
-0.972268
-0.972268
-0.972268
-0.972268
-0.972268
-0.972268
-0.972268
-0.972268
-0.972268
-0.972268
-0.972268
-0.972268
-0.972268
-0.972268
-0.972268
-0.972268
-0.972268
-0.972268
-0.972268
-0.979639
-0.979639
-0.979639
-0.979639
-0.979639
-0.979639
-0.979639
-0.979639
-0.979639
-0.979639
-0.981159
-0.981159
-0.981159
-0.981159
-0.981159
-0.981159
-0.981159
-0.981159
-0.981159
-0.981159
-0.981159
-0.981159
-0.981159
-0.981159
-0.981159
-0.981159
-0.981159
-0.981159
-0.981159
-0.981159
-0.981159
-0.981159
-0.981159
-0.981159
-0.981159
-0.981159
-0.981159
-0.981159
-0.981159
-0.983475
-0.983475
-0.983475
-0.983475
-0.983475
-0.983475
-0.983475
-0.983475
-0.983475
-0.983475
-0.983475
-0.983475
-0.983475
-0.983475
-0.983475
-0.983475
-0.983475
-0.983475
-0.983475
-0.983475
-0.983475
-0.983475
-0.983475
-0.983475
-0.983475
-0.983475
-0.983475
-0.983475
-0.983475
-0.983475
-0.983475
-0.983475
-0.984034
-0.984531
-0.984531
-0.984806
-0.985612
-0.985612
-0.985612
-0.986266
-0.987632
-0.987632
-0.987813
-0.987813
-0.987813
-0.987813
-0.987813
-0.987813
-0.987813
-0.988561
-0.988561
-0.988561
-0.988561
-0.988561
-0.988907
-0.989984
-0.989984
-0.989984
-0.989984
-0.989984
-0.989984
-0.990014
-0.990014
-0.990014
-0.990014
-0.990643
-0.990643
-0.990643
-0.990893
-0.990893
-0.99128
-0.99128
-0.99128
-0.99128
-0.99128
-0.99128
-0.99128
-0.99128
-0.99128
-0.99128
-0.99128
-0.99128
-0.99128
-0.99128
-0.99128
-0.99128
-0.99128
-0.99128
-0.99128
-0.99128
-0.99128
-0.99128
-0.99128
-0.99128
-0.99128
-0.99128
-0.99128
-0.99128
-0.99128
-0.99128
-0.99128
-0.991448
-0.991448
-0.991448
-0.991571
-0.991571
-0.991571
-0.991571
-0.991571
-0.991571
-0.991571
-0.991571
-0.991571
-0.991576
-0.991576
-0.991576
-0.991576
-0.991576
-0.991576
-0.991576
-0.991576
-0.991576
-0.991576
-0.991607
-0.991607
-0.991618
-0.991618
-0.991618
-0.991618
-0.991618
-0.991618
-0.991618
-0.991618
-0.991623
-0.991625
-0.991627
-0.991628
-0.991628
-0.991629
-0.991629
-0.991629
-0.991629
-0.991629
-0.991629
-0.991629
-0.991629
-0.991629
-0.991629
-0.991629
-0.991629
-0.991629
-0.991629
-0.991629
-0.991629
-0.991629
-0.991629
-0.991629
-0.991629
-0.991629
-0.991629
-0.991629
-0.991629
-0.991629
-0.991629
-0.991689
-0.991689
-0.991689
-0.991689
-0.991689
-0.991689
-0.991689
-0.991689
-0.991689
-0.991689
-0.991689
-0.99195
-0.99195
-0.99195
-0.99195
-0.99195
-0.99195
-0.99195
-0.99195
-0.99195
-0.99195
-0.992492
-0.992492
-0.992492
-0.992524
-0.992524
-0.992524
-0.992524
-0.992524
-0.992524
-0.992524
-0.992524
-0.992524
-0.992524
-0.992524
-0.992524
-0.992524
-0.992605
-0.992605
-0.992605
-0.992605
-0.992605
-0.992605
-0.992605
-0.992605
-0.992605
-0.992605
-0.992605
-0.993938
-0.993938
-0.993938
-0.995067
-0.995067
-0.995067
-0.995067
-0.995067
-0.995067
-0.995067
-0.995067
-0.995067
-0.995067
-0.995625
-0.995625
-0.995625
-0.995625
-0.995625
-0.995625
-0.995625
-0.995625
-0.995625
-0.995625
-0.995625
-0.99613
-0.99613
-0.99613
-0.99613
-0.99613
-0.99613
-0.99613
-0.99613
-0.99613
-0.99613
-0.99613
-0.99613
-0.99613
-0.99613
-0.99613
-0.99613
-0.99613
-0.99613
-0.99613
-0.99613
-0.99613
-0.99613
-0.99613
-0.99613
-0.99613
-0.996187
-0.996187
-0.996187
-0.99625
-0.99625
-0.99625
-0.99625
-0.99625
-0.99625
-0.99625
-0.996286
-0.996286
-0.996286
-0.996286
-0.996286
-0.996286
-0.996286
-0.996286
-0.996286
-0.996286
-0.996286
-0.996286
-0.996286
-0.996286
-0.996295
-0.996297
-0.996297
-0.996297
-0.9963
-0.9963
-0.996302
-0.996303
-0.996303
-0.996407
-0.996407
-0.996407
-0.996407
-0.996407
-0.996407
-0.996407
-0.996407
-0.996407
-0.996407
-0.996407
-0.996407
-0.996407
-0.996892
-0.996892
-0.996892
-0.996892
-0.996892
-0.996892
-0.996892
-0.996892
-0.996892
-0.996892
-0.996892
-0.996892
-0.996892
-0.996892
-0.996892
-0.996892
-0.996892
-0.996892
-0.996892
-0.996892
-0.996892
-0.996892
-0.996892
-0.996892
-0.996892
-0.99693
-0.99693
-0.99693
-0.99693
-0.996963
-0.996963
-0.996963
-0.996964
-0.996964
-0.996964
-0.996975
-0.996978
-0.996978
-0.996979
-0.996979
-0.996979
-0.996981
-0.996987
-0.99699
-0.996992
-0.996994
-0.996995
-0.996995
-0.996996
-0.996996
-0.996996
-0.996996
-0.996996
-0.996996
-0.996997
-0.996997
-0.996997
-0.996997
-0.996997
-0.996997
-0.996997
-0.996997
-0.996997
-0.996997
-0.996997
-0.996997
-0.996997
-0.996997
-0.996997
-0.996997
-0.996997
-0.996997
-0.996997
-0.996997
-0.996997
-0.996997
-0.996997
-0.996997
-0.996997
-0.996997
-0.996997
-0.996997
-0.996997
-0.996997
-0.996997
-0.996997
-0.996997
-0.996997
-0.996997
-0.996997
-0.996997
-0.996997
-0.996997
-0.996997
-0.996997
-0.996997
-0.996997
-0.996997
-0.996997
-0.996997
-0.996997
-0.996997
-0.996997
-0.996997
-0.996997
-0.996997
-0.996997
-0.996997
-0.996997
-0.996997
-0.996997
-0.996997
-0.996997
-0.996997
-0.996997
-0.996997
-0.996997
-0.997009
-0.99703
-0.99703
-0.99703
-0.997086
-0.997086
-0.997214
-0.997214
-0.997214
-0.997214
-0.997214
-0.997214
-0.997214
-0.997298
-0.997298
-0.997298
-0.997302
-0.997302
-0.997302
-0.997302
-0.997309
-0.997311
-0.997311
-0.997311
-0.997311
-0.997311
-0.997311
-0.997311
-0.997311
-0.997311
-0.997311
-0.997323
-0.997331
-0.997333
-0.997333
-0.997334
-0.997334
-0.99734
-0.997345
-0.997348
-0.997386
-0.997386
-0.997386
-0.997386
-0.997386
-0.997386
-0.997386
-0.997386
-0.997386
-0.997386
-0.997487
-0.997487
-0.997487
-0.997487
-0.997487
-0.997487
-0.997487
-0.997487
-0.997531
-0.997531
-0.997625
-0.997625
-0.997625
-0.997625
-0.997625
-0.997659
-0.997659
-0.997659
-0.997659
-0.997659
-0.997659
-0.997659
-0.997659
-0.997659
-0.997659
-0.997659
-0.997659
-0.997702
-0.997745
-0.997745
-0.997751
-0.997751
-0.997751
-0.997751
-0.997751
-0.997751
-0.997751
-0.997751
-0.997751
-0.997756
-0.997771
-0.997771
-0.997771
-0.997771
-0.997771
-0.997771
-0.997771
-0.997771
-0.997771
-0.997771
-0.997772
-0.997772
-0.997772
-0.997772
-0.997772
-0.997772
-0.997772
-0.997772
-0.997772
-0.997772
-0.997772
-0.997772
-0.997772
-0.997772
-0.997772
-0.997772
-0.997772
-0.997772
-0.997772
-0.997772
-0.997772
-0.997772
-0.997772
-0.997772
-0.997772
-0.997772
-0.997772
-0.997772
-0.997772
-0.997772
-0.997772
-0.997772
-0.997772
-0.997772
-0.997772
-0.997772
-0.997772
-0.997772
-0.997772
-0.997772
-0.997772
-0.997772
-0.997772
-0.997772
-0.997772
-0.997772
-0.997772
-0.997772
-0.997772
-0.997772
-0.997772
-0.997772
-0.997772
-0.997772
-0.997772
-0.997772
-0.997772
-0.997772
-0.997772
-0.997772
-0.997772
-0.997772
-0.997772
-0.997772
-0.997772
-0.997772
-0.997772
-0.997772
-0.997772
-0.997772
-0.997772
-0.997772
-0.997772
-0.997772
-0.997772
-0.997772
-0.997772
-0.997772
-0.997772
-0.997772
-0.997772
-0.997772
-0.997772
-0.997772
-0.997772
-0.997772
-0.997772
-0.997772
-0.997772
-0.997772
-0.997772
-0.997772
-0.997772
-0.997909
-0.998005
-0.998005
-0.998107
-0.998107
-0.998231
-0.998231
-0.998364
-0.998364
-0.998364
-0.998575
-0.998575
-0.998575
-0.998575
-0.998575
-0.998575
-0.998575
-0.998586
-0.998586
-0.998715
-0.998782
-0.998787
-0.998787
-0.998787
-0.998811
-0.998819
-0.998821
-0.998821
-0.998829
-0.998832
-0.998833
-0.998833
-0.998833
-0.998834
-0.998835
-0.998835
-0.998835
-0.998835
-0.998837
-0.998839
-0.99884
-0.998841
-0.998842
-0.998842
-0.998842
-0.998843
-0.998843
-0.998843
-0.998843
-0.998843
-0.998843
-0.998843
-0.998843
-0.998843
-0.998843
-0.999043
-0.999043
-0.999043
-0.999043
-0.999043
-0.999048
-0.999048
-0.999048
-0.999048
-0.999048
-0.999048
-0.999048
-0.999048
-0.999048
-0.999048
-0.999113
-0.999113
-0.999113
-0.999113
-0.999211
-0.999211
-0.999211
-0.999211
-0.999211
-0.999211
-0.999211
-0.999211
-0.999254
-0.999254
-0.999254
-0.999254
-0.999254
-0.999254
-0.999254
-0.999254
-0.999254
-0.999254
-0.999254
-0.999254
-0.999254
-0.999254
-0.999261
-0.999261
-0.999261
-0.999261
-0.999261
-0.999261
-0.999261
-0.999263
-0.999263
-0.999263
-0.999263
-0.999263
-0.999263
-0.999278
-0.999282
-0.999282
-0.999282
-0.999283
-0.999283
-0.999283
-0.999285
-0.999285
-0.999311
-0.999421
-0.999421
-0.999486
-0.999486
-0.999486
-0.999486
-0.999486
-0.999486
-0.999486
-0.999486
-0.999486
-0.999486
-0.999486
-0.999486
-0.999486
-0.999486
-0.999486
-0.999486
-0.999486
-0.999486
-0.999486
-0.999486
-0.999492
-0.999494
-0.999494
-0.999494
-0.999504
-0.999504
-0.999504
-0.999504
-0.999504
-0.999504
-0.999504
-0.999504
-0.999506
-0.999506
-0.999506
-0.999506
-0.999506
-0.999506
-0.999506
-0.999509
-0.999509
-0.999509
-0.999509
-0.999509
-0.999509
-0.999509
-0.999509
-0.999509
-0.999509
-0.999509
-0.999509
-0.999509
-0.999509
-0.999509
-0.999509
-0.999509
-0.999509
-0.999509
-0.999509
-0.999509
-0.999509
-0.999509
-0.999509
-0.999509
-0.999509
-0.999509
-0.999509
-0.999509
-0.999509
-0.999509
-0.999509
-0.999509
-0.999509
-0.999509
-0.999509
-0.999509
-0.999509
-0.999509
-0.999509
-0.999509
-0.999554
-0.999554
-0.999554
-0.999554
-0.999554
-0.999554
-0.999563
-0.999563
-0.999613
-0.999613
-0.999613
-0.999613
-0.999613
-0.999613
-0.999613
-0.999613
-0.999613
-0.999613
-0.999627
-0.999627
-0.999627
-0.999627
-0.999627
-0.999627
-0.999627
-0.999627
-0.99963
-0.99963
-0.99963
-0.99963
-0.99963
-0.99963
-0.999635
-0.999635
-0.999635
-0.999635
-0.999641
-0.999641
-0.999641
-0.999642
-0.999642
-0.999642
-0.999642
-0.999642
-0.999642
-0.99965
-0.99965
-0.99965
-0.99965
-0.99965
-0.99965
-0.99965
-0.999652
-0.999652
-0.999652
-0.999652
-0.999652
-0.999652
-0.999652
-0.999655
-0.999655
-0.999655
-0.999655
-0.999655
-0.999655
-0.999655
-0.999672
-0.999672
-0.999672
-0.999672
-0.999672
-0.999672
-0.999672
-0.999672
-0.999672
-0.999672
-0.999672
-0.999672
-0.999672
-0.999672
-0.999672
-0.999672
-0.999672
-0.999672
-0.999672
-0.999672
-0.999672
-0.999672
-0.999672
-0.999672
-0.999672
-0.999672
-0.999672
-0.999672
-0.999688
-0.999701
-0.999701
-0.999701
-0.999701
-0.999703
-0.999703
-0.999703
-0.999703
-0.999703
-0.999703
-0.999703
-0.999703
-0.999703
-0.999703
-0.999708
-0.999712
-0.999712
-0.999714
-0.999714
-0.999719
-0.99972
-0.99972
-0.999722
-0.999722
-0.999725
-0.999728
-0.999729
-0.99973
-0.999731
-0.999731
-0.999731
-0.999732
-0.999732
-0.999732
-0.999732
-0.999732
-0.999732
-0.999732
-0.999732
-0.999732
-0.999732
-0.999732
-0.999732
-0.999732
-0.999732
-0.999732
-0.999732
-0.999732
-0.999732
-0.999732
-0.999732
-0.999732
-0.999732
-0.999732
-0.999732
-0.999732
-0.999746
-0.999746
-0.999746
-0.999746
-0.999746
-0.999746
-0.999746
-0.999746
-0.999764
-0.999781
-0.99979
-0.999794
-0.999796
-0.999797
-0.999797
-0.999797
-0.999797
-0.999797
-0.999797
-0.999798
-0.999798
-0.999798
-0.999798
-0.999798
-0.999798
-0.999798
-0.999798
-0.999798
-0.999798
-0.999798
-0.999798
-0.999798
-0.999798
-0.999798
-0.999798
-0.999798
-0.999811
-0.999817
-0.999817
-0.999829
-0.999832
-0.999836
-0.999836
-0.999836
-0.999836
-0.999848
-0.999861
-0.999867
-0.999867
-0.99987
-0.99987
-0.99987
-0.99987
-0.99987
-0.99987
-0.999874
-0.999874
-0.999874
-0.999874
-0.999874
-0.999874
-0.999875
-0.999876
-0.999876
-0.999876
-0.999876
-0.999876
-0.999876
-0.999876
-0.999876
-0.999876
-0.999876
-0.999876
-0.999876
-0.999876
-0.999883
-0.999883
-0.999885
-0.999885
-0.999886
-0.999902
-0.999902
-0.999902
-0.999902
-0.999902
-0.999902
-0.999902
-0.999902
-0.999902
-0.999902
-0.999902
-0.999902
-0.999902
-0.999911
-0.999911
-0.999911
-0.999911
-0.999911
-0.999911
-0.999911
-0.999911
-0.999911
-0.999911
-0.999911
-0.999911
-0.999911
-0.999922
-0.999934
-0.999934
-0.999934
-0.999934
-0.999935
-0.999935
-0.999935
-0.999935
-0.999935
-0.999936
-0.999936
-0.999936
-0.999936
-0.999936
-0.999936
-0.999936
-0.999936
-0.999936
-0.999936
-0.999936
-0.999937
-0.999937
-0.999937
-0.999937
-0.999937
-0.999937
-0.999937
-0.999937
-0.999937
-0.999937
-0.999937
-0.999937
-0.999937
-0.999937
-0.999937
-0.999937
-0.999937
-0.999937
-0.999937
-0.999937
-0.999937
-0.999937
-0.999937
-0.999937
-0.999937
-0.999937
-0.999937
-0.999937
-0.999937
-0.999937
-0.999937
-0.999937
-0.999937
-0.999937
-0.999937
-0.999937
-0.999937
-0.999937
-0.999937
-0.99994
-0.99994
-0.99994
-0.99994
-0.99994
-0.999942
-0.999942
-0.999942
-0.999942
-0.999942
-0.999942
-0.999942
-0.999942
-0.999943
-0.999943
-0.999943
-0.999943
-0.999943
-0.999943
-0.999944
-0.999944
-0.999944
-0.999944
-0.999944
-0.999944
-0.999944
-0.999944
-0.999944
-0.999944
-0.999944
-0.999944
-0.999944
-0.999944
-0.999944
-0.999945
-0.999945
-0.999945
-0.999945
-0.999945
-0.999945
-0.999945
-0.999945
-0.999945
-0.999945
-0.999945
-0.999945
-0.999945
-0.999945
-0.999945
-0.999945
-0.999945
-0.999945
-0.999945
-0.999945
-0.999945
-0.999945
-0.999945
-0.999945
-0.999945
-0.999945
-0.999945
-0.999945
-0.999945
-0.999947
-0.999947
-0.999948
-0.999948
-0.999948
-0.999948
-0.999948
-0.999948
-0.999949
-0.999951
-0.999951
-0.999951
-0.999952
-0.999952
-0.999952
-0.999952
-0.999952
-0.999952
-0.999952
-0.999952
-0.999952
-0.999952
-0.999952
-0.999952
-0.999952
-0.999953
-0.999953
-0.999954
-0.999954
-0.999954
-0.999954
-0.999954
-0.999954
-0.999954
-0.999954
-0.999954
-0.999954
-0.999954
-0.999954
-0.999954
-0.999954
-0.999954
-0.999954
-0.999954
-0.999954
-0.999954
-0.999954
-0.999954
-0.999954
-0.999954
-0.999954
-0.999954
-0.999954
-0.999954
-0.999954
-0.999954
-0.999954
-0.999954
-0.999954
-0.999954
-0.999954
-0.999954
-0.999954
-0.999954
-0.999954
-0.999954
-0.999954
-0.999954
-0.999954
-0.999954
-0.999954
-0.999954
-0.999954
-0.999954
-0.999954
-0.999954
-0.999954
-0.999954
-0.999954
-0.999954
-0.999954
-0.999954
-0.999954
-0.999954
-0.999954
-0.999954
-0.999954
-0.999954
-0.999954
-0.999954
-0.999954
-0.999954
-0.999954
-0.999954
-0.999954
-0.999954
-0.999954
-0.999954
-0.999954
-0.999954
-0.999954
-0.999954
-0.999954
-0.999954
-0.999954
-0.999954
-0.999954
-0.999954
-0.999954
-0.999954
-0.999954
-0.999954
-0.999954
-0.999954
-0.999954
-0.999954
-0.999954
-0.999954
-0.999954
-0.999954
-0.999954
-0.999954
-0.999954
-0.999954
-0.999954
-0.999957
-0.999957
-0.999957
-0.999957
-0.999957
-0.999957
-0.999967
-0.999967
-0.999967
-0.999967
-0.999967
-0.999967
-0.999967
-0.999967
-0.999967
-0.999967
-0.999967
-0.999967
-0.999967
-0.999967
-0.999967
-0.999967
-0.999967
-0.999967
-0.999967
-0.999967
-0.999967
-0.999967
-0.999967
-0.999967
-0.999967
-0.999967
-0.999967
-0.999967
-0.999967
-0.999967
-0.999967
-0.999967
-0.999967
-0.999967
-0.999967
-0.999967
-0.999967
-0.999967
-0.999967
-0.999967
-0.999967
-0.999967
-0.999967
-0.999967
-0.999967
-0.999967
-0.999967
-0.999967
-0.999967
-0.999967
-0.999967
-0.999967
-0.999967
-0.999967
-0.999967
-0.999967
-0.999967
-0.999967
-0.999967
-0.999967
-0.999967
-0.999967
-0.999967
-0.999967
-0.999967
-0.999967
-0.999967
-0.999967
-0.999967
-0.999967
-0.999967
-0.999967
-0.999967
-0.999967
-0.999967
-0.999967
-0.999967
-0.999967
-0.999967
-0.999967
-0.999967
-0.999967
-0.999967
-0.999967
-0.999967
-0.999967
-0.999967
-0.999967
-0.999967
-0.999967
-0.999967
-0.999967
-0.999967
-0.999967
-0.999967
-0.999967
-0.999967
-0.999967
-0.999967
-0.999967
-0.999967
-0.999967
-0.999967
-0.999967
-0.999967
-0.999967
-0.999967
-0.999967
-0.999967
-0.999967
-0.999967
-0.999967
-0.999967
-0.999967
-0.999967
-0.999967
-0.999967
-0.999967
-0.999967
-0.999967
-0.999967
-0.999967
-0.999967
-0.999967
-0.999967
-0.999967
-0.999967
-0.999967
-0.999967
-0.999967
-0.999967
-0.999967
-0.999967
-0.999967
-0.999967
-0.999967
-0.999968
-0.999968
-0.999968
-0.999968
-0.999968
-0.999968
-0.999968
-0.999968
-0.999968
-0.999968
-0.999968
-0.999968
-0.999968
-0.999968
-0.999968
-0.999968
-0.999968
-0.999968
-0.999968
-0.999968
-0.999968
-0.999968
-0.999968
-0.999968
-0.999968
-0.999968
-0.999968
-0.999968
-0.999968
-0.999968
-0.999968
-0.999968
-0.999968
-0.999968
-0.999968
-0.999968
-0.999968
-0.999968
-0.999968
-0.999968
-0.999968
-0.999968
-0.999968
-0.999968
-0.999968
-0.999968
-0.999968
-0.999968
-0.999968
-0.999968
-0.999968
-0.999968
-0.999968
-0.999968
-0.999968
-0.999968
-0.999968
-0.999968
-0.999968
-0.999968
-0.999968
-0.999968
-0.999968
-0.999968
-0.999968
-0.999968
-0.999968
-0.999968
-0.999968
-0.999968
-0.999968
-0.999968
-0.999968
-0.999968
-0.999968
-0.999968
-0.999968
-0.999968
-0.999968
-0.999968
-0.999968
-0.999968
-0.999968
-0.999968
-0.999968
-0.999968
-0.999968
-0.999968
-0.999968
-0.999968
-0.999968
-0.999968
-0.999968
-0.999968
-0.999968
-0.999968
-0.999968
-0.999968
-0.999968
-0.999968
-0.999968
-0.999968
-0.999968
-0.999968
-0.999968
-0.999968
-0.999968
-0.999968
-0.999968
-0.999968
-0.999968
-0.999968
-0.999968
-0.999968
-0.999968
-0.999968
-0.999968
-0.999968
-0.999968
-0.999968
-0.999968
-0.999968
-0.999968
-0.999968
-0.999968
-0.999968
-0.999968
-0.999968
-0.999968
-0.999968
-0.999968
-0.999968
-0.999968
-0.999968
-0.999968
-0.999968
-0.999968
-0.999968
-0.999968
-0.999968
-0.999971
-0.999971
-0.999971
-0.999971
-0.999971
-0.999971
-0.999971
-0.999971
-0.999971
-0.999971
-0.999971
-0.999971
-0.999971
-0.999971
-0.999971
-0.999971
-0.999971
-0.999971
-0.999971
-0.999971
-0.999971
-0.999972
-0.999972
-0.999972
-0.999972
-0.999972
-0.999972
-0.999972
-0.999972
-0.999972
-0.999972
-0.999972
-0.999972
-0.999972
-0.999972
-0.999972
-0.999972
-0.999972
-0.999972
-0.999972
-0.999972
-0.999972
-0.999972
-0.999972
-0.999972
-0.999972
-0.999972
-0.999972
-0.999972
-0.999972
-0.999972
-0.999972
-0.999972
-0.999972
-0.999972
-0.999972
-0.999972
-0.999972
-0.999972
-0.999972
-0.999972
-0.999972
-0.999972
-0.999972
-0.999972
-0.999972
-0.999972
-0.999972
-0.999972
-0.999972
-0.999972
-0.999972
-0.999972
-0.999972
-0.999972
-0.999972
-0.999972
-0.999972
-0.999972
-0.999972
-0.999972
-0.999972
-0.999972
-0.999972
-0.999972
-0.999972


0.000195683
-0.000378027
0.00100018
-0.00123622
-0.00471315
-0.00113749
-0.00155416
0.000753828
-0.00211483
-0.00128297
-2.74824e-05
-0.00088963
0.000769179
-5.37971e-05
-0.000582125
-0.0025949
-0.00169531
0.000361931
0.000250555
-0.000283532
0.00126714
-0.000666307
2.39416e-05
0.00086619
0.000199312
4.18678e-05
0.000328607
-0.00184996
-4.52897e-05
-0.00140399

0.221

