2406.61
2406.61
2406.61
2406.61
2406.61
2406.61
2406.61
2406.61
2406.61
2406.61
2406.61
2406.61
2406.61
2406.61
2406.61
2406.61
2406.61
2406.61
2288.44
2288.44
2288.44
2288.44
2288.44
2288.44
2288.44
2288.44
2288.44
2288.44
2288.44
2288.44
2288.44
2288.44
2288.44
2288.44
2288.44
2288.44
2288.44
2288.44
2288.44
2288.44
2288.44
2288.44
2288.44
2288.44
2288.44
2288.44
2210.81
2210.81
1958.46
1958.46
1958.46
1958.46
1958.46
1958.46
1958.46
1958.46
1958.46
1539.05
1539.05
1539.05
1539.05
1539.05
1539.05
1539.05
1539.05
1539.05
1539.05
1539.05
1539.05
1539.05
1539.05
1539.05
1539.05
1539.05
1539.05
1539.05
1539.05
1539.05
1539.05
1539.05
1539.05
1539.05
1539.05
1539.05
1539.05
1539.05
1539.05
1539.05
1539.05
1539.05
1539.05
1539.05
1539.05
1539.05
1539.05
1539.05
1539.05
1539.05
1539.05
1539.05
1539.05
1539.05
1539.05
1539.05
1539.05
1539.05
1539.05
1539.05
1539.05
1539.05
1539.05
1539.05
1539.05
1539.05
1539.05
1539.05
1531.63
1531.63
1531.63
1531.63
1531.63
1531.63
1531.63
1531.63
1531.63
1531.63
1531.63
1531.63
1531.63
1531.63
1531.63
1531.63
1531.63
1531.63
1531.63
1531.63
1531.63
1531.63
1531.63
1531.63
1531.63
1462.95
1462.95
1462.95
1462.95
1462.95
1462.95
1462.95
1462.95
1462.95
1462.95
1462.95
1462.95
1462.95
1462.95
1462.95
1462.95
1462.95
1462.95
1462.95
1462.95
1462.95
1462.95
1462.95
1429.13
1429.13
1429.13
1429.13
1429.13
1429.13
1429.13
1429.13
1429.13
1429.13
1429.13
1429.13
1429.13
1429.13
1429.13
1429.13
1429.13
1251.28
1251.28
1251.28
1251.28
1251.28
1251.28
1251.28
1251.28
1251.28
1251.28
1251.28
1251.28
1251.28
1251.28
1251.28
1251.28
1251.28
1251.28
1251.28
1251.28
1251.28
1251.28
1251.28
1251.28
1251.28
1251.28
1251.28
1251.28
1251.28
1251.28
1251.28
1251.28
1251.28
1251.28
1251.28
1251.28
1251.28
1251.28
1251.28
1251.28
1251.28
1251.28
1251.28
1251.28
1251.28
1251.28
1251.28
1113.38
1113.38
1113.38
1113.38
1113.38
1113.38
1113.38
1113.38
1113.38
1113.38
1113.38
1042.35
1042.35
1042.35
1038.58
1038.58
1038.58
1038.58
1038.58
1038.58
1038.58
1038.58
1038.58
1038.58
1038.58
1038.58
1038.58
1038.58
1038.58
1038.58
1038.58
1038.58
1038.58
1038.58
1038.58
1038.58
1038.58
1038.58
1038.58
1038.58
1038.58
1038.58
1038.58
1038.58
1038.58
1038.58
1038.58
1038.58
1038.58
1038.58
1038.58
1038.58
1016.91
1016.91
1016.91
1016.91
1016.91
1016.91
1016.91
1016.91
1016.91
1016.91
1016.91
1016.91
1016.91
1016.91
1016.91
1016.91
1016.91
1016.91
1016.91
1015.45
1015.45
1015.45
1015.45
1015.45
1015.45
1015.45
1015.45
1015.45
1015.45
1015.45
1015.45
1015.45
1015.45
1015.45
1015.45
1015.45
1015.45
1015.45
1015.45
1015.45
1015.45
1015.45
1015.45
1015.45
1015.45
1015.45
1015.45
983.91
983.91
983.91
983.91
983.91
983.91
983.91
983.91
983.91
983.91
954.367
954.367
954.367
954.367
954.367
954.367
954.367
954.367
954.367
954.367
954.367
954.367
954.367
844.658
844.658
844.658
844.658
841.301
841.301
841.301
841.301
841.301
841.301
841.301
841.301
841.301
841.301
841.301
841.301
841.301
841.301
841.301
841.301
841.301
841.301
841.301
841.301
841.301
841.301
841.301
841.301
841.301
841.301
841.301
841.301
841.301
841.301
841.301
841.301
841.301
841.301
841.301
841.301
841.301
841.301
841.301
841.301
841.301
841.301
841.301
841.301
841.301
841.301
841.301
841.301
841.301
841.301
841.301
841.301
841.301
841.301
841.301
841.301
841.301
841.301
841.301
841.301
841.301
841.301
841.301
841.301
841.301
841.301
841.301
841.301
841.301
841.301
841.301
841.301
841.301
841.301
841.301
841.301
841.301
841.301
841.301
841.301
841.301
841.301
841.301
841.301
841.301
841.301
841.301
800.491
800.491
800.491
800.491
800.491
800.491
800.491
800.491
800.491
800.491
777.104
777.104
777.104
777.104
777.104
777.104
777.104
777.104
777.104
777.104
777.104
777.104
777.104
777.104
777.104
777.104
777.104
777.104
777.104
777.104
777.104
777.104
675.033
675.033
675.033
675.033
675.033
675.033
675.033
675.033
675.033
675.033
675.033
644.298
644.298
644.298
644.298
644.298
644.298
644.298
644.298
644.298
644.298
644.298
644.298
644.298
644.298
644.298
644.298
644.298
644.298
644.298
644.298
644.298
644.298
644.298
644.298
644.298
644.298
644.298
644.298
644.298
644.298
644.298
644.298
644.298
644.298
644.298
644.298
644.298
644.298
644.298
644.298
644.298
644.298
644.298
644.298
644.298
644.298
644.298
644.298
644.298
644.298
644.298
644.298
644.298
644.298
644.298
644.298
644.298
644.298
644.298
644.298
644.298
644.298
644.298
644.298
644.298
644.298
644.298
644.298
644.298
644.298
644.298
644.298
644.298
644.298
644.298
644.298
644.298
644.298
644.298
644.298
644.298
644.298
644.298
618.224
618.224
618.224
618.224
618.224
618.224
618.224
618.224
618.224
618.224
618.224
618.224
618.224
618.224
618.224
618.224
618.224
618.224
618.224
618.224
618.224
618.224
618.224
618.224
618.224
618.224
618.224
618.224
618.224
618.224
609.024
609.024
609.024
609.024
609.024
609.024
609.024
609.024
609.024
609.024
609.024
609.024
609.024
609.024
600.089
600.089
600.089
600.089
600.089
600.089
600.089
600.089
600.089
600.089
600.089
600.089
600.089
600.089
600.089
600.089
600.089
600.089
600.089
600.089
600.089
600.089
600.089
600.089
600.089
600.089
600.089
600.089
600.089
600.089
600.089
600.089
600.089
600.089
600.089
600.089
600.089
600.089
600.089
600.089
600.089
600.089
600.089
600.089
600.089
600.089
600.089
600.089
600.089
600.089
579.151
579.151
579.151
579.151
579.151
579.151
579.151
579.151
575.363
575.363
575.363
575.363
575.363
564.639
564.639
564.639
564.639
564.639
564.639
564.639
564.639
564.639
564.639
564.639
564.639
564.639
564.639
564.639
564.639
564.639
564.639
564.639
564.639
564.639
564.639
564.639
564.639
564.639
564.639
564.639
564.639
564.639
564.639
564.639
564.639
564.639
564.639
564.639
564.639
564.639
564.639
564.639
564.639
564.639
564.639
564.639
564.639
564.639
564.639
564.639
564.639
564.639
564.639
564.639
564.639
564.639
539.862
539.862
539.862
539.862
539.862
539.862
539.862
539.862
539.862
539.862
539.862
539.862
539.862
539.862
539.862
539.862
539.862
539.862
539.862
539.862
539.862
539.862
539.862
539.862
539.862
539.862
539.862
539.862
539.862
539.862
539.862
539.862
539.862
539.862
539.862
539.862
539.862
539.862
539.862
539.862
539.862
539.862
539.862
539.862
539.862
539.862
539.862
539.862
539.862
539.862
539.862
539.862
539.862
539.862
539.862
539.862
539.862
539.862
539.862
539.862
539.862
539.862
539.862
539.862
539.862
539.862
539.862
525.534
525.534
525.534
525.534
525.534
525.534
525.534
525.534
485.02
485.02
485.02
485.02
485.02
485.02
485.02
485.02
485.02
485.02
485.02
485.02
485.02
485.02
485.02
485.02
485.02
485.02
485.02
485.02
485.02
485.02
485.02
485.02
485.02
485.02
485.02
485.02
485.02
485.02
485.02
485.02
485.02
485.02
485.02
485.02
485.02
485.02
485.02
485.02
485.02
485.02
485.02
485.02
485.02
485.02
485.02
485.02
485.02
485.02
485.02
485.02
485.02
485.02
485.02
485.02
485.02
485.02
485.02
485.02
485.02
485.02
485.02
485.02
485.02
485.02
485.02
485.02
485.02
485.02
452.655
452.655
452.655
452.655
452.655
452.655
452.655
452.655
452.655
452.655
452.655
452.655
452.655
452.655
452.655
452.655
452.655
452.655
452.655
452.655
452.655
452.655
452.655
452.655
452.655
452.655
452.655
452.655
452.655
452.655
438.963
438.963
438.963
438.963
438.963
438.963
438.963
438.963
438.963
438.963
438.963
438.963
438.963
438.963
438.963
438.963
438.963
438.963
438.963
438.963
438.963
438.963
438.963
438.963
438.963
438.963
438.963
438.963
438.963
438.963
438.963
438.963
438.963
438.963
438.963
438.963
438.963
438.963
438.963
438.963
438.963
438.963
438.963
438.963
438.963
438.963
438.963
438.963
438.963
438.963
438.963
438.963
438.963
438.963
438.963
438.963
438.963
438.963
438.963
438.963
438.963
438.963
438.963
438.963
438.963
438.963
438.963
438.963
438.963
438.963
438.963
438.963
438.963
438.963
405.333
405.333
405.333
405.333
405.333
405.333
405.333
405.333
405.333
405.333
405.333
405.333
405.333
405.333
405.333
405.333
405.333
405.333
405.333
405.333
405.333
405.333
405.333
405.333
405.333
405.333
405.333
405.333
405.333
405.333
405.333
405.333
384.402
384.402
384.402
384.402
384.402
384.402
384.402
384.402
384.402
384.402
384.402
384.402
384.402
384.402
384.402
384.402
384.402
384.402
384.402
384.402
384.402
384.402
384.402
384.402
384.402
384.402
384.402
384.402
384.402
384.402
384.402
384.402
384.402
384.402
384.402
384.402
384.402
384.402
384.402
384.402
384.402
384.402
384.402
384.402
384.402
384.402
384.402
384.402
384.402
384.402
384.402
384.402
384.402
384.402
384.402
384.402
384.402
384.402
384.402
384.402
384.402
384.402
384.402
384.402
384.402
384.402
384.402
384.402
384.402
342.958
342.958
342.958
342.958
342.958
342.958
342.958
342.958
342.958
342.958
342.958
342.958
342.958
342.958
342.958
342.958
342.958
342.958
342.958
342.958
342.958
342.958
342.958
342.958
342.958
342.958
342.958
342.958
342.958
342.958
342.958
342.958
342.958
342.958
342.958
342.958
342.958
342.958
342.958
342.958
342.958
342.958
342.958
342.958
342.958
342.958
342.958
342.958
342.958
342.958
342.958
342.958
342.958
342.958
342.958
342.958
342.958
342.958
342.958
342.958
342.958
342.958
342.958
342.958
337.013
337.013
337.013
337.013
337.013
337.013
337.013
337.013
337.013
337.013
337.013
337.013
337.013
337.013
337.013
337.013
337.013
337.013
337.013
337.013
337.013
337.013
337.013
337.013
337.013
337.013
337.013
337.013
337.013
337.013
337.013
337.013
337.013
337.013
337.013
337.013
337.013
337.013
337.013
337.013
337.013
337.013
337.013
337.013
337.013
337.013
337.013
337.013
337.013
337.013
337.013
337.013
337.013
337.013
333.495
333.495
333.495
333.495
333.495
333.495
333.495
333.495
333.495
333.495
333.495
333.495
333.495
333.495
333.495
333.495
333.495
333.495
326.559
326.559
326.559
326.559
326.559
326.559
300.703
300.703
300.703
300.703
300.703
300.703
300.703
300.703
300.703
300.703
300.703
300.703
300.703
300.703
295.423
295.423
295.423
295.423
295.423
295.423
295.423
295.423
295.423
295.423
295.423
295.423
295.423
295.423
295.423
295.423
295.423
295.423
295.423
295.423
295.423
295.423
295.423
295.423
295.423
295.423
295.423
295.423
295.423
295.423
295.423
295.423
295.423
295.423
295.423
295.423
295.423
295.423
295.423
295.423
295.423
295.423
295.423
295.423
295.423
295.423
295.423
295.423
295.423
295.423
295.423
295.423
295.423
295.423
295.423
282.677
282.677
282.677
282.677
270.869
270.869
270.869
270.869
270.869
270.869
270.869
270.869
270.869
270.869
270.869
270.869
270.869
270.869
270.869
270.869
270.869
270.869
270.869
270.869
270.869
270.869
270.869
270.869
270.869
270.869
270.869
270.869
270.869
270.869
270.869
270.869
270.869
270.869
270.869
270.869
270.869
270.869
270.869
270.869
270.869
270.869
270.869
270.869
270.869
270.869
270.869
270.869
270.869
270.869
270.869
270.869
270.869
270.869
270.869
270.869
270.869
270.869
270.869
270.869
270.869
270.869
270.869
270.869
270.869
270.869
270.869
270.869
270.869
270.869
270.869
270.869
270.869
270.869
270.869
270.869
270.869
270.869
270.869
270.869
270.869
270.869
270.869
270.869
270.869
270.869
270.869
270.869
270.869
270.869
270.869
270.869
270.869
270.869
270.869
270.869
270.869
247.445
247.445
247.445
247.445
247.445
247.445
247.445
247.445
247.445
247.445
247.445
247.445
247.445
247.445
247.445
247.445
247.445
247.445
247.445
247.445
247.445
247.445
247.445
247.445
247.445
247.445
247.445
247.445
247.445
247.445
247.445
247.445
247.445
247.445
247.445
247.445
247.445
247.445
247.445
247.445
247.445
247.445
247.445
247.445
247.445
247.445
247.445
247.445
247.445
247.445
247.445
247.445
247.445
247.445
247.445
247.445
247.445
247.445
247.445
247.445
247.445
247.445
247.445
229.124
229.124
229.124
229.124
229.124
229.124
229.124
229.124
229.124
226.897
226.897
226.897
226.897
226.897
226.897
226.897
226.897
226.897
226.897
226.897
226.897
226.897
226.897
226.897
226.897
226.897
226.897
226.897
226.897
226.897
226.897
226.897
226.897
226.897
226.897
226.897
226.897
226.897
226.897
226.897
226.897
226.897
226.897
226.897
226.897
226.897
226.897
226.897
226.897
226.897
226.897
226.897
226.897
226.897
226.897
226.897
226.897
226.897
221.793
221.793
221.793
221.793
221.793
221.793
221.793
221.793
221.793
221.793
221.793
221.793
221.793
221.793
221.793
221.793
221.793
221.793
221.793
221.793
221.793
221.793
221.793
221.793
221.793
221.793
221.793
221.793
221.793
221.793
221.793
192.617
192.617
192.617
192.617
192.617
192.617
192.617
192.617
192.617
192.617
192.617
192.617
192.617
192.617
192.617
192.617
192.617
192.617
192.617
192.617
192.617
192.617
192.617
192.617
192.617
192.617
192.617
192.617
192.617
192.617
192.617
192.617
192.617
192.617
192.617
192.617
192.617
192.617
192.617
192.617
192.617
192.617
192.617
192.617
192.617
192.617
192.617
192.617
192.617
192.617
185.85
185.85
185.85
185.85
185.85
185.85
185.85
185.85
185.85
185.85
185.85
185.85
185.85
185.85
185.85
185.85
185.85
185.85
185.85
185.85
185.85
185.85
185.85
185.85
185.85
185.85
185.85
185.85
185.85
185.85
185.85
185.85
185.85
185.85
185.85
185.85
185.85
185.85
185.85
185.85
185.85
185.85
182.436
182.436
182.436
182.436
182.436
182.436
182.436
182.436
182.436
182.436
182.436
182.436
182.436
182.436
182.436
182.436
182.436
182.436
182.436
182.436
182.436
182.436
182.436
182.436
182.436
182.436
182.436
182.436
182.436
182.436
182.436
182.436
182.436
182.436
182.436
182.436
182.436
182.436
182.436
182.436
182.436
182.436
182.436
182.436
182.436
182.436
182.436
182.436
182.436
182.436
182.436
182.436
182.436
182.436
182.436
182.436
182.436
182.436
182.436
182.436
182.436
182.436
182.436
182.436
182.436
182.436
182.436
182.436
182.436
182.436
182.436
182.436
182.436
182.436
182.436
182.436
182.436
182.436
182.436
182.436
182.436
182.436
182.436
182.436
182.436
182.436
182.436
182.436
182.436
182.436
182.436
180.12
180.12
180.12
180.12
180.12
180.12
180.12
180.12
180.12
180.12
180.12
180.12
180.12
180.12
180.12
180.12
180.12
176.795
176.795
176.795
176.795
176.795
176.795
176.795
170.92
170.92
170.92
170.92
170.92
170.92
170.92
170.92
170.92
170.92
170.92
170.92
170.92
170.92
170.92
170.92
170.92
170.92
170.92
170.92
170.92
170.92
170.92
170.92
170.92
170.92
170.92
170.92
170.92
170.92
170.92
170.92
170.92
170.92
170.92
170.92
170.92
170.92
170.92
170.92
170.92
170.92
169.271
169.271
169.271
169.271
169.271
169.271
160.102
160.102
160.102
160.102
160.102
160.102
160.102
160.102
160.102
160.102
160.102
160.102
160.102
160.102
160.102
160.102
160.102
160.102
160.102
160.102
160.102
160.102
160.102
160.102
160.102
160.102
160.102
160.102
160.102
160.102
160.102
160.102
160.102
160.102
160.102
160.102
158.171
158.171
158.171
158.171
158.171
158.171
158.171
158.171
158.171
158.171
158.171
158.171
158.171
158.171
158.171
158.171
158.171
158.171
158.171
158.171
158.171
158.171
158.171
158.171
158.171
158.171
158.171
158.171
158.171
158.171
158.171
158.171
158.171
158.171
158.171
158.171
158.171
158.171
158.171
158.171
158.171
158.171
158.171
158.171
158.171
158.171
158.171
158.171
158.171
158.171
158.171
158.171
158.171
158.171
158.171
158.171
158.171
158.171
158.171
158.171
158.171
158.171
158.171
158.171
158.171
158.171
158.171
158.171
158.171
158.171
158.171
158.171
158.171
158.171
158.171
158.171
158.171
158.171
158.171
158.171
158.171
158.171
158.171
158.171
158.171
158.171
158.171
158.171
158.171
158.171
158.171
158.171
158.171
158.171
158.171
158.171
158.171
158.171
158.171
158.171
158.171
158.171
158.171
158.171
158.171
158.171
158.171
158.171
158.171
158.171
158.171
158.171
158.171
158.171
158.171
158.171
158.171
158.171
158.171
158.171
158.171
158.171
158.171
158.171
158.171
158.171
158.171
158.171
158.171
158.171
158.171
158.171
158.171
158.171
158.171
156.418
156.418
156.418
156.418
156.418
156.418
156.418
156.418
156.418
156.418
156.418
153.156
153.156
153.156
153.156
153.156
153.156
153.156
153.156
153.156
153.156
139.737
139.737
139.737
139.737
139.737
139.737
139.737
139.737
139.737
139.737
139.737
139.737


1.46739
0.00546892
0.326729
-0.854557
0.899246
-1.67427
0.584862
1.3227
0.503609
-1.25519
-1.23832
-0.392668
0.251726
-0.512672
0.0539079
0.44892
-0.0332823
0.557986
-0.0326572
0.238289
0.497671
-1.03519
0.427982
0.105472
0.36173
0.53486
-0.0451576
0.0435951
-0.169224
0.171099

0.037

