207.874
207.874
207.874
207.874
207.874
152.553
152.553
152.553
152.553
152.553
152.553
152.553
152.553
152.553
152.553
152.553
152.553
152.553
152.553
152.553
152.553
152.553
152.553
152.553
152.553
152.553
152.553
150.914
150.914
150.914
150.914
150.914
150.914
150.914
150.914
150.914
150.914
150.914
150.914
150.914
137.176
137.176
137.176
137.176
137.176
133.558
125.14
125.14
125.14
125.14
125.14
125.14
125.14
125.14
125.14
125.14
125.14
124.919
124.919
124.919
124.919
124.919
124.919
124.919
124.542
124.542
124.542
124.542
124.542
124.542
124.542
124.542
124.542
124.542
121.426
121.095
121.095
121.095
121.095
121.095
121.095
121.095
121.095
121.095
113.257
113.257
113.257
113.257
113.257
113.257
113.257
113.257
113.257
113.257
113.257
113.257
113.257
108.615
108.615
108.615
108.615
108.615
108.615
108.615
99.9065
99.9065
99.9065
83.0642
83.0642
83.0642
83.0642
76.3554
76.3554
76.3554
76.3554
76.3554
76.3554
74.0237
74.0237
74.0237
63.5675
63.5675
63.5675
63.5675
63.5675
63.5675
63.5675
63.5675
63.5675
63.5675
63.5675
63.5675
63.5675
63.5675
63.5675
57.5156
57.5156
57.5156
57.5156
57.5156
57.5156
57.5156
57.5156
57.5156
54.5275
42.462
42.462
42.462
42.462
42.462
42.462
42.462
42.462
42.462
42.462
42.462
42.462
42.462
42.462
42.462
42.462
42.462
42.462
42.462
42.462
42.462
42.462
42.462
42.462
42.462
42.462
42.462
42.462
42.462
42.462
42.462
42.462
42.462
42.462
38.8095
38.8095
38.8095
38.8095
38.8095
38.8095
35.7533
35.7533
35.7533
34.0749
34.0749
34.0749
34.0749
34.0749
34.0749
34.0749
33.4184
33.4184
33.0861
33.0861
33.0861
33.0861
33.0861
30.8942
30.8942
30.8942
30.8942
30.8942
30.8942
30.8942
30.8942
30.8942
30.8942
30.8942
30.8942
30.8942
30.8942
30.8942
30.8942
30.8942
30.8942
30.8942
30.8942
30.8942
30.8942
28.0209
28.0209
28.0209
28.0209
28.0209
28.0209
28.0209
27.255
27.255
27.255
27.255
24.8675
24.8675
24.8675
20.7284
20.7284
20.7284
20.7284
20.7284
20.7284
20.7284
20.7284
19.2485
18.0166
18.0166
18.0166
18.0166
17.5468
17.5468
17.5468
17.5468
17.5468
17.5468
17.5468
17.5468
17.5468
17.5468
17.5468
17.5468
17.5468
17.5468
17.5468
17.5468
17.5468
17.5468
17.5468
17.5468
17.5468
17.5468
17.3843
17.3843
17.3843
17.3843
17.3843
17.3843
17.3843
17.3843
17.3843
17.3843
15.3303
15.3303
15.3303
15.3303
15.3303
15.3303
14.7133
14.7133
14.7133
14.7133
14.7133
14.7133
14.7133
14.1955
14.1955
14.1955
14.1955
13.6089
13.6089
13.6089
13.6089
13.6089
13.6089
13.6089
13.6089
13.6089
13.6089
13.6089
13.6089
13.6089
13.6089
13.6089
13.6089
13.6089
13.6089
13.6089
13.6089
13.6089
13.6089
12.1046
12.1046
12.1046
12.1046
12.1046
12.1046
12.1046
12.1046
12.1046
12.1046
12.1046
12.1046
12.1046
12.1046
12.1046
12.1046
12.1046
11.4927
11.4927
11.4927
11.4927
11.4927
10.3913
10.3913
10.3913
9.93611
9.93611
9.93611
9.93611
9.93611
9.93611
9.93611
9.93611
9.93611
9.93611
9.93611
9.93611
9.93611
7.58266
7.58266
7.58266
7.58266
7.58266
7.58266
7.58266
7.58266
7.58266
7.58266
7.58266
7.58266
7.58266
7.58266
7.58266
7.58266
7.58266
7.58266
7.58266
7.58266
7.58266
7.58266
7.58266
7.58266
7.58266
7.58266
7.58266
7.58266
7.58266
7.58266
7.58266
5.94381
5.94381
5.94381
5.94381
5.94381
5.94381
5.94381
5.94381
5.94381
5.94381
5.94381
5.94381
5.94381
5.94381
5.94381
5.94381
5.94381
5.94381
5.94381
5.94381
5.94381
5.94381
5.94381
5.94381
5.94381
5.94381
5.94381
5.94381
5.94381
5.94381
5.94381
5.94381
5.30716
5.30716
5.30716
5.30716
5.30716
5.30716
5.30716
5.30716
5.30716
5.30716
5.30716
5.30716
5.30716
5.30716
5.30716
4.64074
4.64074
4.64074
4.64074
4.64074
4.64074
4.64074
4.64074
4.64074
4.64074
4.64074
4.64074
4.64074
4.64074
4.64074
4.64074
4.64074
4.64074
4.64074
4.64074
4.64074
4.64074
4.64074
4.64074
4.64074
4.64074
4.64074
4.64074
4.13656
4.13656
4.13656
4.13656
4.13656
4.13656
4.13656
4.13656
4.13656
4.13656
4.13656
4.13656
4.13656
4.13656
4.13656
4.13656
4.13656
4.13656
4.13656
4.13656
4.13656
4.13656
4.13656
4.13656
4.13656
4.13656
4.13656
3.48997
3.48997
3.48997
3.48997
3.48997
3.48997
3.48997
3.48997
3.48997
3.48997
3.41225
3.41225
3.41225
3.41225
3.41225
3.41225
3.41225
3.41225
3.41225
3.41225
3.17848
3.17848
3.17848
2.78669
2.78669
2.78669
2.78669
2.78669
2.78669
2.78669
2.78669
2.78669
2.78669
2.78669
2.78669
2.78669
2.78669
2.78669
2.78669
2.62148
2.62148
2.62148
2.62148
2.62148
2.62148
2.62148
2.62148
2.62148
2.62148
2.62148
2.62148
2.62148
2.62148
2.62148
2.62148
2.62148
2.62148
2.62148
2.62148
2.62148
2.61812
2.61812
2.61812
2.61812
2.5985
2.5985
2.5985
2.5985
2.5985
2.5985
2.5985
2.5985
2.5985
2.5985
2.5985
2.5985
2.5985
2.5985
2.5985
2.39047
2.39047
2.39047
2.39047
2.39047
2.39047
2.39047
2.39047
2.39047
2.19355
2.19355
2.19355
2.19355
2.19355
2.13557
2.1215
1.84829
1.84829
1.84829
1.84829
1.84829
1.84829
1.84829
1.84829
1.84829
1.84829
1.84829
1.84829
1.84829
1.84829
1.84829
1.84829
1.84829
1.84829
1.84829
1.84829
1.84829
1.84829
1.84583
1.84583
1.65537
1.65537
1.65537
1.65537
1.65537
1.65537
1.65537
1.65537
1.65537
1.65537
1.65537
1.65537
1.65537
1.65537
1.65537
1.65537
1.65537
1.65537
1.65537
1.65537
1.65537
1.65537
1.65537
1.65537
1.34697
1.34697
1.34697
1.34697
1.34697
1.34697
1.34697
1.34697
1.34697
1.34697
1.34697
1.34697
1.34697
1.34697
1.34697
1.34697
1.34697
1.34697
1.34697
1.34697
1.34697
1.34697
1.34697
1.34697
1.34697
1.34697
1.34697
1.34697
1.34697
1.34697
1.34697
1.34697
1.34697
1.34697
1.34697
1.34697
1.34697
1.34697
1.34697
1.32878
1.32878
1.32878
1.32245
1.32245
1.32245
1.32245
1.32245
1.32245
1.32245
1.32245
1.32245
1.32245
1.32245
1.32245
1.32245
1.32245
1.32245
1.12076
1.12076
1.12076
1.12076
1.12076
1.12076
1.12076
1.12076
1.12076
1.12076
1.12076
1.12076
1.12076
1.12076
1.12076
1.12076
1.12076
1.12076
1.12076
1.03485
1.03485
1.03485
1.03485
1.03485
1.03485
1.03485
1.03485
1.03485
1.03485
1.03485
1.03485
1.03485
1.03485
1.03485
1.03485
1.03485
1.03485
1.03485
1.03485
1.03485
1.03485
1.03485
1.03485
1.03485
1.03485
1.03485
1.03485
1.03485
0.995176
0.995176
0.995176
0.995176
0.995176
0.995176
0.995176
0.995176
0.995176
0.995176
0.995176
0.995176
0.995176
0.995176
0.995176
0.995176
0.995176
0.995176
0.995176
0.995176
0.995176
0.995176
0.995176
0.995176
0.995176
0.995176
0.995176
0.995176
0.995176
0.995176
0.995176
0.995176
0.995176
0.995176
0.995176
0.995176
0.958851
0.958851
0.958851
0.958851
0.958851
0.958851
0.958851
0.958851
0.958851
0.958851
0.958851
0.958851
0.958851
0.958851
0.958851
0.958851
0.958851
0.958851
0.943949
0.943949
0.943949
0.943949
0.943949
0.943949
0.943949
0.943949
0.943949
0.943949
0.943949
0.943949
0.943949
0.943949
0.943949
0.943949
0.943949
0.943949
0.896189
0.896189
0.896189
0.883754
0.883754
0.849661
0.849661
0.849661
0.849661
0.849661
0.849661
0.849661
0.849661
0.849661
0.849661
0.849661
0.849661
0.849661
0.849661
0.849661
0.832231
0.832231
0.832231
0.832231
0.832231
0.832231
0.832231
0.832231
0.832231
0.832231
0.832231
0.832231
0.832231
0.832231
0.832231
0.832231
0.832231
0.819086
0.819086
0.819086
0.819086
0.819086
0.819086
0.819086
0.819086
0.819086
0.819086
0.819086
0.770662
0.770662
0.770662
0.770662
0.770662
0.770662
0.770662
0.770662
0.770662
0.770662
0.770662
0.770662
0.770662
0.770662
0.770662
0.770662
0.770662
0.770662
0.770662
0.770662
0.770662
0.770662
0.770662
0.770662
0.770662
0.770662
0.770662
0.770662
0.770662
0.770662
0.770662
0.770662
0.770662
0.770662
0.770662
0.770662
0.770662
0.770662
0.770662
0.770662
0.770662
0.770662
0.770662
0.770662
0.770662
0.770662
0.770662
0.770662
0.770662
0.722704
0.722704
0.722704
0.722704
0.722704
0.722704
0.722704
0.722704
0.722704
0.722704
0.722704
0.722704
0.722704
0.722704
0.722704
0.722704
0.722704
0.722704
0.722704
0.722704
0.722704
0.722704
0.711634
0.711634
0.711634
0.711634
0.679543
0.679543
0.679543
0.679543
0.679543
0.679543
0.679543
0.679543
0.679543
0.679543
0.679543
0.679543
0.679543
0.679543
0.679543
0.679543
0.679543
0.679543
0.679543
0.675717
0.675717
0.675717
0.675717
0.675717
0.675717
0.675717
0.675717
0.675717
0.675717
0.675717
0.675717
0.675717
0.675717
0.675717
0.675717
0.675717
0.658064
0.658064
0.658064
0.658064
0.658064
0.658064
0.658064
0.658064
0.658064
0.658064
0.658064
0.658064
0.658064
0.658064
0.658064
0.658064
0.658064
0.658064
0.658064
0.639385
0.639385
0.639385
0.639385
0.639385
0.639385
0.639385
0.639385
0.639385
0.639385
0.639385
0.639385
0.639385
0.639385
0.639385
0.639385
0.639385
0.62753
0.556944
0.556944
0.556944
0.556944
0.556944
0.556944
0.556944
0.556944
0.556944
0.556944
0.556944
0.556944
0.556944
0.556944
0.556944
0.556944
0.556944
0.556944
0.556944
0.556944
0.556944
0.556944
0.556944
0.556944
0.556944
0.556944
0.556944
0.556944
0.556944
0.535361
0.535361
0.535361
0.535361
0.535361
0.535361
0.535361
0.535361
0.535361
0.535361
0.535361
0.535361
0.535361
0.535361
0.535361
0.535361
0.535361
0.535361
0.535361
0.535361
0.535361
0.535361
0.535361
0.535361
0.528944
0.528944
0.507729
0.507729
0.507729
0.475793
0.475793
0.475793
0.475793
0.475793
0.475793
0.475793
0.475793
0.475793
0.475793
0.475793
0.475793
0.475793
0.475793
0.475793
0.475793
0.475793
0.475793
0.475793
0.475793
0.475793
0.475793
0.475793
0.475793
0.475793
0.475793
0.475793
0.475793
0.475793
0.475793
0.475793
0.475793
0.475793
0.475793
0.458853
0.458853
0.458853
0.458853
0.456207
0.456207
0.456207
0.456207
0.456207
0.456207
0.456207
0.456207
0.456207
0.456207
0.438922
0.438922
0.438922
0.438922
0.438922
0.438922
0.438922
0.438922
0.438922
0.438922
0.438922
0.438922
0.438922
0.438922
0.438922
0.438922
0.438922
0.438922
0.438922
0.438922
0.438922
0.438922
0.438922
0.438922
0.438922
0.438922
0.438922
0.408124
0.408124
0.398391
0.398391
0.398047
0.398047
0.398047
0.398047
0.398047
0.398047
0.398047
0.398047
0.398047
0.397897
0.397897
0.397897
0.397897
0.397897
0.365394
0.365394
0.361325
0.361325
0.361325
0.361325
0.361325
0.361325
0.361325
0.361325
0.361325
0.361325
0.361325
0.35989
0.35989
0.35989
0.35989
0.35989
0.35989
0.35989
0.35989
0.35989
0.328449
0.328449
0.328449
0.328449
0.328449
0.328449
0.328449
0.328449
0.328449
0.328449
0.328449
0.328449
0.328449
0.328449
0.328449
0.328449
0.317431
0.317431
0.317431
0.317431
0.317431
0.317431
0.317431
0.317431
0.317431
0.317431
0.317431
0.317431
0.317431
0.317431
0.317431
0.305649
0.305649
0.305649
0.305649
0.305649
0.305649
0.305649
0.305649
0.305649
0.305649
0.305649
0.305649
0.305649
0.305649
0.305649
0.305649
0.305649
0.288364
0.288364
0.288364
0.288364
0.288364
0.288364
0.288364
0.288364
0.288364
0.288364
0.288364
0.288364
0.288364
0.288364
0.286212
0.286212
0.286212
0.286212
0.286212
0.286212
0.286212
0.286212
0.286212
0.286212
0.286212
0.284778
0.284778
0.284778
0.284778
0.284778
0.284778
0.284778
0.284778
0.284778
0.284778
0.284778
0.284778
0.284778
0.284778
0.284778
0.284778
0.284778
0.284778
0.284778
0.284778
0.284778
0.284778
0.271573
0.271573
0.271573
0.271573
0.271573
0.271573
0.271573
0.271573
0.271573
0.271573
0.271573
0.271573
0.271573
0.271573
0.271573
0.271573
0.271573
0.271573
0.271573
0.271573
0.271573
0.271573
0.271573
0.271573
0.271573
0.271573
0.271573
0.271573
0.271573
0.247339
0.247339
0.247339
0.247339
0.247339
0.247339
0.247339
0.247339
0.247339
0.247339
0.247339
0.247339
0.247339
0.247339
0.247339
0.247339
0.247339
0.247339
0.247339
0.247339
0.247339
0.247339
0.247339
0.247339
0.247339
0.247339
0.247339
0.247339
0.247339
0.247339
0.247339
0.247339
0.246622
0.246622
0.246622
0.246622
0.246622
0.246622
0.246622
0.246622
0.246622
0.246622
0.246622
0.246622
0.246622
0.246622
0.246622
0.246622
0.246622
0.246622
0.246622
0.246622
0.246622
0.246622
0.246622
0.246622
0.246622
0.246622
0.246622
0.246622
0.246622
0.246622
0.246622
0.246622
0.246622
0.246622
0.246622
0.246622
0.246622
0.246622
0.246622
0.246622
0.245904
0.245904
0.243753
0.243753
0.243753
0.243753
0.243753
0.243753
0.243753
0.243753
0.243753
0.243753
0.243753
0.243753
0.243753
0.243753
0.243753
0.243753
0.243753
0.243753
0.243753
0.243753
0.243753
0.243753
0.243753
0.243753
0.243753
0.243753
0.243753
0.243753
0.243753
0.243753
0.243753
0.243753
0.241601
0.241601
0.241601
0.241601
0.241601
0.241601
0.241601
0.241601
0.241601
0.241601
0.241601
0.241601
0.241601
0.241601
0.241601
0.241601
0.241601
0.241601
0.241601
0.241601
0.241601
0.241601
0.241601
0.241601
0.241601
0.241601
0.241601
0.241601
0.241601
0.241601
0.241601
0.241601
0.241601
0.241601
0.241601
0.241601
0.241601
0.241601
0.241601
0.241601
0.241601
0.241601
0.241601
0.226468
0.222164
0.222164
0.222164
0.222164
0.222164
0.222164
0.222164
0.222164
0.222164
0.222164
0.222164
0.222164
0.222164
0.222164
0.222164
0.222164
0.222164
0.222164
0.222164
0.222164
0.222164
0.221447
0.221447
0.221447
0.221447
0.221447
0.221447
0.221447
0.221447
0.221447
0.221447
0.221447
0.221447
0.221447
0.221447
0.221447
0.221447
0.221447
0.221447
0.221447
0.221447
0.221447
0.221447
0.221447
0.221447
0.221447
0.221447
0.221447
0.221447
0.221447
0.221447
0.221447
0.22073
0.22073
0.22073
0.22073
0.22073
0.22073
0.22073
0.22073
0.22073
0.22073
0.22073
0.22073
0.22073
0.22073
0.22073
0.22073
0.22073
0.22073
0.22073
0.22073
0.22073
0.22073
0.22073
0.22073
0.22073
0.22073
0.22073
0.22073
0.22073
0.22073
0.22073
0.22073
0.22073
0.22073
0.22073
0.22073
0.22073
0.22073
0.22073
0.22073
0.22073
0.22073
0.22073
0.220013
0.220013
0.220013
0.220013
0.220013
0.220013
0.220013
0.220013
0.220013
0.220013
0.220013
0.220013
0.220013
0.220013
0.220013
0.220013
0.220013
0.220013
0.220013
0.220013
0.220013
0.219295
0.219295
0.219295
0.219295
0.219295
0.219295
0.219295
0.219295
0.219295
0.219295
0.219295
0.219295
0.219295
0.219295
0.219295
0.219295
0.219295
0.219295
0.219295
0.219295
0.219295
0.219295
0.219295
0.219295
0.219295
0.219295
0.219295
0.219295
0.219295
0.219295
0.219295
0.219295
0.219295
0.219295
0.219295
0.219295
0.219295
0.219295
0.219295
0.219295
0.219295
0.219295
0.218578
0.218578
0.218578
0.218578
0.218578
0.218578
0.218578
0.218578
0.218578
0.218578
0.218578
0.218578
0.218578
0.217861
0.217861
0.217861
0.217861
0.217861
0.217144
0.217144
0.217144
0.217144
0.217144
0.217144
0.217144
0.217144
0.217144
0.217144
0.217144
0.217144
0.217144
0.217144
0.217144
0.217144
0.217144
0.217144
0.217144
0.217144
0.217144
0.217144
0.217144
0.217144
0.217144
0.217144
0.217144
0.217144
0.217144
0.217144
0.217144
0.217144
0.217144
0.217144
0.217144
0.217144
0.217144
0.217144
0.217144
0.217144
0.217144
0.217144
0.217144
0.217144
0.217144
0.217144
0.217144
0.217144
0.217144
0.217144
0.217144
0.217144
0.217144
0.217144
0.217144
0.217144
0.217144
0.217144
0.217144
0.217144
0.217144
0.217144
0.217144
0.217144
0.217144
0.217144
0.217144
0.217144
0.217144
0.217144
0.217144
0.217144
0.217144
0.217144
0.217144
0.217144
0.217144
0.217144
0.217144
0.217144
0.217144
0.217144
0.217144
0.216426
0.216426
0.216426
0.216426
0.216426
0.216426
0.216426
0.216426
0.216426
0.216426
0.216426
0.216426
0.216426
0.216426
0.216426
0.216426
0.216426
0.216426
0.216426
0.216426
0.216426
0.216426
0.216426
0.216426
0.216426
0.216426
0.216426
0.216426
0.216426
0.216426
0.216426
0.216426
0.216426
0.216426
0.216426
0.216426
0.216426
0.216426
0.216426
0.216426
0.216426
0.216426
0.216426
0.216426
0.216426
0.216426
0.216426
0.216426
0.216426
0.216426
0.216426
0.216426
0.216426
0.216426
0.216426
0.216426
0.216426
0.216426
0.216426
0.216426
0.216426
0.216426
0.216426
0.216426
0.216426
0.216426
0.216426
0.216426
0.216426
0.216426
0.216426
0.216426
0.216426
0.216426
0.216426
0.216426
0.216426
0.216426
0.216426
0.216426
0.216426
0.216426
0.216426
0.216426
0.216426
0.216426
0.216426
0.216426
0.216426
0.216426
0.216426
0.216426
0.216426
0.216426
0.216426
0.216426
0.216426
0.216426
0.216426
0.216426
0.216426
0.216426
0.216426
0.216426
0.216426
0.216426
0.216426
0.216426
0.216426
0.216426
0.216426
0.216426
0.216426
0.216426
0.216426
0.216426
0.216426
0.216426
0.216426
0.216426
0.216426
0.216426
0.216426
0.216426
0.216426
0.216426
0.216426
0.216426
0.216426
0.216426
0.216426
0.216426
0.216426
0.216426
0.216426
0.216426
0.216426
0.216426
0.216426
0.216426
0.216426
0.216426
0.216426
0.216426
0.216426
0.216426
0.216426
0.216426
0.216426
0.216426
0.216426
0.216426
0.216426
0.216426
0.216426
0.216426
0.216426
0.216426
0.216426
0.216426
0.216426
0.216426
0.216426
0.216426
0.216426
0.216426
0.216426
0.216426
0.216426
0.216426
0.216426
0.216426
0.216426
0.216426
0.216426
0.216426
0.216426
0.216426
0.216426
0.216426
0.216426
0.216426
0.216426
0.216426
0.216426
0.216426
0.216426
0.216426
0.216426
0.216426
0.216426
0.216426
0.216426
0.216426
0.216426
0.216426
0.216426
0.216426
0.216426
0.216426
0.216426
0.216426
0.216426
0.216426
0.216426
0.216426
0.216426
0.216426
0.216426
0.216426
0.216426
0.216426
0.216426
0.216426
0.216426
0.216426
0.216426
0.216426
0.216426
0.216426
0.216426
0.216426
0.216426
0.216426
0.216426
0.216426
0.216426
0.216426
0.216426
0.216426
0.216426
0.216426
0.216426
0.216426
0.216426
0.216426
0.216426
0.216426
0.216426
0.216426
0.216426
0.216426
0.216426
0.216426
0.216426
0.216426
0.216426
0.216426
0.216426
0.216426
0.216426
0.216426
0.216426
0.216426
0.216426
0.216426
0.216426
0.216426
0.216426
0.216426
0.216426
0.216426
0.216426
0.216426
0.216426
0.216426
0.216426
0.216426
0.216426
0.216426
0.216426
0.216426
0.216426
0.216426
0.216426
0.216426
0.216426
0.216426
0.216426
0.216426
0.216426
0.216426
0.216426
0.216426
0.216426


0.0382824
0.0382824
0.0382824
0.0382824
0.0382824
0.0382824
0.0382824
0.0382824
0.0382824
0.0382824
0.0382824
0.0382824
0.0382824
0.0382824
0.0382824
0.0382824
0.0382824
0.0382824
0.0382824
0.0382824
0.0382824
0.0382824
0.0382824
0.0382824
0.0382824
0.0382824
0.0382824
0.0382824
0.0382824
-0.417044

0.025

