0.486795
0.486795
0.486795
0.488232
0.488232
0.488232
0.488232
0.488232
0.488232
0.488232
0.488232
0.488232
0.488232
0.488232
0.488232
0.384978
0.31441
0.130477
0.130477
0.130477
0.55421
0.55421
0.55421
0.559886
0.559886
0.396441
0.396441
0.350828
0.350828
0.350828
0.482181
0.482181
0.482181
0.476913
0.476913
0.476913
0.476913
0.476913
0.476913
0.476913
0.476913
0.476913
0.476913
0.476913
0.476913
0.476913
0.476913
0.476913
0.474603
0.420495
0.420495
0.420495
0.420495
0.420495
0.403247
0.403247
0.403247
0.403247
0.403247
0.403247
0.403247
0.403247
0.403247
0.367618
0.367618
0.367618
0.367618
0.439153
0.439153
0.203787
0.203787
0.439153
0.439153
0.439153
0.486184
0.489467
0.489467
0.489467
0.489467
0.489467
0.546928
0.546928
0.546928
0.546928
0.369378
0.369378
0.369378
0.369378
0.369378
0.369378
0.370579
0.370579
0.370579
0.370579
0.370579
0.370579
0.370579
0.370579
0.370579
0.370579
0.370579
0.370579
0.370579
0.370579
0.383014
0.383014
0.383014
0.677963
0.677963
0.677963
0.677963
0.677963
0.677963
0.262398
0.262398
0.262398
0.394368
0.261445
0.261445
0.261445
0.261445
0.261445
0.391312
0.391312
0.391312
0.826517
0.826517
0.826517
0.826517
0.826517
0.511912
0.826517
0.826517
0.826517
0.826517
0.826517
0.826517
0.826517
0.826517
0.799303
0.853959
0.289573
0.289573
0.289573
0.289573
0.289573
0.289573
0.289573
0.289573
0.289573
0.289573
0.853959
0.853959
0.853959
0.853959
0.718237
0.718237
0.718237
0.718237
0.718237
0.723327
0.723327
0.723327
0.723327
0.723327
0.723327
0.723327
0.723327
0.723327
0.723327
0.723327
0.723327
0.723327
0.723327
0.723327
0.723327
0.723327
0.558411
0.558411
0.558411
0.716324
0.716324
0.716324
0.882488
0.882488
0.882488
0.906998
0.906998
0.906998
0.906998
0.695116
0.185296
0.185296
0.58125
0.58125
0.58125
0.58125
0.58125
0.58125
0.58125
0.58125
0.58125
0.58125
0.58125
0.58125
0.230383
0.230383
0.747334
0.747334
0.747334
0.747334
0.747334
1.0965
1.0965
1.0965
1.0965
0.668811
0.639599
0.639599
0.639599
0.639599
0.639599
0.639599
0.437059
0.437059
0.637391
0.637391
0.637391
0.636104
0.636104
0.636104
0.636104
0.636104
0.381293
0.381293
0.381293
0.381293
0.600269
0.455399
0.455399
0.455399
0.630102
0.630102
0.630102
0.630102
0.567389
0.567389
1.0038
1.22055
0.935274
0.935274
0.935274
0.935274
0.935274
1.18075
1.18075
1.16384
1.16384
1.16384
0.511779
0.511779
0.511779
0.511779
0.511779
0.511779
0.511779
0.511779
0.511779
0.511779
0.641456
0.641456
0.641456
0.641456
0.641456
0.641456
0.641456
0.641456
0.641456
0.563856
0.881702
0.881702
0.881702
0.881702
0.881702
0.881702
0.881702
0.881702
0.857367
0.857367
0.857367
0.881702
0.881702
0.881702
0.734671
0.734671
0.734671
0.734671
0.734671
0.787872
0.787872
0.787872
0.787872
0.591869
0.863683
0.863683
0.863683
0.885577
0.885577
0.885577
0.885577
0.75177
0.735444
0.469015
0.469015
0.469015
0.469015
0.469015
0.469015
0.469015
0.469015
0.469015
0.507866
0.507866
0.507866
0.507866
0.507866
0.507866
0.507866
0.602492
0.602492
0.602492
0.602492
0.264829
0.264829
0.454228
0.454228
0.454228
0.454228
0.454228
0.431234
0.431234
0.431234
0.431234
0.431234
0.431234
0.431234
0.431234
0.701825
0.701825
0.701825
0.913479
0.913479
0.584744
0.584744
0.584744
0.584744
0.584744
0.584744
0.584744
0.584744
0.584744
0.584744
0.584744
0.584744
0.584744
0.584744
0.584744
0.584744
0.584744
0.584744
0.584744
0.584744
0.648772
0.425889
0.698677
0.765513
0.765513
0.765513
0.809539
0.809539
0.809539
0.809539
0.809539
0.809539
0.809539
0.809539
0.809539
1.14895
0.992236
0.992236
0.588332
0.588332
0.588332
0.588332
0.367575
0.367575
0.367575
0.367575
1.17607
1.17607
0.433879
0.433879
0.433879
0.433879
0.417091
0.417091
0.417091
0.604952
0.604952
0.602035
0.602035
0.602035
0.602035
0.602035
0.602035
0.602035
0.475716
0.475716
0.475716
0.475716
0.606853
0.891547
0.891547
0.891547
0.941701
0.941701
0.941701
0.941701
0.941701
1.02103
0.433056
0.433056
0.433056
0.433056
0.396455
0.396455
0.396455
0.625299
0.625299
0.625299
0.625299
0.625299
0.625299
0.625299
1.1161
1.1161
1.1161
1.1161
1.1161
1.34049
1.34049
1.36542
1.36542
1.36542
1.36542
1.36542
1.36542
1.36542
1.0861
1.0861
1.09237
0.946214
1.09237
1.09237
1.09237
1.09237
1.09237
1.09237
0.912195
0.912195
0.820463
0.820463
0.820463
0.820463
0.820463
0.820463
0.806734
0.557558
0.557558
0.557558
0.557558
0.557558
0.557558
1.17791
1.17791
1.27046
1.30024
1.30024
0.554341
0.554341
0.554341
0.554341
0.554341
0.554341
0.554341
0.554341
0.554341
0.554341
0.554341
0.554341
0.609563
0.609563
0.609563
0.609563
0.661198
0.661198
0.661198
1.05467
1.05467
1.05467
1.05467
1.05467
1.05467
1.05467
1.05467
0.804443
0.804443
1.05467
1.05467
1.24015
1.24015
1.24015
1.24015
1.24015
1.24015
1.24015
1.24015
1.24015
1.24015
1.13926
0.635445
0.664394
0.664394
0.664394
0.664394
0.664394
0.664394
0.664394
0.562221
0.562221
0.562221
0.562221
0.562221
0.910908
0.910908
1.11439
1.08912
1.08912
1.08912
1.08912
1.08912
1.08912
1.08912
0.933129
0.933129
0.933129
0.933129
1.08912
0.964905
0.964905
0.964905
0.964905
0.964905
0.191396
0.191396
0.896317
0.896317
0.896317
0.723952
0.723952
0.723952
0.723952
0.721943
0.440856
0.440856
0.440856
0.440879
0.440879
0.250141
0.440879
0.440879
0.440879
0.440879
0.440879
0.440879
0.521926
0.521926
0.521926
0.521926
0.521926
0.521926
0.521926
0.521926
0.521926
0.521926
1.07102
0.553595
0.553595
1.13759
1.31116
1.08353
1.08353
1.08353
1.08353
0.865672
0.865672
0.865672
0.865672
0.865672
0.913167
0.913167
0.913167
0.913167
0.913167
0.913167
0.889402
0.889402
0.889402
0.889402
0.889402
0.889402
0.889402
0.733908
0.733908
0.733908
0.889402
0.889402
0.889402
0.889402
0.889402
0.889402
0.889402
0.889402
0.889402
0.889402
0.889402
0.889402
0.889402
0.878446
0.748616
0.748616
0.748616
0.748616
0.495562
0.495562
0.916241
0.916241
0.916241
0.916241
0.916241
0.935871
0.935871
0.5172
0.5172
0.5172
0.5172
0.5172
0.5172
0.5172
0.5172
0.5172
0.5172
0.888777
1.2502
1.07537
1.07537
1.26689
1.26689
1.26689
0.759232
0.759232
0.759232
0.759232
0.593303
0.593303
0.593303
0.598903
0.598903
0.598903
0.69903
0.69903
0.69903
0.69903
0.69903
0.69903
0.69903
0.433378
0.461377
0.69903
0.69903
0.69903
0.69903
0.69903
0.69903
0.888142
0.888142
0.897382
0.588315
0.376467
0.376467
0.588315
0.588315
0.588315
0.765136
0.765136
0.425578
0.425578
0.302403
0.425578
0.425578
0.425578
0.42558
0.42558
0.354131
0.354131
0.354131
0.354131
0.354131
0.354131
0.354131
0.682087
0.682087
0.682087
0.682087
0.682087
0.682087
0.682087
1.08844
1.08844
1.08844
1.08844
1.08844
1.08623
0.227212
0.227212
0.365473
0.365473
0.365473
0.365473
0.365473
0.365473
0.365473
0.365473
0.365473
0.365473
0.365473
0.365473
1.3011
1.23109
1.23109
1.23109
1.23109
1.3011
0.986956
0.986956
0.920372
0.986956
0.759032
0.759032
0.757981
0.757981
0.757981
0.302964
0.302964
0.302964
0.302964
0.302964
0.302964
0.302964
0.302964
0.302964
0.302964
0.772127
0.772124
0.772124
0.772124
0.772124
0.772124
0.772124
0.772124
0.448848
0.448848
0.448848
0.448848
0.448848
0.448848
0.448848
0.448848
0.436468
0.436468
0.436468
0.443527
0.443527
0.443527
0.443527
0.42393
0.443527
0.443527
0.975086
0.975086
0.975086
0.975086
0.975086
0.975086
0.998624
1.05591
1.05591
1.05591
1.05591
0.626033
0.878532
0.878532
0.878532
0.878532
0.878532
0.871736
1.19847
0.567933
0.567933
0.567933
0.567933
0.567933
0.567933
1.14046
1.14046
1.14046
1.11625
1.05196
1.05196
0.87167
0.44724
0.771183
0.827086
0.827086
0.705249
0.764781
0.764781
0.827086
0.612856
0.612856
0.612856
0.612856
0.612856
0.612856
0.612856
0.84935
0.84935
0.84935
0.84935
0.84935
0.84935
0.84935
0.84935
0.898795
0.898795
0.898795
0.898795
0.898795
0.898795
0.898795
1.10809
0.620585
1.10809
1.10809
1.10809
1.10809
1.10809
1.10809
1.10809
1.47557
1.47557
1.3374
1.3374
1.24452
1.24452
1.3374
1.3374
1.1841
1.1841
1.1841
1.32527
1.32527
1.32527
1.3374
1.3374
1.3374
1.3374
1.17254
1.17254
1.13334
1.11229
0.766458
0.7859
1.39583
0.504609
0.504609
0.504609
0.504609
0.504609
0.504609
0.504609
0.504609
0.504609
0.504609
0.504609
0.504609
0.504609
0.504609
0.504609
0.803275
0.934114
0.934114
0.845685
1.03181
1.03181
1.03181
1.03181
1.0759
1.41739
1.41739
1.41739
1.41739
1.41739
1.41739
1.41739
1.41739
1.22147
1.41739
1.41739
1.41739
1.60029
0.687687
1.15844
1.15844
1.15844
1.33201
1.33201
1.33201
0.430617
0.939421
0.939421
0.939421
0.939421
0.939421
0.939421
0.521021
0.521021
0.521021
0.521021
0.521021
0.521021
0.521021
0.569062
0.569062
0.569062
0.569062
0.569062
0.566424
0.566424
0.566424
0.566424
0.5641
1.17516
1.17516
1.22822
1.22822
1.22822
1.22822
1.22822
1.22822
1.22822
1.22822
1.10836
1.10836
1.10836
1.10836
0.571551
0.571551
0.571551
0.571551
0.450383
0.450383
0.450383
0.450383
0.450383
0.450383
0.450383
0.450383
0.571551
0.535861
0.535861
0.737684
0.737684
0.809055
0.734816
0.734816
0.372171
0.372171
0.372171
0.372171
0.372171
0.372171
0.372171
0.372174
0.372174
0.372174
0.372174
0.372174
0.372174
0.372174
0.372174
0.372174
0.372174
0.386687
0.386687
0.386687
0.74798
0.74798
0.74798
0.74798
0.74798
0.74798
0.74798
0.74798
0.601094
0.601094
0.601094
0.601094
0.525799
0.864653
0.864653
0.864653
0.698482
0.698482
0.551962
0.530405
0.530405
0.611027
0.455228
0.975252
0.975252
0.975252
0.975252
0.975252
0.975252
0.975252
0.975252
1.212
1.212
1.212
1.08209
0.540631
0.540631
0.540631
0.540631
0.540631
0.540631
0.540631
0.540631
0.971526
0.971526
0.971526
0.971526
0.970698
0.970698
0.970698
0.970698
0.971526
0.838212
0.838212
0.838212
1.0842
1.02779
1.02779
1.02779
1.02779
1.02779
1.02779
1.02779
1.02779
1.02779
1.02779
0.823033
0.823033
0.823033
0.823033
0.823033
0.823033
0.823033
0.823033
0.823033
0.823033
0.736331
0.823033
0.823033
0.776071
0.876695
0.876695
0.876695
0.94026
0.958423
0.958423
0.958423
0.958423
0.958423
0.676902
0.457252
0.457252
0.980086
0.838261
0.785812
0.785812
0.785812
0.769441
0.769441
0.719463
0.785812
0.785812
0.785812
0.31072
0.31072
0.31072
0.31072
1.16429
1.16429
1.16429
1.16429
1.16467
1.16467
1.16467
1.16467
1.16467
1.35179
0.879017
0.879017
0.879017
0.879017
0.879034
0.879034
0.71496
0.71496
0.71496
0.71496
0.879034
0.879034
0.882683
0.882683
0.882683
0.882683
0.882683
0.882683
0.882683
0.882683
0.882683
0.882683
0.882683
0.882683
0.882683
0.351594
0.351594
0.351594
0.351594
0.351594
0.55159
0.55159
0.55159
0.55159
0.461372
0.461372
0.461372
0.461372
0.461372
0.461372
0.461372
0.461372
0.461372
0.461372
0.461372
0.261487
0.261487
0.261487
0.261487
0.261487
0.261487
0.261487
0.62371
0.62371
0.62371
0.62371
0.253151
0.253151
0.253151
0.253206
0.253206
0.253206
0.253206
0.253206
0.253206
0.253206
0.292574
0.278377
0.278377
0.278377
0.278377
0.278377
0.278377
0.278377
0.278377
0.251136
0.251136
0.251136
0.251136
0.251136
0.627622
0.627622
0.627622
0.627622
0.627622
0.627676
0.627676
0.627676
0.48423
0.942769
0.942769
0.942769
0.942769
0.942769
0.942769
0.942769
0.977234
0.909125
0.909125
0.909123
0.949601
0.835482
0.835482
0.593873
0.819464
0.819464
0.819464
0.711457
0.711457
0.711457
0.634353
0.634353
0.634353
0.634353
0.634353
0.634353
0.634353
0.616164
0.616164
0.616164
0.33354
0.33354
0.33354
0.33354
0.25396
0.25396
0.25396
0.25396
0.809165
1.04131
1.08918
1.08918
1.08918
1.08918
1.08918
1.08918
1.08918
1.08918
1.08918
1.18208
1.18208
1.18208
1.18208
1.18208
1.18208
1.18208
1.09706
1.46784
1.46784
1.46784
1.46784
1.46784
1.46784
1.00065
1.00065
1.2866
1.30676
1.38548
1.38548
1.38548
1.38548
1.0529
1.0529
1.45381
0.54773
0.54773
0.54773
0.67998
0.67998
0.67998
0.67998
0.67998
0.67998
0.67998
0.836605
0.836605
0.748477
0.748477
0.748476
0.748476
0.748476
0.748476
0.748476
0.748476
0.748476
0.748476
0.748476
0.748476
0.527286
0.527286
0.527286
0.527286
0.528341
0.528341
1.22578
1.22578
1.09694
1.09694
1.22578
1.22578
1.22578
1.38354
1.38354
1.38354
1.16888
0.954309
0.954309
0.954309
0.954309
0.954309
0.954309
1.76711
1.5737
1.57365
1.57365
1.57365
1.57365
1.57365
1.38373
0.674962
0.674962
0.674962
1.08986
1.08986
1.08986
1.60368
1.60368
1.63902
1.63902
1.37022
1.37022
1.37022
1.03545
1.03545
1.14535
1.14535
1.2475
1.37022
1.37022
1.37022
1.37022
0.99405
0.99405
1.37022
1.37022
1.37022
1.37022
1.37022
0.965882
0.965882
0.965882
0.965882
0.965882
0.965882
0.965882
0.965882
1.01667
0.952473
0.952473
0.952473
1.04845
1.2371
1.2371
1.2371
1.20535
0.705558
0.705558
0.705558
0.705558
0.947316
0.947316
0.947316
0.947316
0.947316
0.947316
0.947316
1.3461
0.940725
0.940725
0.940725
0.940725
0.940725
0.940725
0.940725
0.940725
0.940725
0.940725
0.940725
0.940725
1.3461
1.3461
1.3461
1.3461
1.3461
1.3461
0.348406
0.348406
0.348406
1.10683
1.10683
0.80276
0.80276
0.80276
0.80276
0.80276
0.80276
0.80276
0.80276
0.80276
0.80276
0.80276
0.895653
0.895653
0.895653
0.87283
0.87283
0.887516
0.887516
0.887516
0.887516
0.887516
0.887516
0.55208
0.55208
1.23244
1.23244
1.23244
1.26346
1.26205
1.26205
1.33434
1.33434
1.56184
1.38548
1.38548
1.38548
1.38548
1.38548
0.997636
0.997636
0.997636
0.897078
0.897078
0.897078
0.897078
0.897078
0.897078
0.897078
0.897078
0.594774
0.594774
0.594774
0.594774
0.594774
0.594774
0.594774
0.594774
0.594774
0.594774
0.594774
0.947429
0.947429
0.947429
0.947429
0.947429
0.947429
0.947429
0.947429
1.36069
1.36069
1.27592
1.27592
1.04694
1.04694
1.04694
1.04694
1.04694
1.04694
1.04694
1.04694
1.04694
1.04694
1.04694
1.04694
1.04694
1.04694
1.04694
1.44967
0.997604
0.997604
0.997604
0.997604
0.997604
1.00285
1.00285
1.00285
1.00285
1.00285
1.00285
1.00285
1.00285
1.13617
1.13617
1.13617
1.13617
1.63438
1.63438
1.63438
1.63438
1.63438
1.63438
1.78588
1.44853
1.44853
1.27844
1.27844
1.27844
1.27844
1.27844
1.27844
1.27844
1.27844
1.27844
1.23096
1.23096
1.23096
1.15218
1.15218
1.15218
1.15218
1.15218
1.15218
1.15218
1.16233
1.16233
1.03401
1.03401
1.03401
0.785994
0.785994
0.785994
0.785994
0.785994
0.785994
0.785994
0.785994
1.29316
1.06198
1.06198
1.06198
1.06198
1.06198
1.51113
1.51113
1.34128
1.34128
0.471879
0.471879
0.471879
0.471879
0.846407
0.846407
0.846407
0.846407
0.846407
1.06798
1.13799
1.13799
1.13799
1.13799
1.13799
1.13799
0.804067
1.36359
0.788264
0.788264
0.788264
0.788264
0.788264
0.788264
0.788264
0.788264
0.788264
0.788264
0.788264
0.788264
0.788264
0.788264
0.788264
0.788264
0.788264
1.16629
1.16629
1.04921
1.04921
1.16629
0.441162
0.441162
0.622191
0.622191
0.622191
0.622191
0.622191
1.01606
1.01606
1.01606
1.01606
0.608599
0.608599
0.608599
0.608599
0.608599
1.01606
1.01606
1.01606
1.01643
1.01643
1.01643
0.879745
0.879745
0.879745
0.879745
0.879745
0.879745
0.879745
0.862705
0.862705
0.862705
0.859551
0.859551
0.859551
0.859551
0.895708
0.947032
0.947032
0.947032
0.947032
1.0476
1.0476
0.93468
0.93468
0.93468
0.93468
0.93468
0.93468
0.831532
0.977471
0.977471
0.977471
0.977471
0.977471
0.977471
0.977471
0.977471
0.977471
1.17628
1.04066
1.04066
1.04066
1.04066
1.04066
1.04066
1.04066
1.04066
1.04066
1.04066
1.30399
1.30399
1.30399
1.30399
1.30399
1.30399
1.66624
1.66624
1.57227
1.57227
0.976355
0.976355
0.976355
0.976355
0.976355
0.976355
0.976355
0.976355
0.976355
0.976355
1.31721
1.04457
1.04457
1.04457
1.04457
1.04457
1.04457
1.04457
1.04457
1.04457
1.04457
1.04457
1.04457
1.04457
1.04457
1.04457
1.04457
1.04457
1.04457
1.04457
1.04457
1.04457
1.04457
1.04457
1.04457
1.3582
1.3582
1.3582
1.3582
1.3582
0.935603
1.42455
1.42455
1.42455
1.54539
1.54688
1.68499
1.53439
1.20748
1.20748
1.20748
1.20748
1.20748
1.20748
1.20726
1.20726
1.20726
1.20726
1.20726
0.65057
0.65057
0.65057
0.65057
0.65057
0.65057
0.65057
0.65057
0.65057
0.65057
0.65057
0.65057
0.65057
0.65057
0.65057
0.765393
0.765393
0.765393
0.765393
0.765393
0.765393
0.765393
0.765393
0.765393
0.765393
0.765393
0.765393
1.06322
1.46073
1.46073
1.34224
1.34224
1.34224
1.34224
1.53535
1.53535
1.70149
1.32178
0.877407
0.877407
0.877407
0.877407
0.877407
0.642345
0.642345
0.642345
0.642345
0.642345
0.642345
0.642345
0.642345
1.07949
1.07949
1.10759
1.15045
1.15045
1.15045
1.15045
1.15045
1.15045
1.15045
1.15045
1.15045
1.15045
1.15566
1.15566
1.20592
1.20592
1.29382
1.23836
1.23836
0.685736
0.685736
0.685736
0.685736
0.685736
0.694542
0.733265
0.733265
1.31943
1.52905
1.52905
1.52905
1.52905
1.52905
1.03788
1.46394
1.46394
1.04038
1.04038
1.04038
1.04038
1.44116
1.44116
1.44116
1.44116
1.44116
1.47528
1.47528
1.47528
1.47528
1.47528
1.47528
1.47528
1.47528
1.47528
1.48241
1.48241
0.650104
0.650104
0.650104
0.650104
0.650104
0.650104
0.650104
0.650104
0.650104
0.650104
0.650104
1.26419
1.26419
1.26419
1.26419
1.26419
1.23553
1.23553
1.23553
1.23553
1.14893
1.14893
1.14893
1.14893
1.14893
1.14893
1.14893
1.14893
1.14893
1.14893
1.14893
1.14893
1.51731
1.51731
1.57881
1.57881
1.57881
1.57881
1.57881
1.57882
1.22578
1.22578
1.65393
1.5991
1.5991
1.29089
1.29089
1.29089
1.29089
1.29089
1.29089
1.29089
0.981652
0.981652
0.981652
0.981652
0.871587
0.871587
0.871587
0.871587
0.871603
1.35383
1.35383
1.35383
1.14592
0.800864
0.800864
0.800864
0.800864
0.800864
0.800864
0.800864
0.800864
0.800864
0.800864
0.504274
0.504274
0.504274
0.504274
0.504274
0.657727
0.657727
0.657727
0.657727
0.901697
0.901697
0.901697
0.901697
0.901697
1.35371
1.35371
1.42532
1.42532
1.42532
1.42532
1.42532
1.42532
1.42532
1.42532
1.42532
1.42532
1.40958
1.40958
1.40958
1.40958
1.19613
1.50387
1.50387
1.50387
1.54825
1.54825
1.54825
1.54825
1.54825
1.36432
1.36432
1.57493
1.16729
1.16729
1.16804
1.55972
1.55972
1.55972
1.66259


0.0760216
0.0252388
-0.271401
0.276406
0.207923
0.123692
0.401898
0.307657
0.437666
-0.411359
0.236427
-0.0871914
-0.304239
0.602527
-0.367595
-0.650685
0.413556
-0.191443
0.0356151
0.281289
-0.725272
0.571032
0.449019
0.680227
0.919431
0.786004
-0.751152
0.414045
-0.338725
-0.710074

0.025

