634.655
634.655
617.353
617.353
617.353
617.353
617.353
617.353
609.196
609.196
526.369
526.369
526.369
526.369
526.369
526.369
526.369
526.369
519.798
505.473
505.473
505.473
505.473
505.473
505.473
505.473
505.473
505.473
505.473
505.473
505.473
505.473
468.578
468.578
455.539
455.539
446.255
446.255
446.255
446.255
446.255
446.255
446.255
446.255
404.364
404.364
404.364
404.364
369.353
369.353
369.353
369.353
345.298
345.298
345.298
298.039
298.039
298.039
298.039
298.039
276.281
276.281
263.886
263.886
263.886
263.886
263.886
263.886
253.475
253.475
253.475
253.475
253.475
253.475
245.15
245.15
208.384
208.384
208.384
208.384
208.384
208.384
208.384
205.511
205.511
205.511
205.511
205.511
205.511
205.511
183.843
183.843
183.843
183.843
172.017
172.017
172.017
172.017
172.017
134.657
134.657
134.657
134.657
134.657
134.657
134.657
134.657
134.657
134.657
134.657
134.657
134.657
134.657
134.657
134.657
134.657
134.657
134.657
134.657
134.657
134.657
134.657
134.657
134.657
134.657
134.657
119.452
119.452
119.452
119.452
119.452
119.452
119.452
119.452
119.452
117.677
117.677
117.677
117.677
107.302
104.074
104.074
104.074
104.074
104.074
104.074
104.074
104.074
104.074
104.074
104.074
104.074
104.074
104.074
104.074
104.074
104.074
83.006
83.006
83.006
83.006
82.4734
82.4734
82.4734
82.4734
80.9956
80.9956
80.9956
79.4195
73.0049
73.0049
73.0049
73.0049
73.0049
73.0049
73.0049
73.0049
73.0049
72.1336
72.1336
72.1336
72.1336
72.1336
72.1336
72.1336
72.1336
72.1336
72.1336
71.6084
71.6084
71.6084
71.6084
70.8351
70.8351
70.8351
67.6573
67.6573
67.6573
67.6573
67.6573
64.3445
63.0536
63.0536
63.0536
63.0536
63.0536
63.0536
63.0536
57.7665
57.7665
57.7665
57.7665
57.7665
57.7665
55.7871
55.7871
55.7871
55.7871
55.7871
55.7871
55.7871
55.7871
55.7871
55.7871
55.7871
55.7871
55.7871
55.7871
55.7871
53.8502
53.8502
53.8502
53.4117
53.4117
53.4117
53.4117
53.4117
53.4117
51.4748
51.4748
51.4748
51.4748
51.4748
51.4748
51.4748
48.1671
48.1671
48.1671
48.1671
48.1671
48.1671
48.1671
48.1671
48.1671
48.1671
48.1671
48.1671
48.1671
48.1671
48.1671
48.1671
48.1671
48.1671
48.1671
48.1671
48.1671
48.1671
48.1671
48.1671
45.9065
45.9065
45.9065
45.9065
44.421
44.421
44.421
44.421
44.421
44.421
43.2888
42.6079
42.6079
42.6079
42.6079
42.6079
42.6079
42.6079
42.6079
42.0327
42.0327
42.0327
42.0327
42.0327
42.0327
42.0327
42.0327
42.0327
42.0327
42.0327
42.0327
42.0327
42.0327
41.2371
41.2371
41.2371
41.2371
40.0958
40.0958
40.0958
40.0958
40.0958
40.0958
40.0958
40.0958
40.0958
40.0958
40.0958
39.3002
39.3002
39.3002
39.3002
39.3002
39.3002
39.3002
39.3002
39.3002
39.3002
39.3002
39.3002
39.3002
39.3002
39.3002
39.3002
39.3002
39.3002
39.3002
39.3002
39.3002
39.3002
39.3002
39.3002
38.7341
38.7341
38.7341
38.7341
38.0533
38.0533
38.0533
38.0533
38.0533
38.0533
38.0533
38.0533
38.0533
36.1873
36.1873
36.1873
36.1873
36.1873
36.1873
36.1873
36.1873
36.1873
36.1873
36.1873
36.1873
36.1873
36.1873
36.1873
36.1873
36.1873
36.1873
36.1873
36.1873
36.1873
36.1873
36.1873
36.1873
36.1873
36.1873
36.1873
36.1873
28.8744
28.8744
28.8744
28.8744
28.8744
28.8744
28.8744
28.8744
28.8744
28.8744
28.8744
28.8744
28.8744
28.8744
28.8744
28.8744
28.8744
28.8744
28.8744
28.8744
28.8744
28.8744
28.8744
28.8744
28.8744
28.8744
28.8744
28.8744
28.8744
28.8744
28.8744
28.8744
28.8743
28.8743
28.8743
28.8743
28.8743
28.8743
28.8743
28.8743
28.8743
28.8743
28.8743
28.8743
28.8743
28.8743
28.8743
28.8743
28.8743
28.8743
28.8743
28.8743
28.8743
28.8743
28.8743
28.8743
28.8743
28.8743
28.8743
28.8743
28.8743
28.8743
28.8743
28.8743
28.8743
28.8743
28.8743
28.8743
28.8743
28.1934
28.1934
28.1934
28.1934
28.1934
28.1934
28.1934
28.1934
28.1934
28.1934
28.1934
28.1934
28.1934
28.1934
28.1934
28.1934
28.1934
28.1934
28.1934
28.1934
28.1934
28.1934
28.1934
28.1934
28.1934
28.1934
28.1934
28.1934
28.1934
28.1934
28.1934
28.1934
28.1934
28.1934
28.1934
28.1934
28.1934
28.1934
28.1934
28.1934
28.1934
28.1934
28.1934
28.1934
28.1934
28.1934
28.1934
28.1934
28.1934
28.1934
28.1934
28.1934
28.1934
28.1934
28.1934
28.1934
28.1934
28.1934
28.1934
28.1934
28.1934
28.1934
28.1934
28.1934
28.1934
28.1934
28.1934
28.1934
28.1934
28.1934
28.1934
28.1934
28.1934
28.1934
28.1934
28.1934
28.1934
28.1934
28.1934
28.1934
28.1934
28.1934
28.1934
28.1934
28.1934
28.1934
28.1934
28.1934
25.7033
25.7033
25.7033
25.7033
25.7033
25.7033
25.7033
25.7033
25.7033
25.7033
25.7033
25.7033
25.7033
25.7033
25.7033
25.7033
25.7033
25.7033
25.7033
25.7033
25.7033
25.7033
25.7033
25.7033
25.7033
25.7033
25.7033
25.7033
25.7033
25.7033
25.7033
25.7033
25.7033
25.7033
25.7033
25.7033
25.7033
25.7033
25.7033
25.7033
25.7033
25.7033
25.7033
25.7033
25.7033
25.7033
25.7033
25.7033
25.7033
25.7033
25.7033
25.7033
25.7033
25.7033
25.7033
25.7033
25.7033
25.7033
25.7033
25.7033
25.7033
25.7033
25.7033
25.7033
25.7033
25.7033
25.7033
25.7033
25.7033
25.7033
25.7033
25.7033
25.7033
25.7033
25.7033
25.7033
25.7033
25.7033
25.7033
25.7033
25.7033
25.7033
25.7033
25.7033
25.7033
25.7033
25.7033
25.7033
25.7033
25.7033
25.7033
25.7033
25.7033
25.7033
25.7033
25.7033
25.7033
25.7033
25.7033
25.7033
25.7033
25.7033
25.7033
25.7033
25.7033
25.7033
25.7033
25.7033
25.7033
25.7033
25.7033
25.7033
25.7033
25.7033
25.7033
25.7033
25.7033
25.7033
25.7033
25.7033
25.7033
25.7033
25.7033
25.7033
25.7033
25.7033
25.7033
25.7033
25.7033
25.7033
25.7033
25.7033
25.7033
25.7033
25.7033
25.7033
25.7033
25.7033
25.7033
25.7033
25.7033
25.7033
25.7033
25.7033
25.7033
25.7033
25.7033
25.7033
25.7033
25.7033
25.7033
25.7033
25.7033
25.7033
25.7033
25.7033
25.7033
25.7033
25.7033
25.7033
25.7033
25.7033
25.7033
25.7033
25.7033
25.7033
25.7033
25.7033
25.7033
25.7033
25.7033
25.7033
25.7033
25.7033
25.7033
25.7033
25.7033
25.7033
25.7033
25.7033
25.7033
25.7033
25.7033
25.7033
25.7033
25.7033
25.7033
25.7033
25.7033
25.7033
25.7033
25.7033
25.7033
25.7033
25.7033
25.7033
25.7033
25.7033
25.7033
25.7033
25.7033
25.7033
25.7033
25.7033
25.7033
25.7033
25.7033
25.7033
25.7033
25.7033
25.7033
25.7033
25.7033
25.7033
25.7033
25.7033
25.7033
25.7033
25.7033
25.7033
25.7033
25.7033
25.7033
25.7033
25.7033
25.7033
25.7033
25.7033
25.7033
25.7033
25.7033
25.7033
25.7033
25.7033
25.7033
25.7033
25.7033
25.7033
25.7033
25.7033
25.7033
25.7033
25.7033
25.7033
25.7033
25.7033
25.7033
25.7033
25.7033
25.7033
25.7033
25.7033
25.7033
25.7033
25.7033
25.7033
25.7033
25.7033
25.7033
25.7033
25.7033
25.7033
25.7033
25.7033
25.7033
25.7033
25.7033
25.7033
25.7033
25.7033
25.7033
25.7033
25.7033
25.7033
25.7033
25.7033
25.7033
25.7033
25.7033
25.7033
25.7033
25.7033
25.7033
25.7033
25.7033
25.7033
25.7033
25.7033
25.7033
25.7033
25.7033
25.7033
25.7033
25.7033
25.7033
25.7033
25.7033
25.7033
25.7033
25.7033
25.7033
25.7033
25.7033
25.7033
25.7033
25.7033
25.7033
25.7033
25.7033
25.7033
25.7033
25.7033
25.7033
25.7033
25.7033
25.7033
25.7033
25.7033
25.7033
25.7033
25.7033
25.7033
25.7033
25.7033
25.7033
25.7033
25.7033
25.7033
25.7033
25.7033
25.7033
25.7033
25.7033
25.7033
25.7033
25.7033
25.7033
25.7033
25.7033
25.7033
25.7033
25.7033
25.7033
25.7033
25.7033
25.7033
25.7033
25.7033
25.7033
25.7033
25.7033
25.7033
25.7033
25.7033
25.7033
25.7033
25.7033
25.7033
25.7033
25.7033
25.7033
25.7033
25.7033
25.7033
25.7033
25.7033
25.7033
25.7033
25.7033
25.7033
25.7033
25.7033
25.7033
25.7033
25.7033
25.7033
25.7033
25.7033
25.7033
25.7033
25.7033
25.7033
25.7033
25.7033
25.7033
25.7033
25.7033
25.7033
25.7033
25.7033
25.7033
25.7033
25.7033
25.7033
25.7033
25.7033
25.7033
25.7033
25.7033
25.7033
25.7033
25.7033
25.7033
25.7033
25.7033
25.7033
25.7033
25.7033
25.7033
25.7033
25.7033
25.7033
25.7033
25.7033
25.7033
25.7033
25.7033
25.7033
25.7033
25.7033
25.7033
25.7033
25.7033
25.7033
25.7033
25.7033
25.7033
25.7033
25.7033
25.7033
25.7033
25.7033
25.7033
25.7033
25.7033
25.7033
25.7033
25.7033
25.7033
25.7033
25.7033
25.7033
25.7033
25.7033
25.7033
25.7033
25.7033
25.7033
25.7033
25.7033
25.7033
25.7033
25.7033
25.7033
25.7033
25.7033
25.7033
25.7033
25.7033
25.7033
25.7033
25.7033
25.7033
25.7033
25.7033
25.7033
25.7033
25.7033
25.7033
25.7033
25.7033
25.7033
25.7033
25.7033
25.7033
25.7033
25.7033
25.7033
25.7033
25.7033
25.7033
25.7033
25.7033
25.7033
25.7033
25.7033
25.7033
25.7033
25.7033
25.7033
25.7033
25.7033
25.7033
25.7033
25.7033
25.7033
25.7033
25.7033
25.7033
25.7033
25.7033
25.7033
25.7033
25.7033
25.7033
25.7033
25.7033
25.7033
25.7033
25.7033
25.7033
25.7033
25.7033
25.7033
25.7033
25.7033
25.7033
25.7033
25.7033
25.7033
25.7033
25.7033
25.7033
25.7033
25.7033
25.7033
25.7033
25.7033
25.7033
25.7033
25.7033
25.7033
25.7033
25.7033
25.7033
25.7033
25.7033
25.7033
25.7033
25.7033
25.7033
25.7033
25.7033
25.7033
25.7033
25.7033
25.7033
25.7033
25.7033
25.7033
25.7033
25.7033
25.7033
25.7033
25.7033
25.7033
25.7033
25.7033
25.7033
25.7033
25.7033
25.7033
25.7033
25.7033
25.7033
25.7033
25.7033
25.7033
25.7033
25.7033
25.7033
25.7033
25.7033
25.7033
25.7033
25.7033
25.7033
25.7033
25.7033
25.7033
25.7033
25.7033
25.7033
25.7033
25.7033
25.7033
25.7033
25.7033
25.7033
25.7033
25.7033
25.7033
25.7033
25.7033
25.7033
25.7033
25.7033
25.7033
25.7033
25.7033
25.7033
25.7033
25.7033
25.7033
25.7033
25.7033
25.7033
25.7033
25.7033
25.7033
25.7033
25.7033
25.7033
25.7033
25.7033
25.7033
25.7033
25.7033
25.7033
25.7033
25.7033
25.7033
25.7033
25.7033
25.7033
25.7033
25.7033
25.7033
25.7033
25.7033
25.7033
25.7033
25.7033
25.7033
25.7033
25.7033
25.7033
25.7033
25.7033
25.7033
25.7033
25.7033
25.7033
25.7033
25.7033
25.7033
25.7033
25.7033
25.7033
25.7033
25.7033
25.7033
25.7033
25.7033
25.7033
25.7033
25.7033
25.7033
25.7033
25.7033
25.7033
25.7033
25.7033
25.7033
25.7033
25.7033
25.7033
25.7033
25.7033
25.7033
25.7033
25.7033
25.7033
25.7033
25.7033
25.7033
25.7033
25.7033
25.7033
25.7033
25.7033
25.7033
25.7033
25.7033
25.7033
25.7033
25.7033
25.7033
25.7033
25.7033
25.7033
25.7033
25.7033
25.7033
25.7033
25.7033
25.7033
25.7033
25.7033
25.7033
25.7033
25.7033
25.7033
25.7033
25.7033
25.7033
25.7033
25.7033
25.7033
25.7033
25.7033
25.7033
25.7033
25.7033
25.7033
25.7033
25.7033
25.7033
25.7033
25.7033
25.7033
25.7033
25.7033
25.7033
25.7033
25.7033
25.7033
25.7033
25.7033
25.7033
25.7033
25.7033
25.7033
25.7033
25.7033
25.7033
25.7033
25.7033
25.7033
25.7033
25.7033
25.7033
25.7033
25.7033
25.7033
25.7033
25.7033
25.7033
25.7033
25.7033
25.7033
25.7033
25.7033
25.7033
25.7033
25.7033
25.7033
25.7033
25.7033
25.7033
25.7033
25.7033
25.7033
25.7033
25.7033
25.7033
25.7033
25.7033
25.7033
25.7033
25.7033
25.7033
25.7033
25.7033
25.7033
25.7033
25.7033
25.7033
25.7033
25.7033
25.7033
25.7033
25.7033
25.7033
25.7033
25.7033
25.7033
25.7033
25.7033
25.7033
25.7033
25.7033
25.7033
25.7033
25.7033
25.7033
25.7033
25.7033
25.7033
25.7033
25.7033
25.7033
25.7033
25.7033
25.7033
25.7033
25.7033
25.7033
25.7033
25.7033
25.7033
25.7033
25.7033
25.7033
25.7033
25.7033
25.7033
25.7033
25.7033
25.7033
25.7033
25.7033
25.7033
25.7033
25.7033
25.7033
25.7033
25.7033
25.7033
25.7033
25.7033
25.7033
25.7033
25.7033
25.7033
25.7033
25.7033
25.7033
25.7033
25.7033
25.7033
25.7033
25.7033
25.7033
25.7033
25.7033
25.7033
25.7033
25.7033
25.7033
25.7033
25.7033
25.7033
25.7033
25.7033
25.7033
25.7033
25.7033
25.7033
25.7033
25.7033
25.7033
25.7033
25.7033
25.7033
25.7033
25.7033
25.7033
25.7033
25.7033
25.7033
25.7033
25.7033
25.7033
25.7033
25.7033
25.7033
25.7033
25.7033
25.7033
25.7033
25.7033
25.7033
25.7033
25.7033
25.7033
25.7033
25.7033
25.7033
25.7033
25.7033
25.7033
25.7033
25.7033
25.7033
25.7033
25.7033
25.7033
25.7033
25.7033
25.7033
25.7033
25.7033
25.7033
25.7033
25.7033
25.7033
25.7033
25.7033
25.7033
25.7033
25.7033
25.7033
25.7033
25.7033
25.7033
25.7033
25.7033
25.7033
25.7033
25.7033
25.7033
25.7033
25.7033
25.7033
25.7033
25.7033
25.7033
25.7033
25.7033
25.7033
25.7033
25.7033
25.7033
25.7033
25.7033
25.7033
25.7033
25.7033
25.7033
25.7033
25.7033
25.7033
25.7033
25.7033
25.7033
25.7033
25.7033
25.7033
25.7033
25.7033
25.7033
25.7033
25.7033
25.7033
25.7033
25.7033
25.7033
25.7033
25.7033
25.7033
25.7033
25.7033
25.7033
25.7033
25.7033
25.7033
25.7033
25.7033
25.7033
25.7033
25.7033
25.7033
25.7033
25.7033
25.7033
25.7033
25.7033
25.7033
25.7033
25.7033
25.7033
25.7033
25.7033
25.7033
25.7033
25.7033
25.7033
25.7033
25.7033
25.7033
25.7033
25.7033
25.7033
25.7033
25.7033
25.7033
25.7033
25.7033
25.7033
25.7033
25.7033
25.7033
25.7033
25.7033
25.7033
25.7033
25.7033
25.7033
25.7033
25.7033
25.7033
25.7033
25.7033
25.7033
25.7033
25.7033
25.7033
25.7033
25.7033
25.7033
25.7033
25.7033
25.7033
25.7033
25.7033
25.7033
25.7033
25.7033
25.7033
25.7033
25.7033
25.7033
25.7033
25.7033
25.7033
25.7033
25.7033
25.7033
25.7033
25.7033
25.7033
25.7033
25.7033
25.7033
25.7033
25.7033
25.7033
25.7033
25.7033
25.7033
25.7033
25.7033
25.7033
25.7033
25.7033
25.7033
25.7033
25.7033
25.7033
25.7033
25.7033
25.7033
25.7033
25.7033
25.7033
25.7033
25.7033
25.7033
25.7033
25.7033
25.7033
25.7033
25.7033
25.7033
25.7033
25.7033
25.7033
25.7033
25.7033
25.7033
25.7033
25.7033
25.7033
25.7033
25.7033
25.7033
25.7033
25.7033
25.7033
25.7033
25.7033
25.7033
25.7033
25.7033
25.7033
25.7033
25.7033
25.7033
25.7033
25.7033
25.7033
25.7033
25.7033
25.7033
25.7033
25.7033
25.7033
25.7033
25.7033
25.7033
25.7033
25.7033
25.7033
25.7033
25.7033
25.7033
25.7033
25.7033
25.7033
25.7033
25.7033
25.7033
25.7033
25.7033
25.7033
25.7033
25.7033
25.7033
25.7033
25.7033
25.7033
25.7033
25.7033
25.7033
25.7033
25.7033
25.7033
25.7033
25.7033
25.7033
25.7033
25.7033
25.7033
25.7033
25.7033
25.7033
25.7033
25.7033
25.7033
25.7033
25.7033
25.7033
25.7033
25.7033
25.7033
25.7033
25.7033
25.7033
25.7033
25.7033
25.7033
25.7033
25.7033
25.7033
25.7033
25.7033
25.7033
25.7033
25.7033
25.7033
25.7033
25.7033
25.7033
25.7033
25.7033
25.7033
25.7033
25.7033
25.7033
25.7033
25.7033
25.7033
25.7033
25.7033
25.7033
25.7033
25.7033
25.7033
25.7033
25.7033
25.7033
25.7033
25.7033
25.7033
25.7033
25.7033
25.7033
25.7033
25.7033
25.7033
25.7033
25.7033
25.7033
25.7033
25.7033
25.7033
25.7033
25.7033
25.7033
25.7033
25.7033
25.7033
25.7033
25.7033
25.7033
25.7033
25.7033
25.7033
25.7033
25.7033
25.7033
25.7033
25.7033
25.7033
25.7033
25.7033
25.7033
25.7033
25.7033
25.7033
25.7033
25.7033
25.7033
25.7033
25.7033
25.7033
25.7033
25.7033
25.7033
25.7033
25.7033
25.7033
25.7033
25.7033
25.7033
25.7033
25.7033
25.7033
25.7033
25.7033
25.7033
25.7033
25.7033
25.7033
25.7033
25.7033
25.7033
25.7033
25.7033
25.7033
25.7033
25.7033
25.7033
25.7033
25.7033
25.7033
25.7033
25.7033
25.7033
25.7033
25.7033
25.7033
25.7033
25.7033
25.7033
25.7033
25.7033
25.7033
25.7033
25.7033
25.7033
25.7033
25.7033
25.7033
25.7033
25.7033
25.7033
25.7033
25.7033
25.7033
25.7033
25.7033
25.7033
25.7033
25.7033
25.7033
25.7033
25.7033
25.7033
25.7033
25.7033
25.7033
25.7033
25.7033
25.7033
25.7033
25.7033
25.7033
25.7033
25.7033
25.7033
25.7033
25.7033
25.7033
25.7033
25.7033
25.7033
25.7033
25.7033
25.7033
25.7033
25.7033
25.7033
25.7033
25.7033
25.7033
25.7033
25.7033
25.7033
25.7033
25.7033
25.7033
25.7033
25.7033
25.7033
25.7033
25.7033
25.7033
25.7033
25.7033
25.7033
25.7033
25.7033
25.7033
25.7033
25.7033
25.7033
25.7033
25.7033
25.7033
25.7033
25.7033
25.7033
25.7033
25.7033
25.7033
25.7033
25.7033
25.7033
25.7033
25.7033
25.7033
25.7033
25.7033
25.7033
25.7033
25.7033
25.7033
25.7033
25.7033
25.7033
25.7033
25.7033
25.7033
25.7033
25.7033
25.7033
25.7033
25.7033
25.7033
25.7033
25.7033
25.7033
25.7033
25.7033
25.7033
25.7033
25.7033
25.7033
25.7033
25.7033
25.7033
25.7033
25.7033
25.7033
25.7033
25.7033
25.7033
25.7033
25.7033
25.7033
25.7033
25.7033
25.7033
25.7033
25.7033
25.7033
25.7033
25.7033
25.7033
25.7033
25.7033
25.7033
25.7033
25.7033
25.7033
25.7033
25.7033
25.7033
25.7033
25.7033
25.7033
25.7033
25.7033
25.7033
25.7033
25.7033
25.7033
25.7033
25.7033
25.7033
25.7033
25.7033
25.7033
25.7033
25.7033
25.7033
25.7033
25.7033
25.7033
25.7033
25.7033
25.7033
25.7033
25.7033
25.7033
25.7033
25.7033
25.7033
25.7033
25.7033
25.7033
25.7033
25.7033
25.7033
25.7033
25.7033
25.7033
25.7033
25.7033


-12.2135
-12.2135
-12.2135
-12.2135
-12.2135
-12.2135
-12.2135
-12.2135
-12.2135
-12.2135
-12.2135
-12.2135
-12.2135
-12.2135
-12.2135
-12.2135
-12.2135
-12.2135
-12.2135
-12.2135
-12.2135
-12.2135
-12.2135
-12.2135
-12.2135
-12.2135
-12.2135
-12.2135
-12.2135
307.389

0.027

