423617
423617
333101
333101
333101
219233
219233
212588
212588
212588
212588
212588
212588
113903
113903
113903
107230
107230
107230
106468
106468
106468
106468
106468
106468
106468
96970.7
96970.7
94740.2
94740.2
93402.9
93402.9
91790.6
85702.1
85702.1
85702.1
85702.1
85702.1
85702.1
64285.1
64285.1
64285.1
64285.1
64285.1
64285.1
64285.1
64285.1
64285.1
64285.1
64285.1
53905.9
53905.9
53905.9
53905.9
50339.6
50339.6
50339.6
50339.6
50339.6
50339.6
50339.6
50339.6
50339.6
50339.6
50339.6
49419.1
49419.1
49419.1
49172.1
49172.1
49172.1
49172.1
49172.1
49172.1
49172.1
49172.1
49172.1
49172.1
49172.1
49172.1
49172.1
49172.1
49172.1
49172.1
49172.1
49172.1
49172.1
49172.1
49172.1
48992.5
48992.5
48992.5
45808.6
45808.6
45808.6
45808.6
45808.6
45808.6
45808.6
45808.6
45808.6
45808.6
45808.6
45808.6
45808.6
45808.6
45808.6
45808.6
45808.6
45808.6
45808.6
45808.6
45808.6
45808.6
45808.6
45808.6
45808.6
45808.6
45808.6
45808.6
45808.6
45808.6
45808.6
45808.6
45808.6
45808.6
45808.6
45808.6
45808.6
45808.6
45808.6
45808.6
45808.6
45808.6
45808.6
45570.8
45570.8
45570.8
45545.2
45545.2
45545.2
44127.9
44127.9
44127.9
44127.9
44127.9
44127.9
44127.9
44127.9
44127.9
44127.9
44127.9
44127.9
44127.9
44127.9
44127.9
40535.8
40535.8
40535.8
40535.8
40535.8
40535.8
40535.8
40535.8
40535.8
40535.8
40535.8
40535.8
39337.5
39337.5
37405
37405
37405
37405
37405
37405
37405
37405
37405
37405
37405
37405
37405
37405
37405
37405
37405
37405
37405
37405
37405
37405
37126.9
37126.9
37126.9
37126.9
37126.9
37126.9
36770.2
36770.2
36770.2
36770.2
36770.2
36770.2
36770.2
36770.2
36770.2
36770.2
36770.2
36770.2
36770.2
36770.2
36770.2
36770.2
36770.2
36770.2
36770.2
36770.2
36770.2
31374.5
31374.5
31374.5
31374.5
31374.5
31374.5
31374.5
31374.5
31374.5
31374.5
31374.5
31374.5
31374.5
31374.5
31374.5
31374.5
31374.5
31374.5
31374.5
31374.5
31374.5
31374.5
31374.5
31374.5
31374.5
31374.5
31374.5
31374.5
31374.5
31374.5
31374.5
31374.5
31374.5
31374.5
31374.5
31374.5
31374.5
31374.5
31374.5
31374.5
31374.5
31374.5
31374.5
31374.5
31374.5
31374.5
31374.5
31374.5
31374.5
31374.5
31374.5
31374.5
31374.5
31374.5
31374.5
31374.5
31374.5
31374.5
31374.5
31374.5
31374.5
31374.5
31155.3
31155.3
31155.3
31155.3
31155.3
31155.3
31155.3
31155.3
31155.3
31155.3
31155.3
31155.3
31155.3
31155.3
31155.3
31155.3
31155.3
31155.3
31155.3
31155.3
31155.3
31155.3
31155.3
31155.3
31155.3
31155.3
31155.3
31155.3
31155.3
31155.3
31155.3
31155.3
31155.3
31155.3
31155.3
31155.3
31155.3
31155.3
31155.3
31155.3
31155.3
31155.3
31155.3
31155.3
31155.3
31155.3
31155.3
31155.3
31155.3
31132.7
30578.7
30578.7
30003.7
30003.7
30003.7
30003.7
30003.7
30003.7
30003.7
30003.7
30003.7
30003.7
30003.7
30003.7
30003.7
27937.4
27937.4
27937.4
27937.4
27937.4
27937.4
27937.4
27937.4
27937.4
27937.4
27937.4
27937.4
27937.4
27937.4
27937.4
27937.4
27937.4
27937.4
27937.4
27937.4
27937.4
27937.4
27937.4
27937.4
27937.4
27937.4
27937.4
27937.4
27937.4
27937.4
27937.4
27937.4
27937.4
27937.4
27937.4
27937.4
27937.4
27937.4
27937.4
27937.4
27937.4
27937.4
27937.4
27937.4
27937.4
27937.4
27937.4
27937.4
27937.4
27937.4
27937.4
27937.4
27531
27531
27531
27531
27531
27531
27531
27531
27531
27531
27531
27531
27531
27531
27531
26955
26955
26955
26955
26955
26955
26955
26955
26955
26955
26955
26955
26955
26955
26955
26955
26955
26955
26809.3
25982.3
25982.3
25982.3
25982.3
25982.3
25982.3
25982.3
25982.3
25982.3
25982.3
25982.3
25982.3
25982.3
25982.3
25982.3
25982.3
25982.3
25982.3
25982.3
25982.3
25871.6
25871.6
25871.6
25871.6
25871.6
25871.6
25871.6
25871.6
25871.6
25871.6
25871.6
25871.6
25871.6
25871.6
25871.6
25871.6
25871.6
25871.6
25871.6
25871.6
25871.6
25871.6
25871.6
25871.6
25871.6
25871.6
25871.6
25871.6
25871.6
25871.6
25871.6
25871.6
25871.6
25871.6
25776.2
25776.2
25776.2
25776.2
25776.2
25700.1
25700.1
25700.1
25700.1
25700.1
25700.1
25449
25449
25449
25449
25449
25449
25449
25449
25449
25449
25449
25449
25449
25449
25449
25449
25449
25449
25449
25449
25449
25449
25449
25449
25449
25449
25252
25252
24704.9
24704.9
24704.9
24704.9
24704.9
24704.9
24704.9
24704.9
24704.9
24704.9
24704.9
24704.9
24704.9
24704.9
24704.9
24704.9
24704.9
24704.9
24704.9
24704.9
24704.9
24704.9
24704.9
24704.9
24704.9
24704.9
24704.9
24704.9
24704.9
24704.9
24704.9
24704.9
24704.9
24704.9
24704.9
24704.9
24704.9
24704.9
24704.9
24704.9
24704.9
24704.9
24704.9
24704.9
24704.9
24555.3
24514.2
24514.2
24514.2
24514.2
24514.2
24514.2
24514.2
24514.2
24514.2
24514.2
24514.2
24514.2
24514.2
24514.2
24514.2
24514.2
24514.2
24514.2
24514.2
24514.2
24514.2
24514.2
24514.2
24514.2
24514.2
24514.2
24514.2
23437.5
23437.5
23437.5
23437.5
23437.5
23437.5
23437.5
23437.5
23437.5
23437.5
23437.5
23437.5
23437.5
23437.5
23437.5
23437.5
23437.5
23437.5
23437.5
23437.5
23437.5
23437.5
23437.5
23437.5
23437.5
23437.5
23437.5
23437.5
23437.5
23437.5
23437.5
23437.5
23437.5
23437.5
23437.5
23437.5
23437.5
23437.5
23437.5
23437.5
23437.5
23437.5
23437.5
23437.5
23437.5
23437.5
23437.5
23437.5
23437.5
23437.5
23437.5
23437.5
23437.5
23437.5
23437.5
23437.5
23437.5
23437.5
23437.5
23437.5
23437.5
23437.5
23437.5
23437.5
23396.5
23396.5
22766.7
22766.7
22766.7
22766.7
22766.7
22766.7
22766.7
22766.7
22766.7
22766.7
22766.7
22766.7
21857
21857
21580.2
21580.2
21580.2
21580.2
21580.2
21580.2
21580.2
21580.2
21580.2
21580.2
21580.2
21580.2
21580.2
21580.2
21580.2
21580.2
21580.2
21580.2
21580.2
20604.5
20604.5
20604.5
20604.5
20604.5
20604.5
20604.5
20604.5
20604.5
20604.5
20604.5
20604.5
20604.5
20604.5
20604.5
20604.5
20604.5
20604.5
20604.5
20604.5
20604.5
20604.5
20604.5
20604.5
20604.5
20604.5
20604.5
20604.5
20604.5
20498
20498
20498
20498
20498
20498
20498
20498
20498
20498
20498
20498
20498
20498
20498
20498
20498
20498
20498
20498
20498
20498
20412.6
20412.6
20412.6
20412.6
20412.6
20412.6
20412.6
20412.6
20412.6
20412.6
20412.6
20412.6
20412.6
20412.6
20412.6
20412.6
20412.6
20412.6
20412.6
20412.6
19465
19465
19465
19465
19465
19435.2
19435.2
18364.9
18364.9
18364.9
18364.9
18364.9
18364.9
18364.9
18364.9
18364.9
18364.9
18364.9
17541.3
17541.3
17541.3
17541.3
17541.3
17541.3
17541.3
17541.3
17541.3
17541.3
17541.3
17541.3
17541.3
17541.3
17541.3
17541.3
17541.3
17541.3
17541.3
17541.3
17541.3
17541.3
17541.3
17541.3
17170.3
17170.3
17170.3
17170.3
17170.3
17170.3
17170.3
17170.3
17170.3
17170.3
17170.3
17170.3
17170.3
17170.3
17170.3
17170.3
16917.2
16917.2
16913.8
16913.8
16913.8
16913.8
16913.8
16913.8
16913.8
16913.8
16913.8
16913.8
16913.8
16913.8
16913.8
16913.8
16913.8
16913.8
16913.8
16913.8
16913.8
16913.8
16913.8
16913.8
16913.8
16913.8
16913.8
16913.8
16913.8
16913.8
16913.8
16913.8
16913.8
16913.8
16913.8
16913.8
16913.8
16913.8
16583.4
16583.4
16583.4
16583.4
16583.4
16583.4
16583.4
16583.4
16583.4
16583.4
16583.4
16583.4
16583.4
16583.4
16583.4
16583.4
16583.4
16583.4
16583.4
16583.4
16583.4
16583.4
16583.4
16583.4
16583.4
16583.4
16583.4
16583.4
16583.4
16583.4
16244.5
16244.5
16244.5
16244.5
16244.5
16244.5
16244.5
16244.5
16244.5
16244.5
16244.5
16244.5
16244.5
16244.5
16244.5
16244.5
16244.5
16244.5
16244.5
16244.5
16244.5
16244.5
16244.5
16244.5
16244.5
16244.5
15074
15074
15074
15074
15074
15074
15074
15074
15074
15074
15074
15074
15074
15074
15074
15074
15074
15074
15074
15074
15074
15074
15074
15074
15074
15074
15074
15074
15074
15074
15074
15074
15074
15074
15074
15074
15074
15074
15048.1
15048.1
15048.1
15048.1
15048.1
15048.1
15048.1
15048.1
15048.1
15048.1
15048.1
15048.1
15048.1
15048.1
15048.1
15048.1
15048.1
15048.1
15048.1
15048.1
15048.1
15048.1
15048.1
15048.1
15048.1
15048.1
15048.1
15048.1
15048.1
15048.1
15048.1
15048.1
15048.1
15048.1
15048.1
15048.1
15048.1
14988.7
14267.3
14267.3
14267.3
14267.3
14267.3
14267.3
14267.3
14267.3
14267.3
14267.3
14267.3
14267.3
14267.3
14267.3
14267.3
14267.3
14267.3
14267.3
14267.3
14267.3
14267.3
14267.3
14267.3
14267.3
14267.3
14267.3
14267.3
14267.3
14267.3
14267.3
14267.3
14267.3
14267.3
13983.3
13983.3
13983.3
13983.3
13983.3
13983.3
13983.3
13983.3
13983.3
13983.3
13983.3
13983.3
13983.3
13983.3
13983.3
13983.3
13983.3
13983.3
13983.3
13983.3
13983.3
13983.3
13983.3
13983.3
13983.3
13983.3
13983.3
13983.3
13983.3
13983.3
13983.3
13983.3
13983.3
13983.3
13825.5
13825.5
13825.5
13825.5
13825.5
13825.5
13825.5
13825.5
13825.5
13825.5
13825.5
13825.5
13825.5
13825.5
13825.5
13825.5
13825.5
13825.5
13825.5
13825.5
13825.5
13825.5
13256.8
13256.8
13256.8
13256.8
13256.8
13256.8
13256.8
13256.8
13256.8
13256.8
13256.8
13256.8
13256.8
13256.8
13256.8
13256.8
13256.8
13256.8
13256.8
13256.8
13256.8
13256.8
13256.8
13256.8
13256.8
13256.8
13256.8
13256.8
13256.8
13256.8
13256.8
13256.8
13256.8
13256.8
13256.8
13256.8
13256.8
13256.8
13256.8
13256.8
13256.8
13256.8
13256.8
13256.8
13256.8
13256.8
13256.8
13256.8
13256.8
13131.4
13131.4
13131.4
13131.4
13131.4
13131.4
13131.4
13131.4
13131.4
13131.4
13131.4
13131.4
13131.4
13131.4
13131.4
13131.4
12930.4
12930.4
12930.4
12930.4
12930.4
12930.4
12930.4
12930.4
12791.1
12791.1
12791.1
12791.1
12791.1
12791.1
12574.5
12574.5
12574.5
12574.5
12574.5
12574.5
12574.5
12574.5
12574.5
12574.5
12574.5
12574.5
12574.5
12574.5
12574.5
12574.5
12574.5
12574.5
12506
12506
12506
12506
12391
12391
12391
12391
12391
11888.1
11888.1
11888.1
11888.1
11888.1
11888.1
11888.1
11888.1
11888.1
11888.1
11888.1
11888.1
11747.1
11747.1
11747.1
11747.1
11747.1
11747.1
11747.1
11747.1
11747.1
11747.1
11747.1
11747.1
11747.1
11747.1
11747.1
11747.1
11747.1
11747.1
11319.5
11319.5
11319.5
11319.5
11319.5
11319.5
11319.5
11319.5
11319.5
11205.7
11205.7
11205.7
11205.7
11205.7
11205.7
11205.7
11205.7
11205.7
11205.7
11205.7
11205.7
11205.7
11205.7
11205.7
11205.7
11205.7
11205.7
11205.7
11205.7
11205.7
11205.7
11205.7
11205.7
11205.7
11205.7
11205.7
11205.7
11205.7
11205.7
11205.7
11205.7
11205.7
11205.7
11205.7
11205.7
11205.7
11205.7
11205.7
11205.7
11205.7
11205.7
11205.7
11205.7
11205.7
11205.7
11205.7
11205.7
11205.7
11205.7
11205.7
11205.7
11205.7
11205.7
11205.7
11205.7
11205.7
11205.7
11205.7
11205.7
11205.7
11205.7
11205.7
11205.7
11205.7
11205.7
11205.7
11205.7
11205.7
11205.7
11205.7
11205.7
11205.7
11205.7
11205.7
11205.7
11205.7
11205.7
11205.7
11205.7
11205.7
11205.7
11205.7
11205.7
11205.7
11205.7
11205.7
11205.7
11205.7
11205.7
11205.7
11205.7
11205.7
11205.7
11205.7
11205.7
11205.7
11205.7
11205.7
11205.7
11205.7
11205.7
11205.7
11205.7
11205.7
11205.7
11205.7
11205.7
11205.7
11205.7
11205.7
11205.7
11205.7
11167.8
11167.8
11167.8
11167.8
11167.8
11167.8
11167.8
11167.8
11167.8
11167.8
11167.8
11167.8
11167.8
11167.8
11167.8
11167.8
11167.8
11167.8
10982.6
10982.6
10982.6
10982.6
10982.6
10982.6
10982.6
10982.6
10982.6
10982.6
10982.6
10982.6
10982.6
10982.6
10982.6
10982.6
10982.6
10982.6
10982.6
10982.6
10982.6
10866
10866
10866
10866
10866
10866
10838.1
10838.1
10838.1
10838.1
10838.1
10838.1
10838.1
10838.1
10838.1
10838.1
10838.1
10838.1
10838.1
10838.1
10838.1
10838.1
10838.1
10838.1
10838.1
10838.1
10838.1
10838.1
10838.1
10838.1
10838.1
10838.1
10838.1
10791.8
10465.5
10465.5
10434.1
10434.1
10434.1
10434.1
10434.1
10434.1
10434.1
10434.1
10434.1
10434.1
10434.1
10434.1
10434.1
10434.1
10434.1
10434.1
10434.1
10434.1
10434.1
10434.1
10434.1
10434.1
10434.1
10434.1
10434.1
10434.1
10434.1
10413.4
10413.4
10413.4
10413.4
10413.4
10413.4
10413.4
10413.4
10413.4
10413.4
10413.4
10413.4
10413.4
10413.4
10413.4
10413.4
10413.4
10413.4
10413.4
10413.4
10413.4
10413.4
10413.4
10413.4
10413.4
10413.4
10413.4
10413.4
10408.6
10408.6
10408.6
10332.6
10332.6
10332.6
9766.36
9766.36
9766.36
9766.36
9766.36
9766.36
9766.36
9766.36
9766.36
9766.36
9766.36
9766.36
9766.36
9766.36
9766.36
9766.36
9766.36
9766.36
9766.36
9766.36
9766.36
9766.36
9766.36
9766.36
9766.36
9766.36
9766.36
9766.36
9766.36
9766.36
9766.36
9766.36
9766.36
9766.36
9766.36
9766.36
9766.36
9766.36
9766.36
9766.36
9766.36
9766.36
9766.36
9766.36
9766.36
9766.36
9766.36
9766.36
9766.36
9766.36
9766.36
9766.36
9766.36
9766.36
9766.36
9766.36
9766.36
9766.36
9766.36
9766.36
9766.36
9766.36
9766.36
9766.36
9766.36
9766.36
9766.36
9766.36
9766.36
9766.36
9766.36
9368.02
9368.02
9368.02
9368.02
9368.02
9368.02
9368.02
9368.02
9368.02
9349.24
9349.24
9349.24
9349.24
9349.24
9349.24
9349.24
9349.24
9349.24
9349.24
9349.24
9349.24
9349.24
9349.24
9349.24
9349.24
9349.24
9349.24
9349.24
9349.24
9349.24
9349.24
9349.24
9349.24
9349.24
9349.24
9349.24
9349.24
9349.24
9349.24
9349.24
9349.24
9349.24
9349.24
9349.24
9349.24
9349.24
9349.24
9349.24
9349.24
9349.24
9349.24
9349.24
9349.24
9349.24
9349.24
9349.24
9349.24
9349.24
9349.24
9349.24
9349.24
9349.24
9349.24
9349.24
9349.24
9349.24
9349.24
9347.94
9347.94
9347.94
9347.94
9347.94
9337.3
9337.3
9337.3
9337.3
9337.3
9337.3
9337.3
9337.3
9337.3
9337.3
9337.3
9337.3
9337.3
9337.3
9337.3
9337.3
9337.3
9337.3
9337.3
9337.3
9337.3
9337.3
9337.3
9337.3
9337.3
9337.3
9337.3
9337.3
9337.3
9337.3
9186.26
9186.26
9186.26
9186.26
9186.26
9186.26
9186.26
9186.26
9186.26
9186.26
9186.26
9186.26
9186.26
9186.26
9186.26
9186.26
9186.26
9186.26
9169.12
9169.12
9169.12
9169.12
9169.12
9169.12
9169.12
9169.12
9169.12
9169.12
9169.12
9169.12
9169.12
9169.12
9137.6
9137.6
9137.6
9137.6
9137.6
9137.6
9137.6
9128.67
9128.67
9128.67
9128.67
9128.67
9021.17
9021.17
9021.17
9021.17
9021.17
9021.17
9021.17
9021.17
9021.17
9021.17
9021.17
9021.17
9021.17
9021.17
9021.17
9021.17
9021.17
9021.17
9021.17
9021.17
9021.17
9021.17
9021.17
9021.17
9021.17
9021.17
9021.17
9019.63
9019.63
9019.63
9019.63
9019.63
9019.63
9019.63
8586.22
8586.22
8586.22
8586.22
8586.22
8586.22
8586.22
8586.22
8586.22
8586.22
8586.22
8586.22
8586.22
8586.22
8586.22
8586.22
8586.22
8586.22
8586.22
8586.22
8586.22
8586.22
8586.22
8586.22
8586.22
8586.22
8543.67
8543.67
8543.67
8543.67
8543.67
8543.67
8543.67
8543.67
8543.67
8543.67
8543.67
8543.67
8543.67
8543.67
8543.67
8543.67
8543.67
8543.67
8543.67
8543.67
8543.67
8543.67
8543.67
8543.67
8543.67
8543.67
8543.67
8543.67
8543.67
8543.67
8543.67
8543.67
8543.67
8543.67
8543.67
8543.67
8543.67
8543.67
8543.67
8543.67
8395.31
8395.31
8395.31
8395.31
8395.31
8395.31
8395.31
8395.31
8395.31
8395.31
8395.31
8395.31
8395.31
8395.31
8395.31
8395.31
8395.31
8395.31
8395.31
8395.31
8395.31
8395.31
8395.31
8395.31
8395.31
8395.31
8395.31
8395.31
8395.31
8395.31
8395.31
8395.31
8395.31
8395.31
8395.31
8395.31
8395.31
8395.31
8395.31
8395.31
8395.31
8395.31
8395.31
8395.31
8395.31
8395.31
8395.31
8395.31
8395.31
8395.31
8395.31
8395.31
8395.31
8395.31
8395.31
8395.31
8395.31
8395.31
8395.31
8395.31
8395.31
8395.31
8395.31
8395.31
8395.31
8395.31
8395.31
8395.31
8395.31
8395.31
8395.31
8395.31
8395.31
8395.31
8395.31
8395.31
8395.31
8395.31
8395.31
8395.31
8395.31
8395.31
8395.31
8395.31
8395.31
8395.31
8112.69
8112.69
7980.98
7980.98
7980.98
7980.98
7980.98
7980.98
7980.98
7980.98
7980.98
7980.98
7980.98
7980.98
7980.98
7980.98
7980.98
7980.98
7980.98
7980.98
7980.98
7980.98
7980.98
7980.98
7980.98
7980.98
7980.98
7980.98
7980.98
7980.98
7980.98
7980.98
7980.98
7980.98
7980.98
7980.98
7980.98
7980.98
7980.98
7980.98
7980.98
7980.98
7980.98
7980.98
7980.98
7980.98
7980.98
7980.98
7980.98
7980.98
7657.18
7657.18
7657.18
7657.18
7657.18
7657.18
7657.18
7657.18
7657.18
7657.18
7657.18
7499.88
7499.88
7499.88
7499.88
7499.88
7499.88
7499.88
7499.88
7499.88
7499.88
7499.88
7499.88
7499.88
7499.88
7499.88
7499.88
7499.88
7499.88
7499.88
7499.88
7499.88
7499.88
7499.88
7499.88
7499.88
7499.88
7499.88
7499.88
7499.88
7499.88
7499.88
7499.88
7499.88
7499.88
7499.88
7499.88
7499.88
7499.88
7499.88
7499.88
7499.88
7499.88
7499.88
7499.88
7499.88
7499.88
7499.88
7499.88
7499.88
7499.88
7499.88
7499.88
7499.88
7499.88
7499.88
7499.88
7396.9


0.881089
-1.85006
3.23043
-2.58466
-2.95081
-0.08387
3.1077
-4.29634
-2.9417
3.81411
0.154938
-2.95993
-7.56631
-4.57847
6.88657
0.691187
4.24356
3.10958
-0.527158
7.25608
4.20218
-4.65043
6.95201
4.4742
8.24005
6.29629
11.231
0.486461
1.45031
11.3968

0.045

