-0.08818
-0.08818
-0.107256
-0.281794
-0.281794
-0.345647
-0.345647
-0.345647
-0.345647
-0.345647
-0.345647
-0.345647
-0.345647
-0.345647
-0.345647
-0.345647
-0.345647
-0.345647
-0.496092
-0.563816
-0.563816
-0.563816
-0.563816
-0.563816
-0.563816
-0.563816
-0.568245
-0.602575
-0.602575
-0.602575
-0.602575
-0.603765
-0.603765
-0.603765
-0.645511
-0.652875
-0.652875
-0.652875
-0.652875
-0.652875
-0.652875
-0.652875
-0.652875
-0.652875
-0.678048
-0.678048
-0.678048
-0.678048
-0.678048
-0.678048
-0.678048
-0.678048
-0.678048
-0.683002
-0.683002
-0.712444
-0.712444
-0.712444
-0.712444
-0.712444
-0.712444
-0.724759
-0.724759
-0.724759
-0.731084
-0.731084
-0.731084
-0.731084
-0.731084
-0.731084
-0.731774
-0.731774
-0.731774
-0.73196
-0.73196
-0.73196
-0.73224
-0.73224
-0.73234
-0.73234
-0.73234
-0.764153
-0.764153
-0.764153
-0.764153
-0.764153
-0.764153
-0.764153
-0.768009
-0.770645
-0.770645
-0.770645
-0.77808
-0.77808
-0.77808
-0.77808
-0.77808
-0.781072
-0.781072
-0.781072
-0.781072
-0.781072
-0.781181
-0.781181
-0.781181
-0.781181
-0.781355
-0.781355
-0.781355
-0.781355
-0.781362
-0.785812
-0.785812
-0.808611
-0.808611
-0.808611
-0.808611
-0.822917
-0.822917
-0.822917
-0.822917
-0.822917
-0.822917
-0.822917
-0.822917
-0.827044
-0.827044
-0.82719
-0.828913
-0.828913
-0.828913
-0.828913
-0.828913
-0.828913
-0.828913
-0.829534
-0.829534
-0.840124
-0.840124
-0.840124
-0.840124
-0.840124
-0.840124
-0.840124
-0.840124
-0.840124
-0.840124
-0.840124
-0.846168
-0.850165
-0.850165
-0.850165
-0.850165
-0.850165
-0.850165
-0.850165
-0.850165
-0.850165
-0.850165
-0.850165
-0.851543
-0.851543
-0.851543
-0.851543
-0.851543
-0.851543
-0.851543
-0.851543
-0.851614
-0.851614
-0.851614
-0.851741
-0.851741
-0.851741
-0.851741
-0.851741
-0.851741
-0.851969
-0.852859
-0.856142
-0.856142
-0.856142
-0.856142
-0.856142
-0.856142
-0.856142
-0.856142
-0.856142
-0.856142
-0.856142
-0.856142
-0.856142
-0.857897
-0.857969
-0.857969
-0.858904
-0.858904
-0.858904
-0.858904
-0.858904
-0.858904
-0.858935
-0.858935
-0.858935
-0.859474
-0.859474
-0.859483
-0.859498
-0.859498
-0.859498
-0.859498
-0.859498
-0.859507
-0.859507
-0.859507
-0.859783
-0.859801
-0.859801
-0.859811
-0.859895
-0.859895
-0.859999
-0.860525
-0.860525
-0.860525
-0.863182
-0.863182
-0.878902
-0.878902
-0.878902
-0.878902
-0.889946
-0.889946
-0.891554
-0.891554
-0.891554
-0.891554
-0.891554
-0.891554
-0.891554
-0.891554
-0.891554
-0.891554
-0.891554
-0.891554
-0.891554
-0.891554
-0.891554
-0.891554
-0.891554
-0.891554
-0.891554
-0.891554
-0.891554
-0.891555
-0.891555
-0.891574
-0.891574
-0.891574
-0.891574
-0.89165
-0.89165
-0.891998
-0.895249
-0.895249
-0.895249
-0.895249
-0.895323
-0.895323
-0.895323
-0.895342
-0.895342
-0.895452
-0.895506
-0.895562
-0.895562
-0.895562
-0.895562
-0.895562
-0.895562
-0.895562
-0.895562
-0.895568
-0.895568
-0.896933
-0.896933
-0.896933
-0.896933
-0.897392
-0.897392
-0.897392
-0.897392
-0.897414
-0.897414
-0.897446
-0.897446
-0.897457
-0.897604
-0.897604
-0.897604
-0.897616
-0.898736
-0.898779
-0.898779
-0.898779
-0.89883
-0.89883
-0.89883
-0.89884
-0.89884
-0.89884
-0.906512
-0.906512
-0.906512
-0.906512
-0.906512
-0.906512
-0.906891
-0.906891
-0.906891
-0.906891
-0.906891
-0.906891
-0.906891
-0.906891
-0.906891
-0.906891
-0.906891
-0.906891
-0.906891
-0.907064
-0.907064
-0.907064
-0.907064
-0.907064
-0.907506
-0.907506
-0.907506
-0.909355
-0.909355
-0.909355
-0.909355
-0.909355
-0.909355
-0.909355
-0.909355
-0.909355
-0.915406
-0.915406
-0.915406
-0.915406
-0.915419
-0.915618
-0.915618
-0.915618
-0.915618
-0.915632
-0.916247
-0.916247
-0.918462
-0.918462
-0.918462
-0.918462
-0.918462
-0.918462
-0.919085
-0.919172
-0.919172
-0.919196
-0.919196
-0.919196
-0.919196
-0.919196
-0.919196
-0.919196
-0.91922
-0.91922
-0.91922
-0.91922
-0.91922
-0.91922
-0.919253
-0.919253
-0.919253
-0.927782
-0.927782
-0.927782
-0.927782
-0.927782
-0.927782
-0.927782
-0.927782
-0.927827
-0.927827
-0.927827
-0.927827
-0.928009
-0.928009
-0.928009
-0.929488
-0.929488
-0.929488
-0.929488
-0.929678
-0.932535
-0.932535
-0.933193
-0.933835
-0.933835
-0.933835
-0.933835
-0.933835
-0.933835
-0.933835
-0.933835
-0.933835
-0.933835
-0.933835
-0.933835
-0.933835
-0.933835
-0.933835
-0.933838
-0.933871
-0.933871
-0.933871
-0.933871
-0.933871
-0.934304
-0.934304
-0.934304
-0.934304
-0.934304
-0.934304
-0.934383
-0.934547
-0.934547
-0.934547
-0.934618
-0.934618
-0.934618
-0.934656
-0.934656
-0.934656
-0.934738
-0.934738
-0.934979
-0.934979
-0.934979
-0.934979
-0.934979
-0.934979
-0.934979
-0.934979
-0.934987
-0.934988
-0.934988
-0.934988
-0.934988
-0.935082
-0.935082
-0.935082
-0.935082
-0.935082
-0.935082
-0.935082
-0.93513
-0.93513
-0.93596
-0.93596
-0.93596
-0.93596
-0.93596
-0.936065
-0.936233
-0.936233
-0.936353
-0.936353
-0.936383
-0.936383
-0.936383
-0.936383
-0.936383
-0.936383
-0.936393
-0.936393
-0.936395
-0.937617
-0.937617
-0.937617
-0.939023
-0.939023
-0.939023
-0.939224
-0.93975
-0.93975
-0.93975
-0.93975
-0.93975
-0.93975
-0.93975
-0.93975
-0.93975
-0.93975
-0.939935
-0.939935
-0.940172
-0.940172
-0.940311
-0.940311
-0.940311
-0.940311
-0.940311
-0.940311
-0.940311
-0.940311
-0.940311
-0.940496
-0.940501
-0.940501
-0.940505
-0.94051
-0.940515
-0.940515
-0.940515
-0.940515
-0.940515
-0.940515
-0.940515
-0.941013
-0.941013
-0.941013
-0.941013
-0.941013
-0.941013
-0.941013
-0.941013
-0.941013
-0.941013
-0.941061
-0.941061
-0.941061
-0.941061
-0.941102
-0.941102
-0.941102
-0.941102
-0.941102
-0.941102
-0.941102
-0.94114
-0.94114
-0.94114
-0.94114
-0.94114
-0.94114
-0.941171
-0.94159
-0.941682
-0.942651
-0.942651
-0.942651
-0.942651
-0.942651
-0.942651
-0.942651
-0.942651
-0.942651
-0.942651
-0.942651
-0.942651
-0.942651
-0.942651
-0.942651
-0.942651
-0.942651
-0.942651
-0.942652
-0.942652
-0.942896
-0.943036
-0.943036
-0.943231
-0.943231
-0.943231
-0.943231
-0.943357
-0.943357
-0.943357
-0.943357
-0.943357
-0.943688
-0.943688
-0.943688
-0.943688
-0.943688
-0.943688
-0.944216
-0.944304
-0.944304
-0.944304
-0.944304
-0.944304
-0.945796
-0.945796
-0.945796
-0.945796
-0.945796
-0.945796
-0.945796
-0.945796
-0.945796
-0.945796
-0.945796
-0.94841
-0.94841
-0.94841
-0.94841
-0.94841
-0.94841
-0.94841
-0.94841
-0.94841
-0.94841
-0.94841
-0.94841
-0.94841
-0.94841
-0.94841
-0.94841
-0.94841
-0.94841
-0.94841
-0.948411
-0.948477
-0.948477
-0.948477
-0.94853
-0.94853
-0.94853
-0.94853
-0.94853
-0.94853
-0.94853
-0.94853
-0.948542
-0.948542
-0.948542
-0.948542
-0.948542
-0.948548
-0.948548
-0.948558
-0.948558
-0.948558
-0.94873
-0.948775
-0.948775
-0.948775
-0.948775
-0.948775
-0.948791
-0.948791
-0.948791
-0.948791
-0.948791
-0.948791
-0.948791
-0.948795
-0.948795
-0.948795
-0.948795
-0.948795
-0.948795
-0.948795
-0.948795
-0.948795
-0.949311
-0.949311
-0.949311
-0.949311
-0.949311
-0.949311
-0.949311
-0.949311
-0.949311
-0.949311
-0.949311
-0.949311
-0.949344
-0.949344
-0.949344
-0.949344
-0.949344
-0.949349
-0.949349
-0.94935
-0.949352
-0.949352
-0.949352
-0.949352
-0.949359
-0.949372
-0.949372
-0.949513
-0.949523
-0.949523
-0.949523
-0.949523
-0.949523
-0.949523
-0.949539
-0.949539
-0.949678
-0.949678
-0.949678
-0.949678
-0.949678
-0.949707
-0.94974
-0.94974
-0.94974
-0.94974
-0.94974
-0.949742
-0.949742
-0.949742
-0.949745
-0.949754
-0.949754
-0.949754
-0.949754
-0.949754
-0.949754
-0.949776
-0.949776
-0.949776
-0.949776
-0.949776
-0.949776
-0.949776
-0.949776
-0.949776
-0.949776
-0.949776
-0.949776
-0.949776
-0.949776
-0.949776
-0.949776
-0.949776
-0.94981
-0.95059
-0.95059
-0.952006
-0.952031
-0.952031
-0.952031
-0.952031
-0.952034
-0.952034
-0.952249
-0.956633
-0.956633
-0.956633
-0.958749
-0.958749
-0.958749
-0.958749
-0.958749
-0.958817
-0.958831
-0.958831
-0.958831
-0.958831
-0.958831
-0.958831
-0.958835
-0.958835
-0.958838
-0.958851
-0.958856
-0.95886
-0.958861
-0.958861
-0.95892
-0.95892
-0.959287
-0.959287
-0.959287
-0.959287
-0.959287
-0.959287
-0.959287
-0.959287
-0.959287
-0.959287
-0.959425
-0.959425
-0.959425
-0.959425
-0.959425
-0.959425
-0.959425
-0.959428
-0.959428
-0.959428
-0.959428
-0.959428
-0.959428
-0.959428
-0.959428
-0.959428
-0.959428
-0.959606
-0.959606
-0.959606
-0.959635
-0.959635
-0.959674
-0.959674
-0.959674
-0.959674
-0.959674
-0.959674
-0.959674
-0.960313
-0.960533
-0.960585
-0.960585
-0.961166
-0.961166
-0.961166
-0.961166
-0.961166
-0.961166
-0.961166
-0.961166
-0.961166
-0.962173
-0.962173
-0.962173
-0.962173
-0.962198
-0.962204
-0.962204
-0.962204
-0.962204
-0.962448
-0.962448
-0.962448
-0.96249
-0.962505
-0.962505
-0.962505
-0.962505
-0.962507
-0.962507
-0.963465
-0.963709
-0.963709
-0.963709
-0.963816
-0.963982
-0.963982
-0.964058
-0.964058
-0.964119
-0.964119
-0.964119
-0.964219
-0.964219
-0.964252
-0.964252
-0.964297
-0.964297
-0.964297
-0.964307
-0.964307
-0.964317
-0.964353
-0.964388
-0.964388
-0.964388
-0.964492
-0.964492
-0.964492
-0.964532
-0.964547
-0.964547
-0.964547
-0.964547
-0.964547
-0.964547
-0.964547
-0.964561
-0.964568
-0.964568
-0.96467
-0.96467
-0.96467
-0.96467
-0.96467
-0.96467
-0.96467
-0.964671
-0.964677
-0.964677
-0.964679
-0.964679
-0.964679
-0.964679
-0.964679
-0.964679
-0.964679
-0.964679
-0.96468
-0.964697
-0.964725
-0.964725
-0.964725
-0.964902
-0.964902
-0.9658
-0.9658
-0.9658
-0.965846
-0.965846
-0.967044
-0.967044
-0.967044
-0.967044
-0.967044
-0.967044
-0.967044
-0.96707
-0.96707
-0.967153
-0.967153
-0.967158
-0.967158
-0.967158
-0.967271
-0.967326
-0.967326
-0.967326
-0.967326
-0.96733
-0.967423
-0.967423
-0.967423
-0.967423
-0.967561
-0.967561
-0.967561
-0.967561
-0.967561
-0.967561
-0.967561
-0.967561
-0.967575
-0.96789
-0.96789
-0.967931
-0.967931
-0.968974
-0.968974
-0.968974
-0.968974
-0.968974
-0.968974
-0.968986
-0.968986
-0.969006
-0.969666
-0.969666
-0.969666
-0.969666
-0.969705
-0.969705
-0.969705
-0.969705
-0.969705
-0.969705
-0.969771
-0.969771
-0.969771
-0.969771
-0.969771
-0.969781
-0.970456
-0.970456
-0.970456
-0.971048
-0.971048
-0.971048
-0.971048
-0.971048
-0.971048
-0.971048
-0.971048
-0.971048
-0.971048
-0.971048
-0.971048
-0.971247
-0.971247
-0.971247
-0.971247
-0.97207
-0.97207
-0.97207
-0.97207
-0.97207
-0.972221
-0.972221
-0.972221
-0.972221
-0.972984
-0.972984
-0.972984
-0.972984
-0.972984
-0.972984
-0.972984
-0.972984
-0.972984
-0.973413
-0.973413
-0.973413
-0.973413
-0.973454
-0.973459
-0.973459
-0.973459
-0.973565
-0.973565
-0.973565
-0.973565
-0.973565
-0.973565
-0.973565
-0.973565
-0.973565
-0.973565
-0.973565
-0.973565
-0.973565
-0.973565
-0.973565
-0.973565
-0.973565
-0.973565
-0.973565
-0.973565
-0.973565
-0.973565
-0.973565
-0.973565
-0.973575
-0.973575
-0.973575
-0.973575
-0.973575
-0.973575
-0.973652
-0.973652
-0.973652
-0.973652
-0.973652
-0.973652
-0.973652
-0.973685
-0.973685
-0.973697
-0.973791
-0.973791
-0.974094
-0.974236
-0.974236
-0.974236
-0.974236
-0.974236
-0.974236
-0.974263
-0.974287
-0.974287
-0.974287
-0.974287
-0.97437
-0.97437
-0.97437
-0.97437
-0.97437
-0.97437
-0.97437
-0.97437
-0.974478
-0.974478
-0.974478
-0.974478
-0.974526
-0.974698
-0.974698
-0.974698
-0.974698
-0.974716
-0.974716
-0.974779
-0.974779
-0.974779
-0.974779
-0.974779
-0.974824
-0.974995
-0.974995
-0.975078
-0.975078
-0.975078
-0.975078
-0.975078
-0.975321
-0.975321
-0.975321
-0.975321
-0.975321
-0.97533
-0.975371
-0.975371
-0.975371
-0.975371
-0.975371
-0.975371
-0.975371
-0.975378
-0.975378
-0.975378
-0.975378
-0.975378
-0.975392
-0.975392
-0.975392
-0.975392
-0.975392
-0.975394
-0.975397
-0.975397
-0.975418
-0.975418
-0.975419
-0.975756
-0.975756
-0.975756
-0.975756
-0.975756
-0.975756
-0.975756
-0.975756
-0.975756
-0.975907
-0.975907
-0.975907
-0.975907
-0.975907
-0.975907
-0.975907
-0.975907
-0.975907
-0.975907
-0.975907
-0.975907
-0.975938
-0.975938
-0.975938
-0.975938
-0.975942
-0.975942
-0.975967
-0.975967
-0.975967
-0.975967
-0.975967
-0.975967
-0.975967
-0.975967
-0.975967
-0.975967
-0.975967
-0.975967
-0.976058
-0.976058
-0.976058
-0.976058
-0.976058
-0.976058
-0.976058
-0.976058
-0.976058
-0.976455
-0.976455
-0.976455
-0.976455
-0.976455
-0.976455
-0.976455
-0.976455
-0.976455
-0.976455
-0.976455
-0.976474
-0.976474
-0.976474
-0.976474
-0.976508
-0.976522
-0.976522
-0.976522
-0.976522
-0.976522
-0.976522
-0.976522
-0.976522
-0.976522
-0.976522
-0.976522
-0.976529
-0.976529
-0.976529
-0.976529
-0.976529
-0.976529
-0.976547
-0.976547
-0.97656
-0.97656
-0.97656
-0.97656
-0.97656
-0.976578
-0.976578
-0.976578
-0.976578
-0.976578
-0.976578
-0.976578
-0.976578
-0.976578
-0.976582
-0.976599
-0.976627
-0.976627
-0.976933
-0.976933
-0.976933
-0.976973
-0.976973
-0.976973
-0.976973
-0.976973
-0.976973
-0.976973
-0.976973
-0.976973
-0.977248
-0.977248
-0.977248
-0.977248
-0.977248
-0.977248
-0.977248
-0.977248
-0.977248
-0.977344
-0.977344
-0.977344
-0.977344
-0.977344
-0.977345
-0.977345
-0.977354
-0.977354
-0.977354
-0.977361
-0.977361
-0.977361
-0.977361
-0.977361
-0.977361
-0.977369
-0.977369
-0.977379
-0.97739
-0.977427
-0.977427
-0.977427
-0.977427
-0.977473
-0.977473
-0.978262
-0.978262
-0.978262
-0.978769
-0.978769
-0.978769
-0.978769
-0.978769
-0.978808
-0.978808
-0.978808
-0.978808
-0.978808
-0.978809
-0.978811
-0.978811
-0.978811
-0.978814
-0.978814
-0.978815
-0.978815
-0.978815
-0.978815
-0.978815
-0.978909
-0.978909
-0.978947
-0.978947
-0.978947
-0.978947
-0.978947
-0.979081
-0.979081
-0.979081
-0.979081
-0.979081
-0.979081
-0.979081
-0.979156
-0.979156
-0.979174
-0.979174
-0.979365
-0.979365
-0.979365
-0.979477
-0.979532
-0.979532
-0.979532
-0.979532
-0.979532
-0.979532
-0.979532
-0.979532
-0.979532
-0.979532
-0.979532
-0.979532
-0.97956
-0.979594
-0.979594
-0.979594
-0.979594
-0.979601
-0.979601
-0.979612
-0.979612
-0.979612
-0.979613
-0.979636
-0.979636
-0.979636
-0.979659
-0.979659
-0.979659
-0.979659
-0.979659
-0.979659
-0.979659
-0.979659
-0.979659
-0.979659
-0.979659
-0.979659
-0.979659
-0.979659
-0.979659
-0.979965
-0.979965
-0.979965
-0.979965
-0.979965
-0.979965
-0.979965
-0.979965
-0.979965
-0.979965
-0.979969
-0.979969
-0.979969
-0.979969
-0.979969
-0.979969
-0.979974
-0.979974
-0.979974
-0.979974
-0.979974
-0.979976
-0.979976
-0.979976
-0.979976
-0.979976
-0.979976
-0.979977
-0.979977
-0.979977
-0.979989
-0.979989
-0.979989
-0.979989
-0.979989
-0.979989
-0.979989
-0.979989
-0.980761
-0.980761
-0.980761
-0.980761
-0.980761
-0.980761
-0.980761
-0.980761
-0.980883
-0.980883
-0.980893
-0.980893
-0.980893
-0.980893
-0.980893
-0.980897
-0.980897
-0.980897
-0.980897
-0.980897
-0.980897
-0.980897
-0.980897
-0.980897
-0.980897
-0.980897
-0.980897
-0.980897
-0.980897
-0.980897
-0.980947
-0.980947
-0.980947
-0.980984
-0.980984
-0.980984
-0.980984
-0.980984
-0.980984
-0.980984
-0.980984
-0.980984
-0.980984
-0.980984
-0.980984
-0.981004
-0.981004
-0.981006
-0.981006
-0.981006
-0.981006
-0.981007
-0.981007
-0.981007
-0.981007
-0.981007
-0.981007
-0.981007
-0.981007
-0.981007
-0.981007
-0.981007
-0.981007
-0.981007
-0.981007
-0.981007
-0.981007
-0.981055
-0.981055
-0.981055
-0.981055
-0.981055
-0.981055
-0.981055
-0.981057
-0.98107
-0.98107
-0.981071
-0.981071
-0.981071
-0.981071
-0.981074
-0.981074
-0.981074
-0.981074
-0.981074
-0.981074
-0.981075
-0.981076
-0.981076
-0.981076
-0.981076
-0.981076
-0.981076
-0.981076
-0.981109
-0.981109
-0.981109
-0.981109
-0.981109
-0.981109
-0.981109
-0.981109
-0.981109
-0.981109
-0.981109
-0.981109
-0.98111
-0.98111
-0.981348
-0.981348
-0.981348
-0.981348
-0.981357
-0.981357
-0.981357
-0.981357
-0.981357
-0.981357
-0.981357
-0.981365
-0.981365
-0.981366
-0.981366
-0.981366
-0.981371
-0.981378
-0.981431
-0.981431
-0.981431
-0.981431
-0.981431
-0.981431
-0.981431
-0.981431
-0.981431
-0.981431
-0.981432
-0.981432
-0.981432
-0.981432
-0.981432
-0.981434
-0.981434
-0.981434
-0.981435
-0.981435
-0.981435
-0.981435
-0.981435
-0.981435
-0.981435
-0.981435
-0.981435
-0.981443
-0.981443
-0.981443
-0.981443
-0.981443
-0.981445
-0.981445
-0.981591
-0.981591
-0.981591
-0.981591
-0.981591
-0.981591
-0.981591
-0.981591
-0.981591
-0.981591
-0.981699
-0.981699
-0.981699
-0.981699
-0.981699
-0.982158
-0.982158
-0.982258
-0.982258
-0.982307
-0.982307
-0.982307
-0.982307
-0.982307
-0.982347
-0.982347
-0.982347
-0.982347
-0.982347
-0.982347
-0.982348
-0.982665
-0.982665
-0.982665
-0.982665
-0.982665
-0.982665
-0.982665
-0.982665
-0.982665
-0.982665
-0.982665
-0.982679
-0.982679
-0.982679
-0.982679
-0.982683
-0.982683
-0.982683
-0.982685
-0.982718
-0.982718
-0.982718
-0.982718
-0.982718
-0.982722
-0.982727
-0.982727
-0.982727
-0.982727
-0.982727
-0.982727
-0.982727
-0.982729
-0.982756
-0.982756
-0.982774
-0.982774
-0.982774
-0.982774
-0.982774
-0.982774
-0.982774
-0.982774
-0.982774
-0.982858
-0.983082
-0.983082
-0.983082
-0.983082
-0.983082
-0.983082
-0.983082
-0.983122
-0.983122
-0.983122
-0.983122
-0.983149
-0.983149
-0.983167
-0.983167
-0.983167
-0.983167
-0.983214
-0.983214
-0.98325
-0.98325
-0.98325
-0.98325
-0.983293
-0.983293
-0.983293
-0.983293
-0.983293
-0.983293
-0.983293
-0.983315
-0.983315
-0.983358
-0.983358
-0.983368
-0.983423
-0.983423
-0.983423
-0.983472
-0.983472
-0.983472
-0.983492
-0.983493
-0.983498
-0.983542
-0.983542
-0.983564
-0.983585
-0.983585
-0.983585
-0.983588
-0.983588
-0.983588
-0.983588
-0.983698
-0.983698
-0.983698
-0.983698
-0.983698
-0.983698
-0.983698
-0.983698
-0.983698
-0.983698
-0.983699
-0.983699
-0.9837
-0.9837
-0.9837
-0.9837
-0.9837
-0.983701
-0.983701
-0.983701
-0.983701
-0.983701
-0.983701
-0.983701
-0.983701
-0.983701
-0.98373
-0.98373
-0.98373
-0.98373
-0.983731
-0.983731
-0.98374
-0.98374
-0.983741
-0.983741
-0.983741
-0.983741
-0.983741
-0.983741
-0.983741
-0.983743
-0.983743
-0.983761
-0.983762
-0.983762
-0.983762
-0.983762
-0.983762
-0.983762
-0.983762
-0.983762
-0.983762
-0.983762
-0.983762
-0.983762
-0.983762
-0.983762
-0.983762
-0.983897
-0.983902
-0.983908
-0.983908
-0.983908
-0.983908
-0.983908
-0.983908
-0.983908
-0.983908
-0.983908
-0.983908
-0.983908
-0.983908
-0.983908
-0.983908
-0.983913
-0.983913
-0.983913
-0.983915
-0.983933
-0.983933
-0.983933
-0.983963
-0.983963
-0.983963
-0.983963
-0.983974
-0.984072
-0.984072
-0.984072
-0.984072
-0.984072
-0.984072
-0.984072
-0.984072
-0.984076
-0.984076
-0.984076
-0.984076
-0.984086
-0.984086
-0.984086
-0.984089
-0.984089
-0.984089
-0.984089
-0.98409
-0.98409
-0.98409
-0.98409
-0.984094
-0.984094
-0.984096
-0.984096
-0.984096
-0.984096
-0.984096
-0.984096
-0.984096
-0.984096
-0.9841
-0.9841
-0.9841
-0.9841
-0.9841
-0.984105
-0.984105
-0.984105
-0.984105
-0.984105
-0.984105
-0.984105
-0.984184
-0.984198
-0.984198
-0.984198
-0.984198
-0.984199
-0.9842
-0.9842
-0.9842
-0.9842
-0.984204
-0.984211
-0.984211
-0.984243
-0.984243
-0.984256
-0.984428
-0.984439
-0.984439
-0.984439
-0.984439
-0.984439
-0.98444
-0.984446
-0.984446
-0.984446
-0.984446
-0.984446
-0.984446
-0.984447
-0.98447
-0.98447
-0.98447
-0.98447
-0.984471
-0.98448
-0.98448
-0.98448
-0.984481
-0.984483
-0.984483
-0.984483
-0.984483
-0.984483
-0.984483
-0.984483
-0.984483
-0.984483
-0.984483
-0.984483
-0.984483
-0.984488
-0.984505
-0.984505
-0.984505
-0.984505
-0.984506
-0.984558
-0.984582
-0.984582
-0.984582
-0.984582
-0.984626
-0.984626
-0.984626
-0.984626
-0.984626
-0.984626
-0.984626
-0.984626
-0.984629
-0.984629
-0.984663
-0.984663
-0.984663
-0.984663
-0.984674
-0.984743
-0.984743
-0.984743
-0.984743
-0.984743
-0.984762
-0.984762
-0.984762
-0.984762
-0.98477
-0.984771
-0.984773
-0.984779
-0.984779
-0.984779
-0.984779
-0.98481
-0.98481
-0.984837
-0.984837
-0.984837
-0.984837
-0.984837
-0.984848
-0.984848
-0.984848
-0.984848
-0.984848
-0.984848
-0.984848
-0.985004
-0.985004
-0.985004
-0.985004
-0.985004
-0.985004
-0.985004
-0.985004
-0.985004
-0.985016
-0.985039
-0.985039
-0.985039
-0.985039
-0.985039
-0.985039
-0.985039
-0.985039
-0.985039
-0.985039
-0.985039
-0.985039
-0.985039
-0.985049
-0.985049
-0.985059
-0.985059
-0.985059
-0.985059
-0.985059
-0.985059
-0.985059
-0.985059
-0.985059
-0.985059
-0.985166
-0.985167
-0.985167
-0.985167
-0.985171
-0.985175
-0.985175
-0.985175
-0.985175
-0.985175
-0.985175
-0.985175


0.0563973
0.0585969
0.0595695
0.055138
0.0553407
0.0488231
0.0478811
0.0377083
0.0278276
0.00258708
0.000340535
-0.0028333
-0.00028553
-0.00519892
-0.0216689
-0.0179317
-0.0201278
-0.0200734
-0.0233281
-0.0215818
-0.010102
-0.00932016
-0.00547508
-0.00497426
-0.00126729
0.0101163
0.00748479
0.0139781
0.0166796
0.0566114

0.023

