706.688
706.688
706.688
706.688
706.688
706.688
706.688
706.688
81.2685
81.2685
81.2685
81.2685
42.7112
42.7112
42.7112
42.7112
42.7112
42.7112
42.7112
42.7112
42.7112
42.7112
42.7112
42.7112
42.7112
42.7112
42.7112
42.7112
42.7112
42.7112
42.7112
42.7112
42.7112
42.7112
42.7112
42.7112
42.7112
42.7112
42.7112
42.7112
42.7112
42.7112
42.7112
42.7112
42.7112
42.7112
42.7112
42.7112
42.7112
42.7112
42.7112
42.7112
42.7112
42.7112
42.7112
42.7112
42.7112
42.7112
42.7112
42.7112
42.7112
42.7112
42.7112
42.7112
42.7112
42.7112
42.7112
42.7112
42.7112
42.7112
42.7112
42.7112
42.7112
42.7112
42.7112
42.7112
42.7112
42.7112
42.7112
42.7112
42.7112
42.7112
42.7112
42.7112
42.7112
42.7112
42.7112
42.7112
42.7112
42.7112
42.7112
42.7112
40.3212
40.3212
36.1953
32.9659
32.9659
32.9659
32.9659
27.9354
27.9354
23.4937
23.4937
23.4937
20.6429
19.4972
19.4972
19.4972
18.4182
18.4182
17.1301
15.4935
15.4935
15.1662
15.1662
14.4939
14.2628
14.2628
14.2628
14.2118
13.2507
13.2507
13.2507
12.3888
12.4613
12.4579
12.4627
12.4627
12.4627
12.0657
11.8753
11.891
11.891
11.9133
11.9133
11.9133
11.2692
9.85511
9.07834
9.07834
7.93854
7.93854
7.93854
6.85125
6.99367
6.82721
6.82721
6.67285
6.83181
6.96352
6.15648
6.15648
6.15648
5.73479
5.68175
5.70493
5.71102
5.72303
5.4255
5.15157
5.15157
5.1981
5.25572
5.25572
5.25572
5.25572
5.25572
5.0325
5.03044
4.28029
4.28029
4.25662
4.25662
4.25662
4.25662
4.25662
4.54397
4.54397
4.54397
4.30432
4.48466
4.4259
4.4259
4.4259
4.4259
3.99406
3.90754
3.74789
3.74789
3.74789
3.56472
3.5659
3.5659
3.37672
3.37672
3.37197
3.30518
3.1194
3.11865
2.98121
2.98121
2.99478
2.99478
2.99478
2.99478
2.99003
2.99003
2.88052
2.91294
2.81809
2.81809
2.82918
2.82918
2.82445
2.76882
2.76882
2.76882
2.75823
2.75823
2.75823
2.69073
2.67809
2.67809
2.61555
2.6671
2.6671
2.6671
2.66497
2.66497
2.66497
2.66497
2.66497
2.66497
2.60529
2.60727
2.60727
2.58757
2.58757
2.58757
2.59742
2.59742
2.60516
2.60774
2.60774
2.53038
2.39104
2.35464
2.35464
2.35464
2.35464
2.33905
2.33905
2.33905
2.33905
2.33905
2.33531
2.34953
2.34898
2.34898
2.34898
2.33795
2.34713
2.34713
2.34775
2.34775
2.34836
2.34933
2.34933
2.34988
2.34988
2.34972
2.34994
2.34994
2.35039
2.35039
2.35039
2.34854
2.34854
2.35073
2.34097
2.34097
2.34097
2.34097
2.33746
2.33746
2.33746
2.33746
2.33746
2.33746
2.35059
2.35065
2.35065
2.33153
2.34451
2.34451
2.34451
2.34721
2.34721
2.34581
2.34581
2.34582
2.34582
2.34628
2.34628
2.34628
2.34516
2.34526
2.34732
2.32198
2.32198
2.32198
2.32198
2.32198
2.32198
2.32198
2.32198
2.32198
2.3386
2.3386
2.34593
2.34536
2.34369
2.34281
2.34281
2.34606
2.34606
2.34644
2.34644
2.34644
2.34647
2.34647
2.34647
2.34558
2.34576
2.34576
2.3468
2.34712
2.34712
2.34712
2.34712
2.31824
2.3372
2.33706
2.33706
2.33707
2.33714
2.33698
2.33698
2.33642
2.33642
2.33724
2.33714
2.33714
2.33695
2.33695
2.33515
2.33515
2.33606
2.33606
2.33606
2.33606
2.33606
2.3372
2.33655
2.33655
2.33655
2.33655
2.33655
2.33673
2.33673
2.33662
2.33693
2.33717
2.3348
2.3348
2.33496
2.3366
2.3366
2.33717
2.33704
2.33624
2.33692
2.33551
2.33551
2.33605
2.33605
2.33605
2.33605
2.33675
2.3371
2.3371
2.3371
2.33704
2.33704
2.33704
2.33514
2.33514
2.33514
2.33527
2.33657
2.33657
2.33657
2.33657
2.33722
2.33722
2.33719
2.33719
2.33719
2.33724
2.33724
2.33581
2.33673
2.33673
2.33673
2.33673
2.33685
2.33685
2.33707
2.33705
2.3372
2.3372
2.3372
2.33711
2.33696
2.33696
2.3346
2.33559
2.33626
2.33723
2.33723
2.33723
2.33546
2.33642
2.33657
2.33657
2.33657
2.33657
2.33657
2.33327
2.33327
2.33717
2.33724
2.33725
2.33726
2.33726
2.33691
2.33723
2.33723
2.33708
2.33708
2.33708
2.33708
2.33708
2.33726
2.33726
2.33726
2.33726
2.33726
2.33726
2.33726
2.33726
2.33719
2.33719
2.33719
2.33719
2.33711
2.33724
2.33724
2.33724
2.33704
2.33704
2.33704
2.33704
2.33704
2.33725
2.33724
2.33724
2.33724
2.33724
2.33724
2.33715
2.33715
2.33715
2.33724
2.33724
2.33724
2.33724
2.33724
2.33724
2.33724
2.33722
2.33722
2.33705
2.33711
2.33711
2.33699
2.33699
2.33699
2.33699
2.33699
2.33725
2.33725
2.33725
2.33725
2.33725
2.33726
2.33726
2.33726
2.33725
2.33725
2.33724
2.33724
2.33721
2.33721
2.33721
2.33721
2.33726
2.33726
2.33726
2.33726
2.33706
2.33706
2.33726
2.33723
2.33725
2.33725
2.33726
2.3372
2.3372
2.3372
2.31809
2.31809
2.31809
2.32085
2.33718
2.33725
2.33725
2.33725
2.33635
2.33476
2.33476
2.33666
2.33666
2.3367
2.3367
2.33672
2.33625
2.33692
2.3372
2.33725
2.33543
2.33543
2.33577
2.33646
2.33646
2.33646
2.33646
2.33708
2.33705
2.33685
2.33723
2.33724
2.33692
2.33692
2.33692
2.33712
2.33723
2.33725
2.33725
2.33678
2.33724
2.33724
2.33724
2.33724
2.33724
2.33724
2.33724
2.33724
2.33725
2.33726
2.33726
2.33726
2.33726
2.33726
2.337
2.337
2.337
2.337
2.33705
2.33221
2.33221
2.33495
2.33721
2.33721
2.33707
2.33707
2.33707
2.33707
2.33697
2.3372
2.33716
2.33716
2.33716
2.33716
2.33716
2.33716
2.33654
2.33725
2.33725
2.33721
2.33721
2.33721
2.33721
2.33722
2.33538
2.33719
2.33696
2.33696
2.33696
2.33696
2.33696
2.33696
2.33696
2.33696
2.33722
2.33722
2.33722
2.33717
2.33636
2.33693
2.33708
2.33663
2.33663
2.33663
2.33663
2.33705
2.33691
2.33725
2.33726
2.33724
2.33724
2.33724
2.33442
2.33442
2.33442
2.33442
2.33442
2.33442
2.3358
2.33681
2.33712
2.33712
2.33726
2.33726
2.33726
2.33716
2.33716
2.33718
2.33725
2.33725
2.33725
2.33721
2.33726
2.33726
2.33726
2.33726
2.33721
2.33724
2.33724
2.33724
2.33723
2.33712
2.33711
2.33711
2.33711
2.33711
2.33696
2.33696
2.33696
2.3371
2.3371
2.3371
2.33701
2.33716
2.33722
2.33722
2.33722
2.33722
2.33722
2.33724
2.33724
2.33724
2.33722
2.33722
2.33722
2.33722
2.33722
2.33725
2.33725
2.33724
2.33724
2.33724
2.33724
2.33724
2.33724
2.33726
2.33726
2.33724
2.33725
2.33725
2.33725
2.33725
2.33725
2.33722
2.33722
2.33726
2.33726
2.33721
2.33725
2.33726
2.33726
2.33726
2.33726
2.33726
2.33726
2.33726
2.33726
2.33726
2.33726
2.33726
2.33726
2.33726
2.33725
2.33725
2.33726
2.33726
2.33726
2.33726
2.33726
2.33726
2.33724
2.33726
2.33726
2.33726
2.33726
2.33726
2.33726
2.33726
2.33726
2.33726
2.33726
2.33726
2.33726
2.33726
2.3372
2.3372
2.3372
2.33725
2.33726
2.33726
2.33725
2.33725
2.33725
2.33725
2.33725
2.33726
2.33725
2.33725
2.33725
2.33726
2.33726
2.33726
2.33726
2.33726
2.33726
2.33726
2.33726
2.33726
2.33726
2.33725
2.33725
2.33725
2.33725
2.33724
2.33724
2.33724
2.33725
2.33726
2.33726
2.33726
2.33725
2.33726
2.33726
2.33726
2.33726
2.33726
2.33726
2.33726
2.33726
2.33726
2.33726
2.33726
2.33726
2.33726
2.33726
2.33726
2.33725
2.33725
2.33725
2.33725
2.33726
2.33725
2.33725
2.33725
2.33725
2.33726
2.33726
2.33726
2.33726
2.33726
2.33726
2.33726
2.33726
2.33726
2.33726
2.33726
2.33726
2.33726
2.33726
2.33726
2.33726
2.33726
2.33726
2.33726
2.33726
2.33726
2.33726
2.33726
2.33726
2.33726
2.33726
2.33726
2.33726
2.33726
2.33726
2.33726
2.33726
2.33726
2.33726
2.33726
2.33726
2.33726
2.33726
2.33726
2.33726
2.33726
2.33726
2.33726
2.33726
2.33726
2.33726
2.33726
2.33726
2.33726
2.33726
2.33726
2.33726
2.33726
2.33726
2.33726
2.33726
2.33726
2.33726
2.33726
2.33726
2.33726
2.33726
2.33726
2.33726
2.33726
2.33726
2.33726
2.33726
2.33726
2.33726
2.33726
2.33726
2.33726
2.33726
2.33726
2.33726
2.33726
2.33726
2.33726
2.33726
2.33726
2.33726
2.33726
2.33726
2.33726
2.33726
2.33726
2.33726
2.33726
2.33726
2.33726
2.33726
2.33726
2.33726
2.33726
2.33726
2.33726
2.33726
2.33726
2.33726
2.33726
2.33726
2.33726
2.33726
2.33726
2.33726
2.33726
2.33726
2.33726
2.33726
2.33726
2.33726
2.33726
2.33726
2.33726
2.33726
2.33726
2.33726
2.33726
2.33726
2.33726
2.33726
2.33726
2.33726
2.33726
2.33726
2.33726
2.33726
2.33726
2.33726
2.33726
2.33726
2.33726
2.33726
2.33726
2.33726
2.33726
2.33726
2.33726
2.33726
2.33726
2.33726
2.33726
2.33726
2.33726
2.33726
2.33726
2.33726
2.33726
2.33726
2.33726
2.33726
2.33726
2.33726
2.33726
2.33726
2.33726
2.33726
2.33726
2.33726
2.33726
2.33726
2.33726
2.33726
2.33726
2.33726
2.33726
2.33726
2.33726
2.33726
2.33726
2.33726
2.33726
2.33726
2.33726
2.33726
2.33726
2.33726
2.33726
2.33726
2.33726
2.33726
2.33726
2.33726
2.33726
2.33726
2.33726
2.33726
2.33726
2.33726
2.33726
2.33726
2.33726
2.33726
2.33726
2.33726
2.33726
2.33726
2.33726
2.33726
2.33726
2.33726
2.33726
2.33726
2.33726
2.33726
2.33726
2.33726
2.33726
2.33726
2.33726
2.33726
2.33726
2.33726
2.33726
2.33726
2.33726
2.33726
2.33726
2.33726
2.33726
2.33726
2.33726
2.33726
2.33726
2.33726
2.33726
2.33726
2.33726
2.33726
2.33726
2.33726
2.33726
2.33726
2.33726
2.33726
2.33726
2.33726
2.33726
2.33726
2.33726
2.33726
2.33726
2.33726
2.33726
2.33726
2.33726
2.33726
2.33726
2.33726
2.33726
2.33726
2.33726
2.33726
2.33726
2.33726
2.33726
2.33726
2.33726
2.33726
2.33726
2.33726
2.33726
2.33726
2.33726
2.33726
2.33726
2.33726
2.33726
2.33726
2.33726
2.33726
2.33726
2.33726
2.33726
2.33726
2.33726
2.33726
2.33726
2.33726
2.33726
2.33726
2.33726
2.33726
2.33726
2.33726
2.33726
2.33726
2.33726
2.33726
2.33726
2.33726
2.33726
2.33726
2.33726
2.33726
2.33726
2.33726
2.33726
2.33726
2.33726
2.33726
2.33726
2.33726
2.33726
2.33726
2.33726
2.33726
2.33726
2.33726
2.33726
2.33726
2.33726
2.33726
2.33726
2.33726
2.33726
2.33726
2.33726
2.33726
2.33726
2.33726
2.33726
2.33726
2.33726
2.33726
2.33726
2.33726
2.33726
2.33726
2.33726
2.33726
2.33726
2.33726
2.33726
2.33726
2.33726
2.33726
2.33726
2.33726
2.33726
2.33726
2.33726
2.33726
2.33726
2.33726
2.33726
2.33726
2.33726
2.33726
2.33726
2.33726
2.33726
2.33726
2.33726
2.33726
2.33726
2.33726
2.33726
2.33726
2.33726
2.33726
2.33726
2.33726
2.33726
2.33726
2.33726
2.33726
2.33726
2.33726
2.33726
2.33726
2.33726
2.33726
2.33726
2.33726
2.33726
2.33726
2.33726
2.33726
2.33726
2.33726
2.33726
2.33726
2.33726
2.33726
2.33726
2.33726
2.33726
2.33726
2.33726
2.33726
2.33726
2.33726
2.33726
2.33726
2.33726
2.33726
2.33726
2.33726
2.33726
2.33726
2.33726
2.33726
2.33726
2.33726
2.33726
2.33726
2.33726
2.33726
2.33726
2.33726
2.33726
2.33726
2.33726
2.33726
2.33726
2.33726
2.33726
2.33726
2.33726
2.33726
2.33726
2.33726
2.33726
2.33726
2.33726
2.33726
2.33726
2.33726
2.33726
2.33726
2.33726
2.33726
2.33726
2.33726
2.33726
2.33726
2.33726
2.33726
2.33726
2.33726
2.33726
2.33726
2.33726
2.33726
2.33726
2.33726
2.33726
2.33726
2.33726
2.33726
2.33726
2.33726
2.33726
2.33726
2.33726
2.33726
2.33726
2.33726
2.33726
2.33726
2.33726
2.33726
2.33726
2.33726
2.33726
2.33726
2.33726
2.33726
2.33726
2.33726
2.33726
2.33726
2.33726
2.33726
2.33726
2.33726
2.33726
2.33726
2.33726
2.33726
2.33726
2.33726
2.33726
2.33726
2.33726
2.33726
2.33726
2.33726
2.33726
2.33726
2.33726
2.33726
2.33726
2.33726
2.33726
2.33726
2.33726
2.33726
2.33726
2.33726
2.33726
2.33726
2.33726
2.33726
2.33726
2.33726
2.33726
2.33726
2.33726
2.33726
2.33726
2.33726
2.33726
2.33726
2.33726
2.33726
2.33726
2.33726
2.33726
2.33726
2.33726
2.33726
2.33726
2.33726
2.33726
2.33726
2.33726
2.33726
2.33726
2.33726
2.33726
2.33726
2.33726
2.33726
2.33726
2.33726
2.33726
2.33726
2.33726
2.33726
2.33726
2.33726
2.33726
2.33726
2.33726
2.33726
2.33726
2.33726
2.33726
2.33726
2.33726
2.33726
2.33726
2.33726
2.33726
2.33726
2.33726
2.33726
2.33726
2.33726
2.33726
2.33726
2.33726
2.33726
2.33726
2.33726
2.33726
2.33726
2.33726
2.33726
2.33726
2.33726
2.33726
2.33726
2.33726
2.33726
2.33726
2.33726
2.33726
2.33726
2.33726
2.33726
2.33726
2.33726
2.33726
2.33726
2.33726
2.33726
2.33726
2.33726
2.33726
2.33726
2.33726
2.33726
2.33726
2.33726
2.33726
2.33726
2.33726
2.33726
2.33726
2.33726
2.33726
2.33726
2.33726
2.33726
2.33726
2.33726
2.33726
2.33726
2.33726
2.33726
2.33726
2.33726
2.33726
2.33726
2.33726
2.33726
2.33726
2.33726
2.33726
2.33726
2.33726
2.33726
2.33726
2.33726
2.33726
2.33726
2.33726
2.33726
2.33726
2.33726
2.33726
2.33726
2.33726
2.33726
2.33726
2.33726
2.33726
2.33726
2.33726
2.33726
2.33726
2.33726
2.33726
2.33726
2.33726
2.33726
2.33726
2.33726
2.33726
2.33726
2.33726
2.33726
2.33726
2.33726
2.33726
2.33726
2.33726
2.33726
2.33726
2.33726
2.33726
2.33726
2.33726
2.33726
2.33726
2.33726
2.33726
2.33726
2.33726
2.33726
2.33726
2.33726
2.33726
2.33726
2.33726
2.33726
2.33726
2.33726
2.33726
2.33726
2.33726
2.33726
2.33726
2.33726
2.33726
2.33726
2.33726
2.33726
2.33726
2.33726
2.33726
2.33726
2.33726
2.33726
2.33726
2.33726
2.33726
2.33726
2.33726
2.33726
2.33726
2.33726
2.33726
2.33726
2.33726
2.33726
2.33726
2.33726
2.33726
2.33726
2.33726
2.33726
2.33726
2.33726
2.33726
2.33726
2.33726
2.33726
2.33726
2.33726
2.33726
2.33726
2.33726
2.33726
2.33726
2.33726
2.33726
2.33726
2.33726
2.33726
2.33726
2.33726
2.33726
2.33726
2.33726
2.33726
2.33726
2.33726
2.33726
2.33726
2.33726
2.33726
2.33726
2.33726
2.33726
2.33726
2.33726
2.33726
2.33726
2.33726
2.33726
2.33726
2.33726
2.33726
2.33726
2.33726
2.33726
2.33726
2.33726
2.33726
2.33726
2.33726
2.33726
2.33726
2.33726
2.33726
2.33726
2.33726
2.33726
2.33726
2.33726
2.33726
2.33726
2.33726
2.33726
2.33726
2.33726
2.33726
2.33726
2.33726
2.33726
2.33726
2.33726
2.33726
2.33726
2.33726
2.33726
2.33726
2.33726
2.33726
2.33726
2.33726
2.33726
2.33726
2.33726
2.33726
2.33726
2.33726
2.33726
2.33726
2.33726
2.33726
2.33726
2.33726
2.33726
2.33726
2.33726
2.33726
2.33726
2.33726
2.33726
2.33726
2.33726
2.33726
2.33726
2.33726
2.33726
2.33726
2.33726
2.33726
2.33726
2.33726
2.33726
2.33726
2.33726
2.33726
2.33726
2.33726
2.33726
2.33726
2.33726
2.33726
2.33726
2.33726
2.33726
2.33726
2.33726
2.33726
2.33726
2.33726
2.33726
2.33726
2.33726
2.33726
2.33726
2.33726
2.33726
2.33726
2.33726
2.33726
2.33726
2.33726
2.33726
2.33726
2.33726
2.33726
2.33726
2.33726
2.33726
2.33726
2.33726
2.33726
2.33726
2.33726
2.33726
2.33726
2.33726
2.33726
2.33726
2.33726
2.33726
2.33726
2.33726
2.33726
2.33726
2.33726
2.33726
2.33726
2.33726
2.33726
2.33726
2.33726
2.33726
2.33726
2.33726
2.33726
2.33726
2.33726
2.33726
2.33726
2.33726
2.33726
2.33726
2.33726
2.33726
2.33726
2.33726
2.33726
2.33726
2.33726
2.33726
2.33726
2.33726
2.33726
2.33726
2.33726
2.33726
2.33726
2.33726
2.33726
2.33726
2.33726
2.33726
2.33726
2.33726
2.33726
2.33726
2.33726
2.33726
2.33726
2.33726
2.33726
2.33726
2.33726
2.33726
2.33726
2.33726
2.33726
2.33726
2.33726
2.33726
2.33726
2.33726
2.33726
2.33726
2.33726
2.33726
2.33726
2.33726
2.33726
2.33726
2.33726
2.33726
2.33726
2.33726
2.33726
2.33726
2.33726
2.33726
2.33726
2.33726
2.33726
2.33726
2.33726
2.33726
2.33726
2.33726
2.33726
2.33726
2.33726
2.33726
2.33726
2.33726
2.33726
2.33726
2.33726
2.33726
2.33726
2.33726
2.33726
2.33726
2.33726
2.33726
2.33726
2.33726
2.33726
2.33726
2.33726
2.33726
2.33726
2.33726
2.33726
2.33726
2.33726
2.33726
2.33726
2.33726
2.33726
2.33726
2.33726
2.33726
2.33726
2.33726
2.33726
2.33726
2.33726
2.33726
2.33726
2.33726
2.33726
2.33726
2.33726
2.33726
2.33726
2.33726
2.33726
2.33726
2.33726
2.33726
2.33726
2.33726
2.33726
2.33726
2.33726
2.33726
2.33726
2.33726
2.33726
2.33726
2.33726
2.33726
2.33726
2.33726
2.33726
2.33726
2.33726
2.33726
2.33726
2.33726
2.33726
2.33726
2.33726
2.33726
2.33726
2.33726
2.33726
2.33726
2.33726
2.33726
2.33726
2.33726
2.33726
2.33726
2.33726
2.33726
2.33726
2.33726
2.33726
2.33726
2.33726
2.33726
2.33726
2.33726
2.33726
2.33726
2.33726
2.33726
2.33726
2.33726
2.33726
2.33726
2.33726
2.33726
2.33726
2.33726
2.33726
2.33726
2.33726
2.33726
2.33726
2.33726
2.33726
2.33726
2.33726
2.33726
2.33726
2.33726
2.33726
2.33726
2.33726
2.33726
2.33726
2.33726
2.33726
2.33726
2.33726
2.33726
2.33726
2.33726
2.33726
2.33726
2.33726
2.33726
2.33726
2.33726
2.33726
2.33726
2.33726
2.33726
2.33726
2.33726
2.33726
2.33726
2.33726
2.33726
2.33726
2.33726
2.33726
2.33726
2.33726
2.33726
2.33726
2.33726
2.33726
2.33726
2.33726
2.33726
2.33726
2.33726
2.33726
2.33726
2.33726
2.33726
2.33726
2.33726
2.33726
2.33726
2.33726
2.33726
2.33726
2.33726
2.33726
2.33726
2.33726
2.33726
2.33726
2.33726
2.33726
2.33726
2.33726
2.33726
2.33726
2.33726
2.33726
2.33726
2.33726
2.33726
2.33726
2.33726
2.33726
2.33726
2.33726
2.33726
2.33726
2.33726
2.33726
2.33726
2.33726
2.33726
2.33726
2.33726
2.33726
2.33726
2.33726
2.33726
2.33726
2.33726
2.33726
2.33726
2.33726
2.33726
2.33726
2.33726
2.33726
2.33726
2.33726
2.33726
2.33726
2.33726
2.33726
2.33726


-0.0477246
-0.0478311
-0.0477312
-0.0477307
-0.0477176
-0.0477564
-0.0477423
-0.047789
-0.0476134
-0.0478385
-0.0477305
-0.0477387
-0.0253661
-0.0477369
-0.0476746
-0.0477417
-0.0477966
-0.0477959
-0.0476577
-0.0478072
-0.0476276
-0.0477177
-0.047719
-0.0477869
-0.0476605
-0.0477865
-0.0253524
-0.0478068
-0.0476897
-0.978423

0.021

