47.6189
35.974
35.974
35.974
35.974
35.974
35.974
33.3148
31.3692
31.3692
23.7517
22.6402
22.9194
25.6784
25.6784
25.6784
25.6784
25.6784
25.6784
25.6784
24.1383
24.1383
24.1383
24.1383
16.7127
16.7127
16.7127
16.7127
15.1415
16.091
16.091
16.091
14.284
14.284
16.9357
16.9357
12.4813
10.3817
10.4199
10.4199
11.1207
11.0222
11.0222
11.0222
11.0222
11.0222
11.0222
9.58823
9.58823
9.58823
9.12804
8.58969
8.61833
8.32946
8.32946
8.32946
7.87817
6.66591
6.66591
6.09223
6.09978
6.18459
6.00069
6.00069
5.35873
4.91013
4.91013
4.91013
4.64216
4.64216
4.55935
4.55935
4.61401
4.45256
4.43113
4.43113
4.42558
4.33316
4.07162
4.07162
3.89493
3.99006
3.9381
3.88414
3.88414
3.88414
3.88414
3.88414
3.88414
3.76568
3.77356
3.77356
3.40798
3.38606
3.23751
3.03058
3.03058
3.03058
3.03058
3.03058
3.05226
3.15359
3.12245
3.12245
3.12201
3.12201
3.12245
3.12245
2.95016
2.95016
2.94811
2.91596
2.61202
2.61202
2.67783
2.67783
2.67783
2.67783
2.58172
2.32
2.58172
2.58172
2.58172
2.58172
2.58172
2.60731
2.60731
2.60731
2.61825
2.63613
2.63613
2.63613
2.63613
2.56225
2.56225
2.56225
2.56225
2.56225
2.56225
2.57029
2.57029
2.46468
2.54981
2.52569
2.5177
2.52093
2.52093
2.52093
2.51938
2.50251
2.50251
2.50251
2.50251
2.47081
2.47081
2.47081
2.38374
2.38374
2.49589
2.46811
2.42419
2.49589
2.50565
2.50565
2.50219
2.50219
2.2265
2.34801
2.34801
2.34801
2.34801
2.34801
2.34801
2.46574
2.49224
2.49764
2.51131
2.51131
2.44854
2.44854
2.44854
2.44854
2.44854
2.44854
2.44854
2.50144
2.47805
2.49844
2.49844
2.49777
2.49777
2.51718
2.51733
2.51594
2.5128
2.49982
2.50815
2.50815
2.50815
2.51656
2.51656
2.52
2.52
2.51928
2.51928
2.51928
2.51928
2.51928
2.51928
2.50968
2.5178
2.5178
2.5178
2.51757
2.51594
2.51594
2.51594
2.51594
2.51594
2.51594
2.52017
2.52187
2.52187
2.52208
2.52164
2.52096
2.52324
2.52335
2.52215
2.52263
2.51519
2.51553
2.51995
2.51995
2.51737
2.48928
2.48928
2.49393
2.51992
2.52283
2.52283
2.52258
2.51716
2.51716
2.51716
2.49572
2.51716
2.5211
2.5211
2.52213
2.51083
2.50049
2.51993
2.51942
2.52305
2.52305
2.52252
2.52252
2.52252
2.52252
2.52252
2.52252
2.52252
2.52252
2.51985
2.52068
2.5102
2.5102
2.5102
2.51758
2.51758
2.51758
2.51758
2.52152
2.52152
2.52152
2.52152
2.52111
2.52089
2.52089
2.52089
2.52108
2.52108
2.51861
2.51824
2.52183
2.52149
2.51775
2.51845
2.51813
2.51813
2.51813
2.51898
2.51914
2.5193
2.5193
2.5193
2.52169
2.52348
2.52348
2.52178
2.52252
2.52252
2.52303
2.51453
2.51453
2.5129
2.51944
2.51944
2.52386
2.52386
2.52402
2.5175
2.5175
2.51783
2.51783
2.52029
2.52029
2.52205
2.52205
2.52251
2.52251
2.52251
2.52129
2.52129
2.52129
2.51982
2.51742
2.52028
2.52028
2.52268
2.52324
2.51507
2.51401
2.51401
2.51401
2.51631
2.51631
2.5192
2.52305
2.52305
2.52305
2.52305
2.52285
2.52331
2.52302
2.52302
2.52302
2.52302
2.52302
2.52315
2.52312
2.52297
2.5222
2.5222
2.5222
2.5222
2.5222
2.5213
2.5213
2.5213
2.52301
2.52295
2.52301
2.52301
2.52301
2.52301
2.52301
2.52301
2.52301
2.52301
2.52301
2.52386
2.52317
2.52304
2.5234
2.5234
2.5234
2.5234
2.5234
2.5234
2.52383
2.5236
2.5236
2.5236
2.5236
2.5236
2.52368
2.52368
2.52368
2.52326
2.52379
2.52353
2.52241
2.52241
2.52241
2.52241
2.52241
2.52335
2.52057
2.52057
2.52057
2.52057
2.52057
2.5231
2.5231
2.52318
2.52318
2.52318
2.52318
2.52337
2.52337
2.52337
2.52385
2.52378
2.52379
2.52379
2.52384
2.52384
2.52384
2.52384
2.52384
2.52384
2.52354
2.52354
2.52385
2.52385
2.52385
2.52385
2.52385
2.52385
2.52385
2.52389
2.52395
2.52395
2.52395
2.52395
2.52401
2.52398
2.52397
2.524
2.524
2.524
2.524
2.524
2.524
2.52402
2.52402
2.52402
2.52402
2.52402
2.52402
2.52402
2.52403
2.52403
2.52403
2.52394
2.52394
2.52394
2.52394
2.52394
2.52346
2.52346
2.52346
2.52371
2.52371
2.52392
2.5239
2.5239
2.5239
2.5239
2.52372
2.52365
2.52379
2.52375
2.52375
2.52375
2.52338
2.52338
2.52374
2.52378
2.52378
2.52378
2.52378
2.52378
2.52378
2.52391
2.52391
2.52391
2.52398
2.52398
2.52398
2.52397
2.52397
2.52397
2.52125
2.52125
2.52328
2.52328
2.52239
2.52239
2.52239
2.5236
2.5236
2.5236
2.52381
2.52331
2.5237
2.5237
2.5237
2.52364
2.52364
2.52364
2.52364
2.52364
2.52364
2.52387
2.52387
2.5239
2.5239
2.5239
2.5239
2.5239
2.5239
2.52399
2.52399
2.52399
2.52399
2.52399
2.52401
2.52369
2.52383
2.52383
2.52383
2.52383
2.52383
2.52358
2.52358
2.52369
2.52369
2.52328
2.52346
2.52346
2.52346
2.52346
2.5236
2.52389
2.52389
2.52362
2.52362
2.52389
2.52397
2.52397
2.52397
2.52397
2.52393
2.52397
2.52397
2.52397
2.52398
2.52398
2.52398
2.52399
2.52399
2.52399
2.52399
2.52399
2.52402
2.52402
2.52402
2.52402
2.52398
2.52392
2.52368
2.52368
2.52389
2.52389
2.52389
2.52389
2.5239
2.52397
2.52397
2.52393
2.52393
2.52401
2.52401
2.52398
2.52398
2.52398
2.52398
2.52392
2.52392
2.52392
2.52398
2.52398
2.52398
2.52398
2.52398
2.52398
2.52398
2.52398
2.52402
2.52402
2.52386
2.52393
2.52395
2.52394
2.52394
2.52398
2.52402
2.52402
2.52399
2.52399
2.52399
2.52399
2.52399
2.52398
2.5239
2.5239
2.5239
2.5239
2.52393
2.52393
2.52393
2.52401
2.52401
2.52401
2.52401
2.52401
2.52401
2.52401
2.52401
2.52401
2.52401
2.52401
2.52403
2.52403
2.52403
2.52404
2.52404
2.52401
2.52401
2.52403
2.52402
2.52402
2.52402
2.52402
2.52402
2.52402
2.52402
2.524
2.52402
2.52402
2.52402
2.52402
2.52403
2.52404
2.52404
2.52402
2.52402
2.52402
2.52402
2.52402
2.52403
2.52404
2.52404
2.52404
2.52404
2.52404
2.52403
2.52403
2.52403
2.52403
2.52403
2.52403
2.52403
2.52404
2.52404
2.52404
2.52404
2.52404
2.52404
2.52404
2.52404
2.52403
2.52403
2.52403
2.52403
2.52404
2.52404
2.52404
2.52404
2.52397
2.52396
2.52396
2.52396
2.52396
2.52396
2.52396
2.52394
2.52394
2.52394
2.52394
2.52399
2.52399
2.52399
2.52399
2.52399
2.52399
2.52399
2.52399
2.52399
2.52399
2.52399
2.52402
2.52401
2.52403
2.52403
2.52404
2.52404
2.52404
2.52404
2.52404
2.52404
2.52404
2.52404
2.52403
2.52403
2.52403
2.52404
2.52404
2.52404
2.52404
2.52403
2.52403
2.52401
2.52401
2.52396
2.52396
2.52395
2.524
2.524
2.52401
2.52402
2.52403
2.52403
2.52403
2.52403
2.52404
2.52404
2.52404
2.52404
2.52404
2.52404
2.52404
2.52401
2.52401
2.52397
2.52397
2.52397
2.52403
2.52403
2.52403
2.52403
2.52403
2.52404
2.52404
2.52403
2.52403
2.52403
2.52403
2.52404
2.52404
2.52404
2.52404
2.52404
2.52404
2.52404
2.52404
2.52404
2.52404
2.52404
2.52404
2.52404
2.52404
2.52404
2.52404
2.52404
2.52404
2.52404
2.52403
2.52403
2.52404
2.52402
2.52402
2.52402
2.52403
2.52403
2.52403
2.52403
2.52403
2.52403
2.52403
2.52403
2.52403
2.52403
2.52403
2.52403
2.52402
2.52402
2.52402
2.52402
2.52403
2.52403
2.52403
2.52403
2.52403
2.52403
2.52404
2.52403
2.52403
2.52404
2.52404
2.52404
2.52404
2.52404
2.52404
2.52403
2.52403
2.52404
2.52404
2.52404
2.52404
2.52404
2.52403
2.52403
2.52403
2.52403
2.52403
2.52403
2.52403
2.52403
2.52403
2.52403
2.52403
2.52404
2.52404
2.52404
2.52404
2.52403
2.52403
2.52403
2.52403
2.52403
2.52404
2.52403
2.52403
2.52404
2.52404
2.52404
2.52404
2.52404
2.52404
2.52404
2.52404
2.52404
2.52404
2.52404
2.52404
2.52404
2.52404
2.52404
2.52404
2.52404
2.52404
2.52404
2.52404
2.52404
2.52404
2.52404
2.52404
2.52404
2.52404
2.52404
2.52404
2.52404
2.52404
2.52404
2.52404
2.52404
2.52404
2.52404
2.52404
2.52404
2.52404
2.52404
2.52404
2.52404
2.52404
2.52404
2.52404
2.52404
2.52404
2.52404
2.52404
2.52404
2.52404
2.52404
2.52404
2.52404
2.52404
2.52404
2.52404
2.52404
2.52404
2.52404
2.52404
2.52404
2.52404
2.52404
2.52404
2.52404
2.52404
2.52404
2.52404
2.52404
2.52404
2.52404
2.52404
2.52404
2.52404
2.52404
2.52404
2.52404
2.52404
2.52404
2.52404
2.52404
2.52404
2.52404
2.52404
2.52404
2.52404
2.52404
2.52404
2.52404
2.52404
2.52404
2.52404
2.52404
2.52404
2.52404
2.52404
2.52404
2.52404
2.52404
2.52404
2.52404
2.52404
2.52404
2.52404
2.52404
2.52404
2.52404
2.52404
2.52404
2.52404
2.52404
2.52404
2.52404
2.52404
2.52404
2.52404
2.52404
2.52404
2.52404
2.52404
2.52404
2.52404
2.52404
2.52404
2.52404
2.52404
2.52404
2.52404
2.52404
2.52404
2.52404
2.52404
2.52404
2.52404
2.52404
2.52404
2.52404
2.52404
2.52404
2.52404
2.52404
2.52404
2.52404
2.52404
2.52404
2.52404
2.52404
2.52404
2.52404
2.52404
2.52404
2.52404
2.52404
2.52404
2.52404
2.52404
2.52404
2.52404
2.52404
2.52404
2.52404
2.52404
2.52404
2.52404
2.52404
2.52404
2.52404
2.52404
2.52404
2.52404
2.52404
2.52404
2.52404
2.52404
2.52404
2.52404
2.52404
2.52404
2.52404
2.52404
2.52404
2.52404
2.52404
2.52404
2.52404
2.52404
2.52404
2.52404
2.52404
2.52404
2.52404
2.52404
2.52404
2.52404
2.52404
2.52404
2.52404
2.52404
2.52404
2.52404
2.52404
2.52404
2.52404
2.52404
2.52404
2.52404
2.52404
2.52404
2.52404
2.52404
2.52404
2.52404
2.52404
2.52404
2.52404
2.52404
2.52404
2.52404
2.52404
2.52404
2.52404
2.52404
2.52404
2.52404
2.52404
2.52404
2.52404
2.52404
2.52404
2.52404
2.52404
2.52404
2.52404
2.52404
2.52404
2.52404
2.52404
2.52404
2.52404
2.52404
2.52404
2.52404
2.52404
2.52404
2.52404
2.52404
2.52404
2.52404
2.52404
2.52404
2.52404
2.52404
2.52404
2.52404
2.52404
2.52404
2.52404
2.52404
2.52404
2.52404
2.52404
2.52404
2.52404
2.52404
2.52404
2.52404
2.52404
2.52404
2.52404
2.52404
2.52404
2.52404
2.52404
2.52404
2.52404
2.52404
2.52404
2.52404
2.52404
2.52404
2.52404
2.52404
2.52404
2.52404
2.52404
2.52404
2.52404
2.52404
2.52404
2.52404
2.52404
2.52404
2.52404
2.52404
2.52404
2.52404
2.52404
2.52404
2.52404
2.52404
2.52404
2.52404
2.52404
2.52404
2.52404
2.52404
2.52404
2.52404
2.52404
2.52404
2.52404
2.52404
2.52404
2.52404
2.52404
2.52404
2.52404
2.52404
2.52404
2.52404
2.52404
2.52404
2.52404
2.52404
2.52404
2.52404
2.52404
2.52404
2.52404
2.52404
2.52404
2.52404
2.52404
2.52404
2.52404
2.52404
2.52404
2.52404
2.52404
2.52404
2.52404
2.52404
2.52404
2.52404
2.52404
2.52404
2.52404
2.52404
2.52404
2.52404
2.52404
2.52404
2.52404
2.52404
2.52404
2.52404
2.52404
2.52404
2.52404
2.52404
2.52404
2.52404
2.52404
2.52404
2.52404
2.52404
2.52404
2.52404
2.52404
2.52404
2.52404
2.52404
2.52404
2.52404
2.52404
2.52404
2.52404
2.52404
2.52404
2.52404
2.52404
2.52404
2.52404
2.52404
2.52404
2.52404
2.52404
2.52404
2.52404
2.52404
2.52404
2.52404
2.52404
2.52404
2.52404
2.52404
2.52404
2.52404
2.52404
2.52404
2.52404
2.52404
2.52404
2.52404
2.52404
2.52404
2.52404
2.52404
2.52404
2.52404
2.52404
2.52404
2.52404
2.52404
2.52404
2.52404
2.52404
2.52404
2.52404
2.52404
2.52404
2.52404
2.52404
2.52404
2.52404
2.52404
2.52404
2.52404
2.52404
2.52404
2.52404
2.52404
2.52404
2.52404
2.52404
2.52404
2.52404
2.52404
2.52404
2.52404
2.52404
2.52404
2.52404
2.52404
2.52404
2.52404
2.52404
2.52404
2.52404
2.52404
2.52404
2.52404
2.52404
2.52404
2.52404
2.52404
2.52404
2.52404
2.52404
2.52404
2.52404
2.52404
2.52404
2.52404
2.52404
2.52404
2.52404
2.52404
2.52404
2.52404
2.52404
2.52404
2.52404
2.52404
2.52404
2.52404
2.52404
2.52404
2.52404
2.52404
2.52404
2.52404
2.52404
2.52404
2.52404
2.52404
2.52404
2.52404
2.52404
2.52404
2.52404
2.52404
2.52404
2.52404
2.52404
2.52404
2.52404
2.52404
2.52404
2.52404
2.52404
2.52404
2.52404
2.52404
2.52404
2.52404
2.52404
2.52404
2.52404
2.52404
2.52404
2.52404
2.52404
2.52404
2.52404
2.52404
2.52404
2.52404
2.52404
2.52404
2.52404
2.52404
2.52404
2.52404
2.52404
2.52404
2.52404
2.52404
2.52404
2.52404
2.52404
2.52404
2.52404
2.52404
2.52404
2.52404
2.52404
2.52404
2.52404
2.52404
2.52404
2.52404
2.52404
2.52404
2.52404
2.52404
2.52404
2.52404
2.52404
2.52404
2.52404
2.52404
2.52404
2.52404
2.52404
2.52404
2.52404
2.52404
2.52404
2.52404
2.52404
2.52404
2.52404
2.52404
2.52404
2.52404
2.52404
2.52404
2.52404
2.52404
2.52404
2.52404
2.52404
2.52404
2.52404
2.52404
2.52404
2.52404
2.52404
2.52404
2.52404
2.52404
2.52404
2.52404
2.52404
2.52404
2.52404
2.52404
2.52404
2.52404
2.52404
2.52404
2.52404
2.52404
2.52404
2.52404
2.52404
2.52404
2.52404
2.52404
2.52404
2.52404
2.52404
2.52404
2.52404
2.52404
2.52404
2.52404
2.52404
2.52404
2.52404
2.52404
2.52404
2.52404
2.52404
2.52404
2.52404
2.52404
2.52404
2.52404
2.52404
2.52404
2.52404
2.52404
2.52404
2.52404
2.52404
2.52404
2.52404
2.52404
2.52404
2.52404
2.52404
2.52404
2.52404
2.52404
2.52404
2.52404
2.52404
2.52404
2.52404
2.52404
2.52404
2.52404
2.52404
2.52404
2.52404
2.52404
2.52404
2.52404
2.52404
2.52404
2.52404
2.52404
2.52404
2.52404
2.52404
2.52404
2.52404
2.52404
2.52404
2.52404
2.52404
2.52404
2.52404
2.52404
2.52404
2.52404
2.52404
2.52404
2.52404
2.52404
2.52404
2.52404
2.52404
2.52404
2.52404
2.52404
2.52404
2.52404
2.52404
2.52404
2.52404
2.52404
2.52404
2.52404
2.52404
2.52404
2.52404
2.52404
2.52404
2.52404
2.52404
2.52404
2.52404
2.52404
2.52404
2.52404
2.52404
2.52404
2.52404
2.52404
2.52404
2.52404
2.52404
2.52404
2.52404
2.52404
2.52404
2.52404
2.52404
2.52404
2.52404
2.52404
2.52404
2.52404
2.52404
2.52404
2.52404
2.52404
2.52404
2.52404
2.52404
2.52404
2.52404
2.52404
2.52404
2.52404
2.52404
2.52404
2.52404
2.52404
2.52404
2.52404
2.52404
2.52404
2.52404
2.52404
2.52404
2.52404
2.52404
2.52404
2.52404
2.52404
2.52404
2.52404
2.52404
2.52404
2.52404
2.52404
2.52404
2.52404
2.52404
2.52404
2.52404
2.52404
2.52404
2.52404
2.52404
2.52404
2.52404
2.52404
2.52404
2.52404
2.52404
2.52404
2.52404
2.52404
2.52404
2.52404
2.52404
2.52404
2.52404
2.52404
2.52404
2.52404
2.52404
2.52404
2.52404
2.52404
2.52404
2.52404
2.52404
2.52404
2.52404
2.52404
2.52404
2.52404
2.52404
2.52404
2.52404
2.52404
2.52404
2.52404
2.52404
2.52404
2.52404
2.52404
2.52404
2.52404
2.52404
2.52404
2.52404
2.52404
2.52404
2.52404
2.52404
2.52404
2.52404
2.52404
2.52404
2.52404
2.52404
2.52404
2.52404
2.52404
2.52404
2.52404
2.52404
2.52404
2.52404
2.52404
2.52404
2.52404
2.52404
2.52404
2.52404
2.52404
2.52404
2.52404
2.52404
2.52404
2.52404
2.52404
2.52404
2.52404
2.52404
2.52404
2.52404
2.52404
2.52404
2.52404
2.52404
2.52404
2.52404
2.52404
2.52404
2.52404
2.52404
2.52404
2.52404
2.52404
2.52404
2.52404
2.52404
2.52404
2.52404
2.52404
2.52404
2.52404
2.52404
2.52404
2.52404
2.52404
2.52404
2.52404
2.52404
2.52404
2.52404
2.52404
2.52404
2.52404
2.52404
2.52404
2.52404
2.52404
2.52404
2.52404
2.52404
2.52404
2.52404
2.52404
2.52404
2.52404
2.52404
2.52404
2.52404
2.52404
2.52404
2.52404
2.52404
2.52404
2.52404
2.52404
2.52404
2.52404
2.52404
2.52404
2.52404
2.52404
2.52404
2.52404
2.52404
2.52404
2.52404
2.52404
2.52404
2.52404
2.52404
2.52404
2.52404
2.52404
2.52404
2.52404
2.52404
2.52404
2.52404
2.52404
2.52404
2.52404
2.52404
2.52404
2.52404
2.52404
2.52404
2.52404
2.52404
2.52404
2.52404
2.52404
2.52404
2.52404
2.52404
2.52404
2.52404
2.52404
2.52404
2.52404
2.52404
2.52404
2.52404
2.52404
2.52404
2.52404
2.52404
2.52404
2.52404
2.52404
2.52404
2.52404
2.52404
2.52404
2.52404
2.52404
2.52404
2.52404
2.52404
2.52404
2.52404
2.52404
2.52404
2.52404
2.52404
2.52404
2.52404
2.52404
2.52404
2.52404
2.52404
2.52404
2.52404
2.52404
2.52404
2.52404
2.52404
2.52404
2.52404
2.52404
2.52404
2.52404
2.52404
2.52404
2.52404
2.52404
2.52404
2.52404
2.52404
2.52404
2.52404
2.52404
2.52404
2.52404
2.52404
2.52404
2.52404
2.52404
2.52404
2.52404
2.52404
2.52404
2.52404
2.52404
2.52404
2.52404
2.52404
2.52404
2.52404
2.52404
2.52404
2.52404
2.52404
2.52404
2.52404
2.52404
2.52404
2.52404
2.52404
2.52404
2.52404
2.52404
2.52404
2.52404
2.52404
2.52404
2.52404
2.52404
2.52404
2.52404
2.52404
2.52404
2.52404
2.52404
2.52404
2.52404
2.52404
2.52404
2.52404
2.52404
2.52404
2.52404
2.52404
2.52404
2.52404
2.52404
2.52404
2.52404
2.52404
2.52404
2.52404
2.52404
2.52404
2.52404
2.52404
2.52404
2.52404
2.52404
2.52404
2.52404
2.52404
2.52404
2.52404
2.52404
2.52404
2.52404
2.52404
2.52404
2.52404
2.52404
2.52404
2.52404
2.52404
2.52404
2.52404
2.52404
2.52404
2.52404
2.52404
2.52404
2.52404
2.52404
2.52404
2.52404
2.52404
2.52404
2.52404
2.52404
2.52404
2.52404
2.52404
2.52404
2.52404
2.52404
2.52404
2.52404
2.52404
2.52404
2.52404
2.52404
2.52404
2.52404
2.52404
2.52404
2.52404
2.52404
2.52404
2.52404
2.52404
2.52404
2.52404
2.52404
2.52404
2.52404
2.52404
2.52404
2.52404
2.52404
2.52404
2.52404
2.52404
2.52404
2.52404
2.52404
2.52404
2.52404
2.52404
2.52404
2.52404
2.52404
2.52404
2.52404
2.52404
2.52404
2.52404
2.52404
2.52404
2.52404
2.52404
2.52404
2.52404
2.52404
2.52404
2.52404
2.52404


0.0148449
0.0470953
0.0578868
0.0408832
0.0350277
0.0498497
0.0532666
0.052097
0.0460302
0.0474675
0.0614122
0.0487273
0.0497213
0.0506471
0.0522206
0.0712932
0.0477636
0.0494642
0.0516208
0.0558748
0.0505354
0.0454324
0.0476775
0.0536627
0.0523104
0.032394
0.0354681
0.124868
0.0577315
-0.743225

0.021

