20.2731
20.2731
19.8984
19.6449
19.6449
19.6449
18.5816
18.5816
18.5816
18.0738
18.0738
17.1331
16.3466
16.3216
16.3216
16.3216
16.3216
15.5875
15.5875
15.5875
15.5624
15.5624
15.5624
15.5624
15.5624
15.5624
15.5624
15.3869
15.3869
15.3869
14.9463
14.9463
14.9463
14.9463
14.9463
14.9463
14.1734
14.1734
14.1734
13.7511
13.7511
13.7511
13.7511
13.7511
13.7511
13.7511
13.7511
13.7511
13.7511
13.7511
13.7511
13.7511
13.498
13.498
13.498
13.498
13.498
13.498
13.498
13.498
13.498
13.498
13.3102
13.3102
13.3102
13.3102
13.3102
13.3102
13.3102
13.3102
13.3102
13.3076
13.3076
13.3076
13.3076
13.3076
13.3076
13.3076
13.3076
13.3076
13.3076
13.3076
13.3076
13.3076
13.3076
13.3076
13.3076
13.3076
13.3076
13.3076
13.3076
13.3076
13.3076
13.3076
13.3076
13.3076
13.2887
13.2887
13.2887
13.2887
13.2887
13.2887
13.283
12.8438
12.8438
12.8438
12.8438
12.8438
12.7667
12.7667
12.7667
12.7667
12.7667
12.7667
12.6327
12.6327
12.6327
12.6327
12.6327
12.6327
12.6327
12.6327
12.6327
12.6327
12.6327
12.6327
12.6327
12.6327
12.6327
12.549
12.549
12.549
12.549
12.549
12.549
12.549
12.549
12.549
12.5207
12.5207
12.5207
12.5207
12.5207
12.5207
12.5207
12.5207
12.5207
12.5207
12.5207
12.5207
12.5207
12.5207
12.5207
12.5207
12.5207
12.5207
12.4696
12.4696
12.4696
12.4696
12.4696
12.4696
12.4618
12.4618
12.4618
12.4618
12.4618
12.4618
12.4618
12.4618
12.4618
12.4618
12.4618
12.4618
12.4618
12.4618
12.4618
12.4618
12.4618
12.4618
12.4618
12.4618
12.4618
12.3343
12.3343
12.3343
12.3343
12.3343
12.3238
12.3238
12.3238
12.3238
12.3238
12.3238
12.3238
12.2944
12.2944
12.2944
12.2944
12.2944
12.2944
12.2944
12.2944
12.2944
12.2944
12.2944
12.2944
12.2944
12.2944
12.2944
12.1477
12.1477
12.1477
12.1477
12.1477
12.1477
12.1477
12.1477
12.1477
12.1477
12.1477
12.1477
12.1477
12.1477
12.1477
12.0679
12.0679
12.0679
12.0679
12.0679
12.0679
12.0679
12.0679
12.0679
12.0518
12.0518
12.0518
12.0518
12.0518
12.0518
11.6337
11.6337
11.6337
11.6264
11.155
11.155
11.155
11.0558
11.0558
11.0558
11.0558
11.0558
11.0558
11.0558
11.0558
11.0558
11.0558
11.0558
11.0558
11.0558
11.0253
11.0253
10.8181
10.8181
10.8181
10.8181
10.8181
10.8181
10.8181
10.8181
10.8181
10.8181
10.8181
10.8181
10.8181
10.8181
9.75346
9.75346
9.75346
9.75346
9.75346
9.75346
9.75346
9.75346
9.75346
9.67054
9.67054
9.61128
9.61128
9.61128
9.61128
9.61128
9.61128
9.61128
9.61128
9.61128
9.61128
9.61128
9.61128
9.61128
9.61128
9.61128
9.61128
9.61128
9.61128
9.61128
9.60224
9.60224
9.60224
9.38949
9.38949
9.38949
9.38949
9.38949
9.38949
9.38949
9.38949
9.33761
9.33761
9.33761
9.33761
9.33761
9.33761
9.33761
9.33761
9.33761
9.33761
9.33761
9.33761
9.33761
9.33761
9.16315
9.16315
9.16315
9.16315
9.16315
9.16315
9.16315
9.16315
9.16315
9.10702
9.10702
9.10702
9.10702
9.10702
9.10702
9.10702
9.10702
9.10702
9.10702
9.10702
9.10702
9.10702
9.10702
9.10702
9.10702
9.10702
8.91979
8.91979
8.91979
8.91979
8.91979
8.91979
8.91979
8.91979
8.91979
8.91979
8.91979
8.91979
8.91979
8.91979
8.91979
8.91979
8.91979
8.91979
8.91979
8.91979
8.91979
8.91979
8.91979
8.91979
8.91979
8.91979
8.91979
8.91979
8.91979
8.91979
8.84243
8.84243
8.84243
8.84243
8.79834
8.79834
8.79834
8.79834
8.79834
8.79834
8.79834
8.79834
8.79834
8.79834
8.79834
8.79834
8.79834
8.79834
8.79834
8.72898
8.69816
8.69816
8.69816
8.69816
8.69816
8.69816
8.69816
8.69816
8.69816
8.69816
8.69816
8.69816
8.69816
8.69816
8.69816
8.69816
8.69816
8.69816
8.69816
8.69816
8.65027
8.65027
8.65027
8.65027
8.65027
8.65027
8.65027
8.65027
8.65027
8.65027
8.65027
8.65027
8.65027
8.65027
8.65027
8.65027
8.65027
8.34506
8.34506
8.34506
8.34506
8.34506
8.34506
8.34506
8.34506
8.34506
8.34506
8.34506
8.34506
8.34506
8.34506
8.34506
8.34506
8.34506
8.34506
8.34506
8.34506
8.34506
8.34506
8.34506
8.34506
8.34506
8.34506
8.34506
8.34506
8.34506
8.34506
8.34506
8.34506
8.34506
8.34506
8.34506
8.04296
8.04296
8.04296
8.04296
8.04296
8.04296
8.04296
8.04296
8.04296
8.04296
8.04296
8.02981
8.02981
8.02981
8.02981
8.02981
8.02981
8.02981
8.02981
8.02981
8.02981
8.02981
8.02981
8.02981
8.02981
8.02981
8.02981
8.02981
7.98416
7.98416
7.90922
7.90922
7.90922
7.90922
7.90922
7.90922
7.90922
7.90922
7.90922
7.90922
7.90922
7.90922
7.90922
7.90922
7.90922
7.90922
7.90922
7.90922
7.90922
7.90922
7.90922
7.90922
7.90922
7.90767
7.90767
7.90767
7.90767
7.90767
7.90767
7.90767
7.90767
7.90767
7.90767
7.90767
7.88167
7.88167
7.88167
7.88167
7.88167
7.88167
7.88167
7.88167
7.88167
7.88167
7.88167
7.88167
7.88167
7.88167
7.88167
7.88167
7.88167
7.88167
7.88167
7.88167
7.88167
7.88167
7.88167
7.88167
7.84348
7.84348
7.84348
7.84348
7.84348
7.84348
7.84348
7.84348
7.84348
7.84348
7.84348
7.84348
7.84348
7.84348
7.84348
7.84348
7.84348
7.8397
7.83135
7.29719
7.26642
7.26642
7.26642
7.26642
7.26642
7.26642
7.26642
7.26642
7.26642
7.26642
7.26642
7.26642
7.26642
7.26642
7.26642
7.26642
7.26642
7.26642
7.26642
7.26642
7.26642
7.26642
7.26642
7.26642
7.26642
7.26642
7.26642
7.26642
7.26642
7.26642
7.26642
7.26642
7.26642
7.26642
7.26642
7.26642
7.26642
7.26642
7.26642
7.26642
7.26642
7.26642
7.26642
7.26642
7.26642
7.26642
7.26642
7.26642
7.26642
7.26642
7.26642
7.26642
7.26642
7.26642
7.26642
7.26642
7.26642
7.26642
7.26642
7.26642
7.26642
7.26642
7.26642
7.26642
7.26642
7.26642
7.26642
7.26642
7.26642
7.26642
7.26642
7.26642
7.26642
7.26642
7.26642
7.26642
7.26642
7.26642
7.26642
7.26642
7.26642
7.26642
7.26642
7.26642
7.26642
7.26642
7.26642
7.02602
7.02602
7.02602
7.02602
7.02602
7.02602
7.02602
7.02602
7.02602
7.02602
6.89527
6.89527
6.89527
6.89527
6.89527
6.89527
6.89527
6.89527
6.89527
6.89527
6.89527
6.89527
6.89527
6.89527
6.89527
6.89527
6.89527
6.89527
6.89527
6.89527
6.89527
6.89527
6.89527
6.87266
6.87266
6.87266
6.87266
6.87266
6.87266
6.87266
6.87266
6.87266
6.87266
6.87266
6.87266
6.87266
6.87266
6.87266
6.87266
6.87266
6.87266
6.87266
6.87266
6.87266
6.87266
6.87266
6.87266
6.87266
6.87266
6.87266
6.87266
6.87266
6.87266
6.87266
6.87266
6.87266
6.87266
6.87266
6.87266
6.87266
6.87266
6.87266
6.87266
6.87266
6.87266
6.87266
6.87266
6.87266
6.87266
6.87266
6.87266
6.87266
6.87266
6.87266
6.87266
6.87266
6.87266
6.87266
6.87266
6.87266
6.87266
6.87266
6.87266
6.87266
6.87266
6.87266
6.87266
6.87266
6.87266
6.87266
6.87266
6.87266
6.87266
6.87266
6.85518
6.85518
6.85518
6.85518
6.85518
6.85518
6.85518
6.85518
6.85518
6.85518
6.85518
6.85518
6.85518
6.85518
6.85518
6.85518
6.85518
6.85518
6.85518
6.85518
6.85518
6.85518
6.85518
6.85518
6.85518
6.85518
6.85518
6.85518
6.85518
6.85518
6.85518
6.85518
6.85518
6.85518
6.85518
6.85518
6.85518
6.85518
6.85518
6.85518
6.85518
6.85518
6.85518
6.85518
6.85518
6.85518
6.85518
6.85518
6.85518
6.85518
6.85518
6.85518
6.85518
6.85518
6.85518
6.85518
6.85518
6.85518
6.82559
6.82559
6.82559
6.82559
6.76413
6.76413
6.76413
6.57707
6.57707
6.57707
6.57707
6.57707
6.57707
6.57707
6.57707
6.57707
6.57707
6.57707
6.57707
6.57707
6.57707
6.57707
6.57707
6.57707
6.57707
6.56904
6.56904
6.56904
6.56904
6.56904
6.56904
6.56904
6.56904
6.56904
6.56904
6.56904
6.56904
6.56904
6.56904
6.56904
6.56904
6.56904
6.56904
6.52099
6.50037
6.50037
6.50037
6.50037
6.50037
6.50037
6.50037
6.50037
6.50037
6.50037
6.50037
6.50037
6.50037
6.50037
6.41168
6.41168
6.41168
6.41168
6.41168
6.41168
6.41168
6.34054
6.34054
6.34054
6.34054
6.34054
6.34054
6.34054
6.34054
6.34054
6.34054
6.34054
6.34054
6.34054
6.34054
6.34054
6.34054
6.34054
6.34054
6.34054
6.34054
6.34054
6.33627
6.33627
6.33627
6.33627
6.33627
6.33627
6.33627
6.33627
6.33627
6.33627
6.33627
6.33627
6.33627
6.33627
6.33627
6.33627
6.33627
6.33627
6.33627
6.33627
6.33627
6.33627
6.33627
6.33627
6.33627
6.33627
6.33627
6.33627
6.33627
6.33627
6.33627
6.33627
6.33627
6.33627
6.33627
6.33627
6.33627
6.33627
6.33627
6.33252
6.32997
6.32997
6.32997
6.32997
6.32997
6.32997
6.32997
6.32997
6.32997
6.32997
6.32997
6.32997
6.32997
6.32997
6.32997
6.32997
6.32997
6.32997
6.32997
6.32997
6.32997
6.32997
6.32997
6.32997
6.32997
6.32997
6.32997
6.24592
6.24592
6.24592
6.24592
6.24592
6.24592
6.20901
6.20901
6.20901
6.20901
6.20901
6.20901
6.20901
6.20901
6.20901
6.20901
6.20901
6.20901
6.20901
6.20901
6.20901
6.20901
6.20901
6.20901
6.20901
6.20901
6.20901
6.20901
6.20901
6.20901
6.20901
6.19916
6.19916
6.19916
6.19916
6.19916
6.19916
6.19916
6.19916
6.19916
6.19916
6.19916
6.19916
6.19916
6.19916
6.19916
6.19916
6.19916
6.19916
6.19916
6.19916
6.19916
6.19916
6.19916
6.19916
6.19916
6.19916
6.19916
6.19916
6.19916
6.19916
6.19916
6.19916
6.19916
6.19916
6.19916
6.19916
6.19916
6.19916
6.19916
6.19916
6.19916
6.19916
6.19916
6.19916
6.13439
6.01447
6.01447
6.01447
6.01447
6.01447
6.01447
6.01447
6.01447
6.01447
6.01447
6.01447
6.01447
6.01447
6.01447
6.01447
6.01447
6.01447
6.01447
6.01447
6.01447
6.01447
6.01447
6.01447
6.01447
6.01447
6.01447
6.01447
6.01447
6.01447
6.01447
6.01447
6.01447
6.01447
6.01447
6.01447
6.01447
6.01447
6.01447
6.01447
6.01447
6.01447
6.01447
6.01447
6.01447
6.01447
6.01447
6.01447
6.01447
6.01447
6.01447
6.01447
6.01447
6.01447
6.01447
6.01447
6.01447
6.01447
6.01447
6.01447
6.01447
6.01447
6.01447
6.01447
6.01447
6.01447
6.01447
6.01447
6.01447
6.01447
6.01447
6.01447
6.01447
6.01447
6.01447
6.01447
6.01447
6.01447
6.01447
6.01447
6.01447
6.01447
6.01447
6.01447
6.01447
6.01447
6.01447
6.01447
6.01447
6.01447
6.01447
6.01447
6.01447
6.01447
6.01447
6.01447
6.01447
6.01447
6.01447
6.01447
6.01447
6.01447
6.01447
6.01447
6.01447
6.01447
6.01447
6.01447
6.01447
6.01447
6.01447
6.01447
6.01447
6.01447
6.01447
6.01447
6.01447
6.01447
6.01447
6.01447
6.01447
6.01447
6.01447
6.01447
5.96858
5.96858
5.96858
5.96858
5.96858
5.96858
5.96858
5.96858
5.96858
5.96858
5.96858
5.96858
5.96858
5.96858
5.96858
5.96858
5.96858
5.96858
5.96858
5.96858
5.96858
5.96858
5.96858
5.96858
5.89318
5.86921
5.86921
5.86921
5.86921
5.86921
5.86921
5.86921
5.86921
5.79501
5.79329
5.79048
5.79048
5.79048
5.79048
5.79048
5.79048
5.79048
5.79048
5.79048
5.79048
5.79048
5.79048
5.79048
5.79048
5.79048
5.79048
5.79048
5.79048
5.79048
5.79048
5.79048
5.79048
5.68366
5.68366
5.68366
5.68366
5.68366
5.68366
5.68366
5.68366
5.68366
5.68366
5.68366
5.68366
5.68366
5.68366
5.68366
5.68366
5.68366
5.68366
5.68366
5.68366
5.68366
5.68366
5.68366
5.68366
5.68366
5.68366
5.68366
5.68366
5.68366
5.68366
5.68366
5.68366
5.68366
5.68366
5.65198
5.65198
5.65198
5.65198
5.65198
5.65198
5.65198
5.65198
5.65198
5.65198
5.65198
5.65198
5.65198
5.65198
5.65198
5.65198
5.65198
5.65198
5.65198
5.65198
5.65198
5.65198
5.65198
5.65198
5.65198
5.65198
5.65198
5.65198
5.65198
5.54674
5.54674
5.54674
5.54674
5.54674
5.54674
5.54674
5.54674
5.53331
5.53331
5.53331
5.53331
5.53331
5.53331
5.53331
5.53331
5.53331
5.53331
5.53331
5.53331
5.43284
5.43284
5.43284
5.43284
5.43284
5.43284
5.43284
5.43284
5.43284
5.43284
5.43284
5.43284
5.43284
5.43284
5.43284
5.43284
5.43284
5.43284
5.43284
5.43284
5.43284
5.43284
5.43176
5.43176
5.36591
5.36591
5.36591
5.36591
5.36591
5.36591
5.36591
5.36591
5.36591
5.36591
5.36591
5.36591
5.36591
5.36591
5.36591
5.36591
5.35935
5.35935
5.35935
5.35935
5.35935
5.35935
5.35935
5.35935
5.35935
5.35935
5.35935
5.35935
5.35935
5.35935
5.35935
5.35935
5.35935
5.35935
5.35935
5.34982
5.18861
5.18861
5.18861
5.18861
5.18861
5.18861
5.18861
4.82532
4.82532
4.82532
4.82532
4.82532
4.82532
4.82532
4.82532
4.82532
4.82532
4.82532
4.81325
4.81325
4.81325
4.81325
4.81325
4.81325
4.81325
4.7451
4.7451
4.7451
4.7451
4.7451
4.7451
4.7451
4.7451
4.7451
4.7451
4.7451
4.7451
4.7451
4.7451
4.7451
4.7451
4.7451
4.7451
4.7451
4.7451
4.7451
4.7451
4.7451
4.7451
4.7451
4.7451
4.7451
4.7451
4.74171
4.74171
4.74171
4.74171
4.74171
4.73698
4.7293
4.7293
4.7293
4.7293
4.7293
4.7293
4.7293
4.7293
4.7293
4.7293
4.7293
4.7293
4.7293
4.7293
4.65914
4.5931
4.5931
4.5931
4.5931
4.5931
4.5814
4.49829
4.49829
4.49829
4.49829
4.49829
4.49829
4.49829
4.49829
4.49829
4.49829
4.49829
4.49829
4.49829
4.49829
4.49829
4.49829
4.49829
4.49829
4.49829
4.49829
4.49829
4.49829
4.49829
4.49829
4.49829
4.49829
4.49829
4.49829
4.49829
4.49829
4.49829
4.49829
4.49829
4.49829
4.49829
4.49829
4.49829
4.49829
4.49829
4.49829
4.49829
4.49829
4.49829
4.49829
4.49829
4.49829
4.49829
4.49829
4.49829
4.49829
4.49829
4.49829
4.49829
4.49829
4.49829
4.49829
4.49829
4.49829
4.49829
4.49829
4.49829
4.49829
4.49829
4.49829
4.49829
4.49829
4.49829
4.49829
4.49829
4.49829
4.49829
4.49829
4.49829
4.49829
4.49829
4.49829
4.49829
4.49829
4.49829
4.49829
4.49829
4.49829
4.49829
4.49829
4.49829
4.49829
4.49829
4.49829
4.49829
4.49829
4.49829
4.49829
4.49829
4.49829
4.49829
4.49829
4.49829
4.49829
4.49829
4.49829
4.49829
4.49829
4.49829
4.49829
4.49829
4.49829
4.49829
4.49829
4.49829
4.49829
4.49829
4.49829
4.49829
4.49829
4.49829
4.49829
4.49829
4.49829
4.49829
4.49829
4.49829
4.49829
4.49829
4.49829
4.49829
4.49829
4.49829
4.49829
4.49829
4.49829
4.49829
4.49829
4.49829
4.49829
4.49829
4.49829
4.49829
4.49829
4.49829
4.49829
4.49829
4.49829
4.49829
4.49829
4.49829
4.49829
4.49829
4.49829
4.49829
4.49829
4.49829
4.49829
4.49829
4.49829
4.49829
4.49829
4.49829
4.49829
4.49829
4.49829
4.49829
4.49829
4.49829
4.49829
4.49829
4.49829
4.49829
4.49829
4.49829
4.49829
4.49829
4.49829
4.49829
4.49829
4.49829
4.49829
4.49829
4.49829
4.49829
4.49829
4.49829
4.49829
4.49829
4.49829
4.49829
4.49829
4.49829
4.49829
4.49829
4.49829
4.49829
4.49829
4.49829
4.49829
4.49829
4.49829
4.49829
4.49829
4.49829
4.49829
4.49829
4.49829
4.49829
4.49829
4.49829
4.49829
4.49829
4.49829
4.49829
4.49829
4.49829
4.49829
4.49829
4.49829
4.49829
4.49829
4.49829
4.49829
4.49829
4.49829
4.49829
4.49829
4.49829
4.49829
4.49829
4.49829
4.49829
4.49829
4.49829
4.49829
4.49829
4.49829
4.49829
4.49829
4.49829
4.49829
4.49829
4.49829
4.49829
4.49829
4.49829
4.49829
4.49829
4.49829
4.49829
4.49829
4.49829
4.49829
4.49829
4.49829
4.49829
4.49829
4.49829
4.49829
4.49829
4.49829
4.49829
4.49829
4.49829
4.49829
4.49829
4.49829
4.49829
4.49829
4.49829
4.49829
4.49829
4.49829
4.49829
4.49829
4.49829
4.49829
4.49829
4.49829
4.49829
4.49829
4.49829
4.49829
4.49829
4.49829
4.49829
4.49829
4.49829
4.49829
4.49829
4.49829
4.49829
4.49829
4.49829
4.49829
4.49829
4.49829
4.49829
4.49829
4.49829
4.49829
4.49829
4.49829
4.49829
4.49829
4.49829
4.49829
4.49829
4.49829
4.49829
4.49829
4.49829
4.49829
4.49829
4.49829
4.49829
4.49829
4.49829
4.49829
4.49829
4.49829
4.49829
4.49829
4.49829
4.49829
4.49829
4.49829
4.49829
4.49829
4.49829
4.49829
4.49829
4.49829
4.49829
4.49829
4.49829
4.49829
4.49829
4.49829
4.49829
4.49829
4.49829
4.4764
4.4764
4.4764
4.4764
4.45208
4.45208
4.45208
4.45208
4.45208
4.45208
4.45208
4.45208
4.45208
4.45208
4.45208
4.45208
4.45208
4.45208
4.45208
4.45208
4.45208
4.45208
4.45208
4.45208
4.45208
4.45208
4.45208
4.45208
4.45208
4.45208
4.45208
4.45208
4.45208
4.45208
4.45208
4.45208
4.45208
4.45208
4.44508
4.44508
4.44508
4.44508
4.44508
4.44508
4.44508
4.44508
4.44508
4.30834
4.30834
4.30834
4.30834
4.30834
4.30834
4.30834
4.30834
4.30834
4.30834
4.30834
4.30834
4.30834
4.30834
4.30834
4.30834
4.30834
4.30834
4.30834
4.30834
4.30834
4.30834
4.30834
4.30834
4.30834
4.30834
4.30834
4.30834
4.30834
4.30834
4.30834
4.30834
4.30834
4.30834
4.30834
4.30834
4.30834
4.30834
4.30834
4.30834
4.30834
4.30834
4.30834
4.30834
4.30834
4.30834
4.30834
4.30834
4.30834
4.30834
4.30834
4.30834
4.30834
4.30834
4.30834
4.30834
4.30834
4.30834
4.30834
4.30834
4.30834
4.30834
4.30834
4.30834
4.30834
4.30834
4.30834
4.30834
4.30834
4.30834
4.30834
4.30834
4.30834
4.30834
4.30834
4.30834
4.30834
4.30834
4.30834
4.30834
4.30834
4.30834
4.30834
4.30834
4.30834
4.30834
4.30834
4.30834
4.30465
4.30465
4.30465
4.30465
4.30465
4.30465
4.30465
4.30465
4.30465
4.30465
4.30465
4.30465
4.30465
4.30465
4.30465
4.30465
4.30465
4.30465
4.30465
4.30465
4.30465
4.30465
4.30465
4.30465
4.30465
4.30465
4.30465
4.30465
4.30465
4.30465
4.30465
4.30465
4.30465
4.30465
4.30465
4.30465
4.30465
4.30465
4.30465
4.30465
4.30465
4.30465
4.30465
4.30465
4.30465
4.30465
4.30465
4.30465
4.30465
4.30465
4.30465
4.30465
4.30465
4.30465
4.30465
4.30465
4.30299
4.30299
3.79816
3.79816


1.00807
-1.77481
0.059896
0.899284
-0.978014
1.17113
-0.902194
-0.881698
-0.861587
0.094068
-0.155076
0.0408545
0.557496
-0.00259387
0.0941412
-0.115209
0.132396
-0.964838
-0.217566
-0.515061
-0.947724
-0.111411
-1.03563
-0.984847
0.250696
0.300551
1.05902
0.161127
-1.1243
1.14112

0.025

