0.909659
0.909659
0.909659
0.909659
0.909659
0.909659
0.909659
0.909659
0.909659
0.909659
0.877378
0.877378
0.877378
0.877378
0.877378
0.877378
0.877378
0.877378
0.877378
0.877378
0.877378
0.877378
0.877378
0.877378
0.877378
0.877378
0.877378
0.86661
0.86661
0.86661
0.86661
0.764608
0.764608
0.764608
0.764608
0.764608
0.764608
0.764608
0.502577
0.502577
0.502577
0.502577
0.502577
0.502577
0.502577
0.502577
0.502577
0.310807
0.310807
0.310807
0.310807
0.310807
0.310807
0.310807
0.310807
0.310807
0.310807
0.310807
0.310807
0.310807
0.310807
0.310807
0.0661118
0.0661118
0.0661118
0.0661118
0.0661118
0.0661118
0.0661118
0.0661118
0.0661118
0.0661118
0.0661118
0.0661118
0.0661118
0.0661118
0.0661118
0.0661118
0.0661118
0.0661118
0.0661118
0.0661118
0.0661118
0.0661118
0.0661118
0.0661118
0.0661118
0.0661118
0.0661118
0.0661118
0.0661118
0.0661118
0.0661118
0.0661118
0.0661118
0.0661118
0.0661118
0.0661118
0.0661118
0.0661118
0.0661118
0.0661118
0.0661118
0.0661118
0.0661118
0.0661118
0.0661118
0.0661118
0.0661118
0.0661118
0.0661118
0.0661118
0.0661118
0.0661118
0.0661118
0.0661118
0.0661118
0.0661118
0.0661118
0.0661118
0.0661118
0.0661118
0.0661118
0.0661118
0.0661118
0.0661118
0.0661118
0.0661118
0.0661118
0.0661118
0.0661118
0.0661118
0.0661118
0.0661118
0.0661118
0.0661118
0.0661118
0.0661118
0.0661118
0.0661118
0.0661118
0.0661118
0.0661118
0.0661118
0.0661118
0.0661118
0.0661118
0.0661118
0.0661118
0.0661118
0.0661118
0.0661118
0.0661118
0.0661118
0.0661118
0.0661118
0.0661118
0.0661118
0.0661118
0.0661118
0.0661118
0.0661118
0.0661118
0.0661118
0.0661118
0.0661118
0.0661118
0.0661118
0.0661118
0.0661118
0.0661118
0.0661118
0.0661118
0.0661118
0.0661118
0.0661118
0.0661118
0.0661118
0.0661118
0.0661118
0.0661118
0.0661118
0.0661118
0.0661118
0.0661118
0.0661118
0.0661118
0.0661118
0.0661118
0.0661118
0.0661118
0.0661118
0.0661118
0.0661118
0.0661118
0.0661118
0.0661118
0.0661118
0.0661118
0.0661118
0.0661118
0.0661118
0.0661118
0.0661118
0.0661118
0.0661118
0.0661118
0.0661118
0.0661118
0.0661118
0.0661118
0.0661118
0.0661118
0.0661118
0.0661118
0.0661118
0.0661118
0.0661118
0.0661118
0.0661118
0.0661118
0.0661118
0.0661118
0.0661118
0.0661118
0.0661118
0.0661118
0.0661118
0.0661118
0.0661118
0.0661118
0.0661118
0.0661118
0.0661118
0.0661118
0.0661118
0.0661118
0.0661118
0.0661118
0.0661118
0.0661118
0.0661118
0.0661118
0.0661118
0.0661118
0.0661118
0.0661118
0.0661118
0.0661118
0.0661118
0.0661118
0.0661118
0.0661118
0.0661118
0.0661118
0.0661118
0.0661118
0.0661118
0.0661118
0.0661118
0.0661118
0.0661118
0.0661118
0.0661118
0.0661118
0.0661118
0.0661118
0.0661118
0.0661118
0.0661118
0.0661118
0.0661118
0.0661118
0.0661118
0.0661118
0.0661118
0.0661118
0.0661118
0.0661118
0.0661118
0.0661118
0.0661118
0.0661118
0.0661118
0.0661118
0.0661118
0.0661118
0.0661118
0.0661118
0.0661118
0.0661118
0.0661118
0.0661118
0.0661118
0.0661118
0.0661118
0.0661118
0.0661118
0.0661118
0.0661118
0.0661118
0.0661118
0.0661118
0.0661118
0.0661118
0.0661118
0.0661118
0.0661118
0.0661118
0.0661118
0.0661118
0.0661118
0.0661118
0.0661118
0.0661118
0.0661118
0.0661118
0.0661118
0.0661118
0.0661118
0.0661118
0.0661118
0.0661118
0.0661118
0.0661118
0.0661118
0.0661118
0.0661118
0.0661118
0.0661118
0.0661118
0.0661118
0.0661118
0.0661118
0.0661118
0.0661118
0.0661118
0.0661118
0.0661118
0.0661118
0.0661118
0.0661118
0.0661118
0.0661118
0.0661118
0.0661118
0.0661118
0.0661118
0.0661118
0.0661118
0.0661118
0.0661118
0.0661118
0.0661118
0.0661118
0.0661118
0.0661118
0.0661118
0.0661118
0.0661118
0.0661118
0.0661118
0.0661118
0.0661118
0.0661118
0.0661118
0.0661118
0.0661118
0.0661118
0.0661118
0.0661118
0.0661118
0.0661118
0.0661118
0.0661118
0.0661118
0.0661118
0.0661118
0.0661118
0.0661118
0.0661118
0.0661118
0.0661118
0.0661118
0.0661118
0.0661118
0.0661118
0.0661118
0.0661118
0.0661118
0.0661118
0.0661118
0.0661118
0.0661118
0.0661118
0.0661118
0.0661118
0.0661118
0.0661118
0.0661118
0.0661118
0.0661118
0.0661118
0.0399865
0.0399865
0.0399865
0.0399865
0.0399865
0.0399865
0.0399865
0.0399865
0.0399865
0.0399865
0.0399865
0.0399865
0.0399865
0.0399865
0.0399865
0.0399865
0.0399865
0.0399865
0.0399865
0.0399865
0.0399865
0.0399865
0.0399865
0.0399865
0.0399865
0.0399865
0.0399865
0.0399865
0.0399865
0.0399865
0.0399865
0.0399865
0.0399865
0.0399865
0.0399865
0.0399865
0.0399865
0.0399865
0.0399865
0.0399865
0.0399865
0.0399865
0.0399865
0.0399865
0.0399865
0.0396521
0.0396521
0.0396521
0.0396521
0.0396521
0.0396521
0.0396521
0.0396521
0.0396521
0.0396521
0.0396521
0.0396521
0.0396521
0.0396521
0.0396521
0.0396521
0.0396521
0.0396521
0.0396521
0.0396521
0.0396521
0.0327836
0.0327836
0.0327836
0.0327836
0.0327836
0.0327836
0.0327836
0.0327836
0.0327836
0.0327836
0.0327836
0.0327836
0.0327836
0.0327836
0.0327836
0.0327836
0.0327836
0.0327836
0.0327836
0.0327836
0.0327836
0.0327836
0.0327836
0.0327836
0.0327836
0.0327836
0.0327836
0.0327836
0.0327836
0.0327836
0.0327836
0.0327836
0.0327836
0.0327836
0.0327836
0.0327836
0.0327836
0.0327836
0.0327836
0.0327836
0.0327836
0.0327836
0.0327836
0.0327836
0.0327836
0.0327836
0.0327836
0.0327836
0.0327836
0.0327836
0.0327836
0.0327836
0.0327836
0.0327836
0.0327836
0.0327836
0.0327836
0.0327836
0.0327836
0.0327836
0.0327836
0.0327836
0.0327836
0.0327836
0.0327836
0.0327836
0.0327836
0.0327836
0.0321395
0.0321395
0.0321395
0.0321395
0.0320244
0.0320244
0.0320244
0.0320244
0.0320244
0.0320244
0.0320244
0.0320244
0.0320244
0.0320244
0.0320244
0.0320244
0.0320244
0.0320244
0.0320244
0.030823
0.030823
0.030823
0.030823
0.030823
0.030823
0.030823
0.030823
0.0307687
0.0307687
0.0260684
0.0260684
0.0260684
0.0260684
0.0260684
0.0260684
0.0260684
0.0260684
0.0260684
0.0260684
0.0260684
0.0260684
0.0260684
0.0260684
0.0260684
0.0260684
0.0260684
0.0260684
0.0260684
0.0260684
0.0260684
0.0260684
0.0260684
0.0260684
0.0260684
0.0260684
0.0260684
0.0260684
0.0260684
0.0260684
0.0260684
0.0260684
0.0260684
0.0260684
0.0260684
0.0260684
0.0260684
0.0260684
0.0260684
0.0260684
0.0260684
0.0260684
0.0260684
0.0260684
0.0260684
0.0260684
0.0260684
0.0260684
0.0239047
0.0239047
0.0239047
0.0239047
0.0239047
0.0239047
0.0239047
0.0239047
0.0239047
0.0239047
0.0239047
0.0239047
0.0239047
0.0239047
0.0239047
0.0239047
0.0239047
0.0239047
0.0239047
0.0239047
0.0239047
0.0239047
0.0239047
0.0239047
0.0239047
0.0239047
0.0239047
0.0239047
0.0239047
0.0239047
0.0239047
0.0239047
0.0239047
0.0239047
0.0239047
0.0239047
0.0239047
0.0239047
0.0239047
0.0239047
0.0239047
0.0239047
0.0239047
0.0239047
0.0239047
0.0239047
0.0239047
0.0239047
0.0239047
0.0239047
0.0239047
0.0239047
0.0239047
0.0239047
0.0239047
0.0239047
0.0239047
0.0239047
0.0239047
0.0239047
0.0239047
0.0239047
0.0239047
0.0239047
0.0239047
0.0239047
0.0239047
0.0239047
0.0239047
0.0239047
0.0239047
0.0239047
0.0239047
0.0239047
0.0239047
0.0239047
0.0239047
0.0239047
0.0239047
0.0239047
0.0239047
0.0239047
0.0239047
0.0239047
0.0239047
0.0239047
0.0239047
0.0239047
0.0239047
0.0239047
0.0239047
0.0239047
0.0239047
0.0239047
0.0239047
0.0239047
0.0239047
0.0239047
0.0239047
0.0239047
0.0239047
0.0239047
0.0239047
0.0239047
0.0239047
0.0239047
0.0239047
0.0239047
0.0239047
0.0239047
0.0239047
0.0239047
0.0239047
0.0239047
0.0239047
0.0239047
0.0239047
0.0239047
0.0239047
0.0239047
0.0239047
0.0223862
0.0223862
0.0223862
0.0223862
0.0223862
0.0223862
0.0223862
0.0223862
0.0223862
0.0223862
0.0223862
0.0223862
0.0223862
0.0223862
0.0223862
0.0223862
0.0223862
0.0223862
0.0223862
0.0223862
0.0223862
0.0223862
0.0223862
0.0223862
0.0223862
0.0223862
0.0223862
0.0223862
0.0223862
0.0223862
0.0223862
0.0223862
0.0223862
0.0223862
0.0207084
0.0207084
0.0207084
0.0207084
0.0207084
0.0207084
0.0207084
0.0207084
0.0207084
0.0207084
0.0207084
0.0207084
0.0207084
0.0207084
0.0207084
0.0207084
0.0207084
0.0207084
0.0207084
0.0207084
0.0207084
0.0207084
0.0207084
0.0207084
0.0207084
0.0207084
0.0166727
0.0166727
0.0166727
0.0166727
0.0166727
0.0166727
0.0166727
0.0166727
0.0166727
0.0166727
0.0166727
0.0166727
0.0166727
0.0166727
0.0166727
0.0166727
0.0166727
0.0166727
0.0166727
0.0166727
0.0166727
0.0166727
0.0166727
0.0166727
0.0166727
0.0166727
0.0166727
0.0166727
0.0166727
0.0166727
0.0166727
0.0166727
0.0166727
0.0166727
0.0166727
0.0166727
0.0166727
0.0166727
0.0166727
0.0166727
0.0166727
0.0166727
0.0166727
0.0166727
0.0166727
0.0166727
0.0166727
0.0166727
0.0166727
0.0166727
0.0166727
0.0166727
0.0166727
0.0166727
0.0166727
0.0152545
0.0152545
0.0152545
0.0152545
0.0152545
0.0152545
0.0152545
0.0152545
0.0152545
0.0152545
0.0152545
0.0145752
0.0145752
0.0145752
0.0145752
0.0145752
0.0145752
0.0145752
0.0145752
0.0145752
0.0145752
0.0145752
0.0145752
0.0145752
0.0145752
0.0145752
0.0145752
0.0145752
0.0145752
0.0145752
0.0145752
0.0145752
0.0145752
0.0145752
0.0145752
0.0145752
0.0145752
0.0145752
0.0145752
0.0145752
0.0145752
0.0145752
0.0145752
0.0145752
0.0145752
0.0145752
0.0145752
0.0145752
0.0145752
0.0145752
0.0145752
0.0145752
0.0145752
0.0145752
0.0145752
0.0145752
0.0145752
0.0145752
0.0145752
0.0145752
0.0145752
0.0145752
0.0145752
0.0145752
0.0145752
0.0145752
0.0145752
0.0145752
0.0145752
0.0145752
0.0145752
0.0145752
0.0145752
0.0145752
0.0145752
0.0145752
0.0145752
0.0145752
0.0145752
0.0145752
0.0145752
0.0109857
0.0109857
0.0109857
0.0109857
0.0109857
0.0109857
0.0109857
0.0109857
0.0109857
0.0109857
0.0109857
0.0109857
0.0109857
0.0109857
0.0109857
0.0109857
0.0109857
0.0109857
0.0109857
0.0109857
0.0109857
0.0109857
0.0109857
0.0109857
0.0109857
0.0109857
0.0109857
0.0109857
0.0109857
0.0109857
0.0109857
0.0109857
0.0109857
0.0109857
0.0109857
0.0081913
0.0081913
0.0081913
0.0081913
0.0081913
0.0081913
0.0081913
0.0081913
0.0081913
0.0081913
0.0081913
0.0081913
0.0081913
0.0081913
0.0081913
0.0081913
0.0081913
0.0081913
0.0081913
0.0081913
0.0081913
0.0081913
0.0081913
0.0081913
0.0081913
0.0081913
0.0081913
0.0081913
0.0081913
0.0081913
0.0081913
0.0081913
0.0081913
0.0081913
0.0081913
0.0081913
0.0081913
0.0081913
0.0081913
0.0081913
0.0081913
0.0081913
0.0081913
0.0081913
0.0081913
0.0081913
0.0081913
0.0081913
0.0081913
0.0081913
0.0081913
0.0081913
0.0081913
0.0081913
0.0081913
0.0081913
0.0081913
0.0081913
0.0081913
0.0081913
0.0081913
0.0081913
0.0081913
0.0081913
0.0081913
0.0081913
0.0081913
0.0081913
0.0081913
0.0081913
0.0081913
0.0081913
0.0081913
0.0081913
0.0081913
0.0081913
0.0081913
0.0081913
0.0081913
0.00797249
0.00797249
0.00797249
0.00797249
0.00797249
0.00797249
0.00797249
0.00797249
0.00797249
0.00797249
0.00797249
0.00797249
0.00797249
0.00797249
0.00797249
0.00797249
0.00797249
0.00797249
0.00797249
0.00797249
0.00797249
0.00797249
0.00797249
0.00797249
0.00797249
0.00797249
0.00797249
0.00797249
0.00797249
0.00797249
0.00797249
0.00797249
0.00797249
0.00797249
0.00797249
0.00797249
0.00797249
0.00641346
0.00641346
0.00641346
0.00641346
0.00641346
0.00641346
0.00641346
0.00641346
0.00641346
0.00641346
0.00641346
0.00641346
0.00641346
0.00641346
0.00641346
0.00641346
0.00641346
0.00641346
0.00641346
0.00641346
0.00641346
0.00641346
0.00641346
0.00641346
0.00641346
0.00641346
0.00641346
0.00641346
0.00641346
0.00641346
0.00641346
0.00641346
0.00641346
0.00641346
0.00641346
0.00641346
0.00641346
0.00641346
0.00641346
0.00641346
0.00641346
0.00641346
0.00641346
0.00641346
0.00641346
0.00641212
0.00641212
0.00641212
0.00641212
0.00641212
0.00641212
0.00641212
0.00641212
0.00641212
0.00641212
0.00641212
0.00641212
0.00641212
0.00641212
0.00641212
0.00641212
0.00641212
0.00641212
0.00641212
0.00641212
0.00641212
0.00641212
0.00641212
0.00576678
0.00576678
0.00576678
0.00576678
0.00576678
0.00576678
0.00576678
0.00576678
0.00576678
0.00576678
0.00576678
0.00576678
0.00576678
0.00576678
0.00576678
0.00576678
0.00576678
0.00576678
0.00576225
0.00576225
0.00576225
0.00576225
0.00576225
0.00576225
0.00576225
0.00576225
0.00576225
0.00576225
0.00576225
0.00576225
0.00576225
0.00576225
0.00576225
0.00576225
0.00576225
0.00576225
0.00576225
0.00576225
0.00576225
0.00576225
0.00576225
0.00576225
0.00576225
0.00576225
0.00576225
0.00576225
0.00576225
0.00576225
0.00576225
0.00576225
0.00576225
0.00576225
0.00576225
0.00576225
0.00576225
0.00576225
0.00576225
0.00576225
0.00576225
0.00572907
0.00572907
0.00572907
0.00572907
0.00572907
0.00572907
0.00572907
0.00572907
0.00572907
0.00572907
0.00572907
0.00572907
0.00572907
0.00572907
0.00572907
0.00572907
0.00572907
0.00493886
0.00493886
0.00493886
0.00493886
0.00493886
0.00493886
0.00493886
0.00493886
0.00493886
0.00493886
0.00493886
0.00493886
0.00493886
0.00493886
0.00493886
0.00493886
0.00493886
0.00493886
0.00493886
0.00493886
0.00493886
0.00493886
0.00493886
0.00493886
0.00493886
0.00493886
0.00493886
0.00493886
0.00493886
0.00493886
0.00493886
0.00493886
0.00493886
0.00493886
0.00493886
0.00493886
0.00493886
0.00493886
0.00493886
0.00493886
0.00493886
0.00493886
0.00493886
0.00493886
0.00493886
0.00493886
0.00493886
0.00493886
0.00493886
0.00493886
0.00493886
0.00493886
0.00493886
0.00493886
0.00493886
0.00493886
0.00493886
0.00493886
0.00493886
0.00493886
0.00493886
0.00493886
0.00493886
0.00493886
0.00493886
0.00493886
0.00493886
0.00493886
0.00493886
0.00493886
0.00493886
0.00493886
0.00493886
0.00493886
0.00493886
0.00493886
0.00493886
0.00493886
0.00493886
0.00493886
0.00493838
0.00493838
0.00493838
0.00493838
0.00493838
0.00493838
0.00493838
0.00493838
0.00493838
0.00493838
0.00493838
0.00493838
0.00493838
0.00493838
0.00493838
0.00493838
0.00493703
0.00493703
0.00493703
0.00493703
0.00493703
0.00493703
0.00493703
0.00493703
0.00493703
0.00493703
0.00493703
0.00493703
0.00493703
0.00492954
0.00492954
0.00492954
0.00492954
0.00492954
0.00492954
0.00492954
0.00492954
0.00492954
0.00492954
0.00492954
0.00492954
0.00492954
0.00492954
0.00492954
0.00492954
0.00492954
0.00492954
0.00492954
0.00492954
0.00492954
0.00492954
0.00492954
0.00492954
0.00492954
0.00492954
0.00492954
0.00492954
0.00492954
0.00492954
0.00492954
0.00492954
0.00492954
0.00492954
0.00492954
0.00492954
0.00492954
0.00492954
0.00492954
0.00492954
0.00492954
0.00492954
0.00492954
0.00492954
0.00492954
0.00492954
0.00492954
0.00492954
0.00492954
0.00492954
0.00492954
0.00492954
0.00492954
0.00492954
0.00492954
0.00334141
0.00334141
0.00334141
0.00334141
0.00334141
0.00334141
0.00334141
0.00334141
0.00334141
0.00334141
0.00334141
0.00334141
0.00334141
0.00334141
0.00334141
0.00334141
0.00334141
0.00334141
0.00334141
0.00334141
0.00334141
0.00334141
0.00334141
0.00334141
0.00334141
0.00334141
0.00334141
0.00334141
0.00334141
0.00334141
0.00334141
0.00334141
0.00334141
0.00334141
0.00334141
0.00334141
0.00334141
0.00334141
0.00334141
0.00334141
0.00334141
0.00334141
0.00334141
0.00334141
0.00334141
0.00334141
0.00334141
0.00183204
0.00183204
0.00183204
0.00183204
0.00183204
0.00183204
0.00183204
0.00183204
0.00183204
0.00183204
0.00183204
0.00183204
0.00183204
0.00183204
0.00183204
0.00183204
0.00183204
0.00183204
0.00183204
0.00183204
0.00183204
0.00183204
0.00183204
0.00183204
0.00183204
0.00183204
0.00183204
0.00183204
0.00183204
0.00183204
0.00183204
0.00183204
0.00183204
0.00183204
0.00183204
0.00183204
0.00183204
0.00183204
0.00183204
0.00183204
0.00183204
0.00183204
0.00183204
0.00183204
0.00183204
0.00183204
0.00183204
0.00183204
0.00183204
0.00183204
0.00183204
0.00183204
0.00183204
0.00183204
0.00183204
0.00183204
0.00183204
0.00183204
0.00183204
0.00183204
0.00183204
0.00183204
0.00160946
0.00160946
0.00160946
0.00160946
0.00160946
0.00160946
0.00160946
0.00160946
0.00160946
0.00160946
0.00160946
0.0016086
0.0016086
0.0016086
0.0016086
0.0016086
0.0016086
0.0016086
0.0016086
0.0016086
0.0016086
0.0016086
0.0016086
0.0016086
0.0016086
0.0016086
0.0016086
0.0016086
0.0016086
0.0016086
0.0016086
0.0016086
0.0016086
0.0016086
0.0016086
0.0016086
0.0016086
0.0016086
0.0016086
0.0016086
0.0016086
0.0016086
0.0016086
0.0016086
0.0016086
0.0016086
0.00160726
0.00160726
0.00160726
0.00160726
0.00160726
0.00160726
0.00160726
0.00160726
0.00160726
0.00160726
0.00160726
0.00160726
0.00160726
0.00160726
0.00160726
0.00160726
0.00160726
0.00160726
0.00160726
0.00160726
0.00160726
0.00160726
0.00160726
0.00160726
0.00160726
0.00160726
0.00160726
0.00160726
0.00160726
0.00160726
0.00160726
0.00160726
0.00160726
0.00160726
0.00160726
0.00160726
0.00160726
0.00160726
0.00160726
0.00160726
0.00160726
0.00160726
0.00160726
0.00160726
0.00160726
0.00160726
0.001607
0.001607
0.001607
0.001607
0.001607
0.001607
0.001607
0.001607
0.001607
0.001607
0.00160682
0.00160682
0.00160682
0.00160682
0.00160682
0.00160682
0.00160682
0.00160682
0.00160682
0.00160682
0.00160682
0.00160682
0.00160682
0.00160682
0.00160682
0.00160682
0.00160682
0.00160682
0.00160682
0.00160682
0.00160682
0.00160682
0.00160682
0.00160682
0.00160682
0.00160682
0.00160682
0.00160682
0.00160682
0.00160682
0.00160682
0.00160682
0.00160682
0.00160682
0.00160682
0.00160682
0.00160682
0.00160682
0.00160682
0.00160682
0.00160682
0.00160682
0.00160682
0.00160682
0.00160682
0.00160682
0.00160682
0.00160682
0.00160682
0.00160682
0.00160682
0.00160682
0.00160682
0.00160682
0.00160682
0.00160682
0.00160682
0.00160682
0.00160682
0.00160682
0.00160682
0.00160682
0.00160682
0.00160682
0.00160682
0.00160682
0.00160682
0.00160682
0.00160682
0.00160682
0.00160682
0.00160682
0.00160682
0.00160682
0.00160682
0.00160682
0.00160682
0.00160682
0.00160682
0.00160668
0.00159878
0.00159878
0.00159878
0.00159878
0.00159878
0.00159878
0.00159878
0.00159878
0.00159878
0.00159878
0.00159878
0.00159878
0.00159878
0.00159878
0.00159878
0.00159878
0.00159878
0.00159878
0.00159878
0.00159768
0.00159768
0.00159768
0.00159768
0.00159768
0.00159768
0.00159768
0.00159768
0.00159768
0.00159768
0.00159768
0.00159768
0.00159768
0.00159768
0.00159768
0.00159768
0.00159768
0.00159768
0.00159768
0.00159768
0.00159768
0.00159768
0.00159768
0.00159768
0.00159768
0.00159768
0.00159768
0.00159768
0.00159768
0.00159768
0.00159768
0.00159768
0.00159768
0.00159768
0.00159768
0.00159768
0.00159768
0.00159768
0.00159768
0.00159768
0.00159768
0.00159768
0.00159768
0.00159768
0.00159768
0.00159768
0.00159768
0.00159768
0.00159768
0.00159768
0.00159768
0.00159768
0.00159768
0.00159768
0.00159768
0.00159768
0.00159768
0.00159768
0.00159768
0.00159768
0.00159768
0.00159768
0.00159768
0.00159768
0.00159768
0.00159768
0.00159768
0.00159768
0.00159768
0.00159768
0.00159768
0.00159768
0.00159768
0.00159768
0.00159768
0.00159768
0.00159768
0.00159768
0.00159768
0.00159768
0.00159768
0.00159768
0.00159768
0.00159768
0.00159767
0.00159767
0.00159767
0.00159767
0.00159767
0.00159767
0.00159767
0.00159767
0.00159767
0.00159767
0.00159767
0.00159767
0.00159767
0.00159767
0.00159767
0.00159767
0.00159767
0.00159767
0.00159767
0.00159767
0.00159767
0.00159767
0.00159767
0.00159767
0.00159767
0.00159767
0.00159767
0.00159767
0.00159767
0.00159767
0.00159767
0.00159767
0.00159767
0.00159767
0.00159767
0.00159767
0.00159767
0.00159767
0.00159767
0.00159767
0.00159767
0.00159655
0.00159655
0.00159655
0.00159655
0.00159655
0.00159655
0.00159655
0.00159655
0.00159655
0.00159655
0.00159655
0.00159655
0.00159655
0.00159655
0.00159655
0.00159655
0.00159655
0.00159655
0.00159655
0.00159655
0.00159655
0.00159655
0.00159655
0.00159655
0.00159655
0.00159655
0.00159655
0.00159655
0.00159655
0.00159655
0.00159655
0.00159655
0.00159314
0.00159314
0.00159314
0.00159314
0.00159314
0.00159314
0.00159314
0.00159314
0.00159314
0.00159314
0.00159314
0.00159314
0.00159314
0.00159314
0.00159314
0.00159314
0.00159314
0.00159314
0.00159132
0.00159132
0.00159132
0.00159132
0.00159132
0.00159132
0.00159132
0.00159132
0.00159132
0.00159132
0.00159132
0.00159132
0.00159132
0.00159132
0.00159132
0.00159132
0.00159132
0.00159132
0.00159132
0.00159132
0.00159132
0.00159132
0.00159132
0.00159132
0.00159132
0.00159132
0.00159132
0.00159132
0.00159132
0.00159132
0.00159132
0.00159132
0.00159132
0.00159132
0.00159132
0.00159132
0.00159132
0.00159132
0.00159132
0.00159132
0.00159132
0.00159132
0.00159132
0.00159132
0.00159132
0.00159132
0.00159132
0.00159132
0.00159132
0.00159132
0.00159132
0.00159132
0.00159132
0.00159132
0.00159132
0.00159132
0.00159132
0.00159132
0.00159132
0.00159132
0.00159132
0.00159132
0.00159132
0.00159132
0.00159132
0.00159132
0.00159132
0.00159132
0.00159096
0.00159096
0.00159096
0.00159096
0.00159096
0.00159096
0.00159096
0.00159096
0.00159096
0.00159096
0.00159096
0.00159096
0.00159096
0.00159096
0.00159096
0.00159096
0.00159096
0.00159096
0.00159096
0.00159096
0.00159096
0.00159096
0.00159096
0.00159096
0.00159096
0.00159096
0.00159096
0.00159096
0.00159096
0.00159096
0.00159096
0.00159096
0.00159096
0.00159096
0.00159096
0.00159095
0.00159095
0.00159095
0.00159095
0.00159095
0.00159095
0.00159095
0.00159095
0.00159094
0.00159094
0.00159094
0.00159094
0.00159094
0.00159094
0.00159094
0.00159094
0.00159094
0.00159094
0.00159094
0.00159094
0.00159094
0.00159094


0.0358592
0.0358592
0.0358592
0.0520341
0.0520341
0.0520341
0.136082
0.136082
0.136082
0.136082
-0.00979644
-0.307718
0.295877
0.295877
0.04532
0.04532
0.370098
-0.175878
-0.175878
-0.578417
0.318766
0.318766
0.318766
0.318766
0.55211
0.297037
0.297037
0.297037
-0.747368
0.739189

0.028

