0.918453
0.331489
0.331489
0.331489
0.433195
0.433195
0.248199
0.248199
0.424629
0.424629
0.424629
0.101648
0.16471
0.16471
0.16471
0.16471
0.16471
0.16471
0.16471
0.101648
0.101648
0.101648
0.101648
0.101648
0.101648
0.101648
0.101648
0.101648
0.101648
0.101648
0.101648
0.101648
0.101648
0.0976086
0.0878359
0.0878359
0.0878359
0.0878359
0.0386555
0.0386555
0.0522398
0.0522398
0.0878359
0.0966405
0.0966405
0.0232082
0.0232082
0.0232082
0.0966405
0.0966405
0.108146
0.108146
0.108146
0.108146
0.108146
0.00700565
0.00700565
0.00700565
0.0549449
0.0549449
0.0549449
0.0549449
0.0549449
0.0549449
0.0549449
0.0549449
0.0189246
0.0189246
0.0123338
0.0123338
0.0123338
0.0123338
0.0123338
0.00700565
0.00700565
0.00700565
0.00365464
0.00365464
0.00365464
0.00365464
0.00365464
0.00365464
0.00365464
0.00216649
0.00216649
0.00216649
0.00216649
0.00216649
0.00216649
0.00216649
0.00446335
0.00446335
0.00446335
0.00446335
0.00446335
0.00446335
0.00446335
0.00446335
0.00446335
0.00700565
0.00700565
0.00700565
0.00700565
0.00700565
0.00700565
0.00700565
0.00700565
0.00700565
0.00700565
0.00700565
0.00700565
0.00700565
0.00700565
0.00700565
0.00700565
0.00700565
0.00700565
0.00700565
0.00700565
0.00700565
0.00700565
0.00700565
0.00700565
0.00700565
0.00700565
0.00700565
0.00700565
0.00700565
0.00700565
0.00700565
0.00700565
0.00700565
0.00700565
0.00700565
0.00700565
0.00700565
0.00700565
0.00875485
0.00875485
0.00875485
0.00875485
0.00708463
0.00708463
0.00348411
0.00348411
0.00348411
0.00348411
0.00348411
0.00348411
0.00348411
0.00348411
0.00348411
0.00708463
0.00708463
0.00498041
0.00498041
0.00117697
0.00117697
0.00117697
0.00117697
0.00117697
0.00117697
0.00708463
0.00708463
0.00708463
0.00708463
0.00159425
0.00159425
0.00159425
0.00159425
0.00159425
0.00159425
0.00159425
0.00159425
0.00159425
0.00159425
0.00159425
0.00159425
0.00159425
0.00328334
0.00328334
0.00328334
0.00328334
0.00328334
0.00328334
0.00328334
0.00328334
0.00328334
0.00328334
0.00328334
0.00328334
0.00328334
0.00154736
0.00154736
0.00154736
0.00154736
0.00154736
0.00328334
0.00328334
0.00328334
0.00328334
0.00328334
0.00328334
0.00328334
0.00764915
0.00764915
0.00764915
0.00764915
0.00764915
0.00764915
0.00764915
0.00734925
0.00734925
0.00186066
0.00186066
0.00154736
0.000868892
0.000868892
0.000868892
0.000868892
0.000868892
0.000868892
0.000868892
0.000868892
0.000868892
0.000868892
0.000868892
0.000868892
0.000868892
0.000868892
0.000868892
0.00155585
0.00155585
0.000868892
0.000868892
0.000868892
0.000868892
0.000868892
0.000598239
0.000598239
0.000598239
0.000598239
0.000868892
0.00155585
0.00155585
0.00155585
0.00155585
0.00155585
0.000598239
0.000598239
0.000598239
0.000598239
0.000598239
0.000598239
0.000598239
0.000598239
0.000598239
0.000598239
0.000598239
0.000598239
0.000598239
0.000598239
0.000598239
0.000598239
0.000598239
0.000598239
0.000598239
0.000158435
0.000598239
0.000598239
0.000598239
0.000598239
0.000598239
0.000598239
0.000641975
0.000641975
0.000641975
0.000202264
0.000202264
0.000202264
0.000202264
0.000202264
0.000202264
0.000202264
0.000202264
0.000202264
0.000202264
0.000202264
0.000202264
0.000202264
0.000202264
0.000202264
0.000202264
0.000202264
0.00109044
0.00109044
0.00109044
0.00109044
0.00109044
0.00109044
0.00109044
0.00109044
0.00109044
0.00109044
0.000406568
0.00109044
0.000273029
0.000273029
0.000273029
0.00252753
0.00252753
0.00252753
0.00252753
0.00252753
0.00252753
0.00252753
0.00252753
0.00252753
0.00252753
0.00252753
0.00252753
0.00252753
0.00252753
0.00252753
0.00252753
0.00325771
0.00156395
0.000339829
0.000339829
0.000339829
0.000339829
0.000339829
0.000339829
0.000339829
0.000339829
0.000339829
0.000339829
0.000339829
0.000339829
0.000339829
0.000339829
0.00109044
0.00109044
0.00109044
0.00109044
0.000806561
0.000806561
0.000806561
0.000806561
0.000806561
0.000461673
0.000461673
0.000461673
0.000461673
0.000461673
0.000461673
0.000461673
0.000461673
0.000461673
0.000461673
0.000461673
0.000461673
0.000214271
0.000214271
0.000214271
0.000214271
0.000214271
0.000214271
0.000214271
0.000214271
0.000214271
0.000214271
0.000214271
0.000351393
0.000351393
0.000404098
0.000404098
0.000404098
0.000404098
9.62981e-05
9.62981e-05
9.62981e-05
9.62981e-05
9.62981e-05
9.62981e-05
9.62981e-05
9.62981e-05
9.62981e-05
9.62981e-05
9.62981e-05
9.62981e-05
9.62981e-05
9.62981e-05
9.62981e-05
0.000404098
0.000404098
0.000404098
0.000402539
0.000402539
0.000402539
0.000402539
0.000402539
0.000402539
0.000402539
0.000402539
0.000402539
0.000402539
0.000402539
0.000402539
0.000402539
0.000402539
0.000402539
0.000402539
0.000251601
0.000251601
0.000251601
0.000251601
0.000251601
0.000251601
0.000251601
0.000251601
0.000251601
0.000251601
0.000251601
0.000251601
0.000251601
0.000251601
0.000251601
0.000251601
0.000251601
0.000251601
0.000251601
0.000251601
0.000251601
0.000251601
0.000244736
0.000244736
0.000244736
0.000244736
0.000244736
0.000244736
0.000244736
0.000244736
0.000244736
0.000244736
0.000244736
0.000244736
0.000244736
0.000244736
0.000244736
0.000130446
0.000130446
0.000130446
0.000130446
0.000130446
0.000130446
0.000130446
0.000130446
0.000130446
0.000130446
0.000130446
0.000130446
0.000130446
0.000130446
0.000130446
0.000130446
0.000130446
0.000130446
0.000244736
0.000244736
0.000244736
0.000244736
0.000244736
0.000244736
0.000244736
0.000244736
0.000244736
0.000244736
0.000244736
0.000244736
0.000244736
0.000244736
0.000244736
0.000244736
0.000244736
0.000244736
0.000244736
0.000244736
0.000193109
0.000193109
0.000193109
0.000193109
0.000193109
0.000193109
0.000193109
0.000193109
0.000193109
0.000193109
0.000193109
0.000193109
0.000193109
0.000193109
0.000193109
0.000193109
0.000193109
0.000193109
0.000193109
0.000193109
0.000193109
0.000193109
0.000193109
0.000193109
0.000193109
0.000193109
0.000193109
0.000193109
0.000193109
0.000193109
0.000193109
0.000193109
0.000193109
0.000193109
0.000193109
0.000193109
0.000193109
0.000193109
0.000193109
0.000193109
0.000193109
0.000193109
0.000193109
0.000193109
0.000193109
0.000193109
0.000193109
0.000193109
0.000193109
0.000193109
0.000193109
0.000193109
0.000193109
0.000220756
0.000220756
0.000220756
0.000220756
0.000220756
0.000220756
0.000220756
0.000220756
0.000220756
0.000220756
0.000220756
0.000220756
0.000220756
0.000305873
0.000305873
0.000209584
0.000209584
0.000209584
0.000209584
0.000209584
0.000178524
0.000178524
0.000178524
0.000178524
0.000178524
0.000178524
0.000178524
0.000178524
0.000178524
0.000178524
0.000178524
0.000178524
0.000178524
0.000178524
0.000178524
0.000178524
0.000178524
0.000178524
0.000178524
0.000178524
0.000178524
0.000178524
0.000178524
0.000178524
0.000178524
0.000178524
0.000178524
4.60221e-05
9.39929e-05
3.4528e-05
3.4528e-05
3.4528e-05
3.4528e-05
3.4528e-05
3.4528e-05
3.4528e-05
3.4528e-05
3.4528e-05
3.4528e-05
3.4528e-05
3.4528e-05
3.4528e-05
3.4528e-05
3.4528e-05
3.4528e-05
3.4528e-05
3.4528e-05
3.4528e-05
3.4528e-05
3.4528e-05
3.4528e-05
3.4528e-05
3.4528e-05
3.4528e-05
3.4528e-05
3.4528e-05
3.4528e-05
3.4528e-05
3.4528e-05
3.4528e-05
3.4528e-05
3.4528e-05
3.4528e-05
3.4528e-05
3.05955e-05
3.05955e-05
3.05955e-05
3.05955e-05
3.05955e-05
3.05955e-05
3.05955e-05
3.05955e-05
3.05955e-05
3.05955e-05
3.05955e-05
3.05955e-05
3.05955e-05
3.05955e-05
1.3977e-05
1.3977e-05
1.3977e-05
1.3977e-05
1.3977e-05
1.3977e-05
1.3977e-05
1.57627e-05
1.57627e-05
1.57627e-05
1.57627e-05
1.57627e-05
1.57627e-05
1.57627e-05
1.57627e-05
1.57627e-05
1.57627e-05
1.51303e-05
1.51303e-05
1.51303e-05
1.51303e-05
2.20252e-05
2.20252e-05
2.20252e-05
2.20252e-05
2.20252e-05
2.20252e-05
2.20252e-05
2.20252e-05
2.20252e-05
2.20252e-05
2.20252e-05
2.20252e-05
2.20252e-05
4.55754e-05
4.55754e-05
4.55754e-05
4.55754e-05
4.55754e-05
4.55754e-05
9.4767e-05
9.4767e-05
9.4767e-05
9.4767e-05
9.4767e-05
9.4767e-05
9.4767e-05
9.4767e-05
9.4767e-05
9.4767e-05
9.4767e-05
9.4767e-05
9.4767e-05
9.4767e-05
9.4767e-05
9.4767e-05
9.4767e-05
9.4767e-05
9.4767e-05
4.80404e-05
4.80404e-05
4.80404e-05
4.80404e-05
4.80404e-05
4.80404e-05
4.80404e-05
4.80404e-05
4.80404e-05
4.80404e-05
4.80404e-05
4.80404e-05
4.80404e-05
4.55754e-05
4.55754e-05
4.55754e-05
4.55754e-05
4.55754e-05
4.55754e-05
4.55754e-05
4.55754e-05
4.55754e-05
4.55754e-05
4.55754e-05
4.55754e-05
4.55754e-05
4.55754e-05
4.55754e-05
4.55754e-05
4.55754e-05
4.55754e-05
4.55754e-05
4.55754e-05
4.55754e-05
4.55754e-05
4.55754e-05
4.55754e-05
4.55754e-05
4.55754e-05
4.55754e-05
4.55754e-05
4.55754e-05
4.55754e-05
0.000264182
0.000264182
0.000264182
0.000223552
0.000223552
0.000223552
0.000223552
0.000223552
0.000223552
0.000223552
0.000223552
0.000223552
0.000223552
0.000223552
0.000223552
0.000223552
0.000223552
0.00011472
0.00011472
0.00011472
0.00011472
0.00011472
0.00011472
0.00011472
5.26453e-05
5.26453e-05
5.26453e-05
5.26453e-05
5.26453e-05
5.26453e-05
5.26453e-05
0.000318691
0.00011472
0.00011472
0.00011472
0.00011472
0.00011472
0.00011472
0.00011472
0.00011472
0.000318691
0.000650817
0.000650817
0.000650817
0.000650817
0.000650817
0.000650817
0.000650817
0.000650817
9.80871e-05
9.80871e-05
9.80871e-05
9.80871e-05
4.07116e-05
4.07116e-05
4.07116e-05
3.37765e-06
1.34067e-06
1.34067e-06
1.34067e-06
1.34067e-06
1.34067e-06
3.37765e-06
3.37765e-06
3.37765e-06
3.37765e-06
3.37765e-06
3.37765e-06
3.37765e-06
3.37765e-06
3.37765e-06
3.37765e-06
3.37765e-06
3.37765e-06
3.37765e-06
3.37765e-06
3.37765e-06
3.37765e-06
3.37765e-06
3.37765e-06
8.34561e-05
8.34561e-05
1.34067e-06
1.34067e-06
1.34067e-06
1.34067e-06
1.34067e-06
1.34067e-06
1.34067e-06
1.34067e-06
0.000176772
0.000176772
0.000176772
0.000176772
0.000176772
0.000176772
0.000176772
0.000176772
0.000176772
7.58746e-08
7.58746e-08
7.58746e-08
7.58746e-08
2.6852e-05
2.6852e-05
2.6852e-05
2.6852e-05
2.6852e-05
2.6852e-05
2.6852e-05
2.6852e-05
2.6852e-05
2.6852e-05
2.6852e-05
1.8516e-05
1.8516e-05
1.8516e-05
1.8516e-05
1.8516e-05
1.8516e-05
1.8516e-05
1.8516e-05
1.8516e-05
1.5811e-05
1.5811e-05
1.0044e-07
1.0044e-07
1.0044e-07
1.0044e-07
1.0044e-07
1.0044e-07
1.0044e-07
1.0044e-07
1.0044e-07
1.0044e-07
1.0044e-07
1.0044e-07
1.0044e-07
1.0044e-07
1.0044e-07
1.0044e-07
1.0044e-07
1.0044e-07
1.0044e-07
1.0044e-07
1.0044e-07
1.0044e-07
1.0044e-07
1.0044e-07
1.0044e-07
1.0044e-07
1.0044e-07
1.0044e-07
1.0044e-07
1.0044e-07
1.0044e-07
1.0044e-07
1.0044e-07
1.0044e-07
1.0044e-07
1.0044e-07
1.0044e-07
1.0044e-07
1.0044e-07
1.0044e-07
1.00446e-07
1.00446e-07
1.00446e-07
1.00446e-07
1.00446e-07
1.00446e-07
1.00446e-07
1.00446e-07
0.000465641
0.000465641
0.000465641
0.000124181
0.000124181
0.000124181
0.000124181
0.000124181
0.000124181
0.000124181
0.0001882
4.02807e-05
4.02807e-05
4.02807e-05
0.000124181
0.000124181
0.000124181
0.000124181
0.000124181
0.0001882
6.28547e-05
6.28547e-05
6.28547e-05
6.28547e-05
6.28547e-05
6.28547e-05
6.28547e-05
6.28547e-05
6.28547e-05
6.28547e-05
0.0001882
0.000101286
0.000101286
0.000101286
0.000101286
0.000101286
0.000101286
0.000101286
0.000101286
0.000101286
0.000101286
0.000101286
0.000101286
0.000101286
0.000101286
0.000101286
6.23298e-05
6.23298e-05
6.23298e-05
6.23298e-05
6.23298e-05
6.23298e-05
6.23298e-05
6.23298e-05
6.23298e-05
6.23298e-05
6.23298e-05
6.23298e-05
6.23298e-05
6.23298e-05
6.23298e-05
6.23298e-05
6.23298e-05
6.23298e-05
6.23298e-05
6.23298e-05
6.51161e-05
6.51161e-05
6.51161e-05
6.51161e-05
6.51161e-05
6.51161e-05
6.51161e-05
6.51161e-05
9.38388e-05
9.38388e-05
7.06675e-05
7.06675e-05
7.06675e-05
7.06675e-05
7.06675e-05
7.06675e-05
7.06675e-05
7.06675e-05
7.06675e-05
7.06675e-05
3.00714e-05
3.00714e-05
3.00714e-05
3.00714e-05
3.00714e-05
3.00714e-05
3.00714e-05
3.00714e-05
3.00714e-05
3.00714e-05
3.00714e-05
3.00714e-05
3.00714e-05
3.00714e-05
7.06675e-05
7.06675e-05
7.06675e-05
7.06675e-05
7.06675e-05
7.06675e-05
7.06675e-05
7.06675e-05
7.06675e-05
7.06675e-05
7.06675e-05
7.06675e-05
7.06675e-05
3.08024e-05
7.06675e-05
7.06675e-05
7.06675e-05
6.37991e-05
6.37991e-05
6.37991e-05
7.06675e-05
7.06675e-05
7.06675e-05
7.06675e-05
7.06675e-05
7.06675e-05
7.06675e-05
7.06675e-05
7.06675e-05
7.06675e-05
7.06675e-05
7.06675e-05
7.06675e-05
0.00031212
0.00031212
7.46718e-05
3.00714e-05
7.46718e-05
0.00031212
0.00031212
0.000522011
1.17074e-05
1.17074e-05
1.17074e-05
1.17074e-05
1.17074e-05
1.17074e-05
1.17074e-05
1.17074e-05
1.17074e-05
1.17074e-05
1.17074e-05
1.17074e-05
1.17074e-05
6.36602e-06
6.36602e-06
6.36602e-06
6.36602e-06
6.36602e-06
6.36602e-06
6.36602e-06
6.36602e-06
6.36602e-06
6.36602e-06
6.36602e-06
6.36602e-06
6.36602e-06
2.35119e-05
2.35119e-05
2.35119e-05
2.35119e-05
2.35119e-05
2.35119e-05
2.35119e-05
2.35119e-05
2.35119e-05
2.35119e-05
0.000116412
0.000158104
7.46718e-05
7.46718e-05
7.46718e-05
7.46718e-05
7.46718e-05
7.46718e-05
7.46718e-05
7.46718e-05
7.46718e-05
7.46718e-05
7.46718e-05
7.46718e-05
7.46718e-05
7.46718e-05
0.000134196
0.000134196
0.000134196
0.000134196
0.000131439
0.000131439
0.000131439
0.000131439
0.000131439
0.000131439
0.000131439
7.46718e-05
7.46718e-05
7.46718e-05
7.46718e-05
7.46718e-05
7.46718e-05
7.46718e-05
7.46718e-05
7.46718e-05
7.46718e-05
7.46718e-05
4.34265e-06
4.34265e-06
4.34265e-06
4.34265e-06
4.34265e-06
4.34265e-06
4.34265e-06
4.34265e-06
4.34265e-06
4.34265e-06
4.34265e-06
4.34265e-06
4.34265e-06
4.34265e-06
4.34265e-06
4.34265e-06
4.34265e-06
4.34265e-06
4.34265e-06
4.34265e-06
4.34265e-06
4.34265e-06
4.34265e-06
4.34265e-06
4.34265e-06
4.34265e-06
4.34265e-06
4.34265e-06
4.34265e-06
4.34265e-06
4.34265e-06
4.34265e-06
4.34265e-06
4.34265e-06
4.34265e-06
4.34265e-06
4.34265e-06
4.34265e-06
4.34265e-06
4.34265e-06
4.34265e-06
4.34265e-06
4.34265e-06
4.34265e-06
4.34265e-06
4.34265e-06
4.34265e-06
4.34265e-06
4.34265e-06
4.34265e-06
4.34265e-06
4.34265e-06
4.34265e-06
4.34265e-06
4.34265e-06
4.34265e-06
4.34265e-06
4.34265e-06
4.34265e-06
4.34265e-06
4.34265e-06
4.34265e-06
4.34265e-06
4.34265e-06
4.34265e-06
4.34265e-06
4.34265e-06
4.34265e-06
4.34265e-06
4.34265e-06
4.34265e-06
9.65505e-06
9.65505e-06
9.65505e-06
9.65505e-06
9.65505e-06
4.93394e-08
4.93394e-08
9.65505e-06
9.65505e-06
9.65505e-06
9.65505e-06
9.65505e-06
9.65505e-06
9.65505e-06
9.65505e-06
9.65505e-06
9.65505e-06
9.65505e-06
9.65505e-06
9.65505e-06
9.65505e-06
9.65505e-06
9.65505e-06
9.65505e-06
9.65505e-06
1.43813e-05
1.43813e-05
1.43813e-05
1.43813e-05
1.43813e-05
0.000123014
0.000123014
0.000123014
4.93394e-08
4.93394e-08
4.93394e-08
4.93394e-08
4.93394e-08
4.93394e-08
4.93394e-08
4.93394e-08
4.93394e-08
4.93394e-08
4.93394e-08
4.93394e-08
4.93394e-08
4.93394e-08
4.93394e-08
4.93394e-08
4.93394e-08
4.93394e-08
4.93394e-08
4.93394e-08
4.93394e-08
4.93394e-08
4.93394e-08
4.93394e-08
3.77096e-06
3.77096e-06
3.77096e-06
3.77096e-06
3.77096e-06
3.77096e-06
3.77096e-06
3.77096e-06
3.77096e-06
3.77096e-06
3.77096e-06
3.77096e-06
3.77096e-06
3.77096e-06
3.77096e-06
3.77096e-06
3.77096e-06
3.77096e-06
3.77096e-06
3.77096e-06
3.77096e-06
3.77096e-06
3.77096e-06
3.77096e-06
3.77096e-06
3.77096e-06
3.77096e-06
3.77096e-06
3.77096e-06
3.77096e-06
3.77096e-06
3.77096e-06
3.77096e-06
3.77096e-06
3.77096e-06
3.77096e-06
3.77096e-06
3.77096e-06
3.77096e-06
3.77096e-06
3.77096e-06
3.77096e-06
3.77096e-06
3.77096e-06
3.77096e-06
3.77096e-06
3.77096e-06
3.77096e-06
3.77096e-06
3.77096e-06
2.77587e-05
2.77587e-05
2.77587e-05
2.77587e-05
2.77587e-05
2.77587e-05
2.77587e-05
2.77587e-05
2.77587e-05
2.77587e-05
2.77587e-05
2.77587e-05
2.77587e-05
2.98567e-05
2.98567e-05
2.98567e-05
2.98567e-05
2.77587e-05
2.77587e-05
2.77587e-05
2.77587e-05
2.77587e-05
2.98567e-05
2.98567e-05
2.98567e-05
2.98567e-05
2.98567e-05
2.98567e-05
2.98567e-05
2.98567e-05
2.98567e-05
2.98567e-05
2.98567e-05
2.98567e-05
2.98567e-05
2.98567e-05
2.98567e-05
2.98567e-05
2.98567e-05
2.98567e-05
2.98567e-05
2.98567e-05
2.98567e-05
2.98567e-05
2.98567e-05
2.98567e-05
2.98567e-05
2.98567e-05
2.98567e-05
2.98567e-05
6.76406e-05
6.76406e-05
6.76406e-05
0.000187571
0.000187571
0.000187571
0.000187571
0.000187571
0.000187571
0.000187571
0.000187571
0.000187571
0.000187571
0.000187571
0.000187571
0.000187571
0.000187571
0.000187571
0.000187571
2.77587e-05
0.000187571
0.000187571
0.000187571
0.000187571
0.000187571
0.000187571
0.000304893
0.000165436
0.000165436
0.000165436
0.000165436
1.0332e-05
1.0332e-05
1.0332e-05
1.0332e-05
1.0332e-05
1.0332e-05
1.0332e-05
6.54517e-06
6.54517e-06
6.54517e-06
6.54517e-06
6.54517e-06
6.54517e-06
6.54517e-06
6.54517e-06
6.54517e-06
6.54517e-06
6.54517e-06
6.54517e-06
3.8558e-06
3.8558e-06
3.8558e-06
3.8558e-06
3.8558e-06
3.8558e-06
3.8558e-06
3.8558e-06
3.8558e-06
3.8558e-06
3.8558e-06
3.8558e-06
3.8558e-06
3.8558e-06
3.8558e-06
3.8558e-06
3.8558e-06
3.8558e-06
1.0332e-05
0.00019992
0.00019992
0.00019992
0.00019992
0.00019992
0.00019992
0.000190194
0.000190194
0.000190194
0.000190194
0.000190194
0.000190194
0.000190194
0.000183915
0.000183915
0.000183915
0.000183915
0.000183915
0.000183915
0.000183915
0.000183915
0.000183915
0.000183915
0.000183915
1.0332e-05
1.0332e-05
1.0332e-05
0.000183915
0.000183915
3.24879e-06
0.000183915
0.000183915
0.000183915
0.000183915
0.000183915
0.0001098
0.0001098
0.0001098
0.0001098
0.0001098
0.0001098
0.0001098
0.0001098
0.0001098
0.0001098
0.0001098
1.87088e-05
1.87088e-05
1.87088e-05
1.87088e-05
1.87088e-05
1.87088e-05
1.87088e-05
1.87088e-05
0.0001098
0.0001098
0.0001098
0.0001098
0.0001098
0.0001098
0.0001098
0.0001098
1.78237e-05
1.78237e-05
1.78237e-05
1.12166e-05
1.12166e-05
1.12166e-05
1.12166e-05
1.12166e-05
1.12166e-05
1.12166e-05
1.12166e-05
1.12166e-05
1.12166e-05
1.12166e-05
1.12166e-05
1.12166e-05
1.12166e-05
1.12166e-05
1.12166e-05
1.12166e-05
1.12166e-05
1.12166e-05
1.12166e-05
1.12166e-05
1.12166e-05
1.12166e-05
1.12166e-05
1.12166e-05
1.12166e-05
1.12166e-05
1.12166e-05
1.12166e-05
1.12166e-05
1.12166e-05
1.12166e-05
1.12166e-05
1.12166e-05
7.2122e-06
7.2122e-06
7.2122e-06
7.2122e-06
7.2122e-06
7.2122e-06
7.2122e-06
7.2122e-06
7.2122e-06
7.2122e-06
7.2122e-06
7.2122e-06
7.2122e-06
7.2122e-06
1.12166e-05
1.12166e-05
1.12166e-05
1.12166e-05
1.12166e-05
1.12166e-05
1.12166e-05
1.87088e-05
8.62839e-05
8.62839e-05
8.62839e-05
8.62839e-05
9.55089e-06
9.55089e-06
9.55089e-06
9.55089e-06
9.55089e-06
9.55089e-06
9.55089e-06
9.55089e-06
9.55089e-06
9.55089e-06
9.55089e-06
9.55089e-06
9.55089e-06
9.55089e-06
7.2122e-06
7.2122e-06
7.2122e-06
7.2122e-06
7.2122e-06
7.2122e-06
7.2122e-06
7.2122e-06
7.2122e-06
7.2122e-06
7.2122e-06
7.2122e-06
7.2122e-06
7.2122e-06
7.2122e-06
1.29095e-05
5.85372e-05
5.85372e-05
5.85372e-05
5.85372e-05
5.85372e-05
5.85372e-05
5.85372e-05
5.85372e-05
5.85372e-05
5.85372e-05
5.85372e-05
5.85372e-05
5.85372e-05
5.85372e-05
5.85372e-05
5.85372e-05
8.64543e-06
8.64543e-06
8.64543e-06
8.64543e-06
8.64543e-06
8.64543e-06
8.64543e-06
8.64543e-06
8.64543e-06
8.64543e-06
8.64543e-06
5.97158e-06
5.97158e-06
5.97158e-06
5.97158e-06
5.97158e-06
5.97158e-06
5.97158e-06
5.97158e-06
5.97158e-06
5.97158e-06
5.97158e-06
5.97158e-06
5.97158e-06
5.97158e-06
5.97158e-06
5.97158e-06
5.97158e-06
5.97158e-06
5.97158e-06
5.97158e-06
5.97158e-06
5.97158e-06
5.97158e-06
5.97158e-06
5.97158e-06
5.97158e-06
5.97158e-06
5.97158e-06
5.97158e-06
5.97158e-06
5.97158e-06
5.97158e-06
5.97158e-06
5.97158e-06
6.00949e-06
6.00949e-06
6.00949e-06
6.00949e-06
8.64543e-06
8.64543e-06
8.64543e-06
4.46131e-05
4.46131e-05
4.46131e-05
4.46131e-05
4.46131e-05
4.46131e-05
4.46131e-05
4.46131e-05
4.46131e-05
0.00015025
0.00015025
0.00015025
1.04194e-05
1.04194e-05
1.04194e-05
1.04194e-05
1.04194e-05
1.04194e-05
1.04194e-05
1.04194e-05
1.04194e-05
1.04194e-05
1.04194e-05
1.04194e-05
1.04194e-05
1.04194e-05
1.04194e-05
1.04194e-05
1.04194e-05
1.04194e-05
1.04194e-05
1.04194e-05
1.04194e-05
1.04194e-05
1.04194e-05
1.04194e-05
1.04194e-05
1.04194e-05
1.04194e-05
1.04194e-05
1.04194e-05
1.04194e-05
1.04194e-05
1.04194e-05
1.04194e-05
1.04194e-05
1.04194e-05
1.04194e-05
1.04194e-05
1.04194e-05
1.04194e-05
1.04194e-05
1.04194e-05
1.04194e-05
1.04194e-05
0.000201654
0.000201654
0.000201654
0.000143262
1.27426e-05
1.27426e-05
0.000143262
0.000143262
0.000143262
0.000143262
0.000143262
8.1147e-05
8.1147e-05
8.1147e-05
8.1147e-05
8.1147e-05
8.1147e-05
8.1147e-05
8.1147e-05
8.1147e-05
8.1147e-05
8.1147e-05
8.1147e-05
8.1147e-05
6.72388e-05
6.72388e-05
6.72388e-05
6.72388e-05
6.72388e-05
6.72388e-05
6.72388e-05
6.72388e-05
6.72388e-05
6.72388e-05
6.72388e-05
6.72388e-05
2.86564e-05
2.86564e-05
2.86564e-05
2.86564e-05
2.86564e-05
2.86564e-05
2.86564e-05
2.86564e-05
2.86564e-05
2.86564e-05
2.86564e-05
2.86564e-05
2.86564e-05
2.86564e-05
2.86564e-05
9.95539e-05
9.95539e-05
9.95539e-05
9.95539e-05
9.95539e-05
6.64958e-05
6.64958e-05
6.64958e-05
9.95539e-05
9.95539e-05
9.95539e-05
9.95539e-05
9.95539e-05
0.000108247
0.000108247
0.000108247
0.000108247
0.000108247
0.000108247
0.000108247
0.000108247
0.000108247
0.000108247
0.000108247
0.000108247
0.000108247
0.000108247
0.000108247
0.000108247
0.000108247
0.000108247
0.000108247
0.000108247
0.000146979
0.000146979
0.000146979
0.000146979
0.000146979
0.000146979
0.000146979
0.000154602
0.000154602
0.000154602
0.000154602
0.000154602
0.000154602
0.000154602
0.000154602
0.000154602
0.000154602
0.000154602
7.54373e-06
7.54373e-06
7.54373e-06
7.54373e-06
7.54373e-06
7.54373e-06
7.54373e-06
0.000154602
0.000154602
0.000154602
0.000154602
0.000154602
0.000154602
0.000154602
0.000154602
0.000154602
0.000154602
0.000154602
0.000154602
0.000154602
0.000154602
0.000154602
0.000154602
0.000154602
0.000154602
0.000154602
0.000154602
0.000154602
0.000154602
8.70413e-06
8.70413e-06
8.70413e-06
8.70413e-06
0.000154602
0.000154602
0.000154602
1.14679e-05
1.14679e-05
1.14679e-05
1.14679e-05
1.14679e-05
1.14679e-05
1.14679e-05
1.14679e-05
1.14679e-05
1.14679e-05
1.14679e-05
2.63711e-05
2.63711e-05
2.63711e-05
0.000154602
0.000154602
0.000154602
0.000154602
0.000154602
0.000154602
0.000154602
0.000154602
0.000154602
2.0881e-05
2.0881e-05
2.0881e-05
2.0881e-05
2.0881e-05
5.13947e-06
5.13947e-06
5.13947e-06
5.13947e-06
5.13947e-06
5.13947e-06
5.13947e-06
5.13947e-06
5.13947e-06
5.13947e-06
5.13947e-06
5.13947e-06
5.13947e-06
5.13947e-06
5.13947e-06
5.13947e-06
5.13947e-06
5.13947e-06
5.13947e-06
5.13947e-06
5.13947e-06
5.13947e-06
5.13947e-06
5.13947e-06
5.13947e-06
5.13947e-06
5.13947e-06
5.13947e-06
5.13947e-06
5.13947e-06
5.13947e-06
5.13947e-06
5.13947e-06
5.13947e-06
5.13947e-06
5.13947e-06
5.13947e-06
5.13947e-06
5.13947e-06
5.13947e-06
5.13947e-06
5.13947e-06
5.13947e-06
5.13947e-06
5.13947e-06
5.13947e-06
5.13947e-06
5.13947e-06
5.13947e-06
5.13947e-06
5.13947e-06
5.13947e-06
5.13947e-06
5.13947e-06
5.13947e-06
5.13947e-06
9.63735e-06
9.63735e-06
9.63735e-06
9.63735e-06
9.63735e-06
9.63735e-06
9.63735e-06
9.63735e-06
9.63735e-06
9.63735e-06
9.63735e-06
9.63735e-06
9.63735e-06
9.63735e-06
9.63735e-06
9.63735e-06
9.63735e-06
9.63735e-06
9.63735e-06
9.63735e-06
9.63735e-06
9.63735e-06
9.63735e-06
9.63735e-06
9.63735e-06
1.10084e-05
1.10084e-05
1.10084e-05
1.10084e-05
1.10084e-05
1.10084e-05
1.10084e-05
1.10084e-05
1.10084e-05
1.10084e-05
1.10084e-05
1.10084e-05
1.10084e-05
1.10084e-05
1.10084e-05
1.10084e-05
1.10084e-05
1.10084e-05
1.10084e-05
1.10084e-05
4.30125e-05
4.30125e-05
4.30125e-05
4.30125e-05
1.81908e-05
1.81908e-05
1.81908e-05
8.379e-06
8.379e-06
8.379e-06
8.379e-06
8.379e-06
8.379e-06
8.379e-06
8.379e-06
8.379e-06
8.379e-06
8.379e-06
8.379e-06
1.25061e-05
1.25061e-05
1.25061e-05
1.25061e-05
1.25061e-05
1.81908e-05
1.81908e-05
8.379e-06
8.379e-06
8.379e-06


0.000221902
-0.000288098
0.00294441
0.000762357
0.00257129
0.000706626
0.00521839
0.00351483
0.00334652
-0.0156388
-0.0194111
0.0315588
0.00293773
0.00525405
0.00570848
0.00198687
0.00132237
-0.000460182
0.000887616
0.00447067
0.00308676
-1.31208e-05
0.00236738
0.00561538
0.00729708
0.0041731
-0.00151452
0.0214749
0.0570264
0.0337086

0.029

