395.581
395.581
395.581
395.581
395.581
395.581
395.581
395.581
395.581
395.581
395.581
395.581
395.581
395.581
395.581
395.581
395.581
387.872
387.872
387.872
387.872
387.872
387.872
387.872
387.872
387.872
387.872
378.783
375.074
375.074
375.074
375.074
375.074
375.074
351.15
351.15
265.716
265.716
265.716
265.716
265.716
265.716
265.716
265.716
265.716
265.716
265.716
265.716
265.716
265.716
265.716
265.716
265.716
265.716
265.716
265.716
265.716
265.716
265.716
265.716
265.716
265.716
265.716
265.716
265.716
265.716
265.716
265.716
265.716
265.716
265.716
265.716
265.716
251.573
251.573
251.573
251.573
251.573
251.573
251.573
251.573
251.573
251.573
251.573
251.573
251.573
251.573
251.573
251.573
251.573
251.573
251.573
251.573
251.573
251.573
251.573
251.573
251.573
251.573
251.573
251.573
251.573
251.573
251.573
251.573
251.573
251.573
251.573
251.573
251.573
251.573
251.573
251.573
251.573
251.573
251.573
251.573
251.573
251.573
251.573
251.573
251.573
251.573
251.573
251.573
251.573
251.573
251.573
251.573
251.573
251.573
251.573
251.573
251.573
251.573
251.573
251.573
251.573
251.573
251.573
251.573
251.573
251.573
251.573
251.573
251.573
251.573
251.573
251.573
251.573
251.573
251.573
251.573
251.573
251.573
251.573
251.573
251.573
251.573
251.573
251.573
251.573
251.573
251.573
251.573
251.573
251.573
251.573
251.573
251.573
251.573
251.573
251.573
251.573
251.573
251.573
251.573
251.573
251.573
251.573
251.573
251.573
251.573
251.573
251.573
251.573
251.573
251.573
251.573
251.573
251.573
251.573
251.573
251.573
251.573
251.573
251.573
251.573
251.573
251.573
251.573
251.573
251.573
251.573
251.573
251.573
251.573
251.573
251.573
251.573
251.573
251.573
251.145
251.145
251.145
251.145
251.145
251.145
251.145
251.145
251.145
251.145
251.145
251.145
251.145
251.145
251.145
251.145
251.145
251.145
251.145
251.145
251.145
251.145
251.145
251.145
251.145
251.145
251.145
251.145
251.145
251.145
251.145
251.145
251.145
251.145
251.145
251.145
251.145
251.145
251.145
251.145
251.145
251.145
251.145
251.145
251.145
251.145
251.145
251.145
251.145
251.145
251.145
251.145
251.145
251.145
251.145
251.145
251.145
251.145
251.145
251.145
251.145
251.145
251.145
251.145
251.145
251.145
251.145
251.145
251.145
251.145
251.145
251.145
251.145
251.145
251.145
251.145
251.145
251.145
251.145
251.145
251.145
251.145
251.145
251.145
251.145
251.145
251.145
251.145
251.145
251.145
251.145
251.145
251.145
251.145
251.145
251.145
251.145
251.145
251.145
251.145
251.145
251.145
251.145
251.145
251.145
251.145
251.145
251.145
251.145
251.145
251.145
234.928
234.928
234.928
234.928
234.928
234.928
234.928
234.928
234.928
234.928
234.928
234.928
234.928
234.928
234.928
234.928
234.928
234.928
234.928
234.928
234.928
234.928
234.928
234.928
234.928
234.928
234.928
234.928
234.928
234.928
234.928
234.928
234.928
234.928
234.928
234.928
234.928
234.928
234.928
234.928
234.928
234.928
234.928
234.928
234.928
234.928
234.928
234.928
234.928
234.928
234.928
234.928
234.928
234.928
234.928
234.928
234.928
234.928
234.928
234.928
234.928
234.928
234.928
234.928
234.928
234.928
234.928
213.658
213.658
213.658
213.658
213.658
213.658
213.658
213.658
213.658
213.658
213.658
213.658
213.658
213.658
213.658
213.658
213.658
213.658
213.658
213.658
213.658
213.658
213.658
213.658
213.658
213.658
213.658
213.658
213.338
213.338
213.338
213.338
213.338
213.338
213.338
213.338
213.338
213.338
213.338
213.338
213.338
213.338
213.338
213.338
213.338
213.338
213.338
213.338
213.338
213.338
213.338
213.338
213.338
213.338
213.338
213.338
213.338
213.338
213.338
213.338
213.338
213.338
213.338
213.338
213.338
213.338
213.338
213.338
213.338
177.021
177.021
177.021
177.021
177.021
177.021
177.021
177.021
177.021
177.021
177.021
177.021
177.021
177.021
177.021
177.021
177.021
177.021
177.021
177.021
177.021
177.021
177.021
177.021
177.021
177.021
177.021
177.021
177.021
177.021
177.021
177.021
177.021
177.021
177.021
177.021
177.021
177.021
177.021
177.021
177.021
177.021
177.021
177.021
177.021
177.021
177.021
177.021
177.021
177.021
177.021
177.021
177.021
177.021
177.021
177.021
171.058
171.058
171.058
171.058
171.058
171.058
171.058
171.058
171.058
171.058
171.058
171.058
171.058
171.058
171.058
171.058
171.058
171.058
171.058
171.058
171.058
171.058
171.058
171.058
171.058
171.058
171.058
171.058
171.058
171.058
171.058
171.058
171.058
171.058
171.058
171.058
171.058
171.058
171.058
171.058
171.058
171.058
171.058
171.058
171.058
171.058
171.058
171.058
171.058
171.058
171.058
171.058
171.058
171.058
171.058
171.058
171.058
171.058
171.058
171.058
171.058
171.058
171.058
171.058
171.058
171.058
171.058
171.058
171.058
171.058
171.058
171.058
171.058
171.058
171.058
171.058
171.058
171.058
171.058
171.058
171.058
171.058
171.058
171.058
171.058
171.058
171.058
171.058
171.058
164.901
164.901
164.901
164.901
164.901
164.901
164.901
164.901
164.901
164.901
164.901
164.901
164.901
164.901
164.901
164.901
164.901
164.901
164.901
164.901
164.901
164.901
162.131
162.131
162.131
162.131
162.131
162.131
162.131
162.131
162.131
162.131
162.131
162.131
162.131
162.131
162.131
162.131
162.131
162.131
162.131
162.131
162.131
162.131
162.131
162.131
162.131
162.131
162.131
162.131
162.131
162.131
162.131
162.131
162.131
162.131
162.131
162.131
162.131
162.131
162.131
162.131
162.131
162.131
162.131
162.131
162.131
162.131
162.131
162.131
162.131
162.131
162.131
162.131
162.131
162.131
162.131
162.131
162.131
162.131
162.131
162.131
162.131
162.131
162.131
162.131
162.131
162.131
162.131
162.131
162.131
162.131
162.131
162.131
162.131
162.131
162.131
162.131
162.131
162.131
162.131
162.131
162.131
162.131
162.131
162.131
162.131
162.131
162.131
162.131
162.131
162.131
162.131
162.131
162.131
162.131
162.131
162.131
162.131
162.131
162.131
162.131
162.131
162.131
162.131
162.131
162.131
162.131
162.131
162.131
162.131
162.131
162.131
162.131
162.131
162.131
162.131
162.131
162.131
162.131
162.131
162.131
162.131
162.131
162.131
162.131
162.131
162.131
162.131
162.131
162.131
162.131
162.131
162.131
162.131
162.131
162.131
162.131
162.131
162.131
162.131
162.131
162.131
162.131
162.131
162.131
162.131
162.131
162.131
162.131
162.131
162.131
162.131
162.131
162.131
162.131
162.131
162.131
162.131
162.131
162.131
162.131
162.131
162.131
162.131
162.131
162.131
162.131
162.131
162.131
162.131
161.013
161.013
161.013
161.013
161.013
161.013
161.013
161.013
161.013
161.013
161.013
161.013
161.013
161.013
161.013
161.013
161.013
161.013
161.013
161.013
161.013
161.013
161.013
161.013
161.013
161.013
161.013
161.013
161.013
161.013
161.013
161.013
161.013
161.013
161.013
161.013
161.013
161.013
161.013
161.013
161.013
161.013
161.013
161.013
161.013
161.013
161.013
161.013
161.013
161.013
161.013
161.013
161.013
161.013
161.013
161.013
161.013
161.013
161.013
161.013
161.013
161.013
161.013
161.013
161.013
161.013
161.013
161.013
161.013
161.013
161.013
161.013
161.013
161.013
161.013
161.013
161.013
161.013
161.013
161.013
161.013
161.013
161.013
161.013
161.013
161.013
161.013
161.013
161.013
161.013
161.013
161.013
161.013
161.013
161.013
161.013
161.013
161.013
161.013
161.013
161.013
161.013
161.013
161.013
161.013
161.013
161.013
161.013
161.013
161.013
161.013
161.013
161.013
161.013
161.013
161.013
161.013
161.013
161.013
161.013
161.013
161.013
161.013
161.013
161.013
161.013
161.013
161.013
161.013
161.013
161.013
161.013
161.013
161.013
161.013
161.013
161.013
161.013
161.013
161.013
161.013
161.013
161.013
161.013
161.013
161.013
161.013
161.013
161.013
161.013
161.013
161.013
161.013
161.013
161.013
161.013
161.013
161.013
161.013
161.013
161.013
156.178
156.178
156.178
156.178
156.178
156.178
156.178
156.178
156.178
156.178
156.178
156.178
156.178
156.178
156.178
156.178
156.178
156.178
156.178
156.178
156.178
156.178
156.178
156.178
156.178
156.178
156.178
156.178
156.178
156.178
156.178
156.178
156.178
156.178
156.178
156.178
156.178
156.178
156.178
156.178
156.178
156.178
156.178
156.178
156.178
156.178
156.178
156.178
156.178
156.178
156.178
156.178
156.178
156.178
156.178
156.178
156.178
156.178
156.178
156.178
156.178
156.178
156.178
156.178
156.178
156.178
156.178
156.178
156.178
156.178
156.178
156.178
156.178
156.178
156.178
156.178
156.178
156.178
156.178
156.178
156.178
156.178
156.178
156.178
156.178
156.178
156.178
156.178
156.178
156.178
156.178
156.178
156.178
156.178
156.178
156.178
156.178
156.178
156.178
156.178
156.178
156.178
156.178
156.178
156.178
156.178
156.178
156.178
156.178
156.178
156.178
156.178
156.178
156.178
156.178
156.178
156.178
156.178
156.178
156.178
156.178
156.178
156.178
156.178
156.178
156.178
156.178
156.178
156.178
156.178
156.178
156.178
156.178
156.178
156.178
156.178
156.178
156.178
156.178
156.178
156.178
156.178
156.178
156.178
156.178
156.178
156.178
156.178
156.178
156.178
156.178
156.178
156.178
156.178
156.178
156.178
156.178
156.178
156.178
156.178
156.178
156.178
156.178
156.178
156.178
156.178
156.178
156.178
156.178
156.178
156.178
156.178
156.178
156.178
156.178
156.178
156.178
156.178
156.178
156.178
156.178
156.178
156.178
156.178
156.178
156.178
156.178
156.178
156.178
156.178
156.178
156.178
156.178
156.178
156.178
156.178
156.178
156.178
156.178
156.178
156.178
156.178
156.178
156.178
156.178
156.178
156.178
156.178
156.178
156.178
156.178
156.178
156.178
156.178
156.178
156.178
156.178
156.178
156.178
156.178
156.178
156.178
156.178
156.178
156.178
156.178
156.178
156.178
156.178
156.178
156.178
156.178
156.178
156.178
156.178
156.178
156.178
156.178
156.178
156.178
156.178
156.178
156.178
156.178
156.178
156.178
156.178
156.178
156.178
156.178
156.178
156.178
156.178
156.178
156.178
156.178
156.178
156.178
156.178
156.178
156.178
156.178
156.178
156.178
156.178
156.178
156.178
156.178
156.178
156.178
156.178
156.178
156.178
156.178
156.178
156.178
156.178
156.178
156.178
156.178
156.178
156.178
156.178
156.178
156.178
156.178
156.178
156.178
156.178
156.178
156.178
156.178
156.178
156.178
156.178
156.178
156.178
156.178
156.178
156.178
156.178
156.178
156.178
156.178
156.178
156.178
156.178
156.178
156.178
156.178
156.178
156.178
156.178
156.178
156.178
156.178
156.178
156.178
156.178
156.178
156.178
156.178
156.178
156.178
156.178
156.178
156.178
156.178
156.178
156.178
156.178
156.178
156.178
156.178
156.178
156.178
156.178
156.178
156.178
156.178
156.178
156.178
156.178
156.178
156.178
156.178
156.178
156.178
156.178
156.178
156.178
156.178
156.178
156.178
156.178
156.178
156.178
156.178
156.178
156.178
156.178
156.178
156.178
156.178
156.178
156.178
156.178
156.178
156.178
156.178
156.178
156.178
156.178
156.178
156.178
156.178
156.178
156.178
156.178
156.178
156.178
156.178
156.178
156.178
156.178
156.178
156.178
156.178
156.178
156.178
156.178
156.178
156.178
156.178
156.178
156.178
156.178
156.178
156.178
156.178
156.178
156.178
156.178
156.178
156.178
156.178
156.178
156.178
156.178
156.178
156.178
156.178
156.178
156.178
156.178
156.178
156.178
156.178
156.178
156.178
156.178
156.178
156.178
156.178
156.178
156.178
156.178
156.178
156.178
156.178
156.178
156.178
156.178
156.178
156.178
156.178
156.178
156.178
156.178
156.178
156.178
156.178
156.178
156.178
156.178
156.178
156.178
156.178
156.178
156.178
156.178
156.178
156.178
156.178
156.178
156.178
156.178
156.178
156.178
156.178
156.178
156.178
156.178
156.178
156.178
156.178
156.178
156.178
156.178
156.178
156.178
156.178
156.178
156.178
156.178
156.178
156.178
156.178
156.178
156.178
156.178
156.178
156.178
156.178
156.178
156.178
156.178
156.178
156.178
156.178
156.178
156.178
156.178
156.178
156.178
156.178
156.178
156.178
156.178
156.178
156.178
156.178
156.178
156.178
156.178
156.178
156.178
156.178
156.178
156.178
156.178
156.178
156.178
156.178
156.178
156.178
156.178
156.178
156.178
156.178
156.178
156.178
156.178
156.178
156.178
156.178
156.178
156.178
156.178
156.178
156.178
156.178
156.178
156.178
156.178
156.178
156.178
156.178
156.178
156.178
156.178
156.178
156.178
156.178
156.178
156.178
156.178
156.178
156.178
156.178
156.178
156.178
156.178
156.178
156.178
156.178
156.178
156.178
156.178
156.178
156.178
156.178
156.178
156.178
156.178
156.178
156.178
156.178
156.178
156.178
154.884
154.884
154.884
154.884
154.884
154.884
154.884
154.884
154.884
154.884
154.884
154.884
154.884
154.884
154.884
154.884
154.884
154.884
154.884
154.884
154.884
154.884
154.884
154.884
154.884
154.884
154.884
154.884
154.884
154.884
154.884
154.884
154.884
154.884
154.884
154.884
154.884
154.884
154.884
154.884
154.884
154.884
154.884
154.884
154.884
154.884
154.884
154.884
154.884
154.884
154.884
154.884
154.884
154.884
154.884
154.884
154.884
154.884
154.884
154.884
154.884
154.884
154.884
154.884
154.884
154.884
154.884
154.884
154.884
154.884
154.884
154.884
154.884
154.884
154.884
154.884
154.884
154.884
154.884
154.884
154.884
154.884
154.884
154.884
154.884
154.884
154.884
154.884
154.884
154.884
154.884
154.884
154.884
154.884
154.884
154.884
154.884
154.884
154.884
154.884
154.884
154.884
154.884
154.884
154.884
154.884
154.884
154.884
154.884
154.884
154.884
154.884
154.884
154.884
154.884
154.884
154.884
154.884
154.884
154.884
154.884
154.884
154.884
154.884
154.884
154.884
154.884
154.884
154.884
154.884
154.884
154.884
154.884
154.884
154.884
154.884
154.884
154.884
154.884
154.884
154.884
154.884
154.884
154.884
154.884
154.884
154.884
154.884
154.884
154.884
154.884
154.884
154.884
154.884
154.884
154.884
154.884
154.884
154.884
154.884
154.884
154.884
154.884
154.884
154.884
154.884
154.884
154.884
154.884
154.884
154.884
154.884
154.884
154.884
154.884
154.884
154.884
154.884
154.884
154.884
154.884
154.884
154.884
154.884
154.884
154.884
154.884
154.884
154.884
154.884
153.964
153.964
153.964
153.964
153.964
153.964
153.964
153.964
153.964
153.964
153.964
153.964
153.964
153.964
153.964
153.964
153.964
153.964
153.964
153.964
153.964
153.964
153.964
153.964
153.964
153.964
153.964
153.964
153.964
153.964
153.964
153.964
153.964
153.964
153.964
153.964
153.964
153.964
153.964
153.964
153.964
153.964
153.964
153.964
153.964
153.964
153.964
153.964
153.964
153.964
153.964
153.964
153.964
153.964
153.964
153.964
153.964
153.964
153.964
153.964
153.964
153.964
153.964
153.964
153.964
153.964
153.964
153.964
153.964
153.964
153.964
153.964
153.964
153.964
153.964
153.964
153.964
153.964
153.964
153.964
153.964
153.964
153.964
153.964
153.964
153.964
153.964
153.964
153.964
151.684
151.684
151.684
151.684
151.684
151.684
151.684
151.684
151.684
151.684
151.684
151.684
151.684
151.684
151.684
151.684
151.684
151.684
151.684
151.684
151.684
151.684
151.684
151.684
151.684
151.684
151.684
151.684
151.684
151.684
151.684
151.684
151.684
151.684
151.684
151.684
151.684
151.684
151.684
151.684
151.684
151.684
151.684
151.684
151.684
151.684
151.684
151.684
151.684
151.684
151.684
151.684
151.684
151.684
151.684
151.684
151.684
151.684
151.684
151.684
151.684
151.684
151.684
151.684
151.684
151.684
151.684
151.684
151.684
151.684
151.684
151.684
151.684
151.684
151.684
151.684
151.684
151.684
151.684
151.684
151.684
151.684
151.684
151.684
151.684
151.684
151.684
151.684
151.684
151.684
151.684
151.684
151.684
151.684
151.684
151.684
151.684
151.684
151.684
151.684
151.684
151.684
151.684
151.684
151.684
151.684
151.684
151.684
151.684
151.684
151.684
151.684
151.684
151.684
151.684
151.684
151.684
151.684
151.684
151.684
151.684
151.684
151.684
151.684
151.684
151.684
151.684
151.684
151.684
151.684
151.684
151.684
151.684
151.684
151.684
151.684
151.684
151.684
151.684
151.684
151.684
151.684
151.684
151.684
151.684
151.684
151.684
151.684
151.684
151.684
151.684
151.684
151.684
151.684
151.684
151.684
151.684
151.684
151.684
151.684
151.684
151.684
151.684
151.684
151.684
151.684
151.684
151.684
151.684
151.684
151.684
151.684
151.684
151.684
151.684
151.684
151.684
151.684
151.684
151.684
151.684
151.684
151.684
151.684
151.684
151.684
151.684
151.684
151.684
151.684
151.684
151.684
151.684
151.684
151.684


-0.132849
-1.67068
0.689651
-0.01759
-1.76838
0.0935432
1.04747
-0.950923
1.09623
1.20304
-0.933655
1.0515
0.182836
1.07178
0.101705
-0.940764
-0.118814
0.0718865
-0.0592845
1.00155
-0.000382574
0.942499
0.888132
0.547441
0.903629
0.276592
-0.128479
0.460442
-0.823797
0.00875128

0.031

