532.071
532.071
498.917
498.917
498.917
498.917
498.917
498.917
498.917
498.917
498.425
498.425
498.425
498.425
498.425
498.425
498.425
498.425
498.425
498.425
498.425
498.425
498.425
498.425
495.171
495.171
495.171
482.473
446.002
446.002
446.002
446.002
446.002
446.002
446.002
446.002
446.002
443.876
443.876
443.876
443.876
443.876
425.342
405.596
405.596
405.596
405.596
405.596
405.596
405.596
405.596
340.822
340.822
340.822
340.822
340.822
340.822
340.822
340.822
283.685
283.685
283.685
283.685
283.685
283.685
283.685
283.685
283.685
283.685
283.685
283.685
283.685
283.685
273.676
273.676
273.676
273.676
273.676
273.676
273.676
273.676
273.676
273.676
273.676
238.185
238.185
238.185
238.185
229.328
229.328
229.328
229.328
229.328
229.328
201.04
201.04
201.04
201.04
201.04
201.04
201.04
201.04
201.04
198.85
198.85
198.85
198.85
198.85
198.85
198.85
198.85
198.85
198.85
198.85
198.85
198.85
198.85
198.85
198.85
195.006
195.006
195.006
195.006
195.006
195.006
195.006
195.006
195.006
195.006
195.006
195.006
195.006
195.006
191.859
191.859
191.859
191.859
191.859
191.859
191.859
191.859
191.859
191.859
191.859
191.859
191.859
191.859
191.859
191.859
185.913
185.913
185.913
185.913
185.913
185.913
185.913
185.913
185.913
185.913
185.913
185.913
185.913
175.779
175.779
175.779
175.779
175.779
172.607
172.607
172.607
172.607
172.607
172.607
172.607
137.397
137.397
137.397
137.397
137.397
137.397
137.397
137.397
137.397
137.397
137.397
137.397
137.397
137.397
137.397
137.397
134.649
134.649
134.649
134.649
134.649
133.072
133.072
127.604
127.604
127.604
127.604
127.604
127.604
127.604
127.604
127.604
127.604
127.604
127.604
127.604
127.604
127.604
127.604
127.604
127.604
127.604
127.006
127.006
127.006
127.006
120.127
120.127
120.127
112.276
112.276
112.276
112.276
112.276
112.276
112.276
112.276
112.276
112.276
112.276
112.276
112.276
112.276
112.276
112.276
112.214
112.214
112.214
112.214
112.214
112.214
112.214
112.214
112.214
112.214
102.479
99.1019
99.1019
99.1019
99.1019
99.1019
98.2959
98.2959
98.2959
98.2959
98.2959
98.2959
95.6616
95.6616
95.6616
95.6616
95.6616
95.6616
95.6616
95.6616
95.6616
95.507
95.507
95.507
95.507
95.507
95.507
95.507
95.507
95.507
95.507
95.507
95.507
95.507
95.507
93.4841
93.4841
93.4841
93.4841
89.7529
89.7529
79.3862
79.3862
79.3862
79.3862
75.8844
75.8844
75.8844
75.8844
75.8844
75.8844
75.8844
75.8844
75.8844
75.8844
72.5069
72.5069
72.5069
72.5069
72.5069
72.5069
72.5069
72.5069
72.5069
72.5069
72.5069
71.4997
71.4997
71.4997
71.4997
71.4997
71.4997
71.4997
71.4997
71.4997
71.4997
71.4997
71.4997
71.4997
71.4997
71.4997
71.4997
71.4997
71.4997
71.4997
71.4997
71.4997
71.4997
71.4997
71.4997
71.4997
71.4997
71.4997
71.4997
71.4997
71.4997
71.4997
64.1771
64.1771
64.1771
64.1771
64.1771
64.1771
64.1771
64.1771
64.1771
64.1771
64.1771
64.1771
64.1771
64.1771
63.1699
63.1699
63.1699
63.1699
63.1699
63.1699
63.1699
63.1699
63.1699
63.1699
63.1699
63.1699
63.1699
62.8019
62.8019
62.8019
62.8019
62.8019
62.8019
62.8019
62.8019
62.8019
62.8019
62.8019
62.8019
62.8019
62.8019
62.8019
60.1026
60.1026
60.1026
60.1026
60.1026
60.1026
60.1026
60.1026
60.1026
60.1026
60.1026
60.1026
60.1026
60.1026
60.1026
60.1026
60.1026
60.1026
59.7346
59.7346
59.7346
59.7346
59.5509
59.5509
59.5509
59.5509
59.5509
59.5509
59.5509
59.5509
59.5509
59.5509
59.5509
59.5509
59.5509
59.5509
59.5509
59.5509
59.5509
59.5509
59.5509
59.5509
59.5509
53.3213
53.3213
53.3213
53.3213
53.3213
53.3213
53.3213
53.3213
53.3213
53.3213
53.3213
53.3213
53.3213
53.3213
53.3213
53.3213
53.3213
53.3213
53.3213
53.3213
50.0655
50.0655
50.0655
50.0655
50.0655
50.0655
50.0655
50.0655
50.0655
50.0655
50.0655
50.0655
50.0655
50.0655
50.0655
50.0655
50.0655
50.0655
49.8818
49.8818
49.8818
49.8818
49.8818
49.8818
49.8818
49.8818
49.8818
49.8818
49.8818
49.8818
49.8818
49.8818
49.8818
49.8818
49.8818
49.8818
49.8818
49.8818
49.8818
49.8818
49.8818
49.8818
49.8818
49.8818
49.8818
49.8818
49.8818
49.676
49.676
49.676
49.676
49.676
49.676
49.676
49.676
49.676
49.676
49.676
49.676
49.676
49.3887
49.3887
49.3887
49.3887
49.3887
49.3887
49.3887
49.3887
49.3887
49.3887
49.3887
49.3887
49.3887
47.023
47.023
47.023
47.023
47.023
47.023
47.023
47.023
47.023
47.023
47.023
47.023
47.023
47.023
47.023
47.023
47.023
47.023
47.023
47.023
47.023
47.023
47.023
47.023
47.023
47.023
47.023
47.023
47.023
47.023
47.023
47.023
47.023
47.023
47.023
47.023
47.023
47.023
47.023
47.023
47.023
47.023
47.023
47.023
44.8541
44.8541
42.6392
42.6392
42.6392
42.6392
42.6392
42.6392
42.6392
42.6392
42.6392
42.6392
42.6392
42.2396
42.2396
40.3872
38.3006
38.0065
38.0065
38.0065
38.0065
38.0065
34.1993
34.1993
34.1993
34.1993
34.1993
34.1993
34.1993
34.1993
34.1993
34.1993
34.1993
34.1993
34.1993
34.1993
34.1993
34.1993
34.1993
34.1993
34.1993
34.1993
34.1993
34.1993
34.1993
34.1993
34.1993
34.1993
34.1993
34.1993
33.5915
33.5915
33.5915
33.5915
33.5915
33.5915
33.5915
33.5915
33.5915
33.5915
33.5915
33.5915
33.5915
33.5915
33.5915
33.1662
33.1662
33.1662
33.1662
33.1662
33.1662
33.1662
32.6525
32.6525
32.6525
32.6525
32.6525
32.6525
31.6195
31.6195
31.6195
31.6195
31.6195
31.6195
31.6195
31.6195
31.6195
31.6195
31.6195
31.6195
31.6195
31.6195
31.6195
31.6195
31.6195
31.3371
31.3371
31.3371
31.3371
31.3371
31.3371
31.3371
31.3371
31.3371
31.3371
31.3371
31.3371
31.3371
31.3371
31.3371
31.3371
31.3371
31.3371
31.3371
31.3371
31.3371
31.3371
31.3371
31.3371
31.3371
31.3371
31.3371
31.3371
31.3371
31.3371
31.3371
31.3371
31.3371
31.3371
31.3371
31.3371
31.3371
31.3371
31.3371
31.3371
31.3371
31.3371
29.9482
29.9482
29.9482
29.9482
29.9482
29.9482
28.7546
28.0469
28.0469
28.0469
28.0469
28.0469
28.0469
28.0469
28.0469
28.0469
28.0469
28.0469
28.0469
28.0469
28.0469
28.0469
28.0469
28.0469
28.0469
28.0469
28.0469
28.0469
28.0469
28.0469
28.0469
28.0469
28.0469
28.0469
28.0469
28.0469
28.0469
28.0469
28.0469
28.0469
28.0469
28.0469
28.0469
28.0469
28.0469
28.0469
28.0469
28.0469
28.0469
26.8045
26.8045
26.8045
26.8045
26.8045
26.3792
26.3792
26.3792
26.3792
26.3792
26.3792
26.3792
26.3792
26.3792
26.3792
26.3792
26.3792
26.3792
26.3792
26.3792
26.3265
26.3265
26.3265
26.3265
26.3265
26.3265
26.3265
26.3265
26.3265
26.3265
26.3265
26.114
26.114
26.114
26.114
26.114
26.114
26.114
26.114
26.114
26.114
26.114
26.114
26.114
26.114
26.114
26.114
26.114
26.114
26.114
26.114
26.114
26.114
26.114
26.114
26.114
26.114
26.114
26.114
26.114
26.114
26.114
26.114
26.114
26.114
26.114
26.114
26.114
25.1847
25.1847
25.1847
25.1847
25.1847
25.1847
25.1847
25.1847
25.1847
25.1847
25.1847
25.1847
25.1847
25.1847
25.1847
25.1847
25.1847
25.1847
24.9887
24.0595
24.0595
24.0595
24.0595
24.0595
24.0595
24.0595
24.0595
24.0595
24.0595
24.0595
24.0595
24.0595
24.0158
24.0158
24.0158
24.0158
24.0158
24.0158
24.0158
24.0158
24.0158
24.0158
24.0158
24.0158
24.0158
24.0158
24.0158
24.0158
21.2626
21.2626
21.2626
21.2626
21.2626
21.2626
21.2626
21.2626
21.2626
21.2626
21.2626
21.2626
21.2626
21.2626
21.2626
21.2626
21.2626
21.2626
21.2626
21.2626
21.2626
21.2626
21.2626
21.2626
21.2626
21.2626
21.2626
21.2626
21.2626
21.2626
21.2626
21.2626
21.2626
21.2626
21.2626
21.2626
21.2626
21.2626
21.2626
21.2626
21.2626
21.2189
21.2189
21.2189
21.2189
21.2189
21.2189
21.2189
21.2189
21.2189
21.2189
21.2189
21.2189
21.2189
21.2189
21.2189
21.2189
21.2189
21.2189
21.2189
21.2189
21.2189
21.2189
21.2189
20.8461
20.8461
20.8461
20.8461
20.8461
20.8461
20.8461
20.8461
20.8461
20.8461
20.8461
20.8461
20.8461
20.8461
20.8461
20.8461
20.8461
20.8461
20.8461
20.8461
20.8461
20.8461
20.8461
20.8461
20.8461
20.8461
20.8461
20.8461
20.8461
20.8461
20.8461
20.8461
20.8461
20.8461
20.8461
20.8461
20.8461
20.8461
20.8461
20.8461
20.8461
20.8461
20.8461
20.8461
20.8461
20.8024
20.8024
20.8024
20.8024
20.8024
20.8024
20.8024
20.8024
20.8024
20.8024
20.8024
20.8024
20.8024
20.8024
20.1283
20.1283
19.8592
19.8592
19.8592
19.8592
19.8592
19.8592
19.8592
19.8592
19.8592
19.8592
19.8592
18.798
18.798
18.798
18.798
18.798
18.798
18.798
18.798
18.798
18.798
18.798
18.798
18.798
18.798
18.798
18.798
18.798
18.798
18.798
18.798
18.798
18.798
18.798
18.798
18.798
18.798
18.798
18.798
18.798
18.798
18.798
18.798
18.798
18.798
18.798
18.798
18.798
18.798
18.798
18.798
18.798
18.798
18.798
18.798
18.798
18.798
18.798
18.2258
18.2258
18.2258
18.2258
18.2258
18.2258
18.2258
15.9068
15.9068
15.9068
15.9068
15.9068
15.9068
15.9068
15.9068
15.9068
15.9068
15.9068
15.9068
15.9068
15.9068
15.9068
15.9068
15.9068
15.9068
15.9068
15.9068
15.9068
15.9068
15.9068
15.9068
15.9068
15.9068
15.9068
15.9068
15.9068
15.9068
15.9068
15.9068
14.661
14.661
14.661
14.661
14.661
14.661
14.661
14.661
14.661
14.661
14.661
14.661
14.661
14.661
14.661
14.661
14.661
14.661
14.661
14.661
14.661
14.661
14.661
14.661
14.661
14.661
14.661
14.661
14.661
14.661
14.661
14.661
14.661
14.661
14.661
14.661
14.4828
14.4828
14.4828
14.4828
14.4828
14.4828
14.4828
14.4828
14.4828
14.4828
14.4828
14.4828
14.4828
14.4828
14.4828
14.4828
14.4828
14.4828
14.4828
14.4828
14.4828
14.4828
14.4828
13.1736
13.1736
13.1736
13.1736
13.1736
13.1736
13.1736
13.1736
13.1736
13.1736
13.1736
13.1736
13.1736
13.1736
13.1736
13.1736
13.1736
13.1736
13.1736
13.1736
13.1736
13.1736
13.1736
13.1736
13.1736
12.2493
12.2493
12.2493
12.2493
12.2493
12.2493
12.2493
12.2493
12.2493
12.2493
12.2493
12.2493
12.2493
12.2493
12.2493
12.2493
11.9782
11.9782
11.024
11.024
11.024
11.024
11.024
11.024
11.024
11.024
11.024
11.024
11.024
11.024
11.024
11.024
11.024
11.024
11.024
11.024
11.024
11.024
11.024
11.024
11.024
11.024
11.024
11.024
11.024
11.024
11.024
11.024
11.024
11.024
11.024
11.024
11.024
11.024
11.024
9.82858
9.82858
9.79145
9.79145
9.79145
9.79145
9.79145
9.79145
9.79145
9.79145
9.79145
9.79145
9.79145
9.79145
9.79145
9.79145
9.79145
9.79145
9.79145
9.79145
9.79145
9.79145
9.79145
9.79145
9.79145
9.79145
9.79145
9.79145
9.79145
9.79145
9.79145
9.79145
9.79145
9.79145
9.79145
9.79145
9.79145
9.79145
9.79145
9.79145
9.79145
9.79145
9.79145
9.79145
9.79145
9.79145
9.79145
8.76148
8.76148
8.76148
8.76148
8.76148
8.76148
8.76148
8.76148
8.76148
8.76148
8.76148
8.76148
8.76148
8.76148
8.76148
8.76148
8.76148
8.76148
8.76148
8.76148
8.76148
8.76148
8.76148
8.76148
8.76148
8.76148
8.76148
8.76148
8.76148
8.76148
8.76148
8.76148
8.76148
8.76148
8.76148
8.76148
8.73053
8.73053
8.73053
8.73053
8.73053
8.73053
8.73053
8.73053
8.73053
8.73053
8.73053
8.73053
8.72324
8.72324
8.72324
8.72324
8.72324
8.72324
8.72324
8.72324
8.72324
8.72324
8.72324
8.72324
8.72324
8.72324
8.72324
8.72324
8.72324
8.72324
8.72324
8.72324
8.72324
8.72324
8.72324
8.72324
8.72324
8.72324
8.72324
8.72324
8.72324
8.72324
8.72324
8.72324
8.72324
8.72324
8.72324
8.72324
8.72324
8.72324
8.72324
8.72324
8.72324
8.72324
8.72324
8.72324
8.72324
8.72324
8.72324
8.72324
8.72324
8.72324
8.72324
8.72324
8.72324
8.72324
8.72324
8.72324
8.72324
8.72324
8.72324
8.72324
8.72324
8.72324
8.72324
8.72324
8.72324
8.72324
8.72324
8.72324
8.72324
8.72324
8.72324
8.72324
8.72324
8.72324
8.72324
8.72324
8.72324
8.72324
8.72324
8.72324
8.72324
8.72324
8.72324
8.72324
8.72324
8.72324
8.72324
8.72324
8.72324
8.72324
8.72324
8.72324
8.72324
8.72324
8.72324
8.72324
8.72324
8.72324
8.72324
8.72324
8.72324
8.72324
8.72324
8.72324
8.72324
8.705
8.705
8.705
8.705
8.705
8.705
8.69329
8.69329
8.69329
8.69329
7.53911
7.53911
7.53911
7.53911
7.53911
7.53911
7.53911
7.53911
7.53911
7.53911
7.53911
7.53911
7.53911
7.53911
7.53911
7.53911
7.53911
7.53911
7.53911
7.53911
7.53911
7.53911
7.53911
7.53911
7.53911
7.53911
7.53911
7.53911
7.53911
7.53911
7.53911
7.53911
7.53911
7.53911
7.53911
7.53911
7.53911
7.53911
7.53911
7.53911
7.53911
7.53911
7.53911
7.53911
7.53911
7.53911
7.53911
7.53911
7.53911
7.53911
7.53911
7.53911
7.53911
7.53911
7.53911
7.53911
7.53911
7.53911
7.53911
7.53911
7.53911
7.53911
7.53911
7.53911
7.53911
7.53911
7.53911
7.53911
7.53911
7.53911
7.53911
7.53911
7.53911
7.53911
7.53911
7.53911
7.53911
7.53911
7.53911
7.53911
7.53911
7.53911
7.53911
7.53911
7.53911
7.53911
7.53911
7.53911
7.53911
7.53911
7.53911
7.53911
7.53911
7.53911
7.53911
7.53911
7.53911
7.53911
7.53911
7.53911
7.53911
7.53911
7.53911
7.53911
7.53911
7.53911
7.53911
7.53911
7.53911
7.53911
7.53911
7.53911
7.53911
7.53911
7.53911
7.53911
7.53911
7.53911
7.53911
7.53911
7.53911
7.53911
7.53911
7.53911
7.53911
7.53911
7.53911
7.53911
7.53911
7.53911
7.53911
7.53911
7.53911
7.53911
7.53911
7.53911
7.53911
7.53911
7.53911
7.53911
7.53911
7.53911
7.53911
7.53911
7.53911
7.53911
7.53911
7.53911
7.53911
7.53911
7.53911
7.53911
7.53911
7.53911
7.53911
7.53911
7.53911
7.53911
7.53911
7.53911
7.53911
7.53911
7.50916
7.50916
7.50916
7.50916
7.50916
7.50916
7.50916
7.50916
7.50916
7.50916
7.50916
7.50916
7.50916
7.50916
7.50916
7.49796
7.49796
7.49796
7.49796
7.49796
7.49796
7.49796
7.49796
7.49796
7.49796
7.49796
7.49796
7.49796
7.49796
7.49796
7.49796
7.49796
7.49796
7.49796
7.49796
7.49796
7.49796
7.46801
7.46801
7.46801
7.46801
7.46801
7.46801
7.46801
7.46801
7.46801
7.46801
7.46801
7.46801
7.46801
7.46801
7.46801
7.46801
7.46801
7.46801
7.46801
7.46801
7.46801
7.46801
7.46801
7.46801
7.46801
7.46801
7.46801
7.46801
7.46801
7.46801
7.46801
7.46801
7.46801
7.46801
7.46801
7.46801
7.46801
7.46801
7.46801
7.46801
7.46801
7.46801
7.46801
7.46801
7.46801
7.46801
7.46801
7.46801
7.46801
7.46801
7.46801
7.46801
7.46801
7.46801
7.46801
7.46801
7.46801
7.46801
7.46801
7.46801
7.46801
7.46801
7.46801
7.46801
7.46801
7.46801
7.46801
7.46801
7.46801
7.46801
7.46801
7.46801
7.46801
7.46801
7.46801
7.46801
7.46801
7.46801
7.46801
7.46801
7.46801
7.46801
7.46801
7.46801
7.46801
7.46801
7.46801
7.46801
7.46801
7.46801
7.46801
7.46801
7.46801
7.46801
7.46801
7.46801
7.46801
7.46801
7.46801
7.46801
7.46801
7.46801
7.46801
7.46801
7.46801
7.46801
7.46801
7.46801
7.46801
7.46801
7.46801
7.46801
7.46801
7.46801
7.46801
7.46801
7.46801
7.46801
7.46801
7.46801
7.46801
7.46801
7.46801
7.46801
7.46801
7.46801
7.46801
7.46801
7.46801
7.46801
7.46801
7.46801
7.46801
7.46801
7.22592
7.22592
7.22592
7.22592
7.22592
7.22592
7.22592
7.22592
7.22592
7.22592
7.22592
7.22592
7.22592
7.22592
7.22592
7.22592
7.22592
7.22592
7.22592
7.22592
7.22592
7.22592
7.22592
7.22592
7.22592
7.22592
7.22592
7.22592
7.22592
7.22592
7.22592
7.22592
7.22592
7.22592
7.22592
7.22592
7.22592
7.22592
7.22592
7.22592
7.22592
7.22592
7.22592
7.22592
7.22592
7.22592
7.22592
7.22592
7.22592
7.22592
7.22592
7.22592
7.22592
7.22592
7.22592
7.22592
7.22592
7.22592
7.22592
7.22592
7.22592
7.22592
7.22592
7.22592
7.22592
7.22592
7.22592
7.22592
7.22592
7.22592
7.22592
7.22592
7.22592
7.22592
7.22592
7.22592
7.22592
7.22592
7.22592
7.22592
7.22592
7.22592
7.22592
7.22592
7.22592
7.22592
7.22592
7.22592
7.22592
7.22592
7.22592
7.22592
7.22592
7.22592
7.22592
7.22592
7.22592
7.22592
7.22592
7.22592
7.22592
7.22592
7.22592
7.22592
7.22592
7.22592
7.22592
7.22592
7.22592
7.22592
7.22592
7.22592
7.22592
7.22592
7.22592
7.22592
7.22592
7.16737
7.16737
7.16737
7.16737
7.16737
7.16737
7.16737
7.16737
7.16737
7.16737
7.16737
7.16737
7.16737
7.16737
7.16737
7.16737
6.9151
6.9151
6.9151
6.9151
6.9151
6.9151
6.9151
6.9151
6.9151
6.9151
6.9151
6.9151
6.9151
6.9151
6.9151
6.9151
6.9151
6.9151
6.9151
6.9151
6.9151
6.9151
6.9151
6.9151
6.9151
6.9151
6.9151
6.9151
6.9151
6.9151
6.9151
6.9151
6.9151
6.9151
6.9151
6.9151
6.9151
6.9151
6.9151
6.9151
6.9151
6.9151
6.9151
6.9151
6.9151
6.9151
6.9151
6.9151
6.9151
6.9151
6.9151
6.9151
6.9151
6.9151
6.9151
6.9151
6.9151
6.9151
6.9151
6.9151
6.9151
6.9151
6.9151
6.9151
6.9151
6.9151
6.9151
6.9151
6.9151
6.9151
6.9151
6.9151
6.9151
6.9151
6.9151
6.9151
6.9151
6.9151
6.9151
6.9151
6.9151
6.9151
6.9151
6.9151
6.9151
6.41123
6.41123
6.41123
6.41123
6.41123
6.41123
6.41123
6.41123


2.25227
-8.80764
14.5573
0.128178
29.0597
25.0679
-10.8585
3.09458
-70.4062
1.33671
0.970489
-8.03858
-15.2165
2.32551
-9.43022
-12.946
-38.8745
20.1605
3.57067
-2.72835
55.0249
46.9314
-35.0658
-2.83822
-1.95929
2.91147
29.2062
27.4483
-25.251
-59.7491

0.026

