646.133
646.133
646.133
646.133
646.133
646.133
646.133
646.133
646.133
646.133
512.445
512.445
512.445
512.445
451.693
451.693
451.693
451.693
451.693
451.693
451.693
451.693
451.693
451.693
451.693
451.693
451.693
451.693
417.376
417.376
417.376
417.376
417.376
417.376
417.376
417.376
417.376
395.447
391.037
391.037
391.037
391.037
391.037
391.037
391.037
391.037
391.037
391.037
391.037
391.037
391.037
391.037
391.037
391.037
391.037
389.783
389.783
389.783
389.783
389.783
389.783
389.783
389.783
389.783
389.783
389.783
389.783
389.783
314.593
314.593
314.593
314.593
314.593
314.593
314.593
314.593
314.593
283.811
283.811
283.811
283.811
283.811
283.811
283.811
270.225
270.225
270.225
270.225
270.225
270.225
270.225
270.225
270.225
270.225
270.225
257.835
257.835
257.835
257.835
257.835
257.835
257.835
257.835
257.835
257.835
257.835
257.835
252.323
252.323
252.323
252.323
252.323
252.323
252.323
252.323
252.323
252.323
252.323
252.323
252.323
252.323
252.323
252.323
252.323
252.323
252.323
252.323
243.886
243.886
235.906
235.906
235.906
235.906
235.906
235.906
235.906
235.906
235.906
235.906
235.906
235.906
235.906
235.906
235.906
235.906
235.906
235.906
235.906
235.906
235.906
221.938
221.938
221.938
221.938
221.938
221.938
221.938
221.938
221.938
221.938
221.938
221.938
221.938
221.938
221.938
221.938
221.938
221.938
216.596
216.596
216.596
216.596
216.596
216.596
216.596
216.596
216.596
216.596
216.596
212.69
212.69
209.457
209.457
209.457
209.457
209.457
209.457
209.457
209.457
209.457
209.457
209.457
209.457
209.457
209.457
203.594
203.594
201.05
201.05
201.05
201.05
201.05
201.05
201.05
197.451
197.451
197.451
197.451
197.451
197.451
197.451
195.186
195.186
192.891
192.891
192.891
192.891
192.891
192.891
192.891
192.891
192.891
192.891
192.891
192.891
192.891
192.891
192.891
192.891
192.891
192.891
192.891
192.891
192.891
187.047
187.047
187.047
187.047
187.047
187.047
187.047
174.866
174.866
174.866
174.866
174.866
174.866
174.866
174.866
160.088
146.119
146.119
146.119
146.119
140.275
140.275
140.275
140.275
140.275
140.275
140.275
140.275
140.275
140.275
140.275
140.275
140.275
140.275
140.275
140.275
140.275
140.275
140.275
140.275
139.942
139.942
139.942
139.942
139.942
139.942
137.591
133.992
133.992
133.992
133.992
133.992
133.992
133.992
133.992
133.992
133.992
133.992
133.992
133.992
133.992
133.992
133.992
133.992
133.992
133.992
133.992
125.584
125.584
125.584
125.584
125.584
122.846
122.846
122.846
122.846
122.846
122.846
122.846
122.846
122.846
122.846
122.846
122.846
121.689
121.689
121.689
121.689
119.487
119.487
118.641
112.832
112.832
112.199
111.851
111.851
111.851
111.851
111.851
111.851
111.851
111.851
111.851
111.851
110.127
110.127
110.127
110.127
110.127
110.127
110.127
110.127
110.127
110.127
110.127
110.127
110.127
110.127
108.222
108.222
108.222
108.222
108.222
108.222
108.222
108.222
108.222
108.222
108.222
108.222
107.128
96.5256
96.5256
96.5256
95.0065
95.0065
95.0065
95.0065
95.0065
95.0065
95.0065
95.0065
95.0065
95.0065
95.0065
95.0065
95.0065
95.0065
95.0065
95.0065
95.0065
95.0065
95.0065
95.0065
95.0065
95.0065
95.0065
95.0065
95.0065
95.0065
94.8218
94.8218
94.8218
94.602
94.602
94.602
94.602
93.1289
93.1289
89.0911
89.0911
89.0911
89.0911
89.0911
89.0911
89.0911
89.0911
89.0911
89.0911
89.0009
89.0009
87.2714
87.2714
87.2714
87.2714
86.5706
86.5706
86.5706
86.5706
86.5706
86.5706
86.5706
86.5706
86.5706
86.5706
86.5706
86.5706
86.2563
86.2563
84.0939
84.0939
84.0939
84.0939
84.0939
84.0939
84.0939
84.0939
84.0939
84.0939
81.2591
81.2591
81.2591
81.2591
81.2591
81.2591
81.2591
81.2591
81.2591
81.2591
81.2591
81.2591
81.2591
81.2591
81.2591
81.2591
81.2591
81.2591
81.2591
81.2591
81.2591
81.2591
81.2591
81.2591
81.2591
81.2591
81.2591
81.2591
81.2591
81.2591
81.2591
81.2591
81.2591
81.2591
81.2591
81.2591
81.2591
81.2591
81.2591
81.2591
79.8357
79.8357
79.8357
79.8357
79.8357
79.8357
79.8357
79.8357
79.8357
79.8357
79.8357
79.8357
79.8357
79.8357
79.8357
79.8357
79.8357
79.8357
79.8357
79.8357
79.8357
79.8357
79.8357
74.7959
74.7959
74.7959
74.7959
74.7959
74.7959
74.7959
74.7959
72.4154
72.4154
72.4154
72.4154
72.4154
72.4154
72.4154
72.4154
72.4154
72.4154
72.4154
72.4154
72.4154
72.4154
72.4154
72.4154
72.4154
72.4154
72.4154
72.4154
72.4154
72.4154
68.8219
68.8219
68.8219
68.8219
68.8219
68.8219
68.8219
68.8219
68.8219
68.8219
68.8219
68.8219
68.8219
68.8219
68.8219
68.8219
68.8219
68.8219
68.8219
68.8219
68.8219
68.8219
68.8219
68.8219
68.8219
68.8219
68.8219
68.8219
68.8219
67.9336
67.9336
67.9336
67.9336
67.9336
67.9336
67.9336
67.9071
67.9071
67.9071
67.9071
66.78
66.78
66.78
66.78
66.78
66.78
66.78
66.78
66.78
66.4838
65.1809
65.1809
65.1809
65.1809
65.1809
65.1809
65.1809
65.1809
65.1809
62.1818
62.1818
62.1818
62.1818
62.1818
62.1818
62.1818
62.1818
62.1818
62.1818
62.1818
62.1818
62.1818
62.1818
62.1818
62.1818
62.1818
62.1818
62.1818
62.1818
62.1818
62.1818
62.1818
62.1818
62.1818
62.1818
62.1818
62.1818
62.1818
62.1818
62.1818
62.1818
62.1818
62.1818
62.1818
62.1818
62.1818
62.1818
62.1818
62.1818
62.1818
62.1818
62.1818
62.1818
62.1818
62.1818
62.1818
62.1818
62.1818
62.1818
62.1818
62.1818
62.1818
62.1818
62.1818
62.1818
62.1818
62.1818
57.1168
57.1168
57.1168
56.9773
56.9773
56.9773
56.9773
56.9773
56.9773
56.9773
56.9773
56.9773
56.9773
56.9773
56.9773
56.9773
56.9773
56.9773
56.9773
56.9773
56.9773
56.9773
56.064
56.064
56.064
56.064
56.064
56.064
56.064
56.064
56.064
56.064
56.064
56.064
55.9245
55.9245
55.9245
55.9245
55.9245
55.9245
55.9245
55.9245
55.9245
55.9245
55.9245
55.9245
55.9245
55.9245
55.9245
55.9245
55.9245
55.9245
55.9245
55.9245
55.9245
55.9245
55.9245
55.9245
55.9245
55.9245
55.9245
55.2289
55.2289
55.2289
55.2289
55.2289
55.2289
55.2289
55.2289
55.2289
55.2289
55.2289
55.2289
55.2289
55.2289
55.2289
55.2289
55.2289
55.2289
55.2289
55.2289
55.2289
55.2289
55.2289
55.2289
55.2289
55.2289
55.2289
55.2289
55.2289
55.2289
55.2289
55.2289
55.2289
55.2289
55.2289
55.2289
55.2289
55.2289
55.2289
55.2289
55.2289
55.2289
55.2289
55.2289
55.2289
55.2289
55.2289
55.2289
55.2289
55.2289
55.2289
55.2289
55.2289
55.2289
55.2289
55.2289
55.2289
55.2289
55.2289
55.2289
55.2289
55.2289
55.2289
55.2289
55.2289
55.2289
55.2289
55.2289
55.2289
55.2289
55.2289
55.2289
55.2289
55.2289
55.2289
55.2289
55.2289
55.2289
55.2289
53.5894
53.5894
53.0781
53.0781
53.0781
53.0781
53.0781
52.2126
52.2126
52.2126
52.2126
52.2126
52.2126
52.2126
52.2126
52.2126
52.2126
52.2126
52.2126
52.2126
52.2126
52.2126
52.2126
52.2126
52.2126
51.6599
51.6599
51.6599
51.6599
51.6599
51.6599
51.6599
51.6599
51.6599
51.6599
51.6599
51.6599
51.6599
51.6599
51.6599
51.6599
51.6599
51.3306
51.3306
51.3306
51.3306
51.3306
51.3306
51.3306
51.3306
51.3306
51.3306
51.3306
51.3306
51.3306
51.3306
51.3306
51.3306
51.3306
51.3306
51.3306
51.3306
51.3306
51.3306
51.3306
51.3306
51.3306
51.3306
51.3306
51.3306
51.3306
51.3306
51.3306
51.3306
50.3437
50.3437
50.3437
50.3024
50.3024
50.3024
50.3024
50.3024
50.3024
50.3024
50.3024
50.3024
50.3024
50.3024
50.3024
50.3024
50.3024
49.7156
49.7156
49.7156
49.7156
49.7156
49.7156
47.3312
47.3312
47.3312
47.3312
47.3312
47.3312
47.3312
47.3312
47.3312
47.3312
47.3312
47.3312
47.3312
46.7165
46.2052
45.1803
45.1803
45.1803
45.1803
45.1803
45.1803
45.1803
45.1803
45.1803
45.1803
45.1803
45.1803
45.1803
45.1803
45.1803
45.1803
45.1803
45.1803
45.1803
45.1803
45.1803
45.1803
45.1803
45.1803
45.1803
45.1803
45.1803
45.1803
45.1803
45.1803
45.1803
45.1803
45.1803
45.1803
45.1803
45.1803
43.8962
43.8962
43.8962
43.8962
43.8962
43.8962
43.8962
43.8962
43.8962
43.8962
43.8962
43.8962
43.8962
43.8962
43.8962
43.8962
43.8962
43.8962
43.8962
43.8962
43.8962
43.8962
43.8962
43.8962
43.8962
43.8962
43.8962
43.8962
43.8962
43.8962
43.8962
43.8962
43.8962
43.8962
43.8962
43.8962
43.8962
43.8962
43.8962
43.8962
43.8962
43.8962
43.8962
43.8962
43.8962
43.8962
43.8962
43.8962
43.8962
43.8962
43.8962
41.8828
41.8828
41.8828
41.8828
41.8828
41.8828
41.8828
41.8828
41.8828
41.8828
41.8828
41.8828
41.8828
41.8828
41.8828
41.8828
41.8828
41.8828
41.8828
41.8828
41.8828
41.8828
41.8828
41.8828
41.8828
41.8828
41.8828
41.8828
41.8828
41.8828
41.8742
41.8742
41.8742
41.8742
41.8742
41.8742
41.8742
41.8742
41.8742
41.8742
41.8742
41.8742
41.8742
41.8742
41.8742
41.8742
41.8742
41.8742
41.8742
41.8742
41.8742
41.8742
41.8742
41.8742
41.8742
41.8742
41.8742
41.8742
41.8742
41.8742
41.8742
41.8742
41.8742
41.8742
41.8742
41.8742
41.8742
41.8742
41.8742
41.8742
41.8742
41.8742
41.8742
41.8742
41.8742
41.8742
41.4873
41.4873
41.4873
41.4873
41.4873
41.4873
41.4873
41.4873
41.4873
41.4873
41.4873
41.4873
41.4873
41.4873
41.4873
41.4873
41.4873
41.4873
41.4873
41.4873
41.4873
41.4873
41.4873
41.4873
41.4873
41.4873
41.4873
41.4873
41.4873
41.4873
41.4873
41.4873
41.4873
41.4873
41.4873
41.4873
41.4873
41.4873
41.4873
41.4873
41.4873
41.4873
41.4873
41.4873
41.4873
41.4873
41.4873
41.4873
41.4873
41.4873
41.4873
41.4873
41.4873
41.4873
41.4873
41.4873
40.8771
40.8771
40.8771
40.8771
40.8771
40.8771
40.8771
40.8771
40.8771
40.8771
40.8771
40.8771
40.8771
40.8771
40.8771
40.8771
40.8771
40.8771
40.8771
40.8771
40.8771
40.8771
40.8771
40.8685
40.8685
40.8685
40.8685
40.8685
40.8685
40.8685
40.8685
40.8685
40.8685
40.8685
40.8685
40.8685
40.8685
40.7656
40.7656
40.7656
40.7656
40.7656
40.7656
40.7656
40.7656
40.7656
40.7656
40.7656
40.7656
40.7656
40.1468
40.1468
40.1468
40.1468
40.1468
40.1468
40.1468
40.1468
40.1468
40.1468
40.1468
40.1468
40.1468
40.1468
40.1468
40.1468
40.1468
40.1468
40.1468
40.1468
40.1468
40.1468
40.1468
40.1468
40.1468
40.1468
40.1468
40.1468
40.1468
40.1468
40.1468
40.1468
40.1468
40.1468
40.1468
40.1468
40.1468
40.1468
40.1468
40.1468
40.1468
40.1468
40.1468
40.1468
40.1468
40.1468
40.1468
40.1468
40.1468
40.1468
40.1468
40.1468
40.1468
39.9792
39.9792
39.9792
39.9792
39.9792
39.9792
39.9792
39.9792
39.9792
39.9792
39.9792
39.9792
39.9792
39.9792
39.9792
39.9792
39.9792
39.9792
39.9792
39.9792
39.9792
39.9792
39.9792
39.9792
39.9792
39.9792
39.9792
39.9792
39.9792
39.9792
39.8474
39.8474
39.8474
39.8474
39.8474
39.8474
39.8474
39.8474
39.8474
39.8474
39.8474
39.8474
39.8474
39.8474
39.8474
39.8474
39.8474
39.8474
39.8474
39.6457
39.6457
39.6457
39.6457
39.6457
39.6457
39.6457
39.6457
39.6457
39.6457
39.6457
39.6457
39.6457
39.6457
39.6457
38.1998
38.1998
38.1998
38.1998
38.1998
38.1998
38.1998
38.1998
38.1998
38.1998
38.1998
38.1998
38.1998
38.1998
38.1998
38.1998
38.1998
38.1998
38.1998
38.1998
38.1998
38.1998
38.1998
38.1998
38.1998
38.1998
38.1998
38.1998
38.1998
38.1998
38.1998
38.1998
38.1998
38.1998
38.1998
38.1998
38.1998
38.1998
38.1998
38.1998
38.1998
38.1998
37.7078
37.7078
37.7078
37.7078
37.7078
37.7078
37.7078
37.7078
37.7078
37.7078
37.7078
37.7078
37.7078
37.7078
37.7078
37.7078
37.7078
37.7078
37.7078
37.7078
37.7078
37.7078
37.7078
37.7078
37.7078
37.7078
37.7078
37.7078
37.7078
37.7078
37.7078
37.7078
37.7078
37.7078
37.7078
37.7078
37.7078
37.7078
37.7078
37.7078
37.7078
37.7078
37.7078
37.7078
37.7078
37.7078
37.7078
37.7078
37.7078
37.7078
37.7078
37.7078
37.7078
37.7078
37.7078
37.7078
37.7078
37.7078
37.7078
37.7078
37.7078
37.7078
37.7078
37.7078
37.2088
37.2088
37.2088
35.9014
35.9014
35.9014
35.9014
35.9014
35.9014
35.9014
35.9014
35.9014
35.9014
35.9014
35.9014
35.9014
35.6924
35.6924
35.6924
35.6924
35.6924
35.6924
35.6924
35.6924
35.6924
35.6924
35.6924
35.6924
35.6924
35.6924
35.6924
35.6924
35.6924
35.6924
35.6924
35.6924
35.6924
35.6924
35.6924
35.6924
35.6924
35.6924
35.6924
35.6924
35.6924
35.6924
35.6924
35.6924
35.6924
35.6924
35.6924
35.6924
35.6924
35.6924
35.6924
35.6924
35.6924
35.6924
35.6924
35.6924
35.6924
35.6924
35.6924
35.6924
35.6924
35.6924
35.6924
35.6924
35.6924
35.6924
35.6924
35.6924
35.6924
35.6924
35.6924
35.6924
35.6924
35.6924
35.6924
35.6924
35.6924
35.6924
35.6924
35.6924
35.6924
35.6924
35.6924
35.6924
35.6924
35.6924
35.6924
35.6924
35.6924
35.6924
35.6924
35.6924
35.6924
35.6924
35.6924
35.6924
35.6924
35.6924
35.6924
35.6924
35.6924
35.6924
35.6924
35.6924
35.6924
35.6924
35.6924
35.6924
35.2192
35.2192
35.2192
35.2192
35.2192
35.2192
35.2192
35.2192
35.2192
35.2192
35.2192
35.2192
35.2192
35.2192
35.2192
35.2192
35.2192
35.2192
35.2192
35.2192
35.2192
35.2192
35.2192
35.2192
35.2192
35.2192
35.2192
35.2192
35.2192
35.2192
35.2192
35.2192
35.2192
35.2192
35.2192
35.2192
35.2192
35.2192
35.2192
35.2192
35.2192
35.2192
35.2192
35.2192
35.2192
35.2192
35.2192
35.2192
35.2192
35.2192
35.2192
35.2192
35.2192
35.2192
35.2192
35.2192
35.2192
35.2192
35.2192
35.2192
35.2192
35.2192
35.2192
35.2192
35.2192
35.2192
35.2192
35.2192
35.2192
35.2192
35.2192
35.2192
35.2192
35.2192
35.2192
35.2192
35.2192
35.2192
35.2192
35.2192
35.2192
35.2192
35.2192
35.2192
35.2192
35.2192
35.2192
35.2192
35.2192
35.2192
35.2192
35.2192
35.2192
35.2192
35.2192
35.2192
35.2192
35.2192
35.2192
35.2192
35.2192
35.2192
35.2192
35.2192
35.2192
35.2192
35.2192
35.2192
35.2192
35.2192
35.2192
35.2192
35.2192
35.2192
35.2192
35.2192
35.2192
35.2192
35.2192
35.2192
35.2192
35.2192
35.2192
35.2192
35.2192
35.2192
35.2192
35.2192
35.2192
35.2192
35.2192
35.2192
35.2192
35.2192
35.2192
35.2192
35.2192
35.2192
35.2192
35.2192
35.2192
35.2192
35.2192
35.2192
35.2192
35.2192
35.2192
35.2192
35.2192
35.2192
35.2192
35.2192
35.2192
35.2192
35.2192
35.2192
35.2192
35.2192
35.2192
35.2192
35.2192
35.2192
35.2192
35.2192
35.2192
35.2192
35.2192
35.2192
35.2192
35.2192
35.2192
34.8454
34.8454
34.8454
34.8454
34.8454
34.8454
34.8454
34.8454
34.8454
34.8454
34.8454
34.8454
34.8454
34.8454
34.8454
34.8454
34.8454
34.8454
34.8454
34.8454
34.8454
34.8454
34.8454
34.8454
34.8454
34.8454
34.8454
34.8454
34.8454
34.8454
34.8454
34.8454
34.8454
34.8454
34.8454
34.8454
34.8454
34.8454
34.8454
34.8454
34.8454
34.8454
34.8454
34.8454
34.8454
34.8454
34.8454
34.8454
34.8454
34.8454
34.8454
34.5608
34.5608
34.5608
34.5608
34.5608
34.5608
34.5608
34.5608
34.5608
34.5608
34.5608
34.5608
34.5608
34.5608
34.5608
34.5608
34.5608
34.5608
34.5608
34.5608
34.5608
34.5608
34.5608
34.5608
34.5608
34.5608
34.5608
34.5608
34.5608
34.3857
34.3857
34.3857
34.3857
34.3857
34.3857
34.3857
34.3857
34.3857
34.3857
34.3857
34.3857
34.3857
34.3857
34.3857
34.3857
34.3857
34.3857
34.3857
34.3857
34.3857
34.3857
34.3857
34.3857
34.3857
34.3842
34.3842
34.3842
34.3842
34.3842
34.3842
34.3842
34.3842
34.3842
34.3842
34.3842
34.3842
34.3842
34.3842
34.3842
34.3842
34.3842
34.3842
34.3842
34.3842
34.3842
34.3842
34.3842
34.3842
34.3842
34.3842
34.3842
34.3842
34.3842
34.3842
34.3842
34.3842
34.3842
34.3842
34.3842
34.3842
34.3842
34.3842
34.3842
34.3842
34.3842
34.3842
34.3842
34.3842
34.3842
34.3842
34.3842
34.3842
34.3842
34.3842
34.3842
34.3842
34.3842
34.3842
34.3842
34.3842
34.3842
34.3842
34.3842
34.3842
34.3842
34.3842
34.3842
34.3842
34.3842
34.3842
34.3842
34.3842
34.3842
34.3842
34.3842
34.3842
34.3842
34.3842
34.3842
34.3842
34.3842
34.3842
34.3563
34.3563
34.3563
34.3563
34.3563
34.3563
34.3563
34.3563
34.3563
34.3563
34.3563
34.3563
34.3548
34.3548
34.3548
34.3548
34.3548
34.3548
34.3548
34.3548
34.3548
34.3548
34.3548
34.3548
34.3548
34.3548
34.3548
34.3548
34.3548
34.3548
34.3548
34.3548
34.3548
34.3548
34.3548
34.3548
34.3548
34.3548
34.3548
34.3548
34.3548
34.3548
34.3548
34.3548
34.3548
34.3548
34.3114
34.3114
34.3114
34.3114
34.3114
34.3114
34.3114
34.3114
34.3114
34.3114
34.3114
34.3114
34.3114
34.3114
34.3114
34.3114
34.3114
34.3114
34.3114
34.3114
34.3114
34.3114
34.3114
34.3114
34.3114
34.3114
34.3114
34.3114
34.3114
34.3114
34.3114
34.3114
34.3114
34.3114
34.3114
34.3114
34.3114
34.3114
34.3114
34.3114
34.3114
34.3114
34.3114
34.3114
34.3114
34.3114
34.3114
34.3114
34.3114
34.3114
34.3114
34.3114
34.3114
34.3114
34.3114
34.3114
34.3114
34.3114
34.3114
34.3114
34.3114
34.3114
34.3114
34.3114
34.3114
34.3114
34.3114
34.3114
34.3114
34.3114
34.3114
34.3114
34.3114
34.3114
34.3114
34.3114
34.3114
34.3114
34.3114
34.3114
34.3114
34.3114
34.3114
34.3114
34.3114
34.3114
34.3114
34.3114
34.3114
34.3114
34.3114


-38.8745
13.2023
15.8025
13.4953
-8.88089
27.3751
33.2713
1.88604
9.02738
-18.5125
-3.05795
-4.37635
4.4496
6.68355
50.6302
6.06098
17.0843
-29.6457
5.40178
-3.20444
-31.1472
1.33671
-33.2713
11.7008
-26.6793
24.2256
-2.91147
27.8512
19.3182
346.684

0.028

