598.536
598.536
598.536
598.536
598.536
598.536
553.947
553.947
553.947
553.947
553.947
553.947
553.947
553.947
553.947
553.947
553.947
553.947
489.58
489.58
489.58
489.58
482.956
482.956
460.505
460.505
460.505
460.505
460.505
460.505
451.172
451.172
451.172
451.172
424.55
424.55
424.55
424.55
424.55
424.55
424.55
424.55
424.55
424.55
424.55
361.125
361.125
361.125
361.125
361.125
361.125
361.125
361.125
361.125
361.125
361.125
361.125
361.125
361.125
330.555
330.555
330.555
330.555
330.555
330.555
330.555
330.555
330.555
330.555
330.555
330.555
330.555
330.555
326.181
326.181
326.181
324.262
261.182
261.182
261.182
261.182
261.182
261.182
261.182
261.182
261.182
261.182
249.983
244.639
244.639
244.639
244.639
244.639
242.455
242.455
242.455
242.455
242.455
242.455
242.455
242.455
242.455
242.455
228.403
228.403
210.788
210.788
210.788
210.788
210.788
210.788
210.788
210.788
210.788
210.788
210.788
210.788
210.788
210.788
210.788
210.788
210.788
201.919
198.782
198.782
198.782
198.782
198.782
198.782
198.782
198.782
198.782
198.405
198.405
198.405
198.405
191.627
191.627
191.627
191.627
191.627
191.627
191.627
191.627
191.627
191.627
191.627
191.627
191.627
191.627
191.627
191.627
191.627
191.627
191.627
191.627
185.9
185.9
185.9
185.9
181.649
164.269
158.937
158.937
158.937
158.937
158.937
158.937
158.937
158.937
158.937
158.937
158.937
158.937
158.937
158.937
158.937
158.937
158.937
158.937
158.937
158.12
158.12
158.12
158.12
152.147
152.147
150.563
150.563
150.563
150.563
150.563
150.126
150.126
150.126
150.126
144.912
144.912
144.912
144.912
144.912
144.912
144.912
144.912
143.239
143.239
135.947
135.867
134.978
134.978
134.978
130.504
130.504
130.504
130.504
130.504
130.504
130.504
130.504
130.504
123.58
123.58
123.58
123.58
123.58
123.58
123.58
123.58
123.58
119.824
118.15
118.15
118.15
118.15
118.15
118.15
118.15
118.15
115.621
115.621
115.621
115.621
115.621
115.621
115.621
103.49
103.49
103.49
103.49
103.49
103.49
103.49
103.49
97.5502
97.5502
97.5502
97.5502
97.5502
97.5502
97.3549
97.3549
96.2041
88.7671
88.7671
88.7671
88.7671
88.7671
88.7671
88.7671
88.7671
88.7671
88.7671
88.7671
88.7671
88.7671
86.8843
86.8843
86.8843
86.8843
86.8843
86.8843
86.8843
86.8843
86.8843
82.8168
82.8168
82.8168
78.5178
78.5178
76.0273
76.0273
76.0273
74.1193
74.1193
74.1193
74.1193
74.1193
74.1193
74.1193
74.1193
74.1193
74.1193
74.1193
74.1193
74.1193
74.1193
74.1193
74.1193
74.1193
72.7732
69.7105
69.7105
69.7105
62.8112
62.8112
62.8112
62.8112
62.8112
62.8112
62.8112
62.8112
62.8112
62.8112
60.8929
60.8929
60.8929
60.8929
60.8929
60.8929
60.8929
60.8929
60.8929
60.8929
60.8929
60.8929
60.8929
60.8929
60.8929
60.8929
56.2888
56.2888
56.2888
54.1752
54.1752
54.1752
54.1752
54.1752
54.1752
54.1752
54.1752
54.1752
54.1752
51.3079
51.3079
51.3079
51.3079
51.3079
51.3079
51.3079
51.3079
51.3079
51.3079
51.3079
51.3079
51.3079
51.3079
51.3079
51.3079
51.3079
51.3079
51.3079
51.3079
51.3079
51.3079
51.3079
51.3079
48.8174
48.8174
46.7038
46.7038
46.7038
46.7038
46.7038
46.7038
46.7038
46.7038
46.3269
46.3269
46.3269
46.3269
46.3269
46.3269
46.3269
46.3269
46.3269
46.3269
46.3269
46.3269
46.3269
46.3269
44.2133
44.2133
44.2133
44.2133
44.2133
44.2133
44.2133
44.2133
44.2133
43.8364
43.8364
43.8364
43.8364
43.8364
41.7228
41.7228
41.7228
41.7228
41.7228
41.7228
41.7228
41.7228
41.7228
41.7228
41.7228
41.7228
41.7228
41.7228
41.7228
41.7228
41.7228
41.7228
41.7228
41.7228
41.7228
41.7228
41.7228
41.7228
41.7228
41.7228
41.7228
41.7228
41.7228
41.7228
41.7228
41.7228
41.7228
41.7228
41.7228
41.7228
41.7228
41.7228
41.7228
41.7228
40.6216
40.6216
40.6216
40.6216
40.6216
40.6216
40.6216
40.6216
40.6216
40.6216
40.6216
40.6216
40.6216
40.6216
40.6216
40.6216
40.6216
40.6216
40.6216
40.6216
40.6216
40.6216
40.6216
40.6216
40.6216
40.6137
40.6137
40.6137
40.6137
40.6137
40.6137
40.6137
40.6137
40.6137
40.6137
40.6137
40.6137
40.6137
40.6137
40.6137
40.6137
40.6137
40.6137
40.6137
40.6137
39.5125
39.5125
39.5125
39.5125
39.5125
39.5125
39.5125
39.5125
39.5125
39.5125
39.5125
39.5125
39.5125
39.5125
39.5125
39.5125
39.5125
39.5125
39.5125
39.5125
39.5125
39.5125
39.5125
39.5125
39.5125
39.5125
39.5125
39.5125
39.5125
39.5125
39.5125
39.5125
39.5125
39.5125
39.5125
39.5125
39.5125
39.5125
39.5125
39.5125
39.5125
39.5125
39.5125
39.5125
39.5125
39.5125
39.5125
39.5125
39.5125
39.5125
39.5125
39.5125
39.5125
39.5125
39.5125
39.5125
39.5125
39.5125
39.5125
39.5125
39.5125
39.5125
39.5125
39.5125
39.5125
39.5125
39.5125
39.5125
39.5125
39.5125
39.5125
39.5125
39.5125
39.5125
39.5125
39.5125
39.5125
39.5125
39.5125
39.5125
39.5125
39.5125
39.5125
39.5125
39.5125
39.5125
39.5125
39.5125
39.5125
39.5125
39.5125
39.5125
39.5125
39.5125
39.5125
39.5125
39.5125
39.5125
39.5125
39.5125
39.5125
39.5125
39.5125
39.5125
39.5125
39.5125
39.5125
39.5125
39.5125
39.5125
39.5125
39.5125
39.5125
39.5125
39.5125
39.5125
39.5125
39.5125
39.5125
39.5125
39.5125
39.5125
39.5125
39.5125
39.5125
39.5125
39.5125
39.5125
39.5125
39.5125
39.5125
39.5125
39.5125
39.5125
39.5125
39.5125
39.5125
39.5125
39.5125
39.5125
39.5125
39.5125
39.5125
39.5125
39.5125
39.5125
39.5125
39.5125
39.5125
39.5125
39.5125
39.5125
39.5125
39.5125
39.5125
39.5125
39.5125
39.5125
39.5125
39.5125
39.5125
39.5125
39.5125
39.5125
39.5125
39.5125
39.5125
39.5125
39.5125
39.5125
39.5125
39.5125
39.5125
39.5125
39.5125
39.5125
39.5125
39.5125
39.5125
39.5125
39.5125
39.5125
39.5125
39.5125
39.5125
39.5125
39.5125
39.5125
39.5125
39.5125
39.5125
39.5125
39.5125
39.5125
39.5125
39.5125
39.5125
39.5125
39.5125
39.5125
39.5125
39.5125
39.5125
39.5125
39.5125
39.5125
39.5125
39.5125
39.5125
39.5125
39.5125
39.5125
39.5125
39.5125
39.5125
39.5125
39.5125
39.5125
39.5125
39.5125
39.5125
39.5125
39.5125
39.5125
39.5125
39.5125
39.5125
39.5125
39.5125
39.5125
39.5125
39.5125
39.5125
39.5125
39.5125
39.5125
39.5125
39.5125
39.5125
39.5125
39.5125
39.5125
39.5125
39.5125
39.5125
39.5125
39.5125
39.5125
39.5125
39.5125
39.5125
39.5125
39.5125
39.5125
39.5125
39.5125
39.5125
39.5125
39.5125
39.5125
39.5125
39.5125
39.5125
39.5125
39.5125
39.5125
39.5125
39.5125
39.5125
39.5125
39.5125
39.5125
39.5125
39.5125
39.5125
39.5125
39.5125
39.5125
39.5125
39.5125
39.5125
39.5125
39.5125
39.5125
39.5125
39.5125
39.5125
39.5125
39.5125
39.5125
39.5125
39.5125
39.5125
39.5125
39.5125
39.5125
39.5125
39.5125
39.5125
39.5125
39.5125
39.5125
39.5125
39.5125
39.5125
39.5125
39.5125
39.5125
39.5125
39.5125
39.5125
39.5125
39.5125
39.5125
39.5125
39.5125
39.5125
39.5125
39.5125
39.5125
39.5125
39.5125
39.5125
39.5125
39.5125
39.5125
39.5125
39.5125
39.5125
39.5125
39.5125
39.5125
39.5125
39.5125
39.5125
39.5125
39.5125
39.5125
39.5125
39.5125
39.5125
39.5125
39.5125
39.5125
39.5125
39.5125
39.5125
39.5125
39.5125
39.5125
39.5125
39.5125
39.5125
39.5125
39.5125
39.5125
39.5125
39.5125
39.5125
39.5125
39.5125
39.5125
39.5125
39.5125
39.5125
39.5125
39.5125
39.5125
39.5125
39.5125
39.5125
39.5125
39.5125
39.5125
39.5125
39.5125
39.5125
39.5125
39.5125
39.5125
39.5125
39.5125
39.5125
39.5125
39.5125
39.5125
39.5125
39.5125
39.5125
39.5125
39.5125
39.5125
39.5125
39.5125
39.5125
39.5125
39.5125
39.5125
39.5125
39.5125
39.5125
39.5125
39.5125
39.5125
39.5125
39.5125
39.5125
39.5125
39.5125
39.5125
39.5125
39.5125
39.5125
39.5125
39.5125
39.5125
39.5125
39.5125
39.5125
39.5125
39.5125
39.5125
39.5125
39.5125
39.5125
39.5125
39.5125
39.5125
39.5125
39.5125
39.5125
39.5125
39.5125
39.5125
39.5125
39.5125
39.5125
39.5125
39.5125
39.5125
39.5125
39.5125
39.5125
39.5125
39.5125
39.5125
39.5125
39.5125
39.5125
39.5125
39.5125
39.5125
39.5125
39.5125
39.5125
39.5125
39.5125
39.5125
39.5125
39.5125
39.5125
39.5125
39.5125
39.5125
39.5125
39.5125
39.5125
39.5125
39.5125
39.5125
39.5125
39.5125
39.5125
39.5125
39.5125
39.5125
39.5125
39.5125
39.5125
39.5125
39.5125
39.5125
39.5125
39.5125
39.5125
39.5125
39.5125
39.5125
39.5125
39.5125
39.5125
39.5125
39.5125
39.5125
39.5125
39.5125
39.5125
39.5125
39.5125
39.5125
39.5125
39.5125
39.5125
39.5125
39.5125
39.5125
39.5125
39.5125
39.5125
39.5125
39.5125
39.5125
39.5125
39.5125
39.5125
39.5125
39.5125
39.5125
39.5125
39.5125
39.5125
39.5125
39.5125
39.5125
39.5125
39.5125
39.5125
39.5125
39.5125
39.5125
39.5125
39.5125
39.5125
39.5125
39.5125
39.5125
39.5125
39.5125
39.5125
39.5125
39.5125
39.5125
39.5125
39.5125
39.5125
39.5125
39.5125
39.5125
39.5125
39.5125
39.5125
39.5125
39.5125
39.5125
39.5125
39.5125
39.5125
39.5125
39.5125
39.5125
39.5125
39.5125
39.5125
39.5125
39.5125
39.5125
39.5125
39.5125
39.5125
39.5125
39.5125
39.5125
39.5125
39.5125
39.5125
39.5125
39.5125
39.5125
39.5125
39.5125
39.5125
39.5125
39.5125
39.5125
39.5125
39.5125
39.5125
39.5125
39.5125
39.5125
39.5125
39.5125
39.5125
39.5125
39.5125
39.5125
39.5125
39.5125
39.5125
39.5125
39.5125
39.5125
39.5125
39.5125
39.5125
39.5125
39.5125
39.5125
39.5125
39.5125
39.5125
39.5125
39.5125
39.5125
39.5125
39.5125
39.5125
39.5125
39.5125
39.5125
39.5125
39.5125
39.5125
39.5125
39.5125
39.5125
39.5125
39.5125
39.5125
39.5125
39.5125
39.5125
39.5125
39.5125
39.5125
39.5125
39.5125
39.5125
39.5125
39.5125
39.5125
39.5125
39.5125
39.5125
39.5125
39.5125
39.5125
39.5125
39.5125
39.5125
39.5125
39.5125
39.5125
39.5125
39.5125
39.5125
39.5125
39.5125
39.5125
39.5125
39.5125
39.5125
39.5125
39.5125
39.5125
39.5125
39.5125
39.5125
39.5125
39.5125
39.5125
39.5125
39.5125
39.5125
39.5125
39.5125
39.5125
39.5125
39.5125
39.5125
39.5125
39.5125
39.5125
39.5125
39.5125
39.5125
39.5125
39.5125
39.5125
39.5125
39.5125
39.5125
39.5125
39.5125
39.5125
39.5125
39.5125
39.5125
39.5125
39.5125
39.5125
39.5125
39.5125
39.5125
39.5125
39.5125
39.5125
39.5125
39.5125
39.5125
39.5125
39.5125
39.5125
39.5125
39.5125
39.5125
39.5125
39.5125
39.5125
39.5125
39.5125
39.5125
39.5125
39.5125
39.5125
39.5125
39.5125
39.5125
39.5125
39.5125
39.5125
39.5125
39.5125
39.5125
39.5125
39.5125
39.5125
39.5125
39.5125
39.5125
39.5125
39.5125
39.5125
39.5125
39.5125
39.5125
39.5125
39.5125
39.5125
39.5125
39.5125
39.5125
39.5125
39.5125
39.5125
39.5125
39.5125
39.5125
39.5125
39.5125
39.5125
39.5125
39.5125
39.5125
39.5125
39.5125
39.5125
39.5125
39.5125
39.5125
39.5125
39.5125
39.5125
39.5125
39.5125
39.5125
39.5125
39.5125
39.5125
39.5125
39.5125
39.5125
39.5125
39.5125
39.5125
39.5125
39.5125
39.5125
39.5125
39.5125
39.5125
39.5125
39.5125
39.5125
39.5125
39.5125
39.5125
39.5125
39.5125
39.5125
39.5125
39.5125
39.5125
39.5125
39.5125
39.5125
39.5125
39.5125
39.5125
39.5125
39.5125
39.5125
39.5125
39.5125
39.5125
39.5125
39.5125
39.5125
39.5125
39.5125
39.5125
39.5125
39.5125
39.5125
39.5125
39.5125
39.5125
39.5125
39.5125
39.5125
39.5125
39.5125
39.5125
39.5125
39.5125
39.5125
39.5125
39.5125
39.5125
39.5125
39.5125
39.5125
39.5125
39.5125
39.5125
39.5125
39.5125
39.5125
39.5125
39.5125
39.5125
39.5125
39.5125
39.5125
39.5125
39.5125
39.5125
39.5125
39.5125
39.5125
39.5125
39.5125
39.5125
39.5125
39.5125
39.5125
39.5125
39.5125
39.5125
39.5125
39.5125
39.5125
39.5125
39.5125
39.5125
39.5125
39.5125
39.5125
39.5125
39.5125
39.5125
39.5125
39.5125
39.5125
39.5125
39.5125
39.5125
39.5125
39.5125
39.5125
39.5125
39.5125
39.5125
39.5125
39.5125
39.5125
39.5125
39.5125
39.5125
39.5125
39.5125
39.5125
39.5125
39.5125
39.5125
39.5125
39.5125
39.5125
39.5125
39.5125
39.5125
39.5125
39.5125
39.5125
39.5125
39.5125
39.5125
39.5125
39.5125
39.5125
39.5125
39.5125
39.5125
39.5125
39.5125
39.5125
39.5125
39.5125
39.5125
39.5125
39.5125
39.5125
39.5125
39.5125
39.5125
39.5125
39.5125
39.5125
39.5125
39.5125
39.5125
39.5125
39.5125
39.5125
39.5125
39.5125
39.5125
39.5125
39.5125
39.5125
39.5125
39.5125
39.5125
39.5125
39.5125
39.5125
39.5125
39.5125
39.5125
39.5125
39.5125
39.5125
39.5125
39.5125
39.5125
39.5125
39.5125
39.5125
39.5125
39.5125
39.5125
39.5125
39.5125
39.5125
39.5125
39.5125
39.5125
39.5125
39.5125
39.5125
39.5125
39.5125
39.5125
39.5125
39.5125
39.5125
39.5125
39.5125
39.5125
39.5125
39.5125
39.5125
39.5125
39.5125
39.5125
39.5125
39.5125
39.5125
39.5125
39.5125
39.5125
39.5125
39.5125
39.5125
39.5125
39.5125
39.5125
39.5125
39.5125
39.5125
39.5125
39.5125
39.5125
39.5125
39.5125
39.5125
39.5125
39.5125
39.5125
39.5125
39.5125
39.5125
39.5125
39.5125
39.5125
39.5125
39.5125
39.5125
39.5125
39.5125
39.5125
39.5125
39.5125
39.5125
39.5125
39.5125
39.5125
39.5125
39.5125
39.5125
39.5125
39.5125
39.5125
39.5125
39.5125
39.5125
39.5125
39.5125
39.5125
39.5125
39.5125
39.5125
39.5125
39.5125
39.5125
39.5125
39.5125
39.5125
39.5125
39.5125
39.5125
39.5125
39.5125
39.5125
39.5125
39.5125
39.5125
39.5125
39.5125
39.5125
39.5125
39.5125
39.5125
39.5125
39.5125
39.5125
39.5125
39.5125
39.5125
39.5125
39.5125
39.5125
39.5125
39.5125
39.5125
39.5125
39.5125
39.5125
39.5125
39.5125
39.5125
39.5125
39.5125
39.5125
39.5125
39.5125
39.5125
39.5125
39.5125
39.5125
39.5125
39.5125
39.5125
39.5125
39.5125
39.5125
39.5125
39.5125
39.5125
39.5125
39.5125
39.5125
39.5125
39.5125
39.5125
39.5125
39.5125
39.5125
39.5125
39.5125
39.5125
39.5125
39.5125
39.5125
39.5125
39.5125
39.5125
39.5125
39.5125
39.5125
39.5125
39.5125
39.5125
39.5125
39.5125
39.5125
39.5125
39.5125
39.5125
39.5125
39.5125
39.5125
39.5125
39.5125
39.5125
39.5125
39.5125
39.5125
39.5125
39.5125
39.5125
39.5125
39.5125
39.5125
39.5125
39.5125
39.5125
39.5125
39.5125
39.5125
39.5125
39.5125
39.5125
39.5125
39.5125
39.5125
39.5125
39.5125
39.5125
39.5125
39.5125
39.5125
39.5125
39.5125
39.5125
39.5125
39.5125
39.5125
39.5125
39.5125
39.5125
39.5125
39.5125
39.5125
39.5125
39.5125
39.5125
39.5125
39.5125
39.5125
39.5125
39.5125
39.5125
39.5125
39.5125
39.5125
39.5125
39.5125
39.5125
39.5125
39.5125
39.5125
39.5125
39.5125
39.5125
39.5125
39.5125
39.5125
39.5125
39.5125
39.5125
39.5125
39.5125
39.5125
39.5125
39.5125
39.5125
39.5125
39.5125
39.5125
39.5125
39.5125
39.5125
39.5125
39.5125
39.5125
39.5125
39.5125
39.5125
39.5125
39.5125
39.5125
39.5125
39.5125
39.5125
39.5125
39.5125
39.5125
39.5125
39.5125
39.5125
39.5125
39.5125
39.5125
39.5125
39.5125
39.5125
39.5125
39.5125
39.5125
39.5125
39.5125
39.5125
39.5125
39.5125
39.5125
39.5125
39.5125
39.5125
39.5125
39.5125
39.5125
39.5125
39.5125
39.5125
39.5125
39.5125
39.5125
39.5125
39.5125
39.5125
39.5125
39.5125
39.5125
39.5125
39.5125
39.5125
39.5125
39.5125
39.5125
39.5125
39.5125
39.5125
39.5125
39.5125
39.5125
39.5125
39.5125
39.5125
39.5125
39.5125
39.5125
39.5125
39.5125
39.5125
39.5125
39.5125
39.5125
39.5125
39.5125
39.5125
39.5125
39.5125
39.5125
39.5125
39.5125
39.5125
39.5125
39.5125
39.5125
39.5125
39.5125
39.5125
39.5125
39.5125
39.5125
39.5125
39.5125
39.5125
39.5125
39.5125
39.5125
39.5125
39.5125
39.5125
39.5125
39.5125
39.5125
39.5125
39.5125
39.5125
39.5125
39.5125
39.5125
39.5125
39.5125
39.5125
39.5125
39.5125
39.5125
39.5125
39.5125
39.5125
39.5125
39.5125
39.5125
39.5125
39.5125
39.5125
39.5125
39.5125
39.5125
39.5125
39.5125
39.5125
39.5125
39.5125
39.5125
39.5125
39.5125
39.5125
39.5125
39.5125
39.5125
39.5125
39.5125
39.5125
39.5125
39.5125
39.5125
39.5125
39.5125
39.5125
39.5125
39.5125
39.5125
39.5125
39.5125
39.5125
39.5125
39.5125
39.5125
39.5125
39.5125
39.5125
39.5125
39.5125
39.5125
39.5125
39.5125
39.5125
39.5125
39.5125
39.5125
39.5125
39.5125
39.5125
39.5125
39.5125
39.5125
39.5125
39.5125
39.5125
39.5125
39.5125
39.5125
39.5125
39.5125
39.5125
39.5125
39.5125
39.5125
39.5125
39.5125
39.5125
39.5125
39.5125
39.5125
39.5125
39.5125
39.5125
39.5125
39.5125
39.5125
39.5125
39.5125
39.5125
39.5125
39.5125
39.5125
39.5125
39.5125
39.5125
39.5125
39.5125
39.5125
39.5125
39.5125
39.5125
39.5125
39.5125
39.5125
39.5125
39.5125
39.5125
39.5125
39.5125
39.5125
39.5125
39.5125
39.5125
39.5125
39.5125
39.5125
39.5125
39.5125
39.5125
39.5125
39.5125
39.5125
39.5125
39.5125
39.5125
39.5125
39.5125
39.5125
39.5125
39.5125
39.5125
39.5125
39.5125
39.5125
39.5125
39.5125
39.5125
39.5125
39.5125
39.5125
39.5125
39.5125
39.5125
39.5125
39.5125
39.5125
39.5125
39.5125
39.5125
39.5125
39.5125
39.5125
39.5125
39.5125
39.5125
39.5125
39.5125
39.5125
39.5125
39.5125
39.5125
39.5125
39.5125


26.3131
26.3131
26.3131
26.3131
26.3131
26.3131
26.3131
26.3131
26.3131
26.3131
26.3131
26.3131
26.3131
26.3131
26.3131
26.3131
26.3131
26.3131
26.3131
26.3131
26.3131
26.3131
26.3131
26.3131
26.3131
26.3131
26.3131
26.3131
26.3131
-366.021

0.026

