567.354
550.424
550.424
550.424
550.424
550.424
550.424
550.424
550.424
550.424
535.036
535.036
535.036
453.073
445.015
445.015
445.015
445.015
444.972
402.771
402.771
402.771
402.771
402.771
402.771
402.771
402.771
402.771
402.771
402.771
368.767
368.767
368.767
368.767
368.767
368.767
322.103
322.103
322.103
322.103
322.103
322.103
322.103
322.103
322.103
287.563
287.563
287.563
267.593
264.987
264.987
264.987
264.987
264.987
248.392
248.392
248.392
248.392
248.392
248.392
248.392
248.392
248.392
248.392
240.971
240.971
240.971
172.161
172.161
172.161
172.161
172.161
172.161
172.161
172.161
172.161
172.161
172.161
172.161
172.161
172.161
172.161
172.161
172.161
172.161
172.161
172.161
172.161
165.525
165.525
165.525
155.661
155.661
155.661
155.661
126.561
126.561
126.561
126.561
126.561
126.561
126.561
126.561
101.504
101.504
101.504
101.504
101.504
101.504
101.504
101.504
90.9414
90.9414
90.9414
90.9414
90.9414
90.9414
90.9414
90.9414
90.9414
90.9414
90.9414
90.9414
90.9414
90.9414
90.9414
90.7463
90.7463
90.7463
86.7671
86.7671
86.7671
86.7671
86.7671
86.7671
86.7671
86.7671
86.7671
86.7671
86.7671
84.9635
84.9635
84.9635
84.9635
84.9635
84.9635
84.9635
84.9635
84.8986
84.8986
84.8986
84.8986
84.8986
84.8986
83.6694
83.6694
83.6694
83.6694
83.6694
83.6694
67.0371
67.0371
67.0371
67.0371
67.0371
67.0371
67.0371
67.0371
67.0371
67.0371
67.0371
67.0371
67.0371
67.0371
67.0371
66.9237
66.9237
65.678
65.678
65.678
65.678
62.2903
62.2903
62.2903
62.2903
62.2903
62.2903
62.2903
58.6805
58.6805
58.6805
58.6156
58.6156
58.6156
58.6156
58.6156
58.6156
58.6156
57.3637
56.4417
56.4417
56.4417
56.4417
56.4417
56.4417
56.4417
56.4417
56.4417
56.4417
56.4417
56.4417
56.2634
48.1667
48.1667
48.1667
48.1667
48.1667
48.1667
48.1667
48.1667
48.1667
48.1667
48.1667
48.1667
48.1667
48.1667
48.1667
48.1667
48.1667
48.1667
48.1667
48.1667
37.0606
37.0606
37.0606
37.0606
37.0606
37.0606
37.0606
36.4532
36.4532
36.4532
36.4532
36.4532
36.4532
36.4532
36.4532
34.6496
34.6496
34.6496
34.6496
34.6496
34.6496
34.6496
34.6496
34.6496
34.6496
32.1746
32.1508
32.1508
32.1508
32.1508
32.1508
32.1508
32.0859
32.0859
32.0859
32.0859
32.0859
32.0859
31.4869
31.4869
31.4869
31.4869
31.4869
31.4869
31.4869
31.4869
30.9938
30.9938
30.9938
30.9938
30.9938
30.3711
30.3711
28.947
28.947
28.947
28.947
28.947
28.947
28.947
27.0749
27.0749
27.0749
25.8292
25.8292
25.8292
25.8292
25.8292
25.521
25.521
24.535
24.535
24.535
24.535
22.9327
22.9327
22.9327
22.9327
22.9327
22.9327
22.9327
22.9327
22.9327
22.9327
22.9327
22.9327
22.9327
22.9327
22.9327
22.5529
22.5529
22.5529
22.5529
22.5529
22.5529
22.0435
21.8652
21.8652
21.8652
21.8652
21.8652
21.8168
21.8168
21.8168
21.8168
21.7518
21.7518
21.7518
19.2769
19.2769
19.2769
19.0986
19.0986
19.0986
19.0986
19.0986
19.0986
19.0986
19.0986
19.0986
19.0986
17.6745
17.6745
17.6745
17.6745
17.6745
17.6745
17.6745
17.6745
17.6745
17.6745
17.6745
16.8019
16.8019
16.8019
16.8019
16.8019
16.6236
16.6236
16.6236
16.6236
16.6236
16.6236
16.6236
15.4428
15.4428
15.2645
15.2645
15.2645
12.605
12.605
12.605
12.605
12.605
12.605
12.605
12.605
11.2459
10.0651
10.0651
10.0651
9.88682
9.88682
9.88682
9.88682
9.88682
9.88682
9.88682
9.88682
9.88682
9.88682
9.88682
8.70601
8.70601
8.70601
8.70601
8.70601
8.70601
8.70601
8.70601
8.70601
8.70601
8.70601
8.70601
8.70601
8.70601
8.70601
8.70601
8.70601
8.70601
8.70601
8.70601
8.70601
8.70601
8.70601
8.70601
8.70601
8.70601
8.64108
8.64108
8.64108
8.64108
8.64108
8.64108
8.64108
8.64108
8.64108
8.64108
8.64107
8.64107
8.64107
8.64107
8.64107
8.64107
8.57614
8.57614
8.57614
8.57614
8.57614
8.57614
8.57614
8.57614
8.57614
8.57614
8.57614
8.57614
8.57614
8.57614
8.57614
8.57614
8.57614
8.57614
8.57614
8.57614
8.57614
8.57614
8.57614
8.57614
8.57614
8.57614
8.57614
8.57614
8.57614
8.57614
8.57614
8.57614
8.57614
8.57614
8.57614
8.57614
8.57614
8.57614
8.57614
8.57614
8.57614
8.57614
8.57614
8.57614
8.57614
8.57614
8.57614
8.57614
8.57614
8.57614
8.57614
8.57614
8.57614
8.57614
8.57614
8.57614
8.57614
8.57614
8.57614
8.57614
8.57614
8.57614
8.57614
8.57614
8.57614
8.57614
8.57614
8.57614
8.57614
8.57614
8.57614
8.57614
8.57614
8.57614
8.57614
8.57614
8.57614
8.57614
8.57614
8.57614
8.57614
8.51121
8.51121
8.51121
8.51121
8.51121
8.51121
8.51121
8.51121
8.51121
8.51121
8.51121
8.51121
8.51121
8.51121
8.51121
8.51121
8.51121
8.51121
8.51121
8.51121
8.51121
8.51121
8.51121
8.51121
8.51121
8.51121
8.51121
8.51121
8.51121
8.51121
8.51121
8.51121
8.51121
8.51121
8.51121
8.51121
8.51121
8.51121
8.51121
8.51121
8.51121
8.51121
8.51121
8.51121
8.51121
8.51121
8.51121
8.51121
8.51121
8.51121
8.51121
8.51121
8.51121
8.51121
8.51121
8.51121
8.51121
8.51121
8.51121
8.51121
8.51121
8.51121
8.51121
8.51121
8.51121
8.51121
8.51121
8.51121
8.51121
8.51121
8.51121
8.51121
8.51121
8.51121
8.51121
8.51121
8.51121
8.51121
8.51121
8.51121
8.51121
8.51121
8.51121
8.51121
8.51121
8.51121
8.51121
8.51121
8.51121
8.51121
8.51121
8.51121
8.51121
8.51121
8.51121
8.51121
8.51121
8.51121
8.51121
8.51121
8.51121
8.51121
8.51121
8.51121
8.51121
8.51121
8.51121
8.51121
8.51121
8.51121
8.51121
8.51121
8.51121
8.51121
8.51121
8.51121
8.51121
8.51121
8.51121
8.51121
8.51121
8.51121
8.51121
8.51121
8.51121
8.51121
8.51121
8.51121
8.51121
8.51121
8.51121
8.51121
8.51121
8.51121
8.51121
8.51121
8.51121
8.51121
8.51121
8.51121
8.51121
8.51121
8.51121
8.51121
8.51121
8.51121
8.51121
8.51121
8.51121
8.51121
8.51121
8.51121
8.51121
8.51121
8.51121
8.51121
8.51121
8.51121
8.51121
8.51121
8.51121
8.51121
8.51121
8.51121
8.51121
8.51121
8.51121
8.51121
8.51121
8.51121
8.51121
8.51121
8.51121
8.51121
8.51121
8.51121
8.51121
8.51121
8.51121
8.51121
8.51121
8.51121
8.51121
8.51121
8.51121
8.51121
8.51121
8.51121
8.51121
8.51121
8.51121
8.51121
8.51121
8.51121
8.51121
8.51121
8.51121
8.51121
8.51121
8.51121
8.51121
8.51121
8.51121
8.51121
8.51121
8.51121
8.51121
8.51121
8.51121
8.51121
8.51121
8.51121
8.51121
8.51121
8.51121
8.51121
8.51121
8.51121
8.51121
8.51121
8.51121
8.51121
8.51121
8.51121
8.51121
8.51121
8.51121
8.51121
8.51121
8.51121
8.51121
8.51121
8.51121
8.51121
8.51121
8.51121
8.51121
8.51121
8.51121
8.51121
8.51121
8.51121
8.51121
8.51121
8.51121
8.51121
8.51121
8.51121
8.51121
8.51121
8.51121
8.51121
8.51121
8.51121
8.51121
8.51121
8.51121
8.51121
8.51121
8.51121
8.51121
8.51121
8.51121
8.51121
8.51121
8.51121
8.51121
8.51121
8.51121
8.51121
8.51121
8.51121
8.51121
8.51121
8.51121
8.51121
8.51121
8.51121
8.51121
8.51121
8.51121
8.51121
8.51121
8.51121
8.51121
8.51121
8.51121
8.51121
8.51121
8.51121
8.51121
8.51121
8.51121
8.51121
8.51121
8.51121
8.51121
8.51121
8.51121
8.51121
8.51121
8.51121
8.51121
8.51121
8.51121
8.51121
8.51121
8.51121
8.51121
8.51121
8.51121
8.51121
8.51121
8.51121
8.51121
8.51121
8.51121
8.51121
8.51121
8.51121
8.51121
8.51121
8.51121
8.51121
8.51121
8.51121
8.51121
8.51121
8.51121
8.51121
8.51121
8.51121
8.51121
8.51121
8.51121
8.51121
8.51121
8.51121
8.51121
8.51121
8.51121
8.51121
8.51121
8.51121
8.51121
8.51121
8.51121
8.51121
8.51121
8.51121
8.51121
8.51121
8.51121
8.51121
8.51121
8.51121
8.51121
8.51121
8.51121
8.51121
8.51121
8.51121
8.51121
8.51121
8.51121
8.51121
8.51121
8.51121
8.51121
8.51121
8.51121
8.51121
8.51121
8.51121
8.51121
8.51121
8.51121
8.51121
8.51121
8.51121
8.51121
8.51121
8.51121
8.51121
8.51121
8.51121
8.51121
8.51121
8.51121
8.51121
8.51121
8.51121
8.51121
8.51121
8.51121
8.51121
8.51121
8.51121
8.51121
8.51121
8.51121
8.51121
8.51121
8.51121
8.51121
8.51121
8.51121
8.51121
8.51121
8.51121
8.51121
8.51121
8.51121
8.51121
8.51121
8.51121
8.51121
8.51121
8.51121
8.51121
8.51121
8.51121
8.51121
8.51121
8.51121
8.51121
8.51121
8.51121
8.51121
8.51121
8.51121
8.51121
8.51121
8.51121
8.51121
8.51121
8.51121
8.51121
8.51121
8.51121
8.51121
8.51121
8.51121
8.51121
8.51121
8.51121
8.51121
8.51121
8.51121
8.51121
8.51121
8.51121
8.51121
8.51121
8.51121
8.51121
8.51121
8.51121
8.51121
8.51121
8.51121
8.51121
8.51121
8.51121
8.51121
8.51121
8.51121
8.51121
8.51121
8.51121
8.51121
8.51121
8.51121
8.51121
8.51121
8.51121
8.51121
8.51121
8.51121
8.51121
8.51121
8.51121
8.51121
8.51121
8.51121
8.51121
8.51121
8.51121
8.51121
8.51121
8.51121
8.51121
8.51121
8.51121
8.51121
8.51121
8.51121
8.51121
8.51121
8.51121
8.51121
8.51121
8.51121
8.51121
8.51121
8.51121
8.51121
8.51121
8.51121
8.51121
8.51121
8.51121
8.51121
8.51121
8.51121
8.51121
8.51121
8.51121
8.51121
8.51121
8.51121
8.51121
8.51121
8.51121
8.51121
8.51121
8.51121
8.51121
8.51121
8.51121
8.51121
8.51121
8.51121
8.51121
8.51121
8.51121
8.51121
8.51121
8.51121
8.51121
8.51121
8.51121
8.51121
8.51121
8.51121
8.51121
8.51121
8.51121
8.51121
8.51121
8.51121
8.51121
8.51121
8.51121
8.51121
8.51121
8.51121
8.51121
8.51121
8.51121
8.51121
8.51121
8.51121
8.51121
8.51121
8.51121
8.51121
8.51121
8.51121
8.51121
8.51121
8.51121
8.51121
8.51121
8.51121
8.51121
8.51121
8.51121
8.51121
8.51121
8.51121
8.51121
8.51121
8.51121
8.51121
8.51121
8.51121
8.51121
8.51121
8.51121
8.51121
8.51121
8.51121
8.51121
8.51121
8.51121
8.51121
8.51121
8.51121
8.51121
8.51121
8.51121
8.51121
8.51121
8.51121
8.51121
8.51121
8.51121
8.51121
8.51121
8.51121
8.51121
8.51121
8.51121
8.51121
8.51121
8.51121
8.51121
8.51121
8.51121
8.51121
8.51121
8.51121
8.51121
8.51121
8.51121
8.51121
8.51121
8.51121
8.51121
8.51121
8.51121
8.51121
8.51121
8.51121
8.51121
8.51121
8.51121
8.51121
8.51121
8.51121
8.51121
8.51121
8.51121
8.51121
8.51121
8.51121
8.51121
8.51121
8.51121
8.51121
8.51121
8.51121
8.51121
8.51121
8.51121
8.51121
8.51121
8.51121
8.51121
8.51121
8.51121
8.51121
8.51121
8.51121
8.51121
8.51121
8.51121
8.51121
8.51121
8.51121
8.51121
8.51121
8.51121
8.51121
8.51121
8.51121
8.51121
8.51121
8.51121
8.51121
8.51121
8.51121
8.51121
8.51121
8.51121
8.51121
8.51121
8.51121
8.51121
8.51121
8.51121
8.51121
8.51121
8.51121
8.51121
8.51121
8.51121
8.51121
8.51121
8.51121
8.51121
8.51121
8.51121
8.51121
8.51121
8.51121
8.51121
8.51121
8.51121
8.51121
8.51121
8.51121
8.51121
8.51121
8.51121
8.51121
8.51121
8.51121
8.51121
8.51121
8.51121
8.51121
8.51121
8.51121
8.51121
8.51121
8.51121
8.51121
8.51121
8.51121
8.51121
8.51121
8.51121
8.51121
8.51121
8.51121
8.51121
8.51121
8.51121
8.51121
8.51121
8.51121
8.51121
8.51121
8.51121
8.51121
8.51121
8.51121
8.51121
8.51121
8.51121
8.51121
8.51121
8.51121
8.51121
8.51121
8.51121
8.51121
8.51121
8.51121
8.51121
8.51121
8.51121
8.51121
8.51121
8.51121
8.51121
8.51121
8.51121
8.51121
8.51121
8.51121
8.51121
8.51121
8.51121
8.51121
8.51121
8.51121
8.51121
8.51121
8.51121
8.51121
8.51121
8.51121
8.51121
8.51121
8.51121
8.51121
8.51121
8.51121
8.51121
8.51121
8.51121
8.51121
8.51121
8.51121
8.51121
8.51121
8.51121
8.51121
8.51121
8.51121
8.51121
8.51121
8.51121
8.51121
8.51121
8.51121
8.51121
8.51121
8.51121
8.51121
8.51121
8.51121
8.51121
8.51121
8.51121
8.51121
8.51121
8.51121
8.51121
8.51121
8.51121
8.51121
8.51121
8.51121
8.51121
8.51121
8.51121
8.51121
8.51121
8.51121
8.51121
8.51121
8.51121
8.51121
8.51121
8.51121
8.51121
8.51121
8.51121
8.51121
8.51121
8.51121
8.51121
8.51121
8.51121
8.51121
8.51121
8.51121
8.51121
8.51121
8.51121
8.51121
8.51121
8.51121
8.51121
8.51121
8.51121
8.51121
8.51121
8.51121
8.51121
8.51121
8.51121
8.51121
8.51121
8.51121
8.51121
8.51121
8.51121
8.51121
8.51121
8.51121
8.51121
8.51121
8.51121
8.51121
8.51121
8.51121
8.51121
8.51121
8.51121
8.51121
8.51121
8.51121
8.51121
8.51121
8.51121
8.51121
8.51121
8.51121
8.51121
8.51121
8.51121
8.51121
8.51121
8.51121
8.51121
8.51121
8.51121
8.51121
8.51121
8.51121
8.51121
8.51121
8.51121
8.51121
8.51121
8.51121
8.51121
8.51121
8.51121
8.51121
8.51121
8.51121
8.51121
8.51121
8.51121
8.51121
8.51121
8.51121
8.51121
8.51121
8.51121
8.51121
8.51121
8.51121
8.51121
8.51121
8.51121
8.51121
8.51121
8.51121
8.51121
8.51121
8.51121
8.51121
8.51121
8.51121
8.51121
8.51121
8.51121
8.51121
8.51121
8.51121
8.51121
8.51121
8.51121
8.51121
8.51121
8.51121
8.51121
8.51121
8.51121
8.51121
8.51121
8.51121
8.51121
8.51121
8.51121
8.51121
8.51121
8.51121
8.51121
8.51121
8.51121
8.51121
8.51121
8.51121
8.51121
8.51121
8.51121
8.51121
8.51121
8.51121
8.51121
8.51121
8.51121
8.51121
8.51121
8.51121
8.51121
8.51121
8.51121
8.51121
8.51121
8.51121
8.51121
8.51121
8.51121
8.51121
8.51121
8.51121
8.51121
8.51121
8.51121
8.51121
8.51121
8.51121
8.51121
8.51121
8.51121
8.51121
8.51121
8.51121
8.51121
8.51121
8.51121
8.51121
8.51121
8.51121
8.51121
8.51121
8.51121
8.51121
8.51121
8.51121
8.51121
8.51121
8.51121
8.51121
8.51121
8.51121
8.51121
8.51121
8.51121
8.51121
8.51121
8.51121
8.51121
8.51121
8.51121
8.51121
8.51121
8.51121
8.51121
8.51121
8.51121
8.51121
8.51121
8.51121
8.51121
8.51121
8.51121
8.51121
8.51121
8.51121
8.51121
8.51121
8.51121
8.51121
8.51121
8.51121
8.51121
8.51121
8.51121
8.51121
8.51121
8.51121
8.51121
8.51121
8.51121
8.51121
8.51121
8.51121
8.51121
8.51121
8.51121
8.51121
8.51121
8.51121
8.51121
8.51121
8.51121
8.51121
8.51121
8.51121
8.51121
8.51121
8.51121
8.51121
8.51121
8.51121
8.51121
8.51121
8.51121
8.51121
8.51121
8.51121
8.51121
8.51121
8.51121
8.51121
8.51121
8.51121
8.51121
8.51121
8.51121
8.51121
8.51121
8.51121
8.51121
8.51121
8.51121
8.51121
8.51121
8.51121
8.51121
8.51121
8.51121
8.51121
8.51121
8.51121
8.51121
8.51121
8.51121
8.51121
8.51121
8.51121
8.51121
8.51121
8.51121
8.51121
8.51121
8.51121
8.51121
8.51121
8.51121
8.51121
8.51121
8.51121
8.51121
8.51121
8.51121
8.51121
8.51121
8.51121
8.51121
8.51121
8.51121
8.51121
8.51121
8.51121
8.51121
8.51121
8.51121
8.51121
8.51121
8.51121
8.51121
8.51121
8.51121
8.51121
8.51121
8.51121
8.51121
8.51121
8.51121
8.51121
8.51121
8.51121
8.51121
8.51121
8.51121
8.51121
8.51121
8.51121
8.51121
8.51121
8.51121
8.51121
8.51121
8.51121
8.51121
8.51121
8.51121
8.51121
8.51121
8.51121
8.51121
8.51121
8.51121
8.51121
8.51121
8.51121
8.51121
8.51121
8.51121
8.51121
8.51121
8.51121
8.51121
8.51121
8.51121
8.51121
8.51121
8.51121
8.51121
8.51121
8.51121
8.51121
8.51121
8.51121
8.51121
8.51121
8.51121
8.51121
8.51121
8.51121
8.51121
8.51121
8.51121
8.51121
8.51121
8.51121
8.51121
8.51121
8.51121
8.51121
8.51121
8.51121
8.51121
8.51121
8.51121
8.51121
8.51121
8.51121
8.51121
8.51121
8.51121
8.51121
8.51121
8.51121
8.51121
8.51121
8.51121
8.51121
8.51121
8.51121
8.51121
8.51121
8.51121
8.51121
8.51121
8.51121
8.51121
8.51121
8.51121
8.51121
8.51121
8.51121
8.51121
8.51121
8.51121
8.51121
8.51121
8.51121
8.51121
8.51121
8.51121
8.51121
8.51121
8.51121
8.51121
8.51121
8.51121
8.51121
8.51121
8.51121
8.51121
8.51121
8.51121
8.51121
8.51121
8.51121
8.51121
8.51121
8.51121
8.51121
8.51121
8.51121
8.51121
8.51121
8.51121
8.51121
8.51121
8.51121
8.51121
8.51121
8.51121
8.51121
8.51121
8.51121
8.51121
8.51121
8.51121
8.51121
8.51121
8.51121
8.51121
8.51121
8.51121
8.51121
8.51121
8.51121
8.51121
8.51121
8.51121
8.51121
8.51121
8.51121
8.51121
8.51121
8.51121
8.51121
8.51121
8.51121
8.51121
8.51121
8.51121
8.51121
8.51121
8.51121
8.51121
8.51121
8.51121
8.51121
8.51121
8.51121
8.51121
8.51121
8.51121
8.51121
8.51121
8.51121
8.51121
8.51121
8.51121
8.51121
8.51121
8.51121
8.51121
8.51121
8.51121
8.51121
8.51121
8.51121
8.51121
8.51121
8.51121
8.51121
8.51121
8.51121
8.51121
8.51121
8.51121
8.51121
8.51121
8.51121
8.51121
8.51121
8.51121
8.51121
8.51121
8.51121
8.51121
8.51121
8.51121
8.51121
8.51121
8.51121
8.51121
8.51121
8.51121
8.51121
8.51121
8.51121
8.51121
8.51121
8.51121
8.51121
8.51121
8.51121
8.51121
8.51121
8.51121
8.51121
8.51121
8.51121
8.51121
8.51121
8.51121
8.51121
8.51121
8.51121
8.51121
8.51121
8.51121
8.51121
8.51121
8.51121
8.51121
8.51121
8.51121
8.51121
8.51121
8.51121
8.51121
8.51121
8.51121
8.51121
8.51121
8.51121
8.51121
8.51121
8.51121
8.51121
8.51121
8.51121
8.51121
8.51121
8.51121
8.51121
8.51121
8.51121
8.51121
8.51121
8.51121
8.51121
8.51121
8.51121
8.51121
8.51121
8.51121
8.51121
8.51121
8.51121
8.51121
8.51121
8.51121
8.51121
8.51121
8.51121
8.51121
8.51121
8.51121
8.51121
8.51121
8.51121
8.51121
8.51121
8.51121
8.51121
8.51121
8.51121
8.51121
8.51121
8.51121
8.51121
8.51121
8.51121
8.51121
8.51121
8.51121
8.51121
8.51121
8.51121
8.51121
8.51121
8.51121
8.51121


-31.5134
-31.5134
-31.5134
-31.5134
-31.5134
-31.5134
-31.5134
-31.5134
-31.5134
-31.5134
-31.5134
-31.5134
-31.5134
-31.5134
-31.5134
-31.5134
-31.5134
-31.5134
-31.5134
-31.5134
-31.5134
-31.5134
-31.5134
-31.5134
-31.5134
-31.5134
-31.5134
-31.5134
-31.5134
35.2855

0.023

