20.7456
20.5868
20.5868
20.5868
20.5868
20.5868
20.5868
20.5868
20.5868
20.3199
20.3199
20.3199
20.2954
20.2954
20.2954
20.2954
20.2954
20.0968
20.0968
20.0968
20.0968
20.0968
19.9777
19.9777
19.9777
19.9777
19.9777
19.9777
19.9777
19.9777
19.9777
19.9777
19.9535
19.9535
19.9535
19.9535
19.8935
19.5804
19.5804
19.5804
19.5804
19.5804
19.5804
19.5804
19.5804
19.5598
19.5598
19.5598
19.5598
19.522
19.522
19.4782
19.406
19.406
19.406
19.3807
19.3807
19.3807
19.3807
19.3807
19.3807
19.3807
19.1248
19.1248
19.1248
19.1248
19.1248
19.0172
19.0172
19.0172
19.0172
18.9418
18.9418
18.8727
18.8727
18.8727
18.8331
18.7706
18.7242
18.7144
18.7144
18.7144
18.6482
18.5909
18.5212
18.244
18.2062
17.9373
17.5832
17.5832
17.5832
17.5832
17.5832
17.5832
17.5832
17.5832
17.5832
17.5832
17.4284
17.4284
17.4284
17.4284
17.3599
17.1444
15.6352
15.6352
15.6352
15.6352
15.6352
15.6352
15.6352
15.6352
15.6352
15.6352
15.6352
15.6352
15.6352
15.5491
15.5491
15.5491
15.4916
15.4916
15.4619
15.4619
15.4619
15.4493
15.4063
15.4063
15.4063
15.376
15.376
15.376
15.376
15.2843
15.2843
15.2843
15.2843
15.2843
15.2843
15.1849
15.1849
15.1849
15.1849
14.865
14.8258
14.8032
14.7402
14.7402
14.7402
14.7402
14.6512
14.6512
14.6512
14.6512
14.6512
14.6512
14.6512
14.6512
14.6512
14.6512
14.6107
14.6107
14.6107
14.2713
14.231
14.0232
14.0232
14.0232
14.0232
14.0232
13.9802
13.9802
13.9802
13.9802
13.9802
13.9802
13.9802
13.9285
13.9285
13.9285
13.9285
13.9285
13.9285
13.9285
13.9285
13.9285
13.9285
13.6988
13.6988
13.6988
13.6988
13.6716
13.6716
13.6716
13.6716
13.6716
13.6716
13.6716
13.6716
13.6716
13.6716
13.6716
13.6716
13.6716
13.6716
13.6716
13.6716
13.6227
13.6227
13.6227
13.6227
13.5417
13.5417
13.5417
13.5417
13.4728
13.4728
13.4728
13.4728
13.4728
13.4728
13.4728
13.4728
13.4728
13.4202
13.4202
13.4202
13.4202
13.4202
13.4202
13.4202
13.4202
13.4202
13.4202
13.3471
13.2924
13.2924
13.2924
13.2924
13.215
13.215
13.215
13.215
13.215
13.215
13.215
13.215
13.215
13.215
13.215
13.215
13.215
13.215
13.215
13.215
13.215
13.215
13.215
13.215
13.215
13.1343
13.1343
13.1343
13.1343
13.1343
13.1343
13.1343
13.1343
13.1343
13.1343
13.1343
13.1343
13.1343
13.1343
13.1343
13.1343
13.1343
13.1343
13.1343
13.1343
13.1343
13.1343
13.1343
13.1343
13.1343
13.1343
13.1343
13.1343
13.1343
13.1343
13.1343
13.1343
13.1343
13.1343
13.1343
13.1343
13.1343
13.1343
13.1343
13.1343
13.1343
13.1343
13.1343
13.1343
13.1343
13.1343
13.1343
13.1343
13.1343
13.1343
13.1343
13.1343
13.1343
13.1343
13.1343
13.1343
13.1343
13.1343
13.1343
13.1343
13.1343
13.1343
13.1343
13.1343
13.1343
13.1343
13.1343
13.1343
13.1343
13.1343
13.1343
13.1343
13.1343
13.1343
13.1343
13.1343
13.1343
13.1343
13.1343
13.1343
13.0758
13.0758
13.0758
13.0758
13.0758
13.0758
13.0758
13.0758
13.0758
13.0758
13.0758
11.9672
11.9672
11.9672
11.9672
11.9672
11.9672
11.9672
11.9672
11.9672
11.9672
11.8426
11.8426
11.8426
11.8426
11.8426
11.8426
11.8426
11.8426
11.8426
11.8426
11.8426
11.8426
11.8426
11.8426
11.8426
11.8426
11.8426
11.8426
11.8426
11.8426
11.8426
11.8426
11.8426
11.8426
11.8426
11.8426
11.8426
11.8426
11.8426
11.8426
11.8426
11.8426
11.8426
11.8426
11.8426
11.8426
11.8426
11.8426
11.8426
11.8426
11.8426
11.8426
11.8426
11.8426
11.8426
11.8426
11.8426
11.8426
11.8426
11.8426
11.8426
11.8426
11.8426
11.8426
11.8426
11.8426
11.8426
11.8426
11.8426
11.8426
11.8426
11.8426
11.8426
11.8426
11.8426
11.8426
11.8426
11.8426
11.8426
11.8426
11.8426
11.8426
11.8426
11.8426
11.8426
11.8426
11.8426
11.8426
11.8426
11.8426
11.8426
11.8426
11.8426
11.8426
11.8426
11.8426
11.8426
11.8426
11.8426
11.8426
11.8426
11.8426
11.8426
11.8426
11.8426
11.8426
11.8426
11.8426
11.8426
11.8426
11.8426
11.8426
11.8426
11.8426
11.8426
11.8426
11.8426
11.8426
11.8426
11.8426
11.8426
11.8426
11.8426
11.8426
11.8426
11.8426
11.8426
11.8426
11.8426
11.8426
11.8426
11.8426
11.8426
11.8426
11.8426
11.8426
11.8426
11.8426
11.8426
11.8426
11.8426
11.8426
11.8426
11.8426
11.8426
11.8426
11.8426
11.8426
11.8426
11.8426
11.8426
11.8426
11.8426
11.8426
11.8426
11.8426
11.8426
11.8426
11.8426
11.8426
11.8426
11.8426
11.8426
11.8426
11.8426
11.8426
11.8426
11.8426
11.8426
11.8426
11.8426
11.8426
11.8426
11.8426
11.8426
11.8426
11.8426
11.8426
11.8426
11.8426
11.8426
11.8426
11.8426
11.8426
11.8426
11.8426
11.8426
11.8426
11.8426
11.8426
11.8426
11.8426
11.8426
11.8426
11.8426
11.8426
11.8426
11.8426
11.8426
11.8426
11.8426
11.8426
11.8426
11.8426
11.8426
11.8426
11.8426
11.8426
11.8426
11.8426
11.8426
11.8426
11.8426
11.8426
11.8426
11.8426
11.8426
11.8426
11.8426
11.8426
11.8426
11.8426
11.8426
11.8426
11.8426
11.8426
11.8426
11.8426
11.8426
11.8426
11.8426
11.8426
11.8426
11.8426
11.8426
11.8426
11.8426
11.8426
11.8426
11.8426
11.8426
11.8426
11.8426
11.8426
11.8426
11.8426
11.8426
11.8426
11.8426
11.8426
11.8426
11.8426
11.8426
11.8426
11.8426
11.8426
11.8426
11.8426
11.8426
11.8426
11.8426
11.8426
11.8426
11.8426
11.8426
11.8426
11.8426
11.8426
11.8426
11.8426
11.8426
11.8426
11.8426
11.8426
11.8426
11.8426
11.8426
11.8426
11.8426
11.8426
11.8426
11.8426
11.8426
11.8426
11.8426
11.8426
11.8426
11.8426
11.8426
11.8426
11.8426
11.8426
11.8426
11.8426
11.8426
11.8426
11.8426
11.8426
11.8426
11.8426
11.8426
11.8426
11.8426
11.8426
11.8426
11.8426
11.8426
11.8426
11.8426
11.8426
11.8426
11.8426
11.8426
11.8426
11.8426
11.8426
11.8426
11.8426
11.8426
11.8426
11.8426
11.8426
11.8426
11.8426
11.8426
11.8426
11.8426
11.8426
11.8426
11.8426
11.8426
11.8426
11.8426
11.8426
11.8426
11.8426
11.8426
11.8426
11.8426
11.8426
11.8426
11.8426
11.8426
11.8426
11.8426
11.8426
11.8426
11.8426
11.8426
11.8426
11.8426
11.8426
11.8426
11.8426
11.8426
11.8426
11.8426
11.8426
11.8426
11.8426
11.8426
11.8426
11.8426
11.8426
11.8426
11.8426
11.8426
11.8426
11.8426
11.8426
11.8426
11.8426
11.8426
11.8426
11.8426
11.8426
11.8426
11.8426
11.8426
11.8426
11.8426
11.8426
11.8426
11.8426
11.8426
11.8426
11.8426
11.8426
11.8426
11.8426
11.8426
11.8426
11.8426
11.8426
11.8426
11.8426
11.8426
11.8426
11.8426
11.8426
11.8426
11.8426
11.8426
11.8426
11.8426
11.8426
11.8426
11.8426
11.8426
11.8426
11.8426
11.8426
11.8426
11.8426
11.8426
11.8426
11.8426
11.8426
11.8426
11.8426
11.8426
11.8426
11.8426
11.8426
11.8426
11.8426
11.8426
11.8426
11.8426
11.8426
11.8426
11.8426
11.8426
11.8426
11.8426
11.8426
11.8426
11.8426
11.8426
11.8426
11.8426
11.8426
11.8426
11.8426
11.8426
11.8426
11.8426
11.8426
11.8426
11.8426
11.8426
11.8426
11.8426
11.8426
11.8426
11.8426
11.8426
11.8426
11.8426
11.8426
11.8426
11.8426
11.8426
11.8426
11.8426
11.8426
11.8426
11.8426
11.8426
11.8426
11.8426
11.8426
11.8426
11.8426
11.8426
11.8426
11.8426
11.8426
11.8426
11.8426
11.8426
11.8426
11.8426
11.8426
11.8426
11.8426
11.8426
11.8426
11.8426
11.8426
11.8426
11.8426
11.8426
11.8426
11.8426
11.8426
11.8426
11.8426
11.8426
11.8426
11.8426
11.8426
11.8426
11.8426
11.8426
11.8426
11.8426
11.8426
11.8426
11.8426
11.8426
11.8426
11.8426
11.8426
11.8426
11.8426
11.8426
11.8426
11.8426
11.8426
11.8426
11.8426
11.8426
11.8426
11.8426
11.8426
11.8426
11.8426
11.8426
11.8426
11.8426
11.8426
11.8426
11.8426
11.8426
11.8426
11.8426
11.8426
11.8426
11.8426
11.8426
11.8426
11.8426
11.8426
11.8426
11.8426
11.8426
11.8426
11.8426
11.8426
11.8426
11.8426
11.8426
11.8426
11.8426
11.8426
11.8426
11.8426
11.8426
11.8426
11.8426
11.8426
11.8426
11.8426
11.8426
11.8426
11.8426
11.8426
11.8426
11.8426
11.8426
11.8426
11.8426
11.8426
11.8426
11.8426
11.8426
11.8426
11.8426
11.8426
11.8426
11.8426
11.8426
11.8426
11.8426
11.8426
11.8426
11.8426
11.8426
11.8426
11.8426
11.8426
11.8426
11.8426
11.8426
11.8426
11.8426
11.8426
11.8426
11.8426
11.8426
11.8426
11.8426
11.8426
11.8426
11.8426
11.8426
11.8426
11.8426
11.8426
11.8426
11.8426
11.8426
11.8426
11.8426
11.8426
11.8426
11.8426
11.8426
11.8426
11.8426
11.8426
11.8426
11.8426
11.8426
11.8426
11.8426
11.8426
11.8426
11.8426
11.8426
11.8426
11.8426
11.8426
11.8426
11.8426
11.8426
11.8426
11.8426
11.8426
11.8426
11.8426
11.8426
11.8426
11.8426
11.8426
11.8426
11.8426
11.8426
11.8426
11.8426
11.8426
11.8426
11.8426
11.8426
11.8426
11.8426
11.8426
11.8426
11.8426
11.8426
11.8426
11.8426
11.8426
11.8426
11.8426
11.8426
11.8426
11.8426
11.8426
11.8426
11.8426
11.8426
11.8426
11.8426
11.8426
11.8426
11.8426
11.8426
11.8426
11.8426
11.8426
11.8426
11.8426
11.8426
11.8426
11.8426
11.8426
11.8426
11.8426
11.8426
11.8426
11.8426
11.8426
11.8426
11.8426
11.8426
11.8426
11.8426
11.8426
11.8426
11.8426
11.8426
11.8426
11.8426
11.8426
11.8426
11.8426
11.8426
11.8426
11.8426
11.8426
11.8426
11.8426
11.8426
11.8426
11.8426
11.8426
11.8426
11.8426
11.8426
11.8426
11.8426
11.8426
11.8426
11.8426
11.8426
11.8426
11.8426
11.8426
11.8426
11.8426
11.8426
11.8426
11.8426
11.8426
11.8426
11.8426
11.8426
11.8426
11.8426
11.8426
11.8426
11.8426
11.8426
11.8426
11.8426
11.8426
11.8426
11.8426
11.8426
11.8426
11.8426
11.8426
11.8426
11.8426
11.8426
11.8426
11.8426
11.8426
11.8426
11.8426
11.8426
11.8426
11.8426
11.8426
11.8426
11.8426
11.8426
11.8426
11.8426
11.8426
11.8426
11.8426
11.8426
11.8426
11.8426
11.8426
11.8426
11.8426
11.8426
11.8426
11.8426
11.8426
11.8426
11.8426
11.8426
11.8426
11.8426
11.8426
11.8426
11.8426
11.8426
11.8426
11.8426
11.8426
11.8426
11.8426
11.8426
11.8426
11.8426
11.8426
11.8426
11.8426
11.8426
11.8426
11.8426
11.8426
11.8426
11.8426
11.8426
11.8426
11.8426
11.8426
11.8426
11.8426
11.8426
11.8426
11.8426
11.8426
11.8426
11.8426
11.8426
11.8426
11.8426
11.8426
11.8426
11.8426
11.8426
11.8426
11.8426
11.8426
11.8426
11.8426
11.8426
11.8426
11.8426
11.8426
11.8426
11.8426
11.8426
11.8426
11.8426
11.8426
11.8426
11.8426
11.8426
11.8426
11.8426
11.8426
11.8426
11.8426
11.8426
11.8426
11.8426
11.8426
11.8426
11.8426
11.8426
11.8426
11.8426
11.8426
11.8426
11.8426
11.8426
11.8426
11.8426
11.8426
11.8426
11.8426
11.8426
11.8426
11.8426
11.8426
11.8426
11.8426
11.8426
11.8426
11.8426
11.8426
11.8426
11.8426
11.8426
11.8426
11.8426
11.8426
11.8426
11.8426
11.8426
11.8426
11.8426
11.8426
11.8426
11.8426
11.8426
11.8426
11.8426
11.8426
11.8426
11.8426
11.8426
11.8426
11.8426
11.8426
11.8426
11.8426
11.8426
11.8426
11.8426
11.8426
11.8426
11.8426
11.8426
11.8426
11.8426
11.8426
11.8426
11.8426
11.8426
11.8426
11.8426
11.8426
11.8426
11.8426
11.8426
11.8426
11.8426
11.8426
11.8426
11.8426
11.8426
11.8426
11.8426
11.8426
11.8426
11.8426
11.8426
11.8426
11.8426
11.8426
11.8426
11.8426
11.8426
11.8426
11.8426
11.8426
11.8426
11.8426
11.8426
11.8426
11.8426
11.8426
11.8426
11.8426
11.8426
11.8426
11.8426
11.8426
11.8426
11.8426
11.8426
11.8426
11.8426
11.8426
11.8426
11.8426
11.8426
11.8426
11.8426
11.8426
11.8426
11.8426
11.8426
11.8426
11.8426
11.8426
11.8426
11.8426
11.8426
11.8426
11.8426
11.8426
11.8426
11.8426
11.8426
11.8426
11.8426
11.8426
11.8426
11.8426
11.8426
11.8426
11.8426
11.8426
11.8426
11.8426
11.8426
11.8426
11.8426
11.8426
11.8426
11.8426
11.8426
11.8426
11.8426
11.8426
11.8426
11.8426
11.8426
11.8426
11.8426
11.8426
11.8426
11.8426
11.8426
11.8426
11.8426
11.8426
11.8426
11.8426
11.8426
11.8426
11.8426
11.8426
11.8426
11.8426
11.8426
11.8426
11.8426
11.8426
11.8426
11.8426
11.8426
11.8426
11.8426
11.8426
11.8426
11.8426
11.8426
11.8426
11.8426
11.8426
11.8426
11.8426
11.8426
11.8426
11.8426
11.8426
11.8426
11.8426
11.8426
11.8426
11.8426
11.8426
11.8426
11.8426
11.8426
11.8426
11.8426
11.8426
11.8426
11.8426
11.8426
11.8426
11.8426
11.8426
11.8426
11.8426
11.8426
11.8426
11.8426
11.8426
11.8426
11.8426
11.8426
11.8426
11.8426
11.8426
11.8426
11.8426
11.8426
11.8426
11.8426
11.8426
11.8426
11.8426
11.8426
11.8426
11.8426
11.8426
11.8426
11.8426
11.8426
11.8426
11.8426
11.8426
11.8426
11.8426
11.8426
11.8426
11.8426
11.8426
11.8426
11.8426
11.8426
11.8426
11.8426
11.8426
11.8426
11.8426
11.8426
11.8426
11.8426
11.8426
11.8426
11.8426
11.8426
11.8426
11.8426
11.8426
11.8426
11.8426
11.8426
11.8426
11.8426
11.8426
11.8426
11.8426
11.8426
11.8426
11.8426
11.8426
11.8426
11.8426
11.8426
11.8426
11.8426
11.8426
11.8426
11.8426
11.8426
11.8426
11.8426
11.8426
11.8426
11.8426
11.8426
11.8426
11.8426
11.8426
11.8426
11.8426
11.8426
11.8426
11.8426
11.8426
11.8426
11.8426
11.8426
11.8426
11.8426
11.8426
11.8426
11.8426
11.8426
11.8426
11.8426
11.8426
11.8426
11.8426
11.8426
11.8426
11.8426
11.8426
11.8426
11.8426
11.8426
11.8426
11.8426
11.8426
11.8426
11.8426
11.8426
11.8426
11.8426
11.8426
11.8426
11.8426
11.8426
11.8426
11.8426
11.8426
11.8426
11.8426
11.8426
11.8426
11.8426
11.8426
11.8426
11.8426
11.8426
11.8426
11.8426
11.8426
11.8426
11.8426
11.8426
11.8426
11.8426
11.8426
11.8426
11.8426
11.8426
11.8426
11.8426
11.8426
11.8426
11.8426
11.8426
11.8426
11.8426
11.8426
11.8426
11.8426
11.8426
11.8426
11.8426
11.8426
11.8426
11.8426
11.8426
11.8426
11.8426
11.8426
11.8426
11.8426
11.8426
11.8426
11.8426
11.8426
11.8426
11.8426
11.8426
11.8426
11.8426
11.8426
11.8426
11.8426
11.8426
11.8426
11.8426
11.8426
11.8426
11.8426
11.8426
11.8426
11.8426
11.8426
11.8426
11.8426
11.8426
11.8426
11.8426
11.8426
11.8426
11.8426
11.8426
11.8426
11.8426
11.8426
11.8426
11.8426
11.8426
11.8426
11.8426
11.8426
11.8426
11.8426
11.8426
11.8426
11.8426
11.8426
11.8426
11.8426
11.8426
11.8426
11.8426
11.8426
11.8426
11.8426
11.8426
11.8426
11.8426
11.8426
11.8426
11.8426
11.8426
11.8426
11.8426
11.8426
11.8426
11.8426
11.8426
11.8426
11.8426
11.8426
11.8426
11.8426
11.8426
11.8426
11.8426
11.8426
11.8426
11.8426
11.8426
11.8426
11.8426
11.8426
11.8426
11.8426
11.8426
11.8426
11.8426
11.8426
11.8426
11.8426
11.8426
11.8426
11.8426
11.8426
11.8426
11.8426
11.8426
11.8426
11.8426
11.8426
11.8426
11.8426
11.8426
11.8426
11.8426
11.8426
11.8426
11.8426
11.8426
11.8426
11.8426
11.8426
11.8426
11.8426
11.8426
11.8426
11.8426
11.8426
11.8426
11.8426
11.8426
11.8426
11.8426
11.8426
11.8426
11.8426
11.8426
11.8426
11.8426
11.8426
11.8426
11.8426
11.8426
11.8426
11.8426
11.8426
11.8426
11.8426
11.8426
11.8426
11.8426
11.8426
11.8426
11.8426
11.8426
11.8426
11.8426
11.8426
11.8426
11.8426
11.8426
11.8426
11.8426
11.8426
11.8426
11.8426
11.8426
11.8426
11.8426
11.8426
11.8426
11.8426
11.8426
11.8426
11.8426
11.8426
11.8426
11.8426
11.8426
11.8426
11.8426
11.8426
11.8426
11.8426
11.8426
11.8426
11.8426
11.8426
11.8426
11.8426
11.8426
11.8426
11.8426
11.8426
11.8426
11.8426
11.8426
11.8426
11.8426
11.8426
11.8426
11.8426
11.8426
11.8426
11.8426
11.8426
11.8426
11.8426
11.8426
11.8426
11.8426
11.8426
11.8426
11.8426
11.8426
11.8426
11.8426
11.8426
11.8426
11.8426
11.8426
11.8426
11.8426
11.8426
11.8426
11.8426
11.8426
11.8426
11.8426
11.8426
11.8426
11.8426
11.8426
11.8426
11.8426
11.8426
11.8426
11.8426
11.8426
11.8426
11.8426
11.8426
11.8426
11.8426
11.8426
11.8426
11.8426
11.8426
11.8426
11.8426
11.8426
11.8426
11.8426
11.8426
11.8426
11.8426
11.8426
11.8426
11.8426
11.8426
11.8426
11.8426
11.8426
11.8426
11.8426
11.8426
11.8426
11.8426
11.8426
11.8426
11.8426
11.8426
11.8426
11.8426
11.8426
11.8426
11.8426
11.8426
11.8426
11.8426
11.8426
11.8426
11.8426
11.8426
11.8426
11.8426
11.8426
11.8426
11.8426
11.8426
11.8426
11.8426
11.8426
11.8426
11.8426
11.8426
11.8426
11.8426
11.8426
11.8426
11.8426
11.8426
11.8426
11.8426
11.8426
11.8426
11.8426
11.8426
11.8426
11.8426
11.8426
11.8426
11.8426
11.8426
11.8426
11.8426
11.8426
11.8426
11.8426
11.8426
11.8426
11.8426
11.8426
11.8426
11.8426
11.8426
11.8426
11.8426
11.8426
11.8426
11.8426
11.8426
11.8426
11.8426
11.8426
11.8426
11.8426
11.8426
11.8426
11.8426
11.8426
11.8426
11.8426
11.8426
11.8426
11.8426
11.8426
11.8426
11.8426
11.8426
11.8426
11.8426
11.8426
11.8426
11.8426
11.8426
11.8426
11.8426
11.8426
11.8426
11.8426
11.8426
11.8426
11.8426
11.8426
11.8426
11.8426
11.8426
11.8426
11.8426
11.8426
11.8426
11.8426
11.8426
11.8426
11.8426
11.8426
11.8426
11.8426
11.8426
11.8426
11.8426
11.8426
11.8426
11.8426
11.8426
11.8426
11.8426
11.8426
11.8426
11.8426
11.8426
11.8426
11.8426
11.8426
11.8426
11.8426
11.8426
11.8426
11.8426
11.8426
11.8426
11.8426
11.8426
11.8426
11.8426
11.8426
11.8426
11.8426
11.8426
11.8426
11.8426
11.8426
11.8426
11.8426
11.8426
11.8426
11.8426
11.8426
11.8426
11.8426
11.8426
11.8426


-2.14307
-2.14307
-2.14307
-2.14307
-2.14307
-2.14307
-2.14307
-2.14307
-2.14307
-2.14307
-2.14307
-2.14307
-2.14307
-2.14307
-2.14307
-2.14307
-2.14307
-2.14307
-2.14307
-2.14307
-2.14307
-2.14307
-2.14307
-2.14307
-2.14307
-2.14307
-2.14307
-2.14307
4.97515
18.1036

0.028

