-0.0325007
-0.0325007
-0.102722
-0.197255
-0.197255
-0.197255
-0.197255
-0.367726
-0.367726
-0.367726
-0.367726
-0.367726
-0.367726
-0.490324
-0.490324
-0.490324
-0.490324
-0.490324
-0.490324
-0.490324
-0.490324
-0.490324
-0.503533
-0.56594
-0.56594
-0.56594
-0.56594
-0.56594
-0.56594
-0.56594
-0.56594
-0.584611
-0.584611
-0.584611
-0.656368
-0.656368
-0.667601
-0.723098
-0.723098
-0.723098
-0.723098
-0.723098
-0.730283
-0.789912
-0.789912
-0.789912
-0.789912
-0.789912
-0.789912
-0.789912
-0.789912
-0.789912
-0.789912
-0.789912
-0.789912
-0.789912
-0.789912
-0.828595
-0.828595
-0.854171
-0.854171
-0.854171
-0.854171
-0.854171
-0.854171
-0.854171
-0.854171
-0.854171
-0.854171
-0.86217
-0.86217
-0.86217
-0.888107
-0.888107
-0.905592
-0.905592
-0.905868
-0.905868
-0.905868
-0.905868
-0.905868
-0.905868
-0.905868
-0.908278
-0.908278
-0.908278
-0.908278
-0.912466
-0.914957
-0.914957
-0.914957
-0.918923
-0.918923
-0.920509
-0.920509
-0.920509
-0.92168
-0.932277
-0.932277
-0.932277
-0.932277
-0.932277
-0.932277
-0.932277
-0.932815
-0.932815
-0.932815
-0.932815
-0.932815
-0.932815
-0.932841
-0.932841
-0.932841
-0.932841
-0.932841
-0.932841
-0.932841
-0.932841
-0.932841
-0.932841
-0.932841
-0.932841
-0.932841
-0.932841
-0.932841
-0.932841
-0.932841
-0.938985
-0.938985
-0.938985
-0.940531
-0.940531
-0.940531
-0.940531
-0.940531
-0.940531
-0.940531
-0.942423
-0.942423
-0.94422
-0.94422
-0.94422
-0.94422
-0.94422
-0.94422
-0.94422
-0.94422
-0.94489
-0.94489
-0.94489
-0.94489
-0.94489
-0.94489
-0.94489
-0.94489
-0.94489
-0.95069
-0.95069
-0.95069
-0.95069
-0.95069
-0.95069
-0.95069
-0.95069
-0.95069
-0.95069
-0.95069
-0.95069
-0.950806
-0.950806
-0.950806
-0.950806
-0.950806
-0.950806
-0.950806
-0.950806
-0.950806
-0.950806
-0.950806
-0.950806
-0.950806
-0.951035
-0.951035
-0.951035
-0.951035
-0.951145
-0.951754
-0.951754
-0.951754
-0.951754
-0.951754
-0.951754
-0.952257
-0.952257
-0.952257
-0.952257
-0.952257
-0.953845
-0.953845
-0.953845
-0.953845
-0.953845
-0.956296
-0.956296
-0.956296
-0.956296
-0.956296
-0.956296
-0.956296
-0.956296
-0.956296
-0.956296
-0.956296
-0.95644
-0.95644
-0.956881
-0.956881
-0.957112
-0.957204
-0.957582
-0.957582
-0.957582
-0.957582
-0.957654
-0.957654
-0.957731
-0.957731
-0.957731
-0.957731
-0.958521
-0.958521
-0.958521
-0.958521
-0.958521
-0.958521
-0.958521
-0.958521
-0.958521
-0.958521
-0.958521
-0.958521
-0.958521
-0.958522
-0.958522
-0.958522
-0.958522
-0.958745
-0.958745
-0.958745
-0.958745
-0.958745
-0.958745
-0.959393
-0.959393
-0.959393
-0.959393
-0.959393
-0.959393
-0.959393
-0.959393
-0.959393
-0.959393
-0.959393
-0.959393
-0.959393
-0.959393
-0.959466
-0.959753
-0.959753
-0.959753
-0.959753
-0.959753
-0.959753
-0.959753
-0.959753
-0.959753
-0.959753
-0.959753
-0.959908
-0.959908
-0.959908
-0.959908
-0.959908
-0.959908
-0.959908
-0.959908
-0.959908
-0.959908
-0.959908
-0.959908
-0.959908
-0.959908
-0.959908
-0.959908
-0.959908
-0.959908
-0.959908
-0.959908
-0.959908
-0.959908
-0.959909
-0.959909
-0.959909
-0.960248
-0.960248
-0.960248
-0.960248
-0.960264
-0.960573
-0.960573
-0.96081
-0.96081
-0.96081
-0.96081
-0.96081
-0.96081
-0.96081
-0.96081
-0.96081
-0.96081
-0.96081
-0.96081
-0.96081
-0.96081
-0.96081
-0.96081
-0.96081
-0.96081
-0.96081
-0.96081
-0.96083
-0.96083
-0.96083
-0.96083
-0.96083
-0.96083
-0.96083
-0.96083
-0.96083
-0.96083
-0.96083
-0.960933
-0.960933
-0.960933
-0.960933
-0.960933
-0.960933
-0.960933
-0.960933
-0.960933
-0.960933
-0.960933
-0.960996
-0.960996
-0.960996
-0.960996
-0.960997
-0.961002
-0.961002
-0.961002
-0.961002
-0.961175
-0.961175
-0.961175
-0.961175
-0.961175
-0.961175
-0.961175
-0.961175
-0.961175
-0.961175
-0.961175
-0.961175
-0.961175
-0.961175
-0.961175
-0.961189
-0.961189
-0.961189
-0.96119
-0.96119
-0.96119
-0.96119
-0.96119
-0.96119
-0.96119
-0.96119
-0.96119
-0.96119
-0.96119
-0.96119
-0.96119
-0.96119
-0.96119
-0.961198
-0.961198
-0.961222
-0.961222
-0.961222
-0.961222
-0.961226
-0.961226
-0.961226
-0.961226
-0.961226
-0.961226
-0.961226
-0.961226
-0.961226
-0.961272
-0.961272
-0.961272
-0.961272
-0.961285
-0.961285
-0.961285
-0.961285
-0.961285
-0.961544
-0.961544
-0.961544
-0.961544
-0.961544
-0.961544
-0.961544
-0.961544
-0.961544
-0.961544
-0.961544
-0.961589
-0.961589
-0.961589
-0.961589
-0.961598
-0.961598
-0.961598
-0.961598
-0.961598
-0.961598
-0.961598
-0.961598
-0.961656
-0.961656
-0.961679
-0.961679
-0.961679
-0.961679
-0.961679
-0.961679
-0.961679
-0.961679
-0.961679
-0.961679
-0.961679
-0.961679
-0.961679
-0.961679
-0.961706
-0.961706
-0.961706
-0.961706
-0.961706
-0.961707
-0.96178
-0.96178
-0.96178
-0.96178
-0.96178
-0.96178
-0.96178
-0.961781
-0.961781
-0.961781
-0.961797
-0.961797
-0.961797
-0.961797
-0.961797
-0.961818
-0.961818
-0.961823
-0.961823
-0.961823
-0.961832
-0.961832
-0.961832
-0.961832
-0.961832
-0.961832
-0.961832
-0.961832
-0.961832
-0.961832
-0.961832
-0.961832
-0.961832
-0.961832
-0.961845
-0.961845
-0.961845
-0.961846
-0.961846
-0.961846
-0.961847
-0.961854
-0.961854
-0.961854
-0.961854
-0.961854
-0.961854
-0.961854
-0.961854
-0.961859
-0.961859
-0.961859
-0.961859
-0.96186
-0.96186
-0.96186
-0.96186
-0.961861
-0.961861
-0.961861
-0.961861
-0.961877
-0.961877
-0.961883
-0.961894
-0.961894
-0.961894
-0.961894
-0.961894
-0.961894
-0.961894
-0.961894
-0.961894
-0.961894
-0.961894
-0.961894
-0.961894
-0.961894
-0.961894
-0.961894
-0.961894
-0.961897
-0.961897
-0.961898
-0.961898
-0.961898
-0.961898
-0.961898
-0.961898
-0.961898
-0.961898
-0.961898
-0.961898
-0.961898
-0.961898
-0.9619
-0.961901
-0.961901
-0.961901
-0.961901
-0.961901
-0.961901
-0.961901
-0.961901
-0.961901
-0.961901
-0.961901
-0.961901
-0.961901
-0.961901
-0.961901
-0.961903
-0.961903
-0.961903
-0.961903
-0.961904
-0.961904
-0.961904
-0.961904
-0.961904
-0.961904
-0.961904
-0.961904
-0.961904
-0.961904
-0.96191
-0.96191
-0.96191
-0.961913
-0.961913
-0.961913
-0.961913
-0.961913
-0.961913
-0.961913
-0.961913
-0.961913
-0.961913
-0.961913
-0.961913
-0.961913
-0.961913
-0.961913
-0.961913
-0.961913
-0.961913
-0.961913
-0.961913
-0.96192
-0.96192
-0.96192
-0.96192
-0.96192
-0.96192
-0.96192
-0.96192
-0.96192
-0.96192
-0.96192
-0.96192
-0.961922
-0.961923
-0.961923
-0.961923
-0.961923
-0.961923
-0.961923
-0.961923
-0.961923
-0.961923
-0.961923
-0.961923
-0.961923
-0.961923
-0.961923
-0.961923
-0.961923
-0.961923
-0.961923
-0.961923
-0.961923
-0.961923
-0.961923
-0.961923
-0.961923
-0.961923
-0.961923
-0.961923
-0.961923
-0.961923
-0.961923
-0.961923
-0.961923
-0.961923
-0.961923
-0.961923
-0.961923
-0.961923
-0.961923
-0.961923
-0.961923
-0.961923
-0.961924
-0.961924
-0.961924
-0.961924
-0.961924
-0.961924
-0.961924
-0.961924
-0.961924
-0.961924
-0.961927
-0.961927
-0.961929
-0.961929
-0.961929
-0.961929
-0.961929
-0.961929
-0.961929
-0.961929
-0.961929
-0.961929
-0.961929
-0.961929
-0.961929
-0.961929
-0.96193
-0.96193
-0.96193
-0.96193
-0.96193
-0.96193
-0.961931
-0.961931
-0.961931
-0.961931
-0.961931
-0.961931
-0.961932
-0.961932
-0.961932
-0.961932
-0.961932
-0.961932
-0.961932
-0.961933
-0.961933
-0.961933
-0.961933
-0.961933
-0.961933
-0.961933
-0.961933
-0.961933
-0.961933
-0.961933
-0.961933
-0.961933
-0.961933
-0.961933
-0.961933
-0.961933
-0.961933
-0.961933
-0.961935
-0.961935
-0.961935
-0.961936
-0.961936
-0.961936
-0.961936
-0.961936
-0.961936
-0.961936
-0.961936
-0.961936
-0.961936
-0.961936
-0.961936
-0.961936
-0.961936
-0.961936
-0.961936
-0.961936
-0.961936
-0.961936
-0.961936
-0.961938
-0.961938
-0.961938
-0.961938
-0.961939
-0.961939
-0.961939
-0.961939
-0.961939
-0.961939
-0.961939
-0.961939
-0.961939
-0.961939
-0.961939
-0.961939
-0.961939
-0.961939
-0.961939
-0.961939
-0.961939
-0.961939
-0.961939
-0.961939
-0.961939
-0.961939
-0.961939
-0.961939
-0.961939
-0.961939
-0.961939
-0.961939
-0.961939
-0.961939
-0.96194
-0.96194
-0.96194
-0.961941
-0.961941
-0.961941
-0.961941
-0.961941
-0.961941
-0.961941
-0.961941
-0.961941
-0.961942
-0.961942
-0.961942
-0.961944
-0.961944
-0.961944
-0.961944
-0.961944
-0.961944
-0.961944
-0.961944
-0.961944
-0.961944
-0.961944
-0.961944
-0.961944
-0.961944
-0.961944
-0.961944
-0.961944
-0.961944
-0.961944
-0.961944
-0.961944
-0.961945
-0.961945
-0.961945
-0.961945
-0.961945
-0.961945
-0.961945
-0.961945
-0.961945
-0.961946
-0.961946
-0.961946
-0.961946
-0.961946
-0.961946
-0.961946
-0.961946
-0.961946
-0.961946
-0.961946
-0.961946
-0.961946
-0.961946
-0.961947
-0.961947
-0.961947
-0.961947
-0.961947
-0.961947
-0.961947
-0.961947
-0.961947
-0.961947
-0.961947
-0.961947
-0.961947
-0.961947
-0.961947
-0.961947
-0.961947
-0.961947
-0.961947
-0.961947
-0.961947
-0.961947
-0.961947
-0.961947
-0.961947
-0.961947
-0.961947
-0.961947
-0.961947
-0.961947
-0.961947
-0.961947
-0.961947
-0.961947
-0.961947
-0.961947
-0.961947
-0.961947
-0.961947
-0.961947
-0.961947
-0.961947
-0.961947
-0.961947
-0.961947
-0.961947
-0.961947
-0.961948
-0.961948
-0.961948
-0.961948
-0.961948
-0.961948
-0.961948
-0.961948
-0.961948
-0.961948
-0.961948
-0.961948
-0.961948
-0.961948
-0.961948
-0.961948
-0.961948
-0.961948
-0.961948
-0.961948
-0.961948
-0.961948
-0.961948
-0.961948
-0.961948
-0.961948
-0.961948
-0.961948
-0.961948
-0.961948
-0.961948
-0.961948
-0.961948
-0.961948
-0.961948
-0.961948
-0.961948
-0.961948
-0.961948
-0.961948
-0.961948
-0.961948
-0.961948
-0.961948
-0.961948
-0.961948
-0.961948
-0.961948
-0.961948
-0.961948
-0.961948
-0.961948
-0.961948
-0.961948
-0.961948
-0.961948
-0.961948
-0.961948
-0.961948
-0.961948
-0.961948
-0.961948
-0.961948
-0.961948
-0.961948
-0.961948
-0.961948
-0.961948
-0.961948
-0.961948
-0.961948
-0.961948
-0.961948
-0.961948
-0.961948
-0.961948
-0.961948
-0.961948
-0.961948
-0.961948
-0.961948
-0.961948
-0.961948
-0.961948
-0.961948
-0.961948
-0.961948
-0.961948
-0.961948
-0.961948
-0.961948
-0.961948
-0.961948
-0.961948
-0.961948
-0.961948
-0.961948
-0.961948
-0.961948
-0.961948
-0.961948
-0.961948
-0.961948
-0.961948
-0.961948
-0.961948
-0.961948
-0.961948
-0.961948
-0.961948
-0.961948
-0.961948
-0.961948
-0.961948
-0.961948
-0.961948
-0.961948
-0.961948
-0.961948
-0.961948
-0.961948
-0.961948
-0.961948
-0.961948
-0.961948
-0.961948
-0.961948
-0.961948
-0.961948
-0.961948
-0.961948
-0.961948
-0.961948
-0.961948
-0.961948
-0.961948
-0.961948
-0.961948
-0.961948
-0.961948
-0.961948
-0.961948
-0.961948
-0.961948
-0.961948
-0.961948
-0.961948
-0.961948
-0.961948
-0.961948
-0.961948
-0.961948
-0.961948
-0.961948
-0.961948
-0.961948
-0.961948
-0.961948
-0.961948
-0.961948
-0.961948
-0.961948
-0.961948
-0.961948
-0.961948
-0.961948
-0.961948
-0.961948
-0.961948
-0.961948
-0.961948
-0.961948
-0.961948
-0.961948
-0.961948
-0.961948
-0.961948
-0.961948
-0.961948
-0.961948
-0.961948
-0.961948
-0.961948
-0.961948
-0.961948
-0.961948
-0.961948
-0.961948
-0.961948
-0.961948
-0.961948
-0.961948
-0.961948
-0.961948
-0.961948
-0.961948
-0.961948
-0.961948
-0.961948
-0.961948
-0.961948
-0.961948
-0.961948
-0.961948
-0.961948
-0.961948
-0.961948
-0.961948
-0.961948
-0.961948
-0.961948
-0.961948
-0.961948
-0.961948
-0.961948
-0.961948
-0.961948
-0.961948
-0.961948
-0.961948
-0.961948
-0.961948
-0.961948
-0.961948
-0.961948
-0.961948
-0.961948
-0.961948
-0.961948
-0.961948
-0.961948
-0.961948
-0.961948
-0.961948
-0.961948
-0.961948
-0.961948
-0.961948
-0.961948
-0.961948
-0.961948
-0.961948
-0.961948
-0.961948
-0.961948
-0.961948
-0.961948
-0.961948
-0.961948
-0.961948
-0.961948
-0.961948
-0.961948
-0.961948
-0.961948
-0.961948
-0.961948
-0.961948
-0.961948
-0.961948
-0.961948
-0.961948
-0.961948
-0.961948
-0.961948
-0.961948
-0.961948
-0.961948
-0.961948
-0.961948
-0.961948
-0.961948
-0.961948
-0.961948
-0.961948
-0.961948
-0.961948
-0.961948
-0.961948
-0.961948
-0.961948
-0.961948
-0.961948
-0.961948
-0.961948
-0.961948
-0.961948
-0.961948
-0.961948
-0.961948
-0.961948
-0.961948
-0.961948
-0.961948
-0.961948
-0.961948
-0.961948
-0.961948
-0.961948
-0.961948
-0.961948
-0.961948
-0.961948
-0.961948
-0.961948
-0.961948
-0.961948
-0.961948
-0.961948
-0.961948
-0.961948
-0.961948
-0.961948
-0.961948
-0.961948
-0.961948
-0.961948
-0.961948
-0.961948
-0.961948
-0.961948
-0.961948
-0.961948
-0.961948
-0.961948
-0.961948
-0.961948
-0.961948
-0.961948
-0.961948
-0.961948
-0.961948
-0.961948
-0.961948
-0.961948
-0.961948
-0.961948
-0.961948
-0.961948
-0.961948
-0.961948
-0.961948
-0.961948
-0.961948
-0.961948
-0.961948
-0.961948
-0.961948
-0.961948
-0.961948
-0.961948
-0.961948
-0.961948
-0.961948
-0.961948
-0.961948
-0.961948
-0.961948
-0.961948
-0.961948
-0.961948
-0.961948
-0.961948
-0.961948
-0.961948
-0.961948
-0.961948
-0.961948
-0.961948
-0.961948
-0.961948
-0.961948
-0.961948
-0.961948
-0.961948
-0.961948
-0.961948
-0.961948
-0.961948
-0.961948
-0.961948
-0.961948
-0.961948
-0.961948
-0.961948
-0.961948
-0.961948
-0.961948
-0.961948
-0.961948
-0.961948
-0.961948
-0.961948
-0.961948
-0.961948
-0.961948
-0.961948
-0.961948
-0.961948
-0.961948
-0.961948
-0.961948
-0.961948
-0.961948
-0.961948
-0.961948
-0.961948
-0.961948
-0.961948
-0.961948
-0.961948
-0.961948
-0.961948
-0.961948
-0.961948
-0.961948
-0.961948
-0.961948
-0.961948
-0.961948
-0.961948
-0.961948
-0.961948
-0.961948
-0.961948
-0.961948
-0.961948
-0.961948
-0.961948
-0.961948
-0.961948
-0.961948
-0.961948
-0.961948
-0.961948
-0.961948
-0.961948
-0.961948
-0.961948
-0.961948
-0.961948
-0.961948
-0.961948
-0.961948
-0.961948
-0.961948
-0.961948
-0.961948
-0.961948
-0.961948
-0.961948
-0.961948
-0.961948
-0.961948
-0.961948
-0.961948
-0.961948
-0.961948
-0.961948
-0.961948
-0.961948
-0.961948
-0.961948
-0.961948
-0.961948
-0.961948
-0.961948
-0.961948
-0.961948
-0.961948
-0.961948
-0.961948
-0.961948
-0.961948
-0.961948
-0.961948
-0.961948
-0.961948
-0.961948
-0.961948
-0.961948
-0.961948
-0.961948
-0.961948
-0.961948
-0.961948
-0.961948
-0.961948
-0.961948
-0.961948
-0.961948
-0.961948
-0.961948
-0.961948
-0.961948
-0.961948
-0.961948
-0.961948
-0.961948
-0.961948
-0.961948
-0.961948
-0.961948
-0.961948
-0.961948
-0.961948
-0.961948
-0.961948
-0.961948
-0.961948
-0.961948
-0.961948
-0.961948
-0.961948
-0.961948
-0.961948
-0.961948
-0.961948
-0.961948
-0.961948
-0.961948
-0.961948
-0.961948
-0.961948
-0.961948
-0.961948
-0.961948
-0.961948
-0.961948
-0.961948
-0.961948
-0.961948
-0.961948
-0.961948
-0.961948
-0.961948
-0.961948
-0.961948
-0.961948
-0.961948
-0.961948
-0.961948
-0.961948
-0.961948
-0.961948
-0.961948
-0.961948
-0.961948
-0.961948
-0.961948
-0.961948
-0.961948
-0.961948
-0.961948
-0.961948
-0.961948
-0.961948
-0.961948
-0.961948
-0.961948
-0.961948
-0.961948
-0.961948
-0.961948
-0.961948
-0.961948
-0.961948
-0.961948
-0.961948
-0.961948
-0.961948
-0.961948
-0.961948
-0.961948
-0.961948
-0.961948
-0.961948
-0.961948
-0.961948
-0.961948
-0.961948
-0.961948
-0.961948
-0.961948
-0.961948
-0.961948
-0.961948
-0.961948
-0.961948
-0.961948
-0.961948
-0.961948
-0.961948
-0.961948
-0.961948
-0.961948
-0.961948
-0.961948
-0.961948
-0.961948
-0.961948
-0.961948
-0.961948
-0.961948
-0.961948
-0.961948
-0.961948
-0.961948
-0.961948
-0.961948
-0.961948
-0.961948
-0.961948
-0.961948
-0.961948
-0.961948
-0.961948
-0.961948
-0.961948
-0.961948
-0.961948
-0.961948
-0.961948
-0.961948
-0.961948
-0.961948
-0.961948
-0.961948
-0.961948
-0.961948
-0.961948
-0.961948
-0.961948
-0.961948
-0.961948
-0.961948
-0.961948
-0.961948
-0.961948
-0.961948
-0.961948
-0.961948
-0.961948
-0.961948
-0.961948
-0.961948
-0.961948
-0.961948
-0.961948
-0.961948
-0.961948
-0.961948
-0.961948
-0.961948
-0.961948
-0.961948
-0.961948
-0.961948
-0.961948
-0.961948
-0.961948
-0.961948
-0.961948
-0.961948
-0.961948
-0.961948
-0.961948
-0.961948
-0.961948
-0.961948
-0.961948
-0.961948
-0.961948
-0.961948
-0.961948
-0.961948
-0.961948
-0.961948
-0.961948
-0.961948
-0.961948
-0.961948
-0.961948
-0.961948
-0.961948
-0.961948
-0.961948
-0.961948
-0.961948
-0.961948
-0.961948
-0.961948
-0.961948
-0.961948
-0.961948
-0.961948
-0.961948
-0.961948
-0.961948
-0.961948
-0.961948
-0.961948
-0.961948
-0.961948
-0.961948
-0.961948
-0.961948
-0.961948
-0.961948
-0.961948
-0.961948
-0.961948
-0.961948
-0.961948
-0.961948
-0.961948
-0.961948
-0.961948
-0.961948
-0.961948
-0.961948
-0.961948
-0.961948
-0.961948
-0.961948
-0.961948
-0.961948
-0.961948
-0.961948
-0.961948
-0.961948
-0.961948
-0.961948
-0.961948
-0.961948
-0.961948
-0.961948
-0.961948
-0.961948
-0.961948
-0.961948
-0.961948
-0.961948
-0.961948
-0.961948
-0.961948
-0.961948
-0.961948
-0.961948
-0.961948
-0.961948
-0.961948
-0.961948
-0.961948
-0.961948
-0.961948
-0.961948
-0.961948
-0.961948
-0.961948
-0.961948
-0.961948
-0.961948
-0.961948
-0.961948
-0.961948
-0.961948
-0.961948
-0.961948
-0.961948
-0.961948
-0.961948
-0.961948
-0.961948
-0.961948
-0.961948
-0.961948
-0.961948
-0.961948
-0.961948
-0.961948
-0.961948
-0.961948
-0.961948
-0.961948
-0.961948
-0.961948
-0.961948
-0.961948
-0.961948
-0.961948
-0.961948
-0.961948
-0.961948
-0.961948
-0.961948
-0.961948
-0.961948
-0.961948
-0.961948
-0.961948
-0.961948
-0.961948
-0.961948
-0.961948
-0.961948
-0.961948
-0.961948
-0.961948
-0.961948
-0.961948
-0.961948
-0.961948
-0.961948
-0.961948
-0.961948
-0.961948
-0.961948
-0.961948
-0.961948
-0.961948
-0.961948
-0.961948
-0.961948
-0.961948
-0.961948
-0.961948
-0.961948
-0.961948
-0.961948
-0.961948
-0.961948
-0.961948
-0.961948
-0.961948
-0.961948
-0.961948
-0.961948
-0.961948
-0.961948
-0.961948
-0.961948
-0.961948
-0.961948
-0.961948
-0.961948
-0.961948
-0.961948
-0.961948
-0.961948
-0.961948
-0.961948
-0.961948
-0.961948
-0.961948
-0.961948
-0.961948
-0.961948
-0.961948
-0.961948
-0.961948
-0.961948
-0.961948
-0.961948
-0.961948
-0.961948
-0.961948
-0.961948
-0.961948
-0.961948
-0.961948
-0.961948
-0.961948
-0.961948
-0.961948
-0.961948
-0.961948
-0.961948
-0.961948
-0.961948
-0.961948
-0.961948
-0.961948
-0.961948
-0.961948
-0.961948
-0.961948
-0.961948
-0.961948
-0.961948
-0.961948
-0.961948
-0.961948
-0.961948
-0.961948
-0.961948
-0.961948
-0.961948
-0.961948
-0.961948
-0.961948
-0.961948
-0.961948
-0.961948
-0.961948
-0.961948
-0.961948
-0.961948
-0.961948
-0.961948
-0.961948
-0.961948
-0.961948
-0.961948
-0.961948
-0.961948
-0.961948
-0.961948
-0.961948
-0.961948
-0.961948
-0.961948
-0.961948
-0.961948
-0.961948
-0.961948
-0.961948
-0.961948
-0.961948
-0.961948
-0.961948
-0.961948
-0.961948
-0.961948
-0.961948
-0.961948
-0.961948
-0.961948
-0.961948
-0.961948
-0.961948
-0.961948
-0.961948
-0.961948
-0.961948
-0.961948
-0.961948
-0.961948
-0.961948
-0.961948
-0.961948
-0.961948
-0.961948
-0.961948
-0.961948
-0.961948
-0.961948
-0.961948
-0.961948
-0.961948
-0.961948
-0.961948
-0.961948
-0.961948
-0.961948
-0.961948
-0.961948
-0.961948
-0.961948
-0.961948
-0.961948
-0.961948
-0.961948
-0.961948
-0.961948
-0.961948
-0.961948
-0.961948
-0.961948
-0.961948
-0.961948
-0.961948
-0.961948
-0.961948
-0.961948
-0.961948
-0.961948
-0.961948
-0.961948
-0.961948
-0.961948
-0.961948
-0.961948
-0.961948
-0.961948
-0.961948
-0.961948
-0.961948
-0.961948
-0.961948
-0.961948
-0.961948
-0.961948
-0.961948
-0.961948
-0.961948
-0.961948
-0.961948
-0.961948
-0.961948
-0.961948
-0.961948
-0.961948
-0.961948
-0.961948
-0.961948
-0.961948
-0.961948
-0.961948
-0.961948
-0.961948
-0.961948
-0.961948
-0.961948
-0.961948
-0.961948
-0.961948
-0.961948
-0.961948
-0.961948
-0.961948
-0.961948
-0.961948
-0.961948
-0.961948
-0.961948
-0.961948
-0.961948
-0.961948
-0.961948
-0.961948
-0.961948
-0.961948
-0.961948
-0.961948
-0.961948
-0.961948
-0.961948
-0.961948
-0.961948
-0.961948
-0.961948
-0.961948
-0.961948
-0.961948
-0.961948
-0.961948
-0.961948
-0.961948
-0.961948
-0.961948
-0.961948
-0.961948
-0.961948
-0.961948
-0.961948
-0.961948
-0.961948
-0.961948
-0.961948
-0.961948
-0.961948
-0.961948
-0.961948
-0.961948
-0.961948
-0.961948
-0.961948
-0.961948
-0.961948
-0.961948
-0.961948
-0.961948
-0.961948
-0.961948
-0.961948
-0.961948
-0.961948
-0.961948
-0.961948
-0.961948
-0.961948
-0.961948
-0.961948
-0.961948
-0.961948
-0.961948
-0.961948
-0.961948
-0.961948
-0.961948
-0.961948
-0.961948
-0.961948
-0.961948
-0.961948
-0.961948
-0.961948


0.0406317
0.0406304
0.0406305
0.0406305
0.0406305
0.0406305
0.0406306
0.0406305
0.0406307
0.0406305
0.0406305
0.0406305
0.0406305
0.0406305
0.0406305
0.0406305
0.0406305
0.0406304
0.0406305
0.0406305
0.0406305
0.0406305
0.0406305
0.0406305
0.0406305
0.0406305
0.0406305
0.0406305
0.0406304
0.172381

0.019

