20.0202
20.0202
20.0202
20.0202
20.1589
20.1589
20.1589
20.1589
20.1589
20.1589
20.1589
18.9486
18.9486
18.9486
18.9486
18.9486
18.9486
18.9486
18.9486
18.9486
19.3374
19.3374
19.3374
19.3374
19.3374
19.3374
19.3374
19.3374
18.6509
17.7114
17.8832
17.8832
17.8832
17.8832
15.8335
15.8335
15.8335
16.0627
16.0627
16.0627
16.0627
16.0627
16.0627
16.0627
16.0627
16.0627
16.0627
16.0627
16.0627
16.0627
16.0627
16.0627
16.0627
16.0627
16.0627
16.0627
16.0627
16.0627
16.0627
16.0627
16.0627
14.228
14.228
14.228
15.2294
15.2294
15.1204
15.1204
15.1204
15.1204
15.1204
15.1204
15.1204
15.1204
15.1204
15.1204
15.1204
15.1204
15.1204
15.1204
15.1204
15.1204
15.1204
15.1204
15.1204
15.1204
14.4235
14.4235
13.8638
13.8638
13.8638
13.8638
13.8638
13.8638
13.7616
13.7616
13.7616
13.7616
13.7616
13.7616
13.7322
13.7322
13.7322
12.8202
12.8202
12.8202
12.8241
12.8241
12.8241
12.8241
12.8241
12.8241
12.8241
12.8241
12.8241
12.8241
12.8241
12.8241
12.8241
11.4726
11.4726
11.4726
11.4726
11.4726
11.4726
11.4726
11.4726
11.4726
11.4726
11.4726
11.4726
11.4726
11.4726
11.2377
11.2377
11.2377
11.2377
11.2377
11.2377
11.2377
11.4726
10.655
10.655
10.655
10.655
10.655
10.655
10.655
10.655
10.655
10.655
10.655
10.655
10.655
10.655
10.655
10.655
10.655
10.655
11.7859
11.7859
11.7859
11.7859
11.4861
11.4861
11.4861
11.4861
11.4861
11.4861
11.4861
11.4861
11.4861
11.4861
11.4861
11.4861
11.4861
11.4861
11.4861
11.4861
11.4861
11.4861
11.4861
11.4861
11.4861
11.4861
11.4861
11.4861
11.4861
11.4861
11.2207
11.2207
11.2207
11.2207
11.2207
11.2207
11.2207
11.2207
11.2207
11.2207
11.2207
11.2207
11.1437
11.1437
10.2729
10.2729
10.2729
10.2729
10.2729
10.2729
10.2729
10.2729
10.2729
10.2729
10.2729
10.2729
10.2729
10.2729
10.2729
10.2729
10.2729
10.2729
10.2729
10.2729
10.2729
10.2729
10.2729
10.2729
10.2729
10.2729
9.8285
9.8285
9.8285
9.8285
9.8285
9.8285
9.8285
9.8285
9.8285
9.8285
9.8285
9.8285
9.8285
9.8285
10.2729
10.2729
10.1925
10.1925
10.1925
10.1925
10.1925
10.1925
10.1925
10.1925
10.1925
10.1925
10.1925
10.1925
10.1925
9.53121
9.53121
9.53121
9.60813
9.60813
9.60813
9.60813
9.60813
9.60813
9.60813
9.51082
9.51082
9.51082
9.51082
9.51082
9.51082
9.51082
9.51082
9.51082
8.97166
8.97166
8.97166
8.97166
9.7934
9.7934
9.7934
9.7934
9.7934
9.7934
9.7934
9.7934
9.7934
9.84789
9.84789
9.84789
9.84789
9.84789
9.68516
9.68516
9.68516
9.68516
9.23953
9.68516
9.68516
9.68516
9.68516
9.68516
9.68516
9.68516
9.68516
9.68516
9.68516
9.8028
9.8028
9.67581
9.67581
9.67581
9.67581
9.67581
9.2304
9.2304
9.2304
9.2304
9.2304
9.2304
9.2304
9.2304
9.2304
9.85843
9.85843
9.85843
9.85843
9.75119
9.75119
9.44605
9.44605
9.44605
9.44605
9.44605
9.44605
9.44605
9.44605
9.49647
9.49647
9.51413
9.51413
9.51413
8.86114
8.86114
8.86114
8.86114
8.86114
8.86114
8.9839
9.31776
9.46974
9.46974
9.1983
9.1983
9.1983
9.1983
9.1983
9.1983
9.1983
9.1983
9.1983
9.1983
9.1983
9.1983
9.1983
9.1983
9.1983
9.1983
9.1983
9.1983
9.1983
9.1983
9.1983
9.1983
9.1983
9.1983
9.1983
9.1983
9.1983
9.1983
9.4916
9.4916
9.29571
9.29571
9.29571
9.29571
9.29571
9.29571
9.29571
9.29571
9.4916
9.42454
9.42454
9.42454
9.40727
9.3828
9.3828
9.3828
9.3828
9.3828
9.26708
9.26708
9.26708
9.26708
9.26708
9.26708
9.30843
9.30843
9.30843
9.30843
9.30843
9.30843
9.30843
9.30843
9.30843
9.30843
9.30843
9.30843
9.30843
9.30843
9.3828
9.3828
9.3828
9.3828
9.15693
9.3828
9.32985
9.32985
9.32985
9.32985
9.32985
9.32985
9.10432
9.10432
9.10432
9.10432
9.10432
9.10432
9.10432
9.10432
9.10432
9.10432
9.10432
9.10432
9.10432
9.10432
9.10432
9.33365
9.33365
9.33365
9.33365
9.33365
9.33365
9.33365
9.19996
9.19996
9.19996
9.19996
9.19996
9.19996
9.19996
9.19996
9.19996
9.19996
9.19996
9.33365
9.33365
9.33365
9.27083
9.33424
9.33424
9.33424
9.33424
9.35518
9.35518
9.30648
9.30648
9.30648
9.30648
9.30648
9.30648
9.35518
9.23399
9.23399
9.23399
9.23399
9.0708
9.0708
9.0708
9.0708
9.03818
9.0708
9.0708
9.0708
9.0708
9.0708
9.0708
9.0708
9.0708
9.0708
9.0708
9.0708
9.0708
8.99735
8.99735
8.99735
8.99735
8.99735
8.99735
8.99735
8.99735
8.89986
8.89986
8.89986
8.89986
8.89986
8.89986
8.89986
8.89986
8.89986
8.89986
8.73013
8.73013
8.73013
8.73013
8.73013
8.78081
8.72964
8.72964
8.72964
8.72964
8.78081
8.78081
8.78081
8.78081
8.78081
8.78081
8.78081
8.78081
8.78081
8.78081
8.78081
8.78081
8.78081
8.78081
8.78081
8.78081
8.78081
8.78081
8.78081
8.78081
8.78081
8.78081
8.78081
8.78081
8.78081
8.78081
8.78081
8.78081
8.78081
8.68137
8.78081
8.91022
8.91022
8.92974
8.61353
8.5585
8.5585
8.5585
8.5585
8.5585
8.5585
8.5585
8.5585
8.5585
8.5585
8.5585
8.5585
8.5585
8.5585
8.5585
8.5585
8.64419
8.64419
8.64259
8.64259
8.64259
8.64259
8.64259
8.64419
8.64419
8.64419
8.64419
8.64419
8.64419
8.64419
8.64419
8.64419
8.64419
8.64419
8.64419
8.64419
8.64419
8.64419
8.64419
8.64419
8.64419
8.64419
8.64419
8.64419
8.64419
8.64419
8.64419
8.64419
8.64419
8.64419
8.64419
8.64419
8.64419
8.64419
8.64419
8.64419
8.53013
8.53013
8.53013
8.53013
8.53013
8.53013
8.53013
8.53013
8.53013
8.64419
8.64419
8.64419
8.64419
8.71661
8.52586
8.35631
8.35631
8.35631
8.35631
8.35631
8.35631
8.35631
8.35631
8.35631
8.35631
8.35631
8.35631
8.35631
8.35631
8.35631
8.35631
8.35631
8.35631
8.35631
8.35631
8.35631
8.35631
8.35631
8.35631
8.35631
8.35631
8.35631
8.35631
8.35631
8.35631
8.35631
8.35631
8.35631
8.35631
8.35631
8.35631
8.35631
8.35631
8.35631
8.35631
8.35631
8.35631
8.35631
8.35631
8.35631
8.35631
8.35631
8.35631
8.35631
8.35631
8.35631
8.35631
8.35631
8.35631
8.35631
8.35631
8.35631
8.35631
8.35631
8.35631
8.35631
8.35631
8.35631
8.35631
8.35631
8.35631
8.50656
8.50656
8.50656
8.50656
8.50656
8.50656
8.50656
8.50656
8.45918
8.45918
8.45918
8.45918
8.45918
8.45918
8.45918
8.45918
8.45918
8.45918
8.45918
8.15966
8.15966
8.15966
8.15966
8.15966
8.15966
8.15966
8.15966
8.15966
8.15966
8.45918
8.45918
8.45726
8.45726
8.45726
8.45726
8.45726
8.45726
8.45726
8.45726
8.45726
8.45726
8.45726
8.45726
8.07498
8.07498
8.07498
8.07498
8.07498
8.07498
8.07498
8.07498
8.07498
8.07498
8.07498
8.07498
8.07498
8.07498
8.07498
8.07498
8.07498
8.07498
8.07498
8.07498
8.07498
8.15525
8.15525
8.15525
8.15525
8.15525
8.15525
8.15525
8.15525
8.15525
8.15525
8.15525
8.15525
8.15525
8.22193
8.22193
8.22193
8.22193
8.22193
8.22193
8.22193
8.22193
8.22193
8.22193
8.22193
8.22193
8.22193
8.22193
8.22193
8.22193
8.22193
8.22193
8.22193
8.22193
8.22193
8.22193
8.22193
8.22193
8.22193
8.22193
8.17322
8.17322
8.17322
8.17322
8.17322
8.17322
8.17322
8.17322
8.17322
8.17322
8.17322
8.17322
8.17322
8.17322
8.17322
8.17322
8.17322
8.17322
8.17322
8.17322
8.17322
8.17322
8.21625
8.21625
8.21625
8.21625
8.21625
8.21625
8.21625
8.21625
8.21625
8.21625
8.21625
8.21625
8.21625
8.21625
8.21625
8.21625
8.21625
8.21625
8.21625
8.21625
8.21625
8.21625
8.21625
8.21625
8.21625
8.21625
8.21625
8.21625
8.21625
8.21625
8.21625
8.21625
8.21625
8.21625
8.21625
8.21625
8.21625
8.21625
8.16848
8.16848
8.16848
8.16848
8.16848
8.16848
8.16848
8.16848
8.16848
8.16848
8.16848
8.16848
8.16848
8.16848
8.16848
8.16848
8.16848
8.16848
8.16848
8.16848
8.16848
8.16848
8.16848
8.21625
8.21625
8.21625
8.21625
8.10208
8.10208
8.10208
8.10208
8.10208
8.10208
8.10208
8.10208
8.10208
8.10208
8.10208
8.10208
8.10208
8.10208
8.10208
8.10208
8.10208
8.10208
8.10208
8.10208
8.10208
8.10208
8.10208
8.10208
8.10208
8.10208
8.10208
8.10208
8.10208
8.10208
8.10208
8.10208
8.10208
8.10208
8.10208
8.10208
8.10208
8.10208
8.10208
8.10208
8.10208
8.10208
8.10208
8.10208
8.10208
8.10208
8.10208
8.10208
8.10208
8.10208
8.10208
8.10208
8.19414
8.19414
8.19414
8.19414
8.19414
8.19414
8.19414
8.19414
8.19414
8.19414
8.19414
8.19414
8.19414
8.19414
8.19414
8.19414
8.19414
8.19414
8.19414
8.19414
8.19414
8.19414
8.19414
8.19414
8.20342
8.20342
8.20342
8.20342
8.20342
8.20342
8.20342
8.23164
8.23164
8.23164
8.17794
8.17794
8.17794
8.17794
8.17794
8.02369
8.02369
8.02369
8.02369
8.02369
8.02369
8.02369
8.02369
8.02369
8.02369
8.02369
8.02369
8.02369
8.02369
8.02369
8.02369
8.02369
8.02369
8.02369
8.02369
8.02369
8.02369
8.02369
8.02369
8.02369
8.02369
7.9792
7.85063
7.85063
7.85063
7.85063
7.85063
7.85063
7.85063
7.85063
7.85063
7.85063
7.85063
7.85063
7.85063
7.85063
7.85063
7.85063
7.85063
7.85063
7.85063
7.9792
7.9792
7.9792
7.9792
7.9792
7.9792
7.9792
7.9792
7.9792
7.9792
7.9792
7.9792
7.9792
7.9792
7.9792
7.90549
7.90549
7.84646
7.84646
7.84646
7.84646
7.84646
7.84646
7.84646
7.84646
7.84646
7.84646
7.84646
7.84646
7.84646
7.84646
7.84646
7.84646
7.84646
7.84646
7.84646
7.84646
7.84646
7.84646
7.84646
7.84646
7.84646
8.04324
8.08454
8.08454
8.08454
8.08454
8.08454
8.08454
7.95801
7.88937
7.88937
7.85864
7.85864
7.85864
7.85864
7.85864
7.85864
7.85864
7.85864
7.85864
7.85864
7.85864
7.85864
8.08454
8.06179
8.06179
8.04168
8.03894
8.04168
7.96619
7.76663
7.76663
7.76663
7.76663
7.76663
7.76663
7.76663
7.76663
7.76663
7.76663
7.76663
7.76663
7.76663
7.76663
7.86954
7.86954
7.86954
7.86954
7.70524
7.70524
7.70524
7.70524
7.70524
7.86954
7.78705
7.78705
7.78705
7.78705
7.78705
7.85989
7.85989
7.85989
7.85989
7.85989
7.85989
7.85989
7.85989
7.85989
7.85989
7.85989
7.85989
7.85989
7.85989
7.85989
7.85989
7.85989
7.85989
7.85989
7.85989
7.85989
7.85989
7.77085
7.77085
7.77085
7.77085
7.77085
7.77085
7.77085
7.77085
7.77085
7.77085
7.77085
7.77085
7.77085
7.77085
7.77085
7.77085
7.77085
7.77085
7.77085
7.77085
7.77085
7.77085
7.77085
7.77085
7.77085
7.77085
7.77085
7.77085
7.77085
7.77085
7.77085
7.77085
7.77085
7.77085
7.77085
7.77085
7.83546
7.83546
7.83546
7.83546
7.83546
7.83546
7.83546
7.83546
7.83546
7.83546
7.8858
7.8858
7.8858
7.98554
7.83077
7.83077
7.78426
7.78426
7.78426
7.78426
7.78426
7.78426
7.78426
7.78426
7.78426
7.78426
7.78426
7.78426
7.78426
7.78426
7.78426
7.78426
7.81244
7.81244
7.78696
7.78696
7.78696
7.78696
7.78696
7.81244
7.83079
7.83079
7.83079
7.83079
7.89207
7.89207
7.88092
7.67771
7.67771
7.67771
7.67771
7.67771
7.67771
7.67771
7.67771
7.67771
7.67771
7.67771
7.67771
7.67771
7.67771
7.67771
7.67771
7.67771
7.67771
7.67771
7.67771
7.67771
7.67771
7.67771
7.67771
7.67771
7.67771
7.67771
7.67771
7.67771
7.66865
7.66865
7.66865
7.66865
7.66865
7.66865
7.66735
7.66735
7.66735
7.66735
7.66735
7.46723
7.46723
7.46723
7.46723
7.46723
7.46723
7.46723
7.46723
7.35231
7.35231
7.35231
7.35231
7.35231
7.35231
7.35231
7.35231
7.35231
7.35231
7.35231
7.35231
7.35231
7.35231
7.35231
7.35231
7.35231
7.35231
7.35231
7.35231
7.35231
7.35231
7.35231
7.35231
7.35231
7.35231
7.35231
7.35231
7.35231
7.35231
7.35231
7.35231
7.35231
7.53502
7.53502
7.53502
7.53502
7.53502
7.54462
7.54462
7.54462
7.54462
7.54462
7.54462
7.54462
7.51859
7.51859
7.51859
7.54462
7.54462
7.54462
7.54462
7.54462
7.54462
7.54462
7.36098
7.36098
7.36098
7.36098
7.36098
7.36098
7.36098
7.36098
7.36098
7.36098
7.36098
7.36098
7.36098
7.36098
7.42899
7.42899
7.42899
7.42899
7.42899
7.42899
7.42899
7.42899
7.42899
7.42899
7.42899
7.42899
7.42899
7.42899
7.42899
7.42899
7.42899
7.42899
7.42899
7.4763
7.4763
7.4763
7.4763
7.4763
7.37224
7.4763
7.47581
7.47581
7.47581
7.4763
7.4763
7.4763
7.4763
7.4763
7.4763
7.4763
7.4763
7.4763
7.4763
7.4763
7.4763
7.4763
7.4763
7.4763
7.4763
7.54614
7.54614
7.54614
7.54614
7.54614
7.54614
7.54614
7.54614
7.54614
7.54614
7.52911
7.45611
7.45611
7.45611
7.45611
7.45611
7.45611
7.45611
7.45611
7.45611
7.45611
7.45611
7.45611
7.45611
7.54614
7.43771
7.51549
7.51549
7.51549
7.51549
7.51549
7.51549
7.51549
7.51549
7.51549
7.51549
7.51549
7.51549
7.51549
7.51549
7.49299
7.49299
7.49299
7.49299
7.49299
7.49299
7.49299
7.47285
7.47285
7.47285
7.47285
7.47285
7.47285
7.47285
7.47285
7.47285
7.47285
7.47285
7.44646
7.44646
7.44646
7.49519
7.49519
7.49519
7.49519
7.49519
7.49519
7.49519
7.49519
7.49519
7.49519
7.49519
7.49519
7.49519
7.49519
7.4313
7.4313
7.39359
7.39359
7.39359
7.39359
7.39359
7.39359
7.39359
7.39359
7.39359
7.39359
7.39359
7.39359
7.43226
7.43226
7.43226
7.43226
7.43226
7.43226
7.43226
7.43226
7.43226
7.43226
7.43226
7.43226
7.43226
7.43226
7.43226
7.43226
7.43226
7.43226
7.43226
7.43226
7.40943
7.40943
7.40943
7.40943
7.40943
7.40943
7.40943
7.40943
7.43226
7.51079
7.51079
7.51079
7.51079
7.38
7.38
7.38
7.38
7.38
7.38
7.38
7.38
7.38
7.38
7.38
7.38
7.38
7.38
7.38
7.38
7.41766
7.41766
7.43143
7.43143
7.43143
7.43143
7.43143
7.43143
7.43143
7.43143
7.43143
7.43143
7.43143
7.43143
7.43143
7.43143
7.43143
7.43143
7.43143
7.424
7.424
7.424
7.40835
7.40835
7.40835
7.40835
7.40835
7.40835
7.40835
7.40835
7.40835
7.424
7.424
7.424
7.37339
7.37339
7.37339
7.37339
7.37339
7.37339
7.37339
7.37339
7.37077
7.37077
7.37077
7.37077
7.37077
7.37077
7.22491
7.22491
7.22491
7.22491
7.22491
7.22491
7.22491
7.22491
7.37732
7.32026
7.32026
7.32026
7.32026
7.32026
7.32026
7.32026
7.32026
7.32026
7.32026
7.32026
7.32026
7.32026
7.32026
7.41146
7.41146
7.30837
7.30837
7.30837
7.30837
7.30837
7.30837
7.30837
7.30837
7.30837
7.30837
7.30837
7.30837
7.30837
7.30837
7.30837
7.30837
7.30837
7.30837
7.30837
7.30837
7.30837
7.16989
7.16989
7.16989
7.30837
7.30837
7.30837
7.30837
7.30837
7.30837
7.30837
7.30837
7.30837
7.30837
7.30837
7.30837
7.30837
7.31587
7.31587
7.31587
7.31587
7.31587
7.31587
7.31587
7.31587
7.31587
7.31587
7.31587
7.3576
7.3576
7.32994
7.32994
7.32994
7.32994
7.32994
7.32994
7.32669
7.32669
7.3291
7.3291
7.32994
7.32994
7.32994
7.32994
7.32994
7.32994
7.32994
7.32994
7.32994
7.32718
7.32718
7.29459
7.29459
7.29459
7.29459
7.29459
7.29459
7.29459
7.29459
7.29459
7.29459
7.29459
7.22811
7.22811
7.22811
7.22811
7.22811
7.22811
7.22811
7.22811
7.22811
7.22811
7.22811
7.22811
7.22811
7.22811
6.82733
7.32718
7.32718
7.32718
7.34782
7.34782
7.34782
7.34782
7.34139
7.34139
7.34139
7.34139
7.34139
7.21852
7.21852
7.21852
7.21852
7.21852
7.21852
7.21852
7.34139
7.34139
7.33334
7.33334
7.33334
7.33334
6.99148
6.99148
6.99148
6.99148
6.99148
7.26981
7.26981
7.26981
7.26981
7.26981
7.26981
7.26981
7.26981
7.11115
7.11115
7.11115
7.11115
7.11115
7.11115
7.11115
7.09843
7.09843
7.09843
7.09843
7.09843
7.09843
7.01684
7.01684
7.01684
7.01684
7.01684
7.01684
7.01684
7.01684
7.01684
7.01684
7.01684
7.01684
7.01684
7.09843
7.09843
7.09843
7.09843
7.09843
7.09843
6.95531
6.95531
6.95531
6.95531
6.95531
6.95531
6.95531
6.95531
6.95531
7.09843
7.09843
7.20494
7.20494
7.20494
7.20494
7.20563
7.17926
7.16487
7.16487
7.16487
7.16487
7.16487
7.16487
7.16487
7.16487
7.03162
7.03162
7.03162
7.03162
7.03162
7.16487
7.16487
7.16487
7.16783
7.16783
7.16783
7.16783
7.12603
7.12603
7.12603
7.12603
7.12603
7.12603
7.12603
7.12603
7.12603
7.12603
7.12603
7.12603
7.12603
7.12603
7.12603
7.12603
7.12603
7.12603
7.12603
7.12603
7.12603
7.12603
7.12603
7.12603
7.12603
7.12603
7.12603
7.20122
7.20122
7.20122
7.20122
7.20122
7.20122
7.20122
7.20122
7.18156
7.18156
7.18156
7.18156
7.18156
7.18156
7.18156
7.18156
7.18156
7.18156
7.18156
7.18156
7.18156
7.18156
7.18156
7.18156
7.18156
7.18156
7.18156
7.18156
7.18156
7.18156
7.18156
7.18156
7.18156
7.18156
7.18156
7.18156
7.18156
7.18156
7.18156
7.18156
7.18156
7.18156
7.18156
7.18156
7.18156
7.18156
7.16392
7.18156
7.18156
7.18156
7.18156
7.2302
7.2302
7.2302
7.2302
7.2302
7.2302
7.2302
7.2302
7.2302
7.2302
7.2302
7.2302
7.2302
7.2302
7.20882
7.20882
7.20882
7.22794
7.22794
7.22794
7.22794
7.22794
7.22794
7.22794
7.22794
7.22794
7.22794
7.12771
7.12771
7.12771
7.12771
7.12771
7.12771
7.12771
7.12771
7.12771
7.12771
7.22794
7.22794
7.22794
7.16482
7.16482
7.16482
7.16482
7.16482
7.16482
7.16482
7.16482
7.16482
7.16482
7.16482
7.16482
7.16482
7.16482
7.16482
7.16482
7.16482
7.16482
7.16482
7.16482
7.07671
7.07671
7.07671
7.07671
7.07671
7.07671
7.07671
7.07671
7.07671
7.07671
7.07671
7.07671
7.07671
7.07671
7.07671
7.07671
7.07671
7.07671
7.19919
7.19919
7.19919
7.19919
7.19919
7.19919
7.20882
7.15761
7.02064
7.02064
7.02064
7.02064
7.02064
7.02064
7.02064
7.02064
7.02064
7.02064
7.02064
7.02064
7.02064
7.02064
7.02064
7.15761
7.15761
7.15761
7.15761
7.15761
7.15761


-1.13512
-1.94849
-2.79848
-2.05941
-0.830299
0.033788
-0.218003
0.245405
0.239437
0.27918
-0.600116
0.0703513
-0.84625
-2.43556
-1.33161
-0.788383
-0.796256
-0.265904
0.420004
1.20403
2.96951
2.80963
3.833
3.07695
1.15644
0.469187
0.960955
1.07718
0.940898
-0.774274

0.034

