161.097
161.097
161.097
161.097
161.097
80.4244
80.4244
42.3485
42.3485
42.3485
42.3485
42.3485
42.3485
42.3485
42.3485
42.3485
42.3485
42.3485
42.3485
42.3485
37.4571
37.4571
37.4571
24.3859
24.3859
24.3859
24.3859
24.3859
24.3859
24.3859
24.3859
24.3859
24.3859
24.3859
24.3859
24.3859
24.3859
24.3859
24.3859
24.3859
24.3859
24.3859
24.3859
23.3126
22.6767
18.2804
18.2804
18.2804
18.2804
18.2804
18.2804
18.2804
18.2804
18.2804
18.2804
18.2804
18.2804
18.2804
18.2804
18.2804
18.2804
18.2804
18.2804
18.2804
18.2158
18.2158
18.2158
18.2158
18.2158
18.2158
18.2158
18.2158
18.1266
18.1266
18.1266
18.1266
18.1266
18.1266
18.1266
18.1266
18.1266
18.1266
18.1266
18.1266
18.1266
18.1266
18.1266
18.1266
18.1266
18.1266
18.1266
18.1266
18.1266
18.1266
18.1266
18.1266
18.1266
18.1266
18.1266
18.1266
18.1266
18.1266
18.1266
18.1266
18.1266
17.0575
16.0614
16.0614
16.0614
16.0614
16.0614
16.0614
16.0614
16.0614
16.0614
16.0614
16.0614
16.0614
16.0614
16.0614
16.0614
16.0614
16.0614
16.0614
16.0614
16.0614
16.0614
16.0614
16.0614
16.0614
16.0614
16.0614
16.0614
16.0614
16.0614
16.0614
16.0614
16.0614
16.0614
14.417
14.417
14.417
14.417
14.417
14.417
14.417
14.417
14.417
14.417
14.417
14.417
14.417
14.417
14.417
14.417
14.417
14.417
14.417
14.417
14.417
14.417
14.417
14.417
14.417
14.417
14.417
14.417
14.417
14.417
14.417
14.417
14.417
14.417
14.417
14.417
13.8232
13.8232
13.8232
13.8232
12.655
12.655
12.655
12.655
12.655
12.655
12.655
12.655
12.655
12.2878
12.2878
12.2878
12.2878
12.2878
12.2878
12.2878
12.2878
12.2878
12.2878
12.2878
12.2878
12.2878
12.2878
12.2878
12.2878
12.2878
12.2878
12.2878
12.2878
12.2878
12.2878
12.2878
12.2878
12.2878
12.2878
12.2878
12.2878
12.2878
12.2878
12.2878
12.2878
12.2878
12.2878
12.2878
12.2878
12.2878
12.2878
12.2878
12.2878
12.2878
12.2878
12.2878
12.2878
11.6175
11.6175
11.6175
11.6175
11.6175
11.6175
11.6175
11.6175
11.6175
11.6175
11.6175
11.6175
11.6175
11.6175
11.6175
11.6175
11.6175
11.6175
11.6175
11.6175
11.6175
11.6175
11.6175
11.6175
11.6175
11.6175
11.6175
11.6175
11.6175
11.6175
11.6175
11.6175
11.6175
11.6175
11.6175
11.6175
11.6175
11.6175
11.6175
11.6175
11.6175
11.6175
11.6175
11.6175
11.6175
11.6175
11.6175
11.6175
11.6175
11.6175
11.6175
11.6175
11.6175
11.6175
11.6175
11.6175
11.6175
11.6175
11.6175
11.6175
11.6175
11.6175
11.6175
11.6175
11.6175
11.6175
11.6175
11.6175
11.6175
11.6175
11.6175
11.6175
11.6175
11.6175
11.6175
11.6175
11.6175
11.6175
11.6175
11.5801
10.6807
10.6807
10.6807
10.6807
10.6807
10.6807
10.6807
10.6807
10.6807
10.6807
10.6807
10.6807
10.6807
10.6807
10.6807
10.6807
10.6807
10.6807
10.6807
10.6807
10.6807
10.6807
10.6807
10.6807
10.6807
10.6807
10.6807
10.6807
10.6807
10.6807
10.6807
10.6807
10.6807
10.6807
10.6807
10.6807
10.6807
10.6807
10.6807
10.6807
10.5369
10.5369
10.5369
10.5369
10.5369
10.5369
10.5369
10.5369
10.5369
10.5369
10.3297
10.3297
10.3297
10.3297
10.3297
10.3297
10.3297
10.3297
10.3297
10.3297
9.7516
9.7516
9.7516
9.7516
9.7516
9.7516
9.7516
9.7516
9.7516
9.7516
9.7516
9.7516
9.7516
9.7516
9.7516
9.7516
9.7516
9.7516
9.7516
9.7516
9.7516
9.7516
9.7516
9.7516
9.7516
9.7516
9.7516
9.7516
9.7516
9.7516
9.7516
9.7516
9.7516
9.7516
9.7516
9.7516
9.7516
9.7516
9.7516
9.7516
9.7516
9.7516
9.7516
9.7516
9.7516
9.7516
9.7516
9.7516
9.7516
9.7516
9.7516
9.7516
9.7516
9.7516
9.59074
9.59074
9.59074
9.59074
9.59074
9.59074
9.59074
9.59074
9.59074
9.59074
9.59074
9.59074
9.59074
9.59074
9.59074
9.59074
9.59074
9.59074
9.59074
9.59074
9.59074
9.59074
9.59074
9.59074
9.59074
9.59074
9.58705
9.58705
9.58705
9.58705
9.58705
9.58705
9.58705
9.58705
9.58705
9.58705
9.58705
9.58705
9.58705
9.58705
9.58705
9.58705
9.58705
9.58705
9.58705
9.58705
9.4761
9.4761
9.4761
9.4761
9.4761
9.4761
9.4761
9.4761
9.4761
9.4761
9.4761
9.4761
9.4761
9.4761
9.4761
9.4761
9.4761
9.4761
9.4761
9.4761
9.4761
8.70162
8.70162
8.70162
8.70162
8.70162
8.38428
8.38428
8.38428
8.38428
8.38428
8.38428
8.271
8.271
8.271
8.271
8.271
8.271
8.271
8.271
8.271
8.271
8.271
8.271
8.271
8.271
8.271
8.271
8.271
8.271
8.271
8.271
8.271
8.271
8.271
8.271
8.271
8.271
8.271
8.271
8.271
7.76511
7.76511
7.76511
7.76511
7.76511
7.76511
7.76511
7.76511
7.76511
7.76511
7.76511
7.76511
7.76511
7.76511
7.76511
7.76511
7.76511
7.76511
7.76511
7.44194
7.44194
7.44194
7.44194
7.44194
7.44194
7.44194
7.44194
7.44194
7.44194
7.44194
7.44194
7.44194
7.44194
7.44194
7.44194
7.44194
7.44194
7.44194
7.44194
7.44194
7.44194
7.44194
7.44194
7.44194
7.44194
7.24672
7.24672
7.24672
7.24672
7.24672
7.24672
7.24672
7.24672
7.24672
7.24672
7.24672
7.24672
7.24672
7.24672
7.24672
7.24672
7.24672
7.24672
7.24672
7.24672
7.24672
7.24672
7.24672
7.24672
7.24672
7.24672
7.24672
7.24672
7.24672
7.24672
7.24672
7.24672
7.09063
7.09063
7.09063
7.09063
7.09063
7.09063
7.09063
7.09063
7.09063
7.09063
7.09063
7.09063
7.09063
7.05631
7.05631
7.05631
7.05631
7.05631
7.05631
7.05631
7.05631
7.05631
7.05631
7.05631
7.05631
7.05631
7.05631
7.05631
7.05631
7.05631
7.05631
7.05631
7.05631
7.05631
7.05631
7.05631
7.05631
7.05631
7.05631
7.05631
7.05631
7.05631
7.05631
7.05631
7.05631
7.05631
7.05631
7.05631
7.05422
7.05422
7.05422
7.05422
7.05422
7.05422
7.05422
7.05422
7.05422
7.05422
7.05422
7.05422
7.05422
7.05422
7.05422
7.05422
7.05422
7.05422
7.05422
7.05422
7.05422
7.05422
7.05422
7.05422
7.05422
7.05422
7.05422
7.05422
7.05422
7.05422
7.05422
7.05422
7.05422
7.05422
7.05422
7.05422
7.05422
7.05422
7.05422
7.05422
7.05422
7.05422
7.05422
7.05422
7.05422
7.05422
7.05422
7.05422
7.05422
7.05422
7.05422
7.05422
7.05422
7.05422
7.05422
7.05422
7.05422
7.05422
7.05422
7.05422
7.05422
7.05422
7.05422
7.05422
7.05422
7.05422
7.05422
7.05422
7.05422
7.05422
7.05422
7.05422
7.05422
7.05422
7.05422
7.05422
7.05422
7.05422
7.05422
7.05422
7.05422
7.05422
7.05422
7.05422
7.05422
7.05422
7.05422
7.05422
7.05422
7.05422
7.05422
7.05422
7.05422
7.05422
7.05422
7.05422
7.05422
7.05422
7.05422
7.05422
7.05422
7.05422
7.05422
7.05422
7.05422
7.05422
7.05422
7.05422
7.05422
7.05422
7.05422
7.05422
7.05422
7.05422
7.05422
7.05422
7.05422
7.05422
6.85253
6.85253
6.85253
6.85253
6.85253
6.85253
6.85253
6.85253
6.85253
6.85253
6.85253
6.85253
6.85253
6.85253
6.85253
6.85253
6.85253
6.85253
6.85253
6.85253
6.85253
6.85253
6.85253
6.85253
6.85253
6.85253
6.85253
6.85253
6.85253
6.85253
6.85253
6.85253
6.85253
6.85253
6.85253
6.85253
6.85253
6.85253
6.85253
6.85253
6.85253
6.85253
6.85253
6.85253
6.85253
6.85253
6.85253
6.85253
6.85253
6.85253
6.85253
6.85253
6.85253
6.85253
6.85253
6.85253
6.85253
6.85253
6.85253
6.85253
6.85253
6.85253
6.85253
6.85253
6.85253
6.85253
6.85253
6.85253
6.85253
6.85253
6.85253
6.85253
6.85253
6.85253
6.85253
6.85253
6.85253
6.85253
6.85253
6.85253
6.85253
6.85253
6.85253
6.85253
6.85253
6.85253
6.85253
6.85253
6.85253
6.85253
6.85253
6.85253
6.85253
6.85253
6.85253
6.85253
6.85253
6.85253
6.85253
6.85253
6.85253
6.85253
6.85253
6.85253
6.85253
6.85253
6.85253
6.85253
6.85253
6.85253
6.85253
6.85253
6.85253
6.85253
6.85253
6.85253
6.85253
6.85253
6.85253
6.85253
6.85253
6.85253
6.85253
6.85253
6.85253
6.85253
6.85253
6.85253
6.85253
6.85253
6.85253
6.85253
6.85253
6.85253
6.85253
6.85253
6.85253
6.85253
6.85253
6.85253
6.85253
6.85253
6.85253
6.85253
6.85253
6.85253
6.85253
6.85253
6.85253
6.85253
6.85253
6.85253
6.85253
6.85253
6.85253
6.85253
6.85253
6.85253
6.85253
6.85253
6.85253
6.85253
6.85253
6.85253
6.85253
6.85253
6.85253
6.85253
6.85253
6.85253
6.85253
6.85253
6.85253
6.85253
6.85253
6.85253
6.85253
6.85253
6.85253
6.85253
6.85253
6.85253
6.85253
6.85253
6.85253
6.85253
6.85253
6.85253
6.85253
6.85253
6.85253
6.85253
6.85253
6.85253
6.85253
6.85253
6.85253
6.85253
6.85253
6.85253
6.85253
6.85253
6.85253
6.85253
6.85253
6.85253
6.85253
6.85253
6.85253
6.85253
6.85253
6.85253
6.85253
6.5353
6.5353
6.5353
6.5353
6.5353
6.5353
6.5353
6.5353
6.5353
6.5353
6.5353
6.5353
6.5353
6.5353
6.5353
6.5353
6.5353
6.5353
6.5353
6.5353
6.5353
6.5353
6.5353
6.5353
6.5353
6.5353
6.5353
6.5353
6.5353
6.5353
6.5353
6.5353
6.5353
6.5353
6.5353
6.5353
6.5353
6.5353
6.5353
6.5353
6.5353
6.5353
6.5353
6.5353
6.5353
6.5353
6.5353
6.5353
6.5353
6.5353
6.5353
6.5353
6.5353
6.5353
6.5353
6.5353
6.5353
6.5353
6.5353
6.5353
6.5353
6.5353
6.5353
6.5353
6.5353
6.5353
6.5353
6.5353
6.5353
6.5353
6.5353
6.5353
6.5353
6.5353
6.5353
6.5353
6.5353
6.5353
6.5353
6.5353
6.5353
6.5353
6.5353
6.5353
6.5353
6.5353
6.5353
6.5353
6.5353
6.5353
6.5353
6.5353
6.5353
6.5353
6.5353
6.5353
6.5353
6.5353
6.5353
6.5353
6.5353
6.5353
6.5353
6.5353
6.5353
6.5353
6.5353
6.5353
6.5353
6.5353
6.5353
6.5353
6.5353
6.5353
6.5353
6.5353
6.5353
6.5353
6.5353
6.5353
6.5353
6.5353
6.5353
6.5353
6.5353
6.5353
6.5353
6.5353
6.5353
6.5353
6.5353
6.5353
6.5353
6.5353
6.5353
6.5353
6.5353
6.5353
6.5353
6.5353
6.5353
6.5353
6.5353
6.5353
6.5353
6.5353
6.5353
6.5353
6.5353
6.5353
6.5353
6.5353
6.5353
6.5353
6.5353
6.5353
6.5353
6.5353
6.5353
6.5353
6.5353
6.5353
6.5353
6.5353
6.5353
6.5353
6.5353
6.5353
6.5353
6.5353
6.5353
6.5353
6.5353
6.5353
6.5353
6.5353
6.5353
6.5353
6.5353
6.5353
6.5353
6.5353
6.5353
6.5353
6.5353
6.5353
6.5353
6.5353
6.5353
6.5353
6.5353
6.5353
6.5353
6.5353
6.5353
6.5353
6.5353
6.5353
6.5353
6.5353
6.5353
6.5353
6.5353
6.5353
6.5353
6.5353
6.5353
6.5353
6.5353
6.5353
6.5353
6.5353
6.5353
6.5353
6.5353
6.5353
6.5353
6.5353
6.5353
6.5353
6.5353
6.5353
6.5353
6.5353
6.5353
6.5353
6.5353
6.5353
6.5353
6.5353
6.5353
6.5353
6.5353
6.5353
6.5353
6.5353
6.5353
6.5353
6.5353
6.5353
6.5353
6.5353
6.5353
6.5353
6.5353
6.5353
6.5353
6.5353
6.5353
6.5353
6.5353
6.5353
6.5353
6.5353
6.5353
6.5353
6.5353
6.5353
6.5353
6.5353
6.5353
6.5353
6.5353
6.5353
6.5353
6.5353
6.5353
6.5353
6.5353
6.5353
6.5353
6.5353
6.5353
6.5353
6.5353
6.5353
6.5353
6.5353
6.5353
6.5353
6.5353
6.5353
6.5353
6.5353
6.5353
6.5353
6.5353
6.5353
6.5353
6.5353
6.5353
6.5353
6.5353
6.5353
6.5353
6.5353
6.5353
6.5353
6.5353
6.5353
6.25941
6.25941
6.25941
6.25941
6.25941
6.25941
6.25941
6.25941
6.25941
6.25941
6.25941
6.25941
6.25941
6.25941
6.25941
6.25941
6.25941
6.25941
6.25941
6.25941
6.25941
6.25941
6.25941
6.25941
6.25941
6.25941
6.25941
6.25941
6.25941
6.25941
6.25941
6.25941
6.25941
6.25941
6.25941
6.25941
6.25941
6.25941
6.25941
6.25941
6.25941
6.25941
6.25941
6.25941
6.25941
6.25941
6.25941
6.25941
6.25941
6.25941
6.25941
6.25941
6.25941
6.25941
6.25941
6.25941
6.25941
6.20002
6.20002
6.20002
6.20002
6.20002
6.20002
6.20002
6.20002
6.20002
6.20002
6.20002
6.20002
6.20002
6.20002
6.20002
6.20002
6.20002
6.20002
6.20002
6.20002
6.20002
6.20002
6.20002
6.20002
6.20002
6.20002
6.20002
6.20002
6.20002
6.20002
6.20002
6.20002
6.20002
6.20002
6.20002
6.20002
6.20002
6.20002
6.20002
6.20002
6.20002
6.20002
6.20002
6.20002
6.20002
6.20002
6.20002
6.20002
6.20002
6.20002
6.20002
6.20002
6.20002
6.20002
6.20002
6.20002
6.20002
6.20002
6.20002
6.20002
6.20002
6.20002
6.20002
6.20002
6.20002
6.20002
6.20002
6.20002
6.20002
6.20002
6.20002
6.20002
6.20002
6.20002
6.20002
6.20002
6.20002
6.20002
6.20002
6.20002
6.20002
6.20002
6.20002
6.20002
6.20002
6.20002
6.20002
6.20002
6.20002
6.20002
6.20002
6.20002
6.20002
6.20002
6.20002
6.20002
6.20002
6.20002
6.20002
6.20002
6.20002
6.20002
6.20002
6.20002
6.20002
6.20002
6.20002
6.20002
6.20002
6.20002
6.20002
6.20002
6.20002
6.20002
6.20002
6.20002
6.20002
6.20002
6.20002
6.20002
6.20002
6.20002
6.20002
6.20002
6.20002
6.20002
6.20002
6.20002
6.20002
6.20002
6.20002
6.20002
6.20002
6.20002
6.20002
6.20002
6.20002
6.20002
6.20002
6.20002
6.20002
6.20002
6.20002
6.20002
6.20002
6.20002
6.20002
6.20002
6.20002
6.20002
6.20002
6.20002
6.20002
6.20002
6.20002
6.20002
6.20002
6.20002
6.20002
6.20002
6.20002
6.20002
6.20002
6.20002
6.20002
6.20002
6.20002
6.20002
6.20002
6.20002
6.20002
6.20002
6.20002
6.20002
6.20002
6.20002
6.20002
6.20002
6.20002
6.20002
6.20002
6.20002
6.20002
6.20002
6.20002
6.20002
6.20002
6.20002
6.20002
6.20002
6.20002
6.20002
6.20002
6.20002
6.20002
6.20002
6.20002
6.20002
6.20002
6.20002
6.20002
6.20002
6.20002
6.20002
6.20002
6.20002
6.20002
6.20002
6.20002
6.20002
6.20002
6.20002
6.20002
6.20002
6.20002
6.20002
6.20002
6.20002
6.20002
6.20002
6.20002
6.20002
6.20002
6.20002
6.20002
6.20002
6.20002
6.20002
6.20002
6.20002
6.20002
6.20002
6.20002
6.20002
6.20002
6.20002
6.20002
6.20002
6.20002
6.20002
6.20002
6.20002
6.20002
6.20002
6.20002
6.20002
6.20002
6.20002
6.20002
6.20002
6.20002
6.20002
6.20002
6.20002
6.20002
6.20002
6.20002
6.20002
6.20002
6.20002
6.20002
6.20002
6.20002
6.20002
6.20002
6.20002
6.20002
6.20002
6.20002
6.20002
6.20002
6.20002
6.20002
6.20002
6.20002
6.20002
6.20002
6.20002
6.20002
6.20002
6.20002
6.20002
6.20002
6.20002
6.20002
6.20002
6.20002
6.20002
6.20002
6.20002
6.20002
6.20002
6.20002
6.20002
6.20002
6.20002
6.20002
6.20002
6.20002
6.20002
6.20002
6.20002
6.20002
6.20002
6.20002
6.20002
6.20002
6.20002
6.20002
6.20002
6.20002
6.20002
6.20002
6.20002
6.20002
6.20002
6.20002
6.20002
6.20002
6.20002
6.20002
6.20002
6.20002
6.20002
6.20002
6.20002
6.20002
6.20002
6.20002
6.20002
6.20002
6.20002
6.20002
6.20002
6.20002
6.20002
6.20002
6.20002
6.20002
6.20002
6.20002
6.20002
6.20002
5.68013
5.68013
5.68013
5.68013
5.68013
5.68013
5.68013
5.68013
5.68013
5.68013
5.68013
5.68013
5.68013
5.68013
5.68013
5.68013
5.68013
5.68013
5.68013
5.68013
5.68013
5.68013
5.68013
5.68013
5.68013
5.68013
5.68013
5.68013
5.68013
5.68013
5.68013
5.68013
5.68013
5.68013
5.68013
5.68013
5.68013
5.68013
5.68013
5.68013
5.68013
5.68013
5.68013
5.68013
5.68013
5.68013
5.68013
5.68013
5.68013
5.68013
5.68013
5.68013
5.68013
5.68013
5.68013
5.68013
5.68013
5.68013
5.68013
5.68013
5.68013
5.68013
5.68013
5.68013
5.68013
5.68013
5.68013
5.68013
5.68013
5.68013
5.68013
5.68013
5.68013
5.68013
5.68013
5.68013
5.68013
5.68013
5.68013
5.68013
5.68013
5.68013
5.68013
5.68013
5.68013
5.68013
5.68013
5.68013
5.68013
5.68013
5.68013
5.68013
5.68013
5.68013
5.68013
5.68013
5.68013
5.68013
5.68013
5.68013
5.68013
5.68013
5.68013
5.68013
5.68013
5.68013
5.68013
5.68013
5.68013
5.68013
5.68013
5.68013
5.68013
5.68013
5.68013
5.68013
5.68013
5.68013
5.68013
5.68013
5.68013
5.68013
5.68013
5.68013
5.68013
5.68013
5.68013
5.68013
5.68013
5.68013
5.68013
5.68013
5.68013
5.68013
5.68013
5.68013
5.68013
5.68013
5.68013
5.68013
5.68013
5.68013
5.68013
5.68013
5.68013
5.68013
5.68013
5.68013
5.68013
5.68013
5.68013
5.68013
5.68013
5.68013
5.68013
5.48046
5.48046
5.48046
5.48046
5.48046
5.48046
5.48046
5.48046
5.48046
5.48046
5.48046
5.48046
5.48046
5.48046
5.48046
5.48046
5.48046
5.48046
5.48046
5.48046
5.48046
5.48046
5.48046
5.48046
5.48046
5.48046
5.48046
5.48046
5.48046
5.48046
5.48046
5.48046
5.48046
5.48046
5.48046
5.48046
5.48046
5.48046
5.48046
5.48046
5.48046
5.48046
5.48046
5.48046
5.48046
5.48046
5.48046
5.48046
5.48046
5.48046
5.48046
5.48046
5.48046
5.48046
5.48046
5.48046
5.48046
5.48046
5.48046
5.48046
5.48046
5.48046
5.48046
5.48046
5.48046
5.48046
5.48046
5.48046
5.48046
5.48046
5.48046
5.48046
5.48046
5.48046
5.48046
5.48046
5.48046
5.48046
5.48046
5.48046
5.48046
5.48046
5.48046
5.48046
5.48046
5.48046
5.48046
5.48046
5.48046
5.48046
5.48046
5.48046
5.48046
5.48046
5.48046
5.48046
5.48046
5.48046
5.48046
5.48046
5.48046
5.48046
5.48046
5.48046
5.48046
5.48046
5.48046
5.48046
5.48046
5.48046
5.48046
5.48046
5.48046
5.48046
5.48046
5.48046
5.48046
5.48046
5.48046
5.48046
5.48046
5.48046
5.48046
5.48046
5.48046
5.48046
5.48046
5.48046
5.48046
5.48046
5.48046
5.48046
5.48046
5.48046
5.48046
5.48046
5.48046
5.48046
5.48046
5.48046
5.48046
5.48046
5.48046
5.48046
5.48046
5.48046
5.48046
5.48046
5.48046
5.48046
5.48046
5.48046
5.48046
5.48046
5.48046
5.48046


0.159957
-0.11024
0.0831677
-0.164487
-0.470557
-0.0209442
0.0589808
0.0980734
-0.134568
-0.386212
-0.210629
0.136626
0.381095
0.0127478
0.558964
0.341315
0.166121
0.0397024
0.124875
-0.122323
0.479114
0.0542772
0.33294
-0.135478
-0.232736
-0.14958
-0.0254337
0.21575
-0.0451207
0.028446

0.025

