174.863
174.863
174.863
174.863
174.863
124.897
124.897
124.897
114.086
114.086
83.0767
57.7363
57.7363
57.7363
56.7421
56.7421
56.7421
56.7421
56.7421
56.7421
56.7421
56.7421
56.7421
56.7421
56.7421
56.7421
56.7421
56.7421
56.7421
56.7421
56.7421
56.7421
56.7421
56.7421
56.7421
56.7421
56.7421
56.7421
56.7421
56.7421
56.7421
55.2366
55.2366
55.2167
55.2167
55.2167
55.2167
55.2167
53.1336
53.1336
53.1336
53.1336
53.1336
53.1336
53.1336
53.1336
53.1336
53.1336
53.1336
53.1336
53.1336
53.1336
53.1336
53.1336
53.1336
39.2302
39.2302
39.2302
39.2302
39.2302
39.2302
39.2302
39.2302
39.2302
39.2302
39.2302
39.2302
39.2302
39.2302
38.8363
38.8363
38.8363
38.8363
38.8363
38.8363
38.8363
38.8363
38.8363
38.8363
38.8363
36.864
36.864
36.864
36.864
36.864
36.864
36.864
36.864
36.864
36.864
36.864
36.864
36.864
36.864
36.864
36.864
36.864
36.5106
36.5106
36.5106
36.5025
36.5025
36.5025
36.5025
36.2384
36.2384
36.2384
36.2384
36.2384
34.393
34.393
34.393
34.3894
34.3894
34.3894
34.3894
34.3894
34.3894
34.3894
34.3894
34.3852
34.3852
34.3852
34.3852
34.3852
34.3852
34.3852
34.3852
34.3852
34.3852
34.3852
34.3852
34.3852
34.3852
34.3852
34.3852
33.3641
33.3641
33.3641
33.3641
33.3641
33.3641
33.3641
33.3641
33.3641
33.0798
33.0798
33.0798
33.0798
33.0798
33.0677
33.0677
33.0677
25.4703
25.4703
25.4703
25.4703
23.7397
23.7397
23.7397
23.7397
23.7397
23.7397
23.7397
23.7397
23.7397
23.7397
23.7397
23.7397
23.7316
21.301
21.301
21.301
21.301
21.301
21.301
21.301
21.301
21.301
21.301
21.301
20.1519
20.1519
20.1519
20.1519
20.1519
20.1519
20.1519
20.1519
20.1519
20.1519
20.1519
20.1519
20.1519
20.1519
20.1519
20.1519
20.1519
20.1519
20.1519
20.1519
20.1519
20.1519
20.1519
20.1519
20.1519
20.1519
20.1519
20.1519
20.1519
20.1519
20.1519
20.1519
20.1519
19.6999
19.6999
19.6999
19.6999
19.6999
19.6999
19.6999
19.6999
18.4977
18.064
18.0637
18.0637
18.0637
18.0637
18.0637
18.0637
18.0637
18.0637
18.0087
18.0087
18.0087
18.0087
18.0087
18.0087
18.0087
18.0087
18.0013
17.9847
17.9847
17.6404
17.6404
17.6404
17.6404
17.6404
17.6404
17.6404
17.6404
17.6404
17.6404
17.6404
17.6404
17.6048
17.6048
17.6048
17.6048
17.6048
17.6048
17.6048
17.6048
17.6048
17.6048
17.6048
17.5628
17.5628
17.5628
17.5628
17.5628
17.5628
17.5628
17.5628
17.5628
17.1632
17.1632
17.1632
17.1632
17.1632
17.1632
17.1632
17.1632
17.1632
17.1632
17.1632
17.1632
17.1632
17.1632
17.1632
16.3628
16.3628
16.3628
16.3628
16.3628
16.3628
16.3628
16.3628
16.3531
16.3531
16.3531
16.3531
16.3531
16.3531
16.3415
16.3415
16.3415
16.3415
16.3415
16.3415
16.3415
16.3415
16.3415
16.3415
16.3415
16.3415
16.3415
16.3415
16.3415
16.2025
16.2025
16.2025
16.2025
16.2025
16.2025
16.2025
16.2025
16.2025
16.2025
16.2025
16.2025
16.2025
16.2025
16.2025
16.2025
16.2025
16.2025
16.2025
16.2025
16.2025
16.2025
16.1431
16.1431
15.8668
15.8668
15.2773
15.2773
15.2773
15.2773
15.2773
15.2773
15.2773
15.2773
15.2773
15.2773
15.2773
15.2773
15.2773
15.2773
15.2773
15.2773
14.555
14.555
14.555
14.555
14.555
14.555
14.555
14.555
14.555
14.555
13.9948
13.9948
13.9948
13.9948
13.9948
13.9948
13.9948
13.9948
13.9948
13.9948
13.9948
13.9948
13.9948
13.9948
13.9948
13.9948
13.9948
13.9948
13.9948
13.9948
13.9948
13.9948
13.9948
13.9948
13.9948
13.9948
13.9948
13.9948
13.9948
13.9662
13.8592
13.8592
13.8592
13.8592
13.8592
13.8592
13.8592
13.8592
13.8592
13.8592
13.8592
13.8592
13.8592
13.8592
13.828
13.5133
13.5133
13.5133
13.5133
13.5133
13.5133
13.5133
13.5133
13.5133
13.5133
13.5133
11.4265
11.4265
11.4265
11.4265
11.4265
11.4265
11.4265
11.4265
11.4265
11.4265
11.4265
11.4265
11.4265
11.4265
11.4265
11.4265
11.4265
11.4265
11.4265
11.4265
11.4265
11.4265
11.4265
11.4265
11.4265
11.4265
10.1859
10.1859
10.1859
10.1859
10.1859
10.1859
10.1859
10.1859
10.1859
10.1859
10.1859
10.1859
10.1859
10.1859
10.1859
10.1859
10.1859
10.1859
10.1859
10.1859
10.1859
10.1859
10.1859
10.1859
10.1859
10.1859
10.1859
10.1859
10.1859
10.1859
10.1859
10.1859
10.1859
10.1859
10.1859
10.1859
10.1859
10.1859
10.1859
10.1859
10.1859
9.7699
9.7699
9.7699
9.7699
9.7699
9.7699
9.7699
9.7699
9.7699
9.22469
9.22469
9.22469
9.22469
9.22469
9.22469
9.22469
9.22469
9.22469
9.22469
9.22469
9.22469
9.22469
9.22469
9.22469
9.22469
9.22469
9.22469
9.22469
9.22469
9.22469
9.22469
9.13738
9.13738
9.13738
9.13738
9.13738
9.13738
9.13738
9.13738
9.13738
9.13738
9.13738
9.13738
9.13738
9.13738
9.13738
9.13738
9.13738
9.13738
9.13738
9.13738
9.13738
9.13738
9.07602
9.07602
9.07602
9.07602
9.07602
9.07602
9.07602
9.07602
9.07602
9.07602
9.07602
9.07602
9.07602
9.07602
9.07602
9.07602
9.07602
9.07602
9.07602
9.0404
9.0404
9.0404
9.0404
9.0404
9.0404
8.8964
8.8964
8.8964
8.8964
8.8964
8.8964
8.8964
8.8964
8.8964
8.8964
8.8964
8.8964
8.8964
8.8964
8.8964
8.37869
8.37869
8.37869
8.37869
8.37869
8.37869
8.37869
8.37869
8.37869
8.28458
8.28458
8.28458
8.28458
8.28458
8.11195
8.11195
8.11195
8.11195
8.11195
8.11195
8.11195
8.11195
8.11195
8.11195
8.11195
8.11195
8.11195
8.11195
8.11195
8.04749
8.04749
8.04749
8.0403
8.0403
8.0403
8.0403
8.0403
8.0403
8.0403
8.0403
8.0403
8.0403
8.0403
8.0403
7.46842
7.46842
7.46842
7.46842
7.46842
7.46842
7.46842
7.46842
7.46842
7.46842
7.46842
7.46842
7.46842
7.46842
7.46842
7.46842
7.46842
7.46842
7.46842
7.46842
7.46842
7.46842
7.46842
7.46842
7.46842
7.46842
7.46842
7.46842
7.46842
7.46842
7.46842
7.46842
7.46842
7.46842
7.46842
7.46842
7.46842
7.46842
7.46842
7.46842
7.46842
7.46842
7.46842
7.46842
7.4538
7.4538
7.4538
7.4538
7.4538
7.4538
7.4538
7.4538
7.4538
7.4538
7.4538
7.4538
7.4538
7.4538
7.4538
7.4538
7.4538
7.4538
7.4538
7.4538
7.4538
7.4538
7.4538
7.4538
7.4538
7.4538
7.4538
7.4538
7.4538
7.4538
7.4538
7.4538
7.4538
7.43169
7.43169
7.43169
7.43169
7.43169
7.43169
7.43169
7.43169
7.43169
7.43169
7.40682
7.40682
7.40682
7.29868
7.29868
7.29868
7.29868
7.29868
7.29868
7.29868
7.29868
7.29868
7.29868
7.01122
7.01122
7.01122
7.01122
7.01122
7.01122
7.01122
7.01122
7.01122
7.01122
7.01122
7.01122
7.01122
7.01122
7.01122
7.01122
7.01122
7.01122
7.01122
7.01122
7.01122
7.01122
7.01122
7.01122
7.01122
7.01122
7.01122
7.01122
7.01122
7.01122
7.01122
7.01122
7.01122
7.01122
7.01122
7.01122
7.01122
7.01122
6.98198
6.98198
6.98198
6.85484
6.85484
6.85484
6.85484
6.85484
6.85484
6.85484
6.85484
6.85484
6.85484
6.80537
6.80537
6.80068
6.80068
6.80068
6.80068
6.80068
6.80068
6.80068
6.80068
6.80068
6.78693
6.54179
6.54179
6.54179
6.54179
6.54179
6.54179
6.54179
6.54179
6.54179
6.54179
6.54179
6.54179
6.54179
6.54179
6.54179
6.50875
6.50875
6.50875
6.50875
6.50875
6.32333
6.32333
6.32333
6.32333
6.32333
6.32333
6.32333
6.32333
6.32333
6.32333
6.32333
6.32333
6.32333
6.32333
6.32333
6.32333
6.32333
6.32333
6.32333
6.32333
6.32333
6.32333
6.32333
6.32333
6.32333
6.32333
6.32333
6.32333
6.32333
6.32333
6.32333
6.32333
5.3607
5.3607
5.3607
5.3607
5.3607
5.3607
5.3607
5.3607
5.3607
5.3607
5.3607
5.3607
5.3607
5.3607
5.3607
5.3607
5.3607
5.3607
5.3607
5.3607
5.3607
5.3607
5.3607
5.3607
5.3607
5.3607
5.3607
5.3607
5.3607
5.3607
5.3607
5.3607
5.3607
5.3607
5.3607
5.3607
5.3607
5.3607
5.3607
5.3607
5.3607
5.3607
5.28948
5.28948
5.23445
5.23445
5.23445
5.23445
5.23445
5.23445
5.23445
5.23445
5.23445
5.23445
5.23445
5.23445
5.23445
5.23445
5.23445
5.23445
5.23445
5.23445
5.23445
5.23445
5.23445
5.23445
5.23445
5.23445
5.23445
5.23445
5.23445
5.23445
5.23445
5.23445
5.23445
5.23445
5.23445
5.23445
5.22939
5.22939
5.22939
5.22939
5.22939
5.22939
5.22939
5.22939
5.22939
5.22939
5.22939
5.22939
5.12288
5.12288
5.12288
5.12288
5.12288
4.74826
4.74826
4.74826
4.74826
4.74826
4.74826
4.74826
4.74826
4.74826
4.74826
4.74826
4.73239
4.73239
4.73239
4.73239
4.73239
4.73239
4.73239
4.73239
4.73239
4.73239
4.73239
4.73239
4.73239
4.73239
4.73239
4.73239
4.73239
4.73239
4.73239
4.62743
4.31119
4.31119
4.31119
4.31119
4.31119
4.31119
4.31119
4.31119
4.31119
4.31119
4.31032
4.31032
4.31032
4.31032
4.31032
4.31032
4.31032
4.31032
4.31032
4.31032
4.31032
4.31032
4.31032
4.31032
4.31032
4.31032
4.31032
4.31032
4.31032
4.31032
4.31032
4.31032
4.31032
4.31032
4.31032
4.31032
4.30363
4.29589
4.29572
4.27706
4.27706
4.27706
4.27706
4.27706
4.27706
4.27706
4.27706
4.27706
4.25021
4.25021
4.25021
4.25021
4.2106
4.13563
4.13563
4.13563
4.13563
4.13563
4.13563
4.13563
4.13563
4.13563
4.13563
4.13563
4.13563
4.13563
4.10464
4.10464
4.10464
4.10464
4.10464
4.10464
4.10464
4.10464
4.10464
4.10464
4.10464
4.10464
4.10464
4.10464
4.10464
4.10464
4.10464
4.10464
4.10464
4.10464
4.10464
4.08081
4.08081
4.08081
4.08081
3.98551
3.98551
3.98551
3.7561
3.7561
3.7561
3.7561
3.7561
3.7561
3.7561
3.7561
3.7561
3.7561
3.7561
3.72248
3.72248
3.72248
3.72248
3.72248
3.72248
3.72248
3.72248
3.72248
3.72248
3.72248
3.72248
3.72248
3.72248
3.72248
3.72248
3.72248
3.72248
3.72248
3.72248
3.72248
3.69142
3.69142
3.69142
3.69142
3.69142
3.69142
3.69142
3.67815
3.67815
3.67815
3.67815
3.67815
3.67815
3.67815
3.67815
3.67815
3.67815
3.67815
3.67815
3.67815
3.67815
3.67815
3.67815
3.67815
3.33378
3.33378
3.33378
3.33378
3.33378
3.33378
3.33378
3.33378
3.33378
3.33378
3.33378
3.33378
3.33378
3.33378
3.33378
3.33378
3.33378
3.33378
3.33378
3.33378
3.33378
3.33378
3.33378
3.33378
3.33378
3.33378
3.33378
3.33378
3.33378
3.33378
3.33378
3.33378
3.33378
3.33378
3.33378
3.33378
3.33378
3.33378
3.33378
3.33378
3.33378
3.33378
3.33378
3.33378
3.33378
3.33378
3.33378
3.33378
3.33378
3.33378
3.33378
3.33378
3.33378
3.33378
3.33378
3.33378
3.33378
3.32765
3.32765
3.32765
3.32765
3.32765
3.32765
3.32765
3.32765
3.32765
3.32765
3.32765
3.32765
3.32765
3.32765
3.32765
3.32765
3.32765
3.32765
3.32765
3.32765
3.32765
3.32765
3.32765
3.32765
3.32765
3.32765
3.32765
3.32765
3.32765
3.32765
3.32765
3.32765
3.32765
3.32765
3.32765
3.32765
3.32765
3.32765
3.32765
3.32765
3.32765
3.32765
3.32765
3.32765
3.26549
3.26549
3.26549
3.26549
3.26549
3.26549
3.26549
3.26549
3.26549
3.26549
3.26549
3.26549
3.26549
3.26549
3.26549
3.26549
3.26549
3.26549
3.26549
3.26549
3.26549
3.26549
3.26549
3.26549
3.26549
3.26549
3.26549
3.26549
3.26549
3.26549
3.26549
3.26549
3.26549
3.26549
3.26549
3.26549
3.26549
3.26549
3.26549
3.26549
3.26549
3.26549
3.26549
3.26549
3.26549
3.26549
3.26549
3.26549
3.26549
3.26549
3.26549
3.26549
3.26549
3.26549
3.26549
3.26549
3.26549
3.26549
3.26549
3.26549
3.26549
3.26549
3.26549
3.26549
3.26549
3.24121
3.24121
3.24121
3.24121
3.24121
3.24121
3.24121
3.24121
3.24121
3.24121
3.24121
3.13015
3.13015
3.13015
3.13015
3.13015
3.13015
3.13015
3.13015
3.13015
3.13015
3.13015
3.0504
3.0504
3.0504
3.0504
3.0504
3.0504
3.0504
3.0504
3.0504
3.0504
3.0504
3.0504
3.0504
3.0504
3.0504
3.0504
3.0504
3.0504
2.97099
2.97099
2.97099
2.97099
2.97099
2.97099
2.97099
2.97099
2.97099
2.96818
2.96818
2.96818
2.96818
2.96818
2.96818
2.96818
2.96818
2.96818
2.96818
2.96818
2.96818
2.96818
2.96818
2.96818
2.94946
2.94946
2.94946
2.94946
2.94946
2.94946
2.94946
2.94946
2.94946
2.94946
2.94946
2.94946
2.94113
2.94113
2.94113
2.94113
2.91062
2.91062
2.91062
2.91062
2.91062
2.91062
2.91062
2.91062
2.91062
2.91062
2.91062
2.86889
2.86889
2.86889
2.86889
2.86889
2.86889
2.86889
2.86889
2.86889
2.86889
2.86889
2.86889
2.86889
2.86889
2.86889
2.86889
2.86889
2.86889
2.86889
2.86889
2.86889
2.86889
2.86889
2.86889
2.86889
2.86889
2.86889
2.86889
2.86889
2.86889
2.86889
2.86889
2.86889
2.86889
2.86889
2.86889
2.86889
2.86889
2.86889
2.86889
2.86889
2.86889
2.86889
2.86889
2.86889
2.86889
2.86889
2.86889
2.86889
2.86889
2.86889
2.86889
2.86889
2.86889
2.86889
2.86889
2.86889
2.86889
2.86889
2.86889
2.86889
2.86889
2.86889
2.86889
2.76793
2.76793
2.72905
2.72905
2.72905
2.72905
2.72905
2.72905
2.72905
2.72905
2.72905
2.72905
2.72905
2.72905
2.72905
2.71721
2.71721
2.71721
2.71721
2.71721
2.71721
2.71721
2.71721
2.71721
2.71721
2.71721
2.71721
2.71721
2.71721
2.71721
2.71721
2.71721
2.71721
2.71721
2.71721
2.71721
2.71721
2.71721
2.71721
2.71721
2.71721
2.71721
2.71721
2.71721
2.71721
2.71721
2.71721
2.71721
2.71721
2.71721
2.71721
2.71721
2.71721
2.71721
2.71721
2.71721
2.71721
2.71721
2.71721
2.71721
2.71721
2.71721
2.71721
2.71721
2.71721
2.71721
2.71721
2.71721
2.71721
2.71721
2.71721
2.71721
2.71721
2.71721
2.71721
2.71721
2.71721
2.71721
2.71721
2.58279
2.58279
2.58279
2.58279
2.58279
2.58279
2.55992
2.55992
2.55992
2.55992
2.55992
2.55992
2.55992
2.52799
2.52799
2.52799
2.52799
2.52799
2.52799
2.52799
2.52799
2.52799
2.52799
2.52799
2.50378
2.49471
2.49471
2.49471
2.49471
2.49471
2.49471
2.49471
2.49471
2.49471
2.49471
2.49471
2.49471
2.49471
2.49471
2.49471
2.49471
2.49471
2.49471
2.49471
2.49471
2.49471
2.49471
2.49471
2.49471
2.49471
2.49471
2.49471
2.49471
2.49471
2.49471
2.49471
2.49471
2.49471
2.49471
2.49471
2.49471
2.34161
2.34161
2.34161
2.32702
2.32702
2.23007
2.23007
2.23007
2.23007
2.23007
2.23007
2.23007
2.23007
2.23007
2.23007
2.23007
2.23007
2.23007
2.23007
2.23007
2.23007
2.23007
2.22265
2.21797
2.21797
2.21797
2.21797
2.21797
2.21797
2.21797
2.1967
2.1967
2.1815
2.1815
2.1815
2.1815
2.1815
2.1815
2.1815
2.1815
2.1815
2.1815
2.1815
2.1815
2.1815
2.1815
2.1815
2.1815
2.1815
2.1815
2.1815
2.1815
2.1815
2.1815
2.1815
2.1815
2.1815
2.1815
2.1583
2.1583
2.1583
2.1583
2.1583
2.1583
2.1583
2.1583
2.1583
2.1583
2.1583
2.1583
2.1583
2.1583
2.1583
2.1583
2.1583
2.1583
2.1583
2.1583
2.1583
2.1583
2.1583
2.1583
2.1583
2.1583
2.1583
2.1583
2.1583
2.1583
2.1583
2.15625
2.15625
2.15625
2.15625
2.15625
2.15625
2.15625
2.15625
2.15625
2.15625
2.15625
2.15625
2.15625
2.15625
2.15625
2.15625
2.15567
2.15567
2.15567
2.15567
2.15567
2.15567
2.15567
2.15567
2.15567
2.15567
2.15567
2.15567
2.15567
2.15567
2.15567
2.15567
2.15567
2.15567
2.15567
2.15567
2.15567
2.15567
2.15567
2.15559
2.15559
2.15559
2.15559
2.15559
2.15559
2.15559
2.15559
2.15559
2.15559
2.15559
2.15559
2.15559
2.15559
2.15559
2.15559
2.15535
2.15535
2.15535
2.03976
2.03976
2.03976
2.03976
2.03976
2.03976
2.03976
2.03976
2.03976
2.03976
2.03976
2.03976
2.03976
2.03976
2.03976
2.03976
2.03976
2.03976
2.03976
2.03976
2.03976
2.03976
2.03976
2.03976
2.03976
2.03976
2.03976
2.03976
2.03976
2.03976
2.03976
2.03976
2.03976
2.03976
2.03976
2.03976
2.03976
2.03976
2.03976
2.03976
2.03976
2.03976
2.03976
2.03976
2.03976
2.03976
2.03976
2.03976
2.03976
2.03976
2.03976
2.03976
2.03976
2.03976
2.03976
2.03976
2.03976
2.03976
2.03976
2.03976
2.03976
2.03976
2.03976
2.03976
2.03976
2.03976
2.03976
2.03976
2.03976
2.03976
2.03976
2.03976
2.03976
2.03976
2.03976
2.03976
2.03976
2.01299
2.01299
2.01299
2.01299
2.01299
2.01299
2.01299
2.01299
2.01299
2.01299
2.01299
2.01299
2.01299
2.01299
1.90094
1.90094
1.90094
1.90094
1.90094
1.90094
1.90094
1.90094
1.88713
1.88713
1.88713
1.88713
1.88713
1.88713
1.88713
1.88713
1.88713
1.88713
1.88626
1.88626
1.88626
1.88626
1.88626
1.88626
1.88626
1.88626
1.88626
1.88626
1.88626
1.88626
1.88626
1.88626
1.88626
1.88626
1.79328
1.79328
1.79328
1.79328
1.79328
1.79328
1.79328
1.79328
1.79328
1.79328
1.79328
1.79328
1.79328
1.79328
1.79328
1.79328
1.79328
1.79328
1.79328
1.79328
1.79328
1.79328
1.79328
1.79328
1.79328
1.79328
1.79328
1.79328
1.79328
1.79328
1.79328
1.79328
1.78148
1.77245
1.77245
1.77245
1.77245
1.77245
1.77245
1.77245
1.77245
1.77245
1.77245
1.77245
1.77245
1.77245
1.77245
1.76989
1.76989
1.76989
1.76989
1.76989
1.76989
1.76989
1.76989
1.76989
1.76989
1.76989
1.76989
1.76989
1.76847
1.76847
1.76847
1.76847
1.76847
1.76847
1.76847
1.76847
1.76847
1.76847
1.76847
1.76824
1.76824
1.76824
1.76824
1.76824
1.76824
1.76824
1.76824
1.76824
1.76824
1.76824
1.76824
1.76824
1.76824
1.76824
1.76824
1.76824
1.70571
1.70571
1.70571
1.70571
1.70571
1.70571
1.70571
1.70571
1.70571
1.70571
1.70571
1.70571
1.70571
1.70571
1.70571
1.70571
1.70571
1.70571
1.70571
1.70571
1.70571
1.70571
1.70571
1.70571
1.70571
1.70571
1.70571
1.63759
1.63759
1.63759
1.63759
1.63759
1.63759
1.63759
1.63759
1.63759
1.63759
1.63759
1.63759
1.63759
1.63759
1.61701
1.61701
1.61668
1.61668
1.61668
1.61668


0.0982446
-0.266163
-0.208839
-0.00759441
0.0160885
-0.0683479
0.468988
0.0413577
0.0140286
-0.297092
-0.26797
-0.186404
-0.114211
-0.268893
0.109466
-0.0566558
0.221696
-0.127709
0.352802
0.405211
-0.0256813
0.0279016
-0.108103
-0.0176716
-0.137188
0.071979
0.0720405
-0.153049
0.0524338
-0.739896

0.021

