188.46
188.46
160.596
160.596
160.596
160.596
160.596
159.113
159.113
159.113
158.786
158.786
162.464
162.464
162.464
162.464
162.464
162.464
162.464
162.464
152.965
152.965
152.965
152.965
152.965
150.441
150.441
150.441
150.441
150.441
150.441
150.441
150.441
150.441
150.441
150.441
150.441
150.441
150.441
157.362
157.362
126.845
126.845
126.845
126.845
126.845
126.845
126.845
126.845
126.845
126.845
138.994
138.994
138.994
138.994
138.994
120.11
120.11
120.11
120.11
108.688
108.688
108.688
108.688
108.688
108.688
108.688
94.9106
94.9106
94.9106
94.9106
94.9106
94.9106
94.9106
94.9106
137.095
137.095
137.095
154.03
154.03
154.03
154.03
154.03
154.03
154.03
157.752
157.752
153.091
153.091
104.842
153.091
151.006
151.006
151.006
151.006
120.632
120.632
120.632
120.632
120.632
120.632
132.067
132.067
150.779
150.779
150.779
150.779
150.779
150.779
140.95
140.95
140.95
140.95
140.95
140.95
145.185
145.185
145.185
143.029
143.029
143.029
143.029
142.705
142.705
142.705
142.705
142.705
138.794
138.794
138.794
138.794
142.556
142.556
142.556
142.556
145.185
145.185
145.185
145.185
145.185
155.989
155.989
155.989
155.989
155.989
155.989
152.681
152.681
152.681
152.681
152.681
152.681
152.681
152.681
152.681
152.681
152.681
148.848
148.848
148.848
148.848
148.848
148.848
148.848
148.848
148.848
148.848
148.848
171.129
171.129
171.129
171.129
166.834
150.134
150.134
150.134
150.134
150.134
144.343
144.343
144.343
152.797
157.707
157.707
157.707
157.707
116.943
116.943
116.943
147.653
147.653
147.653
147.653
147.653
147.653
147.653
147.653
147.653
147.653
147.653
136.89
136.89
136.89
136.89
132.744
132.744
132.744
132.744
132.744
132.744
132.744
132.744
136.507
149.819
149.819
149.819
153.834
153.834
108.282
117.624
117.624
117.624
117.624
117.624
117.624
117.624
117.624
117.624
117.624
117.624
148.756
148.756
148.756
140.017
140.017
138.731
138.731
138.731
138.731
138.731
138.731
138.731
138.731
138.731
138.731
138.731
138.731
138.731
138.731
138.731
138.731
134.49
162.482
162.482
162.482
162.482
162.482
162.482
160.023
160.023
160.023
154.17
154.17
154.17
154.17
154.17
150.857
150.857
150.857
150.857
150.857
150.857
150.857
150.857
150.857
150.857
150.857
141.393
155.517
155.517
155.517
155.517
155.517
155.517
155.517
155.517
155.517
155.517
136.954
136.954
136.954
136.954
136.954
136.954
136.954
136.954
131.128
131.128
131.128
127.078
144.79
144.79
144.79
144.79
148.086
168.112
158.323
158.323
152.636
152.636
114.882
114.882
114.882
149.89
149.89
149.89
152.004
163.185
163.185
158.89
158.89
158.89
156.047
158.89
158.89
158.89
146.49
146.49
149.307
149.307
144.02
144.02
144.02
144.02
144.02
144.02
144.02
144.02
144.02
144.02
144.02
144.02
144.02
144.02
144.02
144.02
144.02
144.02
142.454
142.454
142.454
142.454
136.742
136.742
114.26
114.26
114.26
114.26
114.26
114.26
97.8354
97.8354
97.8354
97.8354
97.8354
97.8354
97.8354
97.8354
97.8354
92.2531
107.817
107.817
107.817
107.817
107.817
107.817
96.4998
100.638
100.638
100.638
100.638
100.638
106.089
111.192
103.144
103.144
103.144
103.144
103.144
105.669
105.669
105.669
105.669
105.669
105.669
105.669
105.669
105.669
105.669
117.204
117.204
117.204
117.204
128.698
128.698
132.631
152.702
152.702
152.702
152.702
122.893
122.893
125.131
125.131
125.131
125.131
125.131
125.131
125.131
125.131
125.131
128.771
128.771
128.771
128.771
128.771
128.771
128.771
128.771
128.771
128.771
128.771
128.771
128.771
128.771
128.157
128.157
128.157
128.157
128.157
128.157
128.157
128.157
128.157
128.157
128.157
128.157
128.157
128.157
128.157
128.157
128.157
128.157
128.157
128.157
128.157
128.157
128.157
128.157
128.157
128.157
128.157
128.157
129.456
129.456
129.456
129.456
151.575
151.575
151.569
132.156
132.156
132.156
132.156
135.655
135.655
120.284
120.284
130.605
135.918
135.918
135.918
135.918
135.918
135.918
135.918
135.918
135.918
135.918
135.918
135.918
129.312
135.918
135.918
135.918
135.918
135.918
135.918
135.918
135.918
135.918
135.918
135.918
135.918
135.918
137.306
138.715
138.715
138.715
138.715
138.715
138.715
138.715
138.715
138.715
138.715
138.715
138.715
138.715
138.715
136.123
136.123
150.939
150.939
150.939
150.939
150.939
150.939
150.939
157.055
157.055
157.992
161.112
161.112
153.032
153.032
145.545
145.545
145.545
145.545
145.545
145.545
145.545
145.545
145.545
153.032
154.044
154.044
155.564
152.642
152.642
152.642
120.186
120.186
95.5809
95.5809
95.5809
95.5809
95.5809
95.5809
95.5809
93.483
93.483
93.483
93.483
117.842
117.842
117.842
117.842
117.842
117.842
117.842
117.842
117.842
117.842
117.842
117.842
117.842
117.842
117.842
115.216
115.216
115.216
115.216
115.216
115.216
115.216
115.216
115.216
115.216
115.216
115.216
115.216
115.216
115.216
115.216
115.216
115.216
115.216
115.216
119.588
119.588
119.588
95.4568
95.4568
95.4568
95.4568
95.4568
95.4568
95.4568
95.4568
95.4568
95.4568
95.4568
95.4568
95.4568
123.137
123.137
123.137
123.137
131.892
131.892
131.892
131.705
131.705
131.705
131.705
131.705
131.705
131.705
131.705
131.705
111.373
111.373
86.6172
86.6172
86.6172
86.6172
86.6172
86.6172
86.6172
86.6172
86.6172
86.6172
86.6172
86.6172
86.6172
86.6172
86.6172
86.6172
86.6172
86.6172
86.6172
86.6172
86.6172
86.6172
86.6172
112.286
112.286
110.069
112.286
112.286
112.286
112.286
127.913
99.5684
106.058
106.058
106.058
106.058
106.058
131.061
131.061
131.061
135.828
135.828
135.828
135.828
135.828
136.829
136.829
140.006
132.836
130.913
130.913
130.913
130.913
130.913
130.913
123.467
123.467
123.467
123.467
123.467
123.467
123.467
123.467
123.467
130.6
130.6
113.592
113.592
112.238
112.238
112.238
112.238
112.238
112.238
112.238
112.238
112.238
115.14
115.14
78.2031
78.2031
78.2031
78.2031
78.2031
78.2031
78.2031
78.2031
78.2031
78.2031
78.2031
78.2031
78.2031
78.2031
78.2031
78.2031
96.423
109.466
111.053
128.726
121.977
117.998
101.743
117.998
117.998
103.377
108.034
115.685
115.685
115.685
115.685
115.685
115.685
115.685
115.685
115.685
111.501
111.501
111.501
111.501
111.501
111.501
111.501
111.501
111.501
121.977
121.977
121.977
121.105
121.105
121.105
121.105
105.45
102.57
102.57
102.57
102.57
102.57
102.57
102.57
105.45
105.45
111.126
96.3678
96.3678
96.3678
107.269
107.269
107.269
107.269
107.269
107.269
107.269
107.269
122.915
121.421
121.421
110.323
110.323
110.323
110.323
107.215
101.775
96.3567
96.3567
96.3567
96.3567
96.3567
96.3567
96.3567
96.3567
110.532
110.532
110.532
110.532
110.532
121.838
121.838
121.838
106.495
106.495
106.495
95.1058
95.1058
95.1058
95.1058
95.1058
95.1058
106.495
112.315
112.315
116.887
119.78
127.625
127.625
127.625
127.625
89.5013
89.5013
114.795
114.795
114.795
114.795
114.795
112.107
113.44
113.44
113.44
113.44
113.44
113.377
113.377
100.351
100.351
100.351
100.351
100.351
100.351
100.351
96.5702
96.5702
96.5702
96.5702
96.5702
96.5702
96.5702
111.651
91.9454
91.9454
91.9454
91.9454
91.9454
91.9696
91.9696
91.9696
91.9696
85.1533
85.1533
85.1533
85.1533
85.1533
85.1533
105.668
105.668
105.668
82.4079
82.4079
82.4079
82.4079
82.4079
82.4079
82.4079
82.4079
82.4079
82.4079
82.4079
82.4079
82.4079
82.4079
82.4079
82.4079
82.4079
82.4079
82.4079
82.4079
82.4079
82.4079
82.4079
82.4079
82.4079
82.4079
82.4079
82.4079
93.1306
93.1306
93.1306
91.6307
91.6307
93.1306
106.189
92.6528
92.6528
92.6528
92.6528
92.6528
92.6528
92.6528
92.6528
92.6528
92.6528
82.4304
82.4304
82.4304
82.4304
82.4304
82.4304
82.4304
92.6528
92.6528
92.6528
92.6528
92.6528
92.6528
108.037
108.037
108.037
96.7172
96.7172
96.7172
96.7172
119.235
119.235
119.235
106.056
106.056
106.056
106.056
116.642
119.235
119.235
119.235
119.235
119.235
119.235
119.235
119.235
119.235
119.235
119.235
119.235
119.235
119.235
109.942
109.942
109.942
120.544
76.0858
76.0858
76.0858
94.5759
94.5759
94.5759
94.5759
77.7041
104.118
104.118
104.118
104.118
104.118
104.118
104.118
104.118
104.118
104.118
104.118
105.197
105.197
105.197
105.197
105.197
108.533
108.533
108.533
108.523
108.523
91.1425
91.1425
91.1425
91.1425
91.1425
91.1425
91.1425
91.1425
91.1425
91.1425
91.1425
91.1425
91.1425
91.1425
91.1425
91.1425
91.1425
91.1425
91.1425
112.822
112.822
112.822
112.822
112.822
112.822
112.822
112.822
112.822
100.744
100.744
100.744
112.822
112.822
112.822
111.749
107.801
107.801
113.075
113.075
113.075
113.075
116.52
116.52
120.062
120.062
120.062
120.062
120.062
109.252
109.252
108.679
108.679
108.679
108.679
117.116
117.116
117.116
117.116
117.786
117.786
117.786
117.786
117.786
117.786
117.786
117.786
117.786
117.786
117.786
128.58
110.97
117.308
117.308
117.308
117.308
117.308
115.389
115.389
117.308
117.308
117.308
120.266
120.266
120.266
120.266
94.3399
94.3399
94.3399
122.222
121.337
121.337
121.337
121.337
93.8807
93.8807
93.8807
93.8807
93.8807
93.8807
111.835
111.835
111.835
111.835
111.835
101.635
101.635
101.635
101.635
101.635
101.635
101.635
101.635
112.96
112.96
114.432
114.432
114.432
117.681
115.734
115.734
113.013
113.013
113.013
113.013
113.013
113.013
113.013
113.013
102.744
107.938
102.874
102.874
102.874
102.874
102.874
102.874
102.874
102.874
102.874
102.874
116.484
116.484
116.484
116.484
116.484
116.484
131.1
131.1
131.1
134.43
134.43
134.43
115.078
115.078
134.43
134.43
134.43
115.771
115.771
115.771
115.771
115.771
115.771
115.771
115.771
115.771
115.771
115.771
118.625
118.625
99.577
99.577
99.577
99.577
99.577
99.577
99.577
99.5572
99.5572
98.7995
98.7995
98.7995
98.7995
98.7995
108.365
108.365
122.36
124.46
124.415
124.415
124.415
124.415
124.415
124.415
124.415
124.415
124.415
124.415
124.415
124.46
134.296
134.296
134.296
134.296
122.903
122.903
122.903
122.903
102.763
102.763
102.763
102.763
102.763
102.763
102.763
100.43
100.43
100.43
100.43
100.43
100.43
123.164
123.164
116.794
116.794
119.82
119.82
119.82
119.82
117.986
117.986
129.75
129.842
129.842
118.081
118.081
118.081
118.081
118.081
118.081
118.081
118.081
118.081
118.081
118.081
118.081
118.081
118.081
118.081
105.866
102.342
139.825
139.825
111.802
111.802
111.802
111.802
111.802
111.802
111.802
111.802
111.802
111.802
138.406
138.406
145.487
145.487
133.451
133.451
136.225
136.225
136.225
136.225
136.225
136.225
135.006
135.006
135.006
135.006
132.82
132.82
144.264
117.799
117.799
124.643
124.643
124.643
124.643
124.643
124.643
124.643
120.694
120.694
140.189
140.189
140.189
136.724
136.724
136.724
101.862
125.933
125.933
125.933
125.933
125.933
125.933
125.933
125.933
121.22
121.22
121.22
121.22
121.22
92.536
92.536
93.4025
93.4025
93.4025
109.821
116.484
116.484
99.7301
99.7301
99.7301
99.7301
99.7301
99.7301
99.7301
99.7301
99.7301
99.7301
99.7301
99.7301
99.7301
99.7301
99.7301
99.7301
99.7301
115.052
115.052
97.7045
97.7045
97.7045
112.202
112.202
112.202
112.202
112.202
112.202
112.202
112.202
112.202
112.202
112.202
112.202
120.949
120.949
120.949
120.949
121.795
121.795
121.733
121.733
121.733
121.795
121.795
121.795
121.795
107.786
118.204
118.204
118.204
118.204
118.204
123.682
123.682
123.682
123.682
115.852
115.852
115.852
118.306
118.306
118.306
119.159
119.159
119.159
119.159
119.159
119.159
114.862
114.862
112.848
114.862
119.102
119.102
119.102
113.594
113.594
113.594
113.594
113.594
113.594
119.102
112.166
119.102
119.102
119.102
111.969
111.969
111.969
111.969
111.969
111.969
119.102
119.102
113.379
113.379
113.379
113.379
113.379
94.2489
94.2489
94.2489
94.2489
94.2489
94.2489
94.2489
94.2489
94.2489
94.2489
94.0547
94.0547
94.0547
94.0547
94.0547
94.0547
100.887
100.887
100.887
108.68
108.68
108.68
108.68
108.68
108.68
108.68
108.68
100.55
100.55
100.55
100.55
100.55
109.82
109.82
109.82
109.82
104.938
104.938
104.938
104.938
104.938
109.82
109.82
116.168
116.168
116.168
116.168
116.168
116.168
116.168
90.2728
90.2728
90.2728
90.2728
90.2728
90.2728
90.2728
90.2728
90.2728
90.2728
90.2728
90.2728
90.2728
90.2728
90.2728
67.7333
99.6516
99.6516
99.6516
99.6516
99.6516
99.6516
99.6516
99.6516
99.6516
107.757
107.757
107.757
107.757
107.757
107.757
107.757
107.757
107.757
107.757
107.757
118.16
118.16
109.448
109.448
84.5685
96.5362
96.5362
96.5362
96.639
96.639
96.639
96.1635
96.1635
96.1635
96.1635
96.1635
96.1635
96.1635
96.1635
96.1635
96.1635
96.1635
120.061
120.061
120.061
120.061
120.061
120.061
120.061
120.061
120.061
100.553
100.553
100.553
100.553
100.553
100.553
100.553
100.553
94.7079
94.7079
94.7079
94.7079
94.7079
94.7079
102.187
102.187
102.187
102.187
102.187
102.187
102.187
102.187
110.187
110.187
110.187
110.187
110.187
110.187
110.187
106.505
106.505
106.505
106.505
106.505
82.3675
82.3675
79.4046
79.4046
105.852
105.852
105.852
95.7592
95.7592
95.7592
90.9847
90.9847
90.9847
90.9847
90.9847
90.9847
85.2971
85.2971
85.2971
85.2971
85.2971
85.2971
85.2971
85.2971
85.2971
85.2971
85.2971
85.2971
84.8673
114.992
114.992
114.992
114.992
114.992
121.73
94.9868
94.9868
94.9868
94.9868
94.9868
94.9868
94.9868
110.27
110.27
110.27
110.27
110.27
110.27
110.27
110.27
110.27
96.069
96.069
96.069
96.069
96.069
96.069
96.069
96.069
96.069
88.0318
88.0318
88.0318
88.0318
88.0318
99.0698
99.0698
99.0698
99.0698
99.0698
99.0698
99.0698
99.0698
99.0698
99.0698
99.0698
99.0698
99.0698
91.2685
91.2685
99.0698
99.0698
89.6474
89.6474
89.6474
89.6474
86.8648
87.8878
99.0698
99.0698
99.0698
99.0698
90.6152
90.6152
90.6152
90.6152
100.327
100.327
100.327
100.327
100.327
100.327
100.327
92.3956
92.3956
92.3956
98.3166
98.3166
98.3166
98.3166
97.0707
97.0707
97.0707
97.0707
97.0707
97.0707
97.0707
97.0707
97.0707
97.0707
97.0707
97.0707
97.0707
97.7793
97.7793
97.7793
97.7793
69.9141
69.9141
69.9141
69.9141
84.4017
84.4017
84.4017
84.4017
84.4017
84.4017
84.4017
84.4017
68.1022
70.8744
61.3466
61.3466
57.0733
57.0733
57.0733
57.0733
57.0733
57.0733
97.0409
97.0409
97.5104
97.5104
97.5104
97.5104
97.5104
97.5104
90.2858
97.5104
97.5104
97.5104
97.5104
97.5104
97.5104
93.7906
93.7906
97.5104
95.9965
95.9965
75.9985
85.5203
85.5203
85.5203
100.166
105.331
91.9548
91.9548
91.9548
85.0496
85.0496
85.0496
83.2429
83.2429
83.2429
83.2429
49.5811
49.5811
49.5811
49.5811
49.5811
49.5811
49.5811
49.5811
49.5811
49.5811
27.1832
27.1832
27.1832
27.1832
27.1832
34.1606
34.1606
34.1606
34.1606
34.1606
42.5521
42.5521
42.5521
50.7549
50.7549
50.7549
50.7549
50.7549
52.9004
52.9004
52.9004
52.9004
52.9004
52.9004
52.9004
52.9004
52.9004
65.2765
65.2765
65.2765
65.2765
59.112
59.112
59.112
59.112
63.8934
59.8198
59.8198
59.8198
59.8198
59.8198
59.8198
74.2241
74.2241
74.2241
74.2241
74.2241
74.2241
84.7883
84.7883
89.109
89.109
89.109
70.8354
70.8354
70.8354
70.8354
70.8354
52.8402
70.8354
70.8354
66.1391
66.1391
66.1391
66.1391
70.8354
70.8354
70.8354
70.8354
41.3897
41.3897
41.3897
41.3897
41.3897
41.3897
41.3897
74.8871
74.8871
74.8871
74.8871
74.8871
74.8871
74.8871
74.8871
74.8871
74.8871
74.8871
74.8871
76.9728
76.9728
76.9728
69.2125
58.2154
58.2154
58.2154
58.2154
58.2154
58.2154
58.2154
58.2154
58.2154
58.2154
73.3353
73.3353
73.3353
73.3353
73.3353
73.3353
73.3353
73.3353
73.3353
73.3353
77.3181
77.3181
77.3181
77.3181
77.3181
63.177
49.4147
49.4147
49.4147
49.4147
49.4147
49.4147
49.4147
49.4147
49.4147
49.4147
49.4147
49.4147
49.4147
49.4147
49.4147
77.3749
77.3749
77.3749
77.3749
77.3749
77.3749
77.3749
77.3749
77.3749
68.2168
68.2168
68.2168
68.2168
68.2168
53.7681
53.7681
53.7681
33.8312
33.8312
33.8312
33.8312
33.8312
33.8312
33.8312
33.8312
33.8312
28.9782
44.457
44.457
44.457
44.457
44.457
44.457
47.1598
49.6616
49.6616
49.6616
49.6616
49.6616
61.6378
61.6378
66.6474
66.6474
66.6474
58.4483
58.4483
58.4483
58.4483
58.7587
51.5991
51.5991
51.5991
51.5991
51.5991
51.5991
51.5991
51.5991
51.5991
51.5991
51.6085
51.6085
51.6085
51.6085
35.6504
50.6726
50.6726
50.6726
50.6726
38.5924
38.5924
38.5924
44.6086
44.6086
44.6086
44.6086
44.6086
44.6086
44.6086
44.6086
44.6086
44.6086
44.6086
44.6086
39.9516
40.9938
40.9938
40.9938
40.9938
45.2998
45.2998
45.2998
45.2998
45.2998
45.2998
45.2998
45.2998
58.9006
58.9006
58.9006
58.9006
58.9006
58.9006


0.822994
0.0107816
-0.52861
0.0107816
-1.44833
-1.44833
-0.52861
-0.52861
0.216413
0.387668
0.35923
0.387668
1.72177
-0.897059
-0.897059
-0.897059
-0.770805
-2.38617
1.78959
0.148911
0.362667
-0.454233
-0.10766
0.151723
0.151723
-1.44864
-0.0714084
-0.0714084
-1.70958
0.822994

0.023

