4.81731e+09
4.81731e+09
4.81731e+09
4.81731e+09
1.96038e+09
1.96038e+09
1.96038e+09
1.96038e+09
1.96038e+09
1.96038e+09
1.94712e+09
1.87693e+09
1.87693e+09
9.99201e+08
9.91204e+08
9.62791e+08
121092
121092
121092
75123.9
75123.9
16346.4
16346.4
4131.62
590.189
590.189
590.189
590.189
590.189
590.189
590.189
590.189
590.189
577.009
577.009
568.935
568.935
568.935
568.935
568.935
568.935
568.935
568.935
568.935
568.935
568.935
568.935
568.935
568.935
568.935
568.935
568.935
568.935
568.935
568.935
568.935
568.935
568.935
568.935
568.935
568.935
568.935
568.935
568.935
568.935
568.935
568.935
568.935
568.554
568.554
568.302
568.302
568.302
568.302
568.302
568.302
568.302
568.302
568.302
568.302
568.302
568.302
568.302
568.302
568.302
568.302
568.302
568.302
568.302
568.302
568.302
568.302
568.302
568.302
568.302
568.302
568.302
568.302
568.302
568.302
568.302
568.302
568.302
568.302
568.302
568.302
568.302
568.302
568.302
568.302
568.302
568.302
568.302
568.302
568.302
568.302
568.302
568.302
568.302
568.302
568.302
568.302
568.302
568.302
568.302
568.302
568.302
568.302
568.302
568.302
568.302
568.302
568.302
568.302
568.302
568.302
568.302
568.302
568.302
568.302
568.302
568.302
568.302
568.302
568.302
568.302
568.302
568.302
568.302
568.302
568.302
568.302
568.302
568.302
568.302
568.302
568.302
568.302
568.302
568.302
568.302
568.302
568.302
568.302
568.302
568.302
568.302
568.302
568.302
568.302
568.302
568.302
568.302
568.302
568.302
568.302
568.302
568.302
568.302
568.302
568.302
568.302
568.302
568.302
568.302
568.302
568.302
568.302
568.302
568.302
568.302
568.302
568.302
568.302
568.302
568.302
568.302
568.302
568.302
568.302
568.302
568.302
568.302
568.302
568.302
568.302
568.302
568.302
568.302
568.302
568.302
568.302
568.302
568.302
568.302
568.302
568.302
568.302
568.302
568.302
568.302
568.302
568.302
568.302
568.302
568.302
568.302
568.302
568.302
568.302
568.302
568.302
568.302
568.302
568.302
568.302
568.302
568.302
568.302
568.302
568.302
568.302
568.302
568.302
568.302
568.302
568.302
568.302
568.302
568.302
568.302
568.302
568.302
568.302
568.302
568.302
568.302
568.302
568.302
568.302
568.302
568.302
568.302
568.302
568.302
568.302
568.302
568.302
568.302
568.302
568.302
568.302
568.302
568.302
568.302
568.302
568.302
568.302
568.302
568.302
568.302
568.302
568.302
568.302
568.302
568.302
568.302
568.302
568.302
568.302
568.302
568.302
568.302
568.302
568.302
568.302
568.302
568.302
568.302
568.302
568.302
568.302
568.302
568.302
568.302
568.302
568.302
568.302
568.302
568.302
568.302
568.302
568.302
568.302
568.302
568.302
568.302
568.302
568.302
568.302
568.302
568.302
568.302
568.302
568.302
568.302
568.302
568.302
568.302
568.302
568.302
568.302
568.302
568.302
568.302
568.302
568.302
568.302
568.302
568.302
568.302
568.302
568.302
568.302
568.302
568.302
568.302
568.302
568.302
568.302
568.302
568.302
568.302
568.302
568.302
568.302
568.302
568.302
568.302
568.302
568.302
568.302
568.302
568.302
568.302
568.302
568.302
568.302
568.302
568.302
568.302
568.302
568.302
568.302
568.302
568.302
568.302
568.302
568.302
568.302
568.302
568.302
568.302
568.302
568.302
568.302
568.302
568.302
568.302
568.302
568.302
568.302
568.302
568.302
568.302
568.302
568.302
568.302
568.302
568.302
568.302
568.302
568.302
568.302
568.302
568.302
568.302
568.302
568.302
568.302
568.302
568.302
568.302
568.302
568.302
568.302
568.302
568.302
568.302
568.302
568.302
568.302
568.302
568.302
568.302
568.302
568.302
568.302
568.302
568.302
568.302
568.302
568.302
568.302
568.302
568.302
568.302
568.302
568.302
568.302
568.302
568.302
568.302
568.302
568.302
568.302
568.302
568.302
568.302
568.302
568.302
568.302
568.302
568.302
568.302
568.302
568.302
568.302
568.302
568.302
568.302
568.302
568.302
568.302
568.302
568.302
568.302
568.302
568.302
568.302
568.302
568.302
568.302
568.302
568.302
568.302
568.302
568.302
568.302
568.302
568.302
568.302
568.302
568.302
568.302
568.302
568.302
568.302
568.302
568.302
568.302
568.302
568.302
568.302
568.302
568.302
568.302
568.302
568.302
568.302
568.302
568.302
568.302
568.302
568.302
568.302
568.302
568.302
568.302
568.302
568.302
568.302
568.302
568.302
568.302
568.302
568.302
568.302
568.302
568.302
568.302
568.302
568.302
568.302
568.302
568.302
568.302
568.302
568.302
568.302
568.302
568.302
568.302
568.302
568.302
568.302
568.302
568.302
568.302
568.302
568.302
568.302
568.302
568.302
568.302
568.302
568.302
568.302
568.302
568.302
568.302
568.302
568.302
568.302
568.302
568.302
568.302
568.302
568.302
568.302
568.302
568.302
568.302
568.302
568.302
568.302
568.302
568.302
568.302
568.302
568.302
568.302
568.302
568.302
568.302
568.302
568.302
568.302
568.302
568.302
568.302
568.302
568.302
568.302
568.302
568.302
568.302
568.302
568.302
568.302
568.302
568.302
568.302
568.302
568.302
568.302
568.302
568.302
568.302
568.302
568.302
568.302
568.302
568.302
568.302
568.302
568.302
568.302
568.302
568.302
568.302
568.302
568.302
568.302
568.302
568.302
568.302
568.302
568.302
568.302
568.302
568.302
568.302
568.302
568.302
568.302
568.302
568.302
568.302
568.302
568.302
568.302
568.302
568.302
568.302
568.302
568.302
568.302
568.302
568.302
568.302
568.302
568.302
568.302
568.302
568.302
568.302
568.302
568.302
568.302
568.302
568.302
568.302
568.302
568.302
568.302
568.302
568.302
568.302
568.302
568.302
568.302
568.302
568.302
568.302
568.302
568.302
568.302
568.302
568.302
568.302
568.302
568.302
568.302
568.302
568.302
568.302
568.302
568.302
568.302
568.302
568.302
568.302
568.302
568.302
568.302
568.302
568.302
568.302
568.302
568.302
568.302
568.302
568.302
568.302
568.302
568.302
568.302
568.302
568.302
568.302
568.302
568.302
568.302
568.302
568.302
568.302
568.302
568.302
568.302
568.302
568.302
568.302
568.302
568.302
568.302
568.302
568.302
568.302
568.302
568.302
568.302
568.302
568.302
568.302
568.302
568.302
568.302
568.302
568.302
568.302
568.302
568.302
568.302
568.302
568.302
568.302
568.302
568.302
568.302
568.302
568.302
568.302
568.302
568.302
568.302
568.302
568.302
568.302
568.302
568.302
568.302
568.302
568.302
568.302
568.302
568.302
568.302
568.302
568.302
568.302
568.302
568.302
568.302
568.302
568.302
568.302
568.302
568.302
568.302
568.302
568.302
568.302
568.302
568.302
568.302
568.302
568.302
568.302
568.302
568.302
568.302
568.302
568.302
568.302
568.302
568.302
568.302
568.302
568.302
568.302
568.302
568.302
568.302
568.302
568.302
568.302
568.302
568.302
568.302
568.302
568.302
568.302
568.302
568.302
568.302
568.302
568.302
568.302
568.302
568.302
568.302
568.302
568.302
568.302
568.302
568.302
568.302
568.302
568.302
568.302
568.302
568.302
568.302
568.302
568.302
568.302
568.302
568.302
568.302
568.302
568.302
568.302
568.302
568.302
568.302
568.302
568.302
568.302
568.302
568.302
568.302
568.302
568.302
568.302
568.302
568.302
568.302
568.302
568.302
568.302
568.302
568.302
568.302
568.302
568.302
568.302
568.302
568.302
568.302
568.302
568.302
568.302
568.302
568.302
568.302
568.302
568.302
568.302
568.302
568.302
568.302
568.302
568.302
568.302
568.302
568.302
568.302
568.302
568.302
568.302
568.302
568.302
568.302
568.302
568.302
568.302
568.302
568.302
568.302
568.302
568.302
568.302
568.302
568.302
568.302
568.302
568.302
568.302
568.302
568.302
568.302
568.302
568.302
568.302
568.302
568.302
568.302
568.302
568.302
568.302
568.302
568.302
568.302
568.302
568.302
568.302
568.302
568.302
568.302
568.302
568.302
568.302
568.302
568.302
568.302
568.302
568.302
568.302
568.302
568.302
568.302
568.302
568.302
568.302
568.302
568.302
568.302
568.302
568.302
568.302
568.302
568.302
568.302
568.302
568.302
568.302
568.302
568.302
568.302
568.302
568.302
568.302
568.302
568.302
568.302
568.302
568.302
568.302
568.302
568.302
568.302
568.302
568.302
568.302
568.302
568.302
568.302
568.302
568.302
568.302
568.302
568.302
568.302
568.302
568.302
568.302
568.302
568.302
568.302
568.302
568.302
568.302
568.302
568.302
568.302
568.302
568.302
568.302
568.302
568.302
568.302
568.302
568.302
568.302
568.302
568.302
568.302
568.302
568.302
568.302
568.302
568.302
568.302
568.302
568.302
568.302
568.302
568.302
568.302
568.302
568.302
568.302
568.302
568.302
568.302
568.302
568.302
568.302
568.302
568.302
568.302
568.302
568.302
568.302
568.302
568.302
568.302
568.302
568.302
568.302
568.302
568.302
568.302
568.302
568.302
568.302
568.302
568.302
568.302
568.302
568.302
568.302
568.302
568.302
568.302
568.302
568.302
568.302
568.302
568.302
568.302
568.302
568.302
568.302
568.302
568.302
568.302
568.302
568.302
568.302
568.302
568.302
568.302
568.302
568.302
568.302
568.302
568.302
568.302
568.302
568.302
568.302
568.302
568.302
568.302
568.302
568.302
568.302
568.302
568.302
568.302
568.302
568.302
568.302
568.302
568.302
568.302
568.302
568.302
568.302
568.302
568.302
568.302
568.302
568.302
568.302
568.302
568.302
568.302
568.302
568.302
568.302
568.302
568.302
568.302
568.302
568.302
568.302
568.302
568.302
568.302
568.302
568.302
568.302
568.302
568.302
568.302
568.302
568.302
568.302
568.302
568.302
568.302
568.302
568.302
568.302
568.302
568.302
568.302
568.302
568.302
568.302
568.302
568.302
568.302
568.302
568.302
568.302
568.302
568.302
568.302
568.302
568.302
568.302
568.302
568.302
568.302
568.302
568.302
568.302
568.302
568.302
568.302
568.302
568.302
568.302
568.302
568.302
568.302
568.302
568.302
568.302
568.302
568.302
568.302
568.302
568.302
568.302
568.302
568.302
568.302
568.302
568.302
568.302
568.302
568.302
568.302
568.302
568.302
568.302
568.302
568.302
568.302
568.302
568.302
568.302
568.302
568.302
568.302
568.302
568.302
568.302
568.302
568.302
568.302
568.302
568.302
568.302
568.302
568.302
568.302
568.302
568.302
568.302
568.302
568.302
568.302
568.302
568.302
568.302
568.302
568.302
568.302
568.302
568.302
568.302
568.302
568.302
568.302
568.302
568.302
568.302
568.302
568.302
568.302
568.302
568.302
568.302
568.302
568.302
568.302
568.302
568.302
568.302
568.302
568.302
568.302
568.302
568.302
568.302
568.302
568.302
568.302
568.302
568.302
568.302
568.302
568.302
568.302
568.302
568.302
568.302
568.302
568.302
568.302
568.302
568.302
568.302
568.302
568.302
568.302
568.302
568.302
568.302
568.302
568.302
568.302
568.302
568.302
568.302
568.302
568.302
568.302
568.302
568.302
568.302
568.302
568.302
568.302
568.302
568.302
568.302
568.302
568.302
568.302
568.302
568.302
568.302
568.302
568.302
568.302
568.302
568.302
568.302
568.302
568.302
568.302
568.302
568.302
568.302
568.302
568.302
568.302
568.302
568.302
568.302
568.302
568.302
568.302
568.302
568.302
568.302
568.302
568.302
568.302
568.302
568.302
568.302
568.302
568.302
568.302
568.302
568.302
568.302
568.302
568.302
568.302
568.302
568.302
568.302
568.302
568.302
568.302
568.302
568.302
568.302
568.302
568.302
568.302
568.302
568.302
568.302
568.302
568.302
568.302
568.302
568.302
568.302
568.302
568.302
568.302
568.302
568.302
568.302
568.302
568.302
568.302
568.302
568.302
568.302
568.302
568.302
568.302
568.302
568.302
568.302
568.302
568.302
568.302
568.302
568.302
568.302
568.302
568.302
568.302
568.302
568.302
568.302
568.302
568.302
568.302
568.302
568.302
568.302
568.302
568.302
568.302
568.302
568.302
568.302
568.302
568.302
568.302
568.302
568.302
568.302
568.302
568.302
568.302
568.302
568.302
568.302
568.302
568.302
568.302
568.302
568.302
568.302
568.302
568.302
568.302
568.302
568.302
568.302
568.302
568.302
568.302
568.302
568.302
568.302
568.302
568.302
568.302
568.302
568.302
568.302
568.302
568.302
568.302
568.302
568.302
568.302
568.302
568.302
568.302
568.302
568.302
568.302
568.302
568.302
568.302
568.302
568.302
568.302
568.302
568.302
568.302
568.302
568.302
568.302
568.302
568.302
568.302
568.302
568.302
568.302
568.302
568.302
568.302
568.302
568.302
568.302
568.302
568.302
568.302
568.302
568.302
568.302
568.302
568.302
568.302
568.302
568.302
568.302
568.302
568.302
568.302
568.302
568.302
568.302
568.302
568.302
568.302
568.302
568.302
568.302
568.302
568.302
568.302
568.302
568.302
568.302
568.302
568.302
568.302
568.302
568.302
568.302
568.302
568.302
568.302
568.302
568.302
568.302
568.302
568.302
568.302
568.302
568.302
568.302
568.302
568.302
568.302
568.302
568.302
568.302
568.302
568.302
568.302
568.302
568.302
568.302
568.302
568.302
568.302
568.302
568.302
568.302
568.302
568.302
568.302
568.302
568.302
568.302
568.302
568.302
568.302
568.302
568.302
568.302
568.302
568.302
568.302
568.302
568.302
568.302
568.302
568.302
568.302
568.302
568.302
568.302
568.302
568.302
568.302
568.302
568.302
568.302
568.302
568.302
568.302
568.302
568.302
568.302
568.302
568.302
568.302
568.302
568.302
568.302
568.302
568.302
568.302
568.302
568.302
568.302
568.302
568.302
568.302
568.302
568.302
568.302
568.302
568.302
568.302
568.302
568.302
568.302
568.302
568.302
568.302
568.302
568.302
568.302
568.302
568.302
568.302
568.302
568.302
568.302
568.302
568.302
568.302
568.302
568.302
568.302
568.302
568.302
568.302
568.302
568.302
568.302
568.302
568.302
568.302
568.302
568.302
568.302
568.302
568.302
568.302
568.302
568.302
568.302
568.302
568.302
568.302
568.302
568.302
568.302
568.302
568.302
568.302
568.302
568.302
568.302
568.302
568.302
568.302
568.302
568.302
568.302
568.302
568.302
568.302
568.302
568.302
568.302
568.302
568.302
568.302
568.302
568.302
568.302
568.302
568.302
568.302
568.302
568.302
568.302
568.302
568.302
568.302
568.302
568.302
568.302
568.302
568.302
568.302
568.302
568.302
568.302
568.302
568.302
568.302
568.302
568.302
568.302
568.302
568.302
568.302
568.302
568.302
568.302
568.302
568.302
568.302
568.302
568.302
568.302
568.302
568.302
568.302
568.302
568.302
568.302
568.302
568.302
568.302
568.302
568.302
568.302
568.302
568.302
568.302
568.302
568.302
568.302
568.302
568.302
568.302
568.302
568.302
568.302
568.302
568.302
568.302
568.302
568.302
568.302
568.302
568.302
568.302
568.302
568.302
568.302
568.302
568.302
568.302
568.302
568.302
568.302
568.302
568.302
568.302
568.302
568.302
568.302
568.302
568.302
568.302
568.302
568.302
568.302
568.302
568.302
568.302
568.302
568.302
568.302
568.302
568.302
568.302
568.302
568.302
568.302
568.302
568.302
568.302
568.302
568.302
568.302
568.302
568.302
568.302
568.302
568.302
568.302
568.302
568.302
568.302
568.302
568.302
568.302
568.302
568.302
568.302
568.302
568.302
568.302
568.302
568.302
568.302
568.302
568.302
568.302
568.302
568.302
568.302
568.302
568.302
568.302
568.302
568.302
568.302
568.302
568.302
568.302
568.302
568.302
568.302
568.302
568.302
568.302
568.302
568.302
568.302
568.302
568.302
568.302
568.302
568.302
568.302
568.302
568.302
568.302
568.302
568.302
568.302
568.302
568.302
568.302
568.302
568.302
568.302
568.302
568.302
568.302
568.302
568.302
568.302
568.302
568.302
568.302
568.302
568.302
568.302
568.302
568.302
568.302
568.302
568.302
568.302
568.302
568.302
568.302
568.302
568.302
568.302
568.302
568.302
568.302
568.302
568.302
568.302
568.302
568.302
568.302
568.302
568.302
568.302
568.302
568.302
568.302
568.302
568.302
568.302
568.302
568.302
568.302
568.302
568.302
568.302
568.302
568.302
568.302
568.302
568.302
568.302
568.302
568.302
568.302
568.302
568.302
568.302
568.302
568.302
568.302
568.302
568.302
568.302
568.302
568.302
568.302
568.302
568.302
568.302
568.302
568.302
568.302
568.302
568.302
568.302
568.302
568.302
568.302
568.302
568.302
568.302
568.302
568.302
568.302
568.302
568.302
568.302
568.302
568.302
568.302
568.302
568.302
568.302
568.302
568.302
568.302
568.302
568.302
568.302
568.302
568.302
568.302
568.302
568.302
568.302
568.302
568.302
568.302
568.302
568.302
568.302
568.302
568.302
568.302
568.302
568.302
568.302
568.302
568.302
568.302
568.302
568.302
568.302
568.302
568.302
568.302
568.302
568.302
568.302
568.302
568.302
568.302
568.302
568.302
568.302
568.302
568.302
568.302
568.302
568.302
568.302
568.302
568.302
568.302
568.302
568.302
568.302
568.302
568.302
568.302
568.302
568.302
568.302
568.302
568.302
568.302
568.302
568.302
568.302
568.302
568.302
568.302
568.302
568.302
568.302
568.302
568.302
568.302
568.302
568.302
568.302


-0.607166
4.89257
-4.77615
1.89138
6.54561
8.37764
-3.25083
8.03568
-1.11759
3.20658
-3.57952
1.09622
-0.746788
9.90066
-3.50993
3.47301
-3.50993
-1.9599
-1.24622
1.61443
-3.46553
-1.75848
-2.70196
-4.6118
-3.53236
-1.11667
0.0744652
5.24918
7.48817
-4.42503

0.023

