20.5465
20.5465
20.5465
20.5465
20.5465
20.5323
20.5323
20.5323
20.4146
20.4146
20.4146
20.4146
20.4146
20.4146
20.4146
20.398
20.398
20.398
20.398
20.3362
20.3362
20.3362
20.3362
20.3362
20.3362
20.1786
20.1786
20.1786
20.1786
20.0823
20.0823
20.0563
20.0563
20.0563
20.0563
19.9315
19.9196
19.9196
19.7147
19.7147
19.6625
19.6625
19.6625
19.6625
19.5002
19.5002
19.3248
19.3248
19.3248
19.3248
19.3248
19.2874
19.2874
19.0405
19.0405
19.0405
19.0405
19.0405
19.0405
18.8745
18.8745
18.8745
18.8745
18.8745
18.8745
18.8745
18.8374
18.8374
18.8374
18.637
18.637
18.637
18.637
18.611
18.611
18.611
18.2545
18.2545
18.2545
18.2545
18.2545
18.2545
18.0442
18.0442
17.5076
17.5076
17.5076
17.5076
17.5076
17.5076
17.5076
17.5076
17.4706
17.4706
17.4706
17.4706
17.4278
17.4278
17.4278
17.4278
17.4278
17.4278
17.4278
17.4278
17.4278
16.8557
16.8557
16.8557
16.8557
16.8557
16.8557
16.8557
16.8557
16.4385
16.4385
16.4385
16.4385
16.4385
16.4385
16.4385
16.4385
16.4385
16.4385
16.4385
16.4385
16.4385
16.4385
16.4385
16.2898
16.2898
16.2898
16.2898
16.2898
16.2898
16.2898
16.2054
16.2054
16.2054
16.2054
16.1598
16.1598
16.1598
16.1598
16.1598
16.059
16.059
16.059
16.059
16.059
16.059
15.9154
15.9154
15.9154
15.9154
15.9154
15.9154
15.9154
15.9154
15.8685
15.8685
15.8685
15.8685
15.8685
15.8685
15.8685
15.8685
15.8229
15.8164
15.7862
15.7862
15.7862
15.7862
15.7862
15.7862
15.7862
15.2738
15.2533
15.2533
15.2533
15.2001
15.2001
15.2001
15.2001
15.2001
15.2001
15.1665
15.1665
14.8066
14.7858
14.7803
14.2773
14.2773
14.2773
14.2773
14.2773
14.2773
14.2773
14.2773
14.2773
14.2773
14.2773
14.2773
14.2773
14.2773
14.2773
14.2773
14.2773
14.2773
14.2773
14.2773
14.2773
14.189
14.189
14.189
14.189
13.8548
13.8548
13.8548
13.8548
13.8548
13.8548
13.8548
13.8548
13.8548
13.8548
13.7925
13.7925
13.7925
13.7925
13.7925
12.9653
12.9653
12.9653
12.9653
12.9653
12.9653
12.9653
12.9653
12.9653
12.9653
12.9653
12.9653
12.9653
12.9653
12.9653
12.9653
12.9653
12.9653
12.9653
12.9653
12.9653
12.9653
12.9653
12.952
12.952
12.952
12.949
12.949
12.949
12.949
12.949
12.949
12.949
12.949
12.949
12.882
12.882
12.882
12.8674
12.8056
12.8056
12.8056
12.8056
12.8056
12.8056
12.8056
12.8056
12.8056
12.8056
12.8056
12.8056
12.8056
12.5352
12.5352
12.5352
12.5352
12.5352
12.5352
12.5352
12.5352
12.5352
12.5352
12.5352
12.5352
12.5352
12.5352
12.5352
12.5352
12.5352
12.5352
12.5352
12.5352
12.5352
12.5352
12.5352
12.5352
12.5352
12.5352
12.5352
12.5352
12.5352
12.5352
11.5784
11.5784
11.5784
11.5784
11.5784
11.5784
11.5784
11.5784
11.5784
11.158
11.158
11.158
11.158
11.158
11.158
11.158
11.158
11.158
11.0436
11.0436
11.0436
11.0436
11.0436
11.0436
11.0155
11.0155
10.8355
10.8355
10.8355
10.8355
10.5746
10.5746
10.5746
10.5746
10.5746
10.5746
10.3498
10.3498
10.3498
10.3498
10.3498
10.3498
10.3498
10.3498
10.3498
10.3498
10.3498
10.3498
10.3498
10.3498
10.3498
10.3498
10.3498
10.3498
10.3498
10.3498
10.3498
10.3498
10.3498
10.3498
10.3498
10.3498
10.3498
10.3498
10.3498
10.3498
10.3245
10.3245
10.3245
10.3245
10.3245
10.3245
10.3245
10.1189
10.1189
10.1189
10.1189
10.1189
10.1189
10.1189
10.1189
10.1112
10.1112
10.1112
10.1112
10.1112
10.1112
10.1112
10.1112
10.1112
10.1112
10.1112
10.1112
10.1112
10.1112
10.1112
9.95176
9.81028
9.81028
9.81028
9.81028
9.81028
9.81028
9.81028
9.81028
9.81028
9.81028
9.81028
9.81028
9.81028
9.81028
9.81028
9.81028
9.81028
9.81028
9.81028
9.81028
9.81028
9.81028
9.81028
9.81028
9.81028
9.81028
9.81028
9.81028
9.81028
9.81028
9.81028
9.81028
9.81028
9.81028
9.81028
9.81028
9.81028
9.81028
9.81028
9.81028
9.81028
9.81028
9.81028
9.81028
9.81028
9.81028
9.81028
9.81028
9.81028
9.81028
9.54947
9.54947
9.54947
9.37232
9.37232
9.37232
9.37232
9.37232
9.37232
9.37232
9.37232
9.37232
9.37232
9.37232
9.37232
9.37232
9.37232
9.37232
9.32897
9.32897
9.32897
9.32897
9.32897
9.32897
9.32897
9.32897
9.20768
9.20768
9.20768
9.20768
9.20768
9.20768
9.17592
9.17592
9.17592
8.84145
8.84145
8.84145
8.84145
8.84145
8.84145
8.84145
8.84145
8.84145
8.84145
8.84145
8.84145
8.79999
8.79999
8.79999
8.79999
8.79999
8.79999
8.79999
8.79999
8.79999
8.79999
8.73326
8.73326
8.73326
8.73326
8.73326
8.73326
8.73326
8.5982
8.52992
8.52992
8.52992
8.52992
8.52992
8.52992
8.52992
8.52992
8.52992
8.52992
8.52992
8.52992
8.42759
8.42759
8.42759
8.42759
8.42759
8.42759
8.42759
8.42759
8.42759
8.42759
8.42759
8.42759
8.42759
8.42759
8.42759
8.42759
8.42759
8.42759
8.42759
8.42759
8.42759
8.39502
8.38687
8.38687
8.38687
8.38687
8.38687
8.38687
8.38687
8.38687
8.38687
8.38687
7.8393
7.8393
7.8393
7.8393
7.8393
7.8393
7.8393
7.8393
7.8393
7.8393
7.8393
7.8393
7.8393
7.8393
7.8393
7.8393
7.8393
7.8393
7.8393
7.8393
7.8393
7.8393
7.8393
7.67146
7.67146
7.67146
7.67146
7.67146
7.67146
7.67146
7.67146
7.66068
7.66068
7.66068
7.66068
7.50126
7.50126
7.50126
7.50126
7.50126
7.50126
7.50126
7.50126
7.50126
7.50126
7.50126
7.50126
7.37527
7.37527
7.37527
7.37527
7.37527
7.37527
7.37527
7.37527
7.37527
7.37527
7.29766
7.29766
7.29766
7.29766
7.29766
7.29766
7.29766
7.26777
7.26777
7.26777
7.26777
7.26777
7.26777
7.26777
7.26777
7.26777
7.26777
7.26777
7.06496
7.06496
7.06496
7.06496
7.06496
7.06496
7.06496
7.06496
7.06496
7.06496
7.06496
7.06496
7.06496
7.06496
7.06496
7.06496
7.06496
7.06496
7.06496
7.06496
7.06496
7.06496
7.06496
6.79615
6.79615
6.79615
6.79615
6.79615
6.79615
6.79615
6.79615
6.79615
6.79615
6.79615
6.79615
6.79615
6.79615
6.79615
6.79615
6.79615
6.79615
6.79615
6.79615
6.79615
6.79615
6.79615
6.7156
6.7156
6.7156
6.7156
6.7156
6.7156
6.7156
6.53002
6.53002
6.53002
6.53002
6.53002
6.53002
6.53002
6.53002
6.44297
6.44297
6.44297
6.44297
6.44297
6.44297
6.44297
6.44297
6.44297
6.44297
6.44297
6.44297
6.44297
6.44297
6.44297
6.44297
6.44297
6.44297
6.44297
6.44297
6.44297
6.44297
6.44297
6.44297
6.44297
6.44297
6.44297
6.44297
6.44297
6.44297
6.44297
6.44297
6.44297
6.44297
6.44297
6.44297
6.44297
6.44297
6.44297
6.44297
6.44297
6.44297
6.44297
6.44297
6.44297
6.44297
6.44297
6.44297
6.44297
6.44297
6.44297
6.44297
6.44297
6.44297
6.44297
6.44297
6.44297
6.44297
6.44297
6.44297
6.44297
6.44297
6.44297
6.44297
6.44297
6.44297
6.44297
6.44297
6.22704
6.22704
6.22704
6.22704
6.22704
6.22704
6.22704
6.22704
6.22704
6.22704
6.22704
6.22704
6.22704
6.22704
6.22704
6.22704
6.22704
6.22704
6.22704
6.22704
5.97379
5.97379
5.97379
5.97379
5.97379
5.97379
5.97379
5.97379
5.97379
5.97379
5.97379
5.97379
5.97379
5.96436
5.96436
5.96436
5.96436
5.96436
5.96436
5.96436
5.87241
5.86302
5.86302
5.86302
5.86302
5.86302
5.86302
5.86302
5.86302
5.86302
5.86302
5.86302
5.86302
5.86302
5.86302
5.86302
5.86302
5.86302
5.86302
5.86302
5.60967
5.60967
5.60967
5.60967
5.60967
5.60967
5.60967
5.60967
5.60967
5.60967
5.60967
5.60967
5.60967
5.58321
5.58321
5.58321
5.58321
5.58321
5.33634
5.33634
5.33634
5.33634
5.33634
5.33634
5.30797
5.30797
5.30797
5.30797
5.30797
5.30797
5.30797
5.30797
5.30797
5.12218
5.12218
5.12218
5.12218
5.12218
5.12218
5.12218
5.12218
5.12218
5.12218
5.12218
5.12218
5.12218
5.12218
5.12218
5.12218
5.12218
5.12218
5.12218
5.12218
5.12218
5.12218
5.12218
5.12218
5.12218
5.12218
5.12218
5.12218
5.12218
5.12218
5.12218
5.12218
5.12218
5.12218
5.12218
5.12218
5.12218
5.12218
5.12218
5.12218
5.12218
5.12218
5.12218
5.12218
5.12218
5.12218
5.12218
5.12218
5.12218
5.12218
5.12218
5.12218
5.12218
5.12218
5.12218
5.12218
5.12218
5.12218
5.12218
5.12218
5.12218
5.07759
5.07759
5.07759
5.07759
5.07759
5.07759
5.07759
5.00289
5.00289
5.00289
5.00289
5.00289
5.00289
5.00289
5.00289
5.00289
5.00289
5.00289
5.00289
5.00289
5.00289
5.00289
5.00289
5.00289
5.00289
5.00289
5.00289
5.00289
5.00289
5.00289
5.00289
5.00289
5.00289
5.00289
5.00289
5.00289
5.00289
5.00289
5.00289
5.00289
5.00289
5.00289
5.00289
5.00289
5.00289
5.00289
5.00289
5.00289
5.00289
5.00289
5.00289
5.00289
5.00289
5.00289
5.00289
5.00289
5.00289
5.00289
5.00289
5.00289
5.00289
5.00289
5.00289
5.00289
5.00289
4.92488
4.7982
4.7982
4.7982
4.7982
4.66181
4.66181
4.66181
4.66181
4.66181
4.66181
4.66181
4.66181
4.66181
4.66181
4.66181
4.66181
4.66181
4.66181
4.66181
4.66181
4.66181
4.66181
4.66181
4.66181
4.66181
4.66181
4.66181
4.66181
4.66181
4.66181
4.66181
4.66181
4.66181
4.66181
4.66181
4.66181
4.66181
4.66181
4.66181
4.66181
4.66181
4.66181
4.66181
4.66181
4.66181
4.66181
4.66181
4.66181
4.66181
4.66181
4.66181
4.66181
4.66181
4.66181
4.66181
4.66181
4.66181
4.66181
4.66181
4.66181
4.66181
4.66181
4.66181
4.66181
4.66181
4.66181
4.66181
4.66181
4.66181
4.66181
4.66181
4.66181
4.66181
4.53518
4.53518
4.53518
4.53518
4.53518
4.53518
4.53518
4.53518
4.53518
4.49975
4.49975
4.49975
4.49975
4.49975
4.49975
4.49975
4.49975
4.49975
4.49975
4.49975
4.49975
4.49975
4.49975
4.49975
4.49975
4.49975
4.49975
4.49975
4.46397
4.46397
4.46397
4.46397
4.46397
4.46397
4.46397
4.46397
4.46397
4.44413
4.44413
4.44413
4.44413
4.44413
4.44413
4.44413
4.44413
4.44413
4.44413
4.44413
4.44413
4.44413
4.44413
4.44413
4.44413
4.44413
4.44413
4.44413
4.44413
4.44413
4.44413
4.44413
4.44413
4.44413
4.44413
4.44413
4.44413
4.44413
4.44413
4.44413
4.44413
4.44413
4.44413
4.44413
4.44413
4.44413
4.44413
4.44413
4.44413
4.44413
4.44413
4.44413
4.40365
4.40365
4.40365
4.40365
4.40365
4.40365
4.40365
4.40365
4.40365
4.40365
4.40365
4.40365
4.40365
4.40365
4.40365
4.40365
4.40365
4.40365
4.40365
4.40365
4.40365
4.40365
4.40365
4.40365
4.40365
4.40365
4.40365
4.38829
4.38829
4.38829
4.38829
4.38829
4.38829
4.38829
4.38829
4.38829
4.38829
4.38829
4.38829
4.38829
4.38829
4.38829
4.38829
4.38829
4.36911
4.36911
4.34261
4.34261
4.34261
4.32234
4.32234
4.32234
4.32234
4.32234
4.32234
4.32234
4.32234
4.32234
4.32234
4.32234
4.32234
4.32234
4.32234
4.32234
4.32234
4.32234
4.32234
4.32234
4.32234
4.32234
4.32234
4.32234
4.32234
4.32234
4.32234
4.32234
4.32234
4.32234
4.32234
4.32234
4.32234
4.32234
4.32234
4.32234
4.32234
4.32234
4.32234
4.32234
4.32234
4.32234
4.32234
4.32234
4.32234
4.32234
4.32234
4.32234
4.32234
4.32234
4.32234
4.18592
4.18592
4.18592
4.18592
4.18592
4.18592
4.18592
4.18592
4.18592
4.18592
4.18592
4.18592
4.18592
4.18592
4.18592
4.17044
4.17044
4.17044
4.17044
4.17044
4.17044
4.17044
4.17044
4.17044
4.17044
4.17044
4.17044
4.17044
4.17044
4.17044
4.17044
4.17044
4.17044
4.17044
4.17044
4.17044
4.17044
4.17044
4.17044
4.17044
4.17044
4.17044
4.17044
4.17044
4.17044
4.17044
4.17044
4.17044
4.17044
4.17044
4.17044
4.17044
4.17044
4.17044
4.17044
4.17044
4.17044
4.17044
4.17044
4.17044
4.17044
4.17044
4.17044
4.17044
4.17044
4.17044
4.17044
4.17044
4.17044
4.17044
4.17044
4.17044
4.14995
4.14995
4.14995
4.14995
4.14995
4.14995
4.14995
4.14995
4.14995
4.14995
4.14995
4.14995
4.14995
4.14995
4.14995
4.14995
4.14995
3.88477
3.88477
3.88477
3.88477
3.88477
3.88477
3.88477
3.88477
3.88477
3.88477
3.78361
3.78361
3.78361
3.78361
3.78361
3.78361
3.78361
3.78361
3.78361
3.78361
3.78361
3.78361
3.78361
3.78361
3.78361
3.78361
3.78361
3.78361
3.78361
3.78361
3.78361
3.78361
3.78361
3.78361
3.78361
3.78361
3.78361
3.78361
3.78361
3.78361
3.78361
3.78361
3.78361
3.78361
3.78361
3.78361
3.78361
3.78361
3.78361
3.78361
3.78361
3.78361
3.78361
3.78361
3.78361
3.78361
3.78361
3.78361
3.78361
3.78361
3.78361
3.78361
3.78361
3.78361
3.78361
3.78361
3.78361
3.78361
3.78361
3.78361
3.78361
3.78361
3.78361
3.78361
3.78361
3.78361
3.78361
3.78361
3.78361
3.78361
3.78361
3.78361
3.78361
3.78361
3.78361
3.78361
3.78361
3.78361
3.78361
3.78361
3.78361
3.78361
3.78361
3.78361
3.78361
3.78361
3.78361
3.78361
3.78361
3.78361
3.78361
3.78361
3.78361
3.78361
3.78361
3.78361
3.78361
3.78361
3.78361
3.78361
3.78361
3.78361
3.78361
3.78361
3.78361
3.78361
3.78361
3.78361
3.78361
3.78361
3.78361
3.78361
3.78361
3.78361
3.78361
3.78361
3.78361
3.78361
3.78361
3.78361
3.78361
3.78361
3.78361
3.78361
3.78361
3.75718
3.75718
3.75718
3.75718
3.75718
3.75718
3.75718
3.75718
3.75718
3.75718
3.74808
3.74808
3.74808
3.74808
3.74808
3.74808
3.74808
3.74808
3.74808
3.74808
3.74808
3.74808
3.74808
3.74808
3.74808
3.74808
3.74808
3.74808
3.74808
3.74808
3.74808
3.74808
3.74808
3.74808
3.4414
3.4414
3.4414
3.4414
3.4414
3.4414
3.4414
3.4414
3.41022
3.41022
3.41022
3.41022
3.41022
3.41022
3.41022
3.41022
3.41022
3.41022
3.41022
3.41022
3.41022
3.41022
3.41022
3.41022
3.41022
3.41022
3.37406
3.36557
3.36557
3.36557
3.36557
3.36557
3.36557
3.36557
3.36557
3.36557
3.36557
3.36557
3.36557
3.36557
3.36557
3.36557
3.36557
3.36557
3.32791
3.32791
3.32791
3.32791
3.32791
3.32791
3.32791
3.32791
3.32791
3.32791
3.32791
3.32791
3.32791
3.32791
3.32791
3.32791
3.32791
3.32791
3.32791
3.32791
3.32791
3.32791
3.32791
3.32791
3.32791
3.32791
3.32791
3.32791
3.32791
3.32791
3.32791
3.32791
3.32791
3.32791
3.32791
3.32791
3.32791
3.32791
3.32791
3.32791
3.32791
3.32791
3.32791
3.32791
3.32791
3.32791
3.32791
3.32791
3.32791
3.32791
3.32791
3.31245
3.31245
3.31245
3.31245
3.31245
3.31245
3.31245
3.31245
3.31245
3.31245
3.31245
3.31245
3.31245
3.31245
3.31245
3.31245
3.31245
3.31245
3.31245
3.31245
3.27542
3.27542
3.27542
3.27542
3.27542
3.27542
3.27542
3.27542
3.27542
3.27542
3.27542
3.27542
3.27542
3.27542
3.27542
3.27542
3.27542
3.27542
3.27542
3.27542
3.27542
3.27542
3.27542
3.27542
3.27542
3.27542
3.23916
3.23916
3.23916
3.23916
3.19918
3.19918
3.19918
3.19918
3.19918
3.19918
3.19918
3.19918
3.19918
3.19918
3.19918
3.19918
3.19918
3.19918
3.19918
3.19918
3.19513
3.19513
3.19513
3.19513
3.19513
3.19513
3.19513
3.19513
3.19513
3.19513
3.19513
3.19513
3.19513
3.19513
3.19513
3.19513
3.19513
3.19513
3.19513
3.19513
3.19513
3.19513
3.19513
3.19513
3.19513
3.19513
3.19513
3.19513
3.19513
3.19513
3.19513
3.19513
3.19513
3.19513
3.19513
3.19513
3.19513
3.19513
3.19513
3.19513
3.19513
3.19513
3.19513
3.19513
3.19513
3.19513
3.19513
3.19513
3.19513
3.19513
3.19513
3.19513
3.19513
3.19513
3.19513
3.19513
3.19513
3.19513
3.19513
3.19513
3.19513
3.19513
3.19513
3.19513
3.19513
3.19513
3.19513
3.19513
3.19513
3.19513
3.19513
3.19513
3.19513
3.19513
3.19513
3.19513
3.19513
3.18309
3.18309
3.18309
3.18309
3.18309
3.18309
3.18309
3.18309
3.18309
3.18309
3.18309
3.18309
3.18309
3.18309
3.18309
3.18309
3.18309
3.18309
3.18309
3.18309
3.18309
3.18309
3.18309
3.18309
3.18309
3.18309
3.18309
3.18309
3.18309
3.18309
3.18309
3.18309
3.18309
3.18309
3.18309
3.18309
3.18309
3.18309
3.18309
3.18309
3.18309
3.17897
3.17897
3.17897
3.17897
3.17897
3.17897
3.17897
3.17897
3.17897
3.17897
3.17897
3.17897
3.17897
3.17897
3.17897
3.17897
3.17897
3.17897
3.17897
3.17897
3.17897
3.17897
3.17897
3.17897
3.17897
3.17897
3.17897
3.17897
3.17897
3.17897
3.17897
3.17897
3.17897
3.17897
3.17897
3.17897
3.17897
3.17897
3.17897
3.17897
3.17897
3.17897
3.17897
3.17897
3.17897
3.17897
3.17897
3.17897
3.17897
3.17897
3.17897
3.17897
3.17897
3.17897
3.17897
3.17897
3.17897
3.17897
3.17897
3.17897
3.17897
3.17897
3.17897
3.17897
3.17897
3.17897
3.17897
3.17897
3.13321
3.13321
3.13321
3.13321
3.13321
3.13321
3.13321
3.13321
3.13321
3.13321
3.13321
3.13321
3.13321
3.13321
3.13321
3.13321
3.13321
3.13321
3.13321
3.13321
3.13321
3.13321
3.13321
3.13321
3.13321
3.13321
3.13321
3.13321
3.13321
3.13321
3.13321
3.13321
3.13321
3.13321
3.13321
3.13321
3.13321
3.08933
3.08933
3.08933
3.08933
3.08933
3.08933
3.08933
3.08933
3.08933
3.08933
3.08933
3.07689
3.07689
3.07689
3.07689
3.07689
3.07689
3.07689
3.07689
3.07689
3.07689
3.07689
3.04076
3.04076
3.04076
3.04076
3.04076
2.94709
2.94709
2.94709
2.94709
2.94709
2.94709
2.94709
2.94709
2.94709
2.94709
2.94709
2.94709
2.94709
2.94709
2.94709
2.94709
2.94709
2.94709
2.8894
2.8894
2.8894
2.8894
2.8894
2.8894
2.8894
2.8894
2.8894
2.8894
2.8894
2.8894
2.8894
2.8894
2.8894
2.8894
2.8894
2.8894
2.8894
2.8894
2.82546
2.82546
2.82546
2.82546
2.82546
2.82546
2.71921
2.71921
2.71921
2.71921
2.71921
2.71921
2.71921
2.71921
2.71921
2.71921
2.71921
2.71921
2.7152
2.7152
2.7152
2.7152
2.7152
2.7152
2.7152
2.7152
2.7152
2.7152
2.7152
2.7152
2.7152
2.7152
2.7152
2.7152
2.7152
2.7152
2.7152
2.7152
2.7152
2.7152
2.7152
2.7152
2.7152
2.7152
2.7152
2.7152
2.7152
2.7152
2.7152


0.065002
0.065002
0.065002
0.065002
0.065002
0.065002
0.065002
0.191006
0.191006
0.191006
0.191006
-0.181006
-0.181006
-0.181006
-0.181006
-0.181006
-0.181006
-0.181006
-0.195006
-0.195006
-0.195006
0.957029
0.957029
0.957029
0.957029
0.957029
-0.791024
-0.791024
-0.791024
0.065002

0.026

