2463.58
2199.69
2199.69
2199.69
2199.69
2199.69
2074.3
2074.3
2074.3
2074.3
2074.3
2074.3
1877.16
1877.16
1877.16
1877.16
1877.16
1877.16
1877.16
1877.16
1877.16
1877.16
1877.16
1877.16
1877.16
1877.16
1545.8
1545.8
1545.8
1545.8
1545.8
1545.8
1545.8
1545.8
1545.8
1545.8
1545.8
1545.8
1392.56
1392.56
1392.56
1392.56
1392.56
1392.56
1392.56
1392.56
1392.56
1392.56
1392.56
1392.56
1392.56
1392.56
1383.18
1383.18
1383.18
1383.18
1383.18
1383.18
1383.18
1383.18
1383.18
1383.18
1279.48
1279.48
1279.48
1279.48
1279.48
1279.48
1279.48
1279.48
1279.48
1267.37
1267.37
1267.37
1267.37
1267.37
1267.37
1267.37
1267.37
1258.56
1242.67
1113.89
1113.89
1113.89
1066.19
1066.19
1055.45
1055.45
1055.45
1055.45
1055.45
1055.45
909.45
909.45
909.45
909.45
909.45
823.112
823.112
798.935
798.935
798.935
798.935
798.935
785.29
785.29
785.29
785.29
785.29
785.29
730.429
730.429
679.172
679.172
679.172
679.172
679.172
679.172
679.172
673.732
673.732
673.732
673.732
673.732
673.732
673.732
673.732
673.732
673.732
673.732
673.732
673.732
673.732
673.732
673.732
673.732
673.732
673.732
673.732
673.732
671.93
671.93
671.93
671.93
671.93
671.93
671.93
671.93
671.93
671.93
671.93
671.93
671.93
671.93
659.209
659.209
659.209
659.209
659.209
659.209
654.323
654.323
601.186
601.186
601.186
601.186
601.186
601.186
601.186
601.186
581.092
581.092
581.092
581.092
581.092
581.092
581.092
580.148
580.148
580.148
551.421
551.421
551.421
551.421
551.421
531.482
531.482
522.438
522.438
522.438
522.438
522.438
522.438
513.821
513.821
513.821
512.46
512.46
512.46
512.46
512.46
512.46
512.46
512.46
512.46
512.46
472.433
472.433
472.433
472.433
472.433
472.433
472.433
472.433
472.433
472.433
467.769
467.769
467.769
462.444
462.444
424.118
422.196
422.196
422.196
422.196
422.196
422.196
422.196
422.196
416.541
416.541
416.541
416.541
416.541
416.541
416.541
416.541
416.541
416.541
416.541
416.541
416.541
416.541
416.541
416.541
416.541
411.486
411.486
411.486
411.486
411.486
411.486
411.486
404.407
402.655
402.655
369.911
369.911
369.911
369.911
365.251
365.251
365.251
365.251
365.251
360.914
337.99
337.99
337.99
337.99
337.99
337.99
337.99
334.471
334.471
334.471
334.471
334.471
334.471
334.471
334.471
334.471
334.471
334.471
334.471
334.471
334.471
291.853
291.853
291.853
291.853
291.853
291.853
291.853
291.853
291.853
287.168
275.779
275.779
275.779
275.779
275.779
275.779
275.779
275.779
266.861
266.861
266.861
266.861
266.861
266.861
266.861
266.861
259.784
259.784
259.784
259.784
259.784
259.784
259.784
259.784
259.784
259.784
259.784
259.784
259.784
259.784
259.784
259.784
259.784
259.784
259.784
259.784
259.784
259.784
259.784
259.784
259.784
259.784
259.784
259.784
259.784
259.784
259.784
259.784
259.784
259.051
259.051
259.051
259.051
259.051
259.051
259.051
259.051
259.051
259.051
225.776
225.776
225.776
225.776
225.776
225.776
225.776
225.776
225.776
225.776
190.708
190.708
190.708
190.708
190.708
190.708
190.708
190.708
190.708
190.708
188.535
188.535
188.535
188.535
188.535
188.535
188.535
186.249
186.249
186.249
186.249
164.071
164.071
164.071
164.071
164.071
164.071
164.071
164.071
164.071
164.071
164.071
164.071
164.071
164.071
164.071
164.071
164.071
163.115
163.115
150.251
150.251
150.251
150.251
150.251
123.94
123.94
123.94
123.94
123.94
123.94
123.94
123.94
123.94
123.94
123.94
123.94
123.94
123.94
110.789
110.789
110.789
110.789
110.789
110.789
110.789
110.789
110.789
110.789
110.343
110.343
107.832
107.832
107.832
107.832
107.832
107.832
107.832
93.232
93.232
93.232
93.232
93.232
93.232
93.232
93.232
93.232
93.232
93.232
93.232
93.232
93.232
93.232
93.232
93.232
92.2124
92.2124
92.2124
92.2124
92.2124
84.3069
84.3069
84.3069
84.3069
84.3069
82.2044
71.0866
71.0866
71.0866
71.0866
71.0866
71.0866
71.0866
63.5731
63.5731
54.9343
54.9343
54.9343
54.9343
54.9343
54.9343
54.9343
54.9343
54.9343
53.7285
53.7285
53.7285
53.7285
53.7285
53.7285
53.7285
53.7285
53.7285
53.7285
53.0196
53.0196
53.0196
53.0196
53.0196
53.0196
53.0196
53.0196
53.0196
50.5343
50.5343
50.5343
50.5343
50.5343
50.5343
50.5343
49.2495
49.2495
49.2495
49.2495
49.2495
49.2495
49.2495
49.2495
49.2495
49.2495
49.2495
49.2495
49.2495
49.2495
49.2495
49.2495
49.2495
49.2495
48.5729
48.5729
48.5729
48.5729
48.5729
48.5729
48.5729
48.5729
48.5729
48.5729
48.5729
48.2407
48.2407
48.2407
48.2407
48.2407
48.2407
48.2407
48.2407
48.2407
48.2407
48.2407
47.0764
47.0764
47.0764
47.0764
47.0764
47.0764
47.0764
47.0764
47.0764
47.0764
47.0764
45.5049
45.5049
45.5049
45.5049
45.5049
45.5049
45.5049
45.3431
44.9654
44.9654
44.9654
44.9654
44.9654
44.9654
44.9654
44.6987
43.502
43.502
43.502
43.502
43.502
43.502
43.502
43.502
43.502
43.502
43.502
43.502
42.4786
41.8235
41.8235
41.8235
41.8235
41.8235
41.8235
41.8235
41.8235
41.8235
41.8235
41.0732
41.0732
41.0732
41.0732
41.0732
41.0732
41.0732
39.5139
39.5139
39.5139
39.5139
39.5139
39.5139
39.5139
39.5139
38.8747
38.8747
38.4708
38.4708
38.4708
38.4708
38.4708
38.4708
38.4708
38.4708
38.4708
38.4708
38.4708
38.4708
38.4708
38.4708
38.4708
38.4708
38.4708
38.4708
38.4708
37.4474
37.4474
37.4474
36.4772
36.4772
36.4772
36.4772
36.4772
36.4772
36.4772
36.4772
36.4772
36.4772
36.4772
36.2042
36.2042
36.2042
36.2042
35.781
35.4931
35.4931
35.4931
35.4931
35.4931
35.4931
35.4931
35.4931
35.4931
34.9589
34.9589
34.9589
34.9589
34.9589
34.9589
34.9589
34.9589
34.9589
34.9589
34.9589
34.9589
34.9589
34.9589
34.9589
34.9589
34.2515
34.0234
34.0234
33.8453
33.8453
32.4296
32.4296
32.4296
32.3084
32.3084
32.3084
32.3084
32.3084
31.6677
31.6677
29.0815
29.0815
29.0815
29.0815
29.0815
29.0815
29.0815
29.0815
29.0815
29.0815
27.4876
27.4876
27.4876
27.4876
27.4876
27.4876
27.4876
27.4876
27.4876
27.4876
27.4876
27.4876
27.4876
27.4876
27.4876
27.4876
27.4876
27.4876
27.4876
27.4876
27.4876
27.4876
27.4876
27.4876
27.4876
27.4876
27.4876
27.4876
27.4876
27.4876
27.4876
27.4876
27.4876
27.4876
27.3664
27.0745
27.0745
27.0745
27.0745
27.0745
27.0745
27.0745
27.0745
27.0745
27.0745
27.0745
27.0745
27.0745
26.7084
26.7084
26.7084
26.7084
26.7084
26.7084
26.7084
26.7084
19.5114
19.5114
19.5114
19.5114
19.5114
19.5114
19.5114
19.5114
19.5114
19.5114
19.5114
19.5114
19.5114
19.5114
19.5114
19.5114
19.5114
19.5114
19.5114
19.5114
19.5114
19.5114
19.5114
19.5114
19.5114
19.4181
19.4181
19.4181
19.4181
19.4181
19.4181
19.4181
18.1078
18.1078
18.1078
18.1078
18.1078
18.1078
18.1078
18.1078
18.1078
18.1078
18.1078
18.1078
18.1078
18.1078
18.1078
18.1078
18.1078
18.1078
18.1078
18.1078
18.1078
18.1078
18.1078
18.1078
17.3895
17.3895
17.3895
17.2684
17.2684
17.2684
17.0905
17.0905
16.9546
16.9445
16.9445
16.9445
16.9445
16.9445
16.9445
16.9445
16.9445
15.7933
15.7933
15.6621
15.6621
15.6621
15.6621
15.6621
15.6621
15.6621
15.6621
15.6621
15.6621
15.6621
15.6621
15.6621
15.6621
15.6621
15.6621
15.6621
15.6621
15.5789
15.5789
15.5789
15.5789
15.5789
15.5789
15.5789
15.5409
15.5409
15.3331
15.3331
15.3331
15.3331
15.3331
15.3331
15.3331
15.3331
15.3331
15.3331
15.3331
15.3331
15.3331
15.3331
15.3331
15.3331
15.3331
14.4004
14.4004
14.4004
14.4004
14.4004
14.4004
14.4004
14.4004
14.4004
14.4004
14.3071
14.3071
14.3071
14.3071
14.3071
13.3745
13.3745
13.3745
13.3448
13.3448
13.3448
13.3448
13.3448
13.3448
13.3448
13.3448
13.3448
13.3448
13.3448
13.3448
13.3448
13.3448
13.3448
13.3448
13.3448
13.3448
13.3448
13.3448
13.3448
12.1081
12.1081
12.1081
12.1081
11.7556
11.7556
11.7556
11.7556
11.7556
11.7556
11.7556
11.7556
11.7556
11.7556
11.7556
11.7556
11.7556
11.7556
11.7556
11.7556
11.7556
11.7556
11.7556
11.7556
11.7556
11.7556
11.7556
11.7556
11.7556
11.7556
11.7556
11.7556
11.7556
11.7556
11.7556
11.7556
11.7556
11.7556
11.7556
11.7556
11.7556
11.7556
11.6074
11.6074
11.5777
11.5777
11.5777
11.5777
11.5777
11.4295
11.4295
11.4295
11.4295
11.4295
11.4295
11.4295
11.4295
11.4295
11.4295
11.4295
11.4295
11.4295
11.4295
11.4295
11.4295
11.4295
11.4295
11.4295
11.4295
11.4295
11.4295
11.4295
11.4295
11.4295
11.2995
11.2995
11.2995
11.2995
10.9643
10.9643
10.9643
10.9643
10.9643
10.9643
10.9643
10.9643
10.9643
10.9643
10.9643
10.9213
10.9213
10.9213
10.9213
10.9213
10.9213
10.9213
10.9213
10.9213
10.9213
10.9213
10.9213
10.9213
10.9213
10.9213
10.9213
10.9213
10.9213
10.828
10.7543
10.7543
10.7543
10.7543
10.7543
10.7543
10.7543
9.72834
9.72834
9.45627
9.45627
9.45627
9.45627
9.45627
9.45627
9.45627
9.45627
9.45627
9.45627
9.45627
9.45627
9.45627
9.45627
9.45627
9.45627
9.45627
9.45627
9.45627
9.45627
9.45627
9.45627
9.45627
9.45627
9.45627
9.45627
9.45627
9.45627
9.45627
9.45627
9.45627
9.45627
9.45627
9.45627
9.45627
9.45627
9.45627
9.45627
9.43941
9.43941
9.43941
9.43941
9.43941
9.43941
9.43941
9.43941
9.43941
9.43941
9.43941
9.43941
9.43941
9.363
9.18657
9.18657
9.18657
9.18657
9.18657
9.18657
9.18657
9.18657
9.18657
9.18657
8.24379
8.24379
7.94071
7.94071
7.94071
7.94071
7.94071
7.94071
7.94071
7.94071
7.94071
7.94071
7.94071
7.94071
7.94071
7.94071
7.94071
7.94071
7.94071
7.94071
7.94071
7.94071
7.70681
7.70681
7.70681
7.70681
7.70681
7.70681
7.70681
7.70681
7.64385
7.64385
7.64385
7.64385
7.64385
7.64385
7.64385
7.64385
7.64385
7.64385
7.64385
7.37415
7.37415
7.37415
7.37084
7.37084
7.37084
7.37084
7.37084
7.35401
7.35401
7.35401
7.35401
7.35401
6.8504
6.8504
6.8504
6.8504
6.8504
6.8504
6.8504
6.8504
6.8504
6.78413
6.78413
6.78413
6.78413
6.78413
6.78413
6.78413
6.78413
6.78413
6.78413
6.78413
6.78413
6.78413
6.78413
6.75448
6.75448
6.30067
6.30067
6.30067
6.30067
6.30067
6.30067
6.30067
6.30067
6.30067
6.30067
6.30067
6.30067
6.30067
6.30067
6.30067
6.30067
6.30067
6.09317
6.09317
6.09317
6.09317
6.09317
6.09317
6.09317
6.09317
6.09317
6.08986
6.08986
6.08986
5.69613
5.69613
5.69613
5.69613
5.69613
5.69613
5.69613
5.69613
5.69613
5.69613
5.69613
5.69613
5.69613
5.69613
5.69613
5.69613
5.69613
5.69613
5.69613
5.69613
5.62985
5.62985
5.62985
5.62985
5.62985
5.62985
5.62985
5.62985
5.62985
5.62985
5.61316
5.61316
5.61316
5.61316
5.61316
5.61316
5.61316
5.61316
5.61316
5.61316
5.61316
5.61316
5.61316
5.61316
5.61316
5.58536
5.58536
5.57978
5.50192
5.50192
5.50192
5.50192
5.50192
5.50192
5.50192
5.50192
5.50192
5.50192
5.50192
5.50192
5.50192
5.50192
5.50192
5.50192
5.50192
5.50125
5.50125
5.50125
5.50125
5.50125
5.50125
5.48506
5.48506
5.48506
5.48506
5.48506
5.48506
5.48506
5.48506
5.48506
5.48506
5.21536
5.21536
5.21536
5.21536
5.21536
5.21536
5.21536
5.21536
5.21536
5.21536
5.21536
5.21536
5.21536
5.21536
5.21536
5.21536
5.21536
5.21536
5.21536
5.21536
5.21536
5.21536
5.20688
5.20688
5.20688
5.20688
5.20688
5.14749
5.14749
5.14749
5.14749
5.14749
5.14749
5.14749
5.14749
5.14749
5.14749
5.14749
5.14749
5.14749
5.14749
5.14749
5.14749
5.14749
5.14749
5.14749
5.08073
5.08073
5.08073
5.08073
5.08073
5.08073
4.98801
4.98801
4.98801
4.98801
4.98801
4.98801
4.98801
4.98801
4.98801
4.62918
4.62918
4.62918
4.62918
4.62918
4.62918
4.62918
4.62918
4.62918
4.62918
4.62918
4.62918
4.62918
4.62918
4.62918
4.53684
4.53684
4.44411
4.44411
4.44411
4.44411
4.44411
4.44411
4.44411
4.44411
4.44411
4.44411
4.44411
4.44411
4.44411
4.44411
4.44411
4.44411
4.42742
4.42397
4.42397
4.42397
4.42397
4.42397
4.42397
4.42397
4.42397
4.42397
4.42397
4.42397
4.42397
4.34987
4.34987
4.34052
4.26352
4.26352
4.26352
4.26352
3.69948
3.69948
3.69948
3.69948
3.69948
3.69948
3.69948
3.69948
3.69948
3.69948
3.69948
3.69948
3.69948
3.69948
3.69948
3.69948
3.69948
3.69948
3.69948
3.69948
3.69948
3.69948
3.69948
3.69948
3.69948
3.69948
3.69948
3.69948
3.69948
3.69948
3.69948
3.69948
3.68263
3.68263
3.68263
3.39607
3.39607
3.39607
3.39607
3.39607
3.39607
3.39607
3.39607
3.39607
3.39607
3.39607
3.39607
3.39607
3.39607
3.39607
3.39607
3.39607
3.39607
3.39607
3.39607
3.39607
3.39607
3.39607
3.39607
3.39607
3.39607
3.39607
3.39607
3.39607
3.39607
3.39607
3.39607
3.39607
3.39607
3.39607
3.39607
3.39607
3.39607
3.37921
3.37921
3.37921
3.37921
3.37921
3.37921
3.37921
3.37921
3.37921
3.37921
3.37921
3.37921
3.37921
3.37921
3.0758
3.0758
3.0758
3.0758
3.0758
3.0758
3.0758
3.0758
3.0758
3.0758
3.0758
3.0758
3.0758
3.0758
3.0758
3.05911
3.05911
3.05911
3.05911
3.05911
3.05911
3.05911
3.05911
3.05911
3.05911
2.97567
2.97567
2.97567
2.97567
2.97567
2.97567
2.97567
2.97567
2.97567
2.97567
2.97567
2.97567
2.97567
2.97567
2.97567
2.97567
2.97567
2.97567
2.97567
2.97567
2.97567
2.73868
2.73868
2.73868
2.63854
2.63854
2.63854
2.63854
2.63854
2.63854
2.63854
2.63854
2.63854
2.63854
2.63854
2.63854
2.63854
2.63854
2.63854
2.63854
2.63854
2.63854
2.63854
2.63854
2.61837
2.61837
2.61837
2.61837
2.61016
2.61016
2.61016
2.61016
2.61016
2.61016
2.61016
2.61016
2.21497
2.21497
2.21497
2.21497
2.21497
2.15753
2.15753
2.15753
2.15753
2.15753
2.15753
2.15753
2.15753
2.15753
2.15753
2.15753
2.15753
2.15753
2.15753
2.15753
2.15753
2.15753
2.15753
2.15753
2.15753
2.15753
2.15753
2.15753
2.15753
2.15753
2.15753
2.13739
2.13739
2.13739
2.13739
2.13739
1.57335
1.57335
1.57335
1.57335
1.57335
1.57335
1.57335
1.57335
1.57335
1.57335
1.57335
1.57335
1.57335
1.57335
1.57335
1.57335
1.57335
1.57335
1.57335
1.57335
1.57335
1.57335
1.57335
1.57335
1.57335
1.57335
1.57335
1.57335
1.57335
1.57335
1.57335
1.57335
1.57335
1.57335
1.57335
1.57335
1.57335
1.57335
1.57335
1.57335
1.57335
1.57335
1.57335
1.57335
1.57335
1.57335
1.57335
1.57335
1.57335
1.57335
1.57335
1.57335
1.57335
1.57335
1.57335
1.57335
1.57335
1.57335
1.57335
1.57335
1.57335
1.57335
1.57335
1.57335
1.57335
1.57335
1.57335
1.57335
1.57335
1.57335
1.57335
1.57335
1.57335
1.57335
1.57335
1.57335
1.57335
1.55318
1.55318
1.55318
1.55318
1.12961
1.12961
1.12961
1.12961
1.12961
1.12961
1.12961
1.12961
1.12961
1.12961
1.12961
1.12961
1.12961
1.12961
1.12961
1.12961
1.12961
1.12961
1.12961
1.12961
1.12961
1.12961
1.12961
1.12959
1.12959
1.12959
1.12959
1.12959
1.12959
1.12959
1.12959
1.12959
1.12959
1.12959
1.12959
1.12959
1.12959
1.12902
1.12902
1.12902
1.12902
1.12902
1.12902
1.12902
1.12902
1.12902
1.12902
1.12902
1.12902
1.12902
1.12902
1.12902
1.12902
1.12902
1.12902
1.12902
1.12902
1.12902
1.12902
1.12902
1.12902
1.12902
1.12902
1.12902
1.12081
1.12081
1.12081
1.12081
1.12081
1.12081
1.12081
1.12081
1.12081
1.12081
1.12081
1.06337
1.06337
1.06337
1.06337
1.06337
1.06337
1.06337
1.06337
1.06337
1.06337
1.06337
1.06337
1.06337
1.06337
1.06337
1.06337
1.06337
1.06337
1.06337
1.06337
1.06337
1.06337
1.06337
1.06337
1.06337
1.06337
1.06337
1.06337
1.06337
1.06337
1.05258
1.05258
1.05258
1.05258
1.05258
1.05258
1.05258
1.05258
1.05258
1.05258
1.05258
1.05258
0.989526
0.989526
0.989526
0.989526
0.989526
0.989526
0.955437
0.955437
0.955437
0.955437
0.955437
0.955437
0.955437
0.955437
0.955437
0.955437
0.955437
0.955437
0.955437
0.955437
0.955437
0.955437
0.865152
0.799509
0.799509
0.799509
0.799509
0.799509
0.799509
0.799509
0.799509
0.798916
0.798916
0.798916
0.798916
0.798916
0.798916
0.798916
0.798916
0.798916
0.798916
0.798916
0.798916
0.798916
0.798916
0.798916
0.798916
0.798916
0.798916
0.798916
0.798916
0.798916
0.798916
0.798916
0.79889
0.79889
0.79889
0.79889
0.79889
0.79889
0.79889
0.79889
0.79889
0.79889
0.79889
0.79889
0.79889
0.79889
0.79889
0.79889
0.79889
0.79889
0.79889
0.79889
0.79889
0.79889
0.79889
0.798271
0.798271
0.798271
0.798271
0.798271
0.798271
0.798271
0.798271
0.798271
0.798271
0.798271
0.798271
0.798271
0.798271
0.798271
0.798271
0.798271
0.798271
0.798271
0.798271
0.798271
0.798271
0.798271
0.798271
0.798271
0.798271
0.798271
0.798271
0.798271
0.798271
0.798271
0.798271
0.798271
0.798271
0.798271
0.798271
0.798271
0.798271
0.798271
0.798271
0.798271
0.798271
0.798271
0.798271
0.798271
0.798271
0.798271
0.798271
0.798271
0.798271
0.798271
0.798271
0.798271
0.798271
0.798271
0.798271
0.798271
0.798271
0.798271
0.798271
0.798271
0.798271
0.798271
0.798271
0.798271
0.798271
0.798271
0.798271
0.798271
0.798271
0.798271
0.798271
0.798271
0.798271
0.798271
0.798271
0.798271
0.798271
0.798271
0.798271
0.798271
0.779272
0.58928
0.58928
0.58928
0.58928
0.58928
0.58928
0.58928
0.58928
0.589254
0.589254
0.589254
0.589254
0.589254
0.589254
0.589254
0.589254
0.589254
0.589254
0.589254
0.589254
0.589254
0.589254
0.589254
0.589254
0.589254
0.589254
0.589254
0.589254
0.589254
0.589254
0.589254


0.0301572
0.0301572
-0.0301572
-0.0301572
-0.0301572
-0.0301572
-0.0301572
-0.0301572
-0.0301572
-0.0301572
-0.0301572
-0.141098
-0.141098
0.00203131
0.00203131
0.00203131
0.00203131
0.00203131
0.00203131
0.00203131
0.00203131
0.00203131
0.00203131
0.00203131
-0.00546892
0.00203131
-0.00546892
-0.00546892
-0.00546892
0.0301572

0.025

