623.23
601.443
601.443
601.443
601.443
601.443
601.443
601.443
601.443
601.443
601.443
601.443
601.443
601.443
601.443
601.443
601.443
601.443
601.443
601.443
601.443
601.443
601.443
601.443
601.443
601.443
601.443
601.443
601.443
601.443
601.443
601.443
601.443
601.443
601.443
588.908
588.908
588.908
588.908
588.908
588.908
588.908
588.908
588.908
588.908
588.908
588.908
588.908
588.908
588.908
588.908
588.908
588.908
588.908
588.908
547.145
547.145
547.145
547.145
547.145
547.145
547.145
547.145
547.145
547.145
538.98
538.98
538.98
538.98
538.98
538.98
538.98
538.98
538.98
503.819
503.819
503.819
424.367
424.367
424.367
424.367
424.367
424.367
424.367
424.367
424.367
424.367
424.367
424.367
424.367
424.367
424.367
424.367
424.367
424.367
424.367
424.367
424.367
424.367
424.367
424.367
424.367
424.367
424.367
424.367
424.367
424.367
424.367
424.367
424.367
424.367
424.367
424.367
424.367
424.367
424.367
424.367
424.367
424.367
424.367
413.053
413.053
413.053
413.053
413.053
413.053
413.053
413.053
413.053
413.053
413.053
413.053
413.053
413.053
413.053
413.053
413.053
413.053
413.053
413.053
413.053
391.958
391.958
391.958
391.958
391.958
391.958
391.958
391.958
391.958
391.958
336.498
336.498
336.498
336.498
336.498
336.498
336.498
336.498
336.498
336.498
336.498
336.498
336.498
336.498
336.498
336.498
336.498
336.498
336.498
336.498
336.498
336.498
336.498
336.498
307.426
307.426
307.426
307.426
307.426
307.426
307.426
307.426
307.426
307.426
307.426
307.426
307.426
307.426
307.426
307.426
307.426
307.426
307.426
307.426
307.426
307.426
307.426
244.912
244.912
244.912
244.912
244.912
244.912
244.912
244.912
244.912
197.772
197.772
197.772
197.772
197.772
197.772
197.772
197.772
197.772
197.772
197.772
197.772
197.772
191.947
191.947
191.947
191.947
191.947
191.947
191.947
191.947
191.947
191.947
191.947
191.947
191.947
191.947
191.947
191.947
189.784
189.784
189.784
189.784
189.784
189.784
189.784
189.784
189.784
189.784
189.784
189.784
189.784
189.784
189.784
189.784
189.784
189.784
189.784
189.784
189.784
189.784
189.784
189.784
189.784
189.784
178.902
178.902
178.902
178.902
178.902
178.902
157.748
157.748
157.748
157.748
157.748
157.748
157.748
157.748
157.748
157.748
157.748
157.748
157.748
157.748
157.748
157.748
157.748
157.748
157.748
157.748
157.748
157.748
157.748
157.748
157.748
157.748
157.748
157.748
157.748
157.748
157.748
157.748
157.748
157.748
157.748
157.748
157.748
157.748
157.748
157.748
157.748
157.748
157.748
157.748
157.748
157.748
157.748
157.748
157.748
157.748
157.748
157.748
157.748
157.748
157.748
157.748
157.748
157.748
157.748
157.748
157.748
157.748
157.748
157.748
157.748
157.748
157.748
157.748
157.748
157.748
157.748
157.748
157.748
157.748
157.748
157.748
157.748
157.748
157.748
157.748
157.748
157.748
157.748
142.224
142.224
142.224
142.224
142.224
142.224
142.224
142.224
142.224
142.224
142.224
142.224
142.224
142.224
142.224
142.224
142.224
142.224
142.224
142.224
142.224
142.224
142.224
142.224
142.224
142.224
141.461
141.461
141.461
141.461
141.461
141.461
141.461
141.461
141.461
141.461
141.461
141.461
141.461
141.461
141.461
141.461
141.461
141.461
141.461
141.461
141.461
141.461
141.461
141.461
141.378
141.378
141.378
141.378
141.378
141.378
141.378
141.378
141.378
141.378
141.378
141.378
141.378
141.378
141.378
141.378
141.378
141.378
141.378
141.378
141.378
141.378
141.378
141.378
141.378
141.378
141.378
141.378
141.378
141.378
141.378
141.378
141.378
141.378
141.378
141.378
141.378
141.378
141.378
141.378
141.378
141.378
141.378
141.378
141.378
138.343
138.343
138.343
138.343
138.343
138.343
138.343
138.343
138.343
138.343
138.343
127.925
127.925
127.925
127.925
127.925
127.925
127.925
127.925
127.925
127.925
127.925
127.925
127.925
127.925
127.925
127.925
127.925
127.925
127.925
127.925
127.925
127.925
127.925
127.925
127.925
127.925
127.925
127.925
127.925
127.925
127.925
127.925
127.925
127.925
127.925
127.925
127.925
127.925
127.925
127.925
127.925
127.925
127.925
127.925
127.925
127.925
127.925
127.925
127.925
127.925
127.925
127.925
127.925
127.925
127.925
127.925
127.925
127.925
127.925
127.925
127.82
127.82
127.82
127.82
127.82
127.82
127.82
127.82
127.82
127.82
127.82
127.82
127.82
127.82
127.82
127.82
127.82
127.82
127.82
124.785
124.785
124.785
124.785
115.087
115.087
115.087
115.087
115.087
115.087
115.087
115.087
115.087
115.087
115.087
115.087
115.087
115.087
115.087
115.087
115.087
115.087
115.087
115.087
115.087
115.087
115.087
115.087
115.087
115.087
115.087
115.087
115.087
115.087
115.087
115.087
115.087
115.087
115.087
115.087
115.087
115.087
115.087
115.087
115.087
115.087
115.087
115.087
115.087
115.087
115.087
115.087
115.087
115.087
115.087
115.087
115.087
115.087
115.087
115.087
110.715
110.715
110.715
110.715
110.715
110.715
110.715
110.715
110.715
110.715
110.715
110.715
110.715
110.715
110.715
110.715
110.715
110.715
110.715
110.715
110.715
110.715
110.715
110.715
110.715
110.715
110.715
110.715
110.715
110.715
110.715
110.715
110.715
110.715
110.715
110.715
110.715
104.787
104.787
104.787
104.787
104.787
104.787
104.787
104.787
104.787
104.787
104.787
104.787
104.787
104.787
104.787
104.787
104.787
104.787
104.787
104.787
104.787
104.787
104.787
104.787
104.787
104.787
104.787
104.787
104.787
104.787
104.787
104.787
104.787
104.787
104.787
104.787
104.787
104.787
104.787
104.198
104.198
104.198
104.198
104.198
104.198
104.198
104.198
104.198
104.198
104.198
104.198
104.198
104.198
104.198
104.198
104.198
104.198
104.198
104.198
104.198
104.198
104.198
104.198
104.198
104.198
104.198
104.198
104.198
104.198
104.198
104.198
104.198
104.198
103.178
103.178
103.178
103.178
103.178
103.178
103.178
103.178
103.178
92.0504
92.0504
92.0504
92.0504
92.0504
92.0504
92.0504
92.0504
92.0504
92.0504
92.0504
92.0504
92.0504
92.0504
92.0504
92.0504
92.0504
92.0504
92.0504
92.0504
92.0504
92.0504
92.0504
92.0504
92.0504
92.0504
92.0504
92.0504
92.0504
92.0504
92.0504
92.0504
92.0504
92.0504
92.0504
92.0504
92.0504
92.0504
92.0504
92.0504
92.0504
92.0504
92.0504
92.0504
92.0504
92.0504
92.0504
92.0504
92.0504
92.0504
92.0504
92.0504
92.0504
92.0504
92.0504
92.0504
92.0504
92.0504
91.9781
91.9781
91.9781
91.9781
91.9781
84.773
84.773
84.773
84.773
84.773
84.773
84.773
84.773
84.773
84.773
84.773
84.773
84.773
84.773
84.773
84.773
84.773
84.773
84.773
84.773
84.773
84.773
84.773
84.773
84.773
84.4372
84.4372
84.4372
84.4372
84.4372
84.4372
84.4372
84.4372
84.4372
84.0256
84.0256
84.0256
77.1896
77.1896
77.1896
77.1896
77.1896
77.1896
77.1896
76.4422
76.4422
76.4422
76.4422
76.4422
76.4422
76.4422
76.4422
76.4422
76.4422
76.4422
76.4422
76.4422
76.4422
76.4422
76.4422
76.4422
76.4422
76.4422
76.4422
76.4422
76.4422
76.4422
76.4422
76.4422
76.4422
76.4422
76.4422
76.4422
62.0847
62.0847
62.0847
62.0847
62.0847
62.0847
62.0847
62.0847
62.0847
62.0847
62.0847
62.0847
62.0847
62.0847
62.0847
62.0847
62.0847
62.0847
62.0847
62.0847
62.0847
62.0847
62.0847
62.0847
62.0847
62.0847
62.0847
62.0847
62.0847
62.0847
62.0847
62.0847
62.0847
62.0847
62.0847
62.0847
62.0847
62.0847
62.0847
62.0847
62.0847
62.0847
62.0847
62.0847
62.0847
62.0847
62.0847
62.0847
62.0847
62.0847
62.0847
62.0847
62.0847
62.0847
62.0847
62.0847
62.0847
62.0847
62.0847
62.0847
62.0847
62.0847
62.0847
58.5139
58.5139
58.5139
58.5139
58.5139
58.5139
58.5139
58.5139
58.5139
58.5139
58.5139
58.5139
58.5139
58.5139
58.5139
58.5139
58.5139
58.5139
58.5139
58.5139
58.5139
53.5466
53.5466
53.5466
53.5466
53.5466
53.5466
53.5466
53.5466
53.5466
53.5466
53.5466
53.5466
53.5466
53.5466
53.5466
53.5466
53.5466
53.5466
53.5466
53.5466
53.5466
53.5466
53.5466
53.5466
53.5466
53.5466
53.5466
53.5466
51.4908
51.4908
51.4908
51.4908
51.4908
51.4908
51.4908
51.4908
51.4908
51.4908
51.4908
51.4908
51.4908
51.4908
51.4908
51.4908
51.4908
51.1205
51.1205
51.1205
51.1205
51.1205
51.1205
51.1205
51.1205
51.1205
51.1205
51.1205
51.1205
51.1205
51.1205
51.1205
51.1205
51.1205
51.1205
51.1205
51.1205
51.1205
51.1205
51.1205
51.1205
50.9925
50.9925
50.9925
50.9925
50.9925
50.9925
50.9925
50.9925
50.9925
50.9925
50.9925
50.9925
50.9925
50.9925
50.9925
50.9925
50.9925
50.9925
50.9925
50.9925
50.9925
50.9925
50.9925
50.9925
50.9925
50.9925
50.9925
50.9925
50.9925
50.9925
50.9925
50.9925
50.9925
50.9925
50.9925
50.9925
50.9925
50.9925
50.9925
50.9925
50.9925
50.9925
50.9925
50.9925
50.9925
50.9925
50.9925
50.9925
50.9925
50.9925
50.9925
50.9925
50.9925
50.9925
50.9925
50.9925
50.9925
50.9925
50.9925
50.9925
50.9925
50.9925
50.9925
50.9925
50.9925
50.9925
50.9925
50.9925
50.9925
50.9925
47.5288
47.5288
47.5288
47.5288
47.5288
47.5288
47.5288
47.5288
47.5288
47.5288
47.5288
47.5288
47.5288
47.5288
47.5288
47.5288
47.5288
47.5288
47.5288
47.5288
47.5288
47.5288
47.5288
47.5288
47.5288
47.5288
47.5288
47.5288
47.5288
47.5288
47.5288
47.5288
47.5288
47.5288
47.5288
47.5288
47.5288
47.5288
47.5288
47.5288
47.5288
47.5288
47.5288
47.5288
47.5288
47.5288
47.5288
47.5288
47.5288
47.5288
47.5288
47.5288
47.5288
47.5288
47.5288
47.5288
47.5288
47.5288
47.5288
47.5288
47.5288
47.5288
47.5288
47.5288
47.5288
47.5288
47.5288
47.5288
47.5288
47.5288
47.5288
47.5288
47.5288
47.5288
47.5288
47.5288
47.5288
47.5288
47.5288
47.5288
45.7979
45.7979
45.7979
45.7979
45.7979
45.7979
45.7979
45.7979
45.7979
45.7979
45.7979
45.7979
45.7979
45.7979
45.7979
45.7979
45.7979
45.7979
45.7979
45.7979
45.7979
45.7979
44.2352
44.2051
44.2051
44.2051
44.2051
44.2051
44.2051
44.2051
44.2051
44.2051
44.2051
44.2051
44.2051
44.2051
44.2051
44.2051
44.2051
44.2051
44.2051
44.2051
44.2051
44.2051
44.2051
44.2051
44.2051
44.2051
44.2051
44.2051
44.2051
44.2051
44.2051
44.2051
44.2051
44.2051
43.7834
43.7834
43.7834
43.7834
43.7834
43.7834
43.7834
43.7834
43.7834
43.7834
43.7834
43.7834
43.7834
43.7834
43.7834
43.7834
43.7834
43.7834
43.7834
43.7834
43.7834
43.7834
43.7834
43.7834
42.9667
42.9667
42.9667
42.9667
42.9667
42.9667
42.9667
42.9667
42.9667
42.9667
42.9667
42.9667
42.9667
42.9667
42.9667
42.9667
42.9667
42.9667
42.9667
42.9667
42.9667
42.9667
42.9667
42.9667
42.9667
42.9667
42.9667
42.9667
42.9667
42.9667
42.9667
42.9667
42.9667
42.9667
42.9667
42.9667
42.9667
42.9667
42.9667
42.9667
42.9667
42.9667
42.9667
42.9667
42.9667
42.9667
42.9667
42.9667
42.9667
42.9667
42.9667
42.9667
42.8205
42.8205
42.8205
42.8205
42.8205
42.8205
42.8205
42.8205
42.8205
42.8205
42.8205
42.8205
42.8205
42.8205
42.8205
42.8205
41.9886
41.9886
41.9886
41.9886
41.9886
41.9886
41.9886
41.9886
41.9886
41.9886
41.9886
41.9886
41.9886
41.9886
41.9886
41.9886
41.9886
41.9886
41.9886
41.9886
41.9886
41.9886
41.9886
41.9886
41.9886
41.9886
41.9886
41.9886
41.9886
41.9886
41.9886
41.9886
41.9886
41.9886
41.9886
41.9886
41.9886
41.9886
41.9886
41.9886
41.9886
41.9886
41.9886
41.9886
41.9886
41.9886
41.9886
41.9886
41.9886
41.9886
41.9886
41.3896
41.3896
41.3896
41.321
41.321
41.321
41.321
41.321
41.321
41.321
41.321
41.321
41.321
41.321
41.321
41.321
41.321
41.321
41.321
41.321
41.321
41.321
41.321
41.321
41.321
41.321
41.321
41.321
41.321
41.1108
41.1108
41.1108
41.1108
41.1108
41.1108
41.1108
41.1108
41.1108
41.1108
41.1108
41.1108
41.1108
41.1108
41.1108
41.1108
40.3428
40.3428
40.3428
40.3428
40.3428
40.3428
40.3428
40.3428
40.3428
40.3428
40.3428
40.3428
40.3428
40.3428
40.3428
40.3428
40.3428
40.3428
39.5262
39.5262
39.5262
39.5262
39.5262
39.5262
39.5262
39.5262
39.5262
39.5262
39.5262
39.5262
39.5262
39.5262
39.5262
39.5262
39.5262
39.5262
39.5262
39.5262
39.5262
39.5262
39.5262
39.5262
39.5262
39.5262
39.5262
39.5262
39.5262
39.5262
39.5262
39.5262
39.5262
39.5262
39.5262
39.5262
39.5262
39.5262
39.5262
39.5262
39.5262
36.6161
36.6161
36.6161
36.6161
36.6161
36.6161
36.6161
36.6161
36.6161
36.6161
36.6161
36.6161
36.6161
36.6161
36.6161
36.6161
36.6161
36.6161
36.6161
36.6161
36.6161
36.6161
36.6161
36.6161
36.6161
36.6161
36.6161
36.6161
36.6161
36.6161
36.6161
36.6161
36.6161
36.6161
36.6161
36.6161
36.6161
36.6161
36.6161
36.6161
36.6161
36.6161
36.6161
36.6161
36.6161
36.6161
36.6161
36.6161
36.6161
36.6161
36.6161
36.6161
36.6161
36.6161
36.6161
36.6161
36.6161
36.6161
36.6161
36.6161
36.6161
36.6161
36.6161
36.6161
36.6161
36.6161
36.6161
36.6161
36.6161
36.5731
36.5731
36.5731
36.5731
36.5731
36.5731
36.5731
36.5731
36.5731
36.5731
36.5731
36.5731
35.4197
35.4197
35.4197
35.4197
35.4197
35.4197
35.4197
35.4197
35.4197
33.6512
33.6512
33.6512
33.6512
33.6512
33.6512
33.6512
33.6512
33.6512
33.6512
33.6512
33.6512
33.6512
33.6512
33.6512
33.6512
33.6512
33.6512
33.6512
33.6512
33.6512
33.6512
33.6512
33.6512
33.1943
33.1943
33.1943
33.1943
33.1943
33.1943
33.1943
33.1943
33.1943
33.1943
33.1943
33.1943
33.1943
33.1943
33.1943
33.1943
33.1943
33.1943
33.1943
33.1943
33.1943
33.1943
33.1943
33.1943
33.1943
33.1943
33.1943
33.1943
33.1943
33.1943
33.1943
33.1943
33.1943
33.1943
33.1943
33.1943
33.1943
33.1943
33.1943
32.5034
32.5034
32.5034
32.5034
32.5034
32.5034
32.5034
32.5034
32.5034
32.5034
32.5034
32.5034
32.5034
32.5034
32.5034
32.5034
32.5034
32.5034
32.5034
32.5034
32.5034
32.5034
32.5034
32.5034
32.5034
32.5034
32.5034
32.5034
32.5034
32.5034
32.5034
32.5034
32.5034
32.5034
32.5034
32.1744
29.9902
29.9902
29.9902
29.9902
29.9902
29.9902
29.9902
29.9902
29.9902
29.9902
29.9902
29.9902
29.9902
29.9902
29.9902
29.9902
29.9902
29.9902
29.9902
29.9902
29.7481
29.7481
29.7481
29.7481
29.7481
29.7481
29.7481
29.7481
29.7481
29.7481
29.7481
29.7481
29.7481
29.7481
29.7481
29.7481
29.7481
29.7481
29.7481
29.7481
29.7481
29.7481
29.7481
29.7481
29.7481
29.7481
29.7481
29.7481
29.7481
29.7481
29.7481
29.7481
29.7481
29.7481
29.7481
29.7481
29.7481
29.7481
29.7481
29.7481
29.7481
29.7481
29.7481
28.4136
28.4136
28.4136
28.4136
28.4136
28.4136
28.4136
28.4136
28.4136
28.4136
28.4136
28.4136
28.4136
28.4136
28.4136
28.4136
28.4136
28.4136
28.332
28.332
28.332
28.332
28.332
28.332
28.332
28.332
28.332
28.332
28.332
28.332
28.332
28.332
28.328
28.328
28.328
28.328
28.328
27.924
27.924
27.924
27.924
27.924
27.924
27.924
27.924
27.924
27.924
27.924
26.7797
26.7797
26.7797
26.7797
26.7797
26.7797
26.7797
26.7797
26.7797
26.7797
26.7797
26.7797
26.7797
26.7797
26.7797
26.7797
26.7797
26.7797
26.7797
26.6786
26.6786
26.6786
26.6786
26.2657
26.2657
26.2657
26.2657
26.2657
26.2657
26.2657
26.2657
26.2657
26.2657
26.2657
26.2657
26.2657
26.2657
26.2657
26.2657
26.2657
24.9199
24.9199
24.9199
24.9199
24.9199
24.9199
24.9199
24.9199
24.9199
24.9199
24.9199
24.9199
24.9199
24.9199
22.6682
22.6682
22.6682
22.6682
22.6682
22.6682
22.6682
22.6682
22.6682
22.6682
22.6682
22.6682
20.8242
20.8242
20.8242
20.8242
20.8242
20.8242
20.8242
20.8242
20.8242
20.8242
20.8242
20.8242
20.8242
20.8242
20.8242
20.8242
20.8242
20.8242
20.8242
20.8242
20.8242
20.8242
20.8242
20.8242
20.8242
20.8242
20.8242
20.8242
20.8242
20.8242
20.8242
20.8242
20.8242
20.8242
20.8242
20.8242
20.8242
20.8242
20.8242
20.8242
20.8242
19.2136
19.2136
19.2136
19.2136
19.2136
19.2136
19.2136
19.2136
19.2136
19.2136
19.2136
19.2136
19.2136
19.2136
19.2136
19.2136
19.2136
19.2136
19.2136
19.2136
19.2136
19.2136
19.2136
19.2136
19.2136
19.2136
19.2136
19.2136
19.2136
19.2136
19.2136
19.2136
19.2136
19.2136
19.2136
19.2136
19.2136
19.2136
19.2136
19.2136
19.2136
19.2136
19.2136
19.2136
19.2136
19.2136
19.2136
19.2136
19.2136
19.2136
19.2136
19.2136
19.2136
19.2136
19.2136
19.2136
19.2136
19.2136
19.2136
19.2136
19.2136
19.2136
19.2136
19.2136
18.1396
18.1396
18.1396
18.1396
18.1396
18.1396
18.1396
18.1396
18.1396
18.1396
18.1396
18.1396
18.1396
18.1396
18.1396
18.1396
18.1396
18.1396
18.1396
18.1396
18.1396
18.1396
18.1396
18.1396
18.1396
18.1396
18.1396
18.1396
18.1396
18.1396
18.1396
18.1396
18.1396
18.1396
18.1396
18.1396
18.1396
18.1396
18.1396
18.1396
18.1396
18.1396
18.1396
18.1396
18.1396
18.1396
17.1404
17.1404
17.1404
17.1404
17.1404
17.1404
17.1404
17.1404
17.1404
17.1404
17.1404
17.1404
17.1404
17.1404
17.1404
17.1404
17.1404
17.1404
17.1404
17.1404
17.1404
17.1404
17.1404
17.1404
17.1404
17.1404


-15.1799
15.8391
26.2032
102.597
5.1088
52.1317
9.32035
38.9843
-4.26649
5.25529
-30.6345
-26.3131
-1.37333
30.195
-41.438
8.33155
-90.2188
-0.1648
40.4859
14.9602
52.2416
-62.8986
79.5984
-32.7219
-15.2532
-39.8999
28.3639
-83.6268
11.6642
101.425

0.03

