20.5945
20.0964
18.3028
18.3028
17.8605
17.8605
17.8605
17.8605
17.8605
17.8605
17.8605
17.8605
17.8605
17.8605
17.8605
17.8605
17.8605
17.8605
17.8605
17.6589
17.6589
17.6589
15.3458
15.3458
15.3458
15.3458
15.3458
15.3458
15.3458
15.3458
15.3458
15.3458
15.3458
15.2474
15.2474
14.3727
14.3727
14.3727
14.3727
14.3727
14.3727
14.3727
14.3727
14.1818
14.1818
14.1818
14.1818
14.1818
14.1818
14.1818
14.1818
14.1818
14.0259
14.0259
14.0259
14.0259
13.8071
13.8071
13.8071
13.8071
13.8071
13.7688
13.7688
13.7688
13.7333
13.5375
13.4841
13.4841
13.4841
13.29
13.29
12.0967
12.0967
12.0967
12.0967
12.0967
12.0967
12.0967
12.0967
12.0967
12.0967
12.0967
12.0967
12.0967
12.0967
12.0967
12.0967
12.0967
12.0967
12.0967
12.0967
12.0967
12.0967
11.9582
11.9582
11.9582
11.936
11.9189
11.9189
11.9189
11.9189
11.9189
11.9189
11.9189
11.8226
11.8226
11.8226
11.8226
11.8226
11.8226
11.8226
11.8226
11.8226
11.8226
11.8226
11.8226
11.8226
11.8226
11.8226
11.8226
11.8196
11.8196
11.8072
11.8004
11.5662
11.5662
11.5662
11.5662
11.5662
11.5662
11.5662
11.5662
11.5662
11.5662
11.5662
11.5662
11.5662
11.5625
11.5625
11.5625
11.5625
11.5625
11.5625
11.5119
11.5119
11.5119
11.5119
11.5119
11.4673
11.4631
11.4631
11.351
11.351
11.351
11.351
11.351
11.351
11.351
11.351
11.351
11.351
11.351
11.351
11.351
11.351
11.351
11.351
11.351
11.351
11.351
11.351
11.3255
11.1325
11.1325
11.1325
11.1325
11.1325
11.1065
11.1065
11.1065
11.1065
11.1065
11.1065
11.1065
11.1065
11.1065
10.9709
10.9709
10.9709
10.9709
10.9709
10.9709
10.9709
10.9709
10.9709
10.9709
10.9709
10.9709
10.9709
10.9709
10.9709
10.8172
10.8172
10.7182
10.7182
10.7182
10.7182
10.2604
10.2604
10.2604
10.2604
10.2604
10.2604
10.2604
10.2604
10.2604
10.2604
10.2604
10.2604
10.2604
10.2604
10.2604
10.2604
10.2604
10.2604
10.2604
10.2604
10.2604
10.2604
10.2604
10.2604
10.2604
10.2604
10.2604
10.2604
10.2604
10.2604
10.2604
10.2604
10.2604
10.2604
10.2604
10.2604
10.2604
10.2604
10.2604
10.2604
10.2604
10.2604
10.2604
10.2604
10.2604
10.2604
10.2604
10.2604
10.2604
10.2604
10.1129
10.1129
10.1129
10.1129
10.1103
10.1103
10.1103
10.1103
10.1016
10.1016
10.1016
10.0842
10.0842
10.0664
10.0664
10.0289
10.0289
10.0289
10.0289
10.0289
10.0289
10.0289
10.0289
10.0289
10.0289
10.0289
10.0289
9.92725
9.92725
9.92725
9.92725
9.92725
9.92725
9.79332
9.79332
9.79332
9.79332
9.79332
9.79332
9.79332
9.79332
9.79332
9.79332
9.79332
9.79332
9.79332
9.79332
9.79332
9.79332
9.79332
9.79332
9.79332
9.79332
9.79332
9.79332
9.79332
9.77673
9.77673
9.77673
9.77673
9.77673
9.77673
9.77673
9.74058
9.74058
9.52909
9.52909
9.49565
9.49565
9.49565
9.49565
9.49565
9.49565
9.49565
9.49565
9.42704
9.42704
9.42704
9.42704
9.42704
9.42704
9.37989
9.37989
9.37989
9.37989
9.37989
9.37989
9.37989
9.37989
9.37989
9.37989
9.17342
9.17342
9.17342
9.08016
9.08016
9.08016
9.08016
9.02896
9.02896
9.02896
8.91416
8.91416
8.91416
8.91416
8.91416
8.91416
8.91416
8.91416
8.91416
8.91416
8.90696
8.8435
8.8435
8.83452
8.83452
8.83452
8.83452
8.83452
8.83452
8.83452
8.83452
8.83452
8.83233
8.83233
8.80448
8.80448
8.80448
8.80448
8.80448
8.80448
8.80448
8.80448
8.80448
8.80448
8.80448
8.80448
8.80448
8.80448
8.78184
8.74202
8.74202
8.74202
8.74202
8.74202
8.7363
8.7363
8.7363
8.7363
8.7363
8.7363
8.7363
8.7363
8.7363
8.7363
8.7363
8.7363
8.7363
8.7363
8.72629
8.72629
8.72629
8.67352
8.67352
8.67352
8.67352
8.67352
8.67352
8.66216
8.66216
8.66216
8.66216
8.66216
8.66216
8.66216
8.66216
8.66216
8.65731
8.65731
8.65731
8.65731
8.65731
8.65731
8.65731
8.65091
8.60875
8.54724
8.51693
8.45007
8.45007
8.45007
8.45007
8.45007
8.45007
8.45007
8.45007
8.45007
8.45007
8.43762
8.43762
8.43762
8.43762
8.43762
8.41438
8.20931
8.20931
8.20931
8.20931
8.20931
8.20931
8.20931
8.20931
8.20931
8.20931
8.20931
8.20931
8.20931
8.20931
8.18845
8.12159
8.12159
8.12159
8.12159
8.12159
8.06797
8.06797
8.06797
7.9296
7.9296
7.91655
7.91655
7.91655
7.89875
7.89875
7.89875
7.89875
7.89875
7.89875
7.89875
7.89875
7.89875
7.89875
7.89875
7.89875
7.89875
7.89875
7.89875
7.89875
7.89875
7.89875
7.89875
7.89875
7.89875
7.89875
7.89875
7.89875
7.89875
7.89875
7.89795
7.89795
7.82712
7.82712
7.82712
7.82712
7.82712
7.82712
7.82712
7.82712
7.82712
7.75768
7.75768
7.75768
7.75768
7.75768
7.75768
7.75768
7.75768
7.75768
7.75768
7.75768
7.75768
7.75768
7.75768
7.75768
7.75768
7.75768
7.75768
7.75768
7.75768
7.75768
7.75768
7.75768
7.75768
7.75768
7.75768
7.75768
7.75768
7.75768
7.75768
7.75768
7.75768
7.75768
7.75768
7.74863
7.74863
7.74863
7.74863
7.74863
7.74863
7.74863
7.74863
7.74863
7.74863
7.74863
7.74863
7.74863
7.74863
7.74863
7.74863
7.74863
7.67927
7.67927
7.67927
7.67927
7.67927
7.67927
7.67927
7.67927
7.67927
7.67927
7.67927
7.67927
7.67927
7.67927
7.67927
7.67927
7.67927
7.67927
7.67927
7.62491
7.62491
7.62491
7.62491
7.62491
7.62491
7.62491
7.61436
7.61436
7.61436
7.61436
7.61436
7.61236
7.60901
7.608
7.608
7.53863
7.53863
7.53863
7.53863
7.53863
7.53863
7.53863
7.53863
7.53863
7.53863
7.53863
7.53863
7.53863
7.53863
7.53863
7.53863
7.53863
7.53863
7.53863
7.53863
7.53863
7.53863
7.53863
7.53862
7.53862
7.53862
7.53862
7.53862
7.53862
7.53862
7.53862
7.53862
7.53862
7.53789
7.53789
7.53789
7.53789
7.53789
7.53789
7.53789
7.53789
7.53789
7.53789
7.53789
7.53789
7.53789
7.53789
7.53789
7.53789
7.49117
7.49117
7.49117
7.49117
7.49117
7.49117
7.49117
7.49117
7.49117
7.49117
7.49117
7.49117
7.49117
7.47398
7.47398
7.47398
7.47398
7.47398
7.47398
7.47398
7.47398
7.47398
7.47398
7.47398
7.47398
7.47398
7.47398
7.47398
7.47398
7.47398
7.47398
7.47398
7.47398
7.45989
7.45989
7.45989
7.45989
7.45989
7.45989
7.45989
7.45989
7.45989
7.45989
7.43294
7.43294
7.43294
7.43294
7.40906
7.40906
7.40906
7.40297
7.38058
7.38058
7.38058
7.38058
7.38058
7.37411
7.36705
7.36705
7.36705
7.36705
7.36705
7.36705
7.36705
7.34647
7.34647
7.34647
7.34647
7.34647
7.34647
7.34647
7.34647
7.32881
7.32881
7.32881
7.32881
7.32881
7.32881
7.32881
7.32881
7.32881
7.32881
7.32881
7.32881
7.32881
7.32881
7.32881
7.32881
7.32881
7.32881
7.32881
7.32881
7.32881
7.32881
7.32881
7.32881
7.32881
7.32881
7.32881
7.32881
7.32881
7.32029
7.31972
7.31972
7.31972
7.31766
7.31766
7.31766
7.31766
7.31766
7.31766
7.31766
7.31666
7.31666
7.31666
7.31666
7.29979
7.29979
7.29979
7.29979
7.29979
7.29979
7.29979
7.29979
7.29979
7.29979
7.29979
7.29979
7.29979
7.29979
7.28555
7.28555
7.28555
7.28555
7.28555
7.26466
7.26466
7.26466
7.26466
7.26466
7.26466
7.26466
7.26466
7.26466
7.26466
7.26466
7.26466
7.26466
7.26466
7.26466
7.26466
7.26466
7.26466
7.26466
7.26466
7.26466
7.26466
7.23214
7.23214
7.23214
7.23214
7.23214
7.23214
7.23214
7.23214
7.23214
7.23214
7.23214
7.23214
7.23214
7.23214
7.23214
7.23214
7.23214
7.23214
7.23214
7.23214
7.23214
7.23214
7.23214
7.23214
7.23214
7.23214
7.23214
7.22863
7.22863
7.22863
7.22863
7.22863
7.22863
7.22863
7.22863
7.22863
7.22863
7.22863
7.22863
7.22863
7.11634
7.11634
7.11634
7.11634
7.11634
7.11634
7.11634
7.11634
7.11634
7.11634
7.11634
7.11634
7.11634
7.11634
7.11634
7.11634
7.11634
7.11634
7.11634
7.11634
7.11634
7.11634
7.11634
7.11634
7.11634
7.11634
7.11634
7.11634
7.11634
7.11634
7.11634
7.11634
7.11634
7.11634
7.11634
7.11634
7.11634
7.11634
7.11634
7.11634
7.11634
7.11634
7.11634
7.11634
7.11634
7.11634
7.11634
7.11634
7.11634
7.11634
7.11634
7.11634
7.11634
7.11634
7.11634
7.10502
7.10502
7.10502
7.10502
7.10502
7.10502
7.10502
7.10502
7.10502
7.10502
7.10502
7.10502
7.10502
7.10502
7.10502
7.10502
7.10502
7.10502
7.10502
7.10502
7.10502
7.10502
7.10502
7.10351
7.10351
7.10351
7.10351
7.10351
7.10351
7.10351
7.10351
7.10351
7.10351
7.10351
7.10084
7.10084
7.10084
7.0972
7.0972
7.0972
7.09388
7.09388
7.09388
7.09388
7.09388
7.09388
7.09388
7.09388
7.09388
7.09388
7.09388
7.09388
7.09388
7.09388
7.09065
7.09065
7.09065
7.09065
7.09065
7.09065
7.09065
7.09065
7.09065
7.09065
7.08843
7.08843
7.08843
7.05825
7.05825
7.05825
7.05825
7.05825
7.05825
7.05825
7.05825
7.05825
7.05825
7.05825
7.05825
7.05825
7.05825
7.05825
7.05825
7.05825
7.05825
7.05825
7.05825
7.05825
7.05825
7.05825
7.05825
7.05825
7.05812
7.05812
7.05812
7.05778
7.05778
7.05778
7.05778
7.05778
7.05778
7.05778
7.05753
7.05753
7.05753
7.05753
7.05753
7.05746
7.04538
7.04538
7.04538
7.04538
7.04538
7.04538
7.03278
7.03278
7.03278
7.03278
7.03278
7.03278
7.03278
7.03278
7.0233
7.01683
7.01683
7.01683
7.01683
7.01683
7.01683
7.01683
7.01683
7.01683
7.01683
7.00776
7.00776
6.97997
6.97997
6.97633
6.97633
6.97633
6.97633
6.95318
6.95318
6.95318
6.95318
6.95318
6.95318
6.94359
6.94359
6.94359
6.91248
6.91248
6.91248
6.91248
6.91248
6.91248
6.91248
6.91248
6.91248
6.91248
6.91248
6.91248
6.91248
6.91248
6.91248
6.90794
6.90794
6.90794
6.90794
6.90794
6.90794
6.90794
6.90328
6.90328
6.90328
6.90328
6.90328
6.90328
6.90328
6.90328
6.90328
6.90328
6.90328
6.90328
6.90328
6.90328
6.90328
6.90328
6.90328
6.90328
6.90328
6.90328
6.90328
6.84765
6.84765
6.84765
6.84765
6.84765
6.84765
6.84765
6.84765
6.84765
6.84765
6.84765
6.616
6.616
6.616
6.50646
6.50646
6.50646
6.50646
6.50646
6.50646
6.50646
6.50646
6.50646
6.50646
6.50646
6.50646
6.50646
6.50646
6.50646
6.50646
6.50646
6.50646
6.50646
6.50646
6.50646
6.50646
6.50646
6.50646
6.50646
6.50646
6.50646
6.50646
6.50646
6.50646
6.50646
6.50646
6.50646
6.50646
6.50646
6.50646
6.49161
6.49161
6.49161
6.49161
6.49161
6.49161
6.49161
6.49161
6.49161
6.49161
6.49161
6.49161
6.44936
6.44936
6.44936
6.44936
6.44936
6.44936
6.44936
6.44936
6.44936
6.44936
6.44936
6.44936
6.44936
6.44936
6.44936
6.44936
6.44936
6.44936
6.44936
6.44936
6.44936
6.44936
6.44936
6.44936
6.44936
6.44936
6.44936
6.44936
6.44876
6.44876
6.44876
6.44876
6.44876
6.44876
6.44876
6.44876
6.44876
6.44876
6.44876
6.15238
6.15238
6.15238
6.15238
6.15238
6.15238
6.15238
6.15238
6.15238
6.15238
6.15238
6.15238
6.15238
6.15238
6.15238
6.15238
6.15238
6.15238
6.15238
6.15238
6.15238
6.15238
6.15238
6.15238
6.15238
6.15238
6.15238
6.15238
6.15238
6.15238
6.15238
6.15238
6.15238
6.15238
6.15238
6.15238
6.15238
6.15238
6.15238
6.15238
6.15238
6.15238
6.15238
6.15238
6.15238
6.15238
6.15238
6.15238
6.15238
6.15238
6.15238
6.15238
6.15238
6.15238
6.15238
6.15238
6.15238
6.14905
6.14905
6.14905
6.14905
6.14905
6.14905
6.14905
6.14905
6.14564
6.14564
6.14564
6.14564
6.14564
6.14564
6.14564
6.14119
6.14119
6.14119
6.10735
6.10735
6.10735
6.10735
6.00638
6.00638
6.00638
6.00638
6.00638
6.00638
6.00638
6.00638
6.00638
6.00638
6.00638
6.00638
6.00638
6.00638
6.00638
6.00638
6.00638
6.00638
6.00638
6.00638
6.00638
6.00638
6.00638
5.99702
5.99702
5.99702
5.99702
5.99702
5.99702
5.99702
5.99702
5.99702
5.99702
5.99702
5.99702
5.99568
5.99568
5.99568
5.97239
5.97239
5.97239
5.97239
5.97239
5.97239
5.97239
5.97239
5.96885
5.96885
5.96885
5.96885
5.96885
5.96885
5.96885
5.96885
5.96885
5.96885
5.96885
5.9681
5.9681
5.9681
5.9681
5.9681
5.9681
5.9681
5.9681
5.9681
5.9681
5.9681
5.9681
5.9681
5.9681
5.9681
5.93097
5.93097
5.93097
5.93097
5.93097
5.93097
5.92289
5.92289
5.92289
5.92289
5.92289
5.92289
5.92289
5.92289
5.92289
5.92289
5.92289
5.92289
5.92289
5.92289
5.92289
5.92289
5.92289
5.92289
5.91929
5.84818
5.84818
5.84818
5.84818
5.84818
5.84818
5.84818
5.84818
5.84818
5.84818
5.84818
5.84159
5.84159
5.84159
5.84159
5.84159
5.84159
5.83499
5.83187
5.83187
5.83187
5.83187
5.82616
5.82616
5.82194
5.82194
5.82194
5.82043
5.82043
5.80957
5.80957
5.80957
5.80957
5.80957
5.80957
5.80957
5.80957
5.80957
5.80957
5.80957
5.80957
5.80957
5.80942
5.80764
5.80764
5.80764
5.80764
5.80746
5.80746
5.80746
5.80746
5.80746
5.80746
5.80181
5.80181
5.80181
5.80172
5.80172
5.80172
5.80172
5.80172
5.80172
5.80172
5.80172
5.80172
5.80172
5.80172
5.79956
5.79956
5.79956
5.75327
5.75327
5.75327
5.75327
5.74894
5.74894
5.74894
5.74894
5.74764
5.74764
5.74764
5.74764
5.74764
5.74764
5.74764
5.74764
5.74764
5.74305
5.74305
5.74305
5.74305
5.74305
5.74305
5.74305
5.74305
5.74305
5.74305
5.74305
5.74305
5.73262
5.73262
5.73262
5.73262
5.73262
5.73262
5.73262
5.73262
5.73262
5.73262
5.73262
5.61257
5.61257
5.61257
5.61257
5.61257
5.61257
5.61257
5.61257
5.61257
5.61257
5.61257
5.5902
5.5902
5.5902
5.5902
5.5902
5.5902
5.5902
5.5902
5.5902
5.5902
5.59
5.59
5.59
5.59
5.59
5.59
5.59
5.59
5.59
5.59
5.59
5.59
5.59
5.59
5.59
5.59
5.59
5.59
5.59
5.59
5.53795
5.53795
5.53795
5.53795
5.53795
5.53795
5.53795
5.53795
5.53795
5.53795
5.53795
5.53795
5.53795
5.53795
5.53795
5.53795
5.4238
5.4238
5.4238
5.4238
5.4238
5.4238
5.34862
5.34862
5.34862
5.34862
5.34862
5.34862
5.34862
5.34862
5.34862
5.34862
5.34862
5.34862
5.34862
5.34862
5.34862
5.34862
5.34862
5.34862
5.34862
5.34862
5.34862
5.34862
5.34862
5.34862
5.34862
5.34862
5.34862
5.34862
5.34862
5.34862
5.34862
5.34862
5.34862
5.34862
5.34862
5.34862
5.34862
5.33579
5.33579
5.33579
5.33579
5.33579
5.33579
5.33579
5.33579
5.33579
5.29179
5.27845
5.20183
5.20183
5.20183
5.20183
5.20183
5.20183
5.20183
5.20183
5.20183
5.20183
5.20183
5.20183
5.20183
5.20183
5.20183
5.20183
5.20183
5.20183
5.20183
5.20183
5.20183
5.20177
5.20177
5.20177
5.20177
5.20177
5.20146
5.20146
5.20146
5.20146
5.20007
5.20007
5.20007
5.20007
5.20007
5.19886
5.19886
5.19886
5.19488
5.19488
5.19488
5.19003
5.19003
5.18885
5.18876
5.12929
5.12929
5.12929
5.12929
5.12929
5.12929
5.12929
5.12929
5.12929
5.12929
5.12929
5.12929
5.12929
5.12929
5.12929
5.12929
5.12695
5.12695
5.12695
5.12539
5.12539
5.12539
5.12539
5.12289
5.12289
5.12289
5.09809
5.09809
5.09809
5.09809
5.09809
5.09809
5.09809
5.09809
5.09809
5.09809
5.09809
5.09809
5.09809
5.09809
5.09809
5.09809
5.07872
5.07872
5.07872
5.07767
5.07767
5.07767
5.06321
5.06321
5.06321
5.06321
5.06321
5.03891
5.03891
5.03891
5.03891
5.03891
5.03891
5.03891
5.02875
5.02875
5.02875
5.02875
4.99994
4.99994
4.99994
4.99994
4.99994
4.99994
4.99994
4.99994
4.99994
4.99994
4.99994
4.99994
4.99994
4.99994
4.99994
4.99994
4.99994
4.99994
4.98907
4.98907
4.98907
4.98907
4.98907
4.98907
4.98907
4.98188
4.98188
4.98188
4.98188
4.98188
4.98085
4.98085
4.98085
4.98085
4.98085
4.98085
4.98085
4.98085
4.98085
4.98085
4.98085
4.97593
4.92829
4.92829
4.92829
4.92829
4.92829
4.92829
4.92829
4.92829
4.92829
4.92829
4.92829
4.92829
4.82727
4.82727
4.81707
4.81707
4.81707
4.81707
4.81707
4.81707
4.81707
4.81707
4.81707
4.81707
4.81707
4.81707
4.81707
4.81707
4.81707
4.81707
4.81707
4.81707
4.81707
4.79257
4.79257
4.77313
4.77313
4.77313
4.77313
4.77313
4.77313
4.73593
4.73593
4.73593
4.73593
4.73593
4.73593
4.73593
4.73593
4.73593
4.73593
4.73593
4.73593
4.73593
4.71939
4.71939
4.71939
4.71939
4.71939
4.71939
4.71939
4.71939
4.71939
4.71939
4.71939
4.71939
4.71939
4.71939
4.71939
4.71939
4.71939
4.71939
4.71939
4.71939
4.71939
4.71939
4.71939
4.71939
4.71939
4.71939
4.71939
4.71939
4.71939
4.71939
4.71939
4.71939
4.71939
4.71939
4.71823
4.71823
4.71755
4.71755
4.71398
4.71398
4.71398
4.71398
4.71398
4.71398
4.71398
4.71398
4.70679
4.70679
4.70679
4.70679
4.70679
4.70679
4.70679
4.68314
4.68314
4.68314
4.68314
4.68314
4.68314
4.68314
4.68314
4.68314
4.68314
4.68314
4.68314
4.68314
4.68314
4.68314
4.49877
4.49877
4.49877
4.49877
4.49877
4.49877
4.49877
4.49877
4.49877
4.49877
4.49877
4.49877
4.49877
4.49877
4.49877
4.49877
4.49877
4.49877
4.49877
4.49877
4.49877
4.49877
4.49877
4.49877
4.49877
4.49877
4.49877
4.49877
4.49877
4.49877
4.48422
4.48422
4.48422
4.48422
4.48422
4.48422
4.48422
4.48422
4.48422
4.48422
4.48414
4.48414
4.48396
4.48396
4.48396
4.48396
4.48396
4.48396
4.48396
4.48396
4.48396
4.48374
4.48374
4.48374
4.48374
4.48374
4.48374
4.48374
4.48312
4.48288
4.48288
4.48012
4.48012
4.48012
4.48012
4.48012
4.48012
4.47833
4.47833
4.47833
4.47833
4.47833
4.47833
4.47833
4.47833
4.43959
4.43959
4.43959
4.43959
4.43959
4.43959
4.43198
4.42987
4.42987
4.42758
4.42758
4.41662
4.41662
4.41662
4.41662
4.41662
4.41662
4.41662
4.41662
4.41662
4.41662
4.41662
4.41662
4.41662
4.41662
4.41662
4.41537
4.41537
4.41519
4.41519
4.41519
4.41519
4.41519
4.41519
4.41519
4.41519
4.41519
4.41519
4.35527
4.35527
4.35527
4.35527
4.35527
4.35527
4.35527
4.35527
4.35527
4.35527


-1.10079
-1.10398
-1.18057
-1.18057
-1.98407
-2.21746
-2.95514
-1.23898
-1.11873
-1.08847
-1.03848
-1.02751
-0.996848
0.134585
1.04396
1.03647
1.04002
1.05067
-0.00100173
-0.0282071
-0.0407973
-0.0338049
-0.0220371
-0.00970685
0.0509903
0.0544916
0.056857
0.0531781
0.146278
-1.13277

0.029

