72.3244
72.3244
50.2314
50.2314
50.2314
50.2314
50.2314
54.0842
54.0842
52.5298
52.5298
52.5298
52.5298
52.5298
52.5298
39.9054
39.9054
39.9054
39.9054
31.8182
24.9839
24.9839
24.9839
24.9616
24.9616
25.5588
25.5588
25.5588
25.5588
25.5588
14.1806
12.5954
12.5954
12.5954
12.5954
12.5954
24.122
16.9581
20.9635
20.9635
14.6159
14.6159
21.4558
21.4558
16.2999
16.2999
16.2999
16.2999
16.2999
18.7125
19.0216
19.1549
19.1549
19.1549
19.1549
19.1549
19.1549
15.1869
15.1869
15.1869
14.8198
14.8198
11.6592
13.8466
13.8466
13.8466
13.8466
13.8466
13.8466
11.5833
11.5833
11.5833
11.5833
11.5833
11.5833
11.5833
12.0349
12.0349
12.0349
12.0349
12.0349
12.0349
12.0349
12.0349
12.0349
12.0349
12.0349
12.0349
12.0349
12.5606
12.5606
12.5606
12.5606
12.4355
12.4355
12.2525
12.0005
11.4076
11.8275
11.8275
11.8275
11.8275
10.4035
10.4035
10.4035
10.4035
10.4035
10.4035
10.4035
10.4035
10.4035
10.4035
10.2395
10.2395
10.2395
10.0883
10.0883
10.0883
9.12151
9.12151
9.12151
9.12151
9.12151
9.12151
10.5524
10.532
8.19255
8.19255
8.19255
8.94884
9.48032
9.48032
9.33509
9.18592
9.18592
9.18592
9.18592
9.18592
8.69914
8.69914
9.00429
9.00429
7.56115
7.99699
7.34897
7.48593
7.48593
7.48593
7.54853
7.54853
7.54853
7.54853
7.54853
7.54853
7.54853
7.54853
7.54853
7.54853
6.06342
6.06342
6.06342
6.69607
6.69607
6.69607
6.69607
6.69607
6.70735
6.71624
6.71624
6.71644
6.47601
6.47601
6.47601
6.47601
6.47601
6.47601
7.18343
7.18343
7.18343
6.91594
6.91594
6.91594
6.91594
6.91594
6.91594
6.25575
6.7685
6.91594
6.91594
6.91594
6.91594
6.91594
6.26567
6.26567
7.2587
7.2587
7.2587
6.36758
6.36758
6.43133
6.43133
6.43133
6.21662
6.21662
6.21662
6.21662
6.21662
6.21662
5.93225
5.93225
5.93225
5.18704
4.77396
4.77396
4.61938
4.61938
4.61938
4.692
4.98476
4.98476
4.72447
4.72447
4.72447
4.72447
4.74484
4.74484
4.74484
4.74484
4.74484
4.74484
5.0616
5.29672
5.38676
5.38676
5.38676
5.38676
5.38676
5.38676
5.38676
5.89553
5.89553
5.32608
5.32608
5.32608
5.32608
5.31157
5.31157
5.31157
4.73552
4.73552
4.73552
4.73552
4.73552
4.90707
5.00807
5.00807
5.00807
5.00219
5.00807
5.00807
4.92702
4.87249
4.87249
4.9002
4.86788
4.83477
4.75244
4.75244
4.75244
3.78965
3.48182
3.22911
3.22911
3.22911
3.22911
3.16155
3.25554
3.25554
3.25554
3.58654
3.58654
3.65146
3.65146
3.65146
3.65146
3.65146
3.75021
3.75021
3.77652
3.77652
3.77652
3.77652
3.77652
3.77652
3.43237
3.43237
3.2792
3.96073
4.31642
4.31642
4.41579
4.5804
4.50038
4.42211
4.42211
4.50038
4.50038
4.5804
4.5804
4.5804
4.5804
4.5804
4.5804
4.5804
4.62127
4.62127
4.35941
4.45167
4.44925
4.44925
4.44925
4.33115
4.5694
4.5694
4.5694
4.6269
4.6269
4.44911
4.44911
4.44911
4.44911
4.44911
4.44911
4.68365
4.68365
4.68365
4.67408
4.59641
4.58723
4.50445
4.50445
4.50445
4.50568
3.88563
3.88563
3.88563
4.08615
4.08615
4.08615
4.08615
4.20172
4.20172
4.20172
4.20172
4.20172
4.22652
4.22652
4.22652
4.22652
4.22652
4.22652
4.25827
3.97634
3.97372
3.97634
3.97634
3.97634
3.97634
4.03927
4.25827
4.25827
4.55055
4.55055
4.68762
4.68762
3.77517
4.02237
4.04234
4.0081
4.0081
4.0081
4.0081
4.09892
4.09892
4.09892
4.09892
4.09892
4.09892
4.09892
4.1372
4.1372
4.1372
4.1372
4.1372
4.1372
4.1372
4.1372
4.1372
4.30174
4.02185
4.02185
3.46077
3.46077
3.46077
3.46077
3.52646
3.38119
3.38119
3.38119
3.76654
3.99354
3.81385
3.81385
3.81385
3.81385
4.01212
4.01212
3.77907
3.77907
3.77907
3.77907
3.77907
3.77907
3.77907
3.71198
3.71198
3.71198
3.96172
3.96172
3.9525
3.9525
3.9525
3.77112
3.64838
3.43337
3.43337
3.43337
3.29186
3.09306
3.09306
3.28601
3.13456
3.29186
3.27241
3.17839
3.17839
3.17839
3.27751
3.27751
3.36059
3.46362
3.46362
3.29672
3.29672
3.44359
3.44359
3.44359
3.28824
3.28824
3.28824
3.28824
3.28824
3.28824
3.28824
3.28824
3.27643
3.27643
3.27643
3.12854
3.27643
3.27643
3.27643
3.32104
3.32104
3.21336
3.26672
3.26672
3.26672
3.26672
3.32104
3.32104
3.32104
3.32104
3.06556
3.33858
3.33858
3.33858
3.33793
3.32696
3.31981
3.31981
3.30834
3.30834
3.30834
3.11629
3.11629
3.11629
2.77556
2.77556
2.77556
2.77556
2.77556
2.77556
2.65373
2.65373
2.73652
2.73652
2.82964
2.82964
2.9902
3.09749
3.09749
3.09749
3.10687
3.10687
3.10687
3.10687
3.10687
3.10687
3.00021
3.00021
3.00021
3.03981
3.03981
3.05383
2.96563
2.98458
2.94637
2.94637
2.94637
2.94637
2.94637
2.94637
2.90908
2.90908
2.90678
2.90618
2.90618
2.90618
2.90618
2.85977
2.9367
2.9367
2.9367
2.9367
2.9367
2.97351
2.99229
3.0678
3.0678
3.0678
2.91254
2.91254
2.52556
2.52556
2.52556
2.52556
2.52556
2.52556
2.52556
2.52556
2.52556
2.52556
2.52556
2.52556
2.75939
2.91844
2.91844
3.06176
3.06176
2.76848
2.83098
2.83098
2.83098
3.00191
3.00191
3.03261
3.03261
2.63757
2.63757
2.69738
2.69738
2.69738
2.69738
2.69738
2.69738
2.71723
2.71723
2.81016
2.83341
2.83341
2.83341
2.83341
2.85492
2.8791
2.8791
2.8791
2.8791
2.8791
2.8791
2.8791
2.8791
2.96527
3.00275
2.90031
2.90031
2.93073
2.93073
2.93073
2.97884
2.83681
2.83681
2.83681
2.83681
2.83681
2.83681
2.83681
2.83681
2.83681
2.84303
2.84303
2.84303
2.84303
2.84303
2.84303
2.84303
2.84303
2.84303
2.84303
2.84295
2.77103
2.77103
2.77103
2.77103
2.81373
2.81373
2.81373
2.79277
2.79277
2.79277
2.81373
2.81373
2.93263
2.88813
2.88813
2.73731
2.82482
2.82482
2.80692
2.80692
2.80692
2.80692
2.80692
2.80692
2.79395
2.80692
2.80692
2.80692
2.76034
2.76034
2.76034
2.55785
2.55785
2.55785
2.62346
2.62346
2.62346
2.62346
2.62346
2.62346
2.62346
2.62346
2.62346
2.62346
2.62346
2.62346
2.62346
2.62346
2.62346
2.62346
2.62346
2.62346
2.64879
2.4155
2.53516
2.53516
2.55744
2.55744
2.59777
2.59777
2.62179
2.62179
2.62179
2.62179
2.62179
2.62179
2.62179
2.62179
2.65084
2.6536
2.6536
2.6536
2.6536
2.6536
2.6536
2.3532
2.3532
2.3532
2.3532
2.30981
2.30981
2.30981
2.30981
2.30981
2.29134
2.29134
2.29134
2.29134
2.29134
2.29134
2.29134
2.29134
2.33816
2.41009
2.41009
2.40428
2.38473
2.38473
2.38473
2.38473
2.38473
2.38473
2.38473
2.39969
2.3913
2.3913
2.3913
2.3913
2.4066
2.52992
2.52992
2.52992
2.52992
2.55881
2.55881
2.55881
2.55881
2.55881
2.55881
2.55881
2.55881
2.55881
2.55881
2.55881
2.55881
2.55881
2.55881
2.55881
2.63719
2.63719
2.55597
2.54305
2.54305
2.54305
2.54305
2.51462
2.51462
2.14468
2.30439
2.30439
2.4171
2.38087
2.38087
2.38087
2.38087
2.30537
2.30537
2.30537
2.30537
2.30537
2.30537
2.30537
2.30537
2.34947
2.34947
2.34947
2.34741
2.38692
2.38692
2.38692
2.38692
2.38692
2.38692
2.38692
2.38692
2.38692
2.41779
2.41779
2.41779
2.41779
2.41779
2.41779
2.35573
2.35573
2.35573
2.35573
2.35573
2.35573
2.35573
2.36652
2.44855
2.47003
2.47003
2.42
2.42
2.49857
2.5421
2.57373
2.49771
2.63242
2.5932
2.5932
2.5932
2.5932
2.5932
2.5932
2.5932
2.58098
2.58098
2.58098
2.58098
2.48281
2.48649
2.48649
2.55704
2.55704
2.55704
2.55704
2.55704
2.55704
2.55704
2.55704
2.55704
2.55704
2.55704
2.55704
2.55704
2.24298
2.24298
2.24298
2.32871
2.32871
2.32871
2.43412
2.3786
2.43412
2.43412
2.43412
2.43412
2.43412
2.43412
2.43412
2.43412
2.43412
2.43261
2.43261
2.31231
2.31231
2.31231
2.50681
2.50681
2.50665
2.50665
2.50665
2.50665
2.50665
2.23627
2.23627
2.23627
2.23627
2.23627
2.1845
2.1845
2.1845
2.1845
2.1845
2.1845
2.1845
2.1845
2.1845
2.1845
2.1845
2.40161
2.40161
2.40161
2.40161
2.40161
2.40161
2.40161
2.40161
2.29461
2.29461
2.42574
2.42574
2.4968
2.4968
2.4968
2.4968
2.4968
2.4968
2.4968
2.52638
2.52638
2.52638
2.50362
2.50362
2.4949
2.4949
2.4949
2.3245
2.3245
2.3245
2.3245
2.40403
2.4949
2.48789
2.48789
2.48789
2.48789
2.47709
2.47709
2.47709
2.46921
2.46141
2.46141
2.46141
2.43751
2.43751
2.43751
2.43642
2.43642
2.43642
2.48532
2.48532
2.50301
2.50301
2.50301
2.50301
2.48651
2.48651
2.56232
2.56232
2.53052
2.52724
2.40421
2.40421
2.40421
2.40421
2.40421
2.40421
2.40421
2.40421
2.45426
2.3815
2.3815
2.3815
2.35273
2.35273
2.35273
2.35273
2.35273
2.35273
2.35273
2.26731
2.44522
2.39581
2.39581
2.39581
2.36924
2.36924
2.36924
2.28637
2.28637
2.28637
2.31236
2.31236
2.31236
2.31236
2.31236
2.31236
2.31236
2.40483
2.39765
2.39765
2.39765
2.39765
2.39765
2.39765
2.43973
2.43973
2.43973
2.43973
2.43973
2.43973
2.43565
2.43565
2.40847
2.40847
2.40847
2.42987
2.42987
2.4253
2.4253
2.4253
2.4253
2.42269
2.42269
2.42269
2.40402
2.40402
2.40402
2.40402
2.40402
2.40402
2.40402
2.39931
2.39931
2.39198
2.39198
2.39198
2.39931
2.39931
2.39931
2.3998
2.3998
2.3998
2.3998
2.3998
2.39994
2.39994
2.4361
2.4361
2.43942
2.43942
2.43942
2.41942
2.41942
2.35882
2.34233
2.35882
2.35882
2.37191
2.40969
2.41299
2.42768
2.42768
2.42768
2.4293
2.18231
2.18231
2.18231
2.18231
2.18231
1.89406
1.89406
1.89406
1.89406
1.65752
1.65752
1.8472
1.91298
1.91298
1.91298
2.00231
2.01109
2.05281
2.05281
2.05281
2.05281
2.05281
2.05281
2.05281
2.05281
2.05281
2.05281
2.05281
2.16261
2.16261
2.16261
2.25932
2.25932
2.27015
2.27159
2.27159
2.23998
2.23998
2.24089
2.27395
2.27395
2.27599
2.20369
2.20369
2.15818
2.27599
2.27599
2.26198
2.28272
2.06277
2.06277
2.04959
2.04959
2.09234
2.09234
2.09234
2.11017
2.16826
2.16826
2.16826
2.16826
2.16826
2.16826
2.16826
2.16826
2.16826
2.16826
2.16826
2.18739
2.18392
2.16196
2.16196
2.16196
2.16196
2.16196
2.17695
2.16864
2.16688
2.16688
2.16688
2.16688
2.16688
2.17968
2.17968
2.17968
2.17968
2.17968
2.17968
2.17968
2.15772
2.15772
2.15772
2.15772
2.23596
2.23596
2.23596
2.23596
2.20216
2.20402
2.20402
2.20402
2.17478
2.16375
2.16375
2.16375
2.16833
2.16833
2.16833
2.16328
2.16328
2.1596
2.1596
2.1596
2.15891
2.15891
2.15891
2.15891
2.13721
2.13721
2.13721
2.13721
2.11417
2.13666
2.1441
2.1272
2.1272
2.15869
2.15869
2.17905
2.17905
2.17009
2.16065
2.17118
2.18291
2.18291
2.15981
2.15757
2.1365
2.1365
2.1365
2.1365
2.1365
2.1365
2.23187
2.21369
2.19201
2.21821
2.21821
2.21821
2.21821
2.21821
2.21821
2.21821
2.2094
2.2094
2.2094
2.2094
2.2094
2.21072
2.21026
2.21026
2.22036
2.20749
2.20749
2.20749
2.20749
2.20749
2.21018
2.23414
2.23414
2.23414
2.2351
2.22639
2.22639
2.22639
2.22639
2.22639
2.22639
2.22639
2.2082
2.15363
2.15363
2.17993
2.17993
1.98961
1.98961
2.10881
2.072
2.072
2.072
2.03819
2.03819
2.03819
2.03819
2.03819
2.03819
2.03819
2.03819
2.05501
2.05501
2.01933
2.01933
2.06669
2.06669
2.01503
2.01503
2.01503
2.01503
2.01503
2.078
2.09527
2.09239
2.09239
2.09239
2.06739
2.06739
2.06739
2.06739
2.06739
2.09901
2.09993
2.10938
2.10938
2.10938
2.10455
2.10492
2.10457
2.10457
2.10457
2.10457
2.10457
2.10457
2.10457
1.99376
1.99376
1.99376
1.98889
1.98889
1.9508
1.9508
1.97728
2.0452
2.0575
2.05939
2.05939
2.05939
2.06319
2.08978
2.09363
2.09363
2.09363
2.09363
2.03145
1.99583
1.99583
1.99583
1.99583
2.07659
2.08877
2.08274
1.87842
1.93666
1.93666
1.96584
1.96584
1.96477
1.96477
1.97179
1.97179
1.97139
1.97139
1.89695
1.94936
1.97139
1.97139
1.97139
1.99812
1.99812
1.99812
1.99812
1.99812
2.0098
2.02012
2.05046
2.02465
2.05046
2.05046
2.05046
2.05046
2.05046
2.05046
2.05046
2.05046
2.03737
2.03248
2.00233
1.98424
1.7972
1.7972
1.7972
1.90772
1.90947
1.90947
1.90947
1.90947
1.90947
1.90947
1.90947
1.90947
1.90947
1.97527
1.97527
1.97527
1.73097
1.53855
1.53855
1.53855
1.53855
1.52337
1.52337
1.52337
1.52337
1.52337
1.52337
1.52337
1.52337
1.52337
1.52337
1.28011
1.27714
1.28346
1.28346
1.28346
1.28346
1.28346
1.28346
1.28346
1.28346
1.27701
1.27701
1.27701
1.27701
1.27701
1.27701
1.37234
1.43735
1.42265
1.42987
1.42987
1.42987
1.42591
1.42591
1.42987
1.42987
1.42987
1.46125
1.48088
1.48088
1.48088
1.48088
1.48088
1.49943
1.49943
1.49943
1.49645
1.49645
1.49645
1.49645
1.49858
1.49858
1.49858
1.49937
1.49937
1.52376
1.52376
1.59122
1.59122
1.59122
1.59371
1.59371
1.59371
1.59371
1.59371
1.59371
1.59371
1.59371
1.59371
1.59371
1.59371
1.59371
1.59371
1.66653
1.66653
1.67978
1.67978
1.67298
1.68063
1.68063
1.68063
1.68063
1.68063
1.68063
1.68063
1.68063
1.61685
1.61685
1.54353
1.41015
1.41015
1.41015
1.41015
1.41015
1.41015
1.48157
1.50373
1.50373
1.50373
1.50373
1.50373
1.50373
1.50373
1.50373
1.50373
1.50373
1.50373
1.62603
1.62603
1.52616
1.54357
1.54357
1.54357
1.55611
1.55611
1.65105
1.62175
1.53118
1.53118
1.50384
1.50384
1.50384
1.50384
1.50384
1.50384
1.50384
1.50384
1.50384
1.50384
1.50384
1.50384
1.50384
1.50384
1.50384
1.50384
1.54917
1.54917
1.54917
1.58174
1.58174
1.58174
1.58174
1.58174
1.58174
1.58174
1.63077
1.698
1.698
1.71742
1.71742
1.71742
1.71742
1.71144
1.71144
1.71144
1.71144
1.72235
1.72235
1.72235
1.72235
1.72235
1.72235
1.73407
1.73407
1.73407
1.73407
1.73407
1.73407
1.70159
1.71568
1.71568
1.71568
1.71568
1.71568
1.71568
1.71568
1.71568
1.71568
1.71568
1.76822
1.76822
1.76128
1.76128
1.76128
1.76128
1.77731
1.77731
1.77731
1.77731
1.81058
1.81058
1.81058
1.81058
1.77194
1.77194
1.77194
1.77194
1.80796
1.80796
1.80919
1.80919
1.80919
1.75117
1.75117
1.75117
1.74197
1.75019
1.75019
1.75019
1.75019
1.75019
1.75019
1.75019
1.75019
1.75019
1.75019
1.75019
1.75019
1.77632
1.76946
1.76946
1.76946
1.76946
1.76946
1.76946
1.76946
1.76946
1.76946
1.79463
1.77683
1.77351
1.77351
1.79498
1.79498
1.79498
1.79498
1.79498
1.77233
1.77233
1.76598
1.76598
1.76598
1.76598
1.76598
1.77444
1.77444
1.77444
1.77444
1.77444
1.7628
1.77393
1.77393
1.78028
1.78028
1.78028
1.78028
1.77775
1.78186
1.78271
1.78271
1.78271
1.78271
1.78271
1.78271
1.78271
1.78271
1.78271
1.78271
1.78271
1.78271
1.78271
1.74971
1.75495
1.75495
1.75495
1.78202
1.69912
1.69912
1.69912
1.69912
1.74392
1.74392
1.74852
1.74852
1.75189
1.73577
1.73577
1.73753
1.75863
1.74858
1.73186
1.73186
1.73186
1.73186
1.73186
1.72995
1.72995
1.69128
1.69128
1.69128
1.69128
1.69128
1.69128
1.69128
1.70299
1.70299
1.72923
1.72923
1.72923
1.72923
1.73373
1.73373
1.73373
1.73373
1.73373
1.73373
1.70327
1.74147
1.74157
1.74157
1.74157
1.74157
1.74157
1.73758
1.71487
1.71088
1.71088
1.71088
1.71088
1.71088
1.71088
1.71088
1.74949
1.74949
1.73757
1.73757
1.7365
1.7365
1.73274
1.73274
1.73274
1.75645
1.75645
1.75645
1.75645
1.71758
1.71758
1.71758
1.71758
1.71758
1.71758
1.65337
1.65337
1.65337
1.65337
1.65337
1.65337
1.65337
1.65337
1.65337
1.65337
1.7111
1.7111
1.7111
1.7111
1.72874
1.72874
1.73334
1.73334
1.73334
1.73334
1.73334
1.74648
1.74909
1.73285
1.73285
1.6525
1.6525
1.6525
1.70008
1.68197
1.68197
1.68197
1.68197
1.68197
1.6971
1.69959
1.69935
1.69935
1.69935
1.60544
1.60544
1.53837
1.64454
1.65063
1.65063
1.66128
1.66128
1.66128
1.66128
1.66128
1.66128
1.66128
1.69841
1.69841
1.63388
1.63388
1.63388
1.66715
1.66715
1.66715
1.66715
1.6993
1.6993
1.6993
1.6993
1.6993
1.64524
1.64524
1.64524
1.64524
1.66784
1.6906
1.65105
1.65105
1.63943
1.63943
1.65105
1.65105
1.66913
1.66913
1.66913
1.66913
1.66913
1.67483
1.68377
1.67961
1.64387
1.66286
1.66286
1.66286
1.67961
1.6781
1.68156
1.68028
1.68028
1.68028
1.68156
1.64682
1.62439
1.62439
1.62439
1.6246
1.62038
1.6246
1.6246
1.6246
1.6246
1.58878
1.59165
1.59165
1.58854
1.58854
1.58854
1.62972
1.63298
1.63298
1.63298
1.63298
1.63298
1.5664
1.5664
1.5664
1.54887
1.54887
1.60765
1.61338
1.59651
1.61152
1.60826
1.61036
1.59946
1.59946
1.59946
1.59946
1.59946
1.21911
1.21911
1.21911
1.21911
1.21911
1.25887
1.25887
1.25887
1.25887
1.25887
1.25887
1.25887
1.25887
1.29874
1.29874
1.29874
1.29874
1.29874
1.29874
1.30554
1.30554
1.30554
1.38423
1.38423
1.38423
1.38423
1.42562
1.45062
1.45062
1.48798
1.48798
1.48798
1.48798
1.48798
1.48798
1.53695
1.54091
1.54091
1.54091
1.57016
1.57016
1.57016
1.57016
1.57016
1.56124
1.56124
1.56124
1.53716
1.53716
1.52457
1.52457
1.52457
1.52457
1.52457
1.52457
1.52457
1.52566
1.53506
1.53506
1.53506
1.53506
1.53506
1.53506
1.53506
1.53506
1.53506
1.53506
1.53506
1.59572
1.59572
1.59572
1.61187
1.58389
1.61187
1.60963
1.60963
1.60963
1.60963
1.60963
1.60963
1.60963
1.60963
1.60963
1.60963
1.60963
1.60963
1.60963
1.60963
1.60926
1.60926
1.60841
1.60841
1.60841
1.60841
1.56824
1.56824
1.58964
1.58964
1.58964
1.58964
1.58964
1.59419
1.59419
1.59419
1.59419
1.59419
1.59419
1.59419
1.59419
1.59419
1.59419
1.59419
1.61584
1.61667
1.61667
1.63913
1.63682
1.63786
1.62654
1.62654
1.62654
1.62654
1.64345
1.64345
1.64345
1.64345
1.72131
1.70724
1.70724
1.69429
1.69429
1.69429
1.69576
1.69576
1.69061
1.68493
1.68493
1.67618


0.201734
0.0601504
-0.105911
-0.152409
-0.0979208
-0.225147
-0.163879
-0.0813638
-0.00503121
0.0694656
0.0404189
0.189731
0.231872
0.264415
0.182674
0.176114
0.198528
0.287525
-0.0247253
-0.067428
-0.226461
-0.225337
-0.118327
0.254241
0.16264
0.246332
0.345083
-0.0995343
0.52386
0.132499

0.026

