160.356
160.356
148.833
148.833
148.833
148.833
148.833
148.833
148.833
148.833
145.945
145.945
145.945
145.945
145.945
145.945
145.945
145.945
126.156
126.156
126.156
126.156
126.156
126.156
126.156
126.156
126.156
126.156
126.156
126.156
126.156
126.156
126.156
126.156
126.156
126.156
126.156
125.384
125.384
125.384
124.291
124.291
124.291
124.291
124.291
124.291
121.937
121.937
107.226
107.226
107.226
107.226
107.226
107.226
107.226
107.226
107.226
107.226
107.226
107.226
107.226
107.226
107.226
107.226
107.226
106.455
106.455
106.455
106.455
106.455
106.455
106.455
106.455
103.929
103.929
103.929
103.929
103.929
103.929
103.929
103.929
103.929
101.403
101.403
101.403
101.403
101.403
101.403
101.403
101.403
101.403
101.403
101.403
101.403
101.403
101.403
101.403
98.3125
98.3125
98.3125
98.3125
98.3125
98.3125
98.3125
98.3125
98.3125
98.3125
98.3125
97.9099
97.9099
97.9099
97.9099
97.9099
97.9099
85.0154
85.0154
85.0154
85.0154
85.0154
85.0154
85.0154
85.0154
85.0154
85.0154
85.0154
85.0154
85.0154
85.0154
85.0154
85.0154
85.0154
85.0154
85.0154
85.0154
85.0154
85.0154
85.0154
85.0154
85.0154
85.0154
85.0154
85.0154
85.0154
85.0154
85.0154
85.0154
85.0154
85.0154
85.0154
85.0154
82.8319
82.8319
82.8319
82.8319
82.8319
82.8319
82.8319
82.8319
82.8319
82.8319
82.8319
82.8319
82.8319
77.8716
77.8716
77.8716
77.8716
77.8716
77.8716
77.8259
77.8259
77.8259
77.8259
77.8259
77.8259
77.8259
77.8259
77.8259
77.8259
77.8259
77.8259
77.8259
77.8259
77.8259
77.8259
77.8259
77.8259
77.8259
77.8259
77.8259
77.8259
77.8259
77.8259
77.8259
77.8259
77.5847
77.5847
77.5847
77.5847
77.5847
77.0256
77.0256
77.0256
77.0256
77.0256
77.0256
53.8308
53.2716
53.2716
53.0304
53.0304
53.0304
53.0304
53.0304
46.0981
46.0981
46.0981
46.0981
46.0981
46.0981
41.4904
41.4904
41.4904
41.4904
41.4904
41.4904
41.4904
41.4904
41.4904
41.4904
41.4904
41.4904
41.4904
41.4904
41.4904
41.4904
41.4904
41.4904
41.4904
41.4904
41.4904
41.4904
41.4904
41.4904
41.4904
41.4904
41.4904
41.4904
41.4904
41.4904
41.4904
41.4904
41.4904
41.4904
41.4904
41.4904
41.4904
41.4904
41.4904
41.4904
41.4904
41.4904
41.4904
41.4904
40.3916
40.3916
40.3916
40.3916
40.3916
40.3916
40.3916
40.3916
40.3916
40.3916
40.3916
40.3916
40.3916
40.3916
40.3916
40.3916
40.3916
40.3916
40.3916
40.3916
40.3916
40.3916
40.3916
40.3916
36.537
36.537
30.6286
30.6286
30.6286
30.6286
30.6286
30.6286
30.6286
30.6286
30.6286
30.6286
30.6286
30.6286
30.6286
30.6286
30.4697
30.4697
30.4697
30.4697
30.4697
30.4697
30.4697
30.4697
30.4697
30.4697
30.4697
30.4697
30.4697
30.4697
30.4697
30.4697
30.4697
30.4697
30.4697
30.4697
30.4697
30.4697
30.4697
30.4697
30.4697
30.4697
30.4697
30.4697
30.4697
30.4697
30.4697
30.4697
30.4697
30.4697
30.4697
30.4697
30.4697
30.4697
30.4697
30.4697
30.4697
30.4697
30.4697
30.4697
30.4697
30.4697
30.4697
30.4697
30.4697
30.4697
30.4697
30.4697
30.4697
30.4697
30.4697
30.4697
30.3711
30.3711
30.3711
30.3711
30.3711
30.3711
30.3711
30.3711
30.3711
30.3711
30.3711
30.3711
30.3711
30.3711
30.3711
30.3711
30.3711
30.3711
30.3711
30.3711
30.3254
30.3254
30.3254
30.3254
30.3254
30.3254
30.3254
30.3254
30.3254
30.3254
30.3254
30.3254
30.3254
30.3254
30.3254
30.3254
30.2267
30.2267
30.2267
30.2267
30.2267
30.2267
30.2267
30.2267
30.2267
30.2267
30.2267
30.2267
28.2547
28.2547
28.156
28.156
28.156
28.156
28.156
28.156
28.156
28.156
28.156
28.156
28.156
28.156
28.156
28.156
28.156
28.156
28.156
28.156
28.156
28.156
28.156
28.156
28.156
27.6922
27.6922
27.6922
27.6922
27.6922
27.6922
27.6922
27.6922
27.6922
27.6922
27.6922
27.6922
27.6922
27.6922
27.6922
27.6922
27.6922
27.6922
27.6922
27.6922
27.6922
27.6922
27.6922
27.6922
27.6922
27.6922
27.6922
27.6922
27.6922
27.6922
27.6922
27.6922
27.6922
27.6922
27.6922
27.6922
27.6922
27.6922
27.6922
27.6922
27.6922
27.6922
27.6922
27.6922
27.6922
27.6922
27.6922
27.6922
27.6922
27.6922
27.6922
27.6922
27.6922
27.6922
27.6922
27.6922
27.6922
27.6922
27.6922
27.6922
27.6922
27.6922
27.6922
27.6922
27.6922
27.6922
27.6922
27.6922
27.6922
27.6922
27.6922
27.6922
27.6922
27.6922
27.6922
27.6922
27.6922
27.6922
27.6922
27.6922
27.6922
27.6922
27.6922
27.6922
27.6922
27.6922
27.6922
27.6922
27.6922
27.6922
27.6922
27.6922
27.6922
27.6922
27.6922
27.6922
27.6922
27.6922
27.6922
27.6922
27.6922
27.6922
27.6922
27.6922
27.6922
27.6922
27.6922
27.6922
27.6922
27.6922
27.6922
27.6922
27.6922
27.6922
27.6922
27.6922
27.6922
27.6922
27.6922
27.6922
27.6922
27.6922
27.6922
27.6922
27.6922
27.6922
27.6922
27.6922
27.6922
27.6922
27.6922
27.6922
27.6922
27.6922
27.6922
27.6922
27.6922
27.6922
27.6922
27.6922
27.6922
27.6922
27.6922
27.6922
27.6922
27.6922
27.6922
27.6922
27.6922
27.6922
27.6922
27.6922
27.6922
27.6922
27.6922
27.6922
27.6922
27.6922
27.6922
27.6922
27.6922
27.6922
27.6922
27.6922
27.6922
27.6922
27.6922
27.6922
27.6922
27.6922
27.6922
27.6922
27.6922
27.6922
27.6922
27.6922
27.6922
27.6922
27.6922
27.6922
27.6922
27.6922
27.6922
27.6922
27.6922
27.6922
27.6922
27.6922
27.6922
27.6922
27.6922
27.6922
27.6922
27.6922
27.6922
27.6922
27.6922
27.6922
27.6922
27.6922
27.6922
27.6922
27.6922
27.6922
27.6922
27.6922
27.6922
27.6922
27.6922
27.6922
27.6922
27.6922
27.6922
27.6922
27.6922
27.6922
27.6922
27.6922
27.6922
27.6922
27.6922
27.6922
27.6922
27.6922
27.6922
27.6922
27.6922
27.6922
27.6922
27.6922
27.6922
27.6922
27.6922
27.6922
27.6922
27.6922
27.6922
27.6922
27.6922
27.6922
27.6922
27.6922
27.6922
27.6922
27.6922
27.6922
27.6922
27.6922
27.6922
27.6922
27.6922
27.6922
27.6922
27.6922
27.6922
27.6922
27.6922
27.6922
27.6922
27.6922
27.6922
27.6922
27.6922
27.6922
27.6922
27.6922
27.6922
27.6922
27.6922
27.6922
27.6922
27.6922
27.6922
27.6922
27.6922
27.6922
27.6922
27.6922
27.6922
27.6922
27.6922
27.6922
27.6922
27.6922
27.6922
27.6922
27.6922
27.6922
27.6922
27.6922
27.6922
27.6922
27.6922
27.6922
27.6922
27.6922
27.6922
27.6922
27.6922
27.6922
27.6922
27.6922
27.6922
27.6922
27.6922
27.6922
27.6922
27.6922
27.6922
27.6922
27.6922
27.6922
27.6922
27.6922
27.6922
27.6922
27.6922
27.6922
27.6922
27.6922
27.6922
27.6922
27.6922
27.6922
27.6922
27.6922
27.6922
27.6922
27.6922
27.6922
27.6922
27.6922
27.6922
27.6922
27.6922
27.6922
27.6922
27.6922
27.6922
27.6922
27.6922
27.6922
27.6922
27.6922
27.6922
27.6922
27.6922
27.6922
27.6922
27.6922
27.6922
27.6922
27.6922
27.6922
27.6922
27.6922
27.6922
27.6922
27.6922
27.6922
27.6922
27.6922
27.6922
27.6922
27.6922
27.6922
27.6922
27.6922
27.6922
27.6922
27.6922
27.6922
27.6922
27.6922
27.6922
27.6922
27.6922
27.6922
27.6922
27.6922
27.6922
27.6922
27.6922
27.6922
27.6922
27.6922
27.6922
27.6922
27.6922
27.6922
27.6922
27.6922
27.6922
27.6922
27.6922
27.6922
27.6922
27.6922
27.6922
27.6922
27.6922
27.6922
27.6922
27.6922
27.6922
27.6922
27.6922
27.6922
27.6922
27.6922
27.6922
27.6922
27.6922
27.6922
27.6922
27.6922
27.6922
27.6922
27.6922
27.6922
27.6922
27.6922
27.6922
27.6922
27.6922
27.6922
27.6922
27.6922
27.6922
27.6922
27.6922
27.6922
27.6922
27.6922
27.6922
27.6922
27.6922
27.6922
27.6922
27.6922
27.6922
27.6922
27.6922
27.6922
27.6922
27.6922
27.6922
27.6922
27.6922
27.6922
27.6922
27.6922
27.6922
27.6922
27.6922
27.6922
27.6922
27.6922
27.6922
27.6922
27.6922
27.6922
27.6922
27.6922
27.6922
27.6922
27.6922
27.6922
27.6922
27.6922
27.6922
27.6922
27.6922
27.6922
27.6922
27.6922
27.6922
27.6922
27.6922
27.6922
27.6922
27.6922
27.6922
27.6922
27.6922
27.6922
27.6922
27.6922
27.6922
27.6922
27.6922
27.6922
27.6922
27.6922
27.6922
27.6922
27.6922
27.6922
27.6922
27.6922
27.6922
27.6922
27.6922
27.6922
27.6922
27.6922
27.6922
27.6922
27.6922
27.6922
27.6922
27.6922
27.6922
27.6922
27.6922
27.6922
27.6922
27.6922
27.6922
27.6922
27.6922
27.6922
27.6922
27.6922
27.6922
27.6922
27.6922
27.6922
27.6922
27.6922
27.6922
27.6922
27.6922
27.6922
27.6922
27.6922
27.6922
27.6922
27.6922
27.6922
27.6922
27.6922
27.6922
27.6922
27.6922
27.6922
27.6922
27.6922
27.6922
27.6922
27.6922
27.6922
27.6922
27.6922
27.6922
27.6922
27.6922
27.6922
27.6922
27.6922
27.6922
27.6922
27.6922
27.6922
27.6922
27.6922
27.6922
27.6922
27.6922
27.6922
27.6922
27.6922
27.6922
27.6922
27.6922
27.6922
27.6922
27.6922
27.6922
27.6922
27.6922
27.6922
27.6922
27.6922
27.6922
27.6922
27.6922
27.6922
27.6922
27.6922
27.6922
27.6922
27.6922
27.6922
27.6922
27.6922
27.6922
27.6922
27.6922
27.6922
27.6922
27.6922
27.6922
27.6922
27.6922
27.6922
27.6922
27.6922
27.6922
27.6922
27.6922
27.6922
27.6922
27.6922
27.6922
27.6922
27.6922
27.6922
27.6922
27.6922
27.6922
27.6922
27.6922
27.6922
27.6922
27.6922
27.6922
27.6922
27.6922
27.6922
27.6922
27.6922
27.6922
27.6922
27.6922
27.6922
27.6922
27.6922
27.6922
27.6922
27.6922
27.6922
27.6922
27.6922
27.6922
27.6922
27.6922
27.6922
27.6922
27.6922
27.6922
27.6922
27.6922
27.6922
27.6922
27.6922
27.6922
27.6922
27.6922
27.6922
27.6922
27.6922
27.6922
27.6922
27.6922
27.6922
27.6922
27.6922
27.6922
27.6922
27.6922
27.6922
27.6922
27.6922
27.6922
27.6922
27.6922
27.6922
27.6922
27.6922
27.6922
27.6922
27.6922
27.6922
27.6922
27.6922
27.6922
27.6922
27.6922
27.6922
27.6922
27.6922
27.6922
27.6922
27.6922
27.6922
27.6922
27.6922
27.6922
27.6922
27.6922
27.6922
27.6922
27.6922
27.6922
27.6922
27.6922
27.6922
27.6922
27.6922
27.6922
27.6922
27.6922
27.6922
27.6922
27.6922
27.6922
27.6922
27.6922
27.6922
27.6922
27.6922
27.6922
27.6922
27.6922
27.6922
27.6922
27.6922
27.6922
27.6922
27.6922
27.6922
27.6922
27.6922
27.6922
27.6922
27.6922
27.6922
27.6922
27.6922
27.6922
27.6922
27.6922
27.6922
27.6922
27.6922
27.6922
27.6922
27.6922
27.6922
27.6922
27.6922
27.6922
27.6922
27.6922
27.6922
27.6922
27.6922
27.6922
27.6922
27.6922
27.6922
27.6922
27.6922
27.6922
27.6922
27.6922
27.6922
27.6922
27.6922
27.6922
27.6922
27.6922
27.6922
27.6922
27.6922
27.6922
27.6922
27.6922
27.6922
27.6922
27.6922
27.6922
27.6922
27.6922
27.6922
27.6922
27.6922
27.6922
27.6922
27.6922
27.6922
27.6922
27.6922
27.6922
27.6922
27.6922
27.6922
27.6922
27.6922
27.6922
27.6922
27.6922
27.6922
27.6922
27.6922
27.6922
27.6922
27.6922
27.6922
27.6922
27.6922
27.6922
27.6922
27.6922
27.6922
27.6922
27.6922
27.6922
27.6922
27.6922
27.6922
27.6922
27.6922
27.6922
27.6922
27.6922
27.6922
27.6922
27.6922
27.6922
27.6922
27.6922
27.6922
27.6922
27.6922
27.6922
27.6922
27.6922
27.6922
27.6922
27.6922
27.6922
27.6922
27.6922
27.6922
27.6922
27.6922
27.6922
27.6922
27.6922
27.6922
27.6922
27.6922
27.6922
27.6922
27.6922
27.6922
27.6922
27.6922
27.6922
27.6922
27.6922
27.6922
27.6922
27.6922
27.6922
27.6922
27.6922
27.6922
27.6922
27.6922
27.6922
27.6922
27.6922
27.6922
27.6922
27.6922
27.6922
27.6922
27.6922
27.6922
27.6922
27.6922
27.6922
27.6922
27.6922
27.6922
27.6922
27.6922
27.6922
27.6922
27.6922
27.6922
27.6922
27.6922
27.6922
27.6922
27.6922
27.6922
27.6922
27.6922
27.6922
27.6922
27.6922
27.6922
27.6922
27.6922
27.6922
27.6922
27.6922
27.6922
27.6922
27.6922
27.6922
27.6922
27.6922
27.6922
27.6922
27.6922
27.6922
27.6922
27.6922
27.6922
27.6922
27.6922
27.6922
27.6922
27.6922
27.6922
27.6922
27.6922
27.6922
27.6922
27.6922
27.6922
27.6922
27.6922
27.6922
27.6922
27.6922
27.6922
27.6922
27.6922
27.6922
27.6922
27.6922
27.6922
27.6922
27.6922
27.6922
27.6922
27.6922
27.6922
27.6922
27.6922
27.6922
27.6922
27.6922
27.6922
27.6922
27.6922
27.6922
27.6922
27.6922
27.6922
27.6922
27.6922
27.6922
27.6922
27.6922
27.6922
27.6922
27.6922
27.6922
27.6922
27.6922
27.6922
27.6922
27.6922
27.6922
27.6922
27.6922
27.6922
27.6922
27.6922
27.6922
27.6922
27.6922
27.6922
27.6922
27.6922
27.6922
27.6922
27.6922
27.6922
27.6922
27.6922
27.6922
27.6922
27.6922
27.6922
27.6922
27.6922
27.6922
27.6922
27.6922
27.6922
27.6922
27.6922
27.6922
27.6922
27.6922
27.6922
27.6922
27.6922
27.6922
27.6922
27.6922
27.6922
27.6922
27.6922
27.6922
27.6922
27.6922
27.6922
27.6922
27.6922
27.6922
27.6922
27.6922
27.6922
27.6922
27.6922
27.6922
27.6922
27.6922
27.6922
27.6922
27.6922
27.6922
27.6922
27.6922
27.6922
27.6922
27.6922
27.6922
27.6922
27.6922
27.6922
27.6922
27.6922
27.6922
27.6922
27.6922
27.6922
27.6922
27.6922
27.6922
27.6922
27.6922
27.6922
27.6922
27.6922
27.6922
27.6922
27.6922
27.6922
27.6922
27.6922
27.6922
27.6922
27.6922
27.6922
27.6922
27.6922
27.6922
27.6922
27.6922
27.6922
27.6922
27.6922
27.6922
27.6922
27.6922
27.6922
27.6922
27.6922
27.6922
27.6922
27.6922
27.6922
27.6922
27.6922
27.6922
27.6922
27.6922
27.6922
27.6922
27.6922
27.6922
27.6922
27.6922
27.6922
27.6922
27.6922
27.6922
27.6922
27.6922
27.6922
27.6922
27.6922
27.6922
27.6922
27.6922
27.6922
27.6922
27.6922
27.6922
27.6922
27.6922
27.6922
27.6922
27.6922
27.6922
27.6922
27.6922
27.6922
27.6922
27.6922
27.6922
27.6922
27.6922
27.6922
27.6922
27.6922
27.6922
27.6922
27.6922
27.6922
27.6922
27.6922
27.6922
27.6922
27.6922
27.6922
27.6922
27.6922
27.6922
27.6922
27.6922
27.6922
27.6922
27.6922
27.6922
27.6922
27.6922
27.6922
27.6922
27.6922
27.6922
27.6922
27.6922
27.6922
27.6922
27.6922
27.6922
27.6922
27.6922
27.6922
27.6922
27.6922
27.6922
27.6922
27.6922
27.6922
27.6922
27.6922
27.6922
27.6922
27.6922
27.6922
27.6922
27.6922
27.6922
27.6922
27.6922
27.6922
27.6922
27.6922
27.6922
27.6922
27.6922
27.6922
27.6922
27.6922
27.6922
27.6922
27.6922
27.6922
27.6922
27.6922
27.6922
27.6922
27.6922
27.6922
27.6922
27.6922
27.6922
27.6922
27.6922
27.6922
27.6922
27.6922
27.6922
27.6922
27.6922
27.6922
27.6922
27.6922
27.6922
27.6922
27.6922
27.6922
27.6922
27.6922
27.6922
27.6922
27.6922
27.6922
27.6922
27.6922
27.6922
27.6922
27.6922
27.6922
27.6922
27.6922
27.6922
27.6922
27.6922
27.6922
27.6922
27.6922
27.6922
27.6922
27.6922
27.6922
27.6922
27.6922
27.6922
27.6922
27.6922
27.6922
27.6922
27.6922
27.6922
27.6922
27.6922
27.6922
27.6922
27.6922
27.6922
27.6922
27.6922
27.6922
27.6922
27.6922
27.6922
27.6922
27.6922
27.6922
27.6922
27.6922
27.6922
27.6922
27.6922
27.6922
27.6922
27.6922
27.6922
27.6922
27.6922
27.6922
27.6922
27.6922
27.6922
27.6922
27.6922
27.6922
27.6922
27.6922
27.6922
27.6922
27.6922
27.6922
27.6922
27.6922
27.6922
27.6922
27.6922
27.6922
27.6922
27.6922
27.6922
27.6922
27.6922
27.6922
27.6922
27.6922
27.6922
27.6922
27.6922
27.6922
27.6922
27.6922
27.6922
27.6922
27.6922
27.6922
27.6922
27.6922
27.6922
27.6922
27.6922
27.6922
27.6922
27.6922
27.6922
27.6922
27.6922
27.6922
27.6922
27.6922
27.6922
27.6922
27.6922
27.6922
27.6922
27.6922
27.6922
27.6922
27.6922
27.6922
27.6922
27.6922
27.6922
27.6922
27.6922
27.6922
27.6922
27.6922
27.6922
27.6922
27.6922
27.6922
27.6922
27.6922
27.6922
27.6922
27.6922
27.6922
27.6922
27.6922
27.6922
27.6922
27.6922
27.6922
27.6922
27.6922
27.6922
27.6922
27.6922
27.6922
27.6922
27.6922
27.6922
27.6922
27.6922
27.6922
27.6922
27.6922
27.6922
27.6922
27.6922
27.6922
27.6922
27.6922
27.6922
27.6922
27.6922
27.6922
27.6922
27.6922
27.6922
27.6922
27.6922
27.6922
27.6922
27.6922
27.6922
27.6922
27.6922
27.6922
27.6922
27.6922
27.6922
27.6922
27.6922
27.6922
27.6922
27.6922
27.6922
27.6922
27.6922
27.6922
27.6922
27.6922
27.6922
27.6922
27.6922
27.6922
27.6922
27.6922
27.6922
27.6922
27.6922
27.6922
27.6922
27.6922
27.6922
27.6922
27.6922
27.6922
27.6922
27.6922
27.6922
27.6922
27.6922
27.6922
27.6922
27.6922
27.6922
27.6922
27.6922
27.6922
27.6922
27.6922
27.6922
27.6922
27.6922
27.6922
27.6922
27.6922
27.6922
27.6922
27.6922
27.6922
27.6922
27.6922
27.6922
27.6922
27.6922
27.6922
27.6922
27.6922
27.6922
27.6922
27.6922
27.6922
27.6922
27.6922
27.6922
27.6922
27.6922
27.6922
27.6922
27.6922
27.6922
27.6922
27.6922
27.6922
27.6922
27.6922
27.6922
27.6922
27.6922
27.6922
27.6922
27.6922
27.6922
27.6922
27.6922
27.6922
27.6922
27.6922
27.6922
27.6922
27.6922
27.6922
27.6922
27.6922
27.6922
27.6922
27.6922
27.6922
27.6922
27.6922
27.6922
27.6922
27.6922
27.6922
27.6922
27.6922
27.6922
27.6922
27.6922
27.6922
27.6922
27.6922
27.6922
27.6922
27.6922
27.6922
27.6922
27.6922
27.6922
27.6922
27.6922
27.6922
27.6922
27.6922
27.6922
27.6922
27.6922
27.6922
27.6922
27.6922
27.6922
27.6922
27.6922
27.6922
27.6922
27.6922
27.6922
27.6922
27.6922
27.6922
27.6922
27.6922
27.6922
27.6922
27.6922
27.6922
27.6922
27.6922
27.6922
27.6922
27.6922
27.6922
27.6922
27.6922
27.6922
27.6922
27.6922
27.6922
27.6922


-0.315478
-0.315478
-0.315478
2.02803
2.02803
0.522672
0.522672
0.522672
-2.21679
-0.553611
-0.553611
-0.553611
-0.553611
3.06962
0.119535
0.119535
0.119535
0.119535
0.119535
0.119535
-0.336104
-0.336104
-1.44395
-0.181724
-0.181724
-0.181724
-0.181724
0.280477
0.280477
-0.315478

0.02

