-0.0405805
-0.0405805
-0.0502903
-0.0502903
-0.0502903
-0.0502903
-0.0502903
-0.0502903
-0.0502903
-0.0502903
-0.0502903
-0.0468569
-0.0468569
-0.0468569
-0.0468569
-0.0812678
-0.0812678
-0.0812678
-0.0812678
-0.0812678
-0.0812678
-0.0812678
-0.0812678
-0.0812678
-0.0812678
-0.0812678
-0.0812678
-0.0812678
-0.0812678
-0.0863976
-0.0863976
-0.0418393
-0.0418393
-0.0418393
-0.0418393
-0.0418393
-0.0365553
-0.0365553
-0.0365553
-0.0365553
-0.0365553
-0.0338859
-0.0338859
-0.0338859
-0.0338859
-0.0367921
-0.0367921
-0.0367921
-0.0862735
-0.0862735
-0.0624544
-0.0624544
-0.0624544
-0.0624544
-0.0624544
-0.0624544
-0.0624544
-0.0624544
-0.0624544
-0.0624544
-0.0555752
-0.0555752
-0.0555752
-0.0555752
-0.0487474
-0.0487474
-0.0511199
-0.0511199
-0.0511199
-0.0511199
-0.0511199
-0.0511199
-0.0734001
-0.0734001
-0.0734001
-0.0734001
-0.0734001
-0.0734001
-0.0734001
-0.0734001
-0.0734001
-0.0734001
-0.0734001
-0.0734001
-0.0489138
-0.0489138
-0.0489138
-0.0604479
-0.0377789
-0.0377789
-0.0377789
-0.0377789
-0.0504192
-0.0483804
-0.0377789
-0.0377789
-0.0421434
-0.0421434
-0.0563037
-0.0563037
-0.0563037
-0.0563037
-0.0379113
-0.0379113
-0.0379113
-0.0379113
-0.0379113
-0.0379113
-0.0379113
-0.0379113
-0.0379113
-0.0379113
-0.0379113
-0.0394361
-0.0624893
-0.0624893
-0.0590055
-0.0590055
-0.0590055
-0.0519397
-0.0519397
-0.0519397
-0.0519397
-0.0519397
-0.0519397
-0.0519397
-0.0519397
-0.0410814
-0.0401497
-0.0401497
-0.0401497
-0.0401497
-0.0401497
-0.0401497
-0.0401497
-0.0415375
-0.0420769
-0.061627
-0.061627
-0.061627
-0.061627
-0.061627
-0.061627
-0.061627
-0.061627
-0.061627
-0.061627
-0.061627
-0.061627
-0.061627
-0.061627
-0.0797077
-0.0797077
-0.0797077
-0.0797077
-0.061627
-0.061627
-0.061627
-0.061627
-0.061627
-0.061627
-0.061627
-0.0927621
-0.0927621
-0.0927621
-0.0927621
-0.0927621
-0.0585309
-0.0585309
-0.0585309
-0.0585309
-0.0599169
-0.0599169
-0.0599169
-0.0763613
-0.0763613
-0.0763613
-0.054036
-0.054036
-0.054036
-0.054036
-0.054036
-0.054036
-0.054036
-0.054036
-0.054036
-0.0589972
-0.0589972
-0.0589972
-0.054036
-0.054036
-0.054036
-0.054036
-0.054036
-0.054036
-0.054036
-0.054036
-0.054036
-0.0764906
-0.0764906
-0.0764906
-0.0764906
-0.0497155
-0.0497155
-0.0497155
-0.0469502
-0.0469502
-0.0469502
-0.0856918
-0.0650605
-0.0650605
-0.0650605
-0.0650605
-0.0650605
-0.0880573
-0.0880573
-0.0880573
-0.0532278
-0.0532278
-0.0532278
-0.0532278
-0.0532278
-0.0532278
-0.0538812
-0.0538812
-0.0538812
-0.073445
-0.073445
-0.073445
-0.073445
-0.073445
-0.073445
-0.073445
-0.073445
-0.073445
-0.073445
-0.073445
-0.0417478
-0.0417478
-0.0417478
-0.0500316
-0.0500316
-0.0500316
-0.0500316
-0.0500316
-0.0500316
-0.0500316
-0.0580189
-0.0580189
-0.0580189
-0.0580189
-0.0580189
-0.0580189
-0.0500316
-0.0500316
-0.0500316
-0.0482298
-0.0482298
-0.0482298
-0.0479431
-0.0479431
-0.0479431
-0.0479431
-0.0479431
-0.0479431
-0.0479431
-0.0479431
-0.0479431
-0.0491832
-0.0489738
-0.0489738
-0.0489738
-0.0612057
-0.0612057
-0.0479431
-0.0479431
-0.0677385
-0.0677385
-0.0677385
-0.0677385
-0.0677385
-0.0677385
-0.0677385
-0.0677385
-0.0517679
-0.0517679
-0.0517679
-0.0517679
-0.0517679
-0.0517679
-0.0517679
-0.0517679
-0.0517679
-0.0517679
-0.0517679
-0.0517679
-0.0517679
-0.0517679
-0.0517679
-0.0517679
-0.0517679
-0.0517679
-0.0517679
-0.0517679
-0.0517679
-0.0517679
-0.0517679
-0.0517679
-0.0517679
-0.0517679
-0.0517679
-0.0517679
-0.0470209
-0.0521236
-0.0521236
-0.0521236
-0.0521236
-0.0521236
-0.0521236
-0.0521236
-0.0526857
-0.0526857
-0.0526857
-0.0521236
-0.0521236
-0.0521236
-0.0521236
-0.0521236
-0.0521236
-0.0521236
-0.0521236
-0.0521236
-0.0575012
-0.0575012
-0.0592425
-0.0575012
-0.0463574
-0.0522066
-0.0583362
-0.0861525
-0.0861525
-0.0861525
-0.0411739
-0.0411739
-0.0493418
-0.0543685
-0.0543685
-0.0543685
-0.0446392
-0.0446392
-0.0446392
-0.0449599
-0.0483003
-0.0483003
-0.0483003
-0.0483003
-0.0483003
-0.0483003
-0.0483003
-0.0483003
-0.0483003
-0.0534972
-0.0534972
-0.0534972
-0.0534972
-0.0534972
-0.0534972
-0.0534972
-0.0511054
-0.0511054
-0.0511054
-0.0511054
-0.0694541
-0.0694541
-0.0659501
-0.0659501
-0.0659501
-0.0659501
-0.0659501
-0.0659501
-0.0659501
-0.0659501
-0.0659501
-0.0659501
-0.0659501
-0.0659501
-0.0659501
-0.0512472
-0.0460088
-0.0460088
-0.0460088
-0.0768945
-0.0768945
-0.0768945
-0.0768945
-0.0485506
-0.0485506
-0.0485506
-0.0485506
-0.0460088
-0.0460088
-0.0800946
-0.0800946
-0.0800946
-0.0800946
-0.0800946
-0.0800946
-0.0800946
-0.0800946
-0.0800946
-0.0800946
-0.0800946
-0.0800946
-0.0800946
-0.0800946
-0.0800946
-0.0800946
-0.0800946
-0.0800946
-0.0800946
-0.0800946
-0.0800946
-0.0800946
-0.0800946
-0.0800946
-0.0800946
-0.0800946
-0.0800946
-0.0800946
-0.0800946
-0.0800946
-0.0800946
-0.0800946
-0.0800946
-0.0800946
-0.0800946
-0.0800946
-0.0789308
-0.0789308
-0.15056
-0.15056
-0.15056
-0.15056
-0.0789308
-0.0789308
-0.0789308
-0.073424
-0.073424
-0.073424
-0.073424
-0.073424
-0.0592897
-0.0592897
-0.0592897
-0.0592897
-0.0592897
-0.0592897
-0.0678439
-0.0678439
-0.0678439
-0.0678439
-0.0678439
-0.0678439
-0.0678439
-0.0678439
-0.0465052
-0.0465052
-0.0465052
-0.0648623
-0.0648623
-0.0435329
-0.0435329
-0.0520558
-0.0562816
-0.0562816
-0.0562816
-0.0520558
-0.0520558
-0.0520558
-0.0531097
-0.0531097
-0.0531097
-0.0531097
-0.0531097
-0.0531097
-0.0531097
-0.0531097
-0.0531097
-0.0565092
-0.0565092
-0.0565092
-0.0565092
-0.0565092
-0.0565092
-0.0565092
-0.0565092
-0.0565092
-0.0565092
-0.0565092
-0.108545
-0.108545
-0.108545
-0.108545
-0.108545
-0.108545
-0.108545
-0.108545
-0.108545
-0.108545
-0.108545
-0.108545
-0.108545
-0.108545
-0.108545
-0.0778503
-0.0778503
-0.0778503
-0.0778503
-0.0778503
-0.0778503
-0.0778503
-0.0779391
-0.124057
-0.124057
-0.0746601
-0.0746601
-0.119205
-0.119205
-0.119205
-0.119205
-0.119205
-0.119205
-0.119205
-0.122212
-0.122212
-0.122212
-0.122212
-0.122212
-0.10288
-0.10288
-0.10288
-0.0507805
-0.0592441
-0.0592441
-0.0592441
-0.0592441
-0.0592441
-0.0592441
-0.0592441
-0.0592441
-0.0592441
-0.0592441
-0.0592441
-0.0592441
-0.0592441
-0.0592441
-0.0592441
-0.0520958
-0.0520958
-0.0520958
-0.0520958
-0.0505307
-0.0505307
-0.0505307
-0.0505307
-0.0505307
-0.0505307
-0.0505307
-0.0505307
-0.0589414
-0.0589414
-0.0589414
-0.0589414
-0.0589414
-0.0568187
-0.0687113
-0.0687113
-0.0687113
-0.0687113
-0.0687113
-0.0687113
-0.0687113
-0.0687113
-0.0687113
-0.0687113
-0.0527567
-0.0587296
-0.0587296
-0.0587296
-0.0587296
-0.0587296
-0.0587296
-0.0587296
-0.0587296
-0.0587296
-0.0587296
-0.0587296
-0.0587296
-0.0587296
-0.0587296
-0.0587296
-0.0587296
-0.0587296
-0.0587296
-0.0587296
-0.0527567
-0.0527567
-0.0527567
-0.0527567
-0.0527567
-0.0453812
-0.0802158
-0.0802158
-0.0802158
-0.0802158
-0.0802158
-0.0802158
-0.0802158
-0.0802158
-0.0802158
-0.0802158
-0.0802158
-0.0802158
-0.0802158
-0.0802158
-0.0802158
-0.0802158
-0.0802158
-0.0802158
-0.0802158
-0.0802158
-0.0802158
-0.0802158
-0.0802158
-0.0802158
-0.0802158
-0.0802158
-0.0802158
-0.0802158
-0.0802158
-0.0802158
-0.0802158
-0.0802158
-0.0802158
-0.0802158
-0.0802158
-0.0802158
-0.0802158
-0.0802158
-0.0802158
-0.0802158
-0.0653952
-0.0653952
-0.0653952
-0.0653952
-0.0653952
-0.0653952
-0.0653952
-0.0653952
-0.0653952
-0.0653952
-0.0653952
-0.0653952
-0.0653952
-0.07055
-0.07055
-0.07055
-0.07055
-0.0653952
-0.0653952
-0.0653952
-0.0653952
-0.0653952
-0.0653952
-0.0653952
-0.0653952
-0.130414
-0.130414
-0.130414
-0.0677818
-0.0677818
-0.0677818
-0.0677818
-0.0677818
-0.0651004
-0.0711327
-0.0711327
-0.0711327
-0.0711327
-0.0711327
-0.0711327
-0.0646666
-0.0646666
-0.0552241
-0.0785943
-0.0785943
-0.0785943
-0.0564376
-0.0564376
-0.0564376
-0.0564376
-0.0564376
-0.0564376
-0.0564376
-0.0564376
-0.0564376
-0.0552241
-0.0528501
-0.0454592
-0.0454592
-0.0454592
-0.0454592
-0.0454592
-0.0454592
-0.0454592
-0.0494637
-0.0494637
-0.0689085
-0.0689085
-0.0689085
-0.0689085
-0.0868783
-0.0868783
-0.0868783
-0.0868783
-0.0868783
-0.0868783
-0.0868783
-0.0868783
-0.0868783
-0.0868783
-0.0868783
-0.0868783
-0.0573859
-0.0573859
-0.0573859
-0.0573859
-0.0573859
-0.0573859
-0.0573859
-0.0714178
-0.0714178
-0.0714178
-0.0714178
-0.0646524
-0.0646524
-0.0566496
-0.0571575
-0.0571575
-0.0571575
-0.0571575
-0.0571575
-0.0571575
-0.0571575
-0.0571575
-0.0581258
-0.0923093
-0.0923093
-0.0923093
-0.0794823
-0.0794823
-0.0794823
-0.0794823
-0.0794823
-0.0794823
-0.0794823
-0.0794823
-0.0794823
-0.0794823
-0.0794823
-0.0794823
-0.0769107
-0.0769107
-0.0769107
-0.0769107
-0.0769107
-0.0769107
-0.0769107
-0.0769107
-0.0769107
-0.0769107
-0.0884096
-0.0884096
-0.0884096
-0.0884096
-0.0884096
-0.0884096
-0.0884096
-0.0884096
-0.0940896
-0.0940896
-0.0940896
-0.0940896
-0.0940896
-0.0940896
-0.0940896
-0.0940896
-0.0940896
-0.0940896
-0.0940896
-0.0940896
-0.0940896
-0.0940896
-0.0940896
-0.0940896
-0.0940896
-0.0940896
-0.0940896
-0.0940896
-0.0940896
-0.0940896
-0.0940896
-0.0940896
-0.0940896
-0.0940896
-0.0940896
-0.0940896
-0.0834293
-0.0834293
-0.091629
-0.091629
-0.091629
-0.091629
-0.0973482
-0.0973482
-0.0973482
-0.0973482
-0.064752
-0.064752
-0.064752
-0.064752
-0.064752
-0.064752
-0.064752
-0.064752
-0.064752
-0.038308
-0.038308
-0.0559698
-0.0559698
-0.0559698
-0.0559698
-0.0559698
-0.0559698
-0.0559698
-0.0559698
-0.0559698
-0.0633523
-0.0633523
-0.0633523
-0.0633523
-0.0633523
-0.0633523
-0.065846
-0.0687949
-0.0763394
-0.0763394
-0.0763394
-0.103949
-0.0597672
-0.0597672
-0.0694286
-0.0694286
-0.0694286
-0.0694286
-0.0671865
-0.0671865
-0.0671865
-0.0873147
-0.0525732
-0.0525732
-0.0525732
-0.0525732
-0.0525732
-0.0525732
-0.0580201
-0.0580201
-0.0580201
-0.0580201
-0.0599321
-0.0599321
-0.0599321
-0.0599321
-0.0599321
-0.0599321
-0.0599321
-0.0599321
-0.0599321
-0.0628539
-0.0439503
-0.0439503
-0.0439503
-0.0596894
-0.0596894
-0.0596894
-0.0923959
-0.0923959
-0.0923959
-0.0756271
-0.0756271
-0.0756271
-0.0756271
-0.0756271
-0.0756271
-0.0756271
-0.0756271
-0.0756271
-0.0756271
-0.0756271
-0.0756271
-0.100642
-0.100642
-0.100642
-0.100642
-0.100642
-0.100642
-0.100642
-0.100642
-0.0563027
-0.0563027
-0.0549632
-0.0653371
-0.0653371
-0.0653371
-0.0653371
-0.0653371
-0.0653371
-0.0653371
-0.0908415
-0.0908415
-0.0908415
-0.0908415
-0.0908415
-0.0908415
-0.0908415
-0.0443495
-0.0443495
-0.0523448
-0.0523448
-0.0523448
-0.190278
-0.190278
-0.190278
-0.190278
-0.190278
-0.150359
-0.150359
-0.150359
-0.114762
-0.114762
-0.114762
-0.114762
-0.114762
-0.114762
-0.0912428
-0.0912428
-0.0912428
-0.0912428
-0.0912428
-0.0912428
-0.0912428
-0.0912428
-0.0912428
-0.0912428
-0.0912428
-0.0912428
-0.0912428
-0.0912428
-0.180632
-0.180632
-0.180632
-0.180632
-0.180632
-0.180632
-0.180632
-0.180632
-0.180632
-0.180632
-0.0863363
-0.0863363
-0.0863363
-0.0863363
-0.0863363
-0.0863363
-0.0863363
-0.0863363
-0.0863363
-0.0863363
-0.0863363
-0.0863363
-0.106565
-0.106565
-0.106565
-0.106565
-0.106565
-0.117758
-0.0507783
-0.0507783
-0.0507783
-0.0507783
-0.0507783
-0.0507783
-0.0507783
-0.0988758
-0.0988758
-0.0988758
-0.0988758
-0.0988758
-0.0988758
-0.038327
-0.038327
-0.038327
-0.053173
-0.053173
-0.053173
-0.053173
-0.0519751
-0.0399517
-0.0399517
-0.0399517
-0.0399517
-0.0399517
-0.0399517
-0.0399517
-0.0592243
-0.0421891
-0.0421891
-0.0421891
-0.0421891
-0.0421891
-0.0421891
-0.0421891
-0.0421891
-0.0421891
-0.0456813
-0.0456813
-0.0456813
-0.0490402
-0.0490402
-0.0475921
-0.0475921
-0.0475921
-0.0475921
-0.0475921
-0.0475921
-0.0475921
-0.0771576
-0.0771576
-0.0771576
-0.0771576
-0.0771576
-0.0771576
-0.0771576
-0.0475921
-0.0475921
-0.0475921
-0.0475921
-0.0492324
-0.0492324
-0.0475921
-0.054904
-0.0475921
-0.0445153
-0.0445153
-0.0445153
-0.0726623
-0.0482878
-0.0482878
-0.0620794
-0.0620794
-0.0620794
-0.0620794
-0.0620794
-0.0692131
-0.0692131
-0.0692131
-0.0620794
-0.0620794
-0.0620794
-0.0909886
-0.0718832
-0.0718832
-0.0718832
-0.0718832
-0.0718832
-0.0718832
-0.0662856
-0.0662856
-0.0662856
-0.0585091
-0.0585091
-0.0573166
-0.055943
-0.055943
-0.055943
-0.055943
-0.055943
-0.0457441
-0.0457441
-0.0457441
-0.0457441
-0.0457441
-0.0457441
-0.0457441
-0.04118
-0.04118
-0.04118
-0.04118
-0.0455983
-0.0455983
-0.0455983
-0.0500199
-0.0772036
-0.0772036
-0.0772036
-0.0725163
-0.0725163
-0.0632628
-0.0632628
-0.0632628
-0.0632628
-0.0684802
-0.0773197
-0.0773197
-0.0773197
-0.0773197
-0.0773197
-0.0773197
-0.0773197
-0.0773197
-0.0721112
-0.0721112
-0.0721112
-0.0684964
-0.0684964
-0.0684964
-0.0684964
-0.0684964
-0.0684964
-0.0684964
-0.0551081
-0.0551081
-0.0551081
-0.0944847
-0.0944847
-0.0944847
-0.0944847
-0.0944847
-0.0944847
-0.0578536
-0.0578536
-0.0462986
-0.0462986
-0.0639973
-0.0662751
-0.0447073
-0.0447073
-0.0447073
-0.0447073
-0.0447073
-0.0447073
-0.0447073
-0.0501845
-0.0501845
-0.0501845
-0.0501845
-0.0501845
-0.0372209
-0.0421093
-0.0421093
-0.0431446
-0.0431446
-0.0431446
-0.0475112
-0.0475112
-0.0475112
-0.0475962
-0.0506968
-0.0552973
-0.082461
-0.082461
-0.082461
-0.082461
-0.082461
-0.082461
-0.0630097
-0.0630097
-0.0630097
-0.0630097
-0.140023
-0.140023
-0.140023
-0.0630097
-0.0630097
-0.0630097
-0.0630097
-0.0630097
-0.0630097
-0.0618997
-0.0618997
-0.0618997
-0.0618997
-0.0567203
-0.0566246
-0.0566246
-0.0566246
-0.0566246
-0.0607852
-0.0607852
-0.0566246
-0.0566246
-0.0566246
-0.0566246
-0.0566246
-0.0566246
-0.0566246
-0.0566246
-0.0566246
-0.0566246
-0.0566246
-0.0566246
-0.0566246
-0.0623024
-0.0623024
-0.0584432
-0.0584432
-0.0995741
-0.0995741
-0.0995741
-0.0995741
-0.0995741
-0.0995741
-0.0995741
-0.0995741
-0.0995741
-0.0995741
-0.0995741
-0.0995741
-0.0995741
-0.0995741
-0.0995741
-0.0995741
-0.0410351
-0.0410351
-0.0410351
-0.0410351
-0.0410351
-0.0410351
-0.0410351
-0.0410351
-0.0505369
-0.0505369
-0.0505369
-0.0505369
-0.0505369
-0.0505369
-0.0505369
-0.0477918
-0.0477918
-0.0477918
-0.0477918
-0.0477918
-0.0477918
-0.0477918
-0.0445488
-0.0445488
-0.0389281
-0.0389281
-0.0389281
-0.0389281
-0.0389281
-0.0389281
-0.0389281
-0.0462912
-0.0462912
-0.0462912
-0.0462912
-0.0462912
-0.0462912
-0.0462912
-0.0376166
-0.0376166
-0.0376166
-0.0376166
-0.0376166
-0.0443521
-0.0443521
-0.0443521
-0.0443521
-0.0443521
-0.0443521
-0.0443521
-0.0463929
-0.0463929
-0.0463929
-0.0870308
-0.0870308
-0.0870308
-0.0870308
-0.0870308
-0.0870308
-0.0870308
-0.0721892
-0.0721892
-0.0721892
-0.0873163
-0.0499078
-0.0499078
-0.0499078
-0.0499078
-0.0499078
-0.0499078
-0.0367853
-0.0367853
-0.047149
-0.047149
-0.047149
-0.047149
-0.047149
-0.047149
-0.047149
-0.113667
-0.113667
-0.113667
-0.113667
-0.113667
-0.113667
-0.113667
-0.113667
-0.113667
-0.113667
-0.113667
-0.113667
-0.113667
-0.113667
-0.113667
-0.113667
-0.113667
-0.113667
-0.113667
-0.135574
-0.135574
-0.135574
-0.135574
-0.114458
-0.114458
-0.114458
-0.114458
-0.114458
-0.114458
-0.114458
-0.114458
-0.114458
-0.114458
-0.120071
-0.120071
-0.120071
-0.120071
-0.120071
-0.120071
-0.120071
-0.120071
-0.0689052
-0.0689052
-0.0689052
-0.0689052
-0.0689052
-0.0689052
-0.0689052
-0.0689052
-0.0689052
-0.0689052
-0.0689052
-0.0689052
-0.0689052
-0.0689052
-0.0689052
-0.0992583
-0.0992583
-0.0992583
-0.0992583
-0.100734
-0.0789734
-0.0789734
-0.0789734
-0.0689052
-0.0689052
-0.0569602
-0.0569602
-0.0569602
-0.0549639
-0.0549639
-0.0549639
-0.0549639
-0.0549639
-0.0549639
-0.0549639
-0.0549639
-0.0549639
-0.0732353
-0.0732353
-0.0732353
-0.0732353
-0.0732353
-0.0732353
-0.111294
-0.111294
-0.111294
-0.111294
-0.111294
-0.111294
-0.111294
-0.111294
-0.111294
-0.122929
-0.122929
-0.122929
-0.122929
-0.122929
-0.122929
-0.122929
-0.122929
-0.122929
-0.122929
-0.0638025
-0.0465398
-0.0465398
-0.0465398
-0.0465398
-0.0465398
-0.0465398
-0.0465398
-0.0465398
-0.0457006
-0.0414361
-0.0609433
-0.0609433
-0.0609433
-0.0609433
-0.0609433
-0.0609433
-0.0609433
-0.0609433
-0.0609433
-0.0609433
-0.0609433
-0.0609433
-0.0609433
-0.0609433
-0.0609433
-0.0609433
-0.0609433
-0.0609433
-0.0609433
-0.0609433
-0.068415
-0.0892999
-0.0892999
-0.0892999
-0.0892999
-0.0522442
-0.0522442
-0.0522442
-0.0522442
-0.0522442
-0.0522442
-0.0534582
-0.0534582
-0.0522442
-0.0466903
-0.0466903
-0.0603134
-0.0603134
-0.0603134
-0.0603134
-0.0693142
-0.0693142
-0.0693142
-0.0971423
-0.0971423
-0.0886753
-0.0886753
-0.0886753
-0.0886753
-0.0886753
-0.0886753
-0.0445138
-0.0445138
-0.0445138
-0.0791643
-0.0791643
-0.0791643
-0.0791643
-0.0791643
-0.074531
-0.0571246
-0.0571246
-0.0571246
-0.0571246
-0.0571246
-0.0571246
-0.0403041
-0.0403041
-0.0403041
-0.0403041
-0.0403041
-0.0403041
-0.0553399
-0.0617177
-0.0617177
-0.0632923
-0.0618384
-0.0618384
-0.0684682
-0.0618384
-0.0618384
-0.0618384
-0.0618384
-0.0618384
-0.0618384
-0.0618384
-0.0618384
-0.0634705
-0.0634705
-0.0634705
-0.0634705
-0.0634705
-0.0634705
-0.0823724
-0.0823724
-0.0823724
-0.0823724
-0.0823724
-0.0823724
-0.0823724
-0.0823724
-0.0823724
-0.0823724
-0.0823724
-0.0823724
-0.0823724
-0.0823724
-0.0958045
-0.0661196
-0.0661196
-0.0661196
-0.0661196
-0.0661196
-0.0661196
-0.0661196
-0.0626546
-0.0626546
-0.0626546
-0.0626546
-0.0626546
-0.0626546
-0.0902688
-0.0902688
-0.0902688
-0.0960428
-0.0960428
-0.0626546
-0.0626546
-0.0626546
-0.0626546
-0.0683051
-0.0683051
-0.0683051
-0.0626546
-0.0626546
-0.0547663
-0.0547663
-0.0547663
-0.0547663
-0.0547663
-0.0547663
-0.0547663
-0.0547663
-0.0547663
-0.0408837
-0.0547368
-0.0547368
-0.0547368
-0.0547368
-0.0608202
-0.0608202
-0.0547368
-0.0547368
-0.0547368
-0.0547368
-0.0547368
-0.038462
-0.038462
-0.038462
-0.0488406
-0.0488406
-0.0488406
-0.0488406
-0.0488406
-0.0488406
-0.0488406
-0.0488406
-0.0488406
-0.0488406
-0.0488406
-0.0488406
-0.0488406
-0.0488406
-0.0488406
-0.0488406
-0.0488406
-0.0488406
-0.0488406
-0.0488406
-0.0488406
-0.0488406
-0.0488406
-0.0488406
-0.0488406
-0.0488406
-0.0488406
-0.0719985
-0.0719985
-0.0719985
-0.0428726
-0.08032
-0.08032
-0.08032
-0.08032
-0.08032
-0.0561357
-0.0561357
-0.0561357
-0.0561357
-0.0561357
-0.0561357
-0.0561357
-0.0561357
-0.0561357
-0.0561357
-0.0561357
-0.0604198
-0.0561357
-0.0561357
-0.0561357
-0.0561357
-0.0561357
-0.0561357
-0.0561357
-0.0763596
-0.0763596
-0.0763596
-0.0763596
-0.0763596
-0.0763596
-0.0763596
-0.0489916
-0.0489916
-0.0602711
-0.100137
-0.100137
-0.100137
-0.100137
-0.0863094
-0.0863094
-0.0699274
-0.0699274
-0.0699274
-0.0699274
-0.0699274
-0.0699274
-0.142709
-0.142709
-0.142709
-0.142709
-0.142709
-0.142709
-0.142709
-0.0561897
-0.0561897
-0.0561897
-0.0447283
-0.0447283
-0.0447283
-0.0447283
-0.057532
-0.057532
-0.057532
-0.057532
-0.057532
-0.0503512
-0.0470682
-0.0470682
-0.0470682
-0.0470682
-0.0470682
-0.0470682
-0.0470682
-0.0470682
-0.120763
-0.120763
-0.120763
-0.120763
-0.120763
-0.120763
-0.1062
-0.1062
-0.1062
-0.1062
-0.1062
-0.1062
-0.1062
-0.1062
-0.1062
-0.1062
-0.1062
-0.1062
-0.0706814
-0.0706814
-0.0706814
-0.0706814
-0.0706814
-0.0706814
-0.0706814
-0.0706814
-0.0615243
-0.0615243
-0.0615243
-0.0615243
-0.0615243
-0.0534365
-0.0534365
-0.0534365
-0.054759
-0.054759
-0.052711
-0.052711
-0.052711
-0.052711
-0.052711
-0.052711
-0.057021
-0.052711
-0.052711
-0.052711
-0.052711
-0.052711
-0.0620455
-0.0620455
-0.0776536
-0.0776536
-0.0776536
-0.0776536
-0.0776536
-0.0776536
-0.052711
-0.052711
-0.052711
-0.052711
-0.052711
-0.0456817
-0.0456817
-0.0456817
-0.0456817
-0.0456817
-0.0456817
-0.0456817
-0.0456817
-0.0456817
-0.0456817
-0.0516501
-0.0516501
-0.0516501
-0.0516501
-0.0533946
-0.0533946
-0.0533946
-0.0533946
-0.0533946
-0.0533946
-0.0533946
-0.0533946
-0.0542361
-0.0542361
-0.0542361
-0.0533946
-0.0478741
-0.0809058
-0.0809058
-0.0809058
-0.0818581
-0.0818581
-0.0988142
-0.0988142
-0.0988142
-0.0988142
-0.0988142
-0.0988142
-0.0988142
-0.0988142
-0.0988142
-0.0988142
-0.0818581
-0.0818581
-0.082058
-0.082058
-0.082058
-0.082058
-0.107018
-0.082058
-0.082058
-0.082058
-0.0818581
-0.0818581
-0.0792266
-0.0792266
-0.14388
-0.14388
-0.14388
-0.124331
-0.124331
-0.124331
-0.124331
-0.124331
-0.124331
-0.124331
-0.124331
-0.124331
-0.124331
-0.124331
-0.124331
-0.124331
-0.124331
-0.124331
-0.124331
-0.124331
-0.124331
-0.124331
-0.124331
-0.124331
-0.124331
-0.124331
-0.124331
-0.124331
-0.124331
-0.124331
-0.124331
-0.124331
-0.124331
-0.124331
-0.124331
-0.124331
-0.124331
-0.124331
-0.124331
-0.124331
-0.124331
-0.124331
-0.124331
-0.124331
-0.124331
-0.124331
-0.124331
-0.124331
-0.0737635
-0.0737635
-0.102189
-0.102189
-0.102189
-0.102189
-0.08244
-0.08244
-0.08244
-0.08244
-0.08244
-0.0672644
-0.0672644
-0.0672644
-0.0672644
-0.0672644
-0.0672644
-0.0672644
-0.0672644
-0.0672644
-0.0672644
-0.0672644
-0.0672644
-0.0437586
-0.0437586
-0.0443813
-0.0573532
-0.0573532
-0.0910399
-0.0910399
-0.0910399
-0.0910399
-0.0708727
-0.0662439
-0.0753835
-0.0753835
-0.050926
-0.0565411
-0.0565411
-0.0565411
-0.0565411
-0.0565411
-0.0565411
-0.0565411
-0.0811456
-0.141801
-0.141801
-0.141801
-0.141801
-0.141801
-0.141801
-0.141801
-0.141801
-0.141801
-0.141801
-0.141801
-0.114455
-0.114455
-0.114455
-0.117773
-0.117773
-0.117773
-0.117773
-0.117773
-0.117773
-0.117773
-0.117773
-0.150237
-0.150237
-0.150237
-0.150237
-0.150237
-0.150237
-0.150237
-0.150237
-0.0649759
-0.0649759
-0.0649759
-0.0800524
-0.0800524
-0.0800524
-0.0826894
-0.0826894
-0.0800524
-0.0800524
-0.0800524
-0.0800524
-0.0800524
-0.0627213
-0.0495205
-0.0855534
-0.0855534
-0.0855534
-0.0855534
-0.0855534
-0.0855534
-0.0855534
-0.0855534
-0.0855534
-0.0855534
-0.0855534
-0.0855534
-0.0855534
-0.0753578
-0.0557462
-0.0601799
-0.0601799
-0.0601799
-0.0657459
-0.05134
-0.05134
-0.05134
-0.05134
-0.05134
-0.05134
-0.0715955
-0.0715955
-0.0715955
-0.0715955
-0.0715955
-0.0715955
-0.0715955
-0.0715955
-0.0923495
-0.0923495
-0.0923495
-0.0923495
-0.0923495
-0.0923495
-0.0923495
-0.0923495
-0.0732384
-0.0732384
-0.0732384
-0.0732384
-0.0732384


-0.236549
0.216651
-0.156896
0.138279
0.315714
-0.836482
-0.0488601
0.00589007
0.032197
0.127659
0.168737
-0.1807
0.172399
-0.233863
0.418806
0.0241401
-0.0250557
-0.471053
0.338725
-0.531175
-0.084872
0.32609
-0.199988
0.524277
-0.287759
-0.49205
-0.209021
-0.591418
0.18424
0.480758

0.023

