20.5542
20.5542
20.5542
20.5542
20.5542
20.5542
20.5542
20.5542
20.5542
20.5542
20.5542
20.5542
20.3958
20.3958
20.3958
20.3958
20.3958
20.3958
20.3011
20.3011
20.3011
20.3011
20.2784
20.2784
20.2784
20.149
20.149
20.149
20.149
20.149
20.149
20.149
20.149
20.149
20.149
20.149
20.149
20.149
20.149
20.149
20.149
20.149
20.149
20.0057
20.0057
20.0057
20.0057
20.0057
20.0057
20.0057
20.0057
20.0057
20.0057
20.0057
20.0057
20.0057
20.0057
19.9341
19.9075
19.9075
19.9075
19.9075
19.9075
19.9075
19.9075
19.9075
19.9075
19.9075
19.5642
19.5642
19.5642
19.5642
19.5642
19.5642
19.5642
19.5642
19.5642
19.5642
19.5642
19.5642
19.5642
19.5642
19.5642
19.5642
19.5642
19.5642
19.4956
19.4956
19.4956
19.4956
19.4956
19.4956
19.4956
19.4403
19.4403
19.4403
19.4403
19.4403
19.4403
19.2128
19.2128
19.2128
19.2128
19.2128
19.2128
19.2128
18.8651
18.7385
18.7385
18.7385
18.7385
18.7385
18.7385
18.7385
18.7385
18.7385
18.1171
18.1171
18.1171
18.1171
18.1171
18.1171
18.1171
18.1171
18.1171
18.1171
18.1171
18.1171
18.1171
18.1171
18.1171
18.1171
18.1171
18.1171
18.1171
18.1171
18.1171
18.1171
18.1171
18.1171
18.1171
18.1171
18.1171
18.1171
18.1171
18.1171
18.1171
18.1171
18.1171
18.1171
18.1171
17.5889
17.5889
17.5889
17.5889
17.5889
17.5889
17.5889
17.5416
17.5416
17.5416
17.5416
17.5416
17.5416
17.5416
17.0376
17.0376
17.0376
17.0376
17.0376
17.0363
17.0363
17.0363
17.0363
17.0363
17.0363
17.0363
17.0363
17.0363
17.0363
16.8407
16.8407
16.8407
16.8407
16.8407
16.8407
16.8407
16.4064
16.4064
16.4064
16.4064
16.4064
16.4064
16.4064
16.4064
16.4064
16.4064
16.4064
16.4064
16.4064
16.4064
16.4064
16.4064
16.4064
16.4064
16.4064
16.4064
16.3746
16.3746
16.3746
16.3746
16.3746
16.3746
16.3746
16.3746
16.3746
16.3746
16.3746
16.3746
16.3326
16.3326
16.3326
16.3326
16.3326
16.3326
16.3037
16.3037
16.3037
16.3037
16.3037
16.3037
16.3037
16.3037
16.3037
16.3037
16.3037
16.3037
15.9428
15.9428
15.9428
15.9428
15.9428
15.9428
15.9428
15.9428
15.9428
15.9428
15.9428
15.9428
15.9428
15.9428
15.7939
15.7939
15.7939
15.7939
15.7939
15.7939
15.7939
15.7939
15.7939
15.7939
15.7939
15.7939
15.7939
15.7939
15.531
15.531
15.531
15.531
15.531
15.531
15.531
15.531
15.531
15.531
15.531
15.531
15.531
15.531
15.531
15.531
15.531
15.531
15.531
15.531
15.531
15.531
15.531
15.531
15.531
15.531
15.531
15.531
15.531
15.531
15.531
15.531
15.3996
15.3996
15.3996
15.3996
15.3996
15.3996
15.3996
15.3996
15.3996
15.3977
15.3977
15.3977
15.3977
15.3977
15.3977
15.3977
15.3977
15.3977
15.3977
15.1543
15.1543
15.1543
15.1543
15.1543
15.1543
15.1543
15.1543
15.1543
15.1543
15.1543
15.1543
15.1543
15.1543
15.1543
15.1543
15.1543
15.1543
15.1543
15.1543
15.1543
15.1543
15.1543
15.1543
15.0238
15.0238
15.0238
15.0238
15.0238
15.0238
15.0238
15.0238
15.0238
15.0238
15.0238
15.0238
15.0238
15.0238
15.0238
15.0238
15.0238
15.0238
15.0238
15.0238
15.0238
15.0238
15.0238
15.0238
15.0238
15.0238
15.0238
15.0238
14.9363
14.9363
14.9363
14.9363
14.9363
14.9363
14.9363
14.9363
14.9363
14.9363
14.9363
14.9363
14.9363
14.9363
14.7352
14.7352
14.7352
14.7352
14.7352
14.7352
14.7352
14.7352
14.7352
14.7352
14.7352
14.7352
14.7352
14.7352
14.7352
14.7352
14.7352
14.7352
14.7352
14.7352
14.7352
14.7352
14.7352
14.7352
14.7352
14.7352
14.7352
14.7352
14.7352
14.7174
14.7174
14.7174
14.7174
14.7174
14.7174
14.7174
14.7174
14.7174
14.7174
14.5505
14.5505
14.5505
14.5505
14.5505
14.5505
14.5505
14.5505
14.5505
14.5505
14.5505
14.5505
14.5505
14.5505
14.5505
14.5505
14.5505
14.5505
14.5505
14.5505
14.5505
14.5505
14.5505
14.5505
14.5505
14.5505
14.5505
14.5505
14.5505
14.5505
14.5322
14.5322
14.5322
14.5322
14.5322
14.4794
14.4794
14.4794
14.4794
14.4794
14.4794
14.4794
14.4794
14.4794
14.4201
14.4201
14.4201
14.4201
14.4201
14.4201
14.4201
14.4201
14.4201
13.5774
13.5774
13.5774
13.5774
13.5774
13.5774
13.5774
13.5774
13.5774
13.5774
13.5774
13.5774
13.5774
13.5774
13.5774
13.5774
13.5774
13.5774
13.5774
13.5774
13.5774
13.5774
13.5774
13.5774
13.5774
13.5774
13.5774
13.5774
13.5774
13.5774
13.5774
13.5774
13.5774
13.5594
13.5594
13.5594
13.5594
13.5594
13.5594
13.5594
13.5594
13.5594
13.5594
13.5594
13.5594
13.5594
13.5594
13.5594
13.5594
13.5594
13.5594
13.5594
13.5594
13.5594
13.5594
13.5594
13.5594
13.5594
13.5594
13.5594
13.5594
13.5594
13.5594
13.5594
13.5594
13.5594
13.5594
13.5594
13.5594
13.5594
13.5594
13.5594
13.5594
13.5594
13.5594
13.5594
13.5594
13.5594
13.5594
13.5594
13.5594
13.5594
13.5594
13.5594
13.5594
13.5594
13.1458
13.1458
13.1458
13.1458
13.1458
13.1458
13.1458
13.1458
13.1458
13.1458
13.1458
13.1458
13.1458
13.1458
13.1458
13.1458
13.1458
13.1458
13.1458
13.1458
13.1458
13.1458
13.1458
13.1458
13.1458
13.1458
13.1458
13.1458
13.1458
13.1458
13.1458
13.1458
13.1458
13.1458
13.1458
13.1458
13.1254
13.1254
13.1254
13.1254
13.1254
13.1254
13.1254
13.1254
13.1254
13.1254
13.1254
13.1254
13.1254
13.1254
13.0975
13.0975
13.0975
12.9127
12.9127
12.8775
12.8775
12.8775
12.8775
12.8775
12.8775
12.8775
12.8775
12.8775
12.8775
12.8775
12.8775
12.8775
12.8775
12.8775
12.8775
12.8775
12.8775
12.8775
12.8775
12.8775
12.8775
12.8775
12.8775
12.8775
12.7488
12.7488
12.7488
12.7488
12.7488
12.7488
12.7488
12.7488
12.7488
12.7488
12.7488
12.7488
12.2736
12.2736
12.2736
12.2736
12.2736
12.2736
12.2507
12.2507
12.2507
12.2507
12.2507
12.2507
12.2507
12.2507
12.2507
12.2507
12.2507
12.2507
12.2507
12.2507
12.2507
12.2507
12.2507
12.2507
12.2507
12.2507
12.2069
12.2069
12.2069
12.2069
12.2069
12.2069
12.2069
12.2069
12.2069
12.2069
12.2069
12.2069
12.2069
12.2069
12.2069
12.2069
12.2069
12.2069
12.2069
12.2069
12.2069
12.2069
12.2069
12.2069
12.2069
12.2069
12.2069
12.2069
12.2069
12.2069
12.2069
12.2069
12.2069
12.1979
11.9943
11.9943
11.9943
11.9943
11.9943
11.9943
11.9943
10.9078
10.9078
10.9078
10.9078
10.9078
10.9078
10.9078
10.9078
10.9078
10.9078
10.9078
10.9078
10.9078
10.9078
10.9078
10.9078
10.9078
10.9078
10.9078
10.9078
10.9078
10.9078
10.9078
10.9078
10.9078
10.9078
10.9078
10.9078
10.9078
10.9078
10.9078
10.9078
10.9078
10.9078
10.9078
10.9078
10.9078
10.9078
10.9078
10.9078
10.9078
10.9078
10.9078
10.9078
10.9078
10.9078
10.9078
10.9078
10.9078
10.9078
10.9078
10.9078
10.9078
10.9078
10.9078
10.9078
10.9078
10.8415
10.683
10.683
10.5148
10.5148
10.5148
10.5148
10.5148
10.5148
10.5148
10.4665
10.4665
10.4665
10.4665
10.4665
10.4665
10.4665
10.4665
10.4665
10.4665
10.4665
10.4665
10.4646
10.4646
10.4646
10.4646
10.4646
10.4646
10.4646
10.4646
10.4646
10.4646
10.4646
10.4049
10.4049
10.4049
10.4049
10.4049
10.4049
10.4049
10.4049
10.4049
10.4049
10.4049
10.4049
10.4049
10.4049
10.4049
10.4049
10.4049
10.4049
10.4049
10.4049
10.4049
10.4049
10.4049
10.4049
10.4049
10.4049
10.4049
10.4049
10.4049
10.4049
10.4049
10.4049
10.4049
10.4049
10.4049
10.4049
10.4049
10.4049
10.4049
10.4049
10.4049
10.4049
10.4049
10.4049
10.4049
10.4049
10.4049
10.4049
10.4049
10.4049
10.4049
9.89273
9.89273
9.89273
9.89273
9.89273
9.89273
9.89273
9.89273
9.89273
9.89273
9.89273
9.89273
9.89273
9.89273
9.89273
9.89273
9.89273
9.89273
9.89273
9.89273
9.89273
9.89273
9.89273
9.89273
9.8406
9.8406
9.8406
9.8406
9.8406
9.8406
9.8406
9.77609
9.77609
9.77609
9.77609
9.56295
9.56295
9.56295
9.56295
9.56295
9.56295
9.56295
9.51175
9.51175
9.51175
9.51175
9.51175
9.51175
9.51175
9.51175
9.51175
9.51175
9.51175
9.51175
9.51175
9.51175
9.51175
9.51175
9.51175
9.51175
9.51175
9.51175
9.51175
9.51175
9.51175
9.51175
9.51175
9.51175
9.51175
9.51175
9.46468
9.46468
9.46468
9.46468
9.46468
9.46468
9.46468
9.46468
9.46468
9.46468
9.46468
9.46468
9.46468
9.46468
9.46468
9.46468
9.46468
9.46468
9.46468
9.46468
9.46468
9.46468
9.46468
9.46468
9.46468
9.46468
9.46468
9.46468
9.46468
9.46468
9.46468
9.35908
9.35908
9.35908
9.30994
9.30994
9.30994
9.30994
9.30994
9.30994
9.30994
9.30994
9.30994
9.30994
9.30994
9.30994
9.30994
9.30994
9.30994
9.30994
9.30994
9.30994
9.30994
9.30994
9.30994
9.30994
9.30994
9.19901
9.19901
9.19901
9.19901
9.19901
9.19901
9.19901
9.19901
9.10203
9.10203
9.10203
9.10203
9.10203
9.10203
9.10203
9.10203
9.10203
9.10203
9.10203
9.10203
9.10203
9.10203
9.10203
9.10203
9.10203
9.10203
9.10203
8.96587
8.96587
8.96587
8.76301
8.76301
8.76301
8.76301
8.76301
8.76301
8.76301
8.76301
8.76301
8.76301
8.76301
8.76301
8.76301
8.76301
8.76301
8.76301
8.76301
8.76301
8.76301
8.76301
8.76301
8.76301
8.76301
8.76301
8.76301
8.76301
8.63738
8.63738
8.63738
8.63738
8.63738
8.63738
8.63738
8.63738
8.63738
8.63738
8.63738
8.63738
8.63738
8.63738
8.63738
8.63738
8.63738
8.63738
8.63738
8.63738
8.56642
8.56642
8.56642
8.56642
8.56642
8.56642
8.56642
8.56642
8.56642
8.56642
8.56642
8.56642
8.56642
8.56642
8.56642
8.56642
8.56642
8.56642
8.56642
8.56642
8.56642
8.56642
8.56642
8.56642
8.56642
8.56642
8.56642
8.56642
8.56642
8.56642
8.56642
8.56642
8.56642
8.56642
8.56642
8.56642
8.56642
8.56642
8.56642
8.56642
8.56642
8.56642
8.56642
8.56642
8.56642
8.56642
8.56642
8.56642
8.56642
8.56642
8.56642
8.56642
8.56642
8.56642
8.56642
8.56642
8.56642
8.56642
8.56642
8.56642
8.56642
8.56642
8.56642
8.56642
8.56642
8.56642
8.56642
8.55038
8.55038
8.55038
8.55038
8.55038
8.55038
8.55038
8.55038
8.55038
8.55038
8.55038
8.55038
8.55038
8.55038
8.55038
8.55038
8.55038
8.55038
8.55038
8.55038
8.55038
8.55038
8.55038
8.55038
8.55038
8.55038
8.55038
8.55038
8.55038
8.55038
8.55038
8.55038
8.55038
8.55038
8.55038
8.55038
8.55038
8.55038
8.55038
8.55038
8.55038
8.55038
8.55038
8.55038
8.55038
8.55038
8.55038
8.55038
8.55038
8.55038
8.55038
8.55038
8.55038
8.55038
8.55038
8.55038
8.55038
8.55038
8.55038
8.55038
8.55038
8.55038
8.55038
8.55038
8.55038
8.55038
8.55038
8.55038
8.55038
8.55038
8.55038
8.55038
8.55038
8.55038
8.55038
8.55038
8.55038
8.55038
8.55038
8.55038
8.55038
8.55038
8.55038
8.55038
8.55038
8.55038
8.55038
8.55038
8.55038
8.55038
8.55038
8.55038
8.55038
8.55038
8.55038
8.55038
8.55038
8.55038
8.55038
8.55038
8.55038
8.42435
8.42435
8.42435
8.42435
8.42435
8.42435
8.42435
8.42435
8.42435
8.42435
8.42435
8.42435
8.42435
8.42435
8.42435
8.42435
8.42435
8.42435
8.42435
8.42435
8.42435
8.42435
8.42435
8.42435
8.42435
8.42435
8.42435
8.42435
8.42435
8.42435
8.42435
8.42435
8.42435
8.42435
8.42435
8.28631
8.28631
8.28631
8.28631
8.28631
8.28631
8.28631
8.28631
8.28631
8.28631
8.28631
8.28631
8.28631
8.28631
8.28631
8.28631
8.28631
8.28631
8.28631
8.28631
8.28631
8.28631
8.28631
8.28631
8.28631
8.28631
8.28631
8.28631
8.28631
8.28631
8.28631
8.28631
8.28631
8.28631
8.28631
8.28631
8.28631
8.28631
8.28631
8.28631
8.28631
8.28631
8.28631
8.28631
8.28631
8.28631
8.28631
8.28631
8.28631
8.28631
8.28631
8.28631
8.28631
8.28631
8.28631
8.28631
8.28631
8.28631
8.28631
8.28631
8.28631
8.28631
8.28631
8.28631
8.28631
8.28631
8.28631
8.28631
8.28631
8.28631
8.28631
8.28631
8.28631
8.28631
8.28631
8.28631
8.10926
8.10926
8.10926
8.10926
8.10926
8.10926
8.10926
8.10926
8.10926
8.10926
8.10926
8.10926
8.10926
8.10926
8.10926
8.10926
8.10926
8.10926
8.10926
8.10926
8.10926
8.10926
8.10926
8.10926
8.10926
8.10926
8.10926
8.10926
8.10926
8.10926
8.10926
8.10926
8.10926
8.10926
8.10926
8.10926
8.10926
8.10926
8.10926
8.10926
8.10926
8.10926
8.10926
8.10926
8.10926
7.98383
7.98383
7.98383
7.98383
7.98383
7.98383
7.98383
7.98383
7.98383
7.98383
7.98383
7.98383
7.98383
7.98383
7.98383
7.98383
7.98383
7.98383
7.98383
7.98383
7.98383
7.98383
7.98383
7.98383
7.7176
7.7176
7.7176
7.7176
7.7176
7.7176
7.7176
7.7176
7.7176
7.7176
7.7176
7.7176
7.7176
7.7176
7.7176
7.7176
7.7176
7.7176
7.7176
7.7176
7.7176
7.7176
7.7176
7.7176
7.7176
7.7176
7.7176
7.7176
7.7176
7.7176
7.7176
7.7176
7.7176
7.7176
7.7176
7.7176
7.7176
7.7176
7.7176
7.7176
7.7176
7.7176
7.7176
7.69389
7.69389
7.69389
7.69389
7.69389
7.69389
7.69389
7.69389
7.69389
7.69389
7.69389
7.69389
7.69389
7.69389
7.69389
7.69389
7.69389
7.69389
7.69389
7.69389
7.69389
7.69389
7.69389
7.69389
7.69389
7.69389
7.69389
7.69389
7.69389
7.69389
7.69389
7.69389
7.69389
7.69389
7.69389
7.69389
7.69389
7.69389
7.69389
7.69389
7.69389
7.69389
7.69389
7.69389
7.69389
7.69389
7.69389
7.65984
7.65984
7.65984
7.65984
7.65984
7.65984
7.65984
7.65984
7.65984
7.65984
7.65984
7.65984
7.65984
7.65984
7.60576
7.60576
7.60576
7.60576
7.60576
7.60576
7.60576
7.60576
7.60576
7.60576
7.60576
7.60576
7.60576
7.60576
7.60576
7.60576
7.60576
7.60576
7.60576
7.60576
7.60576
7.60576
7.60576
7.60576
7.60576
7.60576
7.60576
7.60576
7.60576
7.60576
7.60576
7.60576
7.60576
7.60576
7.60576
7.60576
7.60576
7.60576
7.60576
7.60576
7.60576
7.60576
7.60576
7.60576
7.60576
7.60576
7.57174
7.57174
7.57174
7.57174
7.57174
7.57174
7.57174
7.57174
7.57174
7.57174
7.57174
7.57174
7.57174
7.57174
7.57174
7.57174
7.57174
7.55421
7.55421
7.55421
7.55421
7.55421
7.55421
7.55421
7.55421
7.55421
7.55421
7.55421
7.55421
7.55421
7.52647
7.52647
7.52647
7.52647
7.50878
7.50878
7.50878
7.50878
7.50878
7.50878
7.50878
7.50878
7.50878
7.50878
7.50878
7.50878
7.50878
7.50878
7.50878
7.50878
7.50878
7.50878
7.50878
7.50878
7.50878
7.50878
7.50878
7.50878
7.50878
7.50878
7.50878
7.50878
7.50878
7.50878
7.50878
7.50878
7.50878
7.50878
7.50878
7.50878
7.50878
7.50878
7.50878
7.50878
7.50878
7.50878
7.50878
7.50878
7.50878
7.50878
7.50878
7.50878
7.50878
7.50878
7.50878
7.50878
7.50878
7.50878
7.50878
7.37827
7.37827
7.37827
7.37827
7.37827
7.37827
7.26317
7.26317
7.20779
7.20779
7.20779
7.20779
7.20779
7.20779
7.20779
7.20779
7.20779
7.20779
7.20779
7.20779
7.20779
7.20779
7.20779
7.20779
7.20779
7.20779
7.20779
7.20779
7.20779
7.20779
7.20779
7.20779
7.20779
7.20779
7.20779
7.20779
7.20779
7.20779
7.20779
7.20779
7.20779
7.20779
7.20779
7.20779
7.20779
7.20779
7.20779
7.20779
7.20779
7.20779
7.20779
7.20779
7.20779
7.20779
7.20779
7.20779
7.20779
7.20779
7.20779
7.20779
7.20779
7.20779
7.20779
7.20779
7.20779
7.08568
7.08568
7.08568
7.08568
7.08568
7.08568
7.08568
7.08568
7.08568
7.08568
7.08568
7.08568
7.08568
7.08568
7.08568
7.08568
7.08568
7.08568
7.08568
7.08568
7.08568
7.08568
7.08568
7.08568
7.08568
7.08568
7.08568
7.08568
7.08568
7.08568
7.08568
7.08568
7.08568
7.08568
7.08568
7.08568
7.08568
7.08568
7.08568
7.08568
7.08568
7.08568
7.08568
7.08568
7.08568
7.08568
7.08568
7.08568
7.08568
7.08568
6.70801
6.70801
6.70801
6.70801
6.5773
6.5773
6.5773
6.5773
6.5773
6.5773
6.5773
6.5773
6.5773
6.5773
6.5773
6.5773
6.5773
6.5773
6.5773
6.5773
6.5773
6.5773
6.5773
6.5773
6.5773
6.5773
6.5773
6.5773
6.5773
6.5773
6.5773
6.5773
6.5773
6.5773
6.5773
6.5773
6.5773
6.5773
6.5773
6.5773
6.5773
6.5773
6.5773
6.5773
6.5773
6.5773
6.5773
6.5773
6.5773
6.5773
6.5773
6.5773
6.5773
6.5773
6.5773
6.5773
6.5773
6.5773
6.5773
6.5773
6.5773
6.5773
6.5773
6.5773
6.5773
6.5773
6.5773
6.5773
6.5773
6.52681
6.52681
6.52681
6.52681
6.52681
6.52681
6.52681
6.52681
6.52681
6.52681
6.52681
6.52681
6.52681
6.52681
6.52681
6.52681
6.52681
6.52681
6.52681
6.52681
6.52681
6.52681
6.52681
6.52681
6.52681
6.52681
6.52681
6.52681
6.52681
6.52681
6.52681
6.52681
6.52681
6.52681
6.52681
6.52681
6.52681
6.52681
6.52681
6.52681
6.52681
6.52681
6.44391
6.44391
6.44391
6.44391
6.44391
6.44391
6.44391
6.44391
6.44391
6.44391
6.44391
6.44391
6.44391
6.44391
6.44391
6.44391
6.44391
6.44391
6.44391
6.44391
6.44391
6.44391
6.44391
6.44391
6.44391
6.41817
6.41817
6.41817
6.41817
6.41817
6.41817
6.41817
6.41817
6.41817
6.41817
6.41817
6.41817
6.41817
6.41817
6.41817
6.41817
6.41817
6.41817
6.41817
6.41817
6.41817
6.41817
6.41817
6.41817
6.41817
6.41817
6.41817
6.41817
6.41817
6.41817
6.41817
6.41817
6.41817
6.41817
6.41817
6.41817
6.41817
6.41817
6.41817
6.41817
6.41817
6.41817
6.41817
6.41817
6.41817
6.41817
6.41817
6.41817
6.41817
6.41817
6.41817
6.41817
6.21044
6.21044
6.21044
6.21044
6.21044
6.21044
6.21044
6.21044
6.21044
6.21044
6.21044
6.21044
6.21044
6.21044
6.21044
6.21044
6.21044
6.21044
6.21044
6.21044
6.21044
6.21044
6.21044
6.21044
6.21044
6.21044
6.21044
6.21044
6.21044
6.21044
6.21044
6.21044
6.21044
6.21044
6.21044
6.21044
6.21044
6.21044
6.21044
6.21044
6.21044
6.21044
6.21044
6.21044
6.21044
6.21044
6.21044


0.245007
-1.00103
1.01103
-1.33304
-1.20504
-0.917028
-3.1311
-0.679021
1.07503
-0.0950029
-1.22704
-1.05103
0.0270008
0.0790024
-0.205006
-1.64105
-0.179005
-0.821025
3.76711
0.757023
-2.43707
0.925028
-0.099003
-1.00903
-0.099003
0.0370011
2.69308
-0.235007
-0.947029
2.62108

0.028

