20.6716
20.6716
20.6716
20.6716
20.6716
20.6716
20.6716
20.363
20.363
20.363
20.363
20.363
20.363
20.363
20.363
20.363
20.363
20.363
20.363
20.363
20.363
20.363
20.363
20.363
20.363
20.363
20.363
20.363
20.363
20.363
20.363
20.363
20.363
20.363
20.363
20.363
20.363
20.363
20.363
20.363
20.363
20.363
20.363
20.363
20.363
20.363
20.363
20.1929
20.1929
20.1929
20.1929
20.1929
20.1929
20.1929
20.1929
20.1929
20.1929
20.1929
20.1929
20.1929
20.1929
20.1929
20.1929
20.1929
20.1929
20.1929
20.1929
20.1929
20.1929
20.1929
20.1929
20.1929
20.1929
20.1929
20.1929
20.1929
20.1929
20.1929
20.1929
20.1929
20.1929
20.1929
20.1929
20.1929
20.1929
20.1929
20.1929
20.1929
20.1929
20.1929
20.1929
20.1929
20.1929
20.1929
20.1929
20.1929
20.1929
20.1929
20.1929
20.1929
20.1929
20.1929
20.1929
20.1929
20.1929
20.1929
20.1929
20.1929
20.1929
20.1929
20.1929
20.1929
20.1929
20.1929
20.1929
20.1929
20.1891
20.1891
20.1891
20.1891
20.1891
20.1891
20.1891
20.1891
20.1891
20.1891
20.1891
20.1891
20.1891
20.1891
20.1891
20.1891
20.1891
20.1891
20.1891
20.1891
20.1891
20.1576
20.1576
20.1576
20.1576
20.1576
20.1576
20.1576
20.1576
20.1576
20.1576
20.1576
19.8849
19.8849
19.8849
19.8849
19.8849
19.8849
19.8849
19.8849
19.8849
19.8849
19.8849
19.8849
19.8849
19.8849
19.8849
19.8849
19.8849
19.8849
19.8849
19.8849
19.8849
19.8849
19.8849
19.8849
19.8849
19.8849
19.8849
19.8849
19.8849
19.8829
19.8829
19.8829
19.8829
19.8829
19.8829
19.8829
19.8829
19.8829
19.8829
19.8829
19.8829
19.8829
19.8829
19.8829
19.8829
19.8829
19.8829
19.8829
19.8829
19.8829
19.8829
19.8829
19.8829
19.8829
19.8829
19.8829
19.8829
19.8829
19.8829
19.8829
19.8829
19.8829
19.8829
19.8829
19.7033
19.7033
19.7033
19.7033
19.7033
19.7033
19.7033
19.7033
19.7033
19.7033
19.7033
19.7033
19.7033
19.7033
19.7033
19.7033
19.7033
19.7033
19.7033
19.7033
19.7033
19.7033
19.7033
19.7033
19.7033
19.7033
19.7033
19.5459
19.5459
19.5459
19.5459
19.5459
19.5459
19.5459
19.5459
19.5459
19.5459
19.5459
19.5459
19.5459
19.5459
19.5459
19.5459
19.5459
19.5459
19.5459
19.5459
19.5459
19.5459
19.5459
19.5459
19.5459
19.5459
19.5459
19.5459
19.5459
19.5459
19.5459
19.5459
19.5459
19.5459
19.5459
19.5459
19.5459
19.5459
19.5459
19.5459
19.5459
19.5459
19.5459
19.5459
19.5459
19.5459
19.5459
19.5459
19.4935
19.4935
19.4935
19.4935
19.4935
19.4935
19.4935
19.4935
19.4935
19.4935
19.4935
19.4935
19.4935
19.4935
19.4935
19.4935
19.4935
19.4935
19.4935
19.4935
19.4935
19.4935
19.4935
19.4935
19.4935
19.4935
19.4935
19.4935
19.4935
19.4935
19.4935
19.4935
19.4935
19.4935
19.4935
19.4935
19.4187
19.4187
19.4187
19.4187
19.4187
19.4187
19.4187
19.4187
19.4187
19.4187
19.4187
19.4187
19.4187
19.4187
19.4187
19.4187
19.4187
19.4187
19.4187
19.4187
19.4187
19.4187
19.4187
19.4187
19.4187
19.4187
19.4187
19.4187
19.4187
19.4187
19.4187
19.4187
19.4187
19.4187
19.229
19.229
19.229
19.229
19.229
19.229
19.229
19.229
19.229
19.229
19.229
19.1945
19.1945
19.1945
19.1945
19.1945
19.1945
19.1945
19.1945
19.1945
19.1945
19.1945
19.1945
19.1945
19.1945
19.1945
18.8263
18.8263
18.8263
18.8263
18.8263
18.8263
18.8263
18.8263
18.8263
18.8263
18.8263
18.8263
18.8263
18.8263
18.8263
18.8263
18.8263
18.8263
18.8263
18.8263
18.8263
18.8263
18.8263
18.8263
18.8263
18.8263
18.8263
18.8263
18.8263
18.8263
18.8263
18.8263
18.8263
18.8263
18.8263
18.8263
18.8263
18.8263
18.8263
18.6683
18.6683
18.6683
18.6683
18.6683
18.6683
18.6683
18.6683
18.6683
18.6683
18.6683
18.4865
18.4865
18.4865
18.4865
18.4865
18.4865
18.4865
18.4865
18.4865
18.4865
18.4865
18.4865
18.4865
18.4865
18.4865
18.4865
18.3789
18.3789
18.3789
18.3789
18.3789
18.3789
18.3789
18.3789
18.3789
18.3789
18.3789
18.3789
18.3789
18.3789
18.3789
18.3789
18.3789
18.3789
18.3789
18.3789
18.3789
18.3789
18.3789
18.3789
18.3789
18.3789
18.3789
18.3789
18.3789
18.3789
18.3789
18.3789
18.3789
18.3789
18.3734
18.3734
18.3734
18.3734
18.3734
18.3734
18.3734
18.3734
18.3734
18.3734
18.3734
18.3734
18.3734
18.3734
18.3734
18.3734
18.3734
18.3734
18.3734
18.3734
18.3734
18.3734
18.3734
18.3734
18.3734
18.3734
18.3734
18.3734
18.3734
18.3734
18.3734
18.3734
18.3734
18.3734
18.3734
18.3734
18.3734
18.3734
18.3734
18.3734
18.3734
18.3734
18.3734
18.3734
18.3734
18.3734
18.3734
18.3734
18.3734
18.3734
18.3734
18.3734
18.3734
18.3734
18.3734
18.3734
18.3734
17.9373
17.9373
17.9373
17.9373
17.9373
17.9373
17.9373
17.9373
17.9373
17.9373
17.9373
17.9373
17.9373
17.9373
17.9373
17.9373
17.6488
17.6488
17.6488
17.6488
17.3605
17.3605
17.3605
17.3605
17.3605
16.9149
16.9149
16.9149
16.9149
16.9149
16.9149
16.9149
16.9149
16.9149
16.9149
16.9149
16.9149
16.9149
16.9149
16.9149
16.9149
16.9149
16.9149
16.9149
16.9149
16.9149
16.9149
16.4811
16.4811
16.4811
16.4811
16.4811
16.4811
16.4811
16.4811
16.4811
16.4811
16.4811
16.4811
16.4811
16.4811
16.4811
16.4811
16.4811
16.4811
16.4811
16.4811
16.4811
16.4811
16.4811
16.4811
16.4811
16.4811
16.4811
16.4811
16.4811
16.4811
16.4811
16.4811
16.4811
16.4811
16.4811
16.4811
16.4811
16.4811
16.4811
16.4811
16.4811
16.4811
16.4811
16.4811
16.4811
16.4811
16.4811
16.4811
16.4811
16.4811
16.4811
16.4811
16.3792
16.3792
16.3792
16.3792
16.3792
16.3792
16.3792
16.3792
16.3792
16.3792
16.3792
16.3792
16.2178
16.2178
16.2178
16.2178
16.2178
16.2178
16.2178
16.2178
16.2178
16.2178
16.2178
16.2178
16.2178
16.2178
16.2178
16.0868
16.0868
15.5544
15.5544
15.5544
15.5544
15.5544
15.5544
15.5544
15.5544
15.5544
15.5544
15.5544
15.5544
15.5544
15.5544
15.5544
15.5544
15.5544
15.5544
15.5544
15.5544
15.5544
15.5544
15.5544
15.5544
15.5544
15.5544
15.5544
15.5544
15.5544
15.5544
15.5544
15.5544
15.5544
15.5544
15.5544
15.5544
15.5544
15.5544
15.5031
15.5031
15.5031
15.5031
15.5031
15.5031
15.5031
15.5031
15.5031
15.5031
15.5031
15.5031
15.5031
15.5031
14.9884
14.9884
14.9884
14.9884
14.9884
14.9884
14.9884
14.9884
14.9884
14.9884
14.9884
14.9884
14.9884
14.9884
14.9884
14.9884
14.9884
14.9884
14.9884
14.9884
14.9884
14.9884
14.9884
14.9884
14.9884
14.9884
14.9884
14.9884
14.9884
14.9884
14.9884
14.9884
14.9884
14.9884
14.9884
14.9884
14.9884
14.9884
14.9884
14.9884
14.9884
14.9884
14.9884
14.9884
14.9884
14.9884
14.9884
14.9884
14.9884
14.9884
14.9884
14.9884
14.9884
14.9884
14.9884
14.9884
14.9884
14.9884
14.9884
14.9884
14.9884
14.9884
14.9884
14.9884
14.9884
14.9884
14.9884
14.9884
14.9884
14.9884
14.9884
14.9884
14.9884
14.9884
14.9884
14.9884
14.9884
14.9884
14.8019
14.8019
14.8019
14.8019
14.8019
14.8019
14.8019
14.8019
14.8019
14.8019
14.8019
14.8019
14.8019
14.8019
14.8019
14.8019
14.8019
14.8019
14.8019
14.8019
14.8019
14.8019
14.8019
14.8019
14.8019
14.8019
14.8019
14.8019
14.8019
14.8019
14.8019
14.8019
14.8019
14.8019
14.8019
14.8019
14.8019
14.8019
14.8019
14.8019
14.8019
14.8019
14.8019
14.8019
14.8019
14.8019
14.8019
14.8019
14.8019
14.8019
14.8019
14.8019
14.8019
14.8019
14.8019
14.8019
14.8019
14.8019
14.8019
14.8019
14.8019
14.8019
14.8019
14.8019
14.8019
14.8019
14.8019
14.8019
14.8019
14.8019
14.8019
14.8019
14.8019
14.8019
14.8019
14.8019
14.8019
14.8019
14.8019
14.8019
14.8019
14.8019
14.8019
14.8019
14.8019
14.8019
14.8019
14.8019
14.8019
14.8019
14.8019
14.8019
14.8019
14.8019
14.8019
14.8019
14.8019
14.8019
14.8019
14.8019
14.8019
14.8019
14.8019
14.8019
14.8019
14.8019
14.8019
14.8019
14.8019
14.8019
14.8019
14.8019
14.8019
14.8019
14.8019
14.6679
14.6679
14.6679
14.5418
14.5418
14.5418
14.5418
14.5418
14.5418
14.5418
14.5418
14.5418
14.5418
14.5418
14.5418
14.5418
14.5418
14.5418
14.5418
14.5418
14.5418
14.5418
14.5418
14.5418
14.5418
14.5418
14.5418
14.5418
14.5418
14.5418
14.5418
14.5418
14.5418
14.5418
14.5418
14.5418
14.5418
14.5418
14.5418
14.5418
14.5418
14.5418
14.5418
14.5418
14.5418
14.5418
14.5418
14.5291
14.5291
14.5291
14.5291
14.5291
14.5291
14.5291
14.5291
14.5291
14.5291
14.5291
13.2476
13.2476
13.2476
13.2476
13.2476
13.2476
13.2476
13.2476
13.2476
13.2476
13.2476
13.2476
13.2476
13.2476
13.2476
13.2476
13.2476
13.2476
13.2476
13.2476
13.2476
13.2476
13.1763
13.1763
13.1763
13.1763
13.1763
13.1763
13.1763
13.1763
13.1763
13.1763
13.1763
13.1763
13.1763
13.1763
13.1763
13.1763
13.1763
13.1763
13.1763
13.1763
13.1763
13.1763
13.1763
13.1763
13.1763
13.1763
13.1763
13.1763
13.1763
13.1763
13.0401
13.0401
13.0401
13.0401
13.0401
13.0401
13.0401
13.0401
13.0401
13.0137
13.0137
13.0137
13.0137
13.0137
13.0137
13.0137
13.0137
13.0137
13.0137
13.0137
13.0137
13.0137
13.0137
13.0137
13.0137
13.0137
13.0137
13.0137
13.0137
13.0137
13.0137
13.0137
12.8358
12.8358
12.8358
12.8074
12.8074
12.8074
12.8074
12.8074
12.8074
12.8074
12.8074
12.8074
12.8074
12.8074
12.8074
12.8074
12.8074
12.8074
12.8074
12.8074
12.8074
12.8074
12.8074
12.8074
12.8074
12.8074
12.8074
12.8074
12.8074
12.8074
12.8074
12.8074
12.8074
12.8074
12.8074
12.6788
12.6788
12.6788
12.6788
12.6788
12.6788
12.6788
12.6788
12.6788
12.6788
12.6788
12.6788
12.6788
12.6788
12.6788
12.6788
12.6788
12.6788
12.6788
12.6788
12.6788
12.6788
12.6788
12.6788
11.7488
11.7488
11.7488
11.7488
11.7488
11.7488
11.7488
11.7488
11.7488
11.7488
11.7488
11.7488
11.7488
11.7488
11.7488
11.7488
11.7488
11.7488
11.7488
11.7488
11.7488
11.7488
11.7488
11.7488
11.7488
11.7488
11.7488
11.7488
11.7488
11.7488
11.7488
11.7488
11.7488
11.7488
11.7488
11.7488
11.7488
11.7488
11.7488
11.7488
11.7488
11.7488
11.7488
11.7488
11.7488
11.7488
11.7488
11.7488
11.7488
11.7488
11.7488
11.7488
11.7488
11.7488
11.7488
11.7488
11.7488
11.7488
11.7488
11.7488
11.7488
11.7488
11.7488
11.7488
11.7488
11.7488
11.7488
11.7488
11.7488
11.7488
11.7488
11.7214
11.7214
11.7214
11.7214
11.7214
11.7214
11.7214
11.7214
11.7214
11.7214
11.7214
11.7214
11.7214
11.7214
11.7214
11.7214
11.7214
11.7214
11.7214
11.7214
11.7214
11.7214
11.7214
11.7214
11.7214
11.7214
11.7214
11.7214
11.7214
11.7214
11.7214
11.7214
11.7214
11.7214
11.7214
11.7214
11.7214
11.7214
11.7214
11.7214
11.7214
11.7214
11.7214
11.7214
11.7214
11.7214
11.7214
11.7214
11.7214
11.7214
11.7214
11.7214
11.7214
11.7214
11.7214
11.7214
11.429
11.429
11.429
11.429
11.429
11.429
11.3561
11.3561
11.3561
11.3561
11.3561
11.3561
11.3561
11.3561
11.3561
11.3561
11.3561
11.3561
11.3561
11.3561
11.3561
11.3561
11.3561
11.3561
11.3561
11.3561
11.3561
11.3561
11.3561
11.2091
11.2091
11.2091
11.2091
11.2091
11.2091
11.2091
11.2091
11.2091
10.9301
10.9301
10.9301
10.9301
10.9301
10.9301
10.9301
10.9301
10.9301
10.9301
10.9301
10.9301
10.9301
10.9301
10.9301
10.9301
10.9301
10.9301
10.9301
10.9301
10.9301
10.9301
10.9301
10.9301
10.9301
10.9301
10.9301
10.9301
10.9301
10.9301
10.9301
10.9301
10.9301
10.9301
10.9301
10.9301
10.9301
10.9301
10.9301
10.9301
10.9301
10.9301
10.9301
10.9301
10.902
10.902
10.902
10.902
10.902
10.902
10.902
10.902
10.902
10.902
10.902
10.902
10.902
10.7831
10.7831
10.7831
10.7831
10.7831
10.7831
10.7831
10.7831
10.7831
10.7831
10.7831
10.7831
10.7831
10.7831
10.7831
10.7831
10.7831
10.7831
10.7831
10.7831
10.7831
10.7831
10.7831
10.7831
10.7831
10.7831
10.7831
10.7831
10.7831
10.7831
10.7831
10.7831
10.7831
10.7831
10.7831
10.7831
10.7831
10.7831
10.7831
10.7831
10.7831
10.7831
10.7831
10.7831
10.7831
10.7831
10.7831
10.7831
10.7831
10.7831
10.7831
10.7831
10.7831
10.7831
10.7831
10.7831
10.7757
10.7757
10.7757
10.7757
10.7757
10.7757
10.7532
10.7532
10.7532
10.7532
10.7532
10.7532
10.7532
10.7532
10.7532
10.7532
10.7532
10.7532
10.7532
10.7532
10.7532
10.7532
10.7532
10.7329
10.7329
10.6951
10.6951
10.669
10.669
10.669
10.669
10.669
10.669
10.669
10.669
10.669
10.669
10.669
10.669
10.669
10.669
10.669
10.669
10.6486
10.6486
10.6486
10.6486
10.6486
10.6486
10.6486
10.6486
10.5602
10.5602
10.5602
10.5602
10.5602
10.5602
10.5602
10.5602
10.5602
10.5602
10.5602
10.5602
10.5602
10.5602
10.5602
10.5602
10.5602
10.5602
10.5602
10.5602
10.5602
10.5602
10.5602
10.5602
10.5602
10.5602
10.5602
10.5602
10.5602
10.5602
10.5602
10.5602
10.5602
10.5602
10.5602
10.5602
10.5602
10.5602
10.5602
10.5602
10.5602
10.5602
10.5602
10.5602
10.5602
10.5602
10.5602
10.5602
10.5602
10.5602
10.5602
10.5602
10.5602
10.5602
10.5494
10.5494
10.5494
10.5494
10.5494
10.5494
10.5494
10.5494
10.5494
10.5494
10.5494
10.5494
10.5494
10.5494
10.5494
10.5494
10.5494
10.5494
10.5414
10.5414
10.5414
10.5414
10.5414
10.4387
10.4387
10.4387
10.4387
10.4387
10.4387
10.4387
10.4387
10.4387
10.4387
10.4387
10.4387
10.4387
10.4387
10.4387
10.4387
10.4387
10.4387
10.4387
10.4387
10.4387
10.4387
10.4387
10.4387
10.4387
10.4387
10.4068
10.4068
10.4068
10.4068
10.4068
10.4068
10.4068
10.4068
10.4068
10.4068
10.4068
10.4068
10.4068
10.4068
10.4068
10.4068
10.4068
10.4068
10.4068
10.4068
10.4068
10.2619
10.2619
10.2619
10.2619
10.2619
10.2619
10.2619
10.2619
10.2619
10.2619
10.2619
10.2619
10.2619
10.2619
10.2619
10.2619
10.2619
10.2619
10.2619
10.2619
10.2619
10.2619
10.2619
10.2619
10.2619
10.2619
10.2619
10.2619
10.2619
10.2619
10.2619
10.2619
10.2619
10.2619
10.2619
10.2619
10.2619
10.2619
10.2619
10.2619
10.2619
10.1332
10.1332
10.1332
10.1332
10.1332
10.1332
10.1332
10.1332
10.1332
10.1332
10.1332
10.1332
10.1332
10.1332
10.1332
10.1332
10.1332
10.1332
10.1332
10.1332
10.1332
10.1332
10.1332
10.1332
10.1332
10.1332
10.1332
10.1332
10.1332
10.1332
10.1332
10.1332
10.1332
10.1332
10.1332
10.1332
10.1332
10.1041
10.1041
10.1041
10.1041
10.1041
10.1041
10.1041
10.1041
10.1041
10.1041
10.1041
10.1041
10.1041
10.1041
10.1041
10.1041
10.1041
10.1041
10.1041
10.1041
10.1041
10.1041
10.1041
10.1041
10.1041
10.1041
10.1041
10.1041
10.1041
10.1041
10.1041
10.1041
10.0449
10.0449
10.0449
10.0449
10.0449
10.0449
10.0449
10.0449
10.0449
10.0449
10.0449
10.0449
10.0449
10.0449
10.0449
10.0449
10.0449
10.0449
10.0449
10.0449
10.0449
10.0449
10.0449
10.0449
10.0449
10.0449
10.0449
10.0449
10.0449
10.0449
10.0449
10.0449
10.0449
10.0449
10.0449
10.0449
10.0449
10.0449
10.0449
10.0449
10.0449
10.0449
10.0449
10.0335
10.0335
10.0335
10.0335
10.0335
10.0335
10.0335
10.0335
10.0335
10.0335
10.0335
10.0335
10.0335
10.0335
10.0335
10.0193
10.0193
10.0193
10.0193
9.97166
9.97166
9.97166
9.97166
9.97166
9.97166
9.97166
9.97166
9.97166
9.97166
9.97166
9.97166
9.97166
9.97166
9.97166
9.97166
9.97166
9.97166
9.97166
9.97166
9.97166
9.97166
9.97166
9.97166
9.97166
9.97166
9.97166
9.97166
9.97166
9.97166
9.97166
9.97166
9.97166
9.97166
9.97166
9.97166
9.97166
9.97166
9.97166
9.97166
9.97166
9.97166
9.97166
9.97166
9.97166
9.97166
9.97166
9.97166
9.97166
9.97166
9.97166
9.97166
9.97166
9.97166
9.97166
9.97166
9.97166
9.68954
9.68954
9.68954
9.68954
9.68954
9.68954
9.68954
9.68954
9.68954
9.68954
9.68954
9.68954
9.68954
9.68954
9.68954
9.68954
9.68954
9.68954
9.68954
9.68954
9.68954
9.68954
9.68954
9.68954
9.68954
9.68954
9.68954
9.68954
9.68954
9.68954
9.68954
9.68954
9.68954
9.68954
9.68954
9.68954
9.68954
9.68954
9.68954
9.68954
9.68954
9.42417
9.42417
9.42417
9.42417
9.42417
9.42417
9.42417
9.42417
9.42417
9.42417
9.42417
9.42417
9.42417
9.42417
9.42417
9.42417
9.42417
9.42417
9.42417
9.42417
9.42417
9.42417
9.42417
9.42417
9.42417
9.42417
9.42417
9.42417
9.42417
9.42417
9.42417
9.42417
9.42417
9.42417
9.42417
9.42417
9.42417
9.42417
9.42417
9.42417
9.42417
9.42417
9.42417
9.42417
9.42417
9.42417
9.42417
9.42417
9.42417
9.42417
9.42417
9.42417
9.42417
9.42417
9.37851
9.37851
9.37851
9.37851
9.37851
9.37851
9.37851
9.37851
9.37851
9.37851
9.37851
9.37851
9.37851
9.37851
9.37851
9.37851
9.37851
9.37851
9.37851
9.37851
9.37851
9.37851
9.37851
9.37851
9.37851
9.37851
9.37851
9.37851
9.37851
9.37851
9.37851
9.37851
9.37851
9.36376
9.36376
9.36376
9.36376
9.36376
9.36376
9.36376
9.36376
9.36376
9.36376
9.36376
9.36376
9.36376
9.36376
9.36376
9.36376
9.36376
9.36376
9.36376
9.36376
9.36376
9.36376
9.36376
9.36376
9.36376
9.36376
9.36376
9.36376
9.36376
9.36376
9.36376
9.36376
9.36376
9.36376
9.36376
9.36376
9.36376
9.36376
9.36376
9.36376
9.36376
9.36376
9.36376
9.36376
9.36376
9.36376
9.36376
9.15354
9.15354
9.15354
9.15354
9.15354
9.15354
9.15354
9.15354
9.15354
9.15354
9.15354
9.15354
9.15354
9.15354
9.15354
9.15354
9.15354
9.15354
9.15354
9.15354
9.15354
9.15354
9.15354
9.15354
9.15354
9.15354
9.15354
9.15354
9.15354


1.55705
1.55705
1.55705
3.1831
3.1831
3.1831
3.1831
1.15504
1.15504
1.15504
1.15504
-3.3571
-3.3571
-3.3571
-3.3571
-3.52711
-3.52711
3.78712
1.24104
1.24104
1.24104
1.24104
0.245007
0.245007
0.245007
0.245007
0.245007
2.19507
-2.25107
1.55705

0.029

