2724.32
2724.32
2724.32
2724.32
2724.32
2724.32
2724.32
2724.32
2724.32
2724.32
2724.32
2724.32
2724.32
2724.32
2724.32
2715.35
2715.35
2715.35
2715.35
2715.35
2715.35
2634.24
2634.24
2634.24
2491.66
1761.98
1761.98
1761.98
1761.98
1761.98
1761.98
1761.98
1689.42
1689.42
1558
1558
1558
1558
1558
1558
1558
1558
1431.75
1431.75
1431.75
1431.75
1431.75
1431.75
1431.75
1431.75
1431.75
1431.75
1343.96
1343.96
1343.96
1343.96
1343.96
1343.96
1343.96
1343.96
1343.96
1343.96
1343.96
1343.96
1343.96
1343.96
1343.96
1343.96
1343.96
1343.96
1323.1
1323.1
1322.59
1322.59
1322.59
1322.59
1322.59
1322.59
1277.08
1277.08
1277.08
1277.08
1277.08
1277.08
1277.08
1271.6
1271.6
1271.6
1271.6
1271.6
1271.6
1271.6
1271.6
1271.6
1271.6
1271.6
1271.6
1271.6
1271.6
1271.6
1271.6
1271.6
1271.6
1271.6
1271.6
1262.89
1262.89
1262.38
1262.38
1262.38
1262.38
1262.38
1262.38
1262.38
1212.68
1212.68
1212.68
1212.68
1212.68
1212.68
1212.68
1212.68
1212.68
1212.68
1212.68
1212.68
1212.68
1212.68
1212.68
1210.83
1210.83
1210.83
1210.83
1210.83
1210.83
1210.83
1146.94
1146.94
1142.22
1142.22
1142.22
1142.22
1142.22
1141.53
1141.53
1141.53
1141.53
1141.53
1141.53
1141.53
1141.53
1141.53
1141.53
1141.53
1141.53
1141.53
1141.53
1141.53
1141.53
1141.53
1140.9
1140.9
1140.9
1132.57
1132.57
1131.67
1131.67
1131.67
1131.67
1112.35
1112.35
1112.35
1112.35
1112.35
1106.87
1106.87
1106.87
1102.7
1102.7
1097.41
1084.38
1084.38
1084.38
1067.54
1057.89
1057.89
1057.89
1057.89
1057.89
1057.89
1057.89
1057.89
1057.89
1057.2
1057.2
1047.55
1047.55
1047.55
1047.55
1047.55
1047.55
1047.55
1047.55
972.699
972.699
972.699
962.363
962.363
962.363
962.363
962.363
962.363
962.363
962.363
956.128
956.128
956.128
956.128
956.128
950.652
950.652
904.113
904.113
904.113
904.113
904.113
904.113
904.113
904.113
904.113
904.113
904.113
904.113
904.113
891.895
891.895
891.895
891.895
891.895
891.895
891.895
891.895
891.895
891.895
891.895
891.895
891.895
891.895
891.895
891.895
890.192
890.192
890.192
890.192
890.192
890.192
890.192
890.192
890.192
890.192
890.192
890.192
890.192
890.192
880.78
880.78
880.78
880.78
880.78
880.78
880.78
880.78
880.78
880.78
879.669
879.669
879.669
877.979
877.979
877.979
877.979
877.979
877.979
831.464
831.464
831.464
831.464
831.464
831.464
831.464
831.464
831.464
831.464
831.464
831.464
831.464
830.352
830.352
830.352
815.252
815.252
815.252
815.252
747.506
747.506
747.506
747.506
747.506
747.506
747.506
728.169
692.531
692.531
692.531
692.531
692.531
692.531
692.531
692.531
692.531
692.531
692.531
692.531
692.531
692.531
692.531
692.531
692.531
692.531
692.531
692.531
692.531
691.76
691.76
691.76
691.76
674.031
674.031
668.555
668.555
668.555
668.555
668.555
668.555
668.555
668.555
668.555
659.674
659.674
659.674
659.674
659.674
659.674
659.674
659.674
659.674
659.674
659.674
659.674
659.674
659.674
659.674
659.674
659.047
659.047
659.047
659.047
641.175
641.175
641.175
641.175
641.175
641.175
641.175
641.175
641.175
641.175
641.175
641.175
641.175
641.175
641.175
641.175
641.175
641.175
641.175
641.175
641.175
641.175
641.175
641.175
641.175
641.175
641.175
641.175
641.175
607.983
607.983
607.983
607.983
600.636
600.636
600.636
600.636
600.636
600.636
600.636
547.539
547.539
547.539
547.539
547.539
547.539
547.539
547.539
547.539
547.539
547.539
547.539
514.682
514.682
514.682
514.682
514.347
514.347
514.347
514.347
514.347
514.347
514.347
514.347
514.347
514.347
514.347
514.347
514.347
514.347
513.576
513.576
481.49
481.49
481.49
481.49
481.49
481.49
481.49
481.49
481.49
481.49
481.49
481.49
481.49
480.863
480.863
480.863
480.863
480.863
480.863
453.8
453.8
453.8
453.8
453.8
453.8
453.8
453.8
453.8
453.8
453.8
453.8
453.8
453.8
453.8
450.922
450.922
391.386
391.386
391.386
391.386
391.386
391.386
391.386
391.386
391.386
391.386
388.878
388.878
388.878
388.878
388.878
388.878
388.878
388.878
388.878
388.878
388.878
388.878
388.878
388.878
388.878
388.878
388.878
388.878
388.878
388.878
388.374
382.319
382.319
382.319
382.319
382.319
382.319
382.319
380.36
380.36
380.36
380.36
380.36
380.36
380.36
380.36
380.36
380.36
380.36
371.294
371.294
371.294
371.294
371.294
371.294
371.294
369.809
369.809
369.809
369.809
369.809
369.809
369.809
369.809
369.809
369.809
367.302
367.302
367.302
367.302
367.302
360.743
360.743
360.743
360.743
360.743
360.743
358.412
358.412
358.412
358.412
351.853
351.853
351.853
351.853
351.853
351.853
351.853
351.853
351.853
351.853
351.853
351.853
351.853
351.853
351.853
351.853
351.853
351.853
351.853
351.853
351.853
351.853
351.853
351.164
351.164
351.164
351.164
340.138
340.138
340.138
340.138
340.138
340.138
340.138
340.138
340.138
340.138
340.138
340.138
340.138
339.768
339.768
339.768
339.768
339.768
339.768
339.768
339.768
339.768
339.768
339.768
339.768
339.768
339.768
339.734
339.397
339.397
339.397
339.397
339.397
339.045
339.045
339.045
339.045
339.045
339.045
339.045
339.045
339.045
338.171
337.801
337.801
337.801
337.801
337.801
337.174
337.174
337.174
337.174
337.174
337.174
337.174
337.174
336.803
336.803
336.803
333.696
333.696
333.696
333.696
333.696
333.696
333.696
333.696
333.696
333.696
333.696
333.696
333.696
333.696
333.696
333.696
333.696
333.696
333.696
333.696
333.696
333.696
333.696
333.696
333.696
333.696
333.326
333.007
333.007
333.007
333.007
332.214
332.214
332.214
332.214
332.214
332.214
332.214
320.551
320.551
320.551
317.889
317.889
317.889
317.889
317.889
291.386
291.386
291.386
291.386
291.386
291.386
291.386
291.386
291.386
291.386
291.386
276.018
276.018
276.018
276.018
276.018
276.018
276.018
276.018
276.018
276.018
276.018
276.018
273.424
273.424
273.424
273.424
273.424
273.424
273.424
273.424
273.424
273.424
273.424
273.424
273.424
273.424
273.424
271.873
271.873
271.873
271.873
271.873
271.873
271.873
271.873
271.873
271.873
228.451
228.451
228.451
228.451
228.451
228.451
228.451
228.451
228.451
228.451
228.451
228.451
228.451
228.451
228.451
228.451
228.451
228.451
228.451
228.451
227.992
227.992
227.992
227.992
227.992
227.992
227.992
217.441
217.036
217.036
217.036
217.036
217.036
217.036
217.036
217.036
217.036
217.036
217.036
217.036
216.914
216.914
216.914
216.914
216.914
216.914
216.914
216.914
216.914
216.914
213.798
213.798
213.798
213.798
213.798
213.798
213.798
213.798
213.798
213.798
213.798
213.798
213.798
213.798
213.798
213.798
213.798
213.798
213.798
213.798
213.798
213.798
213.798
213.798
213.798
210.749
210.749
210.749
210.749
210.749
210.749
210.749
210.749
210.749
210.749
210.749
210.749
210.749
210.749
210.749
210.749
210.749
210.749
210.749
210.749
210.749
210.749
210.749
210.749
210.749
210.749
210.749
210.749
210.749
210.749
210.749
210.749
210.749
210.749
210.749
210.749
210.749
210.749
210.749
210.749
210.749
210.749
210.749
210.749
210.749
210.749
210.749
210.321
210.321
210.321
210.321
210.321
210.321
210.321
210.321
202.614
202.614
202.614
202.614
202.614
202.614
202.614
202.614
202.614
202.614
202.614
202.614
202.614
202.614
202.614
202.614
202.614
202.11
202.11
202.11
202.11
202.11
202.11
202.11
202.11
195.551
195.551
195.551
195.551
195.551
195.551
195.551
195.551
195.551
195.551
195.551
195.551
195.551
195.551
195.551
195.046
195.046
195.046
195.046
195.046
187.983
187.983
187.983
187.983
187.983
187.983
187.983
187.983
187.983
187.983
187.983
187.983
187.983
187.983
187.983
187.983
187.983
187.983
187.983
187.983
187.983
187.983
187.983
187.983
187.983
187.983
187.478
187.478
187.478
187.478
187.478
187.478
187.478
187.478
179.91
179.91
179.91
179.91
179.91
179.91
179.91
179.91
179.91
179.406
179.406
179.406
179.406
179.406
179.406
179.406
179.406
179.406
179.406
171.333
171.333
171.333
171.333
171.333
171.333
171.333
171.333
171.333
171.333
171.333
171.333
171.333
171.333
171.333
171.333
171.333
171.333
171.333
171.333
171.333
171.333
171.333
171.333
171.333
171.333
171.333
171.333
171.333
171.333
171.333
171.333
171.333
171.333
171.333
171.333
171.333
171.333
171.333
171.333
171.333
171.333
171.333
171.333
171.333
171.333
171.333
171.333
171.333
170.905
170.905
170.905
170.905
162.77
162.77
162.77
162.77
162.77
162.77
162.77
162.77
162.77
162.77
162.77
162.77
162.77
162.77
162.77
162.77
162.77
162.365
162.365
162.365
162.365
162.365
162.365
162.365
162.365
162.365
162.365
162.365
162.365
162.365
162.365
162.365
162.365
162.365
162.365
162.365
162.365
162.365
162.365
162.365
162.365
162.365
162.365
162.365
162.365
162.365
161.937
161.937
161.937
161.937
161.937
161.937
161.937
161.937
161.937
161.937
161.937
161.937
161.937
158.294
153.779
153.779
153.374
149.731
149.731
149.731
149.731
149.731
149.731
149.731
149.731
149.731
149.731
149.731
149.731
149.731
149.731
149.731
149.226
149.226
149.226
149.226
149.226
149.226
149.226
149.226
149.226
149.226
149.226
140.649
140.649
140.649
140.649
140.649
140.649
140.649
140.649
140.649
140.649
140.649
140.245
140.245
140.245
140.245
140.245
140.245
140.245
136.197
136.197
136.197
136.197
136.197
136.197
136.197
136.197
136.197
136.197
136.197
136.197
136.197
136.197
136.075
136.075
136.075
136.075
136.075
136.075
136.075
136.075
136.075
136.075
136.075
136.075
136.075
136.075
136.075
136.075
136.075
136.075
136.075
133.026
133.026
133.026
133.026
133.026
133.026
129.733
129.733
129.733
129.733
129.733
129.733
129.733
129.733
129.733
129.733
129.733
129.733
129.733
129.733
129.733
129.733
129.229
120.147
120.147
120.147
120.147
120.147
120.147
120.147
120.147
120.147
120.147
120.147
120.147
120.147
120.147
120.147
120.147
120.147
120.147
120.147
120.147
120.147
120.147
120.147
120.147
120.147
120.147
120.147
120.147
120.147
120.147
120.147
120.147
120.147
120.147
119.643
119.643
119.643
119.643
119.643
119.643
119.643
119.643
119.643
119.643
119.643
119.643
119.643
119.643
119.643
119.643
119.643
119.643
110.057
110.057
110.057
110.057
110.057
110.057
110.057
110.057
110.057
110.057
110.057
110.057
110.057
110.057
110.057
110.057
110.057
110.057
110.057
110.057
110.057
110.057
109.935
109.935
109.935
109.935
109.935
109.935
109.935
109.935
109.935
109.935
109.935
106.642
106.642
106.642
106.642
106.642
106.642
106.138
106.138
106.138
106.138
106.138
106.138
96.047
96.047
96.047
96.047
96.047
96.047
96.047
96.047
96.047
96.047
96.047
96.047
96.047
96.047
96.047
96.047
96.047
96.047
96.047
96.047
96.047
96.047
96.047
96.047
96.047
95.9251
95.9251
95.9251
95.9251
95.9251
95.9251
95.9251
95.9251
95.9251
95.9251
95.9251
95.9251
95.9251
95.9251
95.9251
95.9251
95.9251
95.9251
95.9251
95.9251
95.9251
95.5203
95.5203
95.3983
95.3983
95.3983
95.3983
95.3983
95.3983
95.3983
95.3983
95.3983
95.3983
95.3983
95.3983
95.3983
95.3983
95.2764
95.2764
92.1057
92.1057
92.1057
91.0677
87.6531
87.6531
87.6531
87.6531
87.6531
87.6531
87.6531
87.6531
87.6531
87.6531
87.6531
87.6531
87.6531
87.6531
87.6531
87.6531
87.6531
87.6531
87.6531
87.6531
87.6531
87.6531
87.6531
87.6531
87.6531
87.6531
87.6531
87.6531
87.6531
87.6531
87.6531
87.6531
87.6531
87.6531
87.6531
87.6531
87.6531
87.6531
87.6531
87.6531
87.6531
87.6531
87.6531
87.6531
87.6531
87.6531
87.6531
87.6531
87.6531
87.6531
87.6531
87.6531
87.6531
87.6531
87.6531
87.6531
87.6531
87.6531
87.6531
87.6531
87.6531
87.6531
87.6531
87.6531
87.6531
87.6531
87.6531
87.6531
87.6531
87.6531
87.2483
86.8435
86.8435
86.8435
86.8435
86.8435
86.8435
86.8435
86.8435
86.8435
86.8435
86.8435
86.8435
86.8435
86.8435
86.8435
86.8435
86.8435
86.8435
86.8435
86.8435
86.8435
86.8435
86.8435
86.8435
86.8435
86.8435
86.8435
86.8435
86.8435
86.4387
86.4387
86.4387
86.4387
86.4387
86.4387
86.4387
86.4387
86.4387
86.4387
86.4387
86.4387
86.4387
86.4387
86.4387
86.4387
86.4387
86.4387
86.4387
86.4387
86.4387
81.9861
81.9861
81.9861
81.9861
81.9861
81.9861
81.9861
81.9861
81.9861
81.9861
81.9861
81.9861
81.9861
81.9861
81.9861
81.9861
81.9861
81.9861
81.9861
81.9861
81.9861
81.9861
81.9861
81.9861
81.9861
81.9861
81.9861
81.9861
81.9861
81.9861
81.9861
81.5814
81.5814
76.724
76.724
76.724
76.724
76.724
76.724
76.724
76.724
76.724
76.724
76.724
76.3192
76.3192
76.3192
76.3192
76.3192
76.3192
70.6523
70.6523
70.6523
70.6523
70.6523
70.6523
70.6523
70.6523
70.6523
70.6523
70.6523
70.6523
70.6523
70.6523
70.6523
70.6523
70.6523
70.6523
70.6523
70.6523
70.6523
70.2475
70.2475
70.2475
70.2475
70.2475
70.2475
70.2475
70.2475
70.2475
70.2475
70.2475
70.2475
70.2475
70.2475
70.2475
70.2475
70.2475
70.2475
70.2475
70.2475
70.2475
70.2475
70.2475
70.2475
70.2475
70.2475
70.2475
70.2475
70.2475
70.2475
70.2475
70.2475
70.2475
70.2475
69.8427
69.8427
69.8427
69.8427
64.1758
64.1758
64.1758
64.1758
64.1758
64.1758
64.1758
64.1758
64.1758
64.1758
64.1758
64.1758
64.1758
64.1758
64.1758
64.1758
64.1758
64.1758
64.1758
64.1758
64.1758
64.1758
57.1405
57.1405
57.1405
57.1405
57.1405
57.1405
57.1405
56.7357
56.7357
56.7357
56.7357
50.2592
50.2592
50.2592
50.2592
50.2592
50.2592
50.2592
50.2592
50.2592
50.2592
50.2592
50.2592
50.2592
50.2592
50.2592
50.2592
50.2592
50.2592
50.2592
50.2592
50.2592
50.2592
50.2592
50.2592
50.2592
50.2592
50.2592
50.2592
50.2592
50.2592
50.2592
50.2592
50.2592
50.2592
50.2592
50.2592
50.2592
50.2592
50.2592
50.2592
50.2592
50.2592
50.2592
50.2592
50.2592
50.2592
50.2592
50.2592
50.2592
50.2592
50.2592
50.2592
50.2592
50.2592
50.2592
50.2592
50.2592
50.2592
50.2592
50.2592
50.2592
50.2592
50.2592
50.2592
50.2592
50.2592
50.2592
50.2592
50.2592
50.2592
50.2592
50.2592
50.2592
50.2592
50.2592
50.2592
50.2592
50.2592
50.2592
50.2592
50.2592
50.2592
50.2592
50.2592
50.2592
50.2592
50.2592
50.2592
50.2592
50.2592
50.2592
50.2592
50.2592
50.2592
50.2592
50.2592
50.2592
50.2592
50.2592
50.2592
50.2592
50.2592
50.2592
50.2592
50.2592
50.2592
50.2592
50.2592
50.2592
50.2592
50.2592
50.2592
50.2592
50.2592
50.2592
50.2592
50.2592
50.2592
50.2592
50.2592
50.2592
50.2592
50.2592
50.2592
50.2592
50.2592
50.2592
50.2592
50.2592
50.2592
50.2592
50.2592
50.2592
50.2592
50.2592
50.2592
50.2592
50.2592
50.2592
50.2592
50.2592
50.2592
50.2592
50.2592
50.2592
50.2592
50.2592
50.2592
50.2592
50.2592
50.2592
50.2592
50.2592
50.2592
50.2592
50.2592
50.2592
50.2592
50.2592
50.2592
50.2592
50.2592
50.2592
50.2592
50.2592
50.2592
50.2592
50.2592
50.2592
50.2592
50.2592
50.2592
50.2592
50.2592
50.2592
50.2592
50.2592
50.2592
50.2592
50.2592
50.2592
50.2592
50.2592
50.2592
50.2592
50.2592
50.2592
50.2592
50.2592
50.2592
50.2592
50.2592
50.2592
50.2592
50.2592
50.2592
50.2592
50.2592
50.2592
50.2592
50.2592
50.2592
50.2592
50.2592
50.2592
50.2592
50.2592
50.2592
50.2592
50.2592
50.2592
50.2592
50.2592
50.2592
50.2592
50.2592
50.2592
50.2592
50.2592
50.2592
50.2592
50.2592
50.2592
50.2592
50.2592
50.2592
50.2592
50.2592
50.2592
50.2592
50.2592
50.2592
50.2592
50.2592
50.2592
50.2592
50.2592
50.2592
50.2592
50.2592
50.2592
50.2592
50.2592
50.2592
50.2592
50.2592
50.2592
50.2592
50.2592
50.2592
50.2592
50.2592
50.2592
50.2592
50.2592
50.2592
50.2592
50.2592
50.2592
50.2592
50.2592
50.2592
50.2592
50.2592
50.2592
50.2592
50.2592
50.2592
50.2592
50.2592
50.2592
50.2592
50.2592
50.2592
50.2592
50.2592
50.2592
50.2592
50.2592
50.2592
50.2592
50.2592
50.2592
50.2592
50.2592
50.2592
50.2592
50.2592
50.2592
50.2592
50.2592
50.2592
50.2592
50.2592
50.2592
50.2592
50.2592
50.2592
50.2592
50.2592
49.8545
49.8545
49.8545
49.8545
49.8545
49.8545
49.8545
49.8545
49.8545
49.8545
49.8545
49.8545
49.8545
42.9732
42.9732
42.9732
42.9732
42.9732
42.9732
42.9732
42.9732
42.9732
42.9732
42.9732
42.9732
42.9732
35.9208
35.9208
35.9208
35.9208
35.9208
35.9208
35.9208
35.9208
35.9208
35.9208
35.9208
35.9208
35.9208
35.9208
35.9208
35.9208
35.9208
35.9208
35.9208
35.9208
35.9208
35.9208
35.9208
35.9208
35.9208
35.9208
35.9208
35.9208
35.9208
35.9208
35.9208
35.9208
35.9208
35.9208
35.9208
35.9208
35.9208
35.9208
35.9208
35.9208
35.9208
35.9208
35.9208
35.9208
35.9208
35.9208
35.9208
35.9208
35.9208
35.9208
35.9208
35.9208
35.9208
35.9208
35.9208
35.9208
35.9208
35.9208
35.9208
35.9208
35.9208
35.9208
35.9208
35.9208
35.9208
35.9208


0.0885965
0.0885965
0.0885965
0.0885965
0.0885965
0.0885965
0.0885965
0.0885965
0.0885965
0.0885965
0.0885965
0.0885965
0.0885965
0.0885965
0.0885965
0.0885965
0.0885965
0.0885965
-0.642363
-0.642363
0.278602
0.278602
0.278602
0.278602
0.278602
0.278602
0.278602
0.278602
0.278602
-0.184537

0.024

