441055
458407
408310
408310
452965
450640
450640
450640
450640
450640
450640
450640
460305
460305
419319
419319
419319
417010
417010
417010
417010
417010
408019
411841
411841
411841
379477
379477
379477
371044
371044
402285
402285
402285
402285
373007
396770
396770
396770
435269
435269
435269
420323
420323
420323
420323
420323
420323
420323
420323
420323
420323
420323
420323
464151
391789
391789
391789
391789
391789
395608
395608
395608
395608
385519
403182
403182
403182
403182
403182
403182
374550
374550
374550
374550
374550
374550
374550
374550
374550
374550
374550
374550
374550
374550
374550
374550
374550
374550
374550
358748
358748
358748
302633
302633
332679
332679
332679
329616
329616
327160
327160
327160
327160
327160
344584
344584
344584
335582
335582
302116
302116
302116
302116
339635
324117
324117
310769
310769
310769
310769
310769
310769
310769
305954
315658
315658
315658
315658
315658
315658
315658
320258
320258
320258
414425
414425
414425
414425
414425
414425
400408
374064
374064
374064
402707
402707
402707
402707
402707
402707
402707
402707
402707
402201
402201
402201
402201
402201
402201
402201
375513
375513
375513
375513
375513
375513
375513
344387
344387
344387
344387
306254
301831
301831
200432
200432
200432
350419
350419
350419
350419
350419
350419
365516
350606
350606
365516
365516
365516
365516
365516
394536
394536
387212
365256
365256
365256
295627
295627
295627
295627
295627
295627
295627
295627
295627
301666
301666
360390
360390
360390
360390
354878
354878
354878
354878
354878
348534
348534
403786
383804
396490
396490
396490
396490
396490
396490
396490
396490
398886
398886
397649
397649
397649
397649
397649
397649
397649
397649
397649
397537
397537
455398
455398
455398
455398
455398
455398
455398
455398
455398
414070
414070
419432
419432
419432
419432
419432
419432
419432
419432
415307
415307
415307
415307
415307
405260
405260
405260
405260
405260
405260
405260
405260
405260
414662
414662
414662
405102
405102
405102
344270
369763
369763
405102
405102
400318
400318
400318
400318
400318
400318
400318
447165
447165
447165
399650
399650
399650
399650
399650
399650
399650
399650
290595
290595
290595
281109
281109
276311
276311
276311
310762
329098
329098
354473
354473
397799
397799
448437
448437
451739
451739
437176
406434
406434
406434
406434
406434
406434
406434
406434
406434
369122
369122
369122
369122
369122
369122
369122
369122
369122
369848
369848
369848
369848
369848
371456
371456
371456
371456
371456
371456
371456
371456
371456
371456
371456
371456
371456
371456
371456
371456
371456
371456
371456
371456
371456
371456
371456
371456
450689
450689
450689
450689
450689
450689
450689
410684
410684
403119
403119
394604
410684
430348
430348
298612
410672
410672
410672
410672
414487
414487
399303
399303
399303
399303
399303
399303
399303
399303
399303
399303
399303
399303
439027
439027
398698
398698
434817
434817
417026
417026
417026
417026
417026
395955
395955
395955
395955
395955
413058
413058
425284
425284
425284
362040
362040
362040
362040
362040
362040
362040
362040
362040
361828
361828
361828
416335
383873
383873
383873
383873
383873
421124
421124
346206
346206
346206
346206
444779
444779
456373
407693
434427
434427
415221
415221
415221
415221
415221
415221
415221
454111
454111
454111
454111
454111
454111
431730
431730
431730
431730
431730
431730
431730
431730
431730
431730
431730
431730
431730
431730
431730
431730
431730
431730
422094
422094
422094
422094
422094
422094
422094
422094
414783
414783
414783
414783
414783
393115
393115
431958
431958
431958
429947
429947
429947
429947
431958
421449
446531
446531
446531
376876
376876
374723
376876
341197
341197
341197
341197
341197
341197
341197
341197
341197
341197
341197
341197
341197
341197
341197
341197
341197
341197
341197
341197
398972
388031
388031
388031
388031
388031
383005
383005
383005
433067
433067
433067
398421
295751
318584
443616
465512
465512
394966
394966
394966
394966
365798
334308
334308
334308
334308
334308
334308
334308
334308
334308
334308
334308
334308
334308
334308
390389
462941
462941
462941
448428
441487
441487
441487
458283
462941
462941
462941
435337
459846
459846
459846
459846
459846
459846
459846
459846
434063
434063
434063
434063
470369
408768
408768
408768
408768
408768
455273
455273
455273
455273
455273
440918
322700
322700
322700
322700
440016
440016
440016
444017
449423
449423
449423
482883
502872
504440
504440
504220
504220
504220
488004
485898
485898
485898
485898
485898
485898
485898
485898
485898
496610
456195
433728
433728
433728
493623
493623
481454
481454
481454
516864
448474
448474
448474
467334
517158
520308
437156
419403
419403
384832
384832
384832
384832
353454
425868
425868
463177
463177
459582
459582
459582
407678
407678
367735
369303
369303
369303
369303
369303
369303
369303
369303
369303
369303
369303
369303
404481
404481
404481
404481
404481
404481
404481
404481
413625
413625
413625
414116
414116
414116
414116
414116
414116
394772
394772
451769
451769
451769
451769
451769
451769
463837
441111
441111
441111
347943
347943
347943
347943
347943
347943
347943
347943
347943
405910
405910
405910
405910
373895
373895
348102
348102
348102
348102
348102
348102
348102
348102
460988
328373
328373
328373
328373
328373
328373
328373
328373
328373
328373
328373
328373
328373
328373
328373
328373
328373
324030
324030
324030
324030
324030
324030
313075
313075
313075
313075
313075
313075
313075
313075
313075
313075
390400
390400
345530
345530
345530
310604
310604
310604
310604
345530
345530
345530
345530
345530
345530
412450
412450
412450
412450
412450
412450
412450
412450
414151
414151
414151
414151
414151
414151
414151
426495
426495
426495
467224
423024
423024
423024
423024
423024
423024
423024
423024
423024
423024
300382
300382
300382
383865
383865
389367
389367
491810
475314
444601
444601
452773
452773
452773
408364
408364
408364
408364
408364
408364
408364
408364
408364
407476
407476
407476
337417
442276
442276
442276
442276
442276
442276
438694
438694
438694
438694
438694
442276
375058
375058
375058
362994
347455
347455
347455
347455
347455
347455
373155
373155
373155
373155
373155
413291
413291
461252
461252
436555
436555
436555
363285
363285
461252
398689
379352
379352
379352
374085
374085
374085
374085
374085
374085
374085
374085
374085
374085
368098
365986
365986
483271
483271
483271
483271
483271
483271
483271
483271
501912
501912
500870
500870
500870
385500
514994
514994
514994
514994
514994
388959
388959
388959
494117
461059
496866
470393
470393
470393
470393
470393
470393
389930
389930
309204
309204
356343
356343
356343
408309
408309
408309
363084
363084
363084
363084
363084
363084
363084
363084
369971
376196
412121
412121
412121
412121
458682
458682
458682
458682
458682
458682
458682
458682
458682
458682
458682
458682
456860
456860
456860
423986
423986
423986
423986
423986
417327
417327
417327
417327
373954
373954
417327
417327
417327
417327
417327
407442
407442
407442
407442
407442
407442
407442
407442
407442
407442
444804
444804
409168
409168
444804
444804
444804
444804
444804
444804
444804
444804
444804
444804
444804
444804
444804
444804
444804
417059
415408
415408
415408
415408
415408
415408
444804
365898
365898
365898
365898
365898
365898
365898
393770
393770
393770
402086
402086
402086
402086
402086
402086
402086
443848
443848
485078
485078
489172
485123
485123
485123
459761
368806
368806
368806
368806
368806
368806
368806
439083
439083
439083
439083
439083
439083
439083
417341
396686
396686
396686
396686
396686
396686
396686
396686
396686
396686
396686
396686
396686
396686
396686
437873
437873
448709
448709
448709
454741
454741
454741
454741
356948
356948
356948
356948
356948
356948
356948
356948
356948
356948
356948
356948
356948
356948
356948
341333
341333
341333
341333
341333
341333
341333
341333
341333
341333
367701
367701
367701
367701
367701
367701
367701
367701
367701
367701
367701
350403
350403
363536
363536
363536
363536
363536
363536
489119
489119
489119
489119
403624
413298
413298
413298
413298
413298
413298
413298
413298
373800
373800
373800
373800
373800
373800
363828
363828
363828
363828
368495
368495
368495
368495
419746
466943
446973
442669
442669
442669
394038
394038
394038
394038
394038
394038
394038
394038
394038
394038
394038
394038
394038
394038
394038
394038
394038
394038
394038
394038
394038
394038
394038
358210
358210
358210
358210
342848
342848
342848
342848
343082
343082
343082
343082
434138
434138
471686
471686
484381
493756
493756
493756
493756
493756
493756
493756
493756
493756
493756
503688
503688
503688
503688
503688
503688
503688
503688
503688
503688
503688
503688
500026
500026
500026
500026
500026
500026
501067
501067
503688
503688
503688
503688
488929
453596
406024
406024
406024
462060
497552
497552
562291
562291
562291
562291
562291
562291
536423
536423
539487
539487
539487
536748
536748
536748
462602
445438
445438
445438
399878
402461
402461
402461
402461
402461
402461
402461
402461
402461
402461
402461
402461
402072
402072
402072
402072
402072
402072
402072
402072
402072
402072
402072
402072
399504
399504
399504
399504
399504
399504
399504
399504
399504
399504
399504
442815
508501
508501
508501
486861
510908
510908
510908
510908
510908
510908
510908
510908
510908
510908
510908
464150
464150
464150
522086
411150
411150
411150
411150
411150
409170
432924
432924
432924
519169
473369
383006
405759
405759
405759
405759
405759
405759
526640
526640
510572
526640
526640
498825
498825
498825
498825
498825
498825
527806
539323
539323
518342
536913
536913
536913
536913
492374
492374
492374
492374
539323
539323
546116
546116
546116
546116
552270
539729
519343
519343
363607
363607
363607
387265
387265
387265
387265
387265
387265
387265
387265
387265
387265
387265
387265
387265
387265
387265
387265
387265
387265
396306
396306
396306
396306
454784
391190
391190
391190
391190
391190
391190
432705
465885
450196
484654
479509
479509
495868
495868
451155
451155
390219
390219
390219
390219
390219
390219
378674
378674
378674
378674
378674
378674
411325
455106
455106
420066
420066
455106
455106
455106
455106
483080
483080
489181
482288
465468
465468
465468
375104
474953
474953
474953
474953
474953
474953
474953
474953
433088
433088
433088
433088
433088
433088
433088
433088
416405
452985
452985
452985
452985
452985
452985
452985
371359
371359
371359
371359
371359
371359
364710
364710
535158
530687
491080
491080
491080
575214
578504
578504
578504
590518
590518
599416
587338
587338
551797
546875
546875
577279
575466
575466
500570
500570
500570
500570
500570
500570
500570
500570
500570
500570
452873
452873
452873
452873
452873
452873
451642
538239
538239
538239
502272
502272
455890
455890
455890
526341
541385
433189
433189
433189
433189
433189
433189
433189
433189
433189
433189
433189
433189
433189
458214
458214
458214
458214
458214
440346
386604
386604
386604
401701
500641
500641
500641
484731
484731
484731
484731
484731
484731
484731
484731
485647
485647
485647
485647
382090
382090
382090
382090
382090
382090
382090
382090
382090
382090
382090
445994
445994
499177
499177
499177
489699
489699
489699
489699
489699
493051
418706
418706
538078
538078
555387
441058
441058
441058
441058
458461
456427
456427
548383
555387
555387
555387
555387
555387
555387
555387
555387
494191
494191
494191
494191
494191
560671
560671
560671
560671
560671
560671
552644
519773
519773
519773
470848
470848
470848
454668
454668
470318
470318
470318
470318
480905
480905
480905
480905
476608
476733
476733
476733
476733
476733
476733
476733
476733
476733
457172
457172
457172
449752
449752
449752
449752
449752
449752
449752
449752
449752
449752
449752
476906
476906
408825
408825
408825
408825
476906
476906
513448
513448
513448
513448
513448
513448
499990
499990
437087
437087
437087
437087
437087
437087
437087
437087
437087
415163
390512
390512
390512
390512
386968
386968
386968
386968
386968
386968
445596
445596
445596
445596
445596
445596
445596
379536
379536
379536
379536
379536
379536
379536
386492
400209
400209
400209
400209
477006
477006
477006
477006
477006
467030
467030
467030
434963
434963
434963
434963
434963
435727
435727
435727
435727
435727
435727
435727
435727
435727
435727
493718
380901
380901
380901
380901
336387
336387
336387
336387
336387
336387
336387
336387
484589
484589
484589
484589
484589
484589
484589
484589
484589
484589
484589
489895
489895
489895
489895
489895
455988
536942
536942
504569
536942
494789
494789
494789
494789
494789
494789
540957
483921
483921
483921
534095
534095
534095
534095
534095
534095
534095
534095
528637
528637
528637
528637
528637
524507
511135
511135
491973
464058
464058
464058
464058
464058
464058
465513
465513
465513
465513
465513
465513
465513
465513
465513
465513
465513
465513
447706
447706
447706
447706
447706
465513
465513
446809
446809
446809
400271
400271
446809
446809
446809
446809
446809
446809
446809
446809
446809
446809
446809
446809
446809
446809
445787
446809
446809
446809
431897
431897
457926
464748
464748
464748
467108
467108
358982
412683
512311
512311
512311
511109
389071
389071
389071
483984
483984
510298
510298
415254
415254
415254
415254
482502
482502
482502
482502
482502
482502
482502
482502
482502
473440
502454
506695
506695
506695
522295
522295
522295
522295
522295
522295
522295
526461
526461
526461
526461
562602
562602
562602
545206
562602
562602
562602
562602
562602
562602
562602
562602
562602
562602
562602
562602
562602
562602
562602
562602
562602
562602
562602
587340
590847
590847
590847
590847
437988
437988
437988
437988
425718
425718
406586
406586
406586
425718
425718
425718
378479
453497
510532
510532
372805
372805
372805
372805
392177
392177
392177
392177
388899
424416
424416
424416
506037
435525
435525
435525
435525
435525
435525
435525
399684
463084
463084
463084
463084
463084
475513
475513
475513
475513
472307
481051
502445
502445
374539
374539
463064
463064
439870
439870
439870
439870
439870
439870
439870
538453
538453
400532
400532
400532
503446
503446
503446
503446
503446
503446
386900
386900
386900
386900
413815
413815
413815
413815
413815


9.25428
2.54608
1.17404
-14.4984
-16.5425
-30.8269
-9.7703
-14.5544
-0.458014
-16.0865
24.2667
3.84612
-38.9632
5.06215
13.9944
-23.2947
35.4271
-46.0714
11.1903
-37.1911
7.34622
-29.7629
-3.3261
-35.0791
-15.6465
-46.1874
30.1589
15.4385
26.6348
19.7026

0.047

