250403
227301
227301
227301
178301
178301
130784
130784
130784
130784
130784
119075
119075
96020
96020
96020
55032
55032
55032
55032
55032
55032
55032
55032
55032
55032
55032
55032
55032
51197.9
51197.9
51197.9
51197.9
51197.9
51197.9
51197.9
51197.9
51197.9
45216.5
40273.1
29440.2
29440.2
29440.2
22979.1
22979.1
22979.1
22979.1
22979.1
20994.2
20994.2
13614
13614
13614
9792.58
9792.58
9792.58
9792.58
9792.58
9792.58
9792.58
9792.58
9792.58
9792.58
9792.58
9792.58
9516.9
9516.9
9384.27
9384.27
9384.27
9208.9
9208.9
9208.9
8663.51
7799.91
7799.91
7799.91
7799.91
7799.91
7017.11
7017.11
7017.11
7017.11
6948.97
6948.97
6948.97
6948.97
6948.97
6948.97
6948.97
6948.97
6948.97
6235.59
6235.59
6235.59
6235.59
6235.59
6235.59
6235.59
6235.59
4794.99
4794.99
4794.99
4794.99
4794.99
4794.99
4794.99
4794.99
4794.99
4794.99
4138.74
4138.74
4138.74
4138.74
4006.58
4006.58
3817.04
3817.04
3817.04
3817.04
3817.04
3817.04
3817.04
3817.04
3667.41
3667.41
3663.36
3663.36
3417.39
3417.39
3417.39
3417.39
3417.39
2607.86
2141.89
2141.89
2141.89
2141.89
2141.89
2141.89
2141.89
2141.89
2141.89
2141.89
2141.89
2141.89
2141.89
2112.33
2112.33
2079.9
2079.9
2079.9
2079.9
2079.9
2079.9
2048.91
2048.91
2048.91
2048.91
2048.91
2048.91
2048.91
2048.91
2048.91
2048.91
2048.91
2039.4
2039.4
2039.4
2039.4
2039.4
2039.4
2039.4
2039.4
1855.74
1855.74
1855.74
1855.74
1746.46
1746.46
1746.46
1746.46
1746.46
1746.46
1746.46
1713.51
1713.51
1713.51
1713.51
1713.51
1713.51
1713.51
1713.51
1713.51
1713.51
1713.51
1713.51
1713.51
1692.7
1692.7
1692.7
1692.7
1692.7
1692.7
1692.7
1678.72
1678.72
1678.72
1638.35
1638.35
1638.35
1638.35
1638.35
1638.35
1638.35
1638.35
1638.35
1638.35
1614.33
1614.33
1614.33
1614.33
1614.33
1614.33
1614.33
1614.33
1604.4
1604.4
1604.4
1604.4
1604.4
1595.66
1595.66
1595.66
1595.66
1572.11
1572.11
1562.69
1451.28
1451.28
1451.28
1451.28
1451.28
1451.28
1451.28
1451.28
1451.28
1451.28
1193.1
1193.1
1193.1
1193.1
1193.1
1193.1
1105.27
1105.27
1105.27
1105.27
1105.27
1105.27
1105.27
1105.27
1105.27
1105.27
1105.27
1105.27
1099.37
1099.37
1083.14
1083.14
1083.14
1083.14
1083.14
1083.14
1083.14
1083.14
1073.25
1073.25
1069.81
1069.81
1069.81
1069.81
1069.81
1069.81
1069.81
1068.23
1068.23
1068.23
1062.92
1062.92
1060.09
1060.09
1060.09
1060.09
1039.78
1039.78
1039.78
1024.81
1024.81
1024.81
1024.81
852.885
852.885
852.885
852.885
852.885
852.885
852.885
852.037
852.037
852.037
852.037
852.037
852.037
852.037
852.037
852.037
852.037
852.037
852.037
852.037
823.73
823.73
823.73
823.73
729.857
711.928
711.928
711.928
711.928
711.928
711.928
711.928
711.928
711.928
711.928
711.928
656.509
656.509
656.509
656.509
656.509
610.611
610.611
610.611
610.611
610.611
610.611
569.594
569.594
569.594
569.594
569.594
569.594
536.83
536.83
536.83
470.844
470.844
470.844
470.844
470.844
470.844
470.844
470.844
470.844
470.844
470.844
470.844
458.813
458.813
458.813
458.813
458.813
458.813
458.813
458.813
458.813
458.813
458.813
458.813
436.432
436.432
436.432
436.432
436.432
436.432
436.432
436.432
414.682
414.682
407.152
407.152
407.152
407.152
407.152
407.152
401.801
401.801
401.801
401.801
401.801
401.801
401.801
401.801
401.801
401.801
401.801
401.801
401.801
401.801
401.801
401.801
401.801
401.801
401.801
401.801
401.801
401.801
395.712
395.712
395.712
395.712
395.712
395.712
395.712
395.712
395.712
395.712
395.712
395.712
385.578
385.578
385.578
385.578
381.219
381.219
381.219
381.219
381.219
381.219
381.219
380.727
380.727
380.727
380.727
380.727
380.588
380.588
380.588
380.588
380.588
353.562
353.562
353.562
353.562
353.562
353.562
353.562
353.562
353.562
353.562
353.562
353.562
353.562
353.562
353.562
353.562
353.562
353.562
353.562
353.562
353.562
353.562
353.562
353.562
353.562
353.562
353.562
353.562
353.562
352.631
352.631
352.631
352.631
352.631
352.631
352.631
352.631
352.631
352.631
352.264
352.264
352.264
352.264
352.264
352.264
352.264
352.207
352.207
352.207
351.551
351.551
351.551
351.551
351.551
351.551
351.551
351.551
351.551
351.551
351.551
351.551
351.551
351.551
351.551
351.551
343.086
343.086
343.086
343.086
343.086
343.086
343.086
343.086
343.086
175.206
175.206
175.206
175.206
175.206
175.206
175.206
175.206
136.702
136.702
136.702
136.702
136.702
136.702
136.702
136.702
136.702
136.702
136.702
136.516
135.536
135.536
135.536
135.536
135.536
134.222
134.222
134.222
134.222
134.222
134.222
134.222
134.222
134.222
134.222
134.222
134.222
134.222
134.222
134.222
134.222
134.222
134.222
134.222
134.222
134.222
134.222
134.222
134.222
132.13
130.326
130.326
130.326
130.326
130.326
130.326
130.326
130.326
130.326
130.326
130.084
130.084
130.084
130.084
130.084
130.084
130.084
130.084
130.084
130.084
130.084
130.084
130.084
130.084
130.084
130.084
130.084
130.084
130.084
129.974
129.74
126.219
126.219
126.219
126.219
126.219
125.686
125.686
125.686
125.686
125.686
125.686
125.686
125.686
125.686
125.686
125.686
125.686
125.686
125.686
125.686
125.686
125.686
125.686
125.686
125.686
125.686
125.686
125.686
125.686
125.686
125.686
125.686
125.661
125.661
125.661
125.661
125.661
125.661
125.661
125.661
125.661
125.602
125.473
125.473
125.473
125.473
125.473
125.473
125.473
125.473
125.473
125.473
125.353
125.353
125.353
125.353
125.353
125.353
125.353
125.353
125.353
125.353
125.353
125.353
125.353
125.353
125.353
125.283
125.283
125.275
125.275
125.244
125.244
125.244
125.244
125.244
125.244
125.244
125.244
125.244
125.244
125.244
125.244
125.244
124.933
124.933
124.933
124.933
124.933
124.933
124.933
124.933
124.926
124.926
124.926
124.648
124.648
124.648
124.648
124.648
124.648
124.648
124.603
124.603
124.603
124.603
124.603
124.603
124.603
124.603
124.603
124.603
124.603
124.603
119.123
119.123
119.123
119.123
119.123
119.123
79.6779
79.6779
79.6779
79.6779
79.6779
79.6779
79.6779
79.6779
79.6779
79.6779
79.6779
79.6779
79.6779
79.6779
79.6779
79.6779
79.6779
79.6779
79.6779
79.6779
79.6779
79.6779
79.6779
79.6779
79.6779
79.6779
79.6779
79.6779
79.6779
79.6779
79.6779
79.6779
79.6779
79.6779
79.6779
79.6779
79.6779
79.6779
79.6779
79.6779
76.9879
76.9879
76.9879
76.9879
76.9879
76.9879
76.9879
76.9879
76.9879
76.9879
76.9879
73.7464
73.7464
73.7464
73.7464
73.7464
73.7464
73.7464
73.7464
73.7464
73.7464
73.7464
73.7464
73.7464
73.7464
73.7464
73.7464
73.7464
73.7464
73.7464
73.7464
73.7464
73.7464
73.7464
73.7464
73.7464
73.7464
73.7464
73.7464
73.7464
73.7464
73.7464
73.7464
73.7464
73.7464
73.7464
73.7464
73.7464
73.7464
73.7464
73.7464
73.7464
73.7464
73.2832
73.2832
73.2832
73.2832
73.2832
73.2832
73.2832
73.2832
73.2832
73.2832
73.2832
73.2832
73.2832
73.2832
73.2832
73.2832
73.2832
73.2832
73.2832
73.2832
73.2832
73.2832
73.2832
73.2832
73.2832
73.2832
73.2832
73.2832
73.2832
73.2832
73.2832
73.2832
73.2832
73.2832
73.2832
73.2832
73.2832
73.2832
73.2832
73.2832
73.2832
73.2832
73.2832
73.2832
73.2832
73.2832
73.2832
73.2832
73.2832
73.2832
73.2832
73.2832
73.2832
73.2832
73.2832
73.2832
73.2832
73.2832
73.2832
73.2832
73.2832
73.2832
73.2832
73.2172
73.2172
73.2172
73.2172
73.2172
73.2172
73.2172
73.2172
73.2172
73.2172
73.2172
73.2172
73.2172
73.2172
73.2096
73.2096
73.2096
73.2096
73.2096
73.1969
72.9659
72.9659
72.9659
72.9659
72.9659
72.9659
72.9659
72.9659
72.9659
72.9659
72.9659
72.9659
72.9659
72.9659
72.9659
72.9659
72.9659
72.9659
72.9659
72.9659
72.9659
72.9659
72.9659
72.9659
72.9659
72.9659
72.9659
72.9659
72.9659
72.9659
72.9659
72.9659
72.9659
72.9389
72.8781
72.8781
72.8781
72.8781
72.8781
72.8781
72.8781
72.8781
72.8781
72.7206
72.7206
72.7206
72.7206
72.7206
72.7206
72.7206
72.7206
72.7206
72.7206
72.7206
72.7206
72.7206
72.7206
72.7206
72.7206
72.7206
72.7206
72.6937
72.6937
72.6937
72.6937
72.6937
72.6937
72.6931
72.6931
72.6931
72.6931
72.6931
72.6931
72.6743
72.6743
72.6743
72.6743
72.6464
72.6464
72.6464
72.6464
72.6464
72.6464
72.5522
72.5522
72.5522
72.5162
72.5162
72.5162
72.5162
72.5162
72.5162
72.5162
72.5162
72.5162
72.5162
72.5162
72.5162
72.5162
72.5162
72.5162
72.5162
72.5162
72.5162
72.5162
72.5162
72.5162
72.5162
72.5162
72.5162
72.5162
72.5162
72.5162
72.5162
72.5162
72.5162
72.5146
72.5146
72.5146
72.5146
72.5146
72.5146
72.4998
72.4849
72.4842
72.4842
72.4842
72.4842
72.4842
72.4842
72.4842
72.4842
72.4842
72.4842
72.4842
72.4842
72.4842
72.4842
72.4842
72.4842
72.4842
72.4842
72.4842
72.4708
72.4708
72.4708
72.4708
72.4708
72.4708
72.4708
72.4708
72.4708
72.4708
72.4708
72.4666
72.4136
72.4136
72.4136
72.4136
72.4136
72.4136
72.4136
72.4136
72.4136
72.4136
72.4136
72.4136
72.4136
72.4136
72.4136
72.4136
72.4136
72.4136
72.4136
72.4136
72.4136
72.4136
72.4136
72.4136
72.4136
72.4136
72.4136
72.4136
72.4136
72.4136
72.4136
72.3645
72.3645
72.3645
72.3645
72.3645
72.3645
72.3645
72.3645
72.3645
72.3645
72.3645
72.3645
72.3645
72.3645
72.3645
72.3645
72.3645
72.3645
72.3645
72.3645
72.3645
72.3645
72.3645
72.3645
72.3645
72.3645
72.3645
72.3645
72.3645
72.3645
72.3645
72.3645
72.3645
72.3645
72.3645
72.3645
72.3645
72.3645
72.3645
72.3645
72.3645
72.3645
72.3645
72.3645
72.3645
72.3645
72.3645
72.3645
72.3645
72.3645
72.3645
72.3645
72.3571
72.3456
72.3456
72.3456
72.3456
72.3456
72.3381
72.3381
72.3381
72.3381
72.3381
72.3381
72.3381
72.3381
72.3381
72.3381
72.3381
72.3381
72.3381
72.3381
72.3381
72.3381
72.3381
72.3381
72.3381
72.3364
72.3364
72.3364
72.3364
72.3364
72.3339
72.3339
72.3337
72.3337
72.3337
72.3337
72.3337
72.3181
72.3181
72.3181
72.3181
72.3181
72.3181
72.3181
72.3181
72.3175
72.3175
72.3175
72.3175
72.3175
72.3175
72.3175
72.3175
72.3175
72.3175
72.3175
72.3175
72.3175
72.3175
72.3175
72.3175
72.3175
72.3175
72.3175
72.3175
72.3175
72.3175
72.3175
72.3175
72.3175
72.3175
72.3175
72.3175
72.3175
72.3158
72.3158
72.3158
72.3073
72.3073
72.3073
72.2613
72.2613
72.2613
72.2613
72.2613
72.2613
72.2613
72.2613
72.2613
72.2613
72.2613
72.2597
72.2597
72.2597
72.2597
72.2094
72.2094
72.2094
72.2094
72.2094
72.2094
72.2094
72.2094
70.0507
70.0507
69.6492
69.6492
69.6492
69.6492
69.6492
69.6492
69.6492
69.6492
69.6492
69.6492
69.6492
69.6492
69.6492
69.6492
69.6492
69.6492
69.6492
69.6492
69.6492
69.6492
69.6492
69.6325
69.6325
69.6325
69.6325
69.6325
69.5013
69.5013
69.5013
69.5013
69.5013
69.5013
69.5013
69.5013
69.5013
69.5013
69.5013
69.5013
69.5013
69.5013
69.5013
69.5013
69.4351
69.4351
69.4351
69.4351
69.4351
69.4351
69.4351
69.4351
69.4351
69.4351
69.4351
69.4351
69.4351
69.4351
69.4351
69.4351
69.4351
69.4351
69.4351
69.4351
69.4351
69.4351
69.4351
69.4351
69.4351
69.4351
69.4351
69.4351
69.4351
69.4351
69.4351
69.4351
69.4351
69.1771
69.1771
69.1771
69.1771
69.1771
69.1771
69.1771
69.1771
69.1771
69.1771
69.1771
69.1771
69.1771
69.1771
69.1771
69.1771
69.1771
69.1771
68.9772
68.9772
68.9772
68.9772
68.9772
68.9772
68.9772
68.9772
68.9772
68.9772
68.9772
68.9772
68.9772
68.9772
68.9772
68.9745
68.9745
68.9745
68.9745
68.9395
68.9395
68.9395
68.9395
68.9395
68.9395
68.9395
68.9395
68.9395
68.9395
68.9395
68.9395
68.9395
68.9395
68.9395
68.9395
68.9395
68.9395
68.9395
68.9395
68.9395
68.9395
68.9395
68.9395
68.9395
68.9267
68.9267
68.9267
68.9267
68.9267
68.9267
68.9267
68.9267
68.9267
68.9267
68.9267
68.9267
68.9267
68.9267
68.9267
68.9267
68.9267
68.9267
68.9267
68.9267
68.9267
68.9267
68.9267
68.9267
68.9267
68.9267
68.9267
68.9267
68.9232
68.9157
68.9157
68.9157
68.9157
68.9157
68.9157
68.9157
68.9157
68.9157
68.8994
68.8994
68.8994
68.8994
68.8994
68.8994
68.8994
68.8994
68.8994
68.8994
68.8994
68.8994
68.8994
68.8994
68.8994
68.8994
68.8994
68.8994
68.8994
68.8991
68.8991
68.8991
68.8991
68.8991
68.8956
68.8956
68.8956
68.8956
68.894
68.894
68.8902
68.8902
68.8902
68.8692
68.8692
68.8684
68.8684
68.8684
68.8684
68.8684
68.8684
68.8684
68.8684
68.8684
68.8637
68.8637
68.8637
68.8637
68.8637
68.8637
68.8637
68.8637
68.8637
68.8637
68.8637
68.8637
68.8637
68.8637
68.8637
68.8637
68.8637
68.8637
68.8637
68.8617
68.8587
68.8587
68.8564
68.8564
68.8564
68.8559
68.8559
68.8559
68.8559
68.8559
68.8559
68.8559
68.8559
68.8559
68.8559
68.8559
68.8559
68.8559
68.8559
68.8505
68.8505
68.8505
68.8505
68.8505
68.8505
68.8505
68.8505
68.8505
68.8505
68.8505
68.8505
68.848
68.848
68.848
68.848
68.848
68.848
68.8389
68.8389
68.8389
68.8389
68.8389
68.8389
68.8389
68.8389
68.8389
68.8389
68.8389
68.8389
68.8389
68.8389
68.8389
68.8389
68.8389
68.8389
68.8389
68.8389
68.8387
68.8387
68.8387
68.8387
68.8387
68.8387
68.8387
68.8387
68.8375
68.8375
68.8375
68.8375
68.8375
68.8375
68.8375
68.8375
68.8375
68.8375
68.8371
68.8371
68.8356
68.8356
68.8348
68.8348
68.8348
68.8348
68.8348
68.8348
68.8348
68.8348
68.8348
68.8348
68.8348
68.8341
68.8341
68.8341
68.8341
68.8294
68.8294
68.8294
68.8294
68.8294
68.8294
68.8294
68.8294
68.8294
68.8294
68.8294
68.8294
68.8294
68.8294
68.8294
68.828
68.828
68.828
68.828
68.828
68.828
68.828
68.828
68.828
68.828
68.828
68.828
68.828
68.828
68.828
68.828
68.828
68.828
68.828
68.8274
68.8274
68.8272
68.8272
68.827
68.827
68.827
68.827
68.827
68.826
68.826
68.826
68.826
68.826
68.826
68.825
68.825
68.825
68.825
68.825
68.825
68.825
68.8242
68.8242
68.8242
68.8242
68.8242
68.8242
68.8242
68.8242
68.8242
68.8242
68.8242
68.8242
68.8242
68.8242
68.8242
68.8242
68.8242
68.8242
68.8242
68.8242
68.8242
68.8242
68.8242
68.823
68.823
68.823
68.823
68.823
68.823
68.823
68.822
68.822
68.822
68.822
68.822
68.822
68.822
68.822
68.822
68.822
68.822
68.822
68.822
68.822
68.822
68.822
68.822
68.822
68.822
68.822
68.822
68.821
68.821
68.821
68.821
68.821
68.8209
68.8209
68.8209
68.8209
68.8209
68.8209
68.8209
68.8209
68.8209
68.8209
68.8209
68.8209
68.8209
68.8209
68.8209
68.8199
68.8199
68.8199
68.8199
68.8199
68.8199
68.8199
68.8199
68.8199
68.8199
68.8198
68.8198
68.8198
68.8198
68.8198
68.8198
68.8198
68.8198
68.8198
68.8198
68.8198
68.8195
68.8195
68.8195
68.8195
68.8195
68.8195
68.8195
68.8195
68.8195
68.8195
68.8195
68.8195
68.8195
68.8184
68.8184
68.8184
68.8184
68.8184
68.8184
68.8183
68.8183
68.8183
68.8183
68.8183
68.8183
68.8183
68.8183
68.8183
68.8183
68.8183
68.8183
68.8183
68.8183
68.8183
68.8183
68.8183
68.8183
68.8183
68.8183
68.818
68.818
68.818
68.818
68.818
68.8179
68.8174
68.8174
68.8174
68.8174
68.8174
68.8174
68.8174
68.8174
68.8174
68.8152
68.8152
68.8152
68.8152
68.8152
68.8152
68.8152
68.8152
68.8152
68.8152
68.8152
68.8152
68.8152
68.8152
68.8152
68.8152
68.8152
68.8152
68.8152
68.8152
68.8152
68.8152
68.8152
68.8152
68.8152
68.8152
68.8152
68.8152
68.8152
68.8152
68.8152
68.8152
68.8152
68.8152
68.8152
68.8152
68.8152
68.8152
68.8152
68.8152
68.8152
68.8152
68.8152
68.8152
68.813
68.813
68.813
68.813
68.813
68.813
68.813
68.813
68.813
68.813
68.813
68.813
68.813
68.813
68.813
68.813
68.813
68.813
68.813
68.813
68.813
68.813
68.813
68.813
68.813
68.813
68.813
68.813
68.813
68.813
68.813
68.813
68.813
68.813
68.813
68.813
68.813
68.813
68.813
68.813
68.813
68.813
68.813
68.813
68.813
68.813
68.813
68.813
68.813
68.813
68.813
68.813
68.813
68.813
68.813
68.813
68.813
68.813
68.813
68.813
68.813
68.813
68.813
68.813
68.813
68.813
68.8119
68.8119
68.8119
68.8119
68.8119
68.8119
68.8119
68.8119
68.8119
68.8119
68.8095
68.8095
68.8095
68.8095
68.8095
68.8095
68.8095
68.8095
68.8095
68.8095
68.8095
68.8095
68.8095
68.8095
68.8093
68.8093
68.8093
68.8093
68.8093
68.8093
68.8093
68.8093
68.8093
68.8093
68.8093
68.8093
68.8093
68.8093
68.8093
68.8093
68.8093
68.8093
68.8093
68.8093
68.8083
68.8083
68.8083
68.8083
68.8083
68.8083
68.8083
68.8083
68.8083
68.8083
68.8083
68.8083
68.8083
68.8083
68.8083
68.8083
68.8083
68.8083
68.8083
68.8083
68.8083
68.8083
68.8083
68.8083
68.8083
68.8083
68.8083
68.8083
68.8083
68.8083
68.8068
68.8068
68.8068
68.8068
68.8068
68.8068
68.8068
68.8068
68.8068
68.8068
68.8068
68.8068
68.8068
68.8068
68.8068
68.8068
68.8068
68.8068
68.8057
68.8057
68.8057
68.8057
68.8057
68.8057
68.8057
68.8057
68.8057
68.8057
68.8057
68.8057
68.8057
68.8057
68.8057
68.8057
68.8057


0.00425212
0.00998516
0.0140369
0.0113242
0.0128085
0.0156919
0.0137759
0.0166051
0.0166835
0.0139663
0.0141212
0.0154158
0.0156007
0.0143789
0.0133757
0.0173821
0.0160673
0.0126863
0.0209721
0.0139002
0.0315433
0.0113788
-0.0559248
-0.00741236
-0.2587
0.00363059
-0.941634
-0.0760147
3.14688
-6.70202

0.049

