586.133
388.15
323.257
323.257
323.257
323.257
323.257
323.257
323.257
323.257
205.989
205.989
205.989
205.989
205.989
205.989
205.989
205.989
205.989
205.989
205.989
205.989
205.989
205.989
205.989
205.989
205.989
205.989
205.989
205.989
174.285
174.285
174.285
174.285
174.285
174.285
174.285
174.285
174.285
174.285
174.285
174.285
174.285
174.285
174.285
174.285
174.285
174.285
174.285
174.285
174.285
133.778
133.778
133.778
133.778
133.778
133.778
133.778
133.778
133.778
133.778
133.778
133.778
124.557
124.557
124.557
124.557
124.557
124.557
124.557
124.557
124.557
124.557
124.557
124.557
124.557
124.557
95.584
95.584
95.584
95.584
95.584
95.584
95.584
95.584
95.584
95.584
95.584
95.584
95.584
95.584
95.584
95.584
95.584
95.584
87.6613
87.6613
87.6613
87.6613
87.6613
87.6613
72.8043
72.8043
72.8043
72.8043
72.8043
72.8043
72.8043
72.8043
72.8043
72.8043
72.8043
72.8043
72.8043
72.8043
72.8043
72.8043
72.8043
72.8043
72.8043
72.8043
72.8043
72.8043
72.8043
72.8043
60.6699
60.6699
60.6699
60.6699
60.6699
60.6699
60.6699
60.6699
60.6699
60.6699
60.6699
60.6699
60.6699
60.6699
60.6699
60.6699
44.9681
44.9681
44.9681
44.9681
44.9681
44.9681
44.9681
44.9681
44.9681
44.9681
44.9681
44.9681
44.9681
44.9681
44.9681
44.9681
44.9681
44.9681
44.9681
44.9681
44.9681
44.9681
44.9681
44.9681
44.9681
44.9681
44.9681
44.9681
44.9681
44.9681
44.9681
44.9681
44.9681
41.0248
41.0248
41.0248
41.0248
41.0248
41.0248
41.0248
41.0248
41.0248
41.0248
41.0248
41.0248
36.141
36.141
36.141
36.141
36.141
36.141
36.141
36.141
36.141
36.141
36.141
36.141
36.141
36.141
36.141
36.141
36.141
36.141
36.141
36.141
36.141
36.141
36.141
36.141
36.141
36.141
36.141
36.141
36.141
36.141
36.141
36.141
36.141
36.141
36.141
36.141
36.141
36.141
36.141
36.141
36.141
36.141
35.7471
35.7471
35.7471
35.7471
35.7471
35.7471
35.7471
35.7471
35.7471
35.7471
35.7471
35.7471
35.7471
35.7471
35.7471
35.7471
35.7471
35.7471
35.7471
35.7471
35.7471
35.7471
35.7471
35.7471
35.7471
35.7471
35.7471
35.7471
35.7471
35.7471
35.7471
35.7471
35.7471
35.7471
33.4976
33.4976
33.4976
33.4976
33.4976
33.4976
33.4976
33.4976
33.4976
33.4976
33.4976
33.4976
33.4976
33.4976
33.4976
33.4976
33.4976
33.4976
33.4976
33.4976
33.4976
33.4976
33.4976
33.4976
33.4976
33.4976
33.4976
33.4976
33.4976
31.9327
31.9327
31.9327
31.9327
31.6245
31.6245
31.6245
31.6245
31.6245
31.6245
31.6245
28.4629
28.4629
28.4629
28.4629
28.4629
28.4629
28.4629
28.4629
28.4629
28.4629
28.4629
28.4629
28.4629
28.4629
28.4629
28.4629
28.4629
28.4629
28.4629
28.4629
28.4629
28.4629
28.4629
28.4629
28.4629
28.4629
28.4629
28.4629
28.4629
28.4629
28.4629
28.4629
28.4629
28.4629
28.4629
25.2018
25.2018
25.2018
25.2018
25.2018
25.2018
25.2018
25.2018
25.2018
25.2018
25.2018
25.2018
25.2018
25.2018
25.2018
25.2018
25.2018
25.2018
25.2018
25.2018
25.2018
25.2018
25.2018
25.2018
25.2018
25.2018
25.2018
25.2018
25.2018
25.2018
25.2018
25.2018
25.2018
25.2018
23.3997
23.3997
23.3997
23.3997
23.3997
23.3997
23.3997
23.3997
23.3997
23.3997
23.3997
23.3997
23.3997
23.3997
23.3997
23.3997
23.3997
23.3997
23.3997
23.3997
23.3997
23.3997
23.3331
23.3331
23.3331
23.3331
23.3331
23.3331
23.3331
23.3331
23.3331
23.3331
23.3331
23.3331
23.3331
23.3331
23.3331
23.3331
23.3331
23.3331
23.3331
23.3331
23.3331
23.3331
23.3331
23.3331
23.3331
23.3331
23.3331
23.3331
23.3331
23.3331
23.3331
23.3331
23.3331
23.3331
23.3331
23.3331
23.3331
23.3331
23.3331
23.3331
23.3331
23.3331
23.3331
23.3331
23.3331
23.3331
23.3331
23.3331
23.3331
23.3331
23.3331
23.3331
23.3331
23.3331
23.3331
23.3331
23.3331
23.3331
23.3331
23.3331
23.3331
23.3331
23.3331
23.3331
23.3331
23.3331
23.3331
22.5205
22.5205
22.5205
22.5205
22.5205
22.5205
22.5205
22.5205
22.5205
22.5205
22.5205
22.5205
22.5205
22.5205
22.5205
22.5205
22.5205
22.5205
22.5205
22.5205
22.5205
22.5205
22.5205
22.5205
22.5205
22.5205
22.5205
22.5205
22.5205
22.5205
22.5205
22.5205
22.5205
22.5205
22.5205
22.5205
22.5205
22.5205
22.5205
22.5205
22.5205
22.5205
22.5205
22.5205
21.632
21.632
21.632
21.632
21.632
21.632
21.632
21.632
21.632
21.632
20.6864
20.6864
20.6864
20.6864
20.6864
20.6864
20.6864
20.6864
20.6864
20.6864
20.6864
20.6864
20.6864
20.6864
20.6864
20.6864
20.6864
20.6864
20.6864
20.6864
20.6864
20.6864
20.6864
20.6864
20.6864
20.6864
20.6864
20.6864
20.6864
20.6864
20.6864
20.6864
20.6864
20.6864
20.6864
20.6864
20.6864
20.6864
20.6864
20.6864
20.6864
20.6864
20.6864
20.6864
20.6864
20.6864
20.6864
20.6864
20.6864
20.6864
20.6864
20.6864
20.6864
20.6864
20.6864
20.6864
20.6864
20.6864
20.6864
20.6864
20.6864
20.6864
20.6864
20.6864
20.6864
20.6864
20.6864
20.6864
20.6864
20.6864
20.6864
20.6864
20.6864
20.6864
20.6864
20.6864
20.6864
20.6864
20.6864
20.6864
20.6864
20.6864
20.6864
20.6864
20.6864
20.6864
20.6864
20.6864
20.6864
20.6864
20.6864
20.6864
20.6864
20.6864
20.6864
20.6864
20.6864
20.6864
20.6864
20.6864
20.6864
20.6864
20.6864
20.6864
20.6864
20.6864
20.6864
20.6864
20.6864
20.6864
20.6864
20.6864
20.6864
20.6864
20.6864
20.6864
20.6864
20.6864
20.6864
20.6864
20.6864
20.6864
20.6864
20.6864
20.6864
20.6864
20.6864
20.6864
20.6864
20.6864
20.6864
20.6864
20.6864
20.6864
20.6864
20.6864
20.6864
20.6864
20.6864
20.6864
20.6864
20.6864
20.6864
20.6864
20.6864
20.6864
20.6864
20.6864
20.6864
20.6864
20.6864
20.6864
20.6864
20.6864
20.6864
20.6864
20.6864
20.6864
20.6864
20.6864
20.6864
20.6864
20.6864
20.6864
20.6864
20.6864
20.6864
20.6864
20.2067
20.2067
20.2067
20.2067
20.2067
20.2067
20.2067
20.2067
20.2067
20.2067
20.2067
20.2067
20.2067
20.2067
20.2067
20.2067
20.2067
20.2067
20.2067
20.2067
20.2067
20.2067
20.2067
20.2067
20.2067
20.2067
20.2067
20.2067
20.2067
20.2067
20.2067
20.2067
20.2067
20.2067
20.2067
20.2067
20.2067
20.2067
20.2067
20.2067
20.2067
20.2067
20.2067
20.2067
20.2067
20.2067
20.2067
20.2067
20.2067
20.2067
20.2067
20.2067
20.2067
20.2067
20.2067
20.2067
20.2067
20.2067
20.2067
20.2067
20.2067
20.2067
20.2067
20.2067
20.2067
20.2067
20.2067
20.2067
20.2067
20.2067
20.2067
20.2067
20.2067
20.2067
20.2067
20.2067
20.2067
20.2067
20.2067
20.2067
20.2067
20.2067
20.2067
20.2067
20.2067
20.2067
20.2067
20.2067
20.2067
20.2067
20.2067
20.2067
20.2067
20.2067
20.2067
20.2067
20.2067
20.2067
20.2067
20.2067
20.2067
20.2067
20.2067
20.2067
20.2067
20.2067
20.2067
20.2067
20.2067
20.2067
20.2067
20.2067
20.2067
20.2067
20.2067
20.2067
20.2067
20.2067
20.2067
20.2067
20.2067
20.2067
20.2067
20.2067
19.8342
19.8342
19.8342
19.8342
19.8342
19.8342
19.8342
19.8342
19.8342
19.8342
19.8342
19.8342
19.8342
19.8342
19.8342
19.8342
19.8342
19.8342
19.8342
19.8342
19.8342
19.8342
19.8342
19.8342
19.8342
19.8342
19.8342
19.8342
19.8342
19.8342
19.8342
19.8342
19.8342
19.8342
19.8342
19.8342
19.8342
19.8342
19.8342
19.8342
19.8342
19.8342
19.8342
19.8342
19.8342
19.8342
19.8342
19.8342
19.8342
19.8342
19.8342
19.8342
19.8342
19.8342
19.8342
19.8342
19.8342
19.8342
19.8342
19.8342
19.8342
19.8342
19.8342
19.8342
19.8342
19.8342
19.8342
19.8342
19.8342
19.8342
19.8342
19.8342
19.8342
19.8342
19.8342
19.8342
19.8342
19.8342
19.8342
19.8342
19.8342
19.8342
19.8342
19.8342
19.8342
19.8342
19.8342
19.8342
19.8342
19.8342
19.8342
19.8342
19.8342
19.8342
19.8342
19.8342
19.8342
19.8342
19.8342
19.8342
19.8342
19.8342
19.8342
19.8342
19.8342
19.8342
19.8342
19.8342
19.8342
19.8342
19.8342
19.8342
19.8342
19.8342
19.8342
18.5909
18.5909
18.5909
18.5909
18.5909
18.5909
18.5909
18.5909
18.5909
18.5909
18.5909
18.5909
18.5909
18.5909
18.5909
18.5909
18.5909
18.5909
18.5909
18.5909
18.5909
18.5909
18.5909
18.5909
18.5909
18.5909
18.5909
18.5909
18.5909
18.5909
18.5909
18.5909
18.5909
18.5909
18.5909
18.5909
18.5909
18.5909
18.5909
18.5909
18.5909
18.5909
18.5909
18.5909
18.5909
18.5909
18.5909
18.5909
18.5909
18.5909
18.5909
18.5909
18.5909
18.5909
18.5909
18.5909
18.5909
18.5909
18.5909
18.5909
18.5909
18.5909
18.5909
18.5909
18.5909
18.5909
18.5909
18.3715
18.3715
18.3715
18.3715
18.3715
18.3715
18.3715
18.3715
18.3715
18.3715
18.3715
18.3715
18.3715
18.3715
18.3715
18.3715
18.3715
18.3715
18.3715
18.3715
18.3715
18.3715
18.3715
18.3715
18.3715
18.3715
18.3715
18.3715
18.3715
18.3715
18.3715
18.3715
18.3715
18.3715
18.3715
18.3715
18.3715
18.3715
18.3715
18.3715
18.3715
18.3715
18.3715
18.3715
18.3715
18.3715
18.3715
18.3715
18.3715
18.3715
18.3715
18.3715
18.3715
18.3715
18.3715
18.3715
18.3715
18.3715
18.3715
18.3715
18.3715
18.3715
18.3715
18.3715
18.3715
18.3715
18.3715
18.3715
18.3715
18.3715
18.3715
18.3715
18.3715
18.3715
18.3715
18.3715
18.3715
18.3715
18.3715
18.3715
18.3715
18.3715
18.3715
18.3715
18.3715
18.3715
18.3715
18.3715
18.3715
18.3715
18.3715
18.3715
18.3715
18.3715
18.3715
18.3715
18.3715
18.3715
18.3715
18.3715
18.3715
18.3715
18.3715
18.3715
18.3715
18.3715
18.3715
18.3715
18.3715
18.3715
18.3715
18.3715
18.3715
18.3715
18.3715
18.3715
18.3715
18.3715
18.3715
18.3715
18.3715
18.3715
18.3715
18.3715
18.3715
18.3715
18.3715
18.3715
18.3715
18.3715
18.3715
18.3715
18.3715
18.3715
18.3715
18.3715
18.3715
18.3715
18.3715
18.3715
18.3715
18.3715
18.3715
18.3715
18.3715
18.3715
18.3715
18.3715
18.3715
18.3715
18.3715
18.3715
18.3715
18.3715
18.3715
18.3715
18.3715
18.3715
18.3715
18.3715
18.3715
18.3715
18.3715
18.3715
18.3715
18.3715
18.3715
18.3715
18.3715
18.3715
18.3715
18.3715
18.3715
18.3715
18.3715
18.3715
18.3715
18.3715
18.3715
18.3715
18.3715
18.3715
18.3715
18.3715
18.3715
18.3715
18.3715
18.3715
18.3715
18.3715
18.3715
18.3715
18.3715
18.3715
18.3715
18.3715
18.3715
18.3715
18.3715
18.3715
18.3715
18.3715
18.3715
18.3715
18.3715
18.3715
18.3715
18.3715
18.3715
18.3715
18.3715
18.3715
18.3715
18.3715
18.3715
18.3715
18.3715
18.3715
18.3715
18.3715
18.3715
18.3715
18.3715
18.3715
18.3715
18.3715
18.3715
18.3715
18.3715
18.3715
18.3715
18.3715
18.3715
18.3715
18.3715
18.3715
18.3715
18.3715
18.3715
18.3715
18.3715
18.3715
18.3715
18.3715
18.3715
18.3715
18.3715
18.3715
18.3715
18.3715
18.3715
18.3715
18.3715
18.3715
18.3715
18.3715
18.3715
18.3715
18.3715
18.3715
18.3715
18.3715
18.3715
18.3715
18.3715
18.3715
18.3715
18.3715
18.3715
18.3715
18.3715
18.3715
18.3715
18.3715
18.3715
18.3715
18.3715
18.3715
18.3715
18.3715
18.3715
18.3715
18.3715
18.3715
18.3715
18.3715
18.3715
18.3715
18.3715
18.3715
18.3715
18.3715
18.3715
18.3715
18.3715
18.3715
18.3715
18.3715
18.3715
18.3715
18.3715
18.3715
18.3715
18.3715
18.3715
18.2048
18.2048
18.2048
18.2048
18.2048
18.2048
18.2048
18.2048
18.2048
18.2048
18.2048
18.2048
18.2048
18.2048
18.2048
18.2048
18.2048
18.2048
18.2048
18.2048
18.2048
18.2048
18.2048
18.2048
18.2048
18.2048
18.2048
18.2048
18.2048
18.2048
18.2048
18.2048
18.2048
18.2048
18.2048
18.2048
18.2048
18.2048
18.2048
18.2048
18.2048
18.2048
18.2048
18.2048
18.2048
18.2048
18.2048
18.2048
18.2048
18.2048
18.2048
18.2048
18.2048
18.2048
18.2048
18.2048
18.2048
18.2048
18.2048
18.2048
18.2048
18.2048
18.2048
18.2048
18.2048
18.2048
18.2048
18.2048
18.2048
18.2048
18.2048
18.2048
18.2048
18.2048
18.2048
18.2048
18.2048
18.2048
18.2048
18.2048
18.2048
18.2048
18.2048
18.2048
18.2048
18.2048
18.2048
18.2048
18.2048
18.2048
18.2048
18.2048
18.2048
18.2048
18.2048
18.2048
18.2048
18.2048
18.2048
18.2048
18.2048
18.2048
18.2048
18.2048
18.2048
18.2048
18.2048
18.2048
18.2048
18.2048
18.2048
18.2048
18.2048
18.2048
18.2048
18.2048
18.2048
18.2048
18.2048
18.2048
18.2048
18.2048
18.2048
18.2048
18.2048
18.2048
18.2048
18.2048
18.2048
18.2048
18.2048
18.2048
18.2048
18.2048
18.2048
18.2048
18.2048
18.2048
18.2048
18.2048
18.2048
18.2048
18.2048
18.2048
18.2048
18.2048
18.2048
18.2048
18.2048
18.2048
18.2048
18.2048
18.2048
18.2048
18.2048
18.2048
18.2048
18.2048
18.2048
18.2048
18.2048
18.2048
18.2048
18.2048
18.2048
18.2048
18.2048
18.2048
18.2048
18.2048
18.2048
18.2048
18.2048
18.2048
18.2048
18.2048
18.2048
18.2048
18.2048
18.2048
18.2048
18.2048
18.2048
18.2048
18.2048
18.2048
18.2048
18.2048
18.2048
18.2048
18.2048
18.2048
18.2048
18.2048
18.2048
18.2048
18.2048
18.2048
18.2048
18.2048
18.2048
18.2048
18.2048
18.2048
18.2048
18.2048
18.2048
18.2048
18.2048
18.2048
18.2048
18.2048
18.2048
18.2048
18.2048
18.2048
17.6744
17.6744
17.6744
17.6744
17.6744
17.6744
17.6744
17.6744
17.6744
17.6744
17.6744
17.6744
17.6744
17.6744
17.6744
17.6744
17.6744
17.6744
17.6744
17.6744
17.6744
17.6744
17.6744
17.6744
17.6744
17.6744
17.6744
17.6744
17.6744
17.6744
17.6744
17.6744
17.6744
17.6744
17.6744
17.6744
17.6744
17.6744
17.6744
17.6744
17.6744
17.6744
17.6744
17.6744
17.6744
17.6744
17.6744
17.6744
17.6744
17.6744
17.6744
17.6744
17.6744
17.6744
17.6744
17.6744
17.6744
17.6744
17.6744
17.6744
17.6744
17.6744
17.6744
17.6744
17.6744
17.6744
17.6744
17.6744
17.6744
17.6744
17.6744
17.6744
17.6744
17.6744
17.6744
17.6744
17.6744
17.6744
17.6744
17.6744
17.6744
17.6744
17.6744
17.6744
17.6744
17.6744
17.6744
17.6744
17.6744
17.6744
17.6744
17.6744
17.6744
17.6744
17.6744
17.6744
17.6744
17.6744
17.6744
17.6744
17.6744
17.6744
17.6744
17.6744
17.6744
17.6744
17.6744
17.6744
17.6744
17.6744
17.6744
17.6744
17.6744
17.6744
17.6744
17.6744
17.6744
17.6744
17.6744
17.6744
17.6744
17.6744
17.6744
17.6744
17.6744
17.6744
17.6744
17.6744
17.6744
17.6744
17.6744
17.6744
17.6744
17.6744
17.6744
17.6744
17.6744
17.6744
17.6744
17.6744
17.6744
17.6744
17.6744
17.6744
17.6744
17.6744
17.6744
17.6744
17.6744
17.6744
17.6744
17.6744
17.6744
17.6744
17.6744
17.6744
17.6744
17.6744
17.6744
17.6744
17.6744
17.6744
17.6744
17.6744
17.6744
17.6744
17.6744
17.6744
17.6744
17.6744
17.6744
17.6744
17.6744
17.6744
17.6744
17.6744
17.6744
17.6744
17.6744
17.6744
17.6744
17.6744
17.6744
17.6744
17.6744
17.6744
17.6744
17.6744
17.6744
17.6744
17.6744
17.6744
17.6744
17.6744
17.6744
17.6744
17.6744
17.6744
17.6744
17.6744
17.6744
17.6744
17.6744
17.6744
17.6744
17.6744
17.6744
17.6744
17.6744
17.6744
17.6744
17.6744
17.6744
17.6744
17.6744
17.6744
17.6744
17.6744
17.6744
17.6744
17.6744
17.6744
17.6744
17.6744
17.6744
17.6744
17.6744
17.6744
17.6744
17.6744
17.6744
17.6744
17.6744
17.6744
17.6744
17.6744
17.6744
17.6744
17.6744
17.6744
17.6744
17.6744
17.6744
17.6744
17.6744
17.6744
17.6744
17.6744
17.6744
17.6744
17.6744
17.6744
17.6744
17.6744
17.6744
17.6744
17.6744
17.6744
17.6744
17.6744
17.6744
17.6744
17.6744
17.6744
17.6744
17.6744
17.6744
17.6744
17.6744
17.6744
17.6744
17.6744
17.6744
17.6744
17.6744
17.6744
17.6744
17.6744
17.6744
17.6744
17.6744
17.6744
17.6744
17.6744
17.6744
17.6744
17.6744
17.6744
17.6744
17.6744
17.6744
17.6744
17.6744
17.6744
17.6744
17.6744
17.6744
17.6744
17.6744
17.6744
17.6744
17.6744
17.6744
17.6744
17.6744
17.6744
17.6744
17.6744
17.6744
17.6744
17.6744
17.6744
17.6744
17.6744
17.6744
17.6744
17.6744
17.6744
17.6744
17.6744
17.6744
17.6744
17.6744
17.6744
17.6744
17.6744
17.6744
17.6744
17.6744
17.6744
17.6744
17.6744
17.6744
17.6744
17.6744
17.6744
17.6744
17.6744
17.6744
17.6744
17.6744
17.6744
17.6744
17.6744
17.6744
17.6744
17.6744
17.6744
17.6744
17.6744
17.6744
17.6744
17.6744
17.6744
17.6744
17.6744
17.6744
17.6744
17.6744
17.6744
17.6744
17.6744
17.6744
17.6744
17.6744
17.6744
17.6744
17.6744
17.6744
17.6744
17.6744
17.6744
17.6744
17.6744
17.6744
17.6744
17.6744
17.6744
17.6744
17.6744
17.6744
17.6744
17.6744
17.6744
17.6744
17.6744
17.6744
17.6744
17.6744
17.6744
17.6744
17.6744
17.6744
17.6744
17.6373
17.6373
17.6373
17.6373
17.6373
17.6373
17.6373
17.6373
17.6373
17.6373
17.6373
17.6373
17.6373
17.6373
17.6373
17.6373
17.6373
17.6373
17.6373
17.6373
17.6373
17.6373
17.6373
17.6373
17.6373
17.6373
17.6373
17.6373
17.6373
17.6373
17.6373
17.6373
17.6373
17.6373
17.6373
17.6373
17.6373
17.6373
17.6373
17.6373
17.6373
17.6373
17.6373
17.6373
17.6373
17.6373
17.6373
17.6373
17.6373
17.6373
17.6373
17.6373
17.6373
17.6373
17.6373
17.6373
17.6373
17.6373
17.6373
17.6373
17.4303
17.4303
17.4303
17.4303
17.4303
17.4303
17.4303
17.4303
17.4303
17.4303
17.4303
17.4303
17.4303
17.4303
17.4303
17.4303
17.4303
17.4303
17.4303
17.4303
17.4303
17.4303
17.4303
17.4303
17.4303
17.0974
17.0974
17.0974
17.0974
17.0974
17.0974
17.0974
17.0974
17.0974
17.0974
17.0974
17.0974


-2.70208
-6.79688
40.1286
14.2108
-17.9743
-31.1399
-32.4059
3.95255
-17.6188
-56.3674
12.3771
-60.6685
-21.3926
24.1059
95.3286
-57.6023
-43.1366
0.926456
19.6996
94.9834
78.4889
78.7296
69.8393
53.8222
43.48
42.6086
17.2522
36.7419
45.2271
-24.4076

0.033

