0.837754
0.837754
0.662616
0.662616
0.662616
0.662616
0.662616
0.662616
0.662616
0.662616
0.662616
0.378342
0.378342
0.378342
0.378342
0.378342
0.378342
0.3783
0.3783
0.3783
0.3783
0.3783
0.3783
0.3783
0.225252
0.225252
0.225252
0.225252
0.225252
0.225252
0.225252
0.225252
0.225252
0.225252
0.225252
0.223785
0.223785
0.223785
0.223785
0.223785
0.223785
0.223785
0.219512
0.219512
0.219512
0.219512
0.0171144
0.0171144
0.0171144
0.0171144
0.0171144
0.0171144
0.0171144
0.0171144
0.0171144
0.0171144
0.0171144
0.0171144
0.0171144
0.0113839
0.0113839
0.0113839
0.0113839
0.0113839
0.00713255
0.00713255
0.00713255
0.00713255
0.00713255
0.00713255
0.00713255
0.00713255
0.00713255
0.00713255
0.00521023
0.00521023
0.00521023
0.00521023
0.00521023
0.00521023
0.00521023
0.00521023
0.00521023
0.00521023
0.00322812
0.00322812
0.00322812
0.00322812
0.00322812
0.00249821
0.00249821
0.00249821
0.00249821
0.00249821
0.00249821
0.00249821
0.00249821
0.00249821
0.00249821
0.00249821
0.00249821
0.00226679
0.00226679
0.00226679
0.00222675
0.00189211
0.00189211
0.00189211
0.000911026
0.000911026
0.000911026
0.000911026
0.000911026
0.000911026
0.000911026
0.000911026
0.000911026
0.000911026
0.000911026
0.000911026
0.000909036
0.000909036
0.000909036
0.000909036
0.000869769
0.000869769
0.000869769
0.000869769
0.000869769
0.000869769
0.000869769
0.000869769
0.000868232
0.000868232
0.000868232
0.000868232
0.000868232
0.000868232
0.00076957
0.000766524
0.000766524
0.000766524
0.000765015
0.000765015
0.000765015
0.000765015
0.000765015
0.000765015
0.000765015
0.000765015
0.000765015
0.000765015
0.000765015
0.000765015
0.000761886
0.000761886
0.000761886
0.000761886
0.000761886
0.000662234
0.000662234
0.000662234
0.000662234
0.000662234
0.000656457
0.000656457
0.000656457
0.000646535
0.000646535
0.000646535
0.000646535
0.000640757
0.000640757
0.000640757
0.000640757
0.000640757
0.000640757
0.000640757
0.000640757
0.000640757
0.000640757
0.000640757
0.000640757
0.000640757
0.000640757
0.000640757
0.000640757
0.000640757
0.000640757
0.000640757
0.000640757
0.000640757
0.000640757
0.000630204
0.000630204
0.000630204
0.000630204
0.000630204
0.000630204
0.000630204
0.000630204
0.000630204
0.000630204
0.000630204
0.000630204
0.000630204
0.000630204
0.000630204
0.000630204
0.000630204
0.000630204
0.000630204
0.000630204
0.000630204
0.000630204
0.000630204
0.000630204
0.000630204
0.000630204
0.000630204
0.000630204
0.000630204
0.000630204
0.000630204
0.000630204
0.000630204
0.000630204
0.000630204
0.000630204
0.000630204
0.000630204
0.000630204
0.000630204
0.000630204
0.000630204
0.000572211
0.000572211
0.000572211
0.000572211
0.000572211
0.000572211
0.000572211
0.000572211
0.000572211
0.000572211
0.000572211
0.000572211
0.000572211
0.000429246
0.000429246
0.000429246
0.000429246
0.000429246
0.000429246
0.000429246
0.000429246
0.000429246
0.000429246
0.000429246
0.000429246
0.000429246
0.000429246
0.000429246
0.000429246
0.000429246
0.000429246
0.000429246
0.000429246
0.000429246
0.000429246
0.000429246
0.000429246
0.000429246
0.000429246
0.000429246
0.000429246
0.000429246
0.000429246
0.000429246
0.000429246
0.000429246
0.000429246
0.000429246
0.000429246
0.000429246
0.000429246
0.000429246
0.000429246
0.000428475
0.000428475
0.000428475
0.000428475
0.000428475
0.000428094
0.000428094
0.000428094
0.000428094
0.000428094
0.000428094
0.000428094
0.000428094
0.000428094
0.000428094
0.000428094
0.000428094
0.000423708
0.000423708
0.000423708
0.000423708
0.000423708
0.000423708
0.000423708
0.000423336
0.000423336
0.000423336
0.000423336
0.000423336
0.000423336
0.000423336
0.000423336
0.000423336
0.000423336
0.000423336
0.000420936
0.000420936
0.000420936
0.000420936
0.000420936
0.000420936
0.000420936
0.000420936
0.000420936
0.000420936
0.000420936
0.000419413
0.000419413
0.000419413
0.000419413
0.000419413
0.000419413
0.000337914
0.000337914
0.000337914
0.000337914
0.000137036
0.000137036
0.00013693
0.000136907
0.000136907
0.000136907
0.000136907
0.00013667
0.00013667
0.000124439
0.000124439
0.000124439
0.000124439
0.000124439
0.000115489
0.000115489
0.000115489
0.000115489
0.000115489
0.000115489
0.000115489
0.000113534
0.000113534
0.000113534
0.000113534
0.000113534
0.000113534
0.000113534
0.000113534
9.44194e-05
9.44194e-05
9.44194e-05
9.44194e-05
9.44194e-05
9.44194e-05
9.44194e-05
9.44125e-05
9.44125e-05
8.55496e-05
8.55496e-05
8.55496e-05
8.55496e-05
8.55496e-05
8.55496e-05
8.55496e-05
8.55496e-05
8.55496e-05
8.55496e-05
8.55496e-05
8.53659e-05
8.53659e-05
8.53659e-05
8.53656e-05
8.53656e-05
8.53656e-05
8.53656e-05
8.53656e-05
8.53656e-05
8.53656e-05
8.53656e-05
8.53656e-05
8.53656e-05
8.53656e-05
8.53656e-05
8.53587e-05
8.53587e-05
8.53587e-05
8.53587e-05
8.53587e-05
8.53587e-05
8.53587e-05
8.53587e-05
7.15809e-05
7.15809e-05
7.15809e-05
7.15809e-05
7.15809e-05
7.12195e-05
7.12195e-05
6.29562e-05
6.29562e-05
6.29562e-05
6.29562e-05
6.29562e-05
6.29562e-05
6.25913e-05
6.25913e-05
6.25913e-05
6.25913e-05
6.25913e-05
6.25913e-05
6.25913e-05
6.25913e-05
6.25252e-05
6.25252e-05
6.25252e-05
6.25252e-05
6.25252e-05
6.25252e-05
6.25252e-05
6.25252e-05
6.25252e-05
6.25252e-05
6.25252e-05
6.25252e-05
6.25252e-05
6.25252e-05
6.25252e-05
6.25252e-05
6.25252e-05
6.25252e-05
6.25252e-05
6.25252e-05
6.25091e-05
6.25091e-05
6.25091e-05
6.25091e-05
6.25091e-05
6.25091e-05
6.25091e-05
6.25091e-05
6.25091e-05
6.25091e-05
6.25091e-05
6.25091e-05
6.25091e-05
6.25091e-05
6.25091e-05
6.25091e-05
6.25091e-05
6.25091e-05
6.25091e-05
6.25091e-05
6.25091e-05
6.25091e-05
6.25091e-05
6.25091e-05
6.25091e-05
6.25091e-05
6.25091e-05
6.25091e-05
6.25091e-05
6.25091e-05
6.25091e-05
6.25091e-05
6.25091e-05
6.25091e-05
6.25091e-05
6.25091e-05
6.25091e-05
6.25091e-05
6.25091e-05
6.25091e-05
6.25091e-05
6.25091e-05
6.2509e-05
6.2509e-05
6.2509e-05
6.2509e-05
6.2509e-05
6.2509e-05
6.2509e-05
6.2509e-05
6.2509e-05
6.2509e-05
6.2509e-05
6.2509e-05
6.2509e-05
6.2509e-05
6.24857e-05
6.24857e-05
6.24857e-05
6.24857e-05
6.24857e-05
6.24708e-05
6.24708e-05
6.24708e-05
6.24708e-05
6.24708e-05
6.24708e-05
6.24708e-05
6.24708e-05
6.24708e-05
6.21328e-05
6.20506e-05
6.20506e-05
6.20506e-05
6.20506e-05
6.20506e-05
6.20506e-05
6.20506e-05
6.20506e-05
6.20506e-05
6.20506e-05
6.20506e-05
6.20506e-05
6.20506e-05
6.20506e-05
6.20506e-05
6.20506e-05
6.20506e-05
6.20506e-05
6.20506e-05
6.20506e-05
6.20313e-05
6.20313e-05
6.20313e-05
6.20313e-05
6.20244e-05
6.20244e-05
6.20244e-05
6.20244e-05
6.20244e-05
6.20244e-05
6.20244e-05
6.20244e-05
6.20244e-05
6.20244e-05
6.20012e-05
6.20012e-05
6.20012e-05
6.20012e-05
6.20012e-05
6.20012e-05
6.20012e-05
6.20012e-05
6.20012e-05
6.20012e-05
6.20012e-05
6.20012e-05
6.20012e-05
6.20012e-05
6.20012e-05
6.20009e-05
6.20009e-05
6.20009e-05
6.20009e-05
6.20009e-05
6.20009e-05
6.20009e-05
6.20009e-05
6.02737e-05
6.02737e-05
6.02737e-05
6.02737e-05
5.98536e-05
5.98536e-05
5.98536e-05
5.98536e-05
5.98536e-05
5.98536e-05
5.98536e-05
5.98536e-05
5.98536e-05
5.98536e-05
5.98536e-05
5.98536e-05
5.98536e-05
5.98536e-05
5.98536e-05
5.98536e-05
5.98536e-05
5.98536e-05
5.98536e-05
5.98536e-05
5.98536e-05
5.98536e-05
5.98536e-05
5.98536e-05
5.98536e-05
5.98536e-05
5.98536e-05
5.98536e-05
5.98536e-05
5.98536e-05
5.98536e-05
5.98536e-05
5.98536e-05
5.98536e-05
5.98536e-05
5.98536e-05
5.98536e-05
5.98536e-05
5.98536e-05
5.98536e-05
5.98536e-05
5.98536e-05
5.98536e-05
5.98536e-05
5.98536e-05
5.98536e-05
5.98536e-05
5.98536e-05
5.98536e-05
5.98536e-05
5.98536e-05
5.98536e-05
5.98536e-05
5.98536e-05
5.98536e-05
5.98536e-05
5.98536e-05
5.98536e-05
5.98536e-05
5.98536e-05
5.98536e-05
5.98536e-05
5.98536e-05
5.98536e-05
5.98536e-05
5.98536e-05
5.98536e-05
5.98536e-05
5.98536e-05
5.98536e-05
5.98536e-05
5.98536e-05
5.98536e-05
5.98536e-05
5.98536e-05
5.98536e-05
5.98519e-05
5.98519e-05
5.98519e-05
5.98519e-05
5.98519e-05
5.98519e-05
5.98519e-05
5.98519e-05
5.98519e-05
5.98519e-05
5.98519e-05
5.98519e-05
5.98518e-05
5.98518e-05
5.98518e-05
5.98518e-05
5.98518e-05
5.98518e-05
5.98518e-05
5.98518e-05
5.98518e-05
5.98518e-05
5.98518e-05
5.98518e-05
5.98518e-05
5.98518e-05
5.98518e-05
5.98518e-05
5.98518e-05
5.98518e-05
5.98518e-05
5.98518e-05
5.98518e-05
5.98518e-05
5.98518e-05
5.98518e-05
5.98518e-05
5.98518e-05
5.98518e-05
5.98518e-05
5.98518e-05
5.98518e-05
5.98518e-05
5.98518e-05
5.98518e-05
5.98518e-05
5.98518e-05
5.98518e-05
5.98518e-05
5.98518e-05
5.98285e-05
5.98285e-05
5.98269e-05
5.98269e-05
5.98269e-05
5.98269e-05
5.98268e-05
5.98268e-05
5.98268e-05
5.98268e-05
5.98268e-05
5.9505e-05
5.9505e-05
5.9505e-05
5.9505e-05
5.9505e-05
5.9505e-05
5.9505e-05
5.9505e-05
5.9505e-05
5.9505e-05
5.9505e-05
5.9505e-05
5.9505e-05
5.9505e-05
5.9505e-05
5.9505e-05
5.9505e-05
5.9505e-05
5.9505e-05
5.9505e-05
5.9505e-05
5.9505e-05
5.9505e-05
5.9505e-05
5.9505e-05
5.9505e-05
5.9505e-05
5.9505e-05
5.9505e-05
5.9505e-05
5.9505e-05
5.9505e-05
5.9505e-05
5.9505e-05
5.9505e-05
5.9505e-05
5.9505e-05
5.9505e-05
5.9505e-05
5.94799e-05
5.52409e-05
5.52409e-05
5.52409e-05
5.52409e-05
5.52409e-05
5.48941e-05
5.48941e-05
5.48941e-05
5.48941e-05
5.48941e-05
5.48941e-05
5.48941e-05
5.48941e-05
5.48941e-05
5.48941e-05
5.48941e-05
5.48941e-05
5.48941e-05
5.48941e-05
5.48941e-05
5.48941e-05
5.48941e-05
5.4869e-05
5.4869e-05
5.4869e-05
5.4869e-05
5.4869e-05
5.4869e-05
5.4869e-05
5.4869e-05
5.4869e-05
5.4869e-05
5.4869e-05
5.4869e-05
5.4869e-05
5.4869e-05
5.4869e-05
5.4869e-05
5.4869e-05
5.4869e-05
5.4869e-05
5.4869e-05
5.4869e-05
5.4869e-05
5.4869e-05
5.4869e-05
5.4869e-05
5.4869e-05
5.4869e-05
5.4869e-05
5.4869e-05
5.4869e-05
5.4869e-05
5.4869e-05
5.4869e-05
5.4869e-05
5.4869e-05
5.4869e-05
5.4869e-05
5.4869e-05
5.4869e-05
5.4869e-05
5.4869e-05
5.4869e-05
5.4869e-05
5.4869e-05
5.4869e-05
5.4869e-05
5.4869e-05
5.4869e-05
5.4869e-05
5.4869e-05
5.4869e-05
5.4869e-05
5.4869e-05
5.4869e-05
5.4869e-05
5.4869e-05
5.4869e-05
5.4869e-05
5.4869e-05
5.4869e-05
5.4869e-05
5.4869e-05
5.4869e-05
5.4869e-05
5.4869e-05
5.4869e-05
5.4869e-05
5.4869e-05
5.4869e-05
5.4869e-05
5.4869e-05
5.4869e-05
5.4869e-05
5.4869e-05
5.4869e-05
5.4869e-05
5.4869e-05
5.4869e-05
5.4869e-05
5.4869e-05
5.4869e-05
5.4869e-05
5.4869e-05
5.4869e-05
5.4869e-05
5.4869e-05
5.4869e-05
5.4869e-05
5.4869e-05
5.4869e-05
5.4869e-05
5.4869e-05
5.4869e-05
5.4869e-05
5.4869e-05
5.4869e-05
5.4869e-05
5.4869e-05
5.4869e-05
5.4869e-05
5.4869e-05
5.4869e-05
5.4869e-05
5.4869e-05
5.4869e-05
5.4869e-05
5.4869e-05
5.4869e-05
5.4869e-05
5.4869e-05
5.4869e-05
5.4869e-05
5.4869e-05
5.4869e-05
5.4869e-05
5.4869e-05
5.4869e-05
5.4869e-05
5.4869e-05
5.4869e-05
5.4869e-05
5.4869e-05
5.4869e-05
5.4869e-05
5.4869e-05
5.4869e-05
5.4869e-05
5.4869e-05
5.4869e-05
5.4869e-05
5.4869e-05
5.4869e-05
5.4869e-05
5.4869e-05
5.4869e-05
5.4869e-05
5.4869e-05
5.4869e-05
5.4869e-05
5.4869e-05
5.4869e-05
5.4869e-05
5.4869e-05
5.4869e-05
5.4869e-05
5.4869e-05
5.4869e-05
5.4869e-05
5.4869e-05
5.4869e-05
5.4869e-05
5.4869e-05
5.4869e-05
5.4869e-05
5.4869e-05
5.4869e-05
5.4869e-05
5.4869e-05
5.4869e-05
5.4869e-05
5.4869e-05
5.4869e-05
5.4869e-05
5.4869e-05
5.4869e-05
5.4869e-05
5.4869e-05
5.4869e-05
5.4869e-05
5.4869e-05
5.4869e-05
5.4869e-05
5.4869e-05
5.4869e-05
5.4869e-05
5.4869e-05
5.4869e-05
5.4869e-05
5.4869e-05
5.4869e-05
5.4869e-05
5.4869e-05
5.4869e-05
5.4869e-05
5.4869e-05
5.4869e-05
5.4869e-05
5.4869e-05
5.4869e-05
5.4869e-05
5.4869e-05
5.4869e-05
5.4869e-05
5.4869e-05
5.4869e-05
5.4869e-05
5.4869e-05
5.4869e-05
5.4869e-05
5.4869e-05
5.4869e-05
5.4869e-05
5.4869e-05
5.4869e-05
5.4869e-05
5.4869e-05
5.4869e-05
5.4869e-05
5.4869e-05
5.4869e-05
5.4869e-05
5.4869e-05
5.4869e-05
5.4869e-05
5.4869e-05
5.4869e-05
5.4869e-05
5.4869e-05
5.4869e-05
5.4869e-05
5.4869e-05
5.4869e-05
5.4869e-05
5.4869e-05
5.4869e-05
5.4869e-05
5.4869e-05
5.4869e-05
5.4869e-05
5.4869e-05
5.4869e-05
5.4869e-05
5.4869e-05
5.4869e-05
5.4869e-05
5.4869e-05
5.4869e-05
5.4869e-05
5.4869e-05
5.4869e-05
5.4869e-05
5.4869e-05
5.4869e-05
5.4869e-05
5.4869e-05
5.4869e-05
5.4869e-05
5.4869e-05
5.4869e-05
5.4869e-05
5.4869e-05
5.4869e-05
5.4869e-05
5.4869e-05
5.4869e-05
5.4869e-05
5.4869e-05
5.4869e-05
5.4869e-05
5.4869e-05
5.4869e-05
5.4869e-05
5.4869e-05
5.4869e-05
5.4869e-05
5.4869e-05
5.4869e-05
5.4869e-05
5.4869e-05
5.4869e-05
5.4869e-05
5.4869e-05
5.4869e-05
5.4869e-05
5.4869e-05
5.4869e-05
5.4869e-05
5.4869e-05
5.4869e-05
5.4869e-05
5.4869e-05
5.4869e-05
5.4869e-05
5.4869e-05
5.4869e-05
5.4869e-05
5.4869e-05
5.4869e-05
5.4869e-05
5.4869e-05
5.4869e-05
5.4869e-05
5.4869e-05
5.4869e-05
5.4869e-05
5.4869e-05
5.4869e-05
5.4869e-05
5.4869e-05
5.4869e-05
5.4869e-05
5.4869e-05
5.4869e-05
5.4869e-05
5.4869e-05
5.4869e-05
5.4869e-05
5.4869e-05
5.4869e-05
5.4869e-05
5.4869e-05
5.4869e-05
5.4869e-05
5.4869e-05
5.4869e-05
5.4869e-05
5.4869e-05
5.4869e-05
5.4869e-05
5.4869e-05
5.4869e-05
5.4869e-05
5.4869e-05
5.4869e-05
5.4869e-05
5.4869e-05
5.4869e-05
5.4869e-05
5.4869e-05
5.4869e-05
5.4869e-05
5.4869e-05
5.4869e-05
5.4869e-05
5.4869e-05
5.4869e-05
5.4869e-05
5.4869e-05
5.4869e-05
5.4869e-05
5.4869e-05
5.4869e-05
5.4869e-05
5.4869e-05
5.4869e-05
5.4869e-05
5.4869e-05
5.4869e-05
5.4869e-05
5.4869e-05
5.4869e-05
5.4869e-05
5.4869e-05
5.4869e-05
5.4869e-05
5.4869e-05
5.4869e-05
5.4869e-05
5.4869e-05
5.4869e-05
5.4869e-05
5.4869e-05
5.4869e-05
5.4869e-05
5.4869e-05
5.4869e-05
5.4869e-05
5.4869e-05
5.4869e-05
5.4869e-05
5.4869e-05
5.4869e-05
5.4869e-05
5.4869e-05
5.4869e-05
5.4869e-05
5.4869e-05
5.4869e-05
5.4869e-05
5.4869e-05
5.4869e-05
5.4869e-05
5.4869e-05
5.4869e-05
5.4869e-05
5.4869e-05
5.4869e-05
5.4869e-05
5.4869e-05
5.4869e-05
5.4869e-05
5.4869e-05
5.4869e-05
5.4869e-05
5.4869e-05
5.4869e-05
5.4869e-05
5.4869e-05
5.4869e-05
5.4869e-05
5.4869e-05
5.4869e-05
5.4869e-05
5.4869e-05
5.4869e-05
5.4869e-05
5.4869e-05
5.4869e-05
5.4869e-05
5.4869e-05
5.4869e-05
5.4869e-05
5.4869e-05
5.4869e-05
5.4869e-05
5.4869e-05
5.4869e-05
5.4869e-05
5.4869e-05
5.4869e-05
5.4869e-05
5.4869e-05
5.4869e-05
5.4869e-05
5.4869e-05
5.4869e-05
5.4869e-05
5.4869e-05
5.4869e-05
5.4869e-05
5.4869e-05
5.4869e-05
5.4869e-05
5.4869e-05
5.4869e-05
5.4869e-05
5.4869e-05
5.4869e-05
5.4869e-05
5.4869e-05
5.4869e-05
5.4869e-05
5.4869e-05
5.4869e-05
5.4869e-05
5.4869e-05
5.4869e-05
5.4869e-05
5.4869e-05
5.4869e-05
5.4869e-05
5.4869e-05
5.4869e-05
5.4869e-05
5.4869e-05
5.4869e-05
5.4869e-05
5.4869e-05
5.4869e-05
5.4869e-05
5.4869e-05
5.4869e-05
5.4869e-05
5.4869e-05
5.4869e-05
5.4869e-05
5.4869e-05
5.4869e-05
5.4869e-05
5.4869e-05
5.4869e-05
5.4869e-05
5.4869e-05
5.4869e-05
5.4869e-05
5.4869e-05
5.4869e-05
5.4869e-05
5.4869e-05
5.4869e-05
5.4869e-05
5.4869e-05
5.4869e-05
5.4869e-05
5.4869e-05
5.4869e-05
5.4869e-05
5.4869e-05
5.4869e-05
5.4869e-05
5.4869e-05
5.4869e-05
5.4869e-05
5.4869e-05
5.4869e-05
5.4869e-05
5.4869e-05
5.4869e-05
5.4869e-05
5.4869e-05
5.4869e-05
5.4869e-05
5.4869e-05
5.4869e-05
5.4869e-05
5.4869e-05
5.4869e-05
5.4869e-05
5.4869e-05
5.4869e-05
5.4869e-05
5.4869e-05
5.4869e-05
5.4869e-05
5.4869e-05
5.4869e-05
5.4869e-05
5.4869e-05
5.4869e-05
5.4869e-05
5.4869e-05
5.4869e-05
5.4869e-05
5.4869e-05
5.4869e-05
5.4869e-05
5.4869e-05
5.4869e-05
5.4869e-05
5.4869e-05
5.4869e-05
5.4869e-05
5.4869e-05
5.4869e-05
5.4869e-05
5.4869e-05
5.4869e-05
5.4869e-05
5.4869e-05
5.4869e-05
5.4869e-05
5.4869e-05
5.4869e-05
5.4869e-05
5.4869e-05
5.4869e-05
5.4869e-05
5.4869e-05
5.4869e-05
5.4869e-05
5.4869e-05
5.4869e-05
5.4869e-05
5.4869e-05
5.4869e-05
5.4869e-05
5.4869e-05
5.4869e-05
5.4869e-05
5.4869e-05
5.4869e-05
5.4869e-05
5.4869e-05
5.4869e-05
5.4869e-05
5.4869e-05
5.4869e-05
5.4869e-05
5.4869e-05
5.4869e-05
5.4869e-05
5.4869e-05
5.4869e-05
5.4869e-05
5.4869e-05
5.4869e-05
5.4869e-05
5.4869e-05
5.4869e-05
5.4869e-05
5.4869e-05
5.4869e-05
5.4869e-05
5.4869e-05
5.4869e-05
5.4869e-05
5.4869e-05
5.4869e-05
5.4869e-05
5.4869e-05
5.4869e-05
5.4869e-05
5.4869e-05
5.4869e-05
5.4869e-05
5.4869e-05
5.4869e-05
5.4869e-05
5.4869e-05
5.4869e-05
5.4869e-05
5.4869e-05
5.4869e-05
5.4869e-05
5.4869e-05
5.4869e-05
5.4869e-05
5.4869e-05
5.4869e-05
5.4869e-05
5.4869e-05
5.4869e-05
5.4869e-05
5.4869e-05
5.4869e-05
5.4869e-05
5.4869e-05
5.4869e-05
5.4869e-05
5.4869e-05
5.4869e-05
5.4869e-05
5.4869e-05
5.4869e-05
5.4869e-05
5.4869e-05
5.4869e-05
5.4869e-05
5.4869e-05
5.4869e-05
5.4869e-05
5.4869e-05
5.4869e-05
5.4869e-05
5.4869e-05
5.4869e-05
5.4869e-05
5.4869e-05
5.4869e-05
5.4869e-05
5.4869e-05
5.4869e-05
5.4869e-05
5.4869e-05
5.4869e-05
5.4869e-05
5.4869e-05
5.4869e-05
5.4869e-05
5.4869e-05
5.4869e-05
5.4869e-05
5.4869e-05
5.4869e-05
5.4869e-05
5.4869e-05
5.4869e-05
5.4869e-05
5.4869e-05
5.4869e-05
5.4869e-05
5.4869e-05
5.4869e-05
5.4869e-05
5.4869e-05
5.4869e-05
5.4869e-05
5.4869e-05
5.4869e-05
5.4869e-05
5.4869e-05
5.4869e-05
5.4869e-05
5.4869e-05
5.4869e-05
5.4869e-05
5.4869e-05
5.4869e-05
5.4869e-05
5.4869e-05
5.4869e-05
5.4869e-05
5.4869e-05
5.4869e-05
5.4869e-05
5.4869e-05
5.4869e-05
5.4869e-05
5.4869e-05
5.4869e-05
5.4869e-05
5.4869e-05
5.4869e-05
5.4869e-05
5.4869e-05
5.4869e-05
5.4869e-05
5.4869e-05
5.4869e-05
5.4869e-05
5.4869e-05
5.4869e-05
5.4869e-05
5.4869e-05
5.4869e-05
5.4869e-05
5.4869e-05
5.4869e-05
5.4869e-05
5.4869e-05
5.4869e-05
5.4869e-05
5.4869e-05
5.4869e-05
5.4869e-05
5.4869e-05
5.4869e-05
5.4869e-05
5.4869e-05
5.4869e-05
5.4869e-05
5.4869e-05
5.4869e-05
5.4869e-05
5.4869e-05
5.4869e-05
5.4869e-05
5.4869e-05
5.4869e-05
5.4869e-05
5.4869e-05
5.4869e-05
5.4869e-05
5.4869e-05
5.4869e-05
5.4869e-05
5.4869e-05
5.4869e-05
5.4869e-05
5.4869e-05
5.4869e-05
5.4869e-05
5.4869e-05
5.4869e-05
5.4869e-05
5.4869e-05
5.4869e-05
5.4869e-05
5.4869e-05
5.4869e-05
5.4869e-05
5.4869e-05
5.4869e-05
5.4869e-05
5.4869e-05
5.4869e-05
5.4869e-05
5.4869e-05
5.4869e-05
5.4869e-05
5.4869e-05
5.4869e-05
5.4869e-05
5.4869e-05
5.4869e-05
5.4869e-05
5.4869e-05
5.4869e-05
5.4869e-05
5.4869e-05
5.4869e-05
5.4869e-05
5.4869e-05
5.4869e-05
5.4869e-05
5.4869e-05
5.4869e-05
5.4869e-05
5.4869e-05
5.4869e-05
5.4869e-05
5.4869e-05
5.4869e-05
5.4869e-05
5.4869e-05
5.4869e-05
5.4869e-05
5.4869e-05
5.4869e-05
5.4869e-05
5.4869e-05
5.4869e-05
5.4869e-05
5.4869e-05
5.4869e-05
5.4869e-05
5.4869e-05
5.4869e-05
5.4869e-05
5.4869e-05
5.4869e-05
5.4869e-05
5.4869e-05
5.4869e-05
5.4869e-05
5.4869e-05
5.4869e-05
5.4869e-05
5.4869e-05
5.4869e-05
5.4869e-05
5.4869e-05
5.4869e-05
5.4869e-05
5.4869e-05
5.4869e-05
5.4869e-05
5.4869e-05
5.4869e-05
5.4869e-05
5.4869e-05
5.4869e-05
5.4869e-05
5.4869e-05
5.4869e-05
5.4869e-05
5.4869e-05
5.4869e-05
5.4869e-05
5.4869e-05
5.4869e-05
5.4869e-05
5.4869e-05
5.4869e-05
5.4869e-05
5.4869e-05
5.4869e-05
5.4869e-05
5.4869e-05
5.4869e-05
5.4869e-05
5.4869e-05
5.4869e-05
5.4869e-05
5.4869e-05
5.4869e-05
5.4869e-05
5.4869e-05
5.4869e-05
5.4869e-05
5.4869e-05
5.4869e-05
5.4869e-05
5.4869e-05
5.4869e-05
5.4869e-05
5.4869e-05
5.4869e-05
5.4869e-05
5.4869e-05
5.4869e-05
5.4869e-05
5.4869e-05
5.4869e-05
5.4869e-05
5.4869e-05
5.4869e-05
5.4869e-05
5.4869e-05
5.4869e-05
5.4869e-05
5.4869e-05
5.4869e-05
5.4869e-05
5.4869e-05
5.4869e-05
5.4869e-05
5.4869e-05
5.4869e-05
5.4869e-05
5.4869e-05
5.4869e-05
5.4869e-05
5.4869e-05
5.4869e-05
5.4869e-05
5.4869e-05
5.4869e-05
5.4869e-05
5.4869e-05
5.4869e-05
5.4869e-05
5.4869e-05
5.4869e-05
5.4869e-05
5.4869e-05
5.4869e-05
5.4869e-05
5.4869e-05
5.4869e-05
5.4869e-05
5.4869e-05
5.4869e-05
5.4869e-05
5.4869e-05
5.4869e-05
5.4869e-05
5.4869e-05
5.4869e-05
5.4869e-05
5.4869e-05
5.4869e-05
5.4869e-05
5.4869e-05
5.4869e-05
5.4869e-05
5.4869e-05
5.4869e-05
5.4869e-05
5.4869e-05
5.4869e-05
5.4869e-05
5.4869e-05
5.4869e-05
5.4869e-05
5.4869e-05
5.4869e-05
5.4869e-05
5.4869e-05
5.4869e-05
5.4869e-05
5.4869e-05
5.4869e-05
5.4869e-05
5.4869e-05
5.4869e-05
5.4869e-05
5.4869e-05
5.4869e-05
5.4869e-05
5.4869e-05
5.4869e-05
5.4869e-05
5.4869e-05
5.4869e-05
5.4869e-05
5.4869e-05
5.4869e-05
5.4869e-05
5.4869e-05
5.4869e-05
5.4869e-05
5.4869e-05
5.4869e-05
5.4869e-05
5.4869e-05
5.4869e-05
5.4869e-05
5.4869e-05
5.4869e-05
5.4869e-05
5.4869e-05
5.4869e-05
5.4869e-05
5.4869e-05
5.4869e-05
5.4869e-05
5.4869e-05
5.4869e-05
5.4869e-05
5.4869e-05
5.4869e-05
5.4869e-05
5.4869e-05
5.4869e-05
5.4869e-05
5.4869e-05
5.4869e-05
5.4869e-05
5.4869e-05
5.4869e-05
5.4869e-05
5.4869e-05
5.4869e-05
5.4869e-05
5.4869e-05
5.4869e-05
5.4869e-05
5.4869e-05
5.4869e-05
5.4869e-05
5.4869e-05
5.4869e-05
5.4869e-05
5.4869e-05
5.4869e-05
5.4869e-05
5.4869e-05
5.4869e-05
5.4869e-05
5.4869e-05
5.4869e-05
5.4869e-05
5.4869e-05
5.4869e-05
5.4869e-05
5.4869e-05
5.4869e-05
5.4869e-05
5.4869e-05
5.4869e-05
5.4869e-05
5.4869e-05
5.4869e-05
5.4869e-05
5.4869e-05
5.4869e-05
5.4869e-05
5.4869e-05
5.4869e-05
5.4869e-05
5.4869e-05
5.4869e-05
5.4869e-05
5.4869e-05
5.4869e-05
5.4869e-05
5.4869e-05
5.4869e-05
5.4869e-05
5.4869e-05
5.4869e-05
5.4869e-05
5.4869e-05
5.4869e-05
5.4869e-05
5.4869e-05
5.4869e-05
5.4869e-05
5.4869e-05
5.4869e-05
5.4869e-05
5.4869e-05
5.4869e-05
5.4869e-05
5.4869e-05
5.4869e-05
5.4869e-05
5.4869e-05
5.4869e-05
5.4869e-05
5.4869e-05
5.4869e-05
5.4869e-05
5.4869e-05
5.4869e-05
5.4869e-05
5.4869e-05
5.4869e-05
5.4869e-05
5.4869e-05
5.4869e-05
5.4869e-05
5.4869e-05
5.4869e-05
5.4869e-05
5.4869e-05
5.4869e-05
5.4869e-05
5.4869e-05
5.4869e-05
5.4869e-05
5.4869e-05
5.4869e-05
5.4869e-05
5.4869e-05
5.4869e-05
5.4869e-05
5.4869e-05
5.4869e-05
5.4869e-05
5.4869e-05
5.4869e-05
5.4869e-05
5.4869e-05
5.4869e-05
5.4869e-05
5.4869e-05
5.4869e-05
5.4869e-05
5.4869e-05
5.4869e-05
5.4869e-05
5.4869e-05
5.4869e-05
5.4869e-05
5.4869e-05
5.4869e-05
5.4869e-05
5.4869e-05
5.4869e-05
5.4869e-05
5.4869e-05
5.4869e-05
5.4869e-05
5.4869e-05
5.4869e-05
5.4869e-05
5.4869e-05
5.4869e-05
5.4869e-05
5.4869e-05
5.4869e-05
5.4869e-05
5.4869e-05
5.4869e-05
5.4869e-05
5.4869e-05
5.4869e-05
5.4869e-05
5.4869e-05
5.4869e-05
5.4869e-05
5.4869e-05
5.4869e-05
5.4869e-05
5.4869e-05
5.4869e-05
5.4869e-05
5.4869e-05
5.4869e-05
5.4869e-05
5.4869e-05
5.4869e-05
5.4869e-05
5.4869e-05
5.4869e-05
5.4869e-05
5.4869e-05
5.4869e-05
5.4869e-05
5.4869e-05
5.4869e-05
5.4869e-05
5.4869e-05
5.4869e-05
5.4869e-05
5.4869e-05
5.4869e-05
5.4869e-05
5.4869e-05
5.4869e-05
5.4869e-05
5.4869e-05
5.4869e-05
5.4869e-05
5.4869e-05
5.4869e-05
5.4869e-05
5.4869e-05
5.4869e-05
5.4869e-05
5.4869e-05
5.4869e-05
5.4869e-05
5.4869e-05
5.4869e-05
5.4869e-05
5.4869e-05
5.4869e-05
5.4869e-05
5.4869e-05
5.4869e-05
5.4869e-05
5.4869e-05
5.4869e-05
5.4869e-05
5.4869e-05
5.4869e-05
5.4869e-05
5.4869e-05
5.4869e-05
5.4869e-05
5.4869e-05
5.4869e-05
5.4869e-05
5.4869e-05
5.4869e-05
5.4869e-05
5.4869e-05
5.4869e-05
5.4869e-05
5.4869e-05
5.4869e-05
5.4869e-05
5.4869e-05
5.4869e-05
5.4869e-05
5.4869e-05
5.4869e-05
5.4869e-05
5.4869e-05
5.4869e-05
5.4869e-05
5.4869e-05
5.4869e-05
5.4869e-05
5.4869e-05
5.4869e-05
5.4869e-05
5.4869e-05
5.4869e-05


0.00656148
0.00656148
-0.0574053
-0.0574053
-0.0574053
-0.0574053
-0.0574053
-0.0574053
-0.0574053
-0.0574053
-0.0574053
-0.0574053
-0.0574053
-0.0574053
0.0691244
0.0691244
-0.0758995
-0.0942106
-0.0942106
-0.0942106
-0.217505
-0.217505
-0.217505
-0.217505
-0.217505
-0.217505
-0.217505
-0.217505
-0.545457
0.0999481

0.022

