436132
436132
436132
436132
436132
436132
399485
377643
377643
377643
377643
377643
377643
377643
377643
290584
290584
290584
290584
290584
290584
290584
290584
290584
290584
290584
290584
264719
223987
223987
223987
223987
223987
223987
223987
223987
223987
223987
223987
223987
223987
192464
192464
192464
192464
192464
192464
192464
192464
192464
192464
192464
192464
192464
192464
192464
192464
192464
192464
192464
192464
192464
192464
192464
192464
192464
192464
192464
164519
164519
164519
164519
164519
164519
164519
164519
164519
164519
159612
159612
124194
124194
124194
124194
124194
107637
107637
107637
107637
107637
107637
107637
107637
107637
107637
107637
107637
107637
107637
107637
107637
107637
107637
107637
107637
107637
107637
107637
99139.8
99139.8
99139.8
87983.3
87983.3
87983.3
87983.3
87983.3
87983.3
87983.3
87983.3
87983.3
87983.3
87983.3
87983.3
84358.2
84358.2
84358.2
84358.2
84358.2
49903.4
49903.4
49903.4
49903.4
49903.4
49903.4
49903.4
49903.4
49903.4
49903.4
49903.4
49903.4
49903.4
49903.4
49903.4
49903.4
49903.4
49903.4
49903.4
49903.4
49903.4
49903.4
49903.4
49903.4
49903.4
48971.6
48971.6
42557.7
42557.7
42557.7
42557.7
42557.7
42557.7
42557.7
42557.7
42557.7
42557.7
42557.7
42557.7
42557.7
42557.7
42557.7
41493.5
39083.8
39083.8
39083.8
39083.8
39083.8
39083.8
39083.8
39083.8
39083.8
39083.8
39083.8
39083.8
39083.8
38622.9
35131.3
35131.3
35131.3
32689
32689
32689
32689
32689
32689
32689
32689
32689
32689
32689
32689
32689
32689
32689
32689
32689
32689
32689
32689
32689
31785.3
31785.3
28845.6
28845.6
26997.9
26997.9
26997.9
26997.9
26997.9
26997.9
26997.9
26997.9
26997.9
26997.9
26997.9
25070.9
25070.9
25070.9
25070.9
24676.1
24676.1
24676.1
24676.1
24676.1
24676.1
24676.1
24676.1
24676.1
24676.1
24676.1
24676.1
24676.1
24676.1
24676.1
24676.1
24676.1
24676.1
24676.1
24676.1
24676.1
24676.1
24676.1
24676.1
24676.1
24676.1
24676.1
24676.1
23992.4
23992.4
23992.4
23992.4
23992.4
23992.4
23992.4
23992.4
23992.4
23992.4
23992.4
23992.4
22866.8
22866.8
22866.8
22866.8
22866.8
22866.8
22866.8
22230.2
20651
20651
20651
20651
20651
20651
20651
20651
20651
20651
20011.8
20011.8
17847.2
17847.2
17847.2
17847.2
17847.2
17847.2
17847.2
17847.2
17847.2
17847.2
17847.2
17847.2
17847.2
17847.2
17847.2
17847.2
17847.2
17847.2
17847.2
17847.2
15025.7
15025.7
15025.7
15025.7
15025.7
15025.7
14313.2
14313.2
14313.2
14313.2
14313.2
14313.2
14313.2
14313.2
14313.2
14313.2
14313.2
12900.5
12900.5
12900.5
12900.5
12900.5
12900.5
12900.5
12900.5
12900.5
12900.5
12900.5
12900.5
12900.5
12900.5
12900.5
12900.5
12900.5
12900.5
12900.5
12354.7
12354.7
11946.9
11946.9
11946.9
11946.9
11946.9
11946.9
11946.9
11946.9
11946.9
11946.9
11946.9
11643
11643
11643
11643
11643
11643
11643
10866
10866
10866
10866
10866
10866
10866
10866
10866
10866
10573
10573
10573
10573
10518.9
10518.9
10518.9
10518.9
10518.9
10518.9
10518.9
10518.9
10518.9
10252.6
10252.6
10160.8
10160.8
10160.8
10160.8
10160.8
9955.26
9955.26
9955.26
9955.26
9489.85
9489.85
9489.85
9489.85
9489.85
9489.85
9489.85
9489.85
9489.85
9489.85
9489.85
9489.85
9270.97
9270.97
9270.97
9270.97
9270.97
9270.97
9270.97
9270.97
9270.97
9150.21
9150.21
9150.21
9150.21
9150.21
9150.21
8919.2
8919.2
8919.2
8919.2
8919.2
8919.2
8919.2
8919.2
8919.2
8919.2
8919.2
8919.2
8919.2
8919.2
8919.2
8919.2
8919.2
8919.2
8276.96
8276.96
8191.18
8191.18
8191.18
8191.18
8191.18
8191.18
8191.18
8191.18
8191.18
8191.18
8191.18
8191.18
8191.18
8191.18
8191.18
8191.18
8191.18
8191.18
8191.18
8191.18
8191.18
7711.62
7711.62
7711.62
7711.62
7711.62
7711.62
7711.62
7711.62
7711.62
7711.62
7711.62
7711.62
7711.62
7711.62
7711.62
7711.62
7711.62
7711.62
7711.62
7711.62
7711.62
7562.47
7562.47
7562.47
7562.47
7562.47
7311.88
7311.88
7311.88
7311.88
7311.88
6937.66
6937.66
6937.66
6937.66
6937.66
6937.66
6937.66
6937.66
6937.66
6937.66
6937.66
6900.19
6725.44
6725.44
6725.44
6725.44
6725.44
6725.44
6725.44
6725.44
6725.44
6725.44
6725.44
6687.97
6687.97
6687.97
6687.97
6687.97
6687.97
6687.97
6687.97
6687.97
6687.97
6687.97
6687.97
6687.97
6687.97
6687.97
6687.97
6687.97
6687.97
6687.97
6687.97
6687.97
6687.97
6687.97
6687.97
6687.97
6687.97
6687.97
6687.97
6672.98
6672.98
6672.98
6672.98
6672.98
6672.98
6672.98
6672.98
6672.98
6672.98
6672.98
6672.98
6672.98
6672.98
6672.98
6672.98
6672.98
6672.98
6672.98
6672.98
6672.98
6672.98
6672.98
6672.98
6635.51
6635.51
6635.51
6620.52
6620.52
6620.52
6620.52
6620.52
6620.52
6620.52
6620.52
6620.52
6620.52
6620.52
6620.52
6620.52
6620.52
6545.59
6545.59
6545.59
6545.59
6545.59
6545.59
6545.59
6545.59
6545.59
6545.59
6545.59
6545.59
6545.59
6545.59
6545.59
6545.59
6545.59
6545.59
6545.59
6545.59
6545.59
6545.59
6545.59
6508.12
6508.12
6508.12
6508.12
6508.12
6508.12
6508.12
6508.12
6508.12
6508.12
6508.12
6508.12
6508.12
6508.12
6508.12
6503.12
6503.12
6503.12
6503.12
6503.12
6503.12
6503.12
6503.12
6503.12
6503.12
6503.12
6503.12
6503.12
6503.12
6503.12
6503.12
6503.12
6503.12
6503.12
6503.12
6503.12
6503.12
6503.12
6503.12
6503.12
6503.12
6503.12
6503.12
6488.13
6488.13
6488.13
6488.13
6488.13
6433.18
6433.18
6433.18
6433.18
6433.18
6433.18
6433.18
6433.18
6433.18
6136.81
6136.81
6136.81
6136.81
6136.81
6136.81
6106.83
6106.83
6106.83
6106.83
6106.83
6106.83
6106.83
6106.83
6106.83
6069.36
6069.36
6041.89
6041.89
6041.89
6041.89
6041.89
6041.89
6041.89
6041.89
6041.89
6041.89
6041.89
5999.42
5999.42
5999.42
5999.42
5999.42
5999.42
5999.42
5999.42
5999.42
5999.42
5999.42
5999.42
5999.42
5999.42
5999.42
5999.42
5999.42
5999.42
5999.42
5999.42
5942.03
5942.03
5942.03
5942.03
5942.03
5941.97
5941.97
5919.48
5919.48
5919.48
5919.48
5919.48
5919.48
5919.48
5919.48
5919.48
5919.48
5919.48
5919.48
5919.48
5919.48
5919.48
5904.5
5902
5902
5902
5902
5902
5887.01
5887.01
5887.01
5872.02
5872.02
5872.02
5872.02
5872.02
5872.02
5872.02
5872.02
5762.11
5762.11
5762.11
5762.11
5762.11
5762.11
5762.11
5762.11
5762.11
5762.11
5762.11
5762.11
5762.11
5762.11
5762.11
5762.11
5762.11
5762.11
5762.11
5762.11
5762.11
5762.11
5762.11
5762.11
5762.11
5762.11
5762.11
5762.11
5762.11
5762.11
5762.11
5762.11
5762.11
5762.11
5762.11
5762.11
5762.11
5762.11
5762.11
5762.11
5762.11
5762.11
5762.11
5762.11
5762.11
5762.11
5762.11
5762.11
5762.11
5762.11
5762.11
5762.11
5762.11
5762.11
5762.11
5762.11
5762.11
5762.11
5762.11
5762.11
5762.11
5762.11
5759.61
5759.61
5759.61
5759.61
5759.61
5759.61
5759.61
5759.61
5759.61
5759.61
5759.61
5759.61
5759.61
5759.61
5759.61
5759.61
5759.61
5759.61
5759.61
5759.61
5759.61
5759.61
5759.61
5759.61
5722.14
5722.14
5722.14
5722.14
5722.14
5722.14
5722.14
5722.14
5722.14
5722.14
5722.14
5722.14
5722.14
5722.14
5722.14
5722.14
5722.14
5722.14
5722.14
5722.14
5722.14
5722.14
5722.14
5722.14
5722.14
5722.14
5722.14
5722.14
5722.14
5722.14
5722.14
5722.14
5722.14
5722.14
5722.14
5722.14
5722.14
5722.14
5722.14
5722.14
5722.14
5722.14
5722.14
5699.77
5600.15
5600.15
5529.41
5529.41
5529.41
5529.41
5529.41
5529.41
5529.41
5529.41
5529.41
5529.41
5529.41
5529.41
5529.41
5529.41
5529.41
5529.41
5485.38
5485.38
5336.26
5336.26
5336.26
5336.26
5336.26
5336.26
5336.26
5336.26
5051.91
5051.91
5051.91
5051.91
5051.91
5051.91
5051.91
5051.91
5039.42
5039.42
5039.42
5039.42
5039.42
5039.42
5039.42
5039.42
5039.42
5009.44
5009.44
5009.44
5009.44
5009.44
5009.44
5009.44
5009.44
5009.44
5009.44
5009.44
5009.44
5009.44
5009.44
5009.44
5009.44
5009.44
5009.44
5009.44
5009.44
5009.44
5009.44
5009.44
5009.44
5009.44
5009.44
5009.44
5009.44
5009.44
5009.44
5009.44
5009.44
5009.44
5009.44
5009.44
5009.44
5009.44
5009.44
5009.44
5009.44
5009.44
5009.44
5009.44
5009.44
5009.44
5009.44
5009.44
5009.44
5009.44
5009.44
5009.44
5009.44
5009.44
5009.44
5009.44
5009.44
5009.44
5009.44
5009.44
5009.44
5009.44
5009.44
5009.44
5009.44
5009.44
5009.44
5009.44
5009.44
5009.44
5009.44
5009.44
5009.44
5009.44
4839.08
4839.08
4839.08
4839.08
4839.08
4839.08
4839.08
4839.08
4839.08
4839.08
4726.48
4726.48
4726.48
4726.48
4726.48
4726.48
4726.48
4726.48
4726.48
4726.48
4726.48
4726.48
4726.48
4726.48
4726.48
4726.48
4726.48
4726.48
4726.48
4726.48
4726.48
4726.48
4726.48
4726.48
4726.48
4726.48
4726.48
4726.48
4726.48
4726.48
4726.48
4726.48
4726.48
4726.48
4726.48
4726.48
4726.48
4726.48
4726.48
4726.48
4726.48
4726.48
4726.48
4726.48
4726.48
4726.48
4726.48
4726.48
4726.48
4726.48
4726.48
4726.48
4726.48
4726.48
4726.48
4726.48
4726.48
4726.48
4726.48
4726.48
4726.48
4726.48
4726.48
4726.48
4726.48
4726.48
4726.48
4691.51
4691.51
4691.51
4691.51
4691.51
4691.51
4691.51
4691.51
4691.51
4691.51
4691.51
4691.51
4691.51
4691.51
4691.51
4691.51
4691.51
4691.51
4691.51
4691.51
4691.51
4691.51
4691.51
4691.51
4691.51
4691.51
4691.51
4691.51
4691.51
4691.51
4691.51
4691.51
4691.51
4691.51
4691.51
4691.51
4691.51
4691.51
4691.51
4691.51
4691.51
4691.51
4691.51
4691.51
4691.51
4691.51
4691.51
4691.51
4691.51
4691.51
4691.51
4691.51
4691.51
4691.51
4691.51
4691.51
4691.51
4691.51
4691.51
4691.51
4691.51
4691.51
4691.51
4691.51
4691.51
4691.51
4691.51
4691.51
4691.51
4691.51
4691.51
4691.51
4691.51
4691.51
4691.51
4691.51
4691.51
4691.51
4691.51
4691.51
4691.51
4691.51
4691.51
4691.51
4691.51
4691.51
4691.51
4691.51
4691.51
4691.51
4691.51
4691.51
4691.51
4691.51
4691.51
4691.51
4691.51
4691.51
4691.51
4691.51
4691.51
4691.51
4691.51
2868.17
2868.17
2868.17
2868.17
2868.17
2868.17
2868.17
2868.17
2868.17
2868.17
2868.17
2868.17
2868.17
2868.17
2868.17
2868.17
2868.17
2868.17
2868.17
2868.17
2868.17
2868.17
2868.17
2868.17
2868.17
2868.17
2773.25
2773.25
2773.25
2773.25
2773.25
2773.25
2773.25
2773.25
2773.25
2773.25
2773.25
2773.25
2773.25
2773.25
2703.61
2703.61
2703.61
2703.61
2703.61
2703.61
2703.61
2703.61
2703.61
2703.61
2703.61
2703.61
2673.63
2673.63
2673.63
2673.63
2673.63
2673.63
2673.63
2673.63
2673.63
2673.63
2673.63
2673.63
2673.63
2673.63
2673.63
2621.63
2621.63
2621.63
2621.63
2621.63
2621.63
2621.63
2621.63
2621.63
2465.63
2465.63
2465.63
2465.63
2465.63
2465.63
2465.63
2465.63
2465.63
2465.63
2465.63
2465.63
2465.63
2465.63
2465.63
2465.63
2465.63
2465.63
2465.63
2465.63
2465.63
2465.63
2465.63
2465.63
2465.63
2465.63
2465.63
2465.63
2465.63
2465.63
2465.63
2465.63
2465.63
2465.63
2465.63
2465.63
2465.63
2465.63
2465.63
2465.63
2465.63
2465.63
2465.63
2465.63
2465.63
2465.63
2465.63
2465.63
2465.63
2465.63
2465.63
2449.03
2449.03
2449.03
2449.03
2436.84
2349.41
2349.41
2349.41
2349.41
2349.41
2349.41
2349.41
2349.41
2349.41
2349.41
2349.41
2349.41
2349.41
2349.41
2349.41
2349.41
2349.41
2349.41
2341.92
2341.92
2341.92
2341.92
2341.92
2334.42
2334.42
2334.42
2334.42
2334.42
2334.42
2321.93
2321.93
2321.93
2321.93
2321.93
2321.93
2321.93
2321.93
2321.93
2321.93
2321.93
2321.93
2321.93
2321.93
2321.93
2321.93
2314.44
2286.96
2286.96
2286.96
2286.96
2286.96
2286.96
2286.96
2286.96
2286.96
2286.96
2286.96
2286.96
2286.96
2286.96
2286.96
2286.96
2286.96
2286.96
2286.96
2286.96
2286.96
2286.96
2286.96
2286.96
2286.96
2286.96
2286.96
2286.96
2286.96
2286.96
2286.96
2286.96
2286.96
2286.96
2286.96
2286.96
2286.96
2286.96
2286.96
2286.96
2286.96
2286.96
2286.96
2286.96
2286.96
2286.96
2286.96
2286.96
2286.96
2286.96
2286.96
2286.96
2286.96
2286.96
2286.96
2286.96
2286.96
2286.96
2286.96
2286.96
2286.96
2286.96
2286.96
2286.96
2286.96
2286.96
2286.96
2286.96
2286.96
2286.96
2286.96
2286.96
2286.96
2286.96
2286.96
2286.96
2286.96
2286.96
2286.96
2286.96
2286.96
2286.96
2286.96
2286.96
2286.96
2286.96
2286.96
2286.96
2286.96
2286.96
2286.96
2286.96
2286.96
2286.96
2286.96
2286.96
2286.96
2286.96
2286.96
2286.96
2286.96
2286.96
2286.96
2286.96
2286.96
2286.96
2286.96
2286.96
2286.96
2286.96
2286.96
2286.96
2286.96
2286.96
2286.96
2286.96
2286.96
2286.96
2286.96
2286.96
2286.96
2286.96
2286.96
2286.96
2286.96
2286.96
2286.96
2286.96
2286.96
2286.96
2286.96
2286.96
2286.96
2286.96
2286.96
2286.96
2286.96
2286.96
2286.96
2286.96
2286.96
2286.96
2286.96
2286.96
2286.96
2286.96
2286.96
2286.96
2286.96
2286.96
2286.96
2286.96
2286.96
2286.96
2286.96
2286.96
2286.96
2286.96
2286.96
2286.96
2286.96
2286.96
2286.96
2286.96
2286.96
2286.96
2286.96
2286.96
2286.96
2286.96
2286.96
2286.96
2286.96
2286.96
2286.96
2286.96
2286.96
2286.96
2286.96
2286.96
2286.96
2286.96
2286.96
2286.96
2286.96
2286.96
2286.96
2286.96
2286.96
2286.96
2286.96
2286.96
2286.96
2286.96
2286.96
2286.96
2286.96
2286.96
2286.96
2286.96
2286.96
2286.96
2286.96
2286.96
2286.96
2286.96
2286.96
2286.96
2286.96
2286.96
2286.96
2286.96
2286.96
2286.96
2286.96
2286.96
2286.96
2286.96
2286.96
2286.96
2286.96
2286.96
2286.96
2286.96
2286.96
2286.96
2286.96
2286.96
2286.96
2286.96
2286.96
2286.96
2286.96
2286.96
2286.96
2286.96
2286.96
2286.96
2286.96
2286.96
2286.96
2286.96
2286.96
2286.96
2286.96
2286.96
2286.96
2286.96
2286.96
2286.96
2286.96
2286.96
2286.96
2286.96
2286.96
2286.96
2286.96
2286.96
2286.96
2286.96
2286.96
2286.96
2286.96
2286.96
2286.96
2286.96
2286.96
2286.96
2286.96
2286.96
2286.96
2286.96
2286.96
2286.96
2286.96
2286.96
2286.96
2286.96
2286.96
2286.96
2286.96
2286.96
2286.96
2286.96
2286.96
2286.96
2286.96
2286.96
2286.96
2286.96
2286.96
2286.96
2286.96
2286.96
2286.96
2286.96
2286.96
2286.96
2286.96
2286.96
2286.96
2286.96
2286.96
2286.96
2286.96
2286.96
2286.96
2286.96
2286.96
2286.96
2286.96
2286.96
2286.96
2286.96
2286.96
2286.96
2286.96
2286.96
2286.96
2286.96
2286.96
2286.96
2286.96
2286.96
2286.96
2286.96
2286.96
2286.96
2286.96
2286.96
2286.96
2286.96
2286.96
2286.96
2286.96
2286.96
2286.96
2286.96
2286.96
2286.96
2286.96
2286.96
2286.96
2286.96
2286.96
2286.96
2286.96
2286.96
2286.96
2286.96
2286.96
2286.96
2286.96
2286.96
2286.96
2286.96
2286.96
2286.96
2286.96
2286.96
2286.96
2286.96
2286.96
2286.96
2286.96
2286.96
2286.96
2286.96
2286.96
2286.96
2286.96
2286.96
2286.96
2286.96
2286.96
2286.96
2286.96
2286.96
2286.96
2286.96
2286.96
2286.96
2286.96
2286.96
2286.96
2286.96
2286.96
2286.96
2286.96
2286.96
2286.96
2286.96
2286.96
2286.96
2286.96
2286.96
2286.96
2286.96
2286.96
2286.96
2286.96
2286.96
2286.96
2286.96
2286.96
2286.96
2286.96
2286.96
2286.96
2286.96
2286.96
2286.96
2286.96
2286.96
2286.96
2286.96
2286.96
2286.96
2286.96
2286.96
2286.96
2286.96
2286.96
2286.96
2286.96
2286.96
2286.96
2286.96
2286.96
2286.96
2286.96
2286.96
2286.96
2286.96
2286.96
2286.96
2286.96
2286.96
2286.96
2286.96
2286.96
2286.96
2286.96
2286.96
2286.96
2286.96
2286.96
2286.96
2286.96
2286.96
2286.96
2286.96
2286.96
2286.96
2286.96
2286.96
2286.96
2286.96
2286.96
2286.96
2286.96
2286.96
2286.96
2286.96
2286.96
2286.96
2286.96
2286.96
2286.96
2286.96
2286.96
2286.96
2286.96
2286.96
2286.96
2286.96
2286.96
2286.96
2286.96
2271.37
2271.37
2271.37
2271.37
2271.37
2271.37
2271.37
2271.37
2271.37
2271.37
2271.37
2271.37
2271.37
2271.37
2271.37
2209
2209
2209
2209
2209
2209
2209
2209
2209
2209
2209
2209
2209
2209
2209
2209
2209
2209
2209
2209
2209
2209
2209
2209
2209
2209
2209
2209
2209
2209
2209
2209
2209
2209
2209
2209
2209
2209
2209
2209
2209
2209
2209
2209
2209
2209
2209
2209
2209
2209
2209
2209
2209
2209
2209
2209
2209
2209
2209
2209
2209
2209
2209
2209
2209
2209
2209
2209
2209
2209
2209
2209
2209
2209
2209
2209
2209
2209
2209
2209
2209
2209
2209
2209
2209
2209
2209
2209
2209
2209
2209
2209
2209
2209
2209
2209
2209
2209
2209
2209
2209
2209
2209
2209
2209
2209
2209
2209
2209
2209
2209
2209
2209
2209
2209
2209
2209
2209
2209
2209
2209
2209
2209
2209
2209
2209
2209
2209
2209
2209
2209
2209
2209
2209
2209
2209
2209
2209
2209
2209
2209
2209
2209
2209


0.474014
0.474014
0.474014
0.474014
0.474014
0.474014
0.474014
0.474014
0.474014
0.474014
0.474014
0.474014
0.474014
0.474014
0.474014
0.474014
0.474014
0.474014
0.474014
0.474014
0.474014
0.474014
0.474014
0.474014
0.474014
-9.8783
-9.8783
-9.8783
19.1626
14.2304

0.05

