20.0519
19.6358
19.6358
18.7934
18.7934
19.4229
19.126
19.2911
19.2911
19.1952
19.1952
18.4121
18.4121
17.8875
18.3128
17.968
17.968
17.968
17.968
17.968
17.6401
17.6401
17.6401
17.6401
17.9305
17.9305
17.9305
17.6991
17.6991
17.6991
17.6991
17.6991
17.3559
17.1272
16.6279
16.6279
16.6279
16.6279
16.0495
16.0495
16.0495
16.0495
16.0495
16.0495
16.0495
15.8962
15.8933
15.8933
15.8933
16.0769
16.0769
15.8415
13.9978
13.5514
13.797
13.3973
13.3973
13.3973
12.7854
12.7854
12.7854
12.7854
14.1236
14.1236
13.6184
13.6448
13.6448
13.6448
13.6448
13.6448
13.6448
13.6448
13.6448
13.6448
12.6702
14.6255
13.9813
13.417
13.417
13.417
13.417
13.417
13.417
13.417
13.417
13.417
13.417
13.417
13.417
14.2547
14.2547
14.2547
14.2547
14.2533
14.2533
13.4858
15.3865
15.0077
15.0077
15.0077
15.0077
14.116
14.8997
14.8997
14.8997
14.0529
14.0529
14.0529
14.0529
14.0529
14.0529
14.535
14.535
14.535
14.535
14.535
14.535
14.535
14.535
14.535
14.3363
14.3363
14.3363
14.1437
13.8553
13.8553
15.0446
15.0446
15.0446
15.0446
15.1144
15.1144
15.1735
14.7217
14.7217
15.1902
15.1902
15.1902
15.9724
15.9724
15.9724
14.3922
14.2329
14.2329
14.2329
14.2574
14.2574
14.2574
14.2574
14.2574
14.2574
14.2574
15.0863
13.1178
13.156
13.156
13.156
13.7862
13.7862
13.7862
15.2723
15.2723
14.5892
14.5892
14.2765
13.832
14.324
14.324
14.324
14.324
14.324
14.324
14.0109
13.3201
13.3201
13.3201
13.3226
13.3226
13.3226
13.3226
13.3226
13.3226
13.9354
14.324
14.324
14.0471
14.0471
14.0471
14.0471
14.0471
14.3349
14.3349
14.7439
14.7692
14.7692
14.7692
14.4283
14.4283
14.4283
14.4283
14.4283
14.4283
14.4283
14.4283
14.4283
14.4283
14.4283
14.4283
14.4283
14.4283
14.4283
14.4283
14.4283
15.1015
15.1015
15.1015
15.1015
15.1015
15.1015
13.9978
13.9978
13.9978
13.9978
13.9978
13.9978
13.6785
13.6785
13.6785
13.851
14.0228
14.0228
14.0228
14.0228
14.0228
13.2932
13.2932
13.2932
13.2932
13.2932
13.2932
13.3114
13.3114
13.9875
13.9875
13.0091
13.0091
13.9875
13.9875
14.0228
14.0228
14.0228
14.0228
14.0228
14.0228
14.0228
13.9769
14.0448
14.7812
14.7812
14.7812
14.7539
14.7812
14.7812
14.5234
14.5234
13.8504
13.8504
13.8504
13.9762
13.9762
13.6955
13.6955
13.9762
13.9762
13.9762
13.9762
13.9762
13.9762
13.9762
13.9762
13.9762
13.9762
13.9762
13.9762
13.9762
13.9762
14.593
14.3275
13.2778
13.2778
14.3275
14.3275
13.9825
13.9825
13.9825
13.9825
15.4749
15.518
15.518
14.7359
14.7359
14.7359
14.7359
14.1922
14.1922
14.5824
14.1683
14.1683
14.1683
13.7713
13.7713
13.7713
13.7713
13.7713
15.6349
15.5862
15.5862
15.4446
15.4446
13.9948
13.9948
14.1218
14.1218
14.1173
14.1173
14.4646
12.3399
12.3399
12.3399
13.9329
13.7519
13.5158
14.4646
14.4646
14.4646
14.4646
14.4646
13.581
13.581
13.581
13.581
13.7453
13.7453
13.7453
13.7453
13.7453
13.0735
13.0735
13.0735
13.0735
13.0735
13.0735
13.0735
13.1945
13.1945
13.1945
13.1823
12.4433
13.1823
13.1823
13.1823
13.1823
13.1823
13.1823
13.1823
13.1823
13.0736
13.0736
13.0736
13.0736
13.0576
13.0576
13.0736
13.0736
13.0736
14.2304
14.2304
14.2304
14.2304
14.2304
15.1781
15.1243
15.1243
15.1243
15.1243
15.1243
15.1243
15.3084
15.4591
15.4591
15.4591
15.4591
15.4591
15.4591
15.4998
14.3724
14.3724
14.3724
14.3724
14.3724
13.1762
13.1762
13.1762
13.1762
13.1762
13.1762
13.1762
13.1762
13.3206
13.3206
13.3206
13.3206
13.3206
13.3206
13.3206
13.8418
13.7457
13.7457
13.8408
13.853
13.853
13.853
13.1645
13.1645
13.1645
13.1645
13.1645
13.1891
13.1891
13.2211
13.2211
13.2211
12.18
12.18
12.18
13.833
13.833
13.833
13.833
13.833
13.833
13.833
13.9038
14.2532
13.6696
13.6696
13.6696
13.6696
13.6696
14.2532
14.2532
13.9742
13.9742
13.8744
13.8744
13.8744
13.8744
13.8744
13.8744
13.85
13.6882
13.6882
13.6882
13.6882
13.6882
13.6882
13.6882
13.6882
13.3914
13.1209
13.1209
13.1209
13.1209
13.1209
13.1209
13.61
13.61
13.61
13.61
13.0894
13.3197
13.3197
13.9152
14.4417
14.4417
13.5978
13.5978
12.9226
12.9226
12.9226
12.9226
12.9226
13.8404
13.8404
13.8404
13.8404
13.8404
13.8404
13.8404
13.8404
13.8404
13.8404
14.316
14.316
14.316
13.6274
13.5029
13.5029
13.6274
13.6274
13.6274
13.6274
13.6274
13.6274
13.6274
13.6274
11.8964
11.8964
11.8964
11.8964
11.8964
11.8964
11.8964
11.8964
11.8964
11.8964
11.7561
11.7561
11.7561
11.7561
11.7561
11.7561
11.7561
11.7561
12.4441
12.4441
12.4558
12.5009
12.5009
12.5009
11.6665
11.6665
12.5009
12.5009
12.5009
12.5009
12.5009
12.5009
12.5009
12.5009
12.5009
12.5009
12.5009
12.5009
13.2035
13.0493
13.0493
11.7052
11.7052
11.7052
11.7052
11.7052
11.7052
11.7052
12.8337
12.4479
12.4479
12.4479
12.4479
12.4479
11.9693
11.9693
11.9693
11.9693
11.9693
11.9693
11.9693
11.9693
12.4984
12.4984
12.4984
10.6263
10.6263
10.6263
10.6263
10.6263
10.7048
10.7048
10.7048
10.224
13.4393
13.0752
13.0752
13.0752
13.9142
14.0489
14.0489
14.0489
14.0489
14.0489
14.0489
14.0489
14.0489
14.0489
14.0489
14.0489
14.0489
14.0489
13.6842
13.8263
13.8263
13.8263
13.8263
13.8263
14.9966
14.9966
14.9966
14.9966
14.9966
14.9966
15.3385
15.3385
15.3385
15.1343
14.6984
15.3385
14.589
14.589
14.4473
14.613
14.613
14.613
14.613
14.231
14.231
14.231
13.3763
13.3763
13.3763
13.1757
13.3763
13.3763
12.8919
12.8919
12.8919
12.8919
13.0128
13.0128
13.0128
11.5656
11.5656
11.5656
11.5656
11.5656
11.5656
11.5656
11.5656
11.7487
11.7487
11.7487
11.7487
11.7487
11.7487
11.7487
11.7487
11.7487
11.7487
11.7487
11.7487
11.7487
11.7487
11.7487
11.7487
11.7487
11.7487
11.7487
11.7487
10.7258
11.7487
11.7487
11.7199
11.7199
11.7199
11.7199
11.7199
11.7199
11.8663
11.8663
11.8663
13.946
13.946
13.946
13.896
13.6538
13.946
13.946
13.946
13.3382
13.3382
12.3144
12.2034
12.2034
11.6799
11.6799
11.6799
11.6799
11.6799
11.6799
11.6799
11.6799
11.6799
11.6799
11.6799
11.6799
11.6799
11.6799
11.6799
11.6799
11.6799
11.6799
14.473
14.3683
14.4944
14.4944
14.4944
14.4944
14.4944
12.9708
12.9708
12.9708
12.9708
12.9708
12.9708
12.9708
12.2109
12.2109
12.2109
12.2109
12.2109
12.2109
12.2109
12.2109
12.2109
12.4013
12.4013
12.4013
12.4013
12.7861
12.7861
12.7861
12.7861
12.7861
12.7861
12.7861
12.7861
12.7861
12.7861
12.7861
12.7861
12.7861
12.7861
12.7861
12.7861
12.7861
11.4858
12.1161
12.1161
12.1161
12.1161
12.1161
12.1161
12.1161
12.1161
12.8284
12.8284
11.9027
11.9027
11.9027
10.2097
10.2097
10.2097
10.4246
10.3842
11.8949
11.8949
11.8949
11.8949
11.8949
11.6653
11.8949
11.8949
11.8949
11.8949
11.8949
11.8949
11.8949
11.8949
11.8949
11.8949
11.8949
11.8949
11.8949
11.8949
11.8949
11.8949
11.8949
11.8949
11.8949
11.9723
11.9723
12.3499
12.3499
12.3499
12.3499
12.3499
11.5271
11.6028
11.6028
11.6028
12.9533
12.9533
12.9533
12.9533
12.4695
11.1351
11.1351
10.7185
10.7185
10.7185
10.7185
10.51
10.51
10.51
10.51
10.51
10.626
10.626
10.626
10.626
10.626
10.626
10.626
10.626
10.626
10.626
10.626
10.626
10.626
10.5668
10.5668
10.5668
10.5668
10.5668
10.5668
10.5668
10.5668
10.5668
11.9152
11.9152
11.9152
11.9152
11.4349
11.4349
11.4349
12.3056
12.2235
12.1707
12.1707
12.1707
11.7163
11.7163
11.7163
11.7163
11.7163
11.7163
10.8476
10.8476
11.7594
12.1646
12.1646
12.1646
12.1646
12.1646
12.1646
11.4961
11.4961
11.4961
11.4961
11.4961
11.4961
11.4961
11.4961
11.4961
11.4938
11.4938
11.0511
11.0511
11.0511
11.0511
11.6729
12.6572
12.6572
12.6572
12.6572
12.6572
12.6572
12.6572
12.6572
12.6572
12.6572
12.6572
12.6572
13.9574
13.9574
12.7441
12.7441
12.7441
12.7441
12.7441
12.7441
12.7441
12.7441
12.7441
12.7441
12.7441
12.7441
12.7441
12.7441
12.7441
12.7441
12.7441
12.7441
12.8004
12.8004
12.5171
12.5171
12.5171
12.5171
12.5171
12.5171
12.5171
10.9013
10.9013
10.9013
10.9013
10.9013
11.4124
11.4124
11.4124
11.4124
11.5962
11.5962
11.5962
11.5962
11.5962
11.5962
11.5962
11.5962
11.6976
12.2103
12.5748
12.1899
12.1899
12.1899
11.6005
11.2635
11.2635
11.2635
11.2635
11.2635
11.2635
11.2635
11.2635
11.2635
11.2635
11.2635
11.2635
11.0561
11.0561
11.0561
11.0561
11.0561
11.1155
11.1155
11.1155
11.3981
11.4777
11.4777
11.4777
12.1575
11.2514
11.2024
11.2024
11.2024
11.7132
11.7132
11.6879
11.6879
11.7043
11.7043
11.7043
12.7067
12.4715
12.4715
12.4715
12.4715
12.4715
12.7734
11.7229
11.7229
11.7229
12.8952
12.923
12.923
12.923
12.923
13.1951
13.1951
13.1951
13.1578
13.1578
13.1578
13.1578
13.1578
13.1578
13.1578
13.1578
13.1578
13.1578
12.7512
12.7512
12.7512
12.7512
12.7512
12.7512
12.7512
13.3815
13.3815
13.3815
12.6018
12.6018
12.6018
12.6018
12.6018
12.5561
11.8635
11.8635
11.8635
11.8635
11.8635
11.8635
11.8635
11.8635
11.8635
11.8635
11.8947
11.8947
11.8947
11.8947
13.7221
13.7221
13.7221
13.7221
13.7742
13.7742
13.7742
13.7742
13.7742
13.5811
13.2687
13.2687
13.2687
13.6685
13.6685
13.6685
13.6685
13.6685
13.6685
13.6685
13.6685
13.6685
13.6685
13.6685
13.6685
13.6685
12.5706
12.5706
12.5706
12.5706
12.5706
12.2623
12.2623
12.2623
12.2623
13.6685
13.6685
13.6685
13.6685
13.5625
13.5625
13.5625
13.5625
13.5625
13.5625
12.6087
12.6087
12.6696
12.6696
12.6696
12.2429
12.6696
12.6696
12.6696
12.6696
12.0282
12.0282
12.0282
12.0282
12.7231
12.7231
12.7231
12.7231
12.7231
12.7231
12.7231
12.7231
12.7231
12.7231
12.7231
12.7231
12.7231
12.7231
13.3693
13.2474
13.2474
13.2474
13.2474
13.2474
13.2474
13.2474
13.2474
13.7555
13.6182
13.6182
12.8276
12.8276
12.8276
12.8276
12.8276
12.8276
12.8276
12.8276
12.8276
12.5154
12.9729
12.9729
11.8545
13.2557
13.2557
12.6566
12.6566
12.6566
12.6566
12.6566
12.6566
12.6566
11.0251
11.0251
11.0251
11.2681
11.5505
11.5505
11.5505
11.5505
11.5589
11.5589
11.5589
11.5589
11.5589
11.5589
11.0572
11.9599
11.9599
12.9294
13.6873
13.6873
13.3151
13.3151
13.3151
13.3151
13.3151
13.3151
13.1951
13.1951
13.1951
12.4204
12.6532
12.4097
12.4097
12.0794
12.0794
12.0794
12.3073
12.3073
12.3073
12.3073
12.3073
12.3073
12.3073
12.3073
12.3073
12.3073
12.3073
12.3073
11.9573
11.9573
11.9573
11.9573
13.0131
12.8633
12.8633
12.8633
12.4198
12.5199
12.5199
12.5199
12.5199
12.5199
12.5199
12.5199
12.5199
12.5199
13.9472
13.9472
13.9472
13.9472
13.9472
13.5707
13.7394
13.7394
13.7745
13.7745
13.7745
12.6317
12.6317
12.6317
12.6317
12.6317
12.6317
12.6317
11.7772
11.7772
11.756
11.756
11.756
11.756
11.5277
11.5277
11.5277
11.5277
11.5277
11.5277
11.5277
11.5277
11.5277
11.5277
11.5277
11.5277
11.5277
11.5277
10.6141
10.6141
10.6141
10.6141
10.6141
10.6141
10.6141
12.1996
12.1996
12.1996
12.1996
12.1996
12.1996
12.1996
12.1996
12.1996
13.6057
13.6057
13.6057
13.7468
13.7468
13.7468
13.6869
13.6869
13.6869
13.6869
13.3214
13.3214
13.3214
13.3214
13.3214
13.3214
13.0752
12.6498
12.6498
12.6498
12.6498
12.6498
12.8544
12.8544
12.8544
12.8544
12.8544
12.8544
12.8544
12.8544
12.8317
12.7248
13.6869
13.0862
13.0862
13.0862
13.0862
13.7322
13.7322
13.7322
13.7322
13.7322
13.7322
13.7322
13.7322
13.0401
13.0401
13.0401
12.3018
12.3018
14.5484
14.5484
14.5484
14.5484
14.5484
14.5484
14.5484
14.5484
14.2523
14.2523
14.2523
13.5021
13.5021
13.5021
13.6451
13.6451
13.6451
13.6451
13.6451
13.3567
13.6451
13.6451
13.6451
13.7294
13.3483
13.3483
13.3483
13.3483
13.3483
13.3483
13.6983
13.6983
13.6983
13.6983
13.6983
13.6983
13.5487
13.5487
13.5487
13.5487
13.5487
13.6983
13.3853
12.2257
12.2257
12.2257
12.1186
11.2843
11.2843
11.2843
11.2843
11.2843
11.2843
11.2843
11.2843
11.2843
12.6999
12.6999
11.8898
12.6999
12.6999
12.3413
11.9312
12.5035
12.5035
12.5035
10.3656
10.3656
10.3656
10.3656
10.3656
10.3656
10.3656
10.3149
10.3149
10.3149
10.3149
10.3149
12.5035
12.5035
13.1291
13.4563
14.3386
14.3386
14.3386
12.6864
14.3386
14.3386
14.3386
14.3386
14.3386
12.663
12.663
12.663
11.7807
13.2604
13.2604
13.2604
13.2604
13.2604
13.2604
13.2604
14.0592
13.3139
13.3139
13.3139
13.2538
13.2538
13.2538
13.6124
13.6124
14.0592
12.3511
12.3511
12.4982
12.4982
12.4982
12.4982
13.1145
13.1145
13.8069
13.8069
13.8069
13.8069
13.8069
13.4188
13.4188
13.7816
13.7816
13.0861
13.0861
13.0861
13.0861
13.0861
13.0861
13.0861
13.6438
13.6438
13.9645
14.4944
14.4944
14.0103
14.0103
14.0103
14.0103
14.0103
12.7783
12.7783
12.7783
12.7783
13.7156
13.7156
13.7156
13.7156
13.4441
13.4441
13.4441
13.4441
12.3961
12.3961
12.3961
12.3961
12.3961
12.3961
12.3961
12.6695
12.6695
12.6695
12.6695
12.6695
12.6695
12.6695
12.6695
12.6695
12.6695
12.4177
12.3436
12.3436
12.3436
12.7258
12.7258
12.7258
14.0683
14.0683
14.0683
14.0683
14.514
14.1491
14.1491
14.1491
13.7998
12.1198
11.877
11.877
11.877
11.877
11.877
12.1198
12.1198
12.1198
12.1198
12.1198
12.1198
12.1198
12.1198
12.1198
12.1198
12.1198
12.1198
12.1198
12.1198
12.1198
12.1198
12.0849
12.0849
12.0849
12.0849
12.0849
12.0849
12.0849
12.0849
11.5926
11.5926
11.5926
11.5926
11.5788
11.3579
11.5788
13.2113
13.2113
13.6248
13.6248
13.3191
13.3191
13.3191
13.3191
12.5616
12.8686
13.3737
13.3737
13.3737
13.3737
13.3737
13.3737
13.3737
13.3737
13.3737
13.1439
10.2665
10.2665
10.2665
10.2665
10.2665
10.2665
10.2665
10.2665
10.2665
10.2665
10.2665
10.2665
10.2665
10.2665
11.4582
11.4582
11.4582
11.4582
11.9779
11.9779
11.9779
11.9779
11.9779
11.9779
11.9779
11.9779
12.1362
12.1194
12.8101
12.8101
12.8101
12.8101
12.8101
12.8101
12.8101
12.8101
12.8101
12.8101
12.8101
12.8101
12.8101
12.8101
12.8101
12.8101
12.8101
12.8101
12.8101
12.8101
12.8101
12.8101
12.7334
12.7334
14.3175
13.7566
13.7566
12.6089
12.6089
12.6089
12.6089
12.6089
12.6089
12.6089
12.6089
12.6089
12.6089
12.6089
13.1512
13.1512
13.1512
13.1512
12.541
12.541
13.2962
13.2962
13.2962
13.6527
13.6527
12.4299
12.3077
12.3077
13.6527
13.6527
13.6527
13.6527
13.6527
12.6975
13.4198
13.0202
13.3727
13.3727
13.3727
13.3727
13.3727
13.3727
13.3727
13.3463
13.5155
13.5155
13.2906
13.2906
13.2906
13.2906
12.7193
12.7193
12.7193
12.7193
13.7399
13.7399
13.6188
13.6188
13.6188
13.6188
13.6188
13.6188
13.6188
13.2157
13.2157
13.2157
13.2157
13.2157
13.2157
13.2157
13.2157
13.2157
13.2157
13.2157
13.2157
13.2157
13.2157
13.2157
13.2157
13.2157
13.2162
13.2162
13.2162
13.2162
13.2162
13.2162
13.2162
13.2162
13.2162
13.2162
13.2162
13.2162
12.3024
11.8187
11.8187
11.6674
11.6674
11.6674
13.5781
13.5781
14.4385
14.4385
14.4385
14.4385
14.4385
14.4385
14.7777
14.7777
14.7777
14.7777
14.7777
13.5998
13.4753
13.4753
13.4753
13.4753
13.4753
13.4753
13.4753
13.4753
13.4753
13.4753
13.1842
13.1842
13.1842
13.1842
13.1842
13.1842
13.1842
13.1842
13.1842
13.1842
13.1842
13.1842
13.1842
13.1842
13.1842
13.1842
12.8738
12.8738
12.8738
12.799
12.799
12.4372
12.4372
12.4372
12.4372
12.4372
12.4372
12.4372
12.3848
12.3848
12.3848
12.3848
12.3848
12.3848
12.3848
12.3848
12.2693
12.2693
12.2693
12.2693
12.2693
12.2693
12.2693
12.2693
12.2693
12.2693
11.2029
11.2029
11.2029
11.9984
11.9984
11.9984
11.9984
11.9984
11.9877
11.9877
11.9877
11.9877
11.8113
11.8113
11.8113
11.8113
11.8113
11.8113
11.8113
11.8113
11.8113
11.8113
12.3326
12.3326
12.3326
13.1544
13.1852
13.1852
13.0229
13.0229
13.0229
13.0229
12.7996
12.7996
12.86
12.7471
12.7471
12.7471
12.7471
12.7471
12.7471
12.7471
12.8289
12.8289
12.5724
12.5724
12.5724
12.4872
12.4872
12.4872
12.4872
12.7281
12.7281
12.7281
12.7281
12.7281
12.7281
12.7281
12.7281
12.7281
12.7281
12.525
12.525
12.525
12.525
12.525
12.525
12.5632
12.7281
12.7281
12.7281
12.881
12.881
12.881
12.0529
12.0529
12.0529
12.0529
12.2266
12.2266
12.2266
12.2266
12.2266
12.2266
13.409
13.409
12.2428
12.2428
12.2428
12.2428
12.2428
11.5253
11.5253
11.5253
11.5253
11.5253
11.5253
11.5253
11.5253
11.5253
11.5253
11.5253
11.5253
11.5253
11.5253
11.5253
11.7699
11.7699
11.7699
11.7699
13.1965
12.1936
12.1936
12.1936
12.1936
12.1936
12.1936
12.1936
12.1936
12.1936
12.1936
12.1936
12.1936
12.1936
12.1936
12.1936
12.1936
11.9173
11.9173
11.9173
11.9173
11.9173
11.9402
12.014
12.014
12.014
12.014
12.014
12.014
12.014
12.014
13.2237
13.2237
13.2237
13.2237
13.2237
13.2237
13.416
13.416
13.3526
13.3526
13.3526
13.3526
13.3526
13.3526
13.3526
13.3526
12.659
12.659
12.659
13.5674
13.5674
15.0115
14.9201
14.5942
14.5942
14.5942
14.5942
14.5942
14.5942
13.2361
13.2361
12.0004
10.926
10.926
10.926
10.926
10.926
10.926
10.926
10.926
10.926
10.926
10.926
10.926
10.926
10.926
10.926
12.5968
12.0955
12.0955
12.0955
12.0955
12.0955
12.0955
12.0955


-2.60037
-3.84526
3.97578
5.13817
3.26946
0.176073
5.60234
-0.936282
5.42496
1.20524
4.91802
3.05489
0.849017
3.67387
-0.508413
0.154993
-2.69788
-0.0405334
3.16452
-0.235763
1.111
-1.19701
-0.657097
1.53052
-0.96681
-2.91273
-0.246027
-4.69778
-1.99807
1.84286

0.027

