388.532
388.532
388.532
388.532
388.532
388.532
274.619
274.619
274.619
274.619
274.619
274.619
274.619
229.805
229.805
229.805
229.805
229.805
229.805
229.805
229.805
229.805
183.759
183.759
183.759
183.759
183.759
183.759
171.924
171.924
171.924
171.924
171.924
171.924
171.924
171.924
171.924
171.924
169.473
169.473
163.544
163.544
163.544
163.544
163.544
163.544
163.544
163.544
163.544
152.701
152.701
152.701
149.826
143.812
143.812
143.812
143.812
141.145
141.145
138.83
138.83
138.83
138.83
138.83
138.83
138.83
138.83
138.83
138.83
138.83
138.83
138.83
138.83
138.83
138.83
138.83
138.83
138.83
138.83
137.292
137.292
137.292
137.292
137.292
137.292
135.441
135.441
135.441
135.441
135.441
135.441
135.441
133.491
133.491
133.491
133.491
133.465
133.465
133.465
133.465
131.319
131.319
131.319
131.319
131.319
131.319
131.319
131.23
130.423
130.423
130.423
125.225
125.225
125.225
125.225
125.225
125.225
125.225
125.225
122.715
122.715
122.715
122.715
121.822
121.477
121.477
120.683
120.683
119.328
119.328
119.328
119.328
119.328
119.328
118.989
118.989
118.989
118.989
118.989
118.989
118.989
118.989
118.989
118.989
118.831
118.831
118.831
118.831
118.831
118.831
118.831
118.831
118.831
118.821
118.821
118.821
118.632
104.026
104.026
104.026
69.6722
69.6722
69.6722
69.6722
69.6722
69.6722
69.6722
69.6722
69.6722
69.3397
69.3397
69.3397
69.3397
68.2017
68.2017
68.2017
68.2017
68.2017
68.2017
68.2017
68.2017
68.2017
68.2017
67.7946
67.7946
67.7946
60.145
60.145
60.145
60.145
60.145
60.145
60.145
60.145
60.145
60.145
60.145
60.145
60.145
60.145
60.145
59.3208
59.3208
59.276
58.4952
58.4952
58.4952
58.4952
58.0282
58.0282
58.0282
58.0282
58.0282
58.0282
50.5167
50.5167
50.5167
50.5167
50.5167
50.5167
50.5167
50.5167
50.5167
50.5167
50.5167
50.5147
50.5147
50.5147
50.5147
50.5147
50.5147
50.5147
50.5147
48.9868
48.9868
44.8918
44.8918
44.8918
44.8918
44.8918
44.8918
37.8968
37.8968
37.8968
37.8163
37.8163
37.8163
37.8163
37.8163
37.8163
36.1197
36.1197
36.1197
34.8983
34.8983
34.8983
34.4119
34.4119
34.4119
34.4119
34.0737
34.0737
34.0737
33.4972
33.4972
33.4972
33.4972
33.4972
33.4972
33.4194
33.4194
33.4194
33.1776
33.1776
33.1776
33.1776
33.0885
32.529
32.529
32.529
32.529
31.4682
31.4682
31.4682
31.4682
31.4682
31.4682
30.4862
30.4862
30.4862
30.4862
30.4862
30.4862
30.4862
30.4862
28.1757
28.1757
27.5433
27.5433
27.5433
27.5433
27.5433
27.5433
27.3056
27.3056
27.3056
27.3056
27.3056
27.3056
27.3056
27.3056
27.3056
27.3056
27.3056
26.7989
26.7989
26.7989
26.7989
26.3098
26.3098
26.3098
26.3098
25.9665
25.3337
25.3337
25.1225
25.1225
25.1225
25.1225
25.1225
25.1225
25.1225
25.1225
25.1225
25.0016
25.0016
25.0016
25.0016
25.0016
25.0016
25.0016
25.0016
24.6963
24.6963
24.6963
24.6963
24.6963
24.6963
24.6963
23.7992
23.7992
23.7992
23.7992
23.7992
23.7992
23.7992
23.3563
23.3563
23.324
23.2993
23.1834
22.8473
22.8473
22.8473
22.8473
22.8473
22.8473
22.8473
22.7489
22.7489
22.7489
22.7489
22.7489
22.7489
22.7489
22.7489
22.6502
22.6502
22.6502
22.6502
22.6502
22.6502
22.6502
22.6502
22.5596
22.5596
22.5441
22.3591
22.3591
22.3591
22.3591
22.3591
22.3591
20.6622
20.6622
20.6622
20.6622
20.6622
20.6622
20.6622
20.6622
20.6622
20.6622
20.6622
20.6622
20.6622
20.6622
20.6622
20.3755
20.3755
20.3755
20.3755
20.3755
20.3755
20.3755
20.3755
20.3755
20.3755
20.3755
20.3755
20.3755
20.3755
20.3755
20.3755
20.2596
20.2596
20.2596
20.2596
20.2596
20.2596
20.2596
20.2596
20.2047
20.1934
20.1934
20.1934
20.1934
20.1934
17.7666
17.7666
17.7666
17.7666
17.7666
17.7666
17.5021
17.5021
17.5021
17.5021
17.5021
17.5021
17.5021
17.5021
17.5021
17.5021
17.5021
17.5021
17.397
17.397
17.397
17.397
17.397
17.3326
17.3326
17.3326
17.3326
17.3326
17.3326
17.3326
17.3326
17.3326
17.3326
17.3326
17.3326
17.3326
17.3326
17.3326
17.3326
17.3245
17.3245
17.3245
17.1434
17.1434
17.1434
17.1434
16.792
16.792
16.792
16.792
16.792
16.792
16.792
16.792
16.792
16.6387
16.6387
16.6387
16.6387
16.6387
16.6387
16.614
16.614
16.614
15.8255
15.8255
15.8255
15.8255
15.8255
15.8255
15.8255
15.8255
15.8255
15.8255
15.7912
15.7912
15.7912
15.7912
15.7912
15.7912
15.7912
15.7912
15.5237
15.5237
15.5237
15.5237
15.5237
15.4722
15.4722
15.4722
15.4722
15.4722
15.4401
15.4401
15.4401
15.4401
15.4401
15.4401
15.4401
15.4401
15.4397
15.2677
15.2027
15.2027
15.2027
15.1622
15.1622
15.1622
15.1622
15.1622
15.1622
15.1622
15.1622
15.1622
15.1622
15.1622
15.0411
15.0411
15.0411
14.7767
14.7767
14.7032
14.7032
14.7032
14.6908
14.6908
14.6908
14.6908
14.6908
14.6908
13.5245
13.5245
13.5245
12.8982
12.8982
12.8982
12.8982
12.4258
12.4258
12.4258
12.4258
12.4258
12.4258
12.4258
11.4621
11.4621
11.4621
11.4621
11.4621
11.4621
11.4621
11.4621
11.4621
11.4621
11.4621
11.4621
11.4621
11.4621
11.355
11.3505
11.3505
11.3505
11.0285
11.0285
11.0285
11.0285
11.0285
11.0285
11.0285
11.0285
11.0285
11.0285
11.0285
11.0285
11.0285
11.0285
10.9394
10.9394
10.9394
10.9394
10.9394
10.9394
10.9394
10.9394
10.9394
10.9394
10.9394
10.9394
10.9394
10.9394
10.9394
10.9379
10.9379
10.9379
10.9379
10.3076
10.3076
10.3076
10.3076
10.3076
10.3076
10.3076
10.3076
10.3076
10.3076
10.3076
10.3076
10.3076
10.3076
10.3076
10.3076
10.3076
10.3076
10.2866
10.2866
10.2866
10.2866
10.2866
10.2866
10.2866
10.2866
10.2866
10.2866
10.2866
9.2471
9.2471
9.2471
9.2471
9.2471
8.91818
8.91818
8.91818
8.91818
8.91818
8.91818
8.86533
8.86533
8.86533
8.86533
8.86533
8.86533
8.86533
8.86533
8.3186
8.3186
8.3186
8.3186
8.3186
8.3186
8.19754
7.94652
7.94652
7.94652
7.94652
7.94652
7.94652
7.70991
7.70991
7.70991
7.70991
7.70991
7.70991
7.70991
7.70991
7.70991
7.70991
7.70991
7.70991
7.70991
7.70991
7.64307
7.64307
7.64307
7.64307
7.64307
7.64307
7.4843
7.4843
7.4843
7.4843
7.4843
7.4843
7.23872
7.23872
7.23872
7.23872
7.23872
7.23872
7.23872
7.23472
7.20981
7.20981
7.20981
7.20981
7.16341
7.16341
7.16341
7.16341
7.16341
7.08703
7.08703
7.08703
7.08703
7.08703
7.08703
7.08703
7.08703
7.08703
7.08703
7.08703
7.08703
7.08703
7.08703
7.08703
7.08703
7.08703
7.08703
7.05896
6.81498
6.81498
6.81498
6.81498
6.81498
6.81498
6.81498
6.81498
6.81498
6.81498
6.42419
6.42419
6.42419
6.42419
6.42419
6.42419
6.42419
6.42419
6.42419
6.42419
6.42419
6.42419
6.42419
6.42419
6.42419
6.42419
6.42419
6.42419
6.42419
6.42419
6.42419
6.42419
6.41801
6.41801
6.41801
6.4024
6.4024
6.4024
6.4024
6.24134
6.24134
6.24134
6.24134
6.24134
6.24134
6.24134
6.24134
6.24134
6.24134
6.24134
6.24134
6.24134
6.24134
6.24134
6.24134
6.24134
6.24134
6.24134
6.24134
6.24134
6.24134
6.22347
6.22347
6.22347
6.22347
6.22347
6.22347
6.22347
6.11375
6.11375
6.11375
6.11375
6.11375
5.96668
5.96668
5.96668
5.96668
5.96668
5.96668
5.96668
5.96668
5.96668
5.96668
5.96668
5.96668
5.96668
5.95727
5.89668
5.89668
5.89668
5.85329
5.85329
5.85329
5.85329
5.85329
5.85329
5.85329
5.83541
5.83541
5.83541
5.83541
5.83541
5.83541
5.81271
5.81271
5.81271
5.81271
5.81271
5.81271
5.81271
5.80657
5.80657
5.80657
5.80657
5.80657
5.80657
5.74563
5.74563
5.74563
5.74563
5.74563
5.74563
5.74563
5.74563
5.69281
5.69281
5.69281
5.69281
5.69281
5.69281
5.69281
5.69281
5.69281
5.69281
5.68517
5.66951
5.66951
4.87602
4.77651
4.77651
4.75941
4.75941
4.75941
4.75941
4.75941
4.75941
4.75941
4.75941
4.75941
4.75941
4.75941
4.75941
4.75941
4.75941
4.74886
4.74886
4.68773
4.68773
4.68773
4.68773
4.68773
4.68773
4.67752
4.67752
4.6407
4.6407
4.6407
4.6407
4.43713
4.43713
4.43713
4.43713
4.43713
4.43713
4.43713
4.43713
4.43713
4.43713
4.43713
4.43713
4.43713
4.40299
4.40299
4.40299
4.40299
4.40299
4.40299
4.40299
4.40299
4.40299
4.40299
4.40299
4.40299
4.40299
4.40299
4.40299
4.40299
4.40299
4.30972
4.30972
4.30972
4.30972
4.30972
4.30972
4.30972
4.30972
4.26191
4.26191
4.26191
4.26191
4.26191
4.26191
4.22453
4.22453
4.22453
4.22453
4.07242
4.07242
4.07242
4.07242
4.07242
4.07242
4.07242
4.07242
4.07242
4.07242
4.07242
4.07242
4.07242
4.07242
4.07242
4.07242
4.07242
4.07242
4.07242
4.07242
4.07242
4.07242
4.07242
4.07228
4.04104
4.04104
4.04104
4.04104
4.04104
4.04104
4.04104
4.04104
4.04104
4.04104
4.04104
4.03715
4.03715
4.03715
4.03715
4.03715
4.03715
4.03715
4.03715
4.03715
4.03715
4.03715
4.03715
4.03715
4.03715
4.03236
4.03236
4.03236
4.03236
4.03236
4.03236
4.03236
4.03236
4.03236
4.03236
4.03236
4.03084
4.03084
4.03084
4.03084
4.03084
3.98925
3.98925
3.98925
3.98925
3.98925
3.98925
3.98925
3.98925
3.98925
3.98925
3.97805
3.97805
3.97805
3.96049
3.96049
3.96049
3.96049
3.96049
3.96049
3.96049
3.96049
3.96049
3.96049
3.96049
3.96049
3.96049
3.96049
3.96049
3.96049
3.96049
3.96049
3.96049
3.96049
3.76989
3.76989
3.76989
3.76989
3.76989
3.76989
3.76989
3.76989
3.76439
3.75319
3.74978
3.71164
3.71164
3.71164
3.71164
3.68075
3.68075
3.68075
3.68075
3.68075
3.68075
3.68075
3.68075
3.68075
3.68075
3.65911
3.65911
3.65635
3.65635
3.65635
3.65635
3.57331
3.57331
3.57331
3.57331
3.57331
3.57331
3.57331
3.57331
3.57331
3.57331
3.57331
3.54203
3.54203
3.50504
3.50504
3.50504
3.50504
3.50504
3.50504
3.50504
3.49595
3.49595
3.49595
3.47354
3.47354
3.47354
3.44428
3.44428
3.44428
3.44428
3.44428
3.44428
3.44428
3.438
3.438
3.438
3.438
3.438
3.438
3.43741
3.43741
3.43541
3.43541
3.43541
3.43541
3.40225
3.40225
3.40225
3.39853
3.39853
3.39853
3.39853
3.39853
3.39853
3.39853
3.39853
3.39853
3.39853
3.39853
3.39853
3.39853
3.36543
3.36543
3.30582
3.30582
3.30582
3.30149
3.30149
3.30149
3.30149
3.30149
3.30149
3.30149
3.30149
3.30149
3.30149
3.30149
3.30149
3.30149
3.30149
3.30149
3.29148
3.29148
3.27981
3.27981
3.27981
3.27981
3.27981
3.27981
3.27981
3.27981
3.27981
3.27981
3.27981
3.27981
3.27981
3.24632
3.22496
3.22496
3.22496
3.22496
3.22496
3.22496
3.22496
3.22057
3.22057
3.22057
3.22057
3.22057
3.21127
3.21127
3.21127
3.14559
3.14559
3.12384
3.12384
3.12384
3.12384
3.12384
3.12384
3.1218
3.1218
3.1218
3.10421
3.10421
3.10421
3.10421
3.10421
3.10421
3.10421
3.09015
3.09015
3.09015
3.09015
3.09015
3.09015
3.09015
3.05833
3.05833
3.05833
3.05442
3.05128
3.05128
3.05128
3.03766
3.03584
3.03584
3.03584
3.03584
2.97979
2.97979
2.96167
2.96167
2.96167
2.96167
2.96167
2.96167
2.96167
2.96167
2.96167
2.95083
2.95083
2.95083
2.95083
2.95083
2.95083
2.95083
2.95083
2.95083
2.95083
2.95083
2.93328
2.93328
2.93328
2.93328
2.93328
2.93328
2.93328
2.93328
2.93328
2.93328
2.93328
2.93328
2.93328
2.93226
2.93226
2.9312
2.9312
2.92796
2.92796
2.92481
2.92481
2.92237
2.92192
2.92192
2.92192
2.92192
2.92192
2.90527
2.90527
2.90527
2.90527
2.90527
2.90527
2.90374
2.90374
2.90374
2.90374
2.90374
2.90374
2.90374
2.89075
2.89075
2.81953
2.81953
2.81953
2.81953
2.81953
2.81953
2.81953
2.81953
2.80193
2.78952
2.78952
2.78952
2.78952
2.78952
2.78952
2.78903
2.78903
2.78903
2.78903
2.78903
2.78903
2.78903
2.78903
2.78903
2.78903
2.67014
2.67014
2.67014
2.67014
2.65159
2.65159
2.65159
2.65159
2.65159
2.65159
2.64654
2.64654
2.64654
2.64654
2.64654
2.64654
2.64654
2.64654
2.64654
2.64654
2.64654
2.64654
2.64654
2.64329
2.61683
2.61683
2.61683
2.61683
2.61683
2.61683
2.61683
2.61683
2.61683
2.61683
2.61683
2.61683
2.61683
2.61683
2.61683
2.61683
2.61463
2.61463
2.60485
2.60485
2.60485
2.60485
2.60485
2.60485
2.60485
2.59797
2.58135
2.58135
2.58135
2.58135
2.58135
2.58135
2.58135
2.58135
2.58135
2.58135
2.58135
2.58135
2.58135
2.58135
2.58135
2.58135
2.58135
2.58135
2.58135
2.58135
2.58135
2.58135
2.58135
2.58135
2.58135
2.58135
2.58135
2.58135
2.58135
2.58135
2.58135
2.58135
2.58135
2.58135
2.58135
2.58135
2.58135
2.58135
2.58135
2.58135
2.58135
2.58135
2.58135
2.58135
2.58135
2.58135
2.58135
2.58135
2.58135
2.58135
2.58135
2.58135
2.58135
2.58135
2.58135
2.5799
2.5799
2.5799
2.5799
2.5799
2.5799
2.5799
2.5799
2.5799
2.57282
2.563
2.563
2.563
2.563
2.563
2.563
2.563
2.563
2.563
2.563
2.563
2.563
2.56022
2.56022
2.56022
2.56022
2.56022
2.56022
2.55967
2.55967
2.5568
2.5568
2.5568
2.5568
2.5568
2.5568
2.5568
2.5568
2.5568
2.5568
2.5568
2.5568
2.5568
2.5568
2.5568
2.5568
2.5568
2.55223
2.55223
2.55223
2.51943
2.51943
2.51943
2.51943
2.51943
2.51943
2.51943
2.51744
2.51744
2.51016
2.51016
2.51016
2.51016
2.51016
2.51016
2.51016
2.51016
2.50172
2.47096
2.47096
2.47096
2.47096
2.47096
2.47096
2.47096
2.47096
2.47096
2.47096
2.47096
2.47096
2.47096
2.47096
2.47096
2.47096
2.47096
2.47096
2.47096
2.47096
2.46249
2.46249
2.46249
2.46249
2.46249
2.46249
2.46249
2.46249
2.46249
2.46249
2.46249
2.46249
2.46249
2.45817
2.45817
2.45817
2.45817
2.45817
2.45817
2.45461
2.43231
2.43231
2.43231
2.43231
2.43231
2.43231
2.43231
2.43231
2.43231
2.43231
2.43008
2.43008
2.43008
2.43008
2.43008
2.43008
2.43008
2.43008
2.4113
2.4113
2.4113
2.4113
2.4113
2.4113
2.4113
2.4113
2.4113
2.4113
2.4113
2.4113
2.4113
2.40739
2.40739
2.40739
2.40739
2.34915
2.34915
2.34915
2.34915
2.34915
2.34915
2.34754
2.34754
2.34754
2.34754
2.34754
2.34754
2.34754
2.34754
2.33625
2.33625
2.33625
2.33625
2.33625
2.33625
2.33319
2.3235
2.3235
2.3235
2.3235
2.3235
2.3235
2.3235
2.3235
2.3235
2.3235
2.3235
2.3235
2.3235
2.3235
2.32249
2.32249
2.32249
2.31386
2.30341
2.30341
2.30341
2.30341
2.30341
2.30341
2.30341
2.30341
2.30341
2.30341
2.30341
2.30251
2.30251
2.29548
2.28586
2.28586
2.28586
2.28586
2.28586
2.28586
2.26586
2.26586
2.26586
2.26586
2.26527
2.26527
2.26527
2.26527
2.26527
2.25537
2.25537
2.25537
2.25537
2.25221
2.25221
2.24777
2.24777
2.24777
2.24777
2.24777
2.24777
2.24777
2.24556
2.20189
2.20189
2.20189
2.20189
2.20189
2.20189
2.20189
2.20189
2.20189
2.1839
2.1839
2.1839
2.1839
2.1839
2.1839
2.1839
2.17863
2.17863
2.17863
2.17863
2.17863
2.17863
2.17863
2.17863
2.17863
2.17863
2.17863
2.15756
2.15756
2.15756
2.15321
2.15321
2.15321
2.15321
2.15321
2.15321
2.15321
2.15321
2.15321
2.15321
2.15321
2.15321
2.15321
2.15321
2.14771
2.14771
2.14771
2.14771
2.14771
2.14771
2.14771
2.14771
2.14508
2.14508
2.14508
2.14508
2.14508
2.14508
2.14425
2.14319
2.14319
2.14319
2.14319
2.14319
2.14319
2.14319
2.14319
2.14319
2.14319
2.14319
2.14257
2.14257
2.14257
2.12908
2.12751
2.12751
2.12751
2.12751
2.12751
2.12751
2.12751
2.12751
2.11103
2.11103
2.11103
2.11103
2.11055
2.11055
2.11055
2.11055
2.11055
2.10969
2.10969
2.10969
2.10872
2.10872
2.10872
2.1007
2.1007
2.1007
2.1007
2.1007
2.09832
2.09832
2.09832
2.09832
2.09832
2.09832
2.09832
2.09832
2.08007
2.08007
2.08007
2.08007
2.08007
2.08007
2.08007
2.08007
2.07799
2.07799
2.07799
2.07799
2.07799
2.07799
2.07799
2.07799
2.07799
2.07383
2.07383
2.07094
2.07094
2.06882
2.06882
2.06882
2.06666
2.06213
2.06213
2.06213
2.06213
2.05943
2.05943
2.05943
2.05943
2.05943
2.05943
2.05943
2.05943
2.05943
2.03117
2.03117
2.03117
2.03117
2.03117
2.03117
2.03117
2.03117
2.02516
2.02516
2.02516
2.02326
2.02326
2.02155
2.02155
2.02155
2.02155
2.02155
2.02155
2.02155
2.02155
2.02155
1.95014
1.95014
1.95014
1.95014
1.95014
1.95014
1.95014
1.94599
1.94599
1.94599
1.94599
1.94599
1.94599
1.94163
1.94163
1.94163
1.94163
1.94163
1.94163
1.94163
1.94163
1.94163
1.94163
1.94163
1.94163
1.93655
1.93655
1.93655
1.93655
1.93655
1.93655
1.93655
1.93655
1.93655
1.93655
1.93655
1.93655
1.93655
1.93655
1.92718
1.92718
1.92718
1.92718
1.92718
1.8955
1.8955
1.8955
1.89292
1.89292
1.89292
1.89292
1.89292
1.89292
1.89292
1.89292
1.89292
1.89292
1.89292
1.89292
1.89292
1.89292
1.88602
1.87889
1.87889
1.87889
1.87889
1.87889
1.87889
1.87889
1.86991
1.86991
1.86991
1.86991
1.86991
1.86991
1.86938
1.86938
1.86938
1.86938
1.8682
1.8682
1.8682
1.8567
1.8567
1.8567
1.8567
1.8567
1.85076
1.85076
1.85076
1.85076
1.85076
1.85076
1.84788
1.84788
1.84788
1.82472
1.82472
1.82472
1.82472
1.82472
1.8211
1.8211
1.8211
1.8211
1.8211
1.8211
1.8211
1.8211
1.8211
1.8211
1.8211
1.8211
1.8211
1.82038
1.82038
1.82038
1.82038
1.82038
1.82038
1.82038
1.82038
1.82038
1.82038
1.82038
1.82038
1.81684
1.81684
1.81684
1.81684
1.81684
1.81684
1.81684
1.81684
1.81536
1.81536
1.81536
1.81536
1.81536
1.81536
1.81536
1.81536
1.81536
1.80523
1.80523
1.80523
1.80523
1.80523
1.80523
1.80463
1.80463
1.80463
1.80463
1.80463
1.80463
1.80446
1.80446
1.80446
1.80446
1.80446
1.80446


0.859824
5.52387
5.35383
15.2773
17.6005
20.1552
21.2613
22.5048
8.64778
4.9998
4.44339
-1.24882
-1.5023
-4.43278
-3.24808
-3.74156
0.500959
4.66182
9.96872
1.77894
1.22198
1.48367
-1.28092
-3.17486
-6.7595
-12.0675
-13.2526
-17.2365
-16.6649
-0.877784

0.026

