424851
443229
443229
443229
443229
365048
365048
365001
365001
365001
365001
406656
406656
406656
382527
410832
410832
410832
410832
353216
353216
353216
353216
353216
353216
433099
361579
361579
361579
361579
361579
361579
319838
319838
342314
342314
342083
342083
353037
353037
353037
353037
353037
399676
399676
399676
399676
362422
362422
362422
362422
377716
377716
377716
401874
401874
401874
401874
401874
401874
401874
385317
385317
387334
387334
387334
387334
385050
385050
385050
385050
385050
385050
385050
385050
379434
379434
379434
379434
379434
379434
379434
380711
380711
380711
380711
438171
438171
441646
441646
445451
445451
445451
445451
445451
486668
486668
486668
486668
486668
486668
486668
486668
433542
488785
427960
427960
427960
427960
427960
427960
496322
496322
493232
470318
470318
470318
470318
470318
470318
470318
461404
452832
452832
445020
445020
445020
445020
445020
445020
445020
445020
416284
416284
426944
426944
426944
426944
438117
395099
395099
395099
428790
428790
354714
354714
354714
354714
354714
371701
325366
399935
399935
394597
394597
328208
353335
353335
353335
279745
279745
279745
357561
357561
357561
357561
357561
357561
357561
357561
399118
399118
402730
402730
402730
402730
402730
402730
402730
402730
402730
402730
402730
402730
402730
432162
432162
432162
432162
405979
405979
426563
427138
427138
427138
427138
427138
434915
434915
434915
333327
352086
336545
336545
336545
336545
336545
413008
413008
434585
434585
434585
434585
413370
393548
393548
393548
393548
393548
393548
450339
450339
450339
470660
440308
440308
440308
440308
465751
465049
465049
465049
468120
468120
453493
468120
466489
467651
467651
467651
452944
452944
452944
452944
452944
452944
452944
447730
432583
432583
461040
436634
436634
377550
398847
398847
398847
398847
398847
419687
447518
447518
447518
447518
447518
447518
447518
447518
447518
447518
447518
447518
447518
447518
447518
447518
447518
458500
458500
458500
446058
446058
446058
446058
424226
424226
424226
424226
424226
424226
381824
381824
381824
409508
409508
406679
321075
321075
321075
327566
327566
351843
351843
351843
351843
388835
388835
388835
421879
421879
421879
421879
421879
421879
421879
421879
395801
395801
395801
395801
395801
399920
415735
415735
415735
415735
415735
415735
415735
415735
415735
415735
415735
415735
415735
415735
415735
415735
415735
415735
415735
415735
415735
415735
406631
403209
403209
403209
368118
368118
368118
368118
368118
402131
402131
402131
381065
381065
403209
403209
403209
403209
403209
342919
314033
315355
315355
315355
359558
357813
357813
357813
332603
332603
332603
332603
330824
330824
330824
301576
301576
301623
301623
301623
325453
325453
325453
325453
325453
325453
340473
340473
340473
340473
340473
340473
340473
340473
337528
337528
337528
337528
337528
357044
366023
366023
365285
365285
365285
366023
341634
341634
341634
367002
367002
365829
365829
365829
365829
365829
365829
365829
365829
365829
365829
414981
414981
414981
414981
391429
391429
450930
458966
457055
457055
427972
427972
427972
427972
427972
427972
427972
438602
438602
438602
438602
438602
438602
438602
438602
383730
383730
447588
447588
466781
466781
466781
466781
465958
465958
465958
469962
447150
447150
444495
444495
447150
447150
447150
471287
466820
466820
466820
466820
460369
451729
451729
438925
398643
398643
398643
398643
398643
398643
399230
399230
399230
390952
390952
491996
491996
491996
491996
491996
491996
491996
491996
491996
491996
473918
466795
473918
473918
473918
473918
473918
483913
483913
483913
435401
435401
413702
413702
413702
413702
391328
391328
391328
327408
327408
327408
327408
327408
327408
381696
381696
321827
321827
321827
321827
321827
321827
321827
314043
314043
314043
314043
314043
314043
314043
353573
353573
353573
353573
353573
353573
353573
353573
392821
315955
315955
392821
392821
408486
408486
408486
408486
408486
408486
408486
400040
400040
400040
400040
400040
350709
377090
377090
377090
377090
377090
377090
377090
375649
375649
377090
377090
338745
308896
308896
317902
294017
294017
256371
256371
256371
256371
256371
256371
256371
256623
256623
332891
383045
383045
314672
314672
314672
314672
314672
293668
293668
294343
294343
294343
323634
324335
324335
324335
299512
299512
299512
324335
291683
311062
311062
316666
319051
319051
288540
288540
288540
288540
288540
288540
289134
289134
289134
289134
289134
289134
289134
289134
289134
289134
288829
288829
288829
288829
288829
288829
288829
288829
350806
350806
350806
332203
332203
307283
307283
307283
307283
307283
307283
288190
288190
288190
288190
288190
288190
312345
312872
357215
357215
357215
357215
357215
316891
316891
313179
352759
353281
353281
284863
327635
345149
223898
223898
223898
223898
223898
223898
223898
223898
223898
224866
224866
241050
241050
289130
260451
260451
223518
223518
295549
295549
295549
295549
295894
295894
244065
244065
259166
259166
259166
239182
261161
271100
271100
271100
271100
271100
291572
291572
277787
277787
277787
277787
277787
277787
301625
301625
301625
321175
321175
275840
275840
275840
321175
321175
321175
288479
288479
288479
288479
288479
288479
288479
288479
288479
288479
288479
288479
333116
268780
268780
268780
268780
268780
268780
268780
268780
296600
296600
296600
296600
296600
296600
296600
329646
340974
341961
341961
341961
325674
339917
289437
289437
326793
326793
326793
339917
339917
339917
339917
339917
339917
339917
339917
341923
341923
341923
341923
342747
342747
342747
342747
302990
302990
302990
302990
302990
302990
302990
302990
302990
302990
302990
302990
302990
325266
325266
325266
288786
291034
291034
284074
284074
284074
284074
284074
284074
284074
284074
291316
291316
291316
291316
205699
205699
205699
205699
205699
205699
283573
283573
328516
328516
328516
328516
328516
328516
273753
273753
273753
272320
272320
272320
272320
272320
272320
272320
272320
280143
280143
282577
282577
282577
282577
312832
312832
312832
312832
312832
315742
315742
315742
315742
315742
315742
315742
315742
315742
315742
312818
312818
313146
313146
313146
313146
313146
313146
350867
350867
358650
358650
358650
358650
358650
358650
375149
375149
375149
375149
356284
356284
356284
334545
279894
279894
279894
280421
287212
287212
287212
287212
287212
287212
287212
287212
287212
287212
287212
319595
293468
293468
293468
293468
274286
274286
281202
281202
274000
274000
274000
274000
274000
274000
274000
274000
274000
274000
274000
274000
274000
274000
274000
274000
339973
339973
335870
335870
335870
339973
339973
333718
333718
333718
333718
336362
336362
336362
336362
336362
336362
336362
336362
336362
292307
292307
292307
292307
292307
313549
313549
313549
313549
319654
319654
307452
307452
243032
243032
243032
243032
243032
243032
243032
243032
243032
244852
244852
289961
289961
289961
227800
227122
225932
276914
276914
308253
307070
308813
308813
300608
300608
300608
300608
300608
288126
263472
263472
263472
263472
263472
288126
288126
288126
288126
244534
244534
244534
244534
244534
311733
311733
311733
311733
311733
311733
289264
289264
289264
289264
289264
289264
289264
289264
289264
303753
303753
299318
299318
299318
303961
303961
303961
303961
303961
303961
303961
303961
307267
307267
321509
321509
321509
321509
321509
321509
321509
336683
336683
336683
350066
321307
308177
303189
303189
303189
303189
303189
303189
297228
268507
327447
327447
327447
336810
336810
336810
336810
336810
336810
336810
336810
358714
358714
357467
350414
350414
356895
356895
329851
357705
403662
369880
369880
369880
369880
401049
401049
401049
374978
374978
374978
374978
374978
374978
338226
380905
380905
327433
327433
327433
327433
327433
327433
411097
411097
411097
411097
411097
411097
411097
411995
431233
431233
431233
431233
420093
420093
431233
435530
435530
435530
448653
396993
395846
395846
395846
395846
395846
395846
395846
434205
439829
402621
402621
402621
402621
402621
402621
348502
348502
433899
433899
433899
446055
456896
465596
465596
424029
424029
424029
424029
424029
424029
424029
424029
424029
424029
424029
315918
315918
397843
397843
397843
397843
397843
411589
413473
413880
413880
413880
448181
448181
448172
442964
465282
465282
467210
467210
385212
385212
385212
385212
385212
464679
454353
454353
447556
447556
447556
416879
416879
416879
407939
431978
408190
408190
408190
340731
340731
397576
391002
342084
342084
438480
438480
388455
388455
432547
333111
335553
417779
417779
417779
417779
417779
417779
417779
417779
417779
406929
406929
406929
406929
406929
406929
406929
406929
406929
406929
406929
406929
422422
375773
375773
414560
413841
413643
413643
413643
413643
413643
413643
413643
413643
413643
440723
440723
440723
440723
415258
440723
440723
440723
440723
440723
440723
440723
440723
440723
440723
424812
424812
424812
424812
424812
438087
434309
434309
434309
431909
431909
388963
388963
388963
346541
346541
346541
333783
333783
333783
327935
327935
327935
327935
327935
327935
327935
425009
425009
425009
425009
425009
425009
425009
441412
441412
441412
441412
441412
376249
375765
375765
375765
375765
438406
398809
438406
438406
351250
351250
352185
352185
352185
352185
352185
352185
352185
352185
352185
352185
352185
352185
384994
384994
384994
393689
393689
393689
393689
393689
393689
411200
449295
347027
347027
391194
391194
411982
411982
420301
420301
420301
420301
420301
420301
421101
421101
421101
387216
387216
406243
380146
387475
387475
360045
360045
360045
360045
360045
360045
360045
296345
296345
296345
296345
296345
296345
296345
296345
296345
296345
296345
399107
399107
399107
399107
399107
399107
380458
380458
426832
426832
426832
426832
426832
426832
426832
426832
426832
426832
426832
426984
408632
408632
408632
408632
408632
408632
408632
409082
409082
411040
426984
426984
382336
382336
382336
382336
382336
426407
426407
426407
250756
250756
250756
250756
250756
324726
324726
297208
295928
295928
389425
354694
336769
336769
336769
422991
422991
422991
421645
421645
421645
413466
358951
358951
358951
389052
377657
389052
389052
386042
386042
386042
421645
421645
421645
421645
432730
442580
442580
442580
442580
442580
442580
442580
442580
426732
400236
400236
400236
400236
400236
399829
399829
407504
407504
407504
424161
424161
424161
424161
424161
424161
369522
369522
369522
369522
369522
366157
366157
366157
366157
366157
386863
386863
386863
386863
380568
380568
383471
410945
410945
410945
410945
410945
340512
326223
326223
340512
338594
338594
338594
321277
297538
297538
297538
321277
321277
321277
321277
321277
321277
321277
321277
321277
321277
321277
321277
321277
321277
321155
335893
335893
335893
335893
351629
351629
275959
275959
275959
275959
275959
275959
275959
275959
275959
322796
306466
323402
323402
323402
323402
323402
323402
375247
375247
375247
375247
375247
400632
400632
400632
400632
400632
400632
350635
350635
350635
350635
371068
371068
371068
371068
371068
371068
371068
342707
342707
342707
342707
342707
342707
342707
342707
367967
367967
367967
367967
342247
342247
342247
342247
342247
343728
343728
343728
408922
408922
447354
447354
403639
407755
407755
407755
407755
407755
381295
381295
381295
424860
424860
394020
405961
405961
405961
342352
342352
364342
364342
364342
364342
330090
330090
330090
330090
330090
330090
330090
330090
330090
378686
349554
349554
349554
349554
381748
381646
381646
381646
381646
419457
435493
435493
435493
432760
432760
435493
435493
435493
435493
435493
435493
435149
435149
441313
441313
443653
443653
443653
443653
443653
450507
450507
446136
446136
463196
452280
452280
452280
452280
459882
449767
449767
449767
420828
420828
284418
284418
284418
284418
284418
284418
284418
284418
284279
284279
296803
302911
302911
302911
302911
302911
302911
302911
320313
318090
318090
318090
318090
319862
215956
215956
215956
215963
215963
294305
294305
294305
225890
225890
225890
225890
312627
312627
312627
312627
318208
236140
236140
236140
289211
289211
289211
252851
252851
252851
275903
275903
275903
275903
275903
271123
271123
271123
271123
271123
271123
271123
271123
271123
271123
274517
274517
274517
274517
275934
228924
228924
228924
228924
228924
228924
228924
228924
228924
249045
249045
275812
275812
275812
275812
275812
275942
299673
299673
299673
237899
237899
237899
237899
237899
237899
235415
235415
251154
252956
252956
252956
252956
252956
252956
262542
262542
230827
230827
230827
230827
230827
230827
230827
230827
239577
239577
235214
266909
258483
258483
258483
258845
258845
258845
258845
258845
258845
225256
225256
225256
225256
225027
225027
225027
223236
223236
223236
223236
225390
225390
225390
225390
225390
225390
225390
225390
213556
213556
213556
262771
262771
262771
262771
263281
182716
182716
182716
182716
182716
196102
217079
217079
217617
217617
243850
221624
221624
221209
221209
221209
221209
244788
244788
244788
244788
244788
244788
244788
293556
293556
293556
293556
310232
310232
267681
267681
267681
267681
267681
267681
231593
231593
231593
231593
231593
231593
231593
231593
231593
231593
312932
312932
312932
317577
266278
273197
273197
273197
273197
273197
273197
273197
273197
288352
271221
269912
269912
269912
218984
269912
269912
269912
280751
236106
236106
236106
236106
236106
236106
236106
236106
296516
290048
290048
290048
233501
233501
233501
233501
233501
233501
233501
233501
233501
233501
233501
233501
347052
347052
347052
296338
347052
347052
347052
292462
292462
292462
292462
292462
292462
292462
292462
349539
349539
349539
349539
349539
349539
349539
349539
415875
415875
288330
288330
288330
288330
288330
288330
288330
288330
288330
288330
288330
288330
288330
288330
288330
287986
340517
340517
373991
400793
400793
400793
381493
381501
381501
381501
381501
386286
386286
399483
399483
399483
399483
399483
393753
399483
405050
405050
374244
374244
374244
371592
371592
366310
366310
371592
371592
371592
371592
405247
405247
401850
401850
401850
405247
405030
405030
405030
405247
405247
405247
405247
410497
386072
349422


-7.44223
-7.44223
1.43804
-7.44223
1.43804
-18.0346
20.4506
-17.7905
-28.7549
-34.227
-34.227
-28.7549
-28.7549
-28.7549
-15.9305
-15.9305
1.23804
1.23804
1.23804
1.23804
13.5504
29.8909
14.6704
14.6704
14.6704
-6.94621
43.5993
-56.9957
27.7668
6.93021

0.048

