20.826
20.826
20.8154
20.8154
20.6059
20.6059
20.6059
20.6059
20.6059
20.5726
20.5726
20.5726
20.5726
20.5726
20.5726
20.5726
20.5726
20.5165
20.5165
20.4455
20.4455
20.4455
20.4455
20.4455
20.4455
20.4455
20.4455
20.4455
20.4455
20.4455
20.4455
20.2217
20.2217
20.2217
20.2217
20.2217
20.2217
20.2217
20.2217
20.2217
20.0767
20.0767
20.0767
20.0668
20.0668
20.0668
20.0668
20.0668
20.0668
20.0668
19.9849
19.9545
19.9545
19.9545
19.9545
19.9545
19.9545
19.9545
19.9545
19.9545
19.9545
19.9545
19.9545
19.6066
19.6066
19.6066
19.6066
19.6066
19.6066
19.6066
19.6066
19.6066
19.6066
19.6066
19.6066
19.6066
19.6066
19.6066
19.6066
19.6066
19.6066
19.1068
19.1068
19.1068
19.1068
19.1068
19.1068
19.1068
19.036
19.036
19.036
18.927
18.927
18.9032
18.9032
18.9032
18.9032
18.9013
18.8969
18.8969
18.6158
18.6158
18.6158
18.6158
18.6158
18.6158
18.6158
18.4635
18.4635
18.4635
18.2357
18.2357
18.2357
18.2357
18.2357
18.2357
18.2357
18.2357
18.2357
18.2357
18.2357
18.2357
18.2357
18.2357
18.2357
18.2357
18.1647
18.1647
17.9814
17.9814
17.9814
17.655
17.655
17.655
17.655
17.655
16.645
16.645
16.645
16.645
16.645
16.645
16.645
16.645
16.645
16.645
16.645
16.645
16.645
16.645
16.645
16.5918
16.5038
16.5038
16.1314
16.1314
16.1314
15.805
15.805
15.805
15.4498
15.314
15.314
15.314
15.314
15.314
15.314
15.314
15.314
15.314
15.314
15.314
15.314
15.314
15.314
15.314
15.1253
15.1253
15.1253
15.1253
14.7707
14.7707
14.7707
14.7707
14.7707
14.7707
14.6658
14.6658
14.6658
14.6658
14.6658
14.6658
14.5085
14.5085
14.5085
14.5085
14.5085
14.5085
14.5085
14.5085
14.5085
14.5085
14.5085
14.5085
14.5085
14.5085
14.5085
14.5011
14.5011
14.5011
14.5011
14.5011
14.5011
14.5011
14.5011
14.5011
14.3329
14.3329
14.3329
14.3329
14.3329
14.2523
14.2523
14.2523
14.2523
14.2523
14.1958
14.1958
14.1958
14.1958
13.8355
13.6957
13.6957
13.4082
13.4082
13.4082
13.4082
13.4082
13.4082
13.4082
13.4082
13.4082
13.4082
12.7998
12.7998
12.7998
12.7998
12.7998
12.7998
12.7998
12.7998
12.7998
12.7998
12.7998
12.7998
12.7998
12.7998
12.7998
12.7998
12.7998
12.7998
12.7137
12.5359
11.5924
11.5924
11.5924
11.1862
11.1862
11.1862
11.1862
11.1862
11.1862
11.1862
11.1862
11.1862
11.1862
11.1862
11.1862
11.1862
11.1862
11.1862
10.8592
10.8592
10.8592
10.8592
10.8592
10.8592
10.8592
10.8592
10.8203
10.8203
10.8203
10.8203
10.8203
10.8203
10.8203
10.8203
10.8203
10.618
10.618
10.618
10.618
10.618
10.618
10.618
10.618
10.618
10.618
10.618
10.618
10.618
10.618
10.618
10.618
10.618
10.618
10.618
10.618
10.618
10.618
10.618
10.618
10.618
10.618
10.618
10.618
10.618
10.618
10.618
10.618
10.618
10.618
10.618
10.618
10.5778
10.5778
10.5778
10.5778
10.5778
10.5778
10.5778
10.5778
10.4027
10.4027
10.4027
10.4027
10.3197
10.3197
10.3197
10.3197
10.3197
10.3197
10.3197
10.3197
10.3197
10.3197
10.3197
10.3197
10.3197
10.3197
10.3197
10.3197
9.7829
9.7829
9.7829
9.7829
9.7829
9.73737
9.73737
9.73737
9.73737
9.73737
9.73737
9.73737
9.73737
9.73737
9.69148
9.69148
9.69148
9.69148
9.69148
9.64523
9.64523
9.64523
9.64523
9.64523
9.59863
9.59863
9.59863
9.59863
9.59863
9.59863
9.59863
9.59863
9.59863
9.59863
9.59863
9.59863
9.59863
9.59863
9.59863
9.55752
9.55752
9.55752
9.55752
8.97496
8.97496
8.97496
8.97496
8.97496
8.66309
8.66309
8.66309
8.66309
8.66309
8.66309
8.66309
8.60877
8.60877
8.60877
8.60877
8.60877
8.60877
8.3904
8.3904
8.3904
8.3904
8.3904
8.3904
8.3904
8.3904
8.3904
8.3904
8.27616
8.27616
8.27616
8.27616
8.27616
8.21821
8.21821
8.21821
8.21821
8.21821
8.21821
8.21821
8.21821
8.15971
8.15971
8.15971
8.15971
8.10064
8.10064
8.10064
8.10064
8.10064
8.10064
8.10064
8.10064
8.10064
8.10064
8.10064
8.10064
8.04099
8.04099
8.04099
8.04099
8.04099
8.04099
8.04099
8.04099
8.04099
8.04099
8.04099
8.04099
8.04099
8.04099
8.04099
8.04099
8.04099
8.04099
8.04099
7.91991
7.91991
7.91991
7.91991
7.91991
7.91991
7.91991
7.91991
7.91991
7.91991
7.91991
7.91991
7.85846
7.79639
7.79639
7.79639
7.79639
7.79639
7.79639
7.79639
7.79639
7.79639
7.79639
7.79639
7.79639
7.79639
7.79639
7.79639
7.79639
7.79639
7.79639
7.79639
7.79639
7.79639
7.79639
7.79639
7.79639
7.79639
7.79639
7.79639
7.73368
7.73368
7.73368
7.73368
7.73368
7.67033
7.67033
7.67033
7.67033
7.67033
7.67033
7.67033
7.67033
7.67033
7.67033
7.67033
7.67033
7.67033
7.67033
7.60632
7.60632
7.60632
7.60632
7.60632
7.60632
7.60632
7.60632
7.60632
7.60632
7.60632
7.60632
7.60632
7.60632
7.60632
7.54163
7.54163
7.54163
7.54163
7.54163
7.54163
7.54163
7.54163
7.54163
7.54163
7.54163
7.54163
7.47626
7.47626
7.47626
7.47626
7.47626
7.47626
7.47626
7.47626
7.47626
7.47626
7.47626
7.47626
7.47626
7.47626
7.47626
7.47626
7.47626
7.47626
7.47626
7.47626
7.47626
7.47626
7.47626
7.47626
7.47626
7.47626
7.47626
7.41019
7.41019
7.41019
7.41019
7.41019
7.41019
7.41019
7.41019
7.41019
7.41019
7.41019
7.41019
7.41019
7.41019
7.41019
7.41019
7.41019
7.41019
7.41019
7.41019
7.41019
7.41019
7.41019
7.41019
7.41019
7.41019
7.41019
7.41019
7.41019
7.41019
7.41019
7.41019
7.41019
7.41019
7.41019
7.41019
7.41019
7.41019
7.41019
7.41019
7.41019
7.41019
7.41019
7.41019
7.41019
7.41019
7.41019
7.41019
7.41019
7.41019
7.41019
7.41019
7.41019
7.41019
7.41019
7.41019
7.41019
7.41019
7.41019
7.41019
7.41019
7.41019
7.41019
7.41019
7.41019
7.41019
7.41019
7.41019
7.41019
7.41019
7.41019
7.41019
7.41019
7.41019
7.41019
7.34341
7.34341
7.34341
7.34341
7.34341
7.34341
7.34341
7.34341
7.34341
7.34341
7.34341
7.34341
7.34341
7.34341
7.34341
7.34341
7.34341
7.34341
7.34341
7.34341
7.34341
7.34341
7.34341
7.34341
7.34341
7.34341
7.34341
7.34341
7.34341
7.34341
7.34341
7.34341
7.34341
7.34341
7.34341
7.34341
7.34341
7.34341
7.34341
7.34341
7.34341
7.34341
7.34341
7.34341
7.34341
7.34341
7.34341
7.34341
7.34341
7.34341
7.34341
7.34341
7.34341
7.34341
7.34341
7.34341
7.34341
7.34341
7.34341
7.34341
7.34341
7.34341
7.34341
7.34341
7.34341
7.34341
7.34341
7.34341
7.34341
7.34341
7.34341
7.34341
7.34341
7.34341
7.34341
7.34341
7.34341
7.34341
7.34341
7.34341
7.34341
7.34341
7.34341
7.34341
7.34341
7.34341
7.34341
7.34341
7.34341
7.34341
7.34341
7.34341
7.34341
7.34341
7.34341
7.34341
7.34341
7.34341
7.34341
7.34341
7.34341
7.34341
7.34341
7.34341
7.34341
7.34341
7.34341
7.34341
7.34341
7.34341
7.34341
7.34341
7.34341
7.34341
7.34341
7.34341
7.34341
7.34341
7.34341
7.34341
7.34341
7.34341
7.34341
7.34341
7.34341
7.34341
7.34341
7.34341
7.34341
7.34341
7.34341
7.34341
7.34341
7.34341
7.34341
7.34341
7.34341
7.34341
7.34341
7.34341
7.34341
7.34341
7.34341
7.34341
7.34341
7.34341
7.34341
7.34341
7.34341
7.34341
7.34341
7.34341
7.34341
7.34341
7.34341
7.34341
7.34341
7.34341
7.34341
7.34341
7.34341
7.34341
7.34341
7.34341
7.34341
7.34341
7.34341
7.34341
7.34341
7.34341
7.34341
7.34341
7.34341
7.34341
7.34341
7.34341
7.34341
7.34341
7.34341
7.34341
7.34341
7.34341
7.34341
7.34341
7.34341
7.34341
7.34341
7.34341
7.34341
7.34341
7.34341
7.34341
7.34341
7.34341
7.34341
7.34341
7.34341
7.34341
7.34341
7.34341
7.34341
7.34341
7.34341
7.34341
7.34341
7.34341
7.34341
7.34341
7.34341
7.34341
7.34341
7.34341
7.34341
7.34341
7.34341
7.34341
7.34341
7.34341
7.34341
7.34341
7.34341
7.34341
7.34341
7.34341
7.34341
7.34341
7.34341
7.34341
7.34341
7.34341
7.34341
7.34341
7.34341
7.34341
7.34341
7.34341
7.34341
7.34341
7.34341
7.34341
7.34341
7.34341
7.34341
7.34341
7.34341
7.34341
7.34341
7.34341
7.34341
7.34341
7.34341
7.34341
7.34341
7.34341
7.34341
7.34341
7.34341
7.34341
7.34341
7.34341
7.34341
7.34341
7.34341
7.34341
7.34341
7.34341
7.34341
7.34341
7.34341
7.34341
7.34341
7.34341
7.34341
7.34341
7.34341
7.34341
7.34341
7.34341
7.34341
7.34341
7.34341
7.34341
7.34341
7.34341
7.34341
7.34341
7.34341
7.34341
7.34341
7.34341
7.34341
7.34341
7.34341
7.34341
7.34341
7.34341
7.34341
7.34341
7.34341
7.34341
7.34341
7.34341
7.34341
7.34341
7.34341
7.34341
7.34341
7.34341
7.34341
7.34341
7.34341
7.34341
7.34341
7.34341
7.34341
7.34341
7.34341
7.34341
7.34341
7.34341
7.34341
7.34341
7.34341
7.34341
7.34341
7.34341
7.34341
7.34341
7.34341
7.34341
7.34341
7.34341
7.34341
7.34341
7.34341
7.34341
7.34341
7.34341
7.34341
7.34341
7.34341
7.34341
7.34341
7.34341
7.34341
7.34341
7.34341
7.34341
7.34341
7.34341
7.34341
7.34341
7.34341
7.34341
7.34341
7.34341
7.34341
7.34341
7.34341
7.34341
7.34341
7.34341
7.34341
7.34341
7.34341
7.34341
7.34341
7.34341
7.34341
7.34341
7.34341
7.34341
7.34341
7.34341
7.34341
7.34341
7.34341
7.34341
7.34341
7.34341
7.34341
7.34341
7.34341
7.34341
7.34341
7.34341
7.34341
7.34341
7.34341
7.34341
7.34341
7.34341
7.34341
7.34341
7.34341
7.34341
7.34341
7.34341
7.34341
7.34341
7.34341
7.34341
7.34341
7.34341
7.34341
7.34341
7.34341
7.34341
7.34341
7.34341
7.34341
7.34341
7.34341
7.34341
7.34341
7.34341
7.34341
7.34341
7.34341
7.34341
7.34341
7.34341
7.34341
7.34341
7.34341
7.34341
7.34341
7.34341
7.34341
7.34341
7.34341
7.34341
7.34341
7.34341
7.34341
7.34341
7.34341
7.34341
7.34341
7.34341
7.34341
7.34341
7.34341
7.34341
7.34341
7.34341
7.34341
7.34341
7.34341
7.34341
7.34341
7.34341
7.34341
7.34341
7.34341
7.34341
7.34341
7.34341
7.34341
7.34341
7.34341
7.34341
7.34341
7.34341
7.34341
7.34341
7.34341
7.34341
7.34341
7.34341
7.34341
7.34341
7.34341
7.34341
7.34341
7.34341
7.34341
7.34341
7.34341
7.34341
7.34341
7.34341
7.34341
7.34341
7.34341
7.34341
7.34341
7.34341
7.34341
7.34341
7.34341
7.34341
7.34341
7.34341
7.34341
7.34341
7.34341
7.34341
7.34341
7.34341
7.34341
7.34341
7.34341
7.34341
7.34341
7.34341
7.34341
7.34341
7.34341
7.34341
7.34341
7.34341
7.34341
7.34341
7.34341
7.34341
7.34341
7.34341
7.34341
7.34341
7.34341
7.34341
7.34341
7.34341
7.34341
7.34341
7.34341
7.34341
7.34341
7.34341
7.34341
7.34341
7.34341
7.34341
7.34341
7.34341
7.34341
7.34341
7.34341
7.34341
7.34341
7.34341
7.34341
7.34341
7.34341
7.34341
7.34341
7.34341
7.34341
7.34341
7.34341
7.34341
7.34341
7.34341
7.34341
7.34341
7.34341
7.34341
7.34341
7.34341
7.34341
7.34341
7.34341
7.34341
7.34341
7.34341
7.34341
7.34341
7.34341
7.34341
7.34341
7.34341
7.34341
7.34341
7.34341
7.34341
7.34341
7.34341
7.34341
7.34341
7.34341
7.34341
7.34341
7.34341
7.34341
7.34341
7.34341
7.34341
7.34341
7.34341
7.34341
7.34341
7.34341
7.34341
7.34341
7.34341
7.34341
7.34341
7.34341
7.34341
7.34341
7.34341
7.34341
7.34341
7.34341
7.34341
7.34341
7.34341
7.34341
7.34341
7.34341
7.34341
7.34341
7.34341
7.34341
7.34341
7.34341
7.34341
7.34341
7.34341
7.34341
7.34341
7.34341
7.34341
7.34341
7.34341
7.34341
7.34341
7.34341
7.34341
7.34341
7.34341
7.34341
7.34341
7.34341
7.34341
7.34341
7.34341
7.34341
7.34341
7.34341
7.34341
7.34341
7.34341
7.34341
7.34341
7.34341
7.34341
7.34341
7.34341
7.34341
7.34341
7.34341
7.34341
7.34341
7.34341
7.34341
7.34341
7.34341
7.34341
7.34341
7.34341
7.34341
7.34341
7.34341
7.34341
7.34341
7.34341
7.34341
7.34341
7.34341
7.34341
7.34341
7.34341
7.34341
7.34341
7.34341
7.34341
7.34341
7.34341
7.34341
7.34341
7.34341
7.34341
7.34341
7.34341
7.34341
7.34341
7.34341
7.34341
7.34341
7.34341
7.34341
7.34341
7.34341
7.34341
7.34341
7.34341
7.34341
7.34341
7.34341
7.34341
7.34341
7.34341
7.34341
7.34341
7.34341
7.34341
7.34341
7.34341
7.34341
7.34341
7.34341
7.34341
7.34341
7.34341
7.34341
7.34341
7.34341
7.34341
7.34341
7.34341
7.34341
7.34341
7.34341
7.34341
7.34341
7.34341
7.34341
7.34341
7.34341
7.34341
7.34341
7.34341
7.34341
7.34341
7.34341
7.34341
7.34341
7.34341
7.34341
7.34341
7.34341
7.34341
7.34341
7.34341
7.34341
7.34341
7.34341
7.34341
7.34341
7.34341
7.34341
7.34341
7.34341
7.34341
7.34341
7.34341
7.34341
7.34341
7.34341
7.34341
7.34341
7.34341
7.34341
7.34341
7.34341
7.34341
7.34341
7.34341
7.34341
7.34341
7.34341
7.34341
7.34341
7.34341
7.34341
7.34341
7.34341
7.34341
7.34341
7.34341
7.34341
7.34341
7.34341
7.34341
7.34341
7.34341
7.34341
7.34341
7.34341
7.34341
7.34341
7.34341
7.34341
7.34341
7.34341
7.34341
7.34341
7.34341
7.34341
7.34341
7.34341
7.34341
7.34341
7.34341
7.34341
7.34341
7.34341
7.34341
7.34341
7.34341
7.34341
7.34341
7.34341
7.34341
7.34341
7.34341
7.34341
7.34341
7.34341
7.34341
7.34341
7.34341
7.34341
7.34341
7.34341
7.34341
7.34341
7.34341
7.34341
7.34341
7.34341
7.34341
7.34341
7.34341
7.34341
7.34341
7.34341
7.34341
7.34341
7.34341
7.34341
7.34341
7.34341
7.34341
7.34341
7.34341
7.34341
7.34341
7.34341
7.34341
7.34341
7.34341
7.34341
7.34341
7.34341
7.34341
7.34341
7.34341
7.34341
7.34341
7.34341
7.34341
7.34341
7.34341
7.34341
7.34341
7.34341
7.34341
7.34341
7.34341
7.34341
7.34341
7.34341
7.34341
7.34341
7.34341
7.34341
7.34341
7.34341
7.34341
7.34341
7.34341
7.34341
7.34341
7.34341
7.34341
7.34341
7.34341
7.34341
7.34341
7.34341
7.34341
7.34341
7.34341
7.34341
7.34341
7.34341
7.34341
7.34341
7.34341
7.34341
7.34341
7.34341
7.34341
7.34341
7.34341
7.34341
7.34341
7.34341
7.34341
7.34341
7.34341
7.34341
7.34341
7.34341
7.34341
7.34341
7.34341
7.34341
7.34341
7.34341
7.34341
7.34341
7.34341
7.34341
7.34341
7.34341
7.34341
7.34341
7.34341
7.34341
7.34341
7.34341
7.34341
7.34341
7.34341
7.34341
7.34341
7.34341
7.34341
7.34341
7.34341
7.34341
7.34341
7.34341
7.34341
7.34341
7.34341
7.34341
7.34341
7.34341
7.34341
7.34341
7.34341
7.34341
7.34341
7.34341
7.34341
7.34341
7.34341
7.34341
7.34341
7.34341
7.34341
7.34341
7.34341
7.34341
7.34341
7.34341
7.34341
7.34341
7.34341
7.34341
7.34341
7.34341
7.34341
7.34341
7.34341
7.34341
7.34341
7.34341
7.34341
7.34341
7.34341
7.34341
7.34341
7.34341
7.34341
7.34341
7.34341
7.34341
7.34341
7.34341
7.34341
7.34341
7.34341
7.34341
7.34341
7.34341
7.34341
7.34341
7.34341
7.34341
7.34341
7.34341
7.34341
7.34341
7.34341
7.34341
7.34341
7.34341
7.34341
7.34341
7.34341
7.34341
7.34341
7.34341
7.34341
7.34341
7.34341
7.34341
7.34341
7.34341
7.34341
7.34341
7.34341
7.34341
7.34341
7.34341
7.34341
7.34341
7.34341
7.34341
7.34341
7.34341
7.34341
7.34341
7.34341
7.34341
7.34341
7.34341
7.34341
7.34341
7.34341
7.34341
7.34341
7.34341
7.34341
7.34341
7.34341
7.34341
7.34341
7.34341
7.34341
7.34341
7.34341
7.34341
7.34341
7.34341
7.34341
7.34341
7.34341
7.34341
7.34341
7.34341
7.34341
7.34341
7.34341
7.34341
7.34341
7.34341
7.34341
7.34341
7.34341
7.34341
7.34341
7.34341
7.34341
7.34341
7.34341
7.34341
7.34341
7.34341
7.34341
7.34341
7.34341
7.34341
7.34341
7.34341
7.34341
7.34341
7.34341
7.34341
7.34341
7.34341
7.34341
7.34341
7.34341
7.34341
7.34341
7.34341
7.34341
7.34341
7.34341
7.34341
7.34341
7.34341
7.34341
7.34341
7.34341
7.34341
7.34341
7.34341
7.34341
7.34341
7.34341
7.34341
7.34341
7.34341
7.34341
7.34341
7.34341
7.34341
7.34341
7.34341
7.34341
7.34341
7.34341
7.34341
7.34341
7.34341
7.34341
7.34341
7.34341
7.34341
7.34341
7.34341
7.34341
7.34341
7.34341
7.34341
7.34341
7.34341
7.34341
7.34341
7.34341
7.34341
7.34341
7.34341
7.34341
7.34341
7.34341
7.34341
7.34341
7.34341
7.34341
7.34341
7.34341
7.34341
7.34341
7.34341
7.34341
7.34341
7.34341
7.34341
7.34341
7.34341
7.34341
7.34341
7.34341
7.34341
7.34341
7.34341
7.34341
7.34341
7.34341
7.34341
7.34341
7.34341
7.34341
7.34341
7.34341
7.34341
7.34341
7.34341
7.34341
7.34341
7.34341
7.34341
7.34341
7.34341
7.34341
7.34341
7.34341
7.34341
7.34341
7.34341
7.34341
7.34341
7.34341
7.34341
7.34341
7.34341
7.34341
7.34341
7.34341
7.34341
7.34341
7.34341
7.34341
7.34341
7.34341
7.34341
7.34341
7.34341
7.34341
7.34341
7.34341
7.34341
7.34341
7.34341
7.34341
7.34341
7.34341
7.34341
7.34341
7.34341
7.34341
7.34341
7.34341
7.34341
7.34341
7.34341
7.34341
7.34341
7.34341
7.34341
7.34341
7.34341
7.34341
7.34341
7.34341
7.34341
7.34341
7.34341
7.34341
7.34341
7.34341
7.34341
7.34341
7.34341
7.34341
7.34341
7.34341
7.34341
7.34341
7.34341
7.34341
7.34341
7.34341
7.34341
7.34341
7.34341
7.34341
7.34341
7.34341
7.34341
7.34341
7.34341
7.34341
7.34341
7.34341
7.34341
7.34341
7.34341
7.34341
7.34341
7.34341
7.34341
7.34341
7.34341
7.34341
7.34341
7.34341
7.34341
7.34341
7.34341
7.34341
7.34341
7.34341
7.34341
7.34341
7.34341
7.34341
7.34341
7.34341
7.34341
7.34341
7.34341
7.34341
7.34341
7.34341
7.34341
7.34341
7.34341
7.34341
7.34341
7.34341
7.34341
7.34341
7.34341
7.34341
7.34341
7.34341
7.34341
7.34341
7.34341
7.34341
7.34341
7.34341
7.34341
7.34341
7.34341
7.34341
7.34341
7.34341
7.34341
7.34341
7.34341


-1.08503
-1.08503
-1.08503
-1.08503
-1.08503
-1.08503
-1.08503
-1.08503
-1.08503
-1.08503
-1.08503
-1.08503
-1.08503
-1.08503
-1.08503
-1.08503
-1.08503
-1.08503
-1.08503
-1.08503
-1.08503
-1.08503
-1.08503
-1.08503
-1.08503
-1.08503
-1.08503
-1.84906
-1.08503
-10.0693

0.029

