2472.57
2472.57
2472.57
2472.57
2472.57
2472.57
2319.3
2262.65
2262.65
2262.65
2262.65
2262.65
1976.89
1976.89
1976.89
1976.89
1976.89
1976.89
1976.89
1976.89
1976.89
1970.13
1970.13
1970.13
1776.1
1776.1
1776.1
1776.1
1776.1
1776.1
1776.1
1745.5
1745.5
1745.5
1745.5
1745.5
1745.5
1745.5
1745.5
1745.5
1745.5
1566.79
1566.79
1566.79
1566.79
1566.79
1566.79
1566.79
1565.13
1565.13
1469.06
1469.06
1230.9
1230.9
1230.9
1230.9
1230.9
1230.9
1230.9
1208.29
1208.29
1208.29
1208.29
1208.29
1208.29
1208.29
1208.29
1208.29
1208.29
1206.78
1206.78
1206.78
1206.78
1206.78
1178.02
1178.02
1118.42
1118.42
1118.42
1118.42
1118.42
1118.42
1099.4
1099.4
1099.4
1082.97
1082.97
1051.72
1051.72
1051.72
922.305
853.109
853.109
853.109
853.109
853.109
853.109
853.109
853.109
853.109
853.109
780.811
780.811
780.811
780.811
780.811
780.811
780.811
780.811
780.811
780.811
776.73
776.73
741.011
741.011
741.011
741.011
741.011
741.011
741.011
741.011
728.564
728.564
728.564
728.564
728.564
728.564
728.564
728.564
695.719
695.719
695.719
695.719
695.719
695.719
661.413
661.413
661.413
661.413
661.413
661.413
661.413
661.413
661.413
661.413
661.413
661.413
661.413
661.413
661.413
654.043
654.043
654.043
589.339
589.339
589.339
580.39
570.096
570.096
570.096
553.848
553.848
553.848
553.848
553.848
553.848
502.167
502.167
502.167
502.167
502.167
502.167
502.167
502.167
502.167
502.167
502.167
499.658
499.658
499.658
496.271
496.271
496.271
494.79
462.516
462.516
462.516
462.516
462.516
462.516
462.516
448.67
448.67
448.67
448.67
448.67
448.67
448.67
448.67
448.67
448.67
448.67
448.67
448.67
448.67
411.847
411.847
356.088
356.088
356.088
356.088
345.438
345.438
345.438
345.438
345.438
345.438
345.438
339.261
339.261
339.261
339.261
339.261
339.261
339.261
339.261
339.261
339.261
339.261
339.261
339.261
339.261
339.261
339.261
339.261
339.261
339.261
339.261
339.261
339.261
338.232
338.232
338.232
338.232
338.232
338.232
338.232
338.232
338.232
338.232
332.398
332.398
332.398
332.398
332.398
332.398
332.398
332.398
332.398
332.398
332.398
332.398
332.398
332.398
332.398
332.398
332.398
332.398
332.398
332.398
332.398
332.383
332.344
332.344
332.344
332.344
332.344
332.344
332.344
332.344
332.344
332.344
332.344
332.344
332.344
332.344
332.344
332.344
331.504
331.504
331.504
331.504
331.504
331.504
331.504
331.504
331.504
331.504
331.504
331.504
331.504
331.504
331.504
331.504
331.504
331.504
331.504
331.504
331.504
331.504
331.504
331.504
331.504
329.519
329.519
329.519
329.519
329.519
329.519
329.519
329.519
329.519
329.519
329.519
329.519
327.809
327.809
327.809
309.389
309.389
309.389
309.389
309.389
309.389
291.875
291.875
291.875
291.875
291.875
291.875
291.875
291.875
291.875
291.875
291.875
291.875
291.875
291.875
291.875
291.875
291.875
291.875
291.875
291.875
291.875
291.875
291.875
291.875
291.875
291.875
291.875
291.875
291.875
291.875
250.593
250.593
250.593
250.593
250.593
250.593
250.593
250.593
250.593
250.593
250.593
250.593
250.593
250.593
250.593
250.593
250.593
250.593
250.593
250.593
250.593
250.593
250.593
250.593
250.593
250.593
250.593
250.593
250.593
250.593
250.593
250.593
250.593
250.593
250.593
250.593
250.593
250.593
250.593
250.593
250.593
250.593
250.593
250.593
250.593
250.593
250.593
250.593
250.593
250.593
250.593
243.234
243.234
243.234
243.234
243.234
243.234
243.234
243.234
243.234
243.234
243.234
243.234
243.234
243.234
243.234
243.234
243.234
242.417
242.417
242.417
242.417
242.417
242.417
242.417
242.417
242.417
242.417
242.417
242.417
242.417
242.417
242.417
242.417
242.417
238.267
238.267
238.267
238.267
226.058
226.058
226.058
226.058
226.058
226.058
226.058
226.058
226.058
226.058
226.058
226.058
226.058
226.058
226.058
226.058
226.058
226.058
226.058
226.058
226.058
223.308
223.308
223.308
223.308
223.308
223.308
223.308
223.308
223.308
223.308
218.933
218.933
218.933
218.933
218.734
218.734
218.734
218.734
218.734
218.734
218.734
218.734
218.734
218.734
218.734
218.734
218.734
218.734
218.734
218.734
218.734
218.667
218.667
218.667
218.667
218.667
218.667
218.667
218.667
218.667
218.667
218.667
218.667
218.667
218.667
218.667
218.667
218.667
218.667
218.667
218.667
218.667
218.667
218.667
218.667
218.667
218.667
218.667
218.667
218.667
218.667
218.667
218.667
218.667
218.667
218.667
218.667
218.665
218.665
218.665
218.665
218.665
218.665
218.665
218.665
218.665
218.665
218.665
218.665
218.665
218.665
218.638
218.633
218.633
218.633
218.576
218.576
218.576
218.576
218.576
218.576
218.556
218.556
218.556
218.556
218.556
218.556
218.556
218.556
218.556
218.556
218.556
218.556
218.554
218.554
218.554
218.554
218.554
218.554
218.554
218.554
218.554
218.554
218.554
218.554
218.554
218.554
218.529
218.529
218.529
218.529
218.529
218.529
218.529
218.529
218.529
218.529
218.529
218.529
218.529
218.529
218.463
218.463
218.463
218.463
218.463
218.463
218.463
218.463
218.463
218.463
218.419
218.419
218.419
218.419
218.419
218.419
218.419
218.419
218.419
218.419
218.419
218.419
218.419
218.419
218.419
218.419
218.406
218.406
218.406
218.406
218.406
218.406
218.406
218.406
218.406
218.406
218.379
218.379
218.379
218.379
218.369
218.369
218.369
218.369
218.369
218.369
218.369
218.369
218.33
218.33
218.33
218.33
218.33
218.249
218.249
218.249
218.249
218.249
218.249
218.249
218.249
218.249
218.249
218.249
218.249
218.249
218.249
218.249
218.249
218.249
218.249
218.249
218.249
218.249
218.249
218.249
218.249
218.249
218.249
218.249
218.249
218.249
218.249
218.249
218.249
218.249
218.249
218.249
218.249
218.249
218.234
218.234
218.214
218.214
218.214
218.214
218.214
218.214
218.214
218.214
218.214
218.214
218.214
218.16
218.16
218.16
218.16
218.16
218.16
218.16
218.16
218.16
218.157
218.157
218.157
218.157
218.157
218.157
218.157
218.157
218.157
218.157
218.157
218.157
218.157
218.157
218.157
218.157
218.157
218.157
218.157
218.157
218.157
218.157
218.157
218.13
218.13
218.13
218.13
218.13
218.13
218.13
218.13
218.13
218.13
218.13
218.13
218.13
218.13
218.13
218.13
218.13
218.13
218.13
218.13
218.13
218.13
218.13
218.13
218.13
218.13
218.13
218.13
218.13
218.13
218.13
218.13
218.13
218.13
218.13
218.13
218.13
218.13
218.13
218.13
218.13
218.13
218.13
218.13
218.13
218.13
218.13
218.13
218.13
218.13
218.13
218.13
218.13
218.13
218.13
218.13
218.13
218.13
218.13
218.13
218.13
218.13
218.13
218.13
218.13
218.13
218.13
218.13
218.13
218.13
218.13
218.13
218.13
218.13
218.13
218.13
218.13
218.13
218.13
218.13
218.13
218.13
218.13
218.13
218.13
218.13
218.13
218.13
218.13
218.13
218.13
218.13
218.13
218.13
218.13
218.13
218.13
218.13
218.13
218.13
218.13
218.13
218.13
218.121
218.121
218.121
218.121
218.121
218.121
218.121
218.121
218.096
218.096
218.096
218.096
218.096
218.096
218.096
218.096
218.096
218.096
218.096
218.096
218.096
218.096
218.096
218.096
218.096
218.096
218.096
218.096
218.096
218.096
218.061
218.061
218.061
218.061
218.061
218.061
218.061
218.061
218.061
218.061
218.061
218.061
218.061
218.061
218.061
218.061
218.061
218.061
218.061
218.061
218.061
218.061
218.061
218.061
218.061
218.061
218.061
218.061
218.061
218.061
218.061
218.061
218.061
218.061
218.061
218.061
218.061
218.061
218.061
218.061
218.061
218.061
218.061
218.061
218.061
218.061
218.061
218.061
218.061
218.061
218.061
218.061
218.061
218.061
218.061
218.061
218.061
218.061
218.061
218.061
218.061
218.061
218.061
218.061
218.061
218.061
218.061
218.061
218.061
218.061
218.061
218.061
218.061
218.061
218.061
218.061
218.061
218.061
218.061
218.061
218.061
218.061
218.061
218.061
218.061
218.061
218.061
218.061
218.061
218.061
218.061
218.061
218.061
218.061
218.061
218.061
218.061
218.061
218.061
218.061
218.061
218.061
218.061
218.061
218.061
218.061
218.061
218.061
218.061
218.061
218.061
218.061
218.061
218.061
218.061
218.061
218.061
218.061
218.061
218.061
218.061
218.061
218.061
218.061
218.061
218.061
218.061
218.061
218.061
218.061
218.061
218.061
218.061
218.061
218.061
218.061
218.061
218.061
218.061
218.061
218.061
218.061
218.061
218.061
218.061
218.061
218.061
218.061
218.061
218.061
218.061
218.061
218.061
218.061
218.061
218.061
218.061
218.061
218.061
218.061
218.061
218.061
218.061
218.061
218.061
218.061
218.061
218.061
218.061
218.061
218.061
218.061
218.061
218.061
218.061
214.179
214.179
214.179
214.179
214.179
214.179
214.179
214.179
214.179
214.179
214.179
214.179
214.179
214.179
214.179
207.709
207.709
207.709
207.709
207.709
207.709
207.709
207.709
207.709
207.709
207.709
207.709
207.709
207.709
207.709
207.709
207.709
207.709
207.709
207.709
207.709
207.709
207.709
207.709
207.709
207.709
207.709
207.709
207.709
207.709
207.709
207.709
207.709
207.709
207.709
207.709
207.709
207.709
207.709
207.709
207.709
207.709
207.709
207.709
207.709
207.709
207.709
207.709
207.709
207.709
207.709
207.709
207.709
207.709
199.716
199.716
199.716
199.716
199.716
199.716
199.716
199.716
199.716
199.716
199.716
199.716
199.716
199.716
199.716
199.716
199.716
199.716
175.74
175.74
175.74
175.74
175.74
175.74
175.74
175.74
175.74
175.74
175.74
175.74
175.74
175.74
175.74
175.74
175.74
175.74
175.74
175.74
175.74
175.74
175.74
175.74
175.74
175.74
175.74
175.74
175.74
175.74
175.74
175.74
175.74
175.74
175.74
175.74
175.74
175.74
175.74
175.74
175.74
175.74
175.74
175.74
175.74
175.74
175.74
175.74
175.74
175.74
175.74
175.74
175.74
175.74
175.74
175.74
175.74
175.74
175.74
175.74
175.74
175.74
175.74
175.74
175.74
175.74
175.74
175.74
175.74
175.74
175.74
175.74
175.74
175.74
175.74
175.74
175.74
175.74
175.74
175.74
175.74
175.74
175.74
175.74
175.74
175.74
175.74
175.74
175.74
175.74
175.74
175.74
175.74
175.74
175.74
175.74
175.74
175.74
175.74
175.74
175.74
175.74
175.74
175.74
175.74
175.74
175.74
175.74
175.74
175.74
175.74
175.74
175.74
175.74
175.74
175.74
175.74
175.74
175.74
175.74
175.74
175.74
175.74
175.74
175.74
175.74
175.74
175.74
175.74
175.74
175.74
175.74
175.74
175.74
175.74
175.74
175.74
175.74
175.74
175.74
175.74
175.74
175.74
175.74
175.74
175.74
175.74
175.74
175.74
175.74
175.74
175.74
175.74
175.74
175.74
175.74
175.74
175.74
175.74
175.74
175.74
175.74
175.74
175.74
175.74
175.74
175.74
175.74
175.74
175.74
175.74
175.74
175.74
175.74
175.74
175.74
175.74
175.74
175.74
175.74
175.74
175.74
175.74
175.74
175.74
175.74
175.74
175.74
175.74
175.74
175.74
175.74
175.74
175.74
175.74
175.74
175.74
175.74
175.74
175.74
175.74
175.74
175.74
175.74
175.74
175.74
175.74
175.74
175.74
175.74
175.74
175.74
175.74
175.74
175.74
175.74
175.74
175.74
175.74
175.74
175.74
175.74
175.74
175.74
175.74
175.74
175.74
175.74
175.74
175.74
175.74
175.74
175.74
175.74
175.74
175.74
175.74
175.74
175.74
175.74
175.74
175.74
175.74
175.74
175.74
175.74
175.74
175.74
175.74
175.74
175.74
175.74
175.74
175.74
175.74
175.74
175.74
175.74
175.74
175.74
175.74
175.74
175.74
175.74
175.74
175.74
175.74
175.74
167.748
167.748
167.748
167.748
155.76
155.76
155.76
155.76
155.76
155.76
155.76
155.76
155.76
155.76
155.76
155.76
155.76
155.76
155.76
155.76
155.76
155.76
155.76
155.76
155.76
155.76
155.76
155.76
155.76
155.76
155.76
155.76
155.76
155.76
155.76
155.76
155.76
155.76
155.76
155.76
155.76
155.76
155.76
155.76
155.76
155.76
155.76
155.76
155.76
155.76
155.76
155.76
155.76
155.76
155.76
155.76
155.76
155.76
155.76
155.76
155.76
155.76
155.76
155.76
155.76
155.76
155.76
155.76
155.76
155.76
155.76
155.76
155.76
155.76
155.76
155.76
155.76
155.76
155.76
155.76
155.76
155.76
155.76
155.76
155.76
155.76
155.76
155.76
155.76
155.76
155.76
155.76
155.76
155.76
155.76
155.76
155.76
155.76
155.76
155.76
155.76
155.76
155.76
155.76
155.76
155.76
155.76
155.76
155.76
155.76
155.76
155.76
155.76
155.76
155.76
155.76
155.76
155.76
155.76
155.76
155.76
155.76
155.76
155.76
155.76
155.76
155.76
155.76
155.76
155.76
155.76
155.76
155.76
155.76
155.76
155.76
155.76
155.76
155.76
155.76
155.76
155.76
155.76
155.76
155.76
155.76
155.76
155.76
155.76
155.76
155.76
155.76
155.76
155.76
155.76
155.76
155.76
155.76
155.76
155.76
155.76
155.76
155.76
155.76
155.76
155.76
155.76
155.76
155.76
155.76
155.76
155.76
155.76
155.76
155.76
155.76
155.76
155.76
155.76
155.76
155.76
155.76
155.76
155.76
155.76
155.76
155.76
155.76
155.76
155.76
155.76
155.76
155.76
155.76
155.76
155.76
155.76
155.76
155.76
155.76
155.76
155.76
155.76
155.76
155.76
155.76
155.76
155.76
155.76
155.76
155.76
155.76
155.76
155.76
155.76
155.76
155.76
155.76
155.76
155.76
155.76
155.76
155.76
155.76
155.76
155.76
155.76
155.76
155.76
155.76
155.76
155.76
155.76
155.76
155.76
155.76
155.76
155.76
155.76
155.76
155.76
155.76
155.76
155.76
155.76
155.76
155.76
155.76
155.76
155.76
155.76
151.764
151.764
151.764
139.776
139.776
139.776
139.776
139.776
139.776
139.776
139.776
139.776
139.776
139.776
139.776
139.776
139.776
139.776
139.776
139.776
139.776
139.776
139.776
139.776
139.776
139.776
139.776
139.776
139.776
139.776
139.776
139.776
139.776
139.776
139.776
139.776
139.776
139.776
139.776
139.776
139.776
139.776
139.776
139.776
139.776
139.776
139.776
139.776
139.776
139.776
139.776
139.776
139.776
139.776
139.776
139.776
139.776
139.776
139.776
139.776
139.776
139.776
139.776
139.776
139.776
139.776
139.776
139.776
139.776
139.776
139.776
139.776
139.776
139.776
139.776
139.776
139.776
139.776
139.776
139.776
139.776
139.776
139.776
139.776
139.776
139.776
139.776
139.776
139.776
139.776
139.776
139.776
139.776
139.776
139.776
139.776
139.776
139.776
139.776
139.776
139.776
139.776
139.776
139.776
139.776
139.776
139.776
139.776
139.776
139.776
139.776
139.776
139.776
139.776
139.776
139.776
139.776
139.776
139.776
139.776
139.776
139.776
139.776
139.776
139.776
139.776
139.776
139.776
139.776
139.776
139.776
139.776
139.776
139.776
139.776
139.776
139.776
139.776
139.776
139.776
139.776
139.776
139.776
139.776
139.776
139.776
139.776
139.776
139.776
139.776
139.776
139.776
139.776
139.776
139.776
139.776
139.776
139.776
139.776
139.776
139.776
139.776
139.776
139.776
139.776
139.776
139.776
139.776
139.776
139.776
139.776
139.776
139.776
139.776
139.776
139.776
139.776
139.776
139.776
139.776
139.776
139.776
139.776
139.776
139.776
139.776
139.776
139.776
139.776
139.776
139.776
139.776
139.776
139.776
139.776
139.776
139.776
139.776
139.776
139.776
139.776
139.776
139.776
139.776
139.776
139.776
139.776
139.776
139.776
139.776
139.776
139.776
139.776
139.776
139.776
139.776
139.776
139.776
139.776
139.776
139.776
139.776
139.776
139.776
139.776
139.776
139.776
139.776
139.776
139.776
139.776
139.776
139.776
139.776
139.776
139.776
139.776
139.776
139.776
139.776
139.776
139.776
139.776
139.776
139.776
139.776
139.776
139.776
139.776
139.776
139.776
139.776
139.776
139.776
139.776
139.776
139.776
139.776
139.776
139.776
139.776
139.776
139.776
139.776
139.776
139.776
139.776
139.776
139.776
139.776
139.776
139.776
139.776
139.776
139.776
139.776
139.776
139.776
139.776
139.776
139.776
139.776
139.776
139.776
139.776
139.776
139.776
139.776
139.776
139.776
139.776
139.776
139.776
139.776
139.776
139.776
139.776
139.776
139.776
139.776
139.776
139.776
139.776
139.776
139.776
139.776
139.776
139.776
139.776
139.776
139.776
139.776
139.776
139.776
139.776
139.776
139.776
139.776
139.776
139.776
139.776
139.776
139.776
139.776
139.776
139.776
139.776
139.776
139.776
139.776
139.776
139.776
139.776
139.776
139.776
139.776
139.776
139.776
139.776
139.776
139.776
139.776
139.776
139.776
139.776
139.776


-5.11531
3.36526
-1.168
-1.168
-1.168
-1.168
-1.168
-1.168
0.0645332
0.0645332
0.0645332
0.0645332
0.0645332
0.0645332
0.0645332
0.0645332
0.0645332
0.0645332
0.0645332
0.0645332
0.0645332
0.0645332
0.0645332
0.0645332
0.0645332
0.0645332
0.0645332
0.0645332
0.0645332
1.21488

0.022

