436.094
436.094
436.094
436.094
436.094
436.094
436.094
423.989
423.989
423.989
423.989
423.989
423.989
423.989
423.989
423.989
423.989
423.989
423.989
423.989
423.989
423.989
423.989
423.989
423.989
423.989
423.989
423.989
423.989
423.989
423.989
423.989
423.989
423.989
423.989
423.989
423.989
423.989
410.348
410.348
410.348
410.348
410.348
410.348
410.348
410.348
410.348
410.348
410.348
410.348
410.348
410.348
410.348
410.348
410.348
410.348
410.348
410.348
399.957
399.957
399.957
399.957
399.957
399.957
399.957
399.957
399.957
399.957
399.957
399.957
399.957
357.489
357.489
357.489
357.489
357.489
357.489
357.489
357.489
357.489
357.489
357.489
357.489
357.489
357.489
357.489
357.489
357.489
357.489
357.489
357.489
357.489
357.489
357.489
357.489
357.489
357.489
357.489
357.489
357.489
357.489
357.489
357.489
357.489
357.489
357.489
357.489
353.31
353.31
353.31
353.31
353.31
353.31
353.31
353.31
353.31
353.31
353.31
353.31
353.31
353.31
353.31
353.31
353.31
353.31
353.31
353.31
353.31
353.31
353.31
353.31
353.31
353.31
353.31
353.31
353.31
353.31
353.31
353.31
353.31
353.31
353.31
353.31
353.31
353.31
353.31
353.31
353.31
353.31
353.31
353.31
353.31
353.31
353.31
353.31
349.58
349.58
349.58
349.58
349.58
349.58
349.58
349.58
349.58
349.58
349.58
349.58
349.58
349.58
345.832
345.832
343.64
343.64
343.64
343.64
343.64
343.64
343.64
343.64
343.64
343.64
343.64
343.64
343.64
341.576
331.322
331.322
331.322
331.322
331.322
331.322
331.322
331.322
331.322
331.322
313.81
313.81
313.81
313.81
313.81
313.81
313.81
313.81
313.81
313.81
313.81
313.81
313.81
313.81
313.81
313.81
313.81
313.81
313.81
313.81
313.81
313.81
313.81
313.81
313.81
313.81
313.81
313.81
313.81
313.81
313.81
313.81
298.866
298.866
298.866
298.866
298.866
298.866
298.866
297.436
297.436
297.436
297.436
297.436
297.436
297.436
297.436
297.436
297.436
297.436
297.436
297.436
297.436
297.436
297.436
297.436
283.427
283.427
283.427
283.427
283.427
283.427
283.427
283.427
283.427
283.427
283.427
283.427
283.427
283.427
283.427
283.427
283.427
283.427
283.427
283.427
283.427
283.427
283.427
283.427
283.427
275.731
275.731
275.731
275.731
275.731
275.731
275.731
275.731
275.731
275.731
275.731
275.731
275.731
275.731
275.731
275.731
274.096
274.096
274.096
274.096
274.096
274.096
274.096
256.117
254.535
254.535
254.535
254.535
254.535
254.535
254.535
247.651
247.651
242.713
242.713
242.713
242.713
224.135
224.135
224.135
224.135
224.135
224.135
224.135
224.135
224.135
224.135
224.135
224.135
224.135
224.135
224.135
224.135
224.135
224.135
224.135
224.135
224.135
224.135
224.135
224.135
224.135
224.135
224.135
224.135
224.135
224.135
224.135
224.135
224.135
224.135
224.135
224.135
222.917
222.917
222.917
222.917
222.917
222.917
215.775
215.775
215.775
215.775
215.775
215.775
215.775
215.775
215.775
215.775
215.775
184.851
184.851
184.851
184.851
184.851
184.851
184.851
184.851
184.851
184.851
184.851
184.851
184.851
184.851
184.851
184.851
184.851
184.851
184.851
184.851
184.851
184.851
184.851
184.851
184.851
184.851
184.851
184.851
184.851
184.851
184.851
184.851
184.851
184.851
184.851
184.851
184.851
184.851
184.851
184.851
184.851
184.851
184.851
184.851
184.851
184.851
184.851
184.851
184.851
184.851
184.851
184.851
184.851
184.851
184.851
184.851
184.851
184.851
184.851
184.851
184.851
184.851
184.851
184.851
184.851
184.851
184.851
184.851
184.851
184.851
184.851
184.851
184.851
178.644
178.644
178.644
178.644
178.644
178.644
178.644
178.644
178.644
178.644
178.644
178.644
178.599
178.599
178.599
178.599
178.599
178.599
178.599
178.599
178.599
178.599
178.599
178.599
178.599
178.599
178.599
178.599
178.599
178.599
178.599
178.599
178.599
176.385
176.385
157.064
157.064
157.064
141.908
141.908
141.908
141.908
141.908
141.908
141.908
141.908
141.908
141.908
141.908
141.908
141.908
141.908
141.908
141.908
141.908
141.908
141.908
141.908
141.908
141.908
141.908
141.908
141.908
141.908
141.908
141.908
141.908
141.908
141.908
141.908
141.908
141.908
141.908
141.908
141.908
141.908
141.908
141.908
141.908
141.908
141.908
141.908
141.908
141.908
141.908
141.908
141.908
141.908
133.448
133.448
133.448
133.448
133.448
133.448
133.448
133.448
133.448
133.448
133.448
133.448
133.448
133.448
133.448
133.448
133.448
133.448
133.448
133.448
133.448
133.448
133.448
133.448
133.448
133.448
133.448
133.448
133.448
127.128
127.128
119.045
119.045
119.045
119.045
119.045
119.045
119.045
119.045
110.067
110.067
110.067
110.067
110.067
110.067
110.067
110.067
110.067
110.067
110.067
110.067
110.067
110.067
110.067
110.067
110.067
110.067
110.067
110.067
110.067
110.067
110.067
107
107
107
107
107
107
107
107
107
107
107
107
107
107
107
107
107
107
107
107
107
97.5642
97.5642
97.5642
97.5642
97.5642
97.5642
96.4087
96.4087
96.4087
96.4087
96.4087
96.4087
96.4087
96.4087
96.4087
96.4087
96.4087
96.0595
96.0595
96.0595
96.0595
96.0595
96.0595
96.0595
96.0595
96.0595
96.0595
96.0595
96.0595
96.0595
96.0595
96.0595
96.0595
96.0595
96.0595
96.0595
96.0595
96.0595
95.6863
95.6863
95.6863
95.6863
95.6863
95.6863
95.6863
95.6863
80.9591
75.9625
75.9625
75.9625
75.9625
75.9625
75.9625
75.9625
75.9625
75.9625
75.9625
75.9625
75.9625
75.9625
75.9625
75.9625
75.9625
75.9625
72.9325
72.9325
72.9325
72.9325
72.9325
72.9325
72.9325
72.9325
67.804
67.804
67.804
67.804
67.804
67.804
67.804
67.804
67.804
55.1997
55.1997
55.1997
55.1997
55.1997
55.1997
55.1997
55.1997
55.1997
55.1997
55.1997
55.1997
55.1997
55.1997
55.1997
55.1997
55.1997
55.1997
55.1997
55.1997
55.1997
55.1997
55.1997
55.1997
55.1997
55.1997
55.1997
55.1997
55.1997
55.1997
55.1997
55.1997
55.1997
55.1997
55.1997
55.1997
55.1997
55.1997
55.1997
55.1997
55.1997
55.1997
55.1997
55.1997
55.1997
55.1997
55.1997
55.1997
55.1997
55.1997
55.1997
55.1997
55.1997
55.1997
55.1997
55.1997
55.1997
55.1997
55.1997
55.1997
55.1997
55.1997
55.1997
55.1997
55.1997
55.1997
55.1997
55.1997
55.1997
55.1997
55.1997
55.1997
55.1997
55.1997
55.1997
55.1997
55.1997
55.1997
55.1997
55.1997
55.1997
55.1997
55.1997
55.1997
55.1997
55.1997
55.1997
55.1997
55.1997
55.1997
55.1997
53.413
53.413
53.413
53.413
53.413
53.413
53.413
53.413
53.413
53.413
53.413
53.413
53.413
53.413
53.413
52.5844
52.5844
52.5844
52.5844
52.5844
52.5844
52.5844
52.5844
52.5844
52.5844
52.5844
52.5844
52.5844
52.5844
52.5844
52.5844
52.5844
47.3684
47.3684
47.3684
47.3684
47.3684
47.3684
47.3684
47.3684
45.2031
45.2031
45.2031
45.2031
45.2031
45.2031
45.2031
45.2031
45.2031
45.2031
45.2031
45.2031
45.2031
45.2031
45.2031
45.2031
45.2031
45.2031
45.2031
45.2031
45.2031
45.2031
44.5502
44.5502
44.5502
44.5502
44.5502
44.5502
44.5502
44.5502
44.5502
44.5502
44.5502
44.5502
44.5502
44.5502
44.5502
44.5502
44.5502
44.5502
44.5502
44.5502
44.5502
44.5502
44.5502
44.5502
44.5502
43.3371
43.3371
42.8094
42.8094
42.8094
42.8094
42.8094
42.8094
34.9728
34.9728
34.9728
34.9728
34.9728
34.9728
34.9728
34.9728
34.9728
34.9728
34.9728
34.9728
34.9728
34.9728
34.9728
34.9728
34.9728
34.9728
34.9728
34.9728
34.9728
34.9728
34.9728
34.9728
34.0875
34.0875
34.0875
34.0875
34.0875
34.0875
34.0875
34.0875
34.0875
34.0875
34.0875
34.0875
34.0875
34.0875
34.0875
34.0875
34.0875
34.0875
34.0875
34.0875
34.0875
34.0875
34.0875
32.8559
32.8559
32.8559
32.8559
31.7759
31.7759
31.7759
31.7759
31.7759
31.7759
31.7759
31.7759
31.7759
31.7759
31.7759
31.3522
28.844
28.844
28.844
28.844
28.844
28.844
28.844
28.844
28.844
28.844
28.844
28.844
28.844
28.844
28.844
28.844
28.844
28.844
28.844
27.8154
27.8154
27.8154
27.8154
27.8154
27.8154
27.8154
27.8154
27.8154
27.8154
27.8154
27.8154
27.8154
27.8154
27.8154
27.8154
27.8154
27.8154
27.8154
27.8154
27.8154
27.8154
27.8154
27.8154
27.8154
27.8154
27.8154
27.8154
27.8154
27.8154
27.8154
27.2678
27.2678
27.2678
27.2678
27.2678
27.2678
27.2678
27.2678
27.2678
27.2678
27.2678
27.2678
27.2678
27.2678
27.2678
27.2678
27.2678
27.2678
27.2678
27.2678
27.2678
27.2678
27.2678
27.2678
27.2678
27.2678
27.2678
27.2678
27.2678
27.2678
27.2678
27.2678
27.2678
27.2678
27.2678
27.2678
27.2678
26.7351
26.7351
26.7351
26.5941
26.5941
26.5941
26.5941
26.0681
26.0681
26.0681
26.0681
26.0681
26.0681
26.0681
26.0681
26.0681
26.0681
26.0681
24.0191
24.0191
24.0191
24.0191
24.0191
24.0191
24.0191
24.0191
24.0191
24.0191
24.0191
24.0191
24.0191
24.0191
24.0191
24.0191
24.0191
24.0191
24.0191
24.0191
24.0191
23.7653
23.7653
23.7653
23.7653
23.7653
23.7653
23.6228
23.6228
23.6228
23.6228
23.6228
23.6228
23.6228
23.6228
23.6228
23.6228
23.6228
23.6228
23.6228
23.6228
23.6228
23.6228
23.6228
23.6228
23.6228
23.6228
23.6228
23.6228
23.6228
23.6228
23.6228
23.6228
23.6228
23.6228
23.6228
23.6228
23.6228
23.6228
23.6228
23.6228
23.6228
23.6228
23.6228
23.6228
23.6228
22.8112
22.8112
22.8112
22.8112
22.8112
22.8112
22.8112
22.8112
22.8112
22.8112
22.8112
22.8112
22.8112
22.8112
22.8112
22.8112
22.8112
22.8112
22.8112
22.8112
22.8112
22.8112
22.8112
22.8112
22.8112
22.8112
22.8112
22.8112
22.8112
22.8112
22.8112
22.8112
22.8112
22.8112
22.8112
22.8112
22.8112
22.8112
22.8112
22.8112
22.8112
22.8112
22.8112
22.8112
22.8112
22.8112
22.8112
22.5962
22.5962
22.5962
22.5962
22.5962
19.2044
19.2044
19.2044
19.2044
19.2044
19.2044
19.2044
19.2044
19.2044
19.2044
19.2044
19.2044
19.2044
19.2044
19.2044
19.2044
19.2044
19.2044
19.2044
19.2044
19.2044
19.2044
19.2044
19.2044
19.2044
19.2044
19.2044
19.2044
19.2044
19.2044
19.2044
19.2044
19.2044
19.2044
19.2044
19.2044
19.2044
19.2044
19.2044
19.2044
19.2044
19.2044
19.2044
19.2044
19.2044
19.2044
19.2044
19.2044
19.2044
19.2044
19.2044
19.2044
19.2044
19.2044
19.2044
19.2044
19.2044
19.2044
19.2044
19.2044
19.2044
19.2044
19.2044
19.2044
19.2044
19.2044
19.2044
19.2044
19.2044
19.2044
19.2044
19.2044
19.2044
19.2044
19.2044
19.2044
19.2044
19.2044
19.2044
19.2044
19.2044
19.2044
19.2044
19.2044
19.2044
19.2044
19.2044
19.2044
19.2044
19.2044
19.2044
19.2044
19.2044
19.2044
19.2044
19.2044
19.2044
19.1185
19.1185
19.1185
19.1185
19.1185
19.1185
19.0845
17.9224
17.9224
17.9224
17.9224
17.9224
17.9224
17.9224
17.9224
17.9224
17.9224
17.9224
17.9224
17.9224
17.9224
17.9224
17.9224
17.9224
17.9224
17.9224
17.9224
17.9224
17.9224
17.9224
17.9224
17.9224
17.9224
17.9224
17.9224
17.9224
17.9224
17.9224
17.9224
17.9224
17.9224
17.9224
17.9224
17.9224
17.9224
17.9224
17.9224
17.9224
17.9224
17.9224
17.9224
17.9224
17.9224
17.9224
17.9224
17.9224
17.9224
17.9224
17.9224
17.9224
17.9224
17.9224
17.2245
17.2245
17.2245
17.2245
17.2245
17.2245
17.2245
17.2245
17.2245
17.2245
17.2245
17.2245
17.2245
17.2245
17.2245
17.2245
17.2245
17.2245
17.2245
16.8335
16.8335
16.8335
16.8335
16.8335
16.8335
16.8335
16.8335
16.8335
16.8335
16.8335
16.8335
16.8335
16.8335
16.8335
16.8335
16.8335
16.8335
16.8335
16.8335
16.8335
16.8335
16.8335
16.5937
16.5937
16.5937
16.5937
16.5937
16.5937
16.5937
16.5937
16.5937
16.5937
16.5937
15.7499
15.7499
15.7499
15.7499
15.7499
14.1698
14.1698
14.1698
14.1698
14.1698
14.1698
14.1698
14.1698
14.1698
14.1698
14.1698
14.1698
14.1698
14.1698
14.1698
14.1698
14.1698
14.1698
14.1698
14.1698
14.1698
14.1698
14.1698
14.1698
14.1698
14.1698
14.1698
14.1698
14.1698
14.1698
14.1698
14.1698
14.1698
14.1698
14.1698
14.1698
14.1698
14.1698
14.1698
14.1698
14.1698
14.1698
14.1698
14.1698
14.1698
14.1698
14.1698
14.1698
14.1698
14.1698
12.9292
12.9292
12.9292
12.9292
12.9292
12.9292
12.9292
12.9292
11.7511
11.7511
11.7511
11.7511
11.7511
11.7511
11.7511
11.7511
11.7511
11.7511
11.7511
11.7511
11.7511
11.7511
11.7511
11.7511
11.7511
11.7511
11.7511
11.7511
11.7432
11.7432
11.7432
11.7432
11.7432
11.7432
11.7432
11.7432
11.7432
11.7432
11.7432
11.7432
11.7432
11.7395
11.7395
11.7395
11.7395
11.7395
11.7395
11.7395
11.7395
11.7395
11.7395
11.7395
10.8049
10.8049
10.8049
10.8049
10.8049
10.8049
10.8049
10.8049
10.8049
10.8049
10.8049
10.8049
10.8049
10.8049
10.8049
10.8049
10.8049
10.8049
10.8049
10.8049
10.8049
10.8049
10.8049
10.5176
10.5176
10.5176
10.5176
10.5176
10.5176
10.5176
10.5176
10.5176
10.5176
10.5176
10.5176
10.5176
10.5176
10.5176
10.5176
10.5176
10.5176
10.5176
10.5176
10.5176
10.5176
10.5176
10.5176
10.5176
10.5176
10.5176
10.5176
10.5176
10.5176
10.5176
9.67376
9.67376
9.67376
9.67376
9.67376
9.67376
9.67376
9.67376
9.67376
9.67376
9.67376
9.67376
9.67376
9.67376
9.67376
9.67376
9.67376
9.67376
9.67376
9.67376
9.67376
9.67376
9.67376
9.4724
8.84227
8.84227
8.84227
8.84227
8.84227
8.84227
8.84227
8.84227
8.84227
8.84227
8.84227
8.84227
8.84227
8.84227
8.84227
8.84227
8.84227
8.84227
8.84227
8.84227
8.84227
8.84227
8.84227
8.84227
8.84227
7.99843
7.99843
7.99843
7.99843
7.99843
7.99843
7.99843
7.99843
7.99843
7.99843
7.99843
7.99843
7.99843
7.99843
7.99843
7.99843
7.99843
7.99843
7.99843
7.99843
7.99843
7.99843
7.99843
7.99843
7.99843
7.99843
7.99843
7.99843
7.99843
7.99843
7.99843
7.99843
7.99843
7.99843
7.99843
7.99843
7.99843
7.99843
7.99843
7.99843
7.99843
7.99843
7.99843
7.99843
7.99843
7.99843
7.99843
7.99843
7.99843
7.99843
7.99843
7.99843
7.99843
7.99843
7.99843
7.99843
7.99843
7.99843
7.99843
7.99843
7.99843
7.99843
7.99843
7.99843
7.99843
7.99843
7.99843
7.99843
7.99843
7.90392
7.90392
7.80941
7.80941
7.80941
7.80941
7.80941
7.80941
7.80941
7.80941
7.80941
7.80941
7.80941
7.80941
7.80941
7.80941
7.80941
7.80941
7.80941
7.80941
7.80941
7.80941
7.80941
7.80941
7.80941
7.45046
7.45046
7.45046
7.45046
7.45046
7.45046
7.45046
7.45046
7.45046
7.45046
7.45046
7.45046
7.45046
7.45046
7.45046
7.45046
7.45046
7.45046
7.45046
7.45046
7.45046
7.45046
7.45046
7.45046
7.26144
7.26144
7.26144
7.26144
7.26144
7.26144
7.26144
7.26144
7.26144
7.26144
7.26144
7.26144
7.07243
7.07243
7.07243
7.07243
7.07243
7.07243
7.07243
7.07243
7.07243
7.07243
7.07243
7.07243
7.07243
7.07243
7.07243
7.07243
7.07243
7.07243
7.07243
7.07243
7.07243
7.07243
7.07243
7.07243
7.07243
7.07243
7.07243
7.07243
7.07243
7.07243
7.07243
7.07243
7.07243
7.07243
7.07243
7.07243
7.07243
7.07243
7.07243
7.07243
7.07243
7.07243
7.07243
7.07243
7.07243
7.07243
7.07243
7.07243
7.07243
7.07243
7.07243
7.07243
7.07243
7.07243
7.07243
7.07243
7.07243
7.07243
7.07243
7.07243
7.07243
7.07243
7.07243
7.07243
7.07243
7.07243
7.07243
7.07243
7.07243
7.07243
7.07243
7.07243
7.07243
7.07243
7.07243
7.07243
7.07243
7.07243
7.07243
7.07243
7.07243
6.97792
6.97792
6.97792
6.97792
6.97792
6.97792
6.97792
6.97792
6.97792
6.97792
6.97792
6.13408
6.13408
6.13408
6.13408
6.13408
6.13408
6.13408
6.13408
6.13408
6.13408
6.13408
6.13408
6.13408
6.13408
6.13408
6.13408
6.13408
6.13408
6.13408
6.13408
6.13408
6.13408
6.13408
6.13408
6.13408
6.13408
6.13408
6.13408
6.13408
6.13408
6.13408
6.13408
6.13408
6.13408
6.13408
6.13408
6.13408
6.13408
6.13408
6.13408
6.13408
6.13408
6.13408
6.13408
5.94507
5.94507
5.94507
5.94507
5.94507
5.94507
5.94507
5.94507
5.94507
5.94507
5.94507
5.94507
5.94507
5.94507
5.94507
5.94507
5.94507
5.94507
5.94507
5.94507
5.94507
5.94507
5.94507
5.94507
5.94507
5.94507
5.94507
5.94507
5.94507
5.94507
5.94507
5.94507
5.94507
5.94507
5.94507
5.94507
5.94507
5.94507
5.94507
5.94507
5.94507
5.94507
5.94507
5.94507
5.94507
5.94507
5.94507
5.94507
5.94507
5.94507
5.94507
5.94507
5.94507
5.94507
5.94507
5.94507
5.94507
5.94507
5.94507
5.94507
5.94507
5.94507
5.94507
5.94507
5.94507
5.94507
5.94507
5.94507
5.94507
5.94507
5.94507
5.94507
5.94507
5.94507
5.94507
5.94507
5.94507
5.94507
5.94507
5.94507
5.94507
5.94507
5.94507
5.94507
5.94507
5.94507
5.94507
5.94507
5.94507
5.94507
5.94507
5.94507
5.94507
5.94507
5.94507
5.94507
5.94507
5.94507
5.94507
5.94507
5.94507
5.94507
5.94507
5.94507
5.94507
5.94507
5.94507
5.94507
5.94507
5.94507
5.94507
5.94507
5.94507
5.94507
5.94507
5.94507
5.94507
5.94507
5.94507
5.94507
5.94507
5.94507
5.94507
5.94507
5.94507
5.94507
5.94507
5.94507
5.94507
5.94507
5.94507
5.94507
5.94507
5.94507
5.94507
5.94507
5.94507
5.94507
5.94507
5.94507
5.94507
5.94507
5.94507
5.94507
5.94507
5.94507
5.94507
5.94507
5.94507


0.0198444
0.0198444
0.0198444
0.0198444
0.0198444
0.0198444
0.0198444
0.0198444
0.0198444
0.0198444
0.0198444
0.0198444
0.0198444
0.0198444
0.0198444
0.0198444
0.0198444
0.0198444
0.0198444
0.0198444
0.0198444
0.0198444
0.0198444
0.0198444
0.0198444
0.0198444
0.0198444
0.0198444
0.0198444
-1.11363

0.029

