141.217
141.217
141.217
141.217
141.217
67.2436
67.2436
67.2436
67.2436
67.2436
67.2436
65.5093
65.5093
65.5093
65.5093
53.9673
53.9673
49.0569
49.0569
49.0569
49.0569
49.0569
53.9673
32.2642
32.2642
32.2642
32.2642
32.2642
32.2642
32.2642
32.2642
32.2642
32.2642
32.2642
32.2642
32.2642
26.0046
26.0046
25.1082
25.1082
25.1082
25.1082
25.1082
25.1082
25.1082
25.1082
25.1082
25.9873
25.9873
19.6918
19.6918
19.3507
19.1788
19.1788
16.4529
12.9091
12.9091
12.9091
12.9091
12.9091
12.9091
12.9091
12.8383
12.8383
12.8383
12.8383
12.3017
12.3017
12.3017
12.3017
12.3017
10.6857
10.1096
10.1096
10.1096
10.2244
10.2244
10.2244
10.2244
10.2244
10.2244
10.2244
10.2244
10.2244
10.2244
10.2244
10.2244
10.2244
10.5473
10.5473
10.5473
10.5473
10.1749
8.42873
8.42873
8.42873
8.42873
8.32667
8.32667
8.32667
8.32667
8.32667
8.32667
8.32667
7.64876
7.64876
7.64876
5.89115
5.89115
5.89115
5.89115
5.89115
5.89115
5.89115
5.89115
5.89115
5.89115
6.50729
6.50729
6.50729
6.50729
6.50729
6.12522
6.12522
6.12522
6.12522
6.12522
6.12522
6.12522
6.12522
6.12522
6.12522
6.12522
6.12522
5.93178
5.93178
5.93178
5.93178
5.29589
5.29589
4.89269
4.89269
4.89269
4.89269
4.89269
4.89269
4.89269
4.89269
4.89269
4.89269
4.02688
4.02688
4.02688
3.58493
3.54183
3.54183
3.54183
3.54183
3.54183
3.54183
3.54183
3.54183
3.54183
3.54183
3.54183
3.54183
3.54183
3.54183
3.54183
3.54183
3.29269
3.29269
3.29269
3.31913
3.31913
3.31913
3.31913
3.31913
3.31913
3.31913
3.31913
3.31913
3.31913
3.25306
3.25306
3.25306
3.25306
3.25306
3.25306
3.25306
3.25306
3.13617
3.13617
3.13617
3.13617
3.07523
3.07523
3.07523
3.05232
3.05232
3.05232
2.98549
2.98549
2.77094
2.77094
2.77094
2.77094
2.77094
2.77094
2.77094
2.77094
2.77094
2.77094
2.77094
2.77094
2.77094
2.77094
2.77094
2.77094
2.77094
2.77094
2.77094
2.77094
2.77967
2.77967
2.77967
2.77967
2.68116
2.62683
2.62683
2.62683
2.57109
2.57109
2.57109
2.45771
2.45771
2.45771
2.45771
2.45771
2.45771
2.46789
2.46789
2.46789
2.49798
2.49798
2.49798
2.49798
2.49798
2.49798
2.49798
2.49798
2.57109
2.46428
2.46428
2.46428
2.46428
2.46428
2.46428
2.46428
2.46428
2.46428
2.46428
2.46428
2.33653
2.33653
2.33653
2.33653
2.33653
2.27796
2.27796
2.27796
2.27796
2.27796
2.27796
2.27796
2.27796
2.27796
2.27796
2.18954
2.18954
2.18954
2.18954
2.18954
2.11185
2.11185
2.11185
2.11185
2.11185
2.18954
2.18954
2.18954
2.18954
2.16986
2.16986
2.11233
2.11233
2.11233
2.11233
2.11233
2.11233
2.11233
1.80345
1.60249
1.60249
1.60249
1.60249
1.60249
1.60249
1.687
1.68064
1.68064
1.68064
1.68064
1.68064
1.68064
1.68064
1.68064
1.68064
1.68064
1.68064
1.68064
1.68064
1.68064
1.68064
1.68064
1.84911
1.84911
1.84911
1.8393
1.72896
1.72896
1.73501
1.73501
1.73501
1.8393
1.8393
1.8393
1.80249
1.73049
1.73049
1.73049
1.73049
1.7781
1.7781
1.7781
1.71378
1.71378
1.71378
1.71378
1.70756
1.70756
1.70756
1.71978
1.71978
1.6947
1.6947
1.6947
1.6947
1.6947
1.6947
1.6947
1.65737
1.49833
1.49833
1.49833
1.49833
1.65737
1.71525
1.71525
1.71525
1.71525
1.5689
1.5689
1.39169
1.39169
1.39169
1.39169
1.39169
1.39169
1.39169
1.39169
1.39169
1.39169
1.37321
1.37321
1.37321
1.37321
1.37321
1.37321
1.37321
1.60886
1.60886
1.60886
1.60886
1.60886
1.60886
1.59345
1.59345
1.40221
1.40221
1.40221
1.40221
1.40221
1.40221
1.40221
1.40221
1.40221
1.40221
1.40221
1.40221
1.40221
1.40221
1.40221
1.40221
1.40221
1.40221
1.40221
1.40221
1.40221
1.40221
1.40221
1.40221
1.40221
1.40221
1.40221
1.40221
1.40221
1.40221
1.40221
1.40221
1.40221
1.40221
1.40221
1.40221
1.40221
1.40221
1.40221
1.40221
1.40221
1.40221
1.22947
1.22947
1.22947
1.22947
1.22947
1.22947
1.22947
1.22947
1.22947
1.22947
1.22947
1.22947
1.18011
1.18011
1.18011
1.18011
1.18011
1.18011
1.18011
1.18011
1.18011
1.18011
1.18011
1.18011
1.18011
1.18011
1.18011
1.18011
1.18011
1.18011
1.18011
1.18011
1.18011
1.18011
1.18011
1.18011
1.18011
1.18011
1.18011
1.18011
1.18011
1.18011
1.21109
1.16973
1.16973
1.16973
1.16973
1.16973
1.16973
1.16973
1.16973
1.08318
1.08318
1.08318
1.08318
1.08318
1.08318
1.08318
1.08318
1.12606
1.12606
1.12606
1.12606
1.12606
1.12606
1.12606
1.12606
1.1164
1.1164
1.1164
1.1164
1.1164
1.12406
1.12406
1.12406
1.12406
1.12406
1.10766
1.10766
1.10766
1.10766
1.10766
1.00303
1.00303
1.00303
1.00303
0.92029
0.92029
0.92029
0.92029
0.92029
0.92029
0.92029
0.92029
0.909674
0.909674
0.909674
0.894306
0.894306
0.894306
0.894306
0.876282
0.876282
0.876282
0.805783
0.805783
0.805783
0.805783
0.805783
0.805783
0.805783
0.805783
0.805783
0.676483
0.676483
0.676483
0.676483
0.676483
0.676483
0.676483
0.676483
0.676483
0.72019
0.72019
0.72019
0.72019
0.72019
0.72019
0.72019
0.72019
0.72019
0.72019
0.72019
0.72019
0.72019
0.72019
0.762689
0.762689
0.762689
0.762689
0.762689
0.762689
0.762689
0.762689
0.799056
0.762603
0.762603
0.762603
0.762603
0.762603
0.762603
0.762603
0.762603
0.762603
0.762603
0.762603
0.762603
0.762603
0.762603
0.762603
0.762603
0.762603
0.762603
0.762603
0.715983
0.715983
0.715983
0.715983
0.640374
0.640374
0.615856
0.615856
0.615856
0.615856
0.615856
0.615856
0.615856
0.615856
0.615856
0.615856
0.615856
0.615856
0.615856
0.615856
0.615856
0.615856
0.615856
0.615856
0.615856
0.615856
0.615856
0.615856
0.615856
0.615856
0.615856
0.615856
0.615856
0.615856
0.615856
0.615856
0.606052
0.606052
0.606052
0.606052
0.606052
0.606052
0.606052
0.606052
0.606052
0.606052
0.606052
0.606052
0.611628
0.611628
0.611628
0.611628
0.611628
0.611628
0.611628
0.611628
0.611628
0.611628
0.611628
0.611628
0.611628
0.611628
0.611628
0.611628
0.611628
0.611628
0.611628
0.611628
0.611628
0.611628
0.611628
0.611628
0.611628
0.611628
0.611628
0.611628
0.611628
0.611628
0.611628
0.611628
0.585002
0.585002
0.585002
0.585002
0.585002
0.585002
0.585002
0.585002
0.563955
0.563955
0.563955
0.563955
0.563955
0.563955
0.563955
0.563955
0.563955
0.546095
0.546095
0.546095
0.546095
0.546095
0.546095
0.546095
0.546095
0.546095
0.546095
0.546095
0.546095
0.546095
0.546095
0.531571
0.531571
0.531571
0.531571
0.531571
0.531571
0.531571
0.531571
0.534401
0.534401
0.534401
0.549714
0.549714
0.549714
0.549714
0.549714
0.549714
0.549714
0.549714
0.549714
0.549714
0.549714
0.549714
0.549714
0.549714
0.542532
0.542532
0.542532
0.541728
0.541728
0.541728
0.541728
0.541728
0.541728
0.541728
0.542532
0.542532
0.542532
0.542532
0.542532
0.541064
0.541064
0.541064
0.541064
0.530057
0.530057
0.530057
0.530057
0.530057
0.530057
0.530057
0.530057
0.530057
0.530057
0.530057
0.530057
0.530057
0.530057
0.530057
0.536945
0.521863
0.521863
0.521863
0.521863
0.521863
0.521863
0.521863
0.521863
0.521863
0.521863
0.521863
0.521863
0.512487
0.512487
0.512487
0.512487
0.512487
0.512487
0.512487
0.512487
0.512487
0.512487
0.512487
0.512487
0.512487
0.512487
0.512487
0.521863
0.521863
0.521863
0.521863
0.479178
0.479178
0.479178
0.479178
0.479178
0.479178
0.479178
0.479178
0.479178
0.479178
0.479178
0.479178
0.479178
0.479178
0.479178
0.479178
0.479178
0.479178
0.479178
0.479178
0.479178
0.479178
0.479178
0.479178
0.479178
0.479178
0.479178
0.479178
0.480559
0.480559
0.480559
0.480559
0.478547
0.478547
0.477957
0.477957
0.476291
0.476291
0.452344
0.452344
0.452344
0.452344
0.452344
0.452344
0.452344
0.452344
0.452344
0.447702
0.447702
0.447702
0.447702
0.447702
0.447702
0.447702
0.447702
0.447702
0.447702
0.447702
0.447702
0.447702
0.447702
0.447702
0.447702
0.447702
0.447702
0.452473
0.452473
0.452473
0.452473
0.452473
0.452473
0.452473
0.452473
0.452473
0.452473
0.452473
0.452473
0.452473
0.452473
0.452473
0.453733
0.443636
0.443636
0.443636
0.443636
0.443636
0.443636
0.443636
0.443636
0.443636
0.443636
0.443636
0.443636
0.443636
0.443636
0.443636
0.443636
0.443636
0.428789
0.428789
0.428789
0.428789
0.428789
0.428653
0.428653
0.428653
0.428653
0.428653
0.428653
0.428653
0.428653
0.428653
0.428653
0.428653
0.428653
0.428653
0.428653
0.420045
0.420045
0.420045
0.420045
0.420045
0.407643
0.407643
0.407643
0.407643
0.407643
0.407643
0.407643
0.407643
0.407643
0.387136
0.387136
0.387136
0.387136
0.387136
0.387136
0.387136
0.405095
0.405095
0.405095
0.406074
0.406074
0.406074
0.406074
0.406074
0.406074
0.406074
0.406074
0.406074
0.400317
0.400317
0.400317
0.400317
0.400317
0.400317
0.400317
0.393568
0.393568
0.393568
0.393568
0.393568
0.393568
0.393568
0.393568
0.393568
0.367581
0.367581
0.367581
0.367581
0.367581
0.305109
0.305109
0.305109
0.305109
0.305109
0.305109
0.305109
0.305109
0.305109
0.305109
0.305109
0.305109
0.305109
0.305109
0.305109
0.305109
0.309772
0.309772
0.324156
0.324156
0.324156
0.324156
0.324156
0.324156
0.324156
0.324156
0.324156
0.324156
0.324156
0.324156
0.324156
0.324156
0.324156
0.324156
0.253783
0.253783
0.253783
0.253783
0.253783
0.253783
0.253783
0.253783
0.253783
0.259185
0.259185
0.259185
0.259185
0.259185
0.259185
0.259185
0.259185
0.259185
0.259185
0.259185
0.259185
0.259185
0.259185
0.259185
0.259185
0.259185
0.259185
0.259185
0.259185
0.259185
0.259185
0.256544
0.256544
0.256544
0.256544
0.256544
0.256544
0.256544
0.256544
0.256544
0.256544
0.256544
0.256544
0.256544
0.256544
0.256544
0.256544
0.256544
0.239923
0.239923
0.239923
0.239923
0.239923
0.239923
0.239923
0.239923
0.239923
0.239923
0.239923
0.237531
0.237531
0.237531
0.237531
0.237531
0.237531
0.237531
0.237531
0.237531
0.237531
0.237531
0.237531
0.237531
0.237531
0.237531
0.230918
0.230918
0.230918
0.230918
0.230918
0.230918
0.230918
0.230918
0.230918
0.230918
0.230918
0.230918
0.230918
0.230918
0.230918
0.230918
0.230918
0.230918
0.230918
0.230918
0.230918
0.230918
0.230918
0.23366
0.23366
0.23366
0.23366
0.227176
0.227176
0.227176
0.227176
0.227176
0.222965
0.222965
0.222965
0.222965
0.222965
0.222965
0.222965
0.222965
0.222791
0.222791
0.222791
0.222791
0.222791
0.21348
0.21348
0.21348
0.21348
0.21348
0.21348
0.21348
0.21348
0.21348
0.21348
0.21348
0.206009
0.206009
0.206009
0.206009
0.206009
0.206009
0.206009
0.206009
0.206009
0.206009
0.206009
0.206009
0.205823
0.205823
0.205823
0.205823
0.205823
0.205823
0.205823
0.205823
0.205823
0.196776
0.196776
0.196776
0.196776
0.196776
0.196776
0.196776
0.196776
0.196776
0.196776
0.176324
0.176324
0.176324
0.176324
0.176324
0.174685
0.174685
0.174685
0.174685
0.174685
0.174685
0.172947
0.172947
0.172947
0.172947
0.172947
0.168574
0.168574
0.168574
0.166932
0.166932
0.166932
0.166932
0.166932
0.166932
0.166932
0.166932
0.166932
0.166932
0.166932
0.166932
0.166932
0.166932
0.166932
0.166932
0.166932
0.166932
0.166932
0.166932
0.166932
0.166843
0.166843
0.166843
0.160839
0.157513
0.157513
0.157513
0.157513
0.157513
0.157513
0.157513
0.157513
0.157513
0.157513
0.157513
0.157513
0.157513
0.157513
0.157513
0.160839
0.160839
0.160839
0.160839
0.154359
0.154359
0.154359
0.154359
0.154359
0.154359
0.154359
0.154359
0.154359
0.154359
0.154359
0.154359
0.154359
0.154359
0.154359
0.154359
0.154359
0.154359
0.154359
0.154359
0.154359
0.154359
0.154359
0.15327
0.15327
0.15327
0.15327
0.145178
0.145178
0.145178
0.145178
0.145178
0.145178
0.145178
0.145178
0.145178
0.145178
0.145178
0.145178
0.145178
0.145178
0.14451
0.14451
0.14451
0.14451
0.14451
0.14451
0.14451
0.14451
0.14451
0.14451
0.14451
0.14451
0.14451
0.14451
0.14451
0.14451
0.14451
0.14451
0.14451
0.14451
0.14451
0.141769
0.141769
0.14145
0.14145
0.14145
0.14145
0.14145
0.14145
0.138966
0.138966
0.138966
0.138966
0.138966
0.138966
0.138966
0.138966
0.138966
0.137863
0.137863
0.137863
0.137863
0.137863
0.137863
0.137863
0.137863
0.132325
0.132325
0.132325
0.132325
0.132325
0.132325
0.132325
0.13107
0.13107
0.130103
0.130103
0.130103
0.130103
0.127305
0.127305
0.127305
0.127305
0.127305
0.127305
0.127305
0.127305
0.127305
0.127305
0.127305
0.127305
0.127305
0.127305
0.127305
0.127305
0.127305
0.1249
0.1249
0.1249
0.120632
0.120632
0.120632
0.120632
0.120632
0.120632
0.120632
0.120632
0.127779
0.127779
0.127779
0.127779
0.127779
0.127988
0.127988
0.127988
0.126221
0.123356
0.123356
0.123356
0.123356
0.123356
0.123356
0.123356
0.123356
0.123356
0.123356
0.123356
0.123356
0.123356
0.123356
0.123356
0.123356
0.123356
0.124381
0.124381
0.124381
0.124381
0.124381
0.124381
0.122654
0.122654
0.122654
0.122654
0.122654
0.122654
0.122654
0.122654
0.122654
0.122654
0.122654
0.122654
0.122654
0.122654
0.122654
0.122654
0.122654
0.122654
0.122654
0.121939
0.121939
0.121939
0.121939
0.121939
0.121939
0.121939
0.121939
0.121939
0.121939
0.121939
0.121939
0.121939
0.121012
0.121012
0.120187
0.120187
0.120187
0.120187
0.120187
0.120187
0.120187
0.120187
0.120187
0.120187
0.120187
0.120187
0.120187
0.120187
0.120187
0.120187
0.120187
0.120187
0.120187
0.120187
0.120089
0.120089
0.120089
0.120089
0.120089
0.1174
0.1174
0.116957
0.116957
0.116957
0.116957
0.116957
0.116957
0.116957
0.116957
0.115883
0.115883
0.115883
0.115883
0.115883
0.115883
0.115883
0.115883
0.115883
0.115883
0.114967
0.114967
0.110745
0.110745
0.110745
0.110745
0.110745
0.110745
0.110745
0.110745
0.110745
0.110745
0.110745
0.110745
0.110745
0.110745
0.110745
0.110745
0.110745
0.110745
0.110745
0.110745
0.110745
0.110745
0.109486
0.109486
0.109486
0.109486
0.109486
0.109486
0.109486
0.107354
0.107354
0.107354
0.107354
0.107354
0.107354
0.107354
0.107354
0.107354
0.107354
0.107354
0.107354
0.107354
0.107354
0.107354
0.107354
0.107354
0.107354
0.107354
0.107354
0.107354
0.107354
0.107354
0.107354
0.107354
0.107354
0.107354
0.107354
0.107354
0.107354
0.107354
0.107354
0.107354
0.107354
0.107354
0.107354
0.108074
0.108074
0.10464
0.10464
0.10464
0.10464
0.10464
0.10464
0.10464
0.10464
0.10464
0.105553
0.105553
0.105553
0.105553
0.105553
0.105464
0.105464
0.105464
0.105464
0.105355
0.105355
0.105355
0.105355
0.105355
0.105355
0.105355
0.105355
0.105355
0.105355
0.105355
0.105355
0.105355
0.105355
0.104133
0.104133
0.104133
0.104133
0.104133
0.104133
0.104133
0.104133
0.104133
0.104133
0.104133
0.103691
0.103691
0.103691
0.103691
0.103691
0.103691
0.103691
0.103691
0.10309
0.10309
0.100678
0.100678
0.100678
0.100678
0.100678
0.100678
0.100678
0.100678
0.100678
0.100678
0.100678
0.100678
0.100678
0.100678
0.100678
0.100678
0.100678
0.100678
0.100678
0.100678
0.100678
0.100864
0.100864
0.100586
0.100586
0.100586
0.100586
0.100586
0.100586
0.100586
0.100586
0.100586
0.100586
0.100586
0.100586
0.100586
0.100586
0.100586
0.0999018
0.0999018
0.0999018
0.0999018
0.0990772
0.0990772
0.0990772
0.0990772
0.0978852
0.0978852
0.0978852
0.0978852
0.0978852
0.0978852
0.0977016
0.0977016
0.0977016
0.0977016
0.0977016
0.0977016
0.0977016
0.0977016
0.0977016
0.0977016
0.0977016
0.0977016
0.0977016
0.0977016
0.0977016
0.0977016
0.0977016
0.0977016
0.0977016
0.0977016
0.0958927
0.0958927
0.0958927
0.0958927
0.0958927
0.0967646
0.0958177
0.0958177
0.0940855
0.0918792
0.0918792
0.0918792
0.0918792
0.0918792
0.0918792
0.0918792
0.0918792
0.0918792
0.0918792
0.0905004
0.0905004
0.0905004
0.0905004
0.0916848
0.0916848
0.0889425
0.0889425
0.0889425
0.0889425
0.0889425
0.0889425
0.0889425
0.0889425
0.0889425
0.0889425
0.0889425
0.0895442
0.0895442
0.0895442
0.0895442
0.0895442
0.0895442
0.0896849
0.0896849
0.0896849
0.0896849
0.0896849
0.0896849
0.0896849
0.0896849
0.0896849
0.0896849
0.0896849
0.0896849
0.0896849
0.0896849
0.088995
0.088995
0.088995
0.088995
0.0888594
0.0878028
0.0878028
0.0878028
0.0878028
0.0873604
0.0873604
0.0873604
0.0873604
0.0873604
0.0873604
0.0873604
0.0873604
0.0875548
0.0875548
0.0875548
0.0875548
0.0863399
0.0863399
0.0818683
0.0818683
0.0818683
0.0818683
0.0818683
0.0818683
0.0818683
0.0818683
0.0818683
0.0818683
0.0818683
0.0818683
0.0818683
0.0818683
0.0818683
0.0818683
0.0818683
0.0818683
0.0818683
0.0818683
0.0818683
0.0818683
0.0818683
0.0818683
0.0818683
0.0818683
0.0820431
0.0820431
0.0820431
0.0820431
0.0820431
0.0820431
0.0820431
0.0820431
0.0828103
0.0828103
0.0828103
0.0828103
0.0828103
0.0828103
0.0828103
0.0828103
0.0828103
0.0828103
0.0828103
0.0828103
0.0828103
0.0828103
0.0828103
0.0828103
0.0825609
0.0825609
0.0821169
0.0821169
0.0821169
0.0821169
0.0821169
0.0821169
0.0821169
0.0821169
0.0821169
0.0821169
0.0821169
0.0821169
0.0821169
0.0821169
0.0825609
0.0825609
0.0825609
0.0825609
0.0825609
0.081079
0.0798814
0.0798814
0.0798814
0.0798814
0.0798814
0.0798814
0.0798814
0.0807456
0.0796261
0.0788017
0.0788017
0.0788017
0.0788017
0.0788017
0.0795343
0.0795343
0.0795343
0.0795343
0.0795343
0.0795343
0.0795343
0.0795343
0.0795343
0.0795343
0.0795343
0.0795343
0.0795343
0.0795343
0.0795343
0.0795343
0.0795343
0.0795343
0.0795343
0.0795343
0.0795343
0.0795343
0.0795343
0.0795343
0.0795343
0.0795343
0.0795343
0.079092
0.079092
0.079092
0.079092
0.079092
0.078959
0.078959
0.0787077
0.0744692
0.0744692
0.0744692
0.0748355
0.0743563
0.0743563
0.0743563
0.0743563
0.0743563
0.0743563
0.0743563
0.0743563
0.0743563
0.0743563
0.0743563
0.0743563
0.0739665
0.0739665
0.0739665
0.0739665
0.0739665
0.0739665
0.0739665
0.0739665
0.0739665
0.0739665
0.0739665
0.0739665
0.0739665
0.0739665
0.0739665
0.0739665
0.0739665
0.0739665
0.0739665
0.0739665
0.0719402
0.0719402
0.0719402
0.0719402
0.0719402
0.0719402
0.0673822
0.0673822
0.0673822
0.0673822
0.0673822
0.0673822
0.0673822
0.0673822
0.0673822
0.0673822
0.0673822
0.0673822
0.0673822
0.0673822
0.0673822
0.0673822
0.0673822
0.0673822
0.0673822
0.0673822
0.0673822
0.067777
0.067777
0.067777
0.067777
0.067777
0.067777
0.067777
0.067777
0.067777
0.067777
0.067777
0.067777
0.067777
0.067777
0.067777
0.067777
0.067777
0.067777
0.067777
0.067777
0.067777
0.067777
0.067777
0.067777
0.067777
0.068066
0.068066
0.0681492
0.0673718
0.0673718
0.0673718
0.0670668
0.0670668
0.0670668
0.0670668
0.0670668
0.0670668
0.0670668
0.0667779
0.0667779
0.0667779
0.0667779
0.0667779
0.0667779
0.0670668
0.067493
0.067493
0.0664278
0.0664278
0.0664278
0.0664278
0.0664278
0.0664278
0.0664278
0.0664278
0.0664278
0.0664278
0.0664278
0.0656286
0.0656286
0.0656286
0.0656286
0.0656286
0.0656286
0.0656286
0.0656286
0.0656286
0.0656286
0.0656286


0.073664
0.0695651
0.0102001
0.0147298
-0.0326296
-0.0300076
-0.0173178
0.0182733
0.0731811
0.0704317
0.0508838
0.0549714
0.0573416
0.0460626
0.0284293
-0.00938263
-0.0211226
-0.034638
-0.0432411
-0.00967835
0.0243246
0.0368456
0.0735752
0.0534429
0.0153382
-0.0216462
-0.0506073
-0.0582497
-0.0665268
0.0727863

0.025

