464.796
464.796
274.867
274.867
274.867
265.507
274.867
274.867
177.055
182.706
182.706
172.51
172.51
172.51
172.51
172.51
172.51
172.51
156.726
156.726
170.102
170.102
170.102
170.102
125.855
125.855
125.855
125.855
125.855
125.855
125.855
127.833
127.833
127.833
127.833
127.833
122.617
122.617
122.617
122.617
122.617
122.617
122.617
122.617
122.617
122.617
122.617
65.719
65.719
65.719
65.719
65.719
65.719
65.719
74.1347
74.1347
74.1347
74.1347
74.1347
74.1347
74.1347
74.1347
74.1347
74.1347
74.1347
74.1347
61.522
61.522
61.522
61.522
61.522
61.522
61.522
43.1809
43.1809
43.1809
43.1809
43.1809
43.1809
43.1809
43.1809
43.1809
43.1809
43.1809
48.2748
48.2748
48.2748
49.2274
38.8612
38.8612
38.1371
38.1371
38.8612
33.4554
33.4554
33.4554
33.4554
35.3758
35.3758
35.3758
35.3758
35.3758
35.3758
35.3758
35.3758
35.3758
35.3758
35.3758
35.3758
19.4303
19.4303
19.4303
19.4303
19.4303
19.4303
19.4303
16.7796
16.7796
16.7796
20.3725
20.3725
20.3725
20.3725
20.3725
12.5721
12.5721
10.6379
10.6379
10.6379
10.6379
8.69646
8.69646
8.69646
8.69646
10.6379
10.6379
10.6379
11.747
11.747
10.9787
10.9787
7.95166
7.95166
7.95166
9.35714
7.58246
8.06579
7.74909
8.15876
7.94816
7.94816
6.95323
6.95323
7.94816
7.94816
7.94816
7.94816
7.94816
7.94816
7.94816
7.94816
5.89307
5.89307
5.89307
5.89307
6.25137
6.25137
6.25137
6.25137
6.25137
7.00083
7.00083
5.41472
5.41472
4.67418
4.67418
4.67418
4.67418
6.96329
10.8964
9.01296
9.01296
9.01296
9.01296
9.01296
6.26616
6.26616
6.26616
9.01296
9.01296
9.01296
9.01296
10.5126
10.5126
10.5126
8.04755
8.04755
6.31149
6.31149
6.31149
6.31149
4.84517
4.84517
4.84517
5.00782
5.00782
5.00782
5.00782
5.00782
5.00782
5.00782
5.00782
5.00782
5.00782
5.00782
7.75674
7.75674
7.75674
7.75674
7.32283
7.51428
7.51428
7.51428
7.51428
7.51428
6.2406
6.2406
6.2406
6.2406
6.2406
6.2406
6.2406
6.2406
6.2406
6.2406
6.2406
5.0552
5.17713
5.17713
5.17713
5.17713
5.17713
5.17713
5.50584
4.74385
4.74385
4.74385
4.74385
4.74385
4.74385
4.74385
4.74385
4.74385
4.74385
4.74385
4.74385
4.74385
4.04808
4.04808
4.04808
4.04808
7.59676
6.20234
6.20234
6.20234
6.20234
6.20234
6.20234
6.73885
6.73885
6.73885
6.73885
6.73885
6.73885
6.73885
6.73885
6.73885
6.73885
6.73885
6.73885
6.73885
6.73885
6.73885
6.73885
8.22716
8.22716
8.22716
7.91154
6.82674
6.82674
6.82674
6.43378
5.35474
5.40496
5.40496
6.43378
6.43378
6.43378
6.42044
5.58921
5.58921
5.58921
5.58921
4.75787
4.75787
4.75787
4.75787
4.75787
3.69811
3.69811
3.69811
3.69811
3.69811
3.69811
3.69811
3.69811
3.69811
3.69811
3.69811
3.69811
3.69811
3.69811
3.69811
3.99698
3.94042
4.30857
4.60703
4.60703
4.60703
4.60703
4.661
4.661
4.20444
4.08171
4.20444
4.20444
4.20444
4.20444
4.36321
4.36321
4.36321
4.37186
4.37186
4.37186
4.37186
4.37186
4.37186
4.37186
4.37186
4.37186
3.54489
4.50388
4.50388
4.10349
4.10349
4.10349
4.10349
4.10349
4.10349
4.10349
4.10349
3.94538
3.94538
3.94538
3.94538
3.94538
3.94538
3.94538
4.19787
4.18074
3.85294
3.85294
3.85294
3.85294
3.69706
3.69706
3.69706
3.69706
3.69706
3.69706
3.50064
3.50064
3.50064
3.69706
3.69706
3.69706
3.75122
3.75122
3.75122
3.75122
3.75122
3.5424
3.36502
3.36502
3.36502
3.36502
3.36502
3.36502
3.47568
3.47568
3.47568
3.33382
3.33382
3.33382
3.47034
3.47034
3.47034
3.47034
3.47034
3.18841
3.18841
3.18841
3.18841
3.18841
3.18841
3.04958
3.04958
2.97726
2.97726
3.04392
3.04392
3.04392
3.04392
3.04392
3.04392
3.04392
3.04392
3.04392
3.04392
2.81327
2.81327
2.81327
2.81327
2.81327
2.81327
2.81327
2.81327
2.75348
2.75348
2.75348
2.75348
2.75348
2.75348
2.75348
2.75348
2.75348
2.75348
2.75348
3.06639
3.06639
3.06639
3.06639
3.06639
3.06639
3.06639
3.06639
3.06639
3.06639
3.06639
3.13787
3.13787
3.13787
3.13787
3.13787
3.13787
3.13787
3.13787
3.13787
3.05034
3.13115
3.13115
3.13115
3.13115
3.13115
3.13115
3.13115
3.13115
3.13115
3.13115
3.13787
3.13787
3.13787
3.13787
3.13787
3.13787
3.13787
3.13787
3.13787
3.13787
3.13787
3.13787
3.13787
3.13787
3.13787
3.13787
3.15777
3.15777
3.15777
3.15777
3.2518
3.2518
3.2518
3.22478
3.22478
3.22478
3.22478
3.27513
3.19882
3.19882
3.19882
3.19882
3.19882
3.14205
2.96389
2.96389
2.96389
2.96389
2.96389
2.96389
2.96389
3.06768
3.06768
3.06768
3.06768
2.95377
3.06768
3.06768
3.06768
3.06768
3.14368
3.14368
3.14368
3.14368
3.0219
3.0219
3.0219
3.0219
3.0219
3.05866
3.05866
3.03232
3.03232
3.05961
3.05961
3.05961
2.95166
2.95166
2.95166
2.95166
2.95166
2.95166
3.0564
3.0564
3.0564
3.0564
3.0564
3.0564
3.0564
3.0564
3.07119
3.00812
3.00812
3.04935
2.84188
3.01685
3.01685
2.96393
3.00762
3.00762
2.90865
2.90865
2.90865
2.90865
2.90865
2.90865
2.7966
2.7966
2.7966
2.7966
2.7966
2.7966
2.7966
2.7516
2.7516
2.7516
2.7516
2.7516
2.7516
2.7516
2.7516
2.7516
2.7516
2.7516
2.7516
2.7516
2.7516
2.7516
2.7516
2.79002
2.76925
2.75803
2.76925
2.76925
2.76925
2.76925
2.76925
2.76925
2.76925
2.76925
2.76925
2.76925
2.76925
2.76925
2.79898
2.79898
2.79898
2.79898
2.79898
2.79898
2.79898
2.79898
2.79898
2.79898
2.79898
2.79898
2.79898
2.79898
2.79898
3.01314
3.01314
2.97938
2.97938
2.7534
2.7534
2.7534
2.7534
2.7534
2.7534
2.7534
2.7534
2.7534
2.7534
2.7534
2.7534
2.7534
2.7534
2.79167
2.72168
2.713
2.72168
2.72168
2.63044
2.73067
2.74215
2.74215
2.74215
2.74215
2.65593
2.65593
2.65593
2.65593
2.65593
2.65593
2.65593
2.65593
2.65593
2.7262
2.7262
2.7262
2.7262
2.7262
2.7262
2.7262
2.7262
2.7262
2.7262
2.7262
2.69212
2.69212
2.69212
2.69212
2.64117
2.59412
2.59412
2.59412
2.59412
2.59412
2.52405
2.52405
2.52405
2.52405
2.52405
2.52405
2.52405
2.52405
2.52405
2.52405
2.52405
2.52405
2.52405
2.52405
2.52405
2.52405
2.52405
2.57402
2.57402
2.57402
2.26743
2.34862
2.34862
2.34862
2.34862
2.38019
2.38019
2.38019
2.38019
2.38019
2.38019
2.56669
2.53935
2.53935
2.53935
2.53935
2.53935
2.33765
2.33765
2.33765
2.33765
2.33765
2.33765
2.33765
2.33765
2.33765
2.33765
2.46746
2.46746
2.46746
2.46746
2.64736
2.64736
2.64736
2.64736
2.64736
2.64736
2.52967
2.49552
2.49552
2.49552
2.49552
2.29322
2.29322
2.29322
2.29322
2.29322
2.29322
2.29322
2.29322
2.29322
2.29322
2.29322
2.34094
2.34094
2.34094
2.34094
2.34094
2.34094
2.47207
2.44279
2.44279
2.44279
2.44279
2.44279
2.44279
2.44279
2.44279
2.44279
2.44279
2.44279
2.44279
2.44279
2.44279
2.44279
2.44279
2.44279
2.44279
2.44279
2.44279
2.44279
2.44279
2.44279
2.47207
2.59786
2.59786
2.59786
2.68002
2.68002
2.68002
2.68002
2.68002
2.68002
2.68002
2.67173
2.67173
2.67173
2.62608
2.60382
2.49513
2.4948
2.4948
2.4948
2.4948
2.4948
2.46944
2.46944
2.46944
2.44115
2.44115
2.44115
2.44115
2.44115
2.44115
2.44259
2.46944
2.46944
2.46944
2.32093
2.32093
2.32093
2.31547
2.20509
2.20509
2.20509
2.20509
2.20509
2.20509
2.20509
2.24859
2.24859
2.24859
2.24859
2.24859
2.24859
2.31072
2.31072
2.31072
2.31547
2.31547
2.31547
2.31547
2.31547
2.31547
2.31547
2.31547
2.31547
2.31547
2.31547
2.33628
2.33628
2.33628
2.33628
2.33628
2.33628
2.33628
2.33628
2.3411
2.3411
2.3411
2.3411
2.3411
2.3411
2.3411
2.3411
2.3411
2.3411
2.3411
2.3411
2.3411
2.3411
2.3411
2.3411
2.3411
2.3411
2.3411
2.38595
2.38595
2.38595
2.38595
2.38595
2.20901
2.20901
2.20901
2.20901
2.20901
2.20901
2.20901
2.20901
2.20901
2.20901
2.20901
2.20901
2.1517
2.09726
2.09726
2.09726
2.09726
2.09726
2.09726
2.09726
2.09726
2.09726
2.20601
2.20601
2.20601
2.20601
2.20601
2.20601
2.20018
2.20018
2.20018
2.20018
2.20018
2.20018
2.20018
2.20601
2.20601
2.20601
2.20601
2.20601
2.20601
2.20601
2.20601
2.20601
2.20601
2.14831
2.14831
2.14831
2.14831
2.14831
2.14831
2.14831
2.14831
2.07052
2.07052
2.07052
2.07052
2.07052
2.037
2.037
2.037
2.037
2.037
2.037
2.037
2.037
2.037
2.037
2.08501
2.08501
2.08501
2.08501
2.08501
2.08501
2.08501
2.08501
2.08501
2.08501
2.08501
2.08501
2.08501
2.14888
2.14888
2.14888
2.14888
2.14888
2.14888
2.14888
2.17336
2.17336
2.17336
2.17336
2.17336
2.17336
2.17336
2.17336
2.17336
2.17336
2.17336
2.17336
2.17336
2.17336
2.17336
2.24475
2.24475
2.14649
2.14649
2.0504
2.0504
1.80758
1.80758
1.59981
1.59981
1.59981
1.59981
1.80948
1.80948
1.80948
1.80948
1.80948
1.80948
1.80948
1.80948
1.89697
1.89697
1.89697
1.89697
1.89697
1.89697
1.89697
1.89697
2.01124
2.01124
2.01124
2.01124
2.01124
1.95637
1.86574
1.86574
1.86574
1.86574
1.86574
1.86574
1.86574
1.86574
1.86574
1.82784
1.82784
1.82784
1.82784
1.82784
1.82784
1.82784
1.82784
1.82784
1.81168
1.81168
1.81168
1.81168
1.81168
1.77282
1.77282
1.77282
1.77282
1.77282
1.77282
1.77282
1.77282
1.77282
1.77282
1.77282
1.76211
1.76211
1.69408
1.69408
1.69408
1.69408
1.69408
1.69408
1.69408
1.69408
1.69408
1.69408
1.69408
1.69408
1.69408
1.69408
1.8135
1.50629
1.50629
1.50629
1.50629
1.50629
1.50629
1.50629
1.50629
1.48296
1.48296
1.48296
1.48296
1.48296
1.48296
1.48296
1.48296
1.48296
1.72225
1.72225
1.72225
1.39085
1.39085
1.39085
1.39085
1.39085
1.39085
1.39085
1.39085
1.39085
1.39085
1.39085
1.39085
1.39085
1.39085
1.39085
1.39085
1.39085
1.39085
1.39085
1.39085
1.39085
1.39085
1.44276
1.44276
1.48162
1.48162
1.48162
1.48162
1.48162
1.80262
1.80262
1.80262
1.80262
1.80262
1.80262
1.80262
1.85216
1.85216
1.88813
1.86239
1.89025
1.86874
1.86874
1.86874
1.86874
1.90427
1.90427
1.90427
1.90427
1.90427
1.90427
1.90762
1.90762
1.90762
1.90762
1.90762
1.90762
1.90762
1.91055
1.91055
1.91055
1.91055
1.91055
1.91055
1.91055
1.91055
1.91055
1.91055
1.89701
1.89701
1.89701
1.89701
1.89701
1.89701
1.89701
1.91717
1.91717
1.91717
1.91717
1.91717
1.91717
1.91717
1.91717
1.91717
1.91717
1.91717
1.87052
1.87052
1.87052
1.87052
1.91717
1.91717
1.91717
1.91717
1.91717
1.89271
1.87843
1.87843
1.87843
1.87843
1.87843
1.87843
1.87843
1.87843
1.87843
1.87843
1.87843
1.87843
1.87843
1.87843
1.9095
1.9095
1.9095
1.9095
1.88466
1.88466
1.86855
1.86855
1.86855
1.86855
1.86855
1.86855
1.86855
1.84072
1.84072
1.84072
1.86855
1.86957
1.86957
1.86957
1.86957
1.85123
1.85123
1.85528
1.85528
1.85528
1.85499
1.85499
1.85499
1.85499
1.85499
1.85499
1.86451
1.86451
1.86451
1.86451
1.86451
1.86451
1.86451
1.86451
1.86451
1.86451
1.86451
1.86451
1.86451
1.86451
1.86451
1.86451
1.86451
1.86451
1.86451
1.86451
1.86451
1.86451
1.86451
1.86451
1.86451
1.86451
1.86451
1.86451
1.86451
1.86451
1.86451
1.86451
1.86451
1.70846
1.70846
1.75432
1.75432
1.75432
1.75432
1.81022
1.81022
1.81022
1.81022
1.81022
1.81022
1.81022
1.84946
1.84946
1.84946
1.84946
1.84946
1.84946
1.84946
1.84946
1.84946
1.84946
1.84946
1.84946
1.84946
1.83969
1.83969
1.83969
1.83969
1.83969
1.88571
1.88571
1.88571
1.88571
1.88571
1.88571
1.88571
1.88571
1.84045
1.84045
1.84045
1.84045
1.84045
1.84045
1.84045
1.84045
1.84045
1.84045
1.82468
1.78092
1.78092
1.78092
1.78092
1.78092
1.78092
1.78092
1.78092
1.84045
1.84045
1.84045
1.84045
1.84045
1.84045
1.95047
1.95047
1.87007
1.87007
1.87007
1.87007
1.87007
1.87007
1.87007
1.87007
1.87007
1.87007
1.87007
1.87007
1.87007
1.87007
1.87007
1.87007
1.86998
1.86998
1.86998
1.86998
1.86998
1.86998
1.86998
1.86998
1.83447
1.83447
1.83447
1.83447
1.83447
1.83447
1.83447
1.83447
1.83447
1.8441
1.84816
1.84816
1.85651
1.85651
1.85651
1.85651
1.85651
1.85651
1.85651
1.85651
1.85651
1.85651
1.85651
1.85651
1.85651
1.85651
1.85651
1.85651
1.85651
1.85651
1.85651
1.85651
1.8683
1.8683
1.8683
1.8683
1.8683
1.8683
1.8683
1.8683
1.8683
1.8683
1.8683
1.8683
1.8683
1.8683
1.8683
1.8683
1.8683
1.8683
1.8683
1.8683
1.8683
1.8683
1.8683
1.8683
1.8683
1.8683
1.8683
1.8683
1.8683
1.8683
1.8683
1.8683
1.8683
1.8683
1.8683
1.8683
1.8683
1.8683
1.81042
1.81042
1.79112
1.79112
1.79112
1.79112
1.80925
1.80925
1.81488
1.81488
1.81488
1.81488
1.81488
1.81488
1.81488
1.81488
1.81488
1.82496
1.82496
1.82496
1.82496
1.82496
1.82496
1.82496
1.82496
1.82496
1.82496
1.82496
1.84853
1.84853
1.84853
1.84853
1.84853
1.84853
1.84853
1.84853
1.84853
1.84853
1.88918
1.86711
1.86711
1.86711
1.86711
1.86711
1.86711
1.88918
1.88918
1.88918
1.88918
1.88918
1.88918
1.88918
1.88918
1.88918
1.88918
1.88918
1.9021
1.9021
1.9021
1.9021
1.9021
1.9021
1.9021
1.9021
1.9021
1.85669
1.85669
1.85669
1.85669
1.85669
1.85669
1.85669
1.85669
1.85669
1.85669
1.85669
1.85669
1.85669
1.85669
1.85669
1.85669
1.85669
1.85669
1.85669
1.85669
1.57953
1.57953
1.57953
1.57953
1.57953
1.57953
1.57953
1.57953
1.57953
1.57953
1.57953
1.57953
1.57953
1.57953
1.57953
1.57953
1.57953
1.64132
1.64132
1.64132
1.64132
1.64132
1.64132
1.64132
1.64132
1.64132
1.64132
1.64132
1.64132
1.64132
1.64132
1.64132
1.64132
1.64132
1.64132
1.64132
1.64132
1.64132
1.64132
1.64132
1.64132
1.64132
1.64132
1.64132
1.64132
1.64132
1.67227
1.67227
1.67227
1.67227
1.67227
1.67227
1.67227
1.67227
1.67227
1.67227
1.67227
1.67227
1.65931
1.65931
1.65931
1.65931
1.65931
1.65931
1.65931
1.77481
1.77481
1.77481
1.77481
1.77481
1.77481
1.77481
1.77481
1.77481
1.77481
1.77481
1.77481
1.67482
1.67482
1.67482
1.67482
1.67482
1.67482
1.75165
1.75165
1.75165
1.7147
1.7147
1.7147
1.7147
1.7147
1.7147
1.7147
1.7147
1.7147
1.7147
1.7147
1.7147
1.7147
1.7147
1.7147
1.7147
1.7147
1.7147
1.7147
1.7147
1.7147
1.7147
1.7147
1.7147
1.7147
1.7147
1.7147
1.7147
1.7147
1.7147
1.7147
1.7147
1.7147
1.7147
1.7147
1.7147
1.7147
1.7147
1.7147
1.7147
1.7147
1.7147
1.7147
1.7147
1.7147
1.7147
1.81126
1.81126
1.81126
1.81126
1.81126
1.81126
1.81126
1.81126
1.81126
1.81126
1.81126
1.81126
1.81126
1.81126
1.81126
1.81126
1.81126
1.81126
1.8228
1.8228
1.8228
1.834
1.834
1.834
1.834
1.84242
1.84242
1.84242
1.84242
1.84242
1.84242
1.84242
1.84242
1.84242
1.84242
1.84965
1.84965
1.84965
1.84965
1.84965
1.84965
1.84965
1.84965
1.84965
1.84965
1.84965
1.84965
1.84965
1.84965
1.84965
1.84965
1.84965
1.81906
1.81906
1.81906
1.81906
1.85245
1.85245
1.85245
1.85245
1.85245
1.85245
1.85245
1.85245
1.81383
1.81383
1.81383
1.81383
1.81383
1.81383
1.81383
1.81383
1.81383
1.81383
1.81383
1.80902
1.80902
1.80902
1.80902
1.80902
1.80902
1.80902
1.80902
1.80902
1.80902
1.80902
1.80902
1.80902
1.80902
1.80902
1.82852
1.82852
1.82852
1.82852
1.82852
1.82852
1.82852
1.82852
1.82852
1.82852
1.82852
1.82852
1.82852
1.82852
1.83045
1.8316
1.8316
1.8316
1.81367
1.81367
1.81367
1.81367
1.81367
1.81367
1.81367
1.81367
1.81367
1.81367
1.81367
1.81367
1.81291
1.81291
1.81291
1.81291
1.81291
1.81291
1.81291
1.81291
1.81291
1.81291
1.81291
1.81291
1.81291
1.81291
1.81291
1.81291
1.81291
1.81291
1.82975
1.82975
1.82975
1.82975
1.82975
1.82975
1.82975
1.82975
1.82975
1.81662
1.84054
1.84054
1.84054
1.84054
1.84054
1.84098
1.84098
1.84098
1.84098
1.84098
1.84098
1.84098
1.84098
1.84098
1.84098
1.84098
1.84098
1.84098
1.84098
1.84098
1.84098
1.84098
1.84098
1.84098
1.84098
1.84098
1.81809
1.81809
1.81809
1.81809
1.81809
1.81809
1.81809
1.81809
1.81809
1.81378
1.81378
1.81378
1.81378
1.81378
1.81378
1.81378
1.81378
1.80262
1.80262
1.76849
1.76849
1.76849
1.76849
1.76849
1.76849
1.76849
1.76849
1.76849
1.76849
1.76849
1.78463
1.78463
1.78463
1.78463
1.78463
1.78463
1.78463
1.78463
1.80947
1.80947
1.80947
1.80947
1.80947
1.80947
1.80947
1.80947
1.80947
1.80947
1.80947
1.80947
1.80947
1.80947
1.80947
1.80947
1.80424
1.80424
1.80424
1.80424
1.80424
1.80424
1.80424
1.80424
1.80424
1.80424
1.80424
1.80424
1.80424
1.79989
1.79989
1.79989
1.79989
1.79989
1.79989
1.79989
1.79989
1.79989
1.79989
1.79989
1.79989
1.79989
1.79989
1.79989
1.79989
1.79989
1.79989
1.79989
1.79989
1.79989
1.79767
1.79767
1.79767
1.79767
1.79767
1.79767
1.79767
1.79767
1.79767
1.79767
1.79767
1.79767
1.79767
1.79767
1.79767
1.79767
1.79767
1.79767
1.79767
1.79767
1.79767
1.79767
1.79989
1.79989
1.79989
1.80213
1.80213
1.80213
1.80213
1.80213
1.80213
1.80213
1.8037
1.8037
1.8037
1.8037
1.8037
1.8037
1.8037
1.8037
1.8037
1.8037
1.8037
1.8037
1.8037
1.8037
1.8037
1.8037
1.8037
1.8037
1.8037
1.8037
1.8037
1.8037
1.8037
1.8037
1.8037
1.8037
1.8037
1.8037
1.8037
1.8037
1.8037
1.79307
1.79307
1.79307
1.80412
1.80412
1.80412
1.80412
1.80412
1.80412
1.80412
1.80412
1.80412
1.80412
1.80412
1.80412
1.80412
1.80412
1.81415
1.81415
1.81415
1.81415
1.81415
1.81415
1.81415
1.81415
1.81415
1.81415


-2.51071
-10.7614
3.18292
-12.0018
-6.97082
-8.62924
-9.64506
-8.1793
-2.40702
-5.90631
-9.46469
-2.70965
-2.29963
-5.36738
-3.76893
-5.42862
-8.2363
-4.81622
-7.12
-6.44673
-7.27022
-8.56111
-8.48089
-8.1212
-3.90442
-7.47173
-3.13524
-12.5196
-4.68762
9.04688

0.028

