406448
406448
406448
406448
406448
406448
406448
406448
406448
406448
406448
406448
406448
406448
406448
406448
406448
406448
406448
406448
406448
406448
406448
406448
406448
406448
406448
406448
406448
406448
406448
406448
406448
406448
406448
406448
406448
406448
406448
406448
406448
406448
406448
406448
406448
406448
406448
406448
406448
406448
406448
406448
406448
406448
406448
406448
406448
406448
406448
406448
406448
406448
406448
406448
388658
388658
388658
388658
388658
388658
388658
388658
385256
385256
385256
385256
385256
385256
385256
385256
385256
385256
385256
385256
385256
385256
354013
354013
354013
354013
354013
354013
354013
354013
354013
354013
354013
354013
354013
354013
354013
354013
354013
354013
354013
354013
354013
354013
354013
354013
354013
354013
331078
331078
331078
331078
331078
331078
331078
331078
331078
331078
331078
331078
331078
331078
331078
331078
331078
331078
331078
331078
240339
240339
240339
240339
240339
240339
240339
240339
240339
240339
240339
240339
240339
240339
240339
240339
240339
240339
240339
240339
240339
240339
240339
240339
240339
240339
216668
216668
216668
216668
216668
216668
216668
216668
216668
216668
216668
216668
216668
216668
216668
216668
216668
216668
216668
216668
216668
216668
216668
216668
216668
216668
216668
216668
208410
208410
208410
208410
208410
208410
208410
208410
208410
208410
208410
208410
202847
202847
202847
202847
202847
202847
202847
202847
202847
202847
172507
172507
172507
172507
172507
172507
172507
172507
172507
172507
172507
172507
172507
172507
172507
172507
172507
172507
172507
172507
172507
172507
172507
172507
172507
172507
172507
172507
172507
172507
172507
172507
172007
172007
172007
172007
172007
172007
172007
172007
172007
172007
172007
172007
172007
172007
171229
171229
171229
171229
171229
171229
171229
171229
171229
171229
171229
171229
171229
171229
171229
171229
171229
171229
171229
171229
171229
171229
171229
171229
171229
171229
171229
171229
164702
164702
164702
164702
164702
164702
164702
164702
164702
149256
149256
149256
149256
149256
149256
149256
149256
149256
149256
149256
149256
149256
149256
149256
149256
149256
149256
149256
149256
149256
149256
149256
149256
149256
149256
149256
149256
149256
149256
149256
149256
149256
149256
149256
149256
149256
149256
149256
149256
149256
149256
144958
144958
144958
144958
144958
144958
144958
144958
144958
144958
144958
144958
144958
144958
144958
144958
144958
144958
144958
144958
144958
144958
144958
144958
144958
142440
142440
142440
142440
142440
142440
142440
142440
121332
121332
121332
121332
121332
121332
121332
121332
121332
121332
121332
121332
121332
121332
121332
121332
121332
121332
121332
121332
121332
121332
121332
121332
121332
121332
121332
121332
121332
121332
121332
121332
121332
121332
121332
121332
121332
121332
121332
121332
121332
120466
120466
120466
120466
120466
120466
120466
120466
120466
120466
120466
120466
120466
120466
120466
120466
120466
120466
120466
120466
120006
120006
120006
120006
119098
119098
118697
118697
118697
118697
118697
118697
118697
118697
118697
110321
110321
110321
110321
89629.5
89629.5
89629.5
89629.5
75053.7
75053.7
75053.7
75053.7
75053.7
75053.7
75053.7
75053.7
75053.7
75053.7
75053.7
75053.7
75053.7
75053.7
75053.7
75053.7
75053.7
75053.7
75053.7
75053.7
75053.7
75053.7
75053.7
75053.7
75053.7
75053.7
75053.7
75053.7
75053.7
75053.7
75053.7
75053.7
75053.7
75053.7
75053.7
75053.7
75053.7
75053.7
75053.7
75053.7
75053.7
75053.7
75053.7
75053.7
75053.7
75053.7
75053.7
75053.7
75053.7
75053.7
75053.7
75053.7
75053.7
75053.7
75053.7
75053.7
62122.6
62122.6
62122.6
62122.6
62122.6
62122.6
62122.6
62122.6
62122.6
62122.6
62122.6
62122.6
62122.6
62122.6
62122.6
62122.6
62122.6
62122.6
62122.6
62122.6
59195.6
57485.2
57485.2
57485.2
57485.2
57485.2
57485.2
35243.9
33295.1
33295.1
33295.1
26889.9
26889.9
26889.9
26889.9
26770.4
26770.4
26770.4
26770.4
26770.4
26770.4
26770.4
26770.4
26770.4
26770.4
26770.4
26770.4
26770.4
26770.4
26770.4
26770.4
26770.4
26770.4
26770.4
26770.4
26770.4
26770.4
26770.4
26770.4
26770.4
26770.4
26770.4
26770.4
26770.4
26770.4
26770.4
26770.4
26770.4
26770.4
26770.4
26770.4
26770.4
26770.4
26770.4
26770.4
26770.4
26770.4
26770.4
26770.4
26770.4
25003.8
25003.8
25003.8
25003.8
25003.8
25003.8
25003.8
23266.4
23266.4
23266.4
23266.4
23266.4
23266.4
23266.4
23266.4
23266.4
23266.4
23266.4
23266.4
23266.4
23266.4
23266.4
23266.4
23266.4
23266.4
23266.4
23266.4
23266.4
23266.4
23266.4
23266.4
23266.4
23266.4
23266.4
23266.4
23266.4
23266.4
23266.4
23266.4
23266.4
22310.6
22310.6
22310.6
22310.6
22310.6
22310.6
22310.6
22310.6
22310.6
22310.6
22310.6
22310.6
22310.6
22310.6
22310.6
22310.6
22310.6
22310.6
22310.6
22310.6
22310.6
22310.6
22310.6
22310.6
22310.6
22310.6
22310.6
22310.6
22310.6
22310.6
22310.6
22310.6
22310.6
22310.6
22310.6
22310.6
22310.6
22310.6
22310.6
22310.6
20029.7
20029.7
20029.7
20029.7
20029.7
20029.7
20029.7
20029.7
20029.7
20029.7
20029.7
20029.7
20029.7
20029.7
20029.7
20029.7
20029.7
20029.7
20029.7
20029.7
20029.7
20029.7
20029.7
20029.7
20029.7
20029.7
20029.7
20029.7
20029.7
20029.7
20029.7
20029.7
20029.7
20029.7
20029.7
20029.7
20029.7
20029.7
20029.7
20029.7
20029.7
20029.7
20029.7
20029.7
20029.7
20029.7
20029.7
20029.7
20029.7
20029.7
20029.7
20029.7
20029.7
20029.7
20029.7
20029.7
20029.7
20029.7
20029.7
20029.7
20029.7
20029.7
20029.7
20029.7
20029.7
20029.7
20029.7
19300.4
19300.4
19300.4
19021.5
19021.5
19021.5
19021.5
19021.5
19021.5
18943.1
18943.1
18943.1
18943.1
18943.1
18943.1
18943.1
18943.1
18943.1
18943.1
18943.1
18943.1
18943.1
18943.1
18943.1
18943.1
18943.1
18943.1
18943.1
18441.4
18441.4
18441.4
18441.4
18441.4
18441.4
18441.4
18441.4
18441.4
18441.4
18441.4
18441.4
18441.4
18441.4
18441.4
18441.4
18441.4
18441.4
18441.4
18441.4
18441.4
18441.4
18441.4
18370.5
18370.5
18370.5
18370.5
18370.5
18370.5
17523.9
17523.9
17523.9
17523.9
17523.9
17523.9
17523.9
17523.9
17523.9
17523.9
17523.9
17523.9
17523.9
17523.9
17523.9
17523.9
17523.9
17523.9
17523.9
17523.9
17523.9
17523.9
17523.9
17523.9
17523.9
17523.9
17523.9
17463
17463
17463
17463
17463
17463
17463
17463
17463
17463
17463
17463
17463
17463
17463
17463
17463
17463
17463
17463
17054.1
17054.1
17054.1
17054.1
17054.1
17054.1
17054.1
17054.1
17054.1
17054.1
17054.1
17054.1
17054.1
17054.1
17054.1
17054.1
17054.1
17054.1
17042
15802.8
15802.8
15802.8
15802.8
15802.8
15802.8
15709.4
13718.9
13718.9
13718.9
13718.9
13718.9
13718.9
13718.9
13718.9
13718.9
13718.9
13718.9
13718.9
13718.9
13718.9
13718.9
13718.9
13718.9
13718.9
13718.9
13718.9
13718.9
13718.9
13718.9
13718.9
13718.9
13718.9
13718.9
13718.9
13718.9
13718.9
13718.9
13718.9
13718.9
13718.9
13718.9
13718.9
13718.9
13718.9
13718.9
13718.9
13718.9
13718.9
13718.9
13718.9
13718.9
13718.9
13718.9
13718.9
13718.9
13718.9
13718.9
13718.9
13718.9
13718.9
13718.9
13718.9
13718.9
13718.9
13718.9
13718.9
13718.9
13718.9
13718.9
13718.9
13718.9
13718.9
13718.9
13718.9
13718.9
13718.9
13718.9
13718.9
13718.9
13718.9
13718.9
13718.9
13718.9
13718.9
13718.9
13718.9
13718.9
13718.9
13718.9
13600.7
13600.7
13600.7
13600.7
13600.7
13600.7
13600.7
13600.7
13600.7
13600.7
13600.7
13600.7
13600.7
13600.7
13600.7
13600.7
13600.7
13600.7
13235
13235
13235
13235
13235
13235
13235
13235
13235
13235
13235
13235
13235
13235
13235
13235
13235
13235
13235
13235
13235
13235
13235
13235
13235
12021.4
12021.4
12021.4
12021.4
12021.4
12021.4
12021.4
12021.4
12021.4
12021.4
12021.4
12021.4
12021.4
12021.4
12021.4
12021.4
12021.4
12021.4
12021.4
12021.4
12021.4
11935
11935
11935
11935
11935
11935
11935
11935
11935
11935
11935
11935
11935
11935
11935
11935
11727.2
11727.2
11727.2
10840.1
10840.1
10840.1
10840.1
10840.1
10840.1
10840.1
10840.1
10840.1
10840.1
10840.1
10840.1
10840.1
10840.1
10840.1
10793.3
10685.7
10685.7
10685.7
10685.7
10685.7
10685.7
10685.7
10685.7
10685.7
10685.7
10685.7
10685.7
10685.7
10685.7
10685.7
10685.7
10685.7
10685.7
10685.7
10685.7
10685.7
10685.7
10685.7
10685.7
10685.7
10685.7
10685.7
10685.7
10685.7
10685.7
10685.7
10685.7
10685.7
10685.7
10685.7
10685.7
10685.7
10685.7
10685.7
10685.7
10685.7
10685.7
10685.7
10685.7
10685.7
10685.7
10685.7
10685.7
10685.7
10685.7
10685.7
10685.7
10685.7
10267.5
10267.5
10267.5
10267.5
10267.5
10267.5
10267.5
10267.5
10267.5
10267.5
10267.5
10267.5
10267.5
10267.5
10267.5
10267.5
10267.5
10039.2
10039.2
10039.2
10039.2
10039.2
10039.2
10039.2
10039.2
10039.2
10039.2
10039.2
10039.2
10039.2
10039.2
10039.2
10039.2
10039.2
10039.2
10039.2
10039.2
10039.2
10039.2
10039.2
10039.2
9376.04
9376.04
9376.04
9376.04
9376.04
9376.04
9376.04
9376.04
9376.04
9376.04
9376.04
9376.04
9376.04
9376.04
9376.04
9376.04
9376.04
9376.04
9376.04
9376.04
9376.04
9376.04
9376.04
9376.04
9376.04
9376.04
9376.04
9376.04
9376.04
9376.04
9376.04
9376.04
9376.04
9376.04
9376.04
9376.04
9376.04
9376.04
9376.04
9376.04
9376.04
9376.04
9376.04
9376.04
9376.04
9376.04
9376.04
9376.04
9376.04
9376.04
9376.04
9376.04
9376.04
9376.04
9376.04
9376.04
9376.04
9376.04
9376.04
9369.75
9369.75
9369.75
9369.75
9369.75
9369.75
9369.75
9369.75
9369.75
9369.75
9369.75
9369.75
9369.75
9369.75
9369.75
9369.75
9230.89
9230.89
9230.89
9230.89
9230.89
9230.89
9230.89
9230.89
9230.89
9230.89
9230.89
9230.89
9230.89
9230.89
9230.89
9035.2
9035.2
9035.2
9035.2
9035.2
9035.2
9035.2
9035.2
9035.2
9035.2
9035.2
9035.2
9035.2
9035.2
9035.2
9035.2
9035.2
9035.2
9035.2
9035.2
9035.2
9035.2
9035.2
9035.2
8924.52
8735.99
8735.99
8735.99
8735.99
8735.99
8735.99
8735.99
8735.99
8735.99
8735.99
8735.99
8735.99
8735.99
8735.99
8735.99
8735.99
8735.99
8735.99
8735.99
8735.99
8735.99
8735.99
8735.99
8735.99
8735.99
8735.99
8735.99
8735.99
8735.99
8735.99
8735.99
8735.99
8735.99
8735.99
8035.36
8035.36
8035.36
8035.36
8035.36
8035.36
8035.36
8035.36
8035.36
8035.36
8035.36
8035.36
8035.36
8035.36
8035.36
8035.36
8035.36
8035.36
8035.36
7988.35
7988.35
7988.35
7988.35
7988.35
7988.35
7988.35
7988.35
7988.35
6995.21
6995.21
6995.21
6995.21
6995.21
6995.21
6995.21
6995.21
6995.21
6995.21
6995.21
6995.21
6995.21
6995.21
6995.21
6995.21
6995.21
6995.21
6995.21
6995.21
6995.21
6995.21
6995.21
6995.21
6995.21
6995.21
6995.21
6995.21
6995.21
6995.21
6995.21
6995.21
6995.21
6995.21
6995.21
6995.21
6995.21
6995.21
6995.21
6995.21
6995.21
6995.21
6995.21
6995.21
6995.21
6995.21
6995.21
6995.21
6869.57
6869.57
6869.57
6869.57
6869.57
6869.57
6869.57
6869.57
6869.57
6869.57
6869.57
6869.57
6869.57
6869.57
6869.57
6869.57
6869.57
6869.57
6869.57
6869.57
6869.57
6869.57
6869.57
6869.57
6869.57
6869.57
6869.57
6869.57
6869.57
6869.57
6869.57
6869.57
6869.57
6869.57
6869.57
6869.57
6869.57
6458.16
6458.16
6458.16
6458.16
6458.16
6458.16
6458.16
6458.16
6458.16
6458.16
6458.16
6458.16
6458.16
6458.16
6458.16
6458.16
6458.16
6458.16
6458.16
6458.16
6458.16
6458.16
6458.16
6458.16
6309.14
6309.14
6309.14
6309.14
6309.14
6309.14
6309.14
6309.14
6309.14
6309.14
6309.14
6309.14
6309.14
6309.14
6309.14
6309.14
6309.14
6309.14
6309.14
6309.14
6309.14
6309.14
6309.14
6309.14
6309.14
6309.14
6151.19
6151.19
6151.19
6151.19
6151.19
6151.19
6151.19
6151.19
6151.19
6151.19
6151.19
6151.19
6151.19
6151.19
6151.19
6151.19
6151.19
6151.19
6151.19
6151.19
6151.19
6151.19
6151.19
6151.19
6151.19
6151.19
6151.19
6151.19
6151.19
6151.19
6151.19
6151.19
6151.19
6151.19
6151.19
6151.19
6151.19
6151.19
6151.19
6151.19
6151.19
6151.19
6151.19
6151.19
6151.19
6151.19
6151.19
6151.19
6151.19
6151.19
6151.19
6151.19
6151.19
6151.19
6151.19
6151.19
6151.19
6151.19
6151.19
6103.28
6103.28
6103.28
6103.28
6103.28
5952.6
5952.6
5952.6
5952.6
5952.6
5952.6
5952.6
5952.6
5952.6
5952.6
5952.6
5952.6
5952.6
5952.6
5952.6
5952.6
5952.6
5952.6
5952.6
5952.6
5952.6
5924.24
5924.24
5924.24
5924.24
5924.24
5924.24
5924.24
5924.24
5924.24
5924.24
5924.24
5924.24
5924.24
5924.24
5924.24
5924.24
5924.24
5924.24
5924.24
5924.24
5924.24
5924.24
5924.24
5924.24
5924.24
5873.19
5873.19
5873.19
5873.19
5873.19
5873.19
5873.19
5873.19
5873.19
5873.19
5873.19
5766.46
5766.46
5766.46
5766.46
5766.46
5766.46
5766.46
5766.46
5766.46
5766.46
5766.46
5766.46
5766.46
5766.46
5766.46
5766.46
5766.46
5766.46
5766.46
5766.46
5766.46
5766.46
5766.46
5766.46
5766.46
5766.46
5766.46
5766.46
5766.46
5766.46
5766.46
5684.64
5684.64
5684.64
5684.64
5684.64
5684.64
5684.64
5684.64
5684.64
5545.57
5545.57
5545.57
5545.57
5545.57
5545.57
5545.57
5545.57
5545.57
5545.57
5545.57
5545.57
5545.57
5545.57
5545.57
5545.57
5545.57
5545.57
5545.57
5545.57
5545.57
5545.57
5545.57
5545.57
5545.57
5545.57
5545.57
5545.57
5545.57
5545.57
5545.57
5545.57
5545.57
5545.57
5545.57
5545.57
5545.57
5545.57
5545.57
5545.57
5545.57
5520.42
5520.42
5520.42
5520.42
5520.42
5520.42
5520.42
5520.42
5520.42
5520.42
5520.42
5520.42
5520.42
5520.42
5520.42
5520.42
5520.42
5520.42
5520.42
5520.42
5520.42
5520.42
5520.42
5520.42
5520.42
5520.42
5520.42
5520.42
5520.42
5520.42
5520.42
5520.42
5520.42
5520.42
5520.42
5520.42
5520.42
5520.42
5520.42
5520.42
5520.42
5520.42
5520.42
5520.42
5520.42
5520.42
5520.42
5520.42
5520.42
5520.42
5520.42
5520.42
5520.42
5520.42
5507.93
5507.93
5507.93
5507.93
5507.93
5507.93
5507.93
5413.83
5413.83
5413.83
5413.83
5413.83
5413.83
5413.83
5413.83
5413.83
5413.83
5413.83
5413.83
5413.83
5413.83
5413.83
5413.83
5413.83
5413.83
5413.83
5413.83
5413.83
5413.83
5413.83
5413.83
5413.83
5413.83
5413.83
5413.83
5413.83
5413.83
5413.83
5413.83
5413.83
5413.83
5413.83
5413.83
5413.83
5413.83
5413.83
5413.83
5413.83
5413.83
5413.83
5413.83
5413.83
5413.83
5413.83
5413.83
5413.83
5413.83
5413.83
5413.83
5413.83
5413.83
5413.83
5413.83
5413.83
5413.83
5413.83
5413.83
5413.83
5413.83
5413.83
5413.83
5413.83
5413.83
5413.83
5413.83
5413.83
5413.83
5413.83
5413.83
5413.83
5413.83
5413.83
5413.83
5413.83
5413.83
5413.83
5413.83
5413.83
5413.83
5413.83
5413.83
5413.83
5413.83
5413.83
5413.83
5413.83
5413.83
5413.83
5413.83
5413.83
5413.83
5413.83
5413.83
5413.83
5413.83
5413.83
5413.83
5413.83
5413.83
5413.83
5413.83
5413.83
5413.83
5413.83
5413.83
5413.83
5413.83
5413.83
5413.83
5413.83
5413.83
5413.83
5413.83
5413.83
5413.83
5413.83
5413.83
5413.83
5413.83
5413.83
5413.83
5413.83
5413.83
5413.83
5413.83
5413.83
5413.83
5413.83
5413.83
5413.83
5413.83
5413.83
5413.83
5413.83
5413.83
5413.83
5413.83
5413.83
5413.83
5388.12
5388.12
5388.12
5388.12
5388.12
5388.12
5388.12
5388.12
5388.12
5388.12
5388.12
5388.12
5388.12
5388.12
5388.12
5388.12
5388.12
5388.12
5388.12
5388.12
5388.12
5388.12
5388.12
5388.12
5388.12
5388.12
5388.12
5388.12
5388.12
5388.12
5388.12
5388.12
5388.12
5388.12
5388.12
5388.12
5388.12
5388.12
5388.12
5388.12
5388.12
5388.12
5388.12
5388.12
5388.12
5388.12
5388.12
5388.12
5388.12
5388.12
5388.12
5388.12
5388.12
5388.12
5388.12
5388.12
5388.12
5388.12
5388.12
5388.12
5388.12
5388.12
5388.12
5388.12
5388.12
5388.12
5388.12
5388.12
5388.12
5388.12
5388.12
5388.12
5388.12
5388.12
5388.12
5388.12
5388.12
5388.12
5388.12
5388.12
5388.12
5388.12
5388.12
5388.12
5388.12
5388.12
5388.12
5388.12
5388.12
5388.12
5388.12
5388.12
5388.12
5388.12
5388.12
5388.12
5388.12
5388.12
5388.12
5388.12
5388.12
5388.12
5388.12
5388.12
5388.12
5388.12
5388.12
5388.12
5388.12
5388.12
5388.12
5388.12
5388.12
5388.12
5388.12
5388.12
5388.12
5388.12
5388.12
5388.12
5388.12
5388.12
5388.12
5388.12
5388.12
5388.12
5388.12
5388.12
5388.12
5388.12
5388.12
5388.12
5388.12
5388.12
5388.12
5388.12
5388.12
5388.12
5388.12
5388.12
5388.12
5388.12
5388.12
5388.12


0.922028
2.67008
2.67008
2.67008
2.67008
2.67008
2.67008
2.67008
2.67008
2.67008
2.67008
2.67008
2.67008
2.67008
2.67008
2.67008
2.67008
2.67008
2.67008
2.67008
2.67008
2.67008
2.67008
2.67008
2.67008
2.67008
5.09416
2.67008
-27.5588
-26.2388

0.05

