-0.072241
-0.072241
-0.102609
-0.102609
-0.102609
-0.102609
-0.165298
-0.165298
-0.174595
-0.174595
-0.174595
-0.182654
-0.182654
-0.182654
-0.337285
-0.337285
-0.337285
-0.337285
-0.337285
-0.337285
-0.337285
-0.337285
-0.337285
-0.337285
-0.337285
-0.337285
-0.409237
-0.409237
-0.409237
-0.409237
-0.409237
-0.409237
-0.409237
-0.409237
-0.409237
-0.409237
-0.409237
-0.409237
-0.427555
-0.427555
-0.445911
-0.445911
-0.445911
-0.445911
-0.445911
-0.445911
-0.445911
-0.445911
-0.445911
-0.445911
-0.481447
-0.481447
-0.481447
-0.481447
-0.481447
-0.481447
-0.481447
-0.481447
-0.481447
-0.481447
-0.481447
-0.481447
-0.481447
-0.481447
-0.481447
-0.481447
-0.481447
-0.481447
-0.481447
-0.481447
-0.481447
-0.481447
-0.481447
-0.481447
-0.481447
-0.481447
-0.481447
-0.481447
-0.481447
-0.481447
-0.481447
-0.481447
-0.481447
-0.481447
-0.481447
-0.486983
-0.486983
-0.486983
-0.486983
-0.490245
-0.490245
-0.504602
-0.504602
-0.504602
-0.504602
-0.519953
-0.519953
-0.519953
-0.519953
-0.519953
-0.519953
-0.519953
-0.519953
-0.519953
-0.547956
-0.547956
-0.547956
-0.547956
-0.547956
-0.547956
-0.547956
-0.547956
-0.547956
-0.547956
-0.547956
-0.547956
-0.547956
-0.547956
-0.547956
-0.547956
-0.547956
-0.547956
-0.557242
-0.557242
-0.557242
-0.557242
-0.557242
-0.557242
-0.557242
-0.557242
-0.557242
-0.557242
-0.557242
-0.557242
-0.557242
-0.557242
-0.557242
-0.557242
-0.557242
-0.557242
-0.557242
-0.59424
-0.59424
-0.59424
-0.59424
-0.59424
-0.59424
-0.59424
-0.59424
-0.59424
-0.59424
-0.59424
-0.59424
-0.596831
-0.596831
-0.596831
-0.596831
-0.596831
-0.596831
-0.596831
-0.596831
-0.596831
-0.596831
-0.596831
-0.596831
-0.596831
-0.596831
-0.62294
-0.625121
-0.625121
-0.625121
-0.625121
-0.625121
-0.625121
-0.625121
-0.625121
-0.625121
-0.625121
-0.625121
-0.625121
-0.633777
-0.633777
-0.633777
-0.633777
-0.633777
-0.633777
-0.633777
-0.633777
-0.633777
-0.633777
-0.633777
-0.633777
-0.633777
-0.633777
-0.633777
-0.633777
-0.633777
-0.633777
-0.633777
-0.633777
-0.633777
-0.633777
-0.634924
-0.634924
-0.634924
-0.634924
-0.634924
-0.637323
-0.637323
-0.637323
-0.648664
-0.648664
-0.648664
-0.648664
-0.648664
-0.648664
-0.648664
-0.648664
-0.648664
-0.655036
-0.655036
-0.655036
-0.655036
-0.655036
-0.655036
-0.655036
-0.655036
-0.655036
-0.655036
-0.655036
-0.655036
-0.692409
-0.692409
-0.692409
-0.692409
-0.692409
-0.692409
-0.692409
-0.692409
-0.692409
-0.692409
-0.692409
-0.692409
-0.692409
-0.692409
-0.700895
-0.700895
-0.700895
-0.700895
-0.700895
-0.700895
-0.700895
-0.700895
-0.700895
-0.700895
-0.700895
-0.700895
-0.701406
-0.701406
-0.701406
-0.707707
-0.707707
-0.707707
-0.707707
-0.707707
-0.707707
-0.707707
-0.707707
-0.707707
-0.709361
-0.709361
-0.709361
-0.709361
-0.709361
-0.709361
-0.712808
-0.712808
-0.729171
-0.729171
-0.729171
-0.729171
-0.729171
-0.729171
-0.729171
-0.729171
-0.736612
-0.736612
-0.736612
-0.758747
-0.758747
-0.758747
-0.758747
-0.758747
-0.758747
-0.758747
-0.76112
-0.76112
-0.761731
-0.776457
-0.776457
-0.776457
-0.776457
-0.776457
-0.776457
-0.776457
-0.776457
-0.776457
-0.776457
-0.776457
-0.776457
-0.776457
-0.776457
-0.777035
-0.777035
-0.777035
-0.777035
-0.777035
-0.777035
-0.784176
-0.784176
-0.784176
-0.793092
-0.793092
-0.793092
-0.793092
-0.793092
-0.793092
-0.796394
-0.796394
-0.796394
-0.805282
-0.805282
-0.805282
-0.805282
-0.805282
-0.805282
-0.805282
-0.805282
-0.805282
-0.805282
-0.805282
-0.805282
-0.805282
-0.805282
-0.805282
-0.805282
-0.805282
-0.805282
-0.805282
-0.805282
-0.805282
-0.805282
-0.805282
-0.805282
-0.805282
-0.805282
-0.805282
-0.805282
-0.805282
-0.805282
-0.805282
-0.805282
-0.805282
-0.805282
-0.805282
-0.805282
-0.805282
-0.805282
-0.805282
-0.805282
-0.805282
-0.805282
-0.805282
-0.805282
-0.805282
-0.805282
-0.805282
-0.808182
-0.808182
-0.808182
-0.808182
-0.83213
-0.83213
-0.83213
-0.83213
-0.83213
-0.83213
-0.83213
-0.83213
-0.83213
-0.83213
-0.83213
-0.83213
-0.83213
-0.83213
-0.83213
-0.83213
-0.83213
-0.83213
-0.83213
-0.83213
-0.83213
-0.838026
-0.838026
-0.838026
-0.838026
-0.838026
-0.838026
-0.838026
-0.838026
-0.838026
-0.838026
-0.838026
-0.838026
-0.838026
-0.838026
-0.838026
-0.838026
-0.838026
-0.838026
-0.838026
-0.838026
-0.838026
-0.838026
-0.838026
-0.838026
-0.838026
-0.838026
-0.838026
-0.838026
-0.838026
-0.838026
-0.838026
-0.838026
-0.838026
-0.838026
-0.838026
-0.844591
-0.844591
-0.844591
-0.844591
-0.844591
-0.844591
-0.844591
-0.844591
-0.844591
-0.844591
-0.844591
-0.844591
-0.844591
-0.844591
-0.845739
-0.845739
-0.849106
-0.849188
-0.849188
-0.849188
-0.849188
-0.849188
-0.849188
-0.849188
-0.849188
-0.849188
-0.849188
-0.849188
-0.849188
-0.849188
-0.849188
-0.849188
-0.849188
-0.849188
-0.849188
-0.849188
-0.849188
-0.849188
-0.849188
-0.849188
-0.849188
-0.849188
-0.849365
-0.849365
-0.850849
-0.850849
-0.850849
-0.850849
-0.850849
-0.850849
-0.850849
-0.850849
-0.850849
-0.850849
-0.850849
-0.850849
-0.850849
-0.850849
-0.850849
-0.850849
-0.850868
-0.850868
-0.850868
-0.850868
-0.850868
-0.850868
-0.850868
-0.850868
-0.850868
-0.850868
-0.850868
-0.851013
-0.851013
-0.851013
-0.851013
-0.851013
-0.851013
-0.851237
-0.851237
-0.851237
-0.851237
-0.851237
-0.851237
-0.851237
-0.851237
-0.851237
-0.851237
-0.851237
-0.851237
-0.851237
-0.851237
-0.851237
-0.851237
-0.851237
-0.851237
-0.851237
-0.855688
-0.855688
-0.855688
-0.855688
-0.855688
-0.855688
-0.855688
-0.855688
-0.855688
-0.855688
-0.855688
-0.855688
-0.855688
-0.855688
-0.855688
-0.855688
-0.855688
-0.855688
-0.855688
-0.855688
-0.855688
-0.855688
-0.855688
-0.855688
-0.855688
-0.855688
-0.855688
-0.855688
-0.855688
-0.856367
-0.856367
-0.856367
-0.856367
-0.859224
-0.859224
-0.859224
-0.86384
-0.86384
-0.86384
-0.86384
-0.86384
-0.86384
-0.86384
-0.86384
-0.86384
-0.86384
-0.865794
-0.865794
-0.865794
-0.865794
-0.865794
-0.865794
-0.865794
-0.865794
-0.866749
-0.866749
-0.866749
-0.866749
-0.866749
-0.868228
-0.868228
-0.868228
-0.868228
-0.868228
-0.868228
-0.868228
-0.868597
-0.868597
-0.868597
-0.868597
-0.868597
-0.868623
-0.868623
-0.868623
-0.868623
-0.868623
-0.868623
-0.868623
-0.868852
-0.868852
-0.868852
-0.868852
-0.868852
-0.868852
-0.868914
-0.868914
-0.868914
-0.880031
-0.880031
-0.880031
-0.880031
-0.880031
-0.880031
-0.880031
-0.880031
-0.880031
-0.880031
-0.880031
-0.880031
-0.880031
-0.880031
-0.880031
-0.880031
-0.880031
-0.880031
-0.880031
-0.880031
-0.880031
-0.880031
-0.880031
-0.880071
-0.880071
-0.880071
-0.880988
-0.880988
-0.880988
-0.880988
-0.880988
-0.880988
-0.880988
-0.880988
-0.880988
-0.880988
-0.880988
-0.881129
-0.882896
-0.882896
-0.882896
-0.882896
-0.882896
-0.882896
-0.882896
-0.882896
-0.882896
-0.883275
-0.883275
-0.883275
-0.883275
-0.883275
-0.883275
-0.883275
-0.883275
-0.883275
-0.883275
-0.883275
-0.883275
-0.883275
-0.883275
-0.885415
-0.885415
-0.885415
-0.890628
-0.890628
-0.890628
-0.890628
-0.890628
-0.890628
-0.890628
-0.890628
-0.890628
-0.890628
-0.890628
-0.890628
-0.890628
-0.890628
-0.890628
-0.890938
-0.890938
-0.890938
-0.890938
-0.890938
-0.890938
-0.890938
-0.890938
-0.890938
-0.890938
-0.890938
-0.890938
-0.890938
-0.890938
-0.890938
-0.890938
-0.890938
-0.890938
-0.890938
-0.890938
-0.890938
-0.890938
-0.890938
-0.890938
-0.890938
-0.890938
-0.890938
-0.891024
-0.891024
-0.891024
-0.891024
-0.891024
-0.891024
-0.891024
-0.891058
-0.891058
-0.891058
-0.891058
-0.891058
-0.891058
-0.891058
-0.891058
-0.891058
-0.891094
-0.891094
-0.891094
-0.891094
-0.891094
-0.891149
-0.891149
-0.891149
-0.891149
-0.891149
-0.891149
-0.891626
-0.891626
-0.891626
-0.891626
-0.891626
-0.891626
-0.891626
-0.891626
-0.891626
-0.891626
-0.891626
-0.891626
-0.891626
-0.891626
-0.902376
-0.902376
-0.902376
-0.902376
-0.902376
-0.902376
-0.902376
-0.902376
-0.902376
-0.902376
-0.902376
-0.902376
-0.902376
-0.905315
-0.905315
-0.907462
-0.907462
-0.907462
-0.907462
-0.907462
-0.907462
-0.907462
-0.907462
-0.907462
-0.907462
-0.907462
-0.907782
-0.907782
-0.907782
-0.907782
-0.907782
-0.907782
-0.907782
-0.908578
-0.908578
-0.908578
-0.908578
-0.908578
-0.908578
-0.908578
-0.908578
-0.908578
-0.908578
-0.908578
-0.908578
-0.910167
-0.922846
-0.922846
-0.922846
-0.922846
-0.922846
-0.922846
-0.922846
-0.922846
-0.922846
-0.922846
-0.922846
-0.922846
-0.922846
-0.922846
-0.922846
-0.922846
-0.922846
-0.922846
-0.922846
-0.923279
-0.923279
-0.923279
-0.923279
-0.923279
-0.923279
-0.923279
-0.923279
-0.924179
-0.924179
-0.924179
-0.924179
-0.924179
-0.924179
-0.924179
-0.924179
-0.924179
-0.924179
-0.924179
-0.924179
-0.924179
-0.924179
-0.924179
-0.924179
-0.924179
-0.924179
-0.924184
-0.924184
-0.924184
-0.924184
-0.924184
-0.924184
-0.924184
-0.924184
-0.924184
-0.924184
-0.924184
-0.924184
-0.924184
-0.924184
-0.924184
-0.924184
-0.924184
-0.924184
-0.924184
-0.924184
-0.924184
-0.924184
-0.924184
-0.924184
-0.924184
-0.924184
-0.924184
-0.924184
-0.924184
-0.924184
-0.924184
-0.924184
-0.924184
-0.924184
-0.924184
-0.924184
-0.924184
-0.924184
-0.924184
-0.924184
-0.924184
-0.924184
-0.924184
-0.924184
-0.924184
-0.924184
-0.924184
-0.924184
-0.924184
-0.924797
-0.924797
-0.924797
-0.924797
-0.924797
-0.924797
-0.924797
-0.924797
-0.924797
-0.924797
-0.924797
-0.924797
-0.924797
-0.924797
-0.924797
-0.924797
-0.924797
-0.924797
-0.924797
-0.924797
-0.924797
-0.924797
-0.924797
-0.924797
-0.924797
-0.924797
-0.924797
-0.924797
-0.924797
-0.924797
-0.924797
-0.924797
-0.924797
-0.924797
-0.924797
-0.924797
-0.924797
-0.924797
-0.924797
-0.924797
-0.924797
-0.924797
-0.924797
-0.924797
-0.924797
-0.92501
-0.92501
-0.92501
-0.92501
-0.925061
-0.925061
-0.925061
-0.925061
-0.925122
-0.925122
-0.925122
-0.925122
-0.925122
-0.925122
-0.925122
-0.925122
-0.925122
-0.925122
-0.925122
-0.925122
-0.925122
-0.925122
-0.925122
-0.925122
-0.925122
-0.925122
-0.925122
-0.925281
-0.925281
-0.925281
-0.926798
-0.926798
-0.926798
-0.926798
-0.927445
-0.927445
-0.930596
-0.930596
-0.930596
-0.931598
-0.931598
-0.931598
-0.931598
-0.931598
-0.931598
-0.931598
-0.931598
-0.931598
-0.931616
-0.931616
-0.931616
-0.931616
-0.931616
-0.931616
-0.931798
-0.932634
-0.932634
-0.932634
-0.932634
-0.932634
-0.932634
-0.932643
-0.932643
-0.932717
-0.932717
-0.932717
-0.932717
-0.932717
-0.932717
-0.932717
-0.932717
-0.932717
-0.932717
-0.932717
-0.932717
-0.932717
-0.932717
-0.932717
-0.932717
-0.932717
-0.932717
-0.932717
-0.932722
-0.932722
-0.932747
-0.932747
-0.932747
-0.932747
-0.932747
-0.932747
-0.932747
-0.932747
-0.932747
-0.932747
-0.932747
-0.932747
-0.932747
-0.932747
-0.932747
-0.932747
-0.932747
-0.932747
-0.932747
-0.932747
-0.932747
-0.932747
-0.932747
-0.932747
-0.932747
-0.932747
-0.932747
-0.932747
-0.932747
-0.932747
-0.932747
-0.932747
-0.932747
-0.932747
-0.932747
-0.932747
-0.932747
-0.932747
-0.932747
-0.932747
-0.932747
-0.932747
-0.932747
-0.932747
-0.932747
-0.932747
-0.932747
-0.932747
-0.940139
-0.940139
-0.940139
-0.940139
-0.940139
-0.940139
-0.940139
-0.940139
-0.940139
-0.940139
-0.940139
-0.940139
-0.940139
-0.940139
-0.940139
-0.940229
-0.940297
-0.940297
-0.940297
-0.940336
-0.940336
-0.940336
-0.940336
-0.940336
-0.940336
-0.940336
-0.940336
-0.940336
-0.940336
-0.940336
-0.940796
-0.940796
-0.940796
-0.940796
-0.940796
-0.940796
-0.941058
-0.941058
-0.941058
-0.941058
-0.941468
-0.941468
-0.941468
-0.941468
-0.941468
-0.941468
-0.941468
-0.941468
-0.941468
-0.941468
-0.941468
-0.941468
-0.941468
-0.941468
-0.941468
-0.941468
-0.941468
-0.941468
-0.941468
-0.941468
-0.941468
-0.941468
-0.941468
-0.941468
-0.941468
-0.94147
-0.94147
-0.94147
-0.94147
-0.94147
-0.94147
-0.941818
-0.941818
-0.941818
-0.941818
-0.941818
-0.941818
-0.941881
-0.941881
-0.941881
-0.941881
-0.941881
-0.941881
-0.941881
-0.941881
-0.941881
-0.941881
-0.941881
-0.941881
-0.941881
-0.941881
-0.941881
-0.941881
-0.941881
-0.941881
-0.941881
-0.941881
-0.941881
-0.941881
-0.941881
-0.941881
-0.942093
-0.942093
-0.942093
-0.942093
-0.942093
-0.942093
-0.942093
-0.942093
-0.942093
-0.942093
-0.942093
-0.942093
-0.942093
-0.942093
-0.942093
-0.942093
-0.942093
-0.942093
-0.942093
-0.942093
-0.942093
-0.942093
-0.942093
-0.942093
-0.942093
-0.942093
-0.942103
-0.942103
-0.942103
-0.942103
-0.942103
-0.942103
-0.942103
-0.942103
-0.942103
-0.942103
-0.942103
-0.942103
-0.942103
-0.942103
-0.942103
-0.942103
-0.942103
-0.942103
-0.942103
-0.942103
-0.942103
-0.942103
-0.942103
-0.942103
-0.942103
-0.942103
-0.942103
-0.942103
-0.942103
-0.942103
-0.942103
-0.942103
-0.942103
-0.942103
-0.942103
-0.942103
-0.942103
-0.942103
-0.942103
-0.942103
-0.942103
-0.942103
-0.942103
-0.942103
-0.942103
-0.942103
-0.942103
-0.942103
-0.942103
-0.942103
-0.942103
-0.942103
-0.942103
-0.942103
-0.942103
-0.942103
-0.942103
-0.942103
-0.942103
-0.942103
-0.942103
-0.942103
-0.942103
-0.942103
-0.942103
-0.942103
-0.942103
-0.942103
-0.942103
-0.942103
-0.942103
-0.942103
-0.942103
-0.942103
-0.942103
-0.942103
-0.942103
-0.942103
-0.942103
-0.942103
-0.942103
-0.942103
-0.942103
-0.942103
-0.942103
-0.942103
-0.942103
-0.942103
-0.942103
-0.942103
-0.942103
-0.942103
-0.942103
-0.942103
-0.942103
-0.942103
-0.942103
-0.942103
-0.942103
-0.942103
-0.942103
-0.942103
-0.942103
-0.942103
-0.942103
-0.942103
-0.942103
-0.942103
-0.942103
-0.942103
-0.942103
-0.942103
-0.942103
-0.942722
-0.942722
-0.942722
-0.942722
-0.942722
-0.942722
-0.942722
-0.942722
-0.942722
-0.942722
-0.942722
-0.942986
-0.942986
-0.942986
-0.942986
-0.942986
-0.942986
-0.942986
-0.942986
-0.942986
-0.942986
-0.942986
-0.942986
-0.942986
-0.942986
-0.942986
-0.942986
-0.942986
-0.942986
-0.942986
-0.942986
-0.942986
-0.942986
-0.942986
-0.942986
-0.942986
-0.942986
-0.942986
-0.942986
-0.942986
-0.942986
-0.942986
-0.942986
-0.942986
-0.942986
-0.942986
-0.942986
-0.942986
-0.943118
-0.943118
-0.943118
-0.943118
-0.943118
-0.943197
-0.943197
-0.943222
-0.943222
-0.943222
-0.943222
-0.943222
-0.943222
-0.943222
-0.943222
-0.943222
-0.943222
-0.943222
-0.943222
-0.943222
-0.943222
-0.943222
-0.943222
-0.943222
-0.943222
-0.943222
-0.943222
-0.943222
-0.943222
-0.943222
-0.943222
-0.943222
-0.943222
-0.943227
-0.943227
-0.943227
-0.943227
-0.943227
-0.943227
-0.943227
-0.943227
-0.943238
-0.943238
-0.943238
-0.943238
-0.943238
-0.943238
-0.943238
-0.943238
-0.943238
-0.943238
-0.943238
-0.943238
-0.943238
-0.943238
-0.943238
-0.943238
-0.943238
-0.943238
-0.943238
-0.943238
-0.943238
-0.943238
-0.943238
-0.943238
-0.943238
-0.943238
-0.943238
-0.943238
-0.943238
-0.943238
-0.943238
-0.943238
-0.943238
-0.943238
-0.943238
-0.943238
-0.943238
-0.943238
-0.943238
-0.943238
-0.943238
-0.943238
-0.943238
-0.943238
-0.943238
-0.943238
-0.943238
-0.943238
-0.943238
-0.943238
-0.943238
-0.943238
-0.943238
-0.943238
-0.943238
-0.943238
-0.943238
-0.943238
-0.943238
-0.943238
-0.943238
-0.943238
-0.943238
-0.943238
-0.943238
-0.943238
-0.943238
-0.943238
-0.943238
-0.943238
-0.943238
-0.943238
-0.943238
-0.943238
-0.943238
-0.943238
-0.943238
-0.943238
-0.943238
-0.943238
-0.943238
-0.943238
-0.943238
-0.943238
-0.943238
-0.943238
-0.943238
-0.943238
-0.943238
-0.943238
-0.943238
-0.943238
-0.943238
-0.943238
-0.943238
-0.943238
-0.943238
-0.943238
-0.943238
-0.943238
-0.943238
-0.943238
-0.943238
-0.943238
-0.943238
-0.943238
-0.943238
-0.943238
-0.943238
-0.943238
-0.943238
-0.943238
-0.943238
-0.943238
-0.943238
-0.943238
-0.943238
-0.943238
-0.943238
-0.943238
-0.943238
-0.943238
-0.943238
-0.943238
-0.943238
-0.943238
-0.943238
-0.943238
-0.943238
-0.943238
-0.943238
-0.943238
-0.943238
-0.943238
-0.943238
-0.943238
-0.943238
-0.943238
-0.943238
-0.943238
-0.943238
-0.943238
-0.943238
-0.943238
-0.943238
-0.943238
-0.943238
-0.943238
-0.943238
-0.943238
-0.943238
-0.943238
-0.943238
-0.943238
-0.943238
-0.943238
-0.943238
-0.943238
-0.943238
-0.943238
-0.943238
-0.943238
-0.943238
-0.943238
-0.943238
-0.943238
-0.943238
-0.943238
-0.943238
-0.94595
-0.94595
-0.94595
-0.94595
-0.94595
-0.94595
-0.94595
-0.94595
-0.94595
-0.94595
-0.94595
-0.94595
-0.946159
-0.946159
-0.946159
-0.946159
-0.946159
-0.946159
-0.946159
-0.946159
-0.9462
-0.9462
-0.9462
-0.9462
-0.9462
-0.9462
-0.9462
-0.9462
-0.9462
-0.9462
-0.9462
-0.9462
-0.946225
-0.946225
-0.946225
-0.946225
-0.946225
-0.946225
-0.946225
-0.946225
-0.946225
-0.946225
-0.946225
-0.946225
-0.946225
-0.946225
-0.946225
-0.946225
-0.946225
-0.946225
-0.946225
-0.946225
-0.946225
-0.946225
-0.950074
-0.950074
-0.950074
-0.950074
-0.950074
-0.950074
-0.950074
-0.950074
-0.950074
-0.950074
-0.950074
-0.950074
-0.950074
-0.950227
-0.950227
-0.950227
-0.950227
-0.95026
-0.950272
-0.950272
-0.950272
-0.950272
-0.950275
-0.950275
-0.950275
-0.950275
-0.950275
-0.950275
-0.950275
-0.950275
-0.950275
-0.950275
-0.950275
-0.950275
-0.950275
-0.952524
-0.952524
-0.952524
-0.952524
-0.952524
-0.952524
-0.954179
-0.954179
-0.954179
-0.954179
-0.954179
-0.954179
-0.954179
-0.954179
-0.954179
-0.954179
-0.954179
-0.954179
-0.954179
-0.954179
-0.954179
-0.954179
-0.954179
-0.954187
-0.954202
-0.954202
-0.954202
-0.954202
-0.954202
-0.954202
-0.954202
-0.954202
-0.954202
-0.954202
-0.954202
-0.954202
-0.954202
-0.954202
-0.954202
-0.954202
-0.954202
-0.954202
-0.954202
-0.954202
-0.954202
-0.954202
-0.954202
-0.954202
-0.954202
-0.954202
-0.954202
-0.954202
-0.954202
-0.954202
-0.954202
-0.954202
-0.954202
-0.954202
-0.954202
-0.954202
-0.954202
-0.954202
-0.954202
-0.954202
-0.954202
-0.954202
-0.954202
-0.954202
-0.954202
-0.954202
-0.954202
-0.954202
-0.954202
-0.954202
-0.954202
-0.954202
-0.954202
-0.954202
-0.954202
-0.954202
-0.954202
-0.954202
-0.954202
-0.954202
-0.954236
-0.954236
-0.954236
-0.954236
-0.954236
-0.954236
-0.954236
-0.954236
-0.954236
-0.954236
-0.954236
-0.954236
-0.954236
-0.954236
-0.954236
-0.954236
-0.954236
-0.954236
-0.954236
-0.954236
-0.954236
-0.954236
-0.954236
-0.954236
-0.954236
-0.954236
-0.954236
-0.954236
-0.954236
-0.954236
-0.954236
-0.954236
-0.954236
-0.954236
-0.954236
-0.954236
-0.954236
-0.954236
-0.954236
-0.954236
-0.954236
-0.954236
-0.954236
-0.954236
-0.954236
-0.954236
-0.954236
-0.954236
-0.954236
-0.954236
-0.954236
-0.954236
-0.954236
-0.954236
-0.954236
-0.954236
-0.954236
-0.954236
-0.954236
-0.954236
-0.954236
-0.954236
-0.954236
-0.954236
-0.954236
-0.954236
-0.954236
-0.954236
-0.954236
-0.954236
-0.954236
-0.954236
-0.954236
-0.954236
-0.954236
-0.954236
-0.954236
-0.954236
-0.954236
-0.954236
-0.954236
-0.954236
-0.954236
-0.954236
-0.954236
-0.954236
-0.954236
-0.954236
-0.954236
-0.954236
-0.954236
-0.954236
-0.954236
-0.954236
-0.954236
-0.954236
-0.954236
-0.954236
-0.954236
-0.954236
-0.954236
-0.954236
-0.954236
-0.954236
-0.954236
-0.954236
-0.954236
-0.954236
-0.954236
-0.954236
-0.954236
-0.954236
-0.954236
-0.954236
-0.954236
-0.954236
-0.954236
-0.954236
-0.954236
-0.954236
-0.954236
-0.954236
-0.954236
-0.954236
-0.954236
-0.954236
-0.954236
-0.954236
-0.954236
-0.954236
-0.954236
-0.954236
-0.954236
-0.954236
-0.954236
-0.954236
-0.954236
-0.954236
-0.954236
-0.954236
-0.954236
-0.954236
-0.954236
-0.954236
-0.954236
-0.954236
-0.954236
-0.954236
-0.954236
-0.954236
-0.954236
-0.954236
-0.954236
-0.954236
-0.954236
-0.954236
-0.954236
-0.954236
-0.954236
-0.954236
-0.954236
-0.954236
-0.954236
-0.954236
-0.954236
-0.954236
-0.954236
-0.954236
-0.954236
-0.954236
-0.954236
-0.954236
-0.954236
-0.954236
-0.954236
-0.954236
-0.954236
-0.954236
-0.954236
-0.954236
-0.954236
-0.954236
-0.954236
-0.954236
-0.954236
-0.954236
-0.954236
-0.954236
-0.954236
-0.954236
-0.954236
-0.954236
-0.954236
-0.954236
-0.954236
-0.954236
-0.954236
-0.954236
-0.954236
-0.954236
-0.954236
-0.954236
-0.954236
-0.954236
-0.954236
-0.954236
-0.954236
-0.954236
-0.954236
-0.954236
-0.954236
-0.954236
-0.954236
-0.954236
-0.954236
-0.954236
-0.954236
-0.954236
-0.954236
-0.954236
-0.954236
-0.954236
-0.954236
-0.954236
-0.954236
-0.954236
-0.954236
-0.955303
-0.955303
-0.955303
-0.955303
-0.955303
-0.955303
-0.955303
-0.955303
-0.955303
-0.955303
-0.955321
-0.955321
-0.955321
-0.955321
-0.955321
-0.955321
-0.955321
-0.955321


0.0179603
0.000468357
-0.0584227
-0.0134598
-0.0137692
-0.0432855
0.00994523
0.00952977
-0.00429666
-0.0163582
0.000206844
-0.00201613
-0.000151478
0.0237057
0.0221533
0.0137466
-0.0275948
-1.66804e-05
-0.0236514
0.00570696
-9.73646e-05
0.0115065
-0.0231497
0.00347232
0.0126904
0.0146504
0.0163385
0.0222594
-0.0030766
-0.283783

0.024

