644.004
628.686
527.439
527.439
527.439
447.801
447.801
447.801
432.236
432.236
432.236
432.236
432.236
432.236
432.236
432.236
415.9
415.9
415.9
415.9
415.9
415.9
415.9
415.9
415.9
415.9
415.9
311.091
265.056
265.056
265.056
265.056
248.892
248.892
248.892
248.892
248.892
248.892
248.892
248.892
248.892
248.892
232.333
232.333
232.333
222.786
222.786
222.786
222.786
222.786
222.786
222.786
222.786
222.786
222.786
218.408
218.408
218.408
218.408
218.408
218.408
218.408
218.408
218.408
218.408
215.532
211.412
211.412
211.412
211.412
211.412
211.412
211.412
211.412
188.138
188.138
188.138
188.138
188.138
188.138
188.138
187.112
187.112
170.377
170.377
170.377
170.377
170.377
170.377
170.377
162.04
158.628
158.628
158.628
158.628
158.628
158.628
158.628
158.628
157.685
157.685
157.685
157.685
157.685
144.744
144.744
144.744
144.744
144.744
144.744
144.744
144.744
144.744
144.744
144.744
144.744
144.744
141.113
141.113
141.113
141.113
141.113
141.113
140.454
140.454
140.454
140.454
140.454
130.01
130.01
130.01
129.71
129.71
129.71
129.71
129.71
129.71
129.71
129.71
129.71
129.71
129.71
129.71
129.71
129.71
129.71
129.71
129.71
129.71
129.71
129.71
129.395
129.395
129.395
129.395
129.395
129.395
129.395
129.395
129.395
129.395
126.848
126.848
126.848
124.524
119.711
119.711
119.711
119.711
114.224
114.224
114.224
114.224
114.224
114.224
114.224
114.224
114.224
114.224
114.224
114.224
114.224
114.224
114.224
114.224
114.224
114.224
114.224
114.224
114.224
114.224
114.224
113.481
113.481
113.481
113.481
113.481
113.481
113.481
113.481
113.167
113.167
113.167
113.167
113.167
113.167
113.167
113.167
113.167
113.167
108.715
108.715
108.715
108.715
108.715
108.715
108.013
108.013
108.013
108.013
108.013
108.013
102.132
102.132
102.132
102.132
102.132
102.132
102.132
102.132
102.132
102.132
102.132
102.132
102.132
102.132
97.6799
97.6799
91.5226
91.5226
91.5226
91.5226
91.5226
91.5226
91.5226
91.5226
91.5226
91.5226
91.5226
91.5226
91.5226
91.5226
91.5226
91.5226
91.5226
91.5226
91.5226
91.5226
91.5226
90.3955
90.3955
90.3955
90.3955
90.3955
90.3955
86.7559
86.7559
86.7559
86.7559
86.7559
86.7559
86.7559
86.7559
86.7559
86.7559
86.7559
86.7559
85.9431
85.9431
85.9431
85.9431
85.9431
85.9431
85.9431
85.9431
85.9431
85.9431
85.9431
85.9431
85.9431
85.9431
82.6445
82.6445
82.6445
82.6445
82.6445
82.6445
82.6445
82.6445
82.6445
82.6445
82.6445
82.6445
82.6445
82.6445
82.6445
82.6445
82.6445
82.6445
82.6445
82.6445
82.6445
82.6445
82.6445
82.6445
82.6445
82.6445
82.487
81.0493
81.0493
81.0493
81.0493
81.0493
81.0493
81.0493
81.0493
81.0493
81.0493
81.0493
81.0493
81.0493
81.0493
81.0493
78.5183
78.5183
78.5183
78.5183
78.5183
78.5183
78.5183
78.5183
78.5183
78.5183
78.5183
78.5183
78.5183
78.5183
78.5183
78.5183
71.2833
71.2833
71.2833
71.2833
71.2833
69.1119
69.1119
69.1119
69.1119
69.1119
69.1119
66.5809
66.5809
66.5809
66.5809
66.5809
66.5809
66.5809
66.5809
66.5809
66.5809
66.5809
66.5809
66.5809
66.5809
66.5809
66.5809
66.5809
66.5809
66.5809
66.5809
66.5809
66.5809
66.5809
66.5809
66.5809
66.5809
66.5809
66.5809
66.5809
66.5809
66.5809
66.5809
66.5809
66.5809
66.5809
66.5809
64.134
63.8321
63.8321
63.8321
63.8321
63.8321
63.8321
63.8321
63.8321
63.8321
63.8321
63.8321
63.8321
63.8321
63.8321
63.8321
63.8321
63.8321
57.2864
57.2864
57.2864
57.2864
57.2864
57.2864
57.2864
57.2864
55.347
55.347
55.347
55.347
55.347
55.347
55.347
55.347
55.347
55.347
55.347
55.347
55.347
55.347
55.347
55.347
55.347
55.347
55.347
55.347
53.2171
53.2171
53.2171
53.2171
53.2171
53.2171
53.2171
53.2171
53.2171
53.2171
53.2171
53.2171
53.2171
53.2171
53.2171
53.2171
53.2171
53.2171
53.2171
53.2171
53.2171
53.2171
53.2171
53.2171
53.2171
53.2171
53.2171
53.2171
53.2171
50.6954
50.6954
50.6954
50.6954
50.6954
50.6954
50.6954
50.1869
50.1869
50.1869
50.1869
50.1869
50.1869
50.1869
50.1869
50.1869
50.1869
50.1869
50.1869
50.1869
50.1869
50.1869
50.1869
50.1869
50.1869
50.1869
50.1869
50.1869
50.1869
49.773
49.773
49.773
49.773
49.773
49.773
49.773
49.773
49.4105
49.4105
49.4105
49.4105
49.4105
49.4105
49.4105
49.4105
49.4105
49.4105
49.4105
49.4105
49.4105
49.4105
49.4105
47.7348
47.7348
47.7348
47.7348
47.7348
47.7348
47.7348
47.7348
47.7348
47.7348
47.7348
47.7348
47.7348
47.7348
47.2775
47.2775
47.2775
47.2775
47.2775
47.2775
47.2775
47.2775
47.2775
47.2775
47.2775
43.2643
43.2643
43.2643
43.2643
43.2643
43.2643
43.2643
42.9823
42.9823
42.9823
42.9823
42.9823
42.9823
42.9823
42.9823
42.8469
42.8469
42.8469
42.8469
42.8469
42.8469
42.8469
42.8469
42.8469
42.8469
42.8469
42.8469
42.8469
42.8469
42.8469
41.1712
41.1712
41.1712
41.1712
41.1712
41.1712
41.1712
40.5401
40.5401
40.5401
39.6707
39.6707
39.6707
39.6707
39.6707
39.6707
39.6707
38.9043
38.9043
37.587
37.587
37.587
37.587
37.587
36.4223
36.4223
36.4223
36.4223
36.4223
36.4223
36.4223
36.4223
36.4223
36.4223
36.4223
36.4223
36.4223
36.4223
36.4223
36.4223
36.4223
36.4223
36.4223
36.4223
36.4223
36.4223
36.4223
36.4223
36.4223
36.4223
36.4223
36.4223
36.4223
36.4223
36.4223
36.4223
36.4223
36.4223
36.4223
36.4223
36.4223
36.4223
36.4223
34.7672
34.7672
34.7672
34.7672
34.7672
34.7672
34.7672
34.7672
34.7672
34.7672
34.7672
34.7672
34.7672
34.7672
34.7672
34.7672
34.7672
34.7672
34.7672
34.7672
34.7672
34.7672
34.7672
34.7672
34.7672
34.7672
34.7672
34.7672
34.7672
34.7672
34.7672
34.7672
34.7672
34.7672
34.7672
34.6361
34.6361
34.6361
34.6361
34.6361
34.6361
34.6361
34.6361
34.6361
34.6361
34.6361
34.6361
34.6361
34.6361
34.6361
34.6361
34.6361
34.6361
34.6361
34.6361
34.6361
34.6361
34.6361
34.6361
34.6361
34.6361
34.6361
34.6361
34.6361
34.6361
34.6361
34.6361
34.6361
34.6361
34.6361
34.6361
34.6361
34.6361
34.6361
27.2484
27.2484
27.2484
27.2484
27.2484
27.2484
27.2484
27.2484
27.2484
27.2484
27.2484
27.2484
27.2484
27.2484
27.2484
27.2484
27.2484
27.2484
27.2484
27.2484
27.2484
27.2484
27.2123
27.2123
27.2123
27.2123
27.2123
27.2123
27.2123
27.2123
27.2123
27.2123
27.2123
27.2123
27.2123
27.2123
27.2123
27.2123
27.2123
27.2123
27.2123
27.2123
27.2123
27.2123
27.2123
27.2123
27.2123
27.2123
27.2123
27.2123
27.2123
27.2123
27.2123
27.2123
27.2123
26.7554
26.7554
26.7554
26.7554
26.7554
26.7554
26.7554
26.7194
26.7194
26.7194
26.7194
26.7194
26.7194
26.7194
26.7194
26.7194
26.7194
26.7194
26.7194
26.7194
26.7194
26.7194
26.7194
26.7194
26.7194
26.7194
26.7194
26.7194
26.7194
26.7194
26.7194
26.7194
26.7194
26.7194
26.7194
25.9138
25.9138
25.9138
25.5738
25.5738
25.5738
25.5738
25.5738
25.5738
25.5738
24.6816
24.6816
24.6816
24.6816
24.6816
24.6816
24.6816
24.6816
24.6816
24.6816
24.6816
24.6816
24.6816
24.6816
24.6816
24.6816
24.6816
24.6816
24.6816
24.6816
24.6816
24.6816
24.6816
24.6816
24.6816
24.6816
24.6816
24.6816
24.6816
24.6816
24.6816
23.8457
23.8457
23.8457
23.8457
23.8457
23.8457
23.8457
23.8457
23.8457
23.3527
23.3527
23.3527
23.3527
23.3527
23.3527
23.3527
23.3527
23.3527
23.3527
23.3527
23.3527
23.3527
23.3527
23.3527
23.3527
23.3527
23.3527
23.3527
23.3527
22.3654
22.3654
22.3654
22.3654
22.3654
22.3654
22.3654
22.3654
22.3654
22.3654
22.3654
22.3654
22.3654
22.3654
22.3654
22.3654
22.3654
22.3654
22.3654
22.3654
22.3654
22.3654
22.3654
22.3654
22.3654
22.3654
22.3654
22.3654
22.3654
22.3654
22.3654
22.3654
22.3654
22.3654
22.3654
22.3654
22.3654
22.3654
22.3654
22.3654
22.3654
22.3654
22.3654
22.1013
22.1013
22.1013
22.1013
22.1013
22.1013
21.6251
21.6251
21.6251
21.6251
21.6251
21.6251
21.6251
21.6251
21.6251
21.6251
21.6251
21.6251
21.361
21.361
21.361
21.361
21.361
21.361
21.361
21.361
21.361
21.361
21.361
21.361
21.361
21.361
21.361
21.361
21.361
21.361
21.361
21.361
21.361
21.361
21.361
21.361
21.361
21.361
21.361
21.361
21.361
21.361
21.361
21.361
21.361
21.361
21.361
21.361
21.361
21.361
21.361
21.361
21.361
21.361
21.3255
21.3255
21.0527
21.0527
20.3745
20.3745
20.3745
20.3745
20.3745
20.3745
20.3745
20.1104
20.1104
20.1104
20.1104
20.1104
20.1104
20.1104
20.1104
20.1104
20.1104
20.1104
20.1104
20.1104
20.1104
20.1104
20.1104
20.1104
20.1104
20.1104
20.1104
20.1104
20.1104
20.1104
20.1104
20.1104
20.1104
20.1104
20.1104
20.1104
20.1104
20.1104
20.1104
20.1104
20.1104
20.1104
20.1104
20.1104
20.1104
20.1104
20.1104
20.1104
20.1104
20.1104
20.0597
20.0597
20.0597
20.0597
20.0597
20.0597
20.0597
20.0597
20.0597
20.0597
20.0597
20.0597
20.0597
20.0597
20.0597
20.0597
20.0597
20.0597
20.0597
20.0597
20.0597
20.0597
20.0597
20.0597
20.0597
20.0597
20.0597
20.0597
20.0597
20.0597
20.0597
20.0597
20.0597
20.0597
20.0597
20.0597
20.0597
20.0597
20.0597
20.0597
20.0597
20.0597
20.0597
20.0597
20.0242
20.0242
20.0242
20.0242
20.0242
20.0242
20.0242
20.0242
20.0242
19.9729
19.9729
19.9729
19.9729
19.9729
19.9729
19.9729
19.9729
19.9729
19.9729
19.9729
19.9729
19.9729
19.9729
19.9729
19.9729
19.9222
19.9222
19.9222
19.9222
19.8867
19.8867
19.8867
19.8867
19.8867
19.8867
19.8867
19.8867
19.8867
19.8867
19.8867
19.8867
19.8867
19.8867
19.8867
19.8867
19.8867
19.8867
19.8867
19.8867
19.8867
19.8867
19.8867
19.8867
19.8867
19.8867
19.8867
19.8867
19.8867
19.8867
19.8867
19.8867
19.8867
19.8867
19.8867
19.8867
19.8867
19.8867
19.8867
19.8867
19.8867
19.8867
19.8867
19.8867
19.8867
19.8867
19.8867
19.8867
19.8867
19.8867
19.8867
19.8867
19.8867
19.8867
19.8867
19.8867
19.8867
19.8867
19.8867
19.8867
19.8867
19.8867
19.6
19.6
19.6
19.6
19.6
19.6
19.6
19.6
19.6
19.6
19.6
19.6
19.6
19.6
19.6
19.6
19.6
19.6
19.6
19.6
19.6
19.6
19.6
19.6
19.6
19.6
19.6
19.6
19.6
19.6
19.6
19.6
19.6
19.6
19.6
19.6
19.6
19.4974
19.4974
19.4974
19.4974
19.4974
19.4974
19.4974
19.4974
19.4974
19.4974
19.4974
19.4974
19.4974
19.4974
19.4974
19.4974
19.4974
19.4974
19.4974
19.4974
19.4974
19.4974
19.4974
19.4974
19.4974
19.4974
19.4974
19.4974
19.4974
19.4009
19.4009
19.4009
19.4009
19.4009
19.4009
19.4009
19.4009
19.4009
19.4009
19.4009
19.4009
19.4009
19.4009
19.4009
19.4009
19.4009
19.4009
19.4009
19.4009
19.4009
19.4009
19.4009
19.4009
19.4009
19.4009
19.4009
19.4009
19.2984
19.2984
19.2984
19.2984
19.2984
19.2984
19.2984
19.2984
19.2984
19.2984
19.2984
19.2984
19.2984
19.2984
19.2984
19.2984
19.2984
19.2984
19.2984
19.2984
19.2984
19.2984
19.2984
19.2984
19.2984
19.2984
19.2984
19.2984
19.2984
19.2984
19.2984
19.2984
19.2984
19.2984
19.2984
19.2984
18.0298
18.0298
18.0298
18.0298
18.0298
18.0298
18.0298
18.0298
18.0298
18.0298
18.0298
18.0298
18.0298
18.0298
18.0298
18.0298
18.0298
18.0298
18.0298
18.0298
18.0298
18.0298
18.0298
18.0298
18.0298
18.0298
18.0298
18.0298
18.0298
18.0298
18.0298
18.0298
18.0298
18.0298
18.0298
18.0298
18.0298
18.0298
18.0298
18.0298
18.0298
18.0298
18.0298
18.0298
18.0298
18.0298
18.0298
18.0298
18.0298
18.0298
18.0298
18.0298
18.0298
18.0298
18.0298
18.0298
18.0298
18.0298
18.0298
18.0298
18.0298
18.0298
18.0298
18.0298
18.0298
18.0298
18.0298
18.0298
18.0298
18.0298
18.0298
18.0298
18.0298
18.0298
18.0298
18.0298
18.0298
18.0298
18.0298
18.0298
18.0298
18.0298
18.0298
18.0298
18.0298
18.0298
18.0298
18.0298
18.0298
18.0298
18.0298
18.0298
18.0298
18.0298
18.0298
18.0298
18.0298
18.0298
18.0298
18.0298
18.0298
18.0298
18.0298
18.0298
18.0298
18.0298
18.0298
18.0298
18.0298
18.0298
18.0298
18.0298
18.0298
18.0298
18.0298
18.0298
18.0298
18.0298
18.0298
18.0298
18.0298
18.0298
18.0298
18.0298
18.0298
18.0298
18.0298
18.0298
18.0298
18.0298
18.0298
18.0298
18.0298
18.0298
18.0298
18.0298
18.0298
18.0298
18.0298
18.0298
18.0298
18.0298
18.0298
18.0298
18.0298
18.0298
18.0298
18.0298
18.0298
18.0298
18.0298
18.0298
18.0298
18.0298
18.0298
18.0298
18.0298
18.0298
18.0298
18.0298
18.0298
18.0298
18.0298
18.0298
18.0298
18.0298
18.0298
18.0298
18.0298
18.0298
18.0298
18.0298
18.0298
18.0298
18.0298
18.0298
18.0298
18.0298
18.0298
18.0298
18.0298
18.0298
18.0298
18.0298
18.0298
18.0298
18.0298
18.0298
18.0298
18.0298
18.0298
18.0298
18.0298
18.0298
18.0298
18.0298
18.0298
18.0298
18.0298
18.0298
18.0298
18.0298
18.0298
18.0298
18.0298
18.0298
18.0298
18.0298
18.0298
18.0298
18.0298
18.0298
18.0298
18.0298
18.0298
18.0298
18.0298
18.0298
18.0298
18.0298
18.0298
18.0298
18.0298
18.0298
18.0298
18.0298
18.0298
18.0298
18.0298
18.0298
18.0298
18.0298
17.8948
17.8948
17.8948
17.8948
17.8948
17.8948
17.8948
17.8948
17.8948
17.8948
17.8948
17.8948
17.8948
17.8948
17.8948
17.8948
17.8948
17.8948
17.8948
17.8948
17.8948
17.8948
17.8948
17.8948
17.8948
17.8948
17.8948
17.8948
17.8948
17.8948
17.8948
17.8948
17.8948
17.8948
17.8948
17.8948
17.8948
17.8948
17.8948
17.8948
17.8948
17.8948
17.8948
17.8948
17.8948
17.8527
17.8527
17.8527
17.8527
17.8527
17.8527
17.8527
17.8527
17.8527
17.8527
17.8527
17.8527
17.8527
17.8527
17.8527
17.8527
17.8527
17.8527
17.8527
17.8527
17.8527
17.8527
17.8527
17.8527
17.8527
17.8527
17.8527
17.8527
17.8527
17.8527
17.8527
17.8527
17.8527
17.8527
17.8527
17.8527
17.8527
17.8527
17.8527
17.8527
17.8527
17.8527
17.8527
17.8527
17.8527
17.8527
17.8527
17.8527
17.8527
17.8527
17.8527
17.8527
17.8527
17.8527
17.8527
17.8527
17.8527
17.8527
17.8527
17.8527
17.8527
17.8527
17.8527
17.8527
17.8527
17.8527
17.8527
17.8527
17.8527
17.8527
17.8527
17.8527
17.8527
17.8527
17.8527
17.8527
17.8527
17.8527
17.8527
17.8527
17.8527
17.8527
17.8527
17.8527
17.8527
17.8527
17.8527
17.8527
17.8527
17.8527
17.8527
17.8527
17.8527
17.8527
17.8527
17.8527
17.8527
17.8527
17.8527
17.8527
17.8527
17.8527
17.8527
17.8527
17.8527
17.8527
17.8527
17.8527
17.8527
17.8527
17.8527
17.8527
17.8527
17.8527
17.8527
17.8527
17.8527
17.8527
17.8527
17.8527
17.8527
17.8527
17.8527
17.8527
17.8527
17.8527
17.8527
17.8527
17.8527
17.8527
17.8527
17.8527
17.8527
17.8527
17.8527
17.8527
17.8527
17.8527
17.8527
17.8527
17.8527
17.8527
17.8527
17.8527
17.8527
17.8527
17.8527
17.8527
17.8527
17.8527
17.8527
17.8527
17.8527
15.9886
15.9886
15.9886
15.9886
15.9886
15.9886
15.9886
15.9886
15.9886
15.9886
15.9886
15.9886
15.9886
15.9886
15.9886
15.9886
15.9886
15.9886
15.9886
15.9886
15.9886
15.9886
15.9886
15.9886
15.9886
15.9886
15.9886
15.9886
15.9886
15.9886
15.9886
15.9886
15.9773
15.9773
15.9773
15.9773
15.9773
15.9773
15.9773
15.9773
15.9773
15.9773
15.9773
15.9773
15.9773
15.9773
15.9773
15.9773
15.9773
15.9773
15.9773
15.9773
15.9773
15.9773
15.9773
15.9773
15.9773
15.9773
15.9773
15.9773
15.9773
15.9773
15.9773
15.9773
15.9773
15.9773
15.9773
15.9773
15.9773
15.9773
15.9773
15.9773
15.9773
15.9773
15.9773
15.9773
15.9773
15.9773
15.9773
15.9773
15.9773
15.9773
15.9773
15.9773
15.9773
15.9773
15.9773
15.9773
15.9773
15.9773
15.9773
15.9773
15.9773
15.9773
15.9773
15.9773
15.9773
15.9773
15.9773
15.9773
15.9773
15.9773
15.9773
15.9773
15.9773
15.9773
15.9773
15.9773
15.9773
15.9773
15.9773
15.9773
15.9773
15.9773
15.9773
15.9773
15.9773
15.9773
15.9773
15.9773
15.9773
15.9773
15.9773
15.9773
15.9773
15.9773
15.9773
15.9773
15.9773
15.9773
15.9773
15.9773
15.9773
15.9773
15.9773
15.9773
15.9773
15.9773
15.9773
15.9773
15.9773
15.9773
15.9773
15.9773
15.9773
15.9773
15.9773
15.9773
15.9773
15.9773
15.9773
15.9773
15.9773
15.9773
15.9773
15.9773
15.9773
15.9773
15.9773
15.9773
15.9773
15.9773
15.9773
15.9773
15.9773
15.8953
15.8953
15.8632
15.8632
15.8632
15.8632
15.8632
15.8632
15.8632
15.8632
15.8632
15.8632
15.8632
15.8632
15.8632
15.8632
15.8632
15.8632
15.8632
15.8415
15.8415
15.8415
15.8415
15.8415
15.8415
15.8415
15.8415
15.8415
15.8415
15.8415
15.8415
15.8415
15.8415
15.8415
15.8415
15.8415
15.7812
15.7812
15.7812
15.7812
15.7812
15.7812
15.7812
15.7812
15.7812
15.7812
15.7812
15.7812
15.7812
15.7812
15.7812
15.7812
15.7812
15.7812
15.7812
15.7812
15.7812
15.7812
15.7812
15.7812
15.7812
15.7812
15.7812
15.7812
15.7812
15.7812
15.7812
15.7812
15.7812
15.7812
15.7812
15.7812
15.7812
15.7812
15.7812
15.7812
15.7812
15.7812
15.7812
15.7812
15.7812
15.3703
15.3703
15.3703
15.3703
15.3703
15.3703
15.3703
15.3703
15.3703
15.3703
15.3703
15.3703
15.3703
15.3703
15.3703
15.3703
15.3703
15.3703
15.3703
15.3703
15.3703
15.3703
15.3703
15.3703
15.3703
15.3703
15.3703


-10.3824
18.7689
12.9826
8.95413
-20.3803
28.6935
9.68657
-17.011
14.2644
17.1941
-42.4635
5.25529
6.31733
-1.1536
-3.42418
-6.24409
35.2855
1.44658
-27.9244
24.3355
-40.8521
21.2226
1.95929
11.3346
57.918
-5.21867
-13.9714
-26.8258
7.416
208.582

0.027

