20.7478
20.7478
20.1751
20.1751
20.1751
20.1751
20.1751
20.1751
19.8556
19.8556
19.8556
19.8556
19.8556
19.8556
19.8556
19.8556
19.6594
19.6594
19.2725
18.7397
18.7397
18.7397
18.7397
18.7397
18.7397
18.5933
18.5933
18.5933
18.5933
18.5933
18.5933
18.5933
17.8735
17.8735
17.8735
17.8735
17.8735
17.8735
17.8735
17.8735
17.8498
17.8498
17.8498
17.8498
17.8498
17.8498
17.8498
17.5982
17.5982
17.5982
17.5982
17.5982
17.5982
17.5982
17.5982
17.5982
17.5982
17.5982
16.2297
14.4917
14.4917
14.4917
14.4917
14.4917
14.4917
14.4917
14.4917
14.4917
14.4917
14.4917
14.4917
14.4917
14.4917
14.4917
14.4917
14.4917
14.4917
13.5585
13.5585
13.5585
13.5585
13.5585
13.5585
13.5585
13.5585
13.5585
13.5585
13.5585
13.5585
14.4917
14.1007
12.3887
12.3887
12.3887
12.3887
12.3887
12.3887
12.3887
12.3887
12.3887
12.3887
12.3887
12.3887
12.3887
12.3887
12.3887
12.3887
12.6847
12.6847
12.6847
12.6847
12.6847
12.6847
12.4841
12.4841
12.4841
12.4841
12.4841
12.4841
12.4841
12.4841
12.4841
12.4841
12.4841
12.4841
12.1151
12.1151
11.5024
11.5024
11.5024
11.5024
11.5024
11.5024
11.5024
11.5024
11.5024
11.5024
11.5024
10.6742
10.6742
10.6742
10.6742
10.6742
10.6742
10.6742
10.6742
10.6742
10.6742
10.2103
10.2103
10.2103
10.2103
10.2103
10.2103
10.2103
10.2103
10.2103
10.2103
10.2103
10.2103
10.2103
10.2103
10.2103
10.2103
10.2103
10.2103
10.2103
10.2103
10.2103
10.2103
10.2103
10.2103
10.2103
10.2103
10.2103
10.2103
10.2103
10.2103
10.2103
10.2103
10.2103
10.2103
10.2103
10.2103
10.2103
10.2103
10.2103
10.2103
10.2103
10.2103
10.2103
10.2103
10.2103
10.2103
10.2103
10.2103
9.79898
9.79898
9.79898
9.79898
9.79898
9.79898
9.79898
9.79898
9.79898
9.79898
9.79898
9.79898
9.79898
9.79898
9.79898
10.3833
10.3833
10.2379
10.2379
10.2379
10.2379
10.2379
10.2379
10.2379
10.2379
10.2379
10.2379
10.2379
10.2379
10.2379
10.2379
10.2379
10.2379
10.2379
10.2379
10.2379
10.2379
10.2379
10.2379
10.2379
10.2379
10.2379
10.2379
10.2379
10.2379
10.0385
10.0385
10.0385
10.0385
10.0385
10.0385
10.0385
10.0385
10.0385
10.0385
10.0385
10.0385
10.0385
10.0385
10.0385
9.58197
9.58197
9.58197
9.58197
9.58197
9.58197
9.58197
9.58197
9.58197
9.58197
9.58197
9.4445
9.4445
9.4445
9.4445
9.4445
9.4445
9.4445
9.4445
9.4445
9.4445
9.4445
9.4445
9.4445
9.4445
9.4445
9.4445
9.4445
9.4445
9.4445
9.4445
9.4445
9.35719
9.35719
9.35719
9.35719
9.35719
9.35719
9.35719
9.35719
9.35719
9.35719
9.35719
9.35719
9.58393
9.58393
9.58393
9.58393
9.71162
9.71162
9.55939
9.55939
9.55939
9.55939
9.55939
9.55939
9.55939
9.55939
9.55939
9.55939
9.55939
9.55939
9.55939
9.55939
9.55939
9.55939
9.55939
9.55939
9.55939
9.55939
9.55939
9.24236
9.24236
9.24236
9.24236
9.24236
9.24236
9.24236
9.24236
9.24236
9.24236
9.24236
9.24236
9.24236
9.24236
9.24236
9.24236
9.24236
9.08686
9.08686
9.08686
9.08686
9.08686
9.08686
9.08686
9.08686
9.08686
9.08686
9.08686
9.08686
9.08686
9.08686
9.08686
9.08686
9.08686
9.08686
9.08686
9.08686
9.08686
9.08686
9.08686
9.10251
9.10251
9.10251
9.10251
9.10251
9.10251
9.10251
9.10251
9.10251
9.10251
9.10251
9.10843
9.10843
9.10843
9.10843
9.10843
9.10843
9.10843
9.10843
9.10843
9.10843
9.10843
9.10843
9.10843
9.10843
9.10843
9.10843
9.10843
9.10843
9.10843
9.10843
9.10843
9.10843
9.10843
9.10843
9.10843
9.10843
9.10843
9.10843
9.10843
9.10843
9.10843
9.10843
9.13573
9.13573
8.69905
8.69905
8.69905
8.69905
8.69905
8.69905
8.69905
8.69905
8.69905
8.69905
8.69905
8.69905
8.69905
8.69905
8.69905
8.69905
8.69905
8.69905
9.21778
9.21778
9.21778
9.21778
9.21778
9.21778
9.21778
9.21778
8.54139
8.54139
8.54139
8.54139
8.54139
8.54139
8.54139
8.54139
8.54139
8.54139
8.54139
8.54139
8.54139
8.54139
8.54139
8.54139
8.54139
8.54139
8.54139
8.54139
8.54139
8.54139
8.54139
8.54139
8.54139
8.54139
8.54139
8.54139
8.54139
8.54139
8.54139
8.54139
8.54139
8.54139
8.54139
8.54139
8.54139
8.54139
8.54139
8.54139
8.54139
8.54139
8.54139
8.54139
8.54139
8.62627
8.62627
8.62627
8.62627
8.62627
8.62627
8.62627
8.62627
8.62627
8.62627
8.62627
8.62627
8.62627
8.3918
8.3918
8.3918
8.3918
8.3918
8.3918
8.3918
8.3918
8.3918
8.3918
8.3918
8.3918
8.3918
8.3918
8.3918
8.3918
8.3918
8.3918
8.3918
8.3918
8.3918
8.3918
8.69592
8.69592
8.69592
8.69592
8.69592
8.69592
8.69592
8.69592
8.69592
8.69592
8.69592
8.69592
8.69592
8.69592
8.69592
8.69592
8.69592
8.69592
8.69592
8.69592
8.69592
8.69592
8.69592
8.69592
8.69592
8.69592
8.69592
8.69592
8.69592
8.69592
8.69592
8.69592
8.69592
8.69592
8.69592
8.41465
8.41465
8.41465
8.41465
8.41465
8.41465
8.41465
8.41465
8.41465
8.41465
8.41465
8.41465
8.41465
8.41465
8.41465
8.41465
8.41465
8.41465
8.41465
8.41465
8.41465
8.41465
8.41465
8.41465
8.41465
8.55128
8.55128
8.55128
8.55128
8.55128
8.55128
8.55128
8.55128
8.55128
8.55128
8.55128
8.55128
8.55128
8.55128
8.55128
8.55128
8.55128
8.55128
8.55128
8.55128
8.55128
8.55128
8.55128
8.55128
8.55128
8.55128
8.55128
8.55128
8.55128
8.65527
8.65527
8.65527
8.65527
8.65527
8.44039
8.44039
8.44039
8.44039
8.44039
8.44039
8.44039
8.44039
8.44039
8.44039
8.44039
8.44039
8.44039
8.44039
8.72319
8.72319
8.72319
8.72319
8.72319
8.72319
8.72319
8.72319
8.72319
8.72319
8.87269
8.87269
8.87269
8.87269
8.90442
8.90442
8.90442
8.90442
8.90442
8.90442
8.90442
8.83648
8.83648
8.83648
8.83648
8.83648
8.83648
8.83648
8.83648
8.83648
8.83648
8.83648
8.83648
8.83648
8.83648
8.83648
8.83648
8.83648
8.31559
8.31559
8.31559
8.31559
8.31559
8.31559
8.31559
8.5106
8.5106
8.5106
8.5106
8.5106
8.5106
8.5106
8.5106
8.73014
8.73014
8.73014
8.73014
8.73014
8.73014
8.83648
8.32136
8.32136
8.32136
8.32136
8.32136
8.32136
8.32136
8.32136
8.32136
8.32136
8.32136
8.32136
8.32136
8.32136
8.54487
8.54487
8.54487
8.54487
8.54487
8.54487
8.54487
8.54487
8.54487
8.54487
8.54487
8.54487
8.54487
8.56668
8.56668
8.0784
8.0784
8.0784
8.0784
8.0784
8.0784
8.0784
8.0784
8.0784
8.0784
8.0784
8.0784
8.0784
8.0784
8.0784
8.0784
8.0784
8.0784
8.0784
8.0784
8.0784
8.0784
8.0784
8.0784
8.0784
8.0784
8.0784
8.0784
8.0784
8.0784
8.0784
8.0784
8.0784
8.0784
8.0784
8.45246
8.45246
8.45246
8.45246
8.45246
8.32826
8.32826
8.32826
8.32826
8.32826
8.32826
8.32826
8.32826
8.45246
8.45246
8.45246
8.45246
8.45246
8.45246
8.45246
8.45246
8.45246
8.45246
8.45246
8.45246
8.45246
8.45246
8.45246
8.45246
8.45246
8.45246
8.45246
8.45246
8.45246
8.45246
8.45246
8.45246
8.45246
8.45246
8.45246
8.45246
8.45246
8.45246
8.45246
8.45246
8.45246
8.45246
8.45246
8.45246
8.45246
8.45246
8.45246
8.45246
8.45246
8.45246
8.45246
8.45246
8.45246
8.45246
8.45246
8.45246
8.45246
8.45246
8.45246
8.45246
8.45246
8.45246
8.45246
8.45246
8.45246
8.45246
8.45246
8.45246
8.45246
8.45246
8.45246
8.45246
8.45246
8.45246
8.45246
8.45246
8.45246
8.45246
8.45246
8.45246
8.45246
8.45246
8.45246
8.45246
8.45246
8.45246
8.45246
8.56329
8.56329
8.56329
8.56329
8.56329
8.56329
8.56329
8.56329
8.56329
8.56329
8.56329
8.56329
8.56329
8.94435
8.94435
8.94435
8.94435
8.94435
8.94435
8.6415
8.6415
8.6415
8.6415
8.6415
8.6415
8.6415
8.6415
8.6415
8.6415
8.6415
8.6415
8.6415
8.6415
8.6415
8.6415
8.6415
8.6415
8.6415
8.6415
8.6415
8.6415
8.6415
8.96709
8.96709
8.96709
8.96709
8.96709
8.96709
8.96709
8.99703
8.99703
8.92547
8.92547
8.92547
8.92547
8.92547
8.92547
8.92547
8.92547
8.92547
8.92547
8.92547
8.92547
8.92547
8.92547
8.92547
8.92547
8.92547
8.92547
8.82987
8.82987
8.82987
8.82987
8.82987
8.82987
8.82987
8.82987
8.82987
8.82987
8.82987
8.82987
8.82987
8.82987
8.82987
8.82987
8.82987
8.82987
8.82987
8.82987
8.82987
8.82987
8.82987
8.82987
8.82987
8.82987
8.82987
8.82987
8.82987
8.82987
8.82987
8.82987
8.82987
8.82987
8.82987
8.82987
8.82987
8.82987
8.82987
8.82987
8.82987
8.82987
8.82987
8.82987
8.82987
8.96583
8.96583
8.96583
8.96583
8.68739
8.68739
8.68739
8.68739
8.68739
8.68739
8.68739
8.68739
8.68739
8.68739
8.68739
8.68739
8.68739
8.68739
8.68739
8.68739
8.68739
8.68739
8.68739
8.68739
8.68739
8.68739
8.68739
8.68739
8.68739
8.68739
8.68739
8.68739
8.68739
8.68739
8.68739
8.68739
8.68739
8.68739
8.68739
8.68739
8.68739
8.68739
8.68739
8.68739
8.68739
8.68739
8.68739
8.68739
8.68739
8.68739
8.68739
8.68739
8.68739
8.68739
8.68739
8.68739
8.68739
8.68739
8.68739
8.68739
8.68739
8.68739
8.68739
8.68739
8.68739
8.68739
8.57401
8.57401
8.57401
8.46993
8.46993
8.44507
8.44507
8.44507
8.44507
8.44507
8.44507
8.44507
8.44507
8.44507
8.44507
8.44507
8.44507
8.33654
8.33654
8.33654
8.40414
8.40414
8.40414
8.40414
8.40414
8.13677
8.13677
8.13677
8.13677
8.13677
8.38369
8.32313
8.1251
8.1251
8.1251
8.1251
8.1251
8.1251
8.1251
8.1251
8.1251
8.1251
8.1251
8.1251
8.1251
8.1251
8.1251
8.1251
8.1251
8.1251
8.1251
8.1251
8.1251
8.1251
8.1251
8.1251
8.1251
8.1251
8.1251
8.1251
8.1251
8.1251
8.1251
8.1251
8.1251
8.1251
8.1251
8.1251
8.1251
8.1251
8.1251
8.1251
8.1251
8.1251
8.20637
8.20637
8.20637
8.20637
8.20637
8.20637
8.20637
8.20637
8.20637
8.19761
8.19761
8.19761
8.19761
8.19761
8.19761
8.19761
8.19761
8.20637
8.20637
8.20637
8.20637
8.20637
8.20637
8.20637
8.20637
8.20637
8.33168
8.33168
8.33168
8.33168
8.33168
8.33168
8.33168
8.33168
8.33168
8.33168
8.33168
8.33168
8.33168
8.33168
8.33168
8.40135
8.40135
8.40135
8.40135
8.29757
8.29757
8.29757
8.29757
8.29757
8.29757
8.29757
8.29757
8.29757
8.29757
8.29757
8.29757
8.29757
8.29757
8.29757
8.29757
8.29757
8.28832
8.28832
8.28832
8.28832
8.28832
8.28832
8.28832
8.28832
8.28832
8.28832
8.09071
8.09071
8.09071
8.09071
8.09071
8.09071
8.09071
8.09071
8.09071
8.09071
8.09071
8.09071
8.09071
8.02986
8.02986
8.02986
8.02986
7.97921
7.97921
7.96296
7.96296
7.96296
7.96296
7.96296
7.96296
7.96296
7.96296
7.97921
7.97921
7.97921
7.97921
7.97921
7.97921
8.02986
8.02986
8.02986
8.02986
8.02986
8.02986
8.02986
8.02986
8.02986
8.02986
8.02986
8.02986
8.02986
8.02986
7.8728
7.8728
7.8728
7.8728
7.8728
7.8728
7.8728
8.02986
8.02986
8.02986
8.02986
8.02986
8.05229
8.05229
8.05229
8.05229
8.01468
8.01468
8.01468
8.01468
8.01468
8.01468
8.01468
8.01468
7.80165
7.80165
7.80165
7.80165
7.58375
7.58375
7.58375
7.58375
7.58375
7.58375
7.58375
7.58375
7.58375
7.64648
7.64648
7.64648
7.64648
7.64648
7.64648
7.64648
7.64648
7.64648
7.64648
7.64648
7.64648
7.64648
7.64648
7.64648
7.77376
7.77376
7.77376
7.77376
7.77376
7.77376
7.77376
7.77376
7.77376
7.77376
7.77376
7.77376
7.77376
7.77376
7.77376
7.77376
7.77376
7.77376
7.77376
7.77376
7.77376
7.77376
7.77376
7.77376
7.77376
7.77376
7.77376
7.77376
7.77376
7.77376
7.88484
7.88484
7.88484
7.88484
7.67483
7.67483
7.67483
7.67483
7.67483
7.67483
7.67483
7.67483
7.67483
7.67483
7.67483
7.67483
7.67483
7.67483
7.67483
7.67483
7.67483
7.67483
7.67483
7.67483
7.67483
7.67483
7.67483
7.67483
7.67483
7.67483
7.67483
7.67483
7.67483
7.67483
7.67483
7.67483
7.67483
7.67483
7.67483
7.67483
7.67483
7.67483
7.67483
7.67483
7.67483
7.67483
7.67483
7.67483
7.67483
7.67483
7.67483
7.67483
7.67483
7.67483
7.67483
7.67483
7.67483
7.67483
7.67483
7.67483
7.67483
7.67483
7.67483
7.67483
7.67483
7.67483
7.67483
7.67483
7.67483
7.67483
7.67483
7.67483
7.67483
7.67483
7.67483
7.67483
7.67483
7.67483
7.67483
7.67483
7.67483
7.67483
7.67483
7.67483
7.67483
7.67483
7.67483
7.67483
7.67483
7.67483
7.67483
7.61251
7.61251
7.61251
7.61251
7.61251
7.61251
7.61251
7.61886
7.61886
7.61886
7.61886
7.61886
7.61886
7.61886
7.61886
7.61244
7.61244
7.61244
7.61244
7.61244
7.61244
7.61244
7.28326
7.28326
7.28326
7.28326
7.28326
7.28326
7.28326
7.28326
7.28326
7.28326
7.28326
7.28326
7.28326
7.28326
7.28326
7.28326
7.28326
7.28326
7.28326
7.28326
7.28326
7.30244
7.30244
7.30244
7.30244
7.30244
7.30244
7.30244
7.30244
7.44302
7.44302
7.44302
7.44302
7.44302
7.44302
7.44302
7.44302
7.44302
7.41042
7.41042
7.41042
7.41042
7.41042
7.41042
7.41042
7.41042
7.41042
7.41042
7.41042
7.41042
7.41042
7.41042
7.41042
7.41042
7.41042
7.36108
7.36108
7.36108
7.36108
7.36108
7.36108
7.36108
7.36108
7.36108
7.36108
7.36108
7.36108
7.36108
7.36108
7.36108
7.36108
7.36108
7.36108
7.15901
7.15901
7.15901
7.15901
7.15901
7.36108
7.36108
7.36108
7.36108
7.36108
7.36108
7.36108
7.36108
7.36108
7.36108
7.36108
7.36108
7.36108
7.36108
7.1619
7.1619
7.1619
7.1619
7.1619
7.1619
7.1619
7.1619
7.1619
7.1619
7.36108
7.36108
7.38803
7.38803
7.38803
7.38803
7.38803
7.38803
7.38803
7.35032
7.35032
7.35032
7.35032
7.35032
7.35032
7.35032
7.38803
7.38803
8.04969
8.04969
7.97904
7.97904
7.97904
7.97904
7.97904
7.97904
7.97904
7.97904
7.97904
7.97904
7.97904
7.97904
7.97904
7.97904
7.95912
7.95912
7.59369
7.59369
7.59369
7.59369
7.59369
7.59369
7.59369
7.59369
7.59369
7.59369
7.59369
7.59369
7.59369
7.59369
7.59369
7.59369
7.59369
7.59369
7.59369
7.59369
7.59369
7.59369
7.59369
7.59369
7.59369
7.59369
7.59369
7.59369
7.59369
7.59369
7.59369
7.59369
7.43888
7.43888
7.43888
7.43888
7.43888
7.43888
7.43888
7.43888
7.43888
7.43888
7.43888
7.43888
7.43888
7.43888
7.43888
7.43888
7.43888
7.43888
7.43888
7.43888
7.43888
7.43888
7.43888
7.43888
7.43888
7.43888
7.43888
7.43888
7.43888
7.43888
7.43888
7.43888
7.43888
7.43888
7.43888
7.43888
7.43888
7.43888
7.43888
7.43888
7.43888
7.43888
7.43888
7.43888
7.43888
7.43888
7.43888
7.43888
7.84537
7.73597
7.73597
7.73597
7.73597
7.73597
7.73597
7.73597
7.73597
7.72777
7.72777
7.72777
7.32601
7.32601
7.32601
7.32601
7.32601
7.32601
7.32601
7.32601
7.32601
7.32601
7.32601
7.32601
7.32601
7.32601
7.32601
7.32601
7.32601
7.32601
7.32601
7.50835
7.50835
7.50835
7.50835
7.50835
7.50835
7.46033
7.46033
7.46033
7.46033
7.46033
7.46033
7.46033
7.46033
7.46033
7.46033
7.46033
7.46033
7.46033
7.46033
7.46033
7.46033
7.46033
7.46033
7.46033
7.46033
7.46033
7.46033
7.46033
7.46033
7.46033
7.46033
7.46033
7.46033
7.46033
7.46033
7.46033
7.46033
7.46033
7.46033
7.46033
7.46033
7.46033
7.41781
7.41781
7.41781
7.41781
7.41781
7.41781
7.41781
7.41781
7.46033
7.46033
7.46033
7.46033
7.46033
7.46033
7.46033
7.46033
7.46033
7.46033
7.6457
7.6457
7.6457
7.6457
7.6457
7.6457
7.40098
7.40098
7.40098
7.40098
7.40098
7.40098
7.31828
7.31828
7.31828
7.31828
7.31828
7.31828
7.31828
7.31828
7.31828
7.31828
7.31828
7.31828
7.31828
7.31828
7.31828
7.31828
7.31828
7.31828
7.31828
7.31828
7.31828
7.31828
7.31828
7.31828
7.31828
6.9007
6.9007
6.9007
6.9007
6.9007
6.9007
6.9007
6.9007
6.9007
6.9007
6.9007
6.9007
6.9007
6.9007
6.9007
6.9007
6.9007
7.18684
7.18684
7.18684
7.18684
7.18684
7.18684
7.18684
7.18684
7.18684
7.302
7.302
7.302
7.302
7.302
7.302
7.44844
7.44844
7.44844
7.44844
7.44844
7.44844
7.44844
7.39597
7.39597
7.45555
7.45555
7.45555
7.45555
7.45555
7.45555
7.45555
7.45555
7.45555
7.45555
7.45555
7.45555
7.45555
7.45555
7.45555
7.45555
7.45555
7.45555
7.45555
7.45555
7.45555
7.45555
7.45555
7.45555
7.45555
7.45555
7.45555
7.45555
7.45555
7.45555
7.45555
7.45555
7.45555
7.45555
7.45555
7.45555
7.45555
7.45555
7.45555
7.45555
7.45555
7.45555
7.45555
7.45555
7.39298
7.39298
7.39298
7.39298
7.39298
7.39298
7.43568
7.43568
7.40549
7.40549
6.56209
6.56209
6.56209
6.56209
6.56209
6.56209
6.56209
6.56209
6.56209
6.56209
6.56209
7.43568
7.43568
7.50416
7.50416
7.50416
7.50416
7.50416
7.50416
7.50416
7.50416
7.50416
7.50416
7.50416
7.23454
7.23454
7.23454
7.23454
7.23454
7.23454
7.23454
7.23454
6.96005
6.96005
6.96005
6.96005
6.96005
6.96005
6.96005
6.96005
6.96005
6.96005
6.96005
6.96005
6.96005
6.96005
6.96005
6.96005
6.96005
6.96005
6.96005
6.96005
6.96005
6.96005
6.96005
6.96005
6.96005
6.96005
6.96005
6.96005
6.96005
6.96005
6.96005
6.96005
6.96005
6.96005
6.96005
6.96005
6.96005
6.96005
7.35344
7.35344
7.35344
7.35344
7.35344
7.35344
7.35344
7.35344
7.35344
7.35344
7.35344
7.35344
7.35344
7.35344
7.35344
7.35344
7.35344
7.35344
7.35344
7.14702
7.14702
7.14702
7.14702
7.14702
7.14702
7.14702
7.14702
7.20279
7.20279
7.20279
7.20279
7.20279
7.20279
7.20279
7.20279
7.35344
7.35344
7.35344
7.35344
7.35344
7.35344
7.35344
7.35344
7.35344
7.35344
7.35344
7.35344
7.35344
7.35344
7.35344
7.35344
7.35344
7.35344
7.35344
7.35344
7.35344
7.35344
7.35344
7.35344
7.35344
7.35344
7.35344
7.35344
7.35344
7.35344
7.3346
7.3346
7.3346
7.3346
7.3346
7.3346
7.3346
7.3346
7.3346
7.3346
7.3346
7.3346
7.3346


-1.79049
-0.350499
-0.367011
-0.861448
-0.714609
-1.96816
1.8885
0.129216
0.852076
1.65027
0.519747
-0.367732
-0.0829393
-0.989724
1.33385
0.492756
1.19664
1.78389
-0.191631
-0.636276
2.03623
-0.0987293
-0.329436
-0.142809
0.136207
1.34476
-0.538127
-0.999208
0.984212
5.33812

0.033

