20.7504
20.7504
19.7191
19.7191
19.7191
19.7191
19.7191
19.7191
19.7191
19.7191
19.5651
19.5651
19.3427
19.3427
19.3427
19.3427
19.3427
19.3427
19.3427
19.3427
19.3427
19.3427
19.3427
19.3427
19.3427
19.3427
19.3427
19.3427
19.3427
19.3427
19.3427
19.3427
19.3427
19.3427
19.3427
19.3427
19.3427
19.3427
19.3427
18.4231
18.4231
18.4231
18.4231
18.4231
18.4231
18.4231
18.4231
18.4231
18.0923
18.0923
18.0923
18.0923
18.0923
18.0923
18.0923
18.0923
18.0923
18.0923
18.0923
18.0923
18.0923
18.0923
18.0923
18.0923
18.0923
18.0923
18.0923
16.2445
16.2445
16.2445
16.2445
16.2445
16.2445
16.2445
16.2445
16.2445
16.2445
16.2445
16.2445
16.2445
16.2445
16.2445
16.2445
16.2445
16.2445
16.2445
16.2445
15.7573
15.7573
15.7573
15.7573
15.7573
14.5555
14.5555
14.5555
14.5555
14.5555
14.5555
14.5555
14.5555
14.5555
14.5555
14.5555
14.5555
14.5555
14.5555
14.5555
14.5555
14.5555
14.5555
14.5555
14.5555
14.5555
14.5555
14.5555
14.5555
14.5555
14.5555
14.5555
14.5555
14.5555
14.5555
14.5555
14.5555
14.5555
14.5555
14.5555
14.5555
14.5555
14.5555
14.5555
14.5555
14.5555
14.5555
14.5555
14.5555
14.5555
14.5555
14.5555
14.5555
14.5555
14.5555
14.5555
14.5555
14.5555
14.5555
14.5555
14.5555
14.5555
14.5555
14.5555
14.5555
14.5555
14.5555
14.5555
14.5555
14.5555
14.5555
14.5555
14.5555
14.5555
14.5555
14.5555
14.5555
14.5555
14.5555
14.5555
14.5555
14.5555
14.5555
14.5555
14.5555
14.5555
14.2384
14.2384
14.2384
14.2384
14.2384
14.2384
14.2384
14.2384
14.2384
14.2384
13.116
13.116
13.116
13.116
13.116
13.116
13.116
13.116
13.116
13.116
13.116
13.116
13.116
13.116
13.116
13.116
13.116
13.116
13.116
13.116
13.116
13.116
13.116
13.116
13.116
13.116
13.116
13.116
13.116
13.116
13.116
13.116
13.116
13.116
13.116
13.116
13.116
13.116
13.116
13.116
13.116
13.116
13.116
13.116
13.116
13.116
13.116
13.116
13.116
13.116
13.116
13.116
13.116
13.116
13.116
13.116
13.116
13.116
13.116
13.116
13.116
13.116
13.116
13.116
13.116
13.116
13.116
13.116
13.116
13.116
13.116
13.116
13.116
13.116
13.116
13.116
12.008
12.008
12.008
12.008
12.008
12.008
12.008
12.008
12.008
12.008
12.008
12.008
12.008
12.008
12.008
12.008
12.008
12.008
12.008
12.008
12.008
12.008
12.008
12.008
12.008
12.008
12.008
12.008
12.008
12.008
12.008
12.008
12.008
12.008
12.008
12.008
12.008
12.008
12.008
12.008
12.008
12.008
12.008
12.008
12.008
12.008
12.008
12.008
11.4952
11.4952
11.4952
11.4952
11.4952
11.4952
11.4952
11.4952
11.4952
11.4952
11.4952
11.4952
11.4952
11.4952
11.4952
11.4952
11.4952
11.4952
11.4952
11.4952
11.4952
11.4952
11.4952
11.4952
11.4952
11.4952
11.4952
11.4952
11.4952
11.4952
11.4952
11.4952
11.4952
11.4952
11.4952
11.4952
11.4952
11.4952
11.4952
11.4952
11.4952
11.4952
11.4952
11.4952
11.4952
11.4952
11.4952
11.4952
11.4952
11.4952
11.4952
11.4952
11.4952
11.4952
11.4952
11.4952
11.4952
11.4952
11.4952
11.4952
11.4952
11.4952
11.4952
11.4952
11.4952
11.4952
11.4952
11.4952
11.4952
11.4952
11.4952
11.4952
11.4952
11.4952
11.4952
11.4952
11.4952
11.4952
11.4952
11.4952
11.4612
11.4612
11.4612
11.4612
11.4612
11.424
11.424
11.424
11.424
11.424
11.424
11.424
11.424
11.424
11.424
11.424
11.0704
11.0704
11.0704
11.0704
11.0704
11.0704
11.0704
11.0704
11.0704
11.0704
11.0704
11.0704
11.0704
11.0704
11.0704
11.0704
11.0704
11.0704
11.0704
11.0704
11.0704
11.0704
11.0704
11.0704
11.0704
11.0704
11.0704
11.0704
10.7198
10.7198
10.7198
10.7198
10.7198
10.7198
10.7198
10.7198
10.7198
10.7198
10.7198
10.7198
10.7198
10.7198
10.7198
10.7198
10.7198
10.7198
10.7198
10.7198
10.7097
10.7097
10.7097
10.7097
10.7097
10.7097
10.7097
10.7097
10.7097
10.7097
10.7097
10.7097
10.7097
10.7097
10.7097
10.7097
10.7097
10.7097
10.7097
10.7097
10.7097
10.7097
10.7097
10.7097
10.7097
10.7097
10.7097
10.7097
10.7097
10.7097
10.7097
10.7097
10.7097
10.1826
10.1826
10.1207
10.1207
10.1207
10.1207
10.1207
10.1207
10.1207
10.1207
10.1207
10.1207
10.1207
10.1207
10.1207
10.1207
10.1207
10.1207
10.1207
10.1207
10.1207
10.1207
10.1207
10.1207
10.1207
10.1207
10.1207
10.1207
10.1207
10.1207
10.1207
10.1207
10.1207
10.1207
10.1207
10.1207
10.1207
10.1207
10.1207
10.1207
10.1207
10.1207
10.1207
10.1207
10.1207
10.1207
10.1207
10.1207
10.1207
10.1207
10.1207
10.1207
10.1207
10.1207
10.1207
10.1207
10.1207
10.1207
10.1207
10.1207
10.1207
10.1207
10.1207
10.1207
10.1207
10.1207
10.1207
10.1207
10.1207
10.1207
10.1207
10.1207
10.1207
10.1207
10.1207
10.1207
10.1207
10.1207
10.1207
10.1207
10.1207
10.1207
10.1207
10.1207
10.1207
10.0795
10.0795
10.0795
10.0795
10.0795
10.0795
10.0795
10.0795
10.0795
10.0795
9.74454
9.74454
9.74454
9.74454
9.74454
9.74454
9.74454
9.74454
9.74454
9.74454
9.74454
9.74454
9.74454
9.74454
9.74454
9.74454
9.74454
9.74454
9.74454
9.74454
9.74454
9.74454
9.74454
9.74454
9.74454
9.74454
9.74454
9.74454
9.74454
9.74454
9.74454
9.74454
9.74454
9.74454
9.74454
9.74454
9.74454
9.74454
9.74454
9.74454
9.74454
9.74454
9.74454
9.74454
9.74454
9.74454
9.74454
9.74454
9.74454
9.74454
9.74454
9.74454
9.74454
9.74454
9.74454
9.74454
9.74454
9.74454
9.74454
9.74454
9.74454
9.74454
9.74454
9.74454
9.74454
9.74454
9.74454
9.74454
9.74454
9.74454
9.74454
9.74454
9.74454
9.74454
9.74454
9.74454
9.74454
9.74454
9.74454
9.74454
9.74454
9.74454
9.74454
9.74454
9.74454
9.74454
9.74454
9.74454
9.74454
9.74454
9.74454
9.74454
9.74454
9.74454
9.74454
9.74454
9.74454
9.74454
9.74454
9.74454
9.74454
9.74454
9.74454
9.74454
9.74454
9.74454
9.74454
9.74454
9.74454
9.74454
9.74454
9.74454
9.74454
9.74454
9.74454
9.74454
9.74454
9.74454
9.74454
9.74454
9.74454
9.74454
9.74454
9.74094
9.74094
9.74094
9.74094
9.74094
9.74094
9.74094
9.74094
9.74094
9.74094
9.74094
9.74094
9.74094
9.74094
9.74094
9.74094
9.74094
9.74094
9.74094
9.74094
9.74094
9.74094
9.74094
9.74094
9.74094
9.74094
9.74094
9.74094
9.74094
9.74094
9.74094
9.74094
9.74094
9.74094
9.74094
9.74094
9.74094
9.74094
9.74094
9.74094
9.74094
9.74094
9.74094
9.74094
9.74094
9.74094
9.74094
9.74094
9.74094
9.74094
9.74094
9.74094
9.74094
9.74094
9.74094
9.74094
9.74094
9.74094
9.74094
9.74094
9.74094
9.74094
9.74094
9.74094
9.74094
9.74094
9.74094
9.74094
9.74094
9.74094
9.74094
9.74094
9.74094
9.74094
9.74094
9.74094
9.68952
9.68952
9.68952
9.68952
9.68952
9.68952
9.68952
9.68952
9.68952
9.68952
9.68952
9.68952
9.68952
9.68952
9.68952
9.68952
9.68952
9.68952
9.68952
9.68952
9.68952
9.68952
9.68952
9.68952
9.68952
9.68952
9.68952
9.68952
9.68952
9.39563
9.39563
9.39563
9.39563
9.39563
9.39563
9.39563
9.39563
9.39563
9.39563
9.39563
9.39563
9.39563
9.39563
9.39563
9.39563
9.39563
9.39563
9.39563
9.39563
9.39563
9.39563
9.39563
9.39563
9.34726
9.34726
9.34726
9.34726
9.34726
9.34726
9.34726
9.34726
9.34726
9.34726
9.34726
9.34726
9.34726
9.34726
9.34726
9.34726
9.34726
9.34726
9.34726
9.34726
9.34726
9.34726
9.34726
9.34726
9.34726
9.34726
9.34726
9.34726
9.34726
9.34726
9.34726
9.34726
9.34726
9.34726
9.34726
9.34726
9.34726
9.34726
9.34726
9.34726
9.34726
9.34726
9.34726
9.34726
9.34726
9.34726
9.34726
9.34726
9.34726
9.34726
9.34726
9.34726
9.34726
9.34726
9.34726
9.34726
9.34726
9.34726
9.34726
9.34726
9.34726
9.34726
9.34726
9.34726
9.34726
9.34726
9.34726
9.34726
9.34726
9.34726
9.34726
9.34726
9.34726
9.34726
9.34726
9.34726
9.34726
9.34726
9.34726
9.34726
9.34726
9.34726
9.34726
9.34726
9.34726
9.34726
9.34726
9.34726
9.34726
9.34726
9.34726
9.34726
9.34726
9.34726
9.34726
9.34726
9.34726
9.34726
9.34726
9.34726
9.34726
9.34726
9.34726
9.34726
9.34726
9.34726
9.34726
9.34726
9.34726
9.34726
9.34726
9.34726
9.34726
9.34726
9.34726
9.34726
9.34726
9.34726
9.34726
9.34726
9.34726
9.34726
9.34726
9.34726
9.34726
9.34726
9.34726
9.34726
9.34726
9.34726
9.34726
9.34726
9.34726
9.34726
9.34726
9.34726
9.34726
9.34726
9.34726
9.34726
9.34726
9.34726
9.34726
9.34726
9.34726
9.34726
9.34726
9.34726
9.34726
9.34726
9.34726
9.34726
9.34726
9.34726
9.34726
9.34726
9.34726
9.34726
9.34726
9.34726
9.34726
9.34726
9.34726
9.34726
9.34726
9.34726
9.34726
9.34726
9.34726
9.34726
9.34726
9.34726
9.34726
9.34726
9.24338
9.24338
9.24338
9.24338
9.24338
9.24338
9.24338
9.24338
9.24338
9.24338
9.24338
9.24338
9.24338
9.20144
9.20144
9.20144
9.20144
9.20144
9.20144
9.20144
9.20144
9.20144
9.20144
9.20144
9.20144
9.20144
9.20144
9.20144
9.20144
9.20144
9.20144
9.20144
9.20144
9.20144
9.20144
9.20144
9.20144
9.20144
9.20144
9.20144
9.20144
9.20009
9.20009
9.20009
9.20009
9.20009
8.90817
8.90817
8.90817
8.90817
8.90817
8.90817
8.90817
8.90817
8.90817
8.90817
8.90817
8.90817
8.90817
8.90817
8.90817
8.90817
8.90817
8.90817
8.90817
8.90817
8.90817
8.90817
8.90817
8.90817
8.90817
8.90817
8.90817
8.90817
8.90817
8.90817
8.90817
8.90817
8.90817
8.90817
8.90817
8.90817
8.90817
8.90817
8.90817
8.90817
8.90817
8.90817
8.90817
8.90817
8.90817
8.90817
8.90817
8.90817
8.90817
8.90817
8.90817
8.90817
8.90817
8.90817
8.90817
8.90817
8.90817
8.90817
8.90817
8.90817
8.90817
8.90817
8.90817
8.90817
8.90817
8.90817
8.90817
8.90817
8.90817
8.90817
8.90817
8.90817
8.90817
8.90817
8.90817
8.90817
8.90817
8.90817
8.90817
8.90817
8.90817
8.90817
8.88767
8.88767
8.88767
8.88767
8.88767
8.88767
8.88767
8.88767
8.88767
8.88767
8.88767
8.88767
8.88767
8.88767
8.88767
8.88767
8.88767
8.79824
8.79824
8.79824
8.79824
8.79824
8.79824
8.79824
8.79824
8.79824
8.79824
8.79824
8.79824
8.79824
8.79824
8.75879
8.75879
8.75879
8.75879
8.75879
8.75879
8.75879
8.75879
8.75879
8.75879
8.75879
8.75879
8.75879
8.75879
8.75879
8.75879
8.75879
8.75879
8.75879
8.75879
8.75879
8.75879
8.75879
8.75879
8.75879
8.75879
8.75879
8.75879
8.75879
8.75879
8.75879
8.75879
8.75879
8.75879
8.75879
8.75103
8.75103
8.75103
8.75103
8.75103
8.75103
8.75103
8.75103
8.75103
8.75103
8.75103
8.75103
8.75103
8.75103
8.75103
8.75103
8.75103
8.6989
8.6989
8.6989
8.6989
8.6989
8.6989
8.6989
8.6989
8.6989
8.6989
8.6989
8.6989
8.69757
8.69757
8.69757
8.69757
8.69757
8.69757
8.69757
8.69757
8.69757
8.69757
8.69625
8.69625
8.69625
8.69625
8.69625
8.69625
8.69625
8.69625
8.69625
8.69625
8.69625
8.69625
8.69625
8.69625
8.69625
8.69625
8.69625
8.69625
8.69625
8.69625
8.69625
8.69625
8.69625
8.69625
8.69625
8.69625
8.69625
8.69625
8.69625
8.69625
8.69625
8.69625
8.69625
8.69625
8.44215
8.44215
8.44215
8.44215
8.44215
8.44215
8.44215
8.44215
8.44215
8.44215
8.44215
8.44215
8.44215
8.44215
8.44215
8.44215
8.44215
8.44215
8.44215
8.44215
8.44215
8.44215
8.44215
8.44215
8.44215
8.44215
8.44215
8.44215
8.44215
8.44215
8.44215
8.44215
8.44215
8.44215
8.44215
8.44215
8.44215
8.44215
8.44215
8.44215
8.44215
8.44215
8.44215
8.44215
8.44215
8.44215
8.44215
8.44215
8.44215
8.44215
8.44215
8.44215
8.44215
8.44215
8.44215
8.44215
8.44215
8.44215
8.44215
8.44215
8.44215
8.44215
8.44215
8.44215
8.44215
8.44215
8.44215
8.44215
8.44215
8.44215
8.44215
8.44215
8.44215
8.44215
8.44215
8.44215
8.44215
8.40008
8.40008
8.40008
8.40008
8.40008
8.40008
8.40008
8.40008
8.40008
8.40008
8.40008
8.40008
8.40008
8.40008
8.40008
8.40008
8.40008
8.40008
8.40008
8.40008
8.40008
8.40008
8.40008
8.40008
8.37429
8.37429
8.37429
8.37429
8.37429
8.37429
8.37429
8.37429
8.37429
8.37429
8.37429
8.35817
8.35817
8.35817
8.35817
8.35817
8.35817
8.35817
8.35817
8.35817
8.35817
8.35817
8.35817
8.35817
8.35817
8.35817
8.35817
8.35817
8.35107
8.35107
8.35107
8.35107
8.35107
8.35107
8.35107
8.35107
8.35107
8.35107
8.29915
8.29915
8.29915
8.29915
8.29915
8.29915
8.29915
8.29915
8.29915
8.29915
8.29915
8.29915
8.29915
8.29915
8.29915
8.29915
8.29915
8.2467
8.2467
8.2467
8.2467
8.2467
8.2467
8.2467
8.2467
8.2467
8.2467
8.2467
8.2467
8.2467
8.2467
8.23638
8.23638
8.23638
8.23638
8.23638
8.23638
8.23638
8.23638
8.23638
8.23638
8.23638
8.23638
8.23638
8.23638
8.23638
8.23638
8.23638
8.23638
8.22707
8.22707
8.22707
8.22707
8.22707
8.22707
8.22707
8.22707
8.22707
8.22707
8.22707
8.22707
8.22707
8.22707
8.22707
8.22707
8.22707
8.22707
8.22707
8.20259
8.20259
8.20259
8.20259
8.20259
8.20259
8.20259
8.20259
8.20259
8.20259
8.20259
8.20259
8.20259
8.20259
8.20259
8.20259
8.20259
8.20259
8.20259
8.20259
8.20259
8.20259
8.20259
8.20259
8.20259
8.20259
8.20259
8.20259
8.20259
8.20259
8.17978
8.17978
8.17978
8.17978
8.17978
8.17978
8.17978
8.17978
8.17978
8.17978
8.17978
8.17978
8.17978
8.17978
8.17978
8.17978
8.17978
8.17978
8.17978
8.17978
8.17978
8.17978
8.17978
8.17978
8.17978
8.17978
8.17978
8.17978
8.17978
8.17978
8.17978
8.12336
8.12336
8.12336
8.12336
8.12336
8.12336
8.12336
8.12336
8.12336
8.12336
8.12336
8.12336
8.12336
8.12336
8.12336
8.12336
8.12336
8.12336
8.12336
8.12336
8.12336
8.12336
8.12336
8.12336
8.12336
8.12336
8.12336
8.12336
8.12336
8.1161
8.1161
8.1161
8.1161
8.1161
8.1161
8.1161
8.1161
8.1161
8.1161
8.1161
8.1161
8.1161
8.1161
8.1161
8.1161
8.1161
8.1161
8.09574
8.09574
8.09574
8.09574
8.09574
8.09574
8.09574
8.09574
8.09574
8.09574
8.09574
8.09574
8.08652
8.08652
8.08652
8.08652
8.08652
8.08652
8.08652
8.08652
8.08652
8.08652
8.08652
8.08652
8.08652
8.08652
8.08652
8.08652
8.01706
8.01706
8.01706
8.01706
8.01706
8.01706
8.01706
8.01706
8.00113
8.00113
8.00113
8.00113
8.00113
8.00113
8.00113
8.00113
8.00113
8.00113
8.00113
8.00113
8.00113
8.00113
8.00113
8.00113
8.00113
8.00113
8.00113
8.00113
8.00113
8.00113
8.00113
8.00113
8.00113
8.00113
7.86006
7.86006
7.86006
7.86006
7.86006
7.86006
7.86006
7.86006
7.86006
7.86006
7.86006
7.86006
7.86006
7.86006
7.86006
7.86006
7.86006
7.86006
7.86006
7.86006
7.86006
7.86006
7.86006
7.86006
7.86006
7.86006
7.86006
7.86006
7.86006
7.86006
7.86006
7.86006
7.86006
7.86006
7.86006
7.86006
7.86006
7.86006
7.86006
7.86006
7.86006
7.86006
7.86006
7.86006
7.86006
7.86006
7.86006
7.86006
7.86006
7.86006
7.86006
7.86006
7.86006
7.86006
7.86006
7.86006
7.86006
7.86006
7.86006
7.86006
7.86006
7.86006
7.86006
7.86006
7.86006
7.86006
7.86006
7.86006
7.86006
7.86006
7.86006
7.86006
7.86006
7.86006
7.86006
7.86006
7.86006
7.86006
7.86006
7.86006
7.86006
7.86006
7.86006
7.86006
7.86006
7.86006
7.86006
7.86006
7.86006
7.86006
7.86006
7.86006
7.86006
7.86006
7.86006
7.86006
7.86006
7.86006
7.86006
7.86006
7.86006
7.86006
7.86006
7.86006
7.86006
7.86006
7.86006
7.86006
7.86006
7.86006
7.86006
7.86006
7.86006
7.86006
7.86006
7.86006
7.86006
7.86006
7.86006
7.86006
7.86006
7.86006
7.86006
7.86006
7.86006
7.86006
7.86006
7.86006
7.86006
7.86006
7.81364
7.81364
7.81364
7.81364
7.81364
7.81364
7.81364
7.81364
7.81364
7.81364
7.81364
7.81364
7.81364
7.81364
7.81364
7.81364
7.81364
7.81364
7.81364
7.81364
7.81364
7.81364
7.81364
7.81364
7.81364
7.81364
7.81364
7.81364
7.81364
7.81364
7.81364
7.81364
7.81364
7.81364
7.81364
7.78112
7.78112
7.78112
7.78112
7.78112
7.78112
7.78112
7.78112
7.78112
7.78112
7.77579
7.77579
7.77579
7.77579
7.77579
7.77579
7.77579
7.77579
7.77579
7.77579
7.77579
7.77579
7.77579
7.77579
7.77579
7.77579
7.77579
7.77579
7.77579
7.77579
7.77579
7.77579
7.74961
7.74961
7.74961
7.74961
7.74961
7.74961
7.74961
7.74961
7.57204
7.57204
7.57204
7.57204
7.57204
7.57204
7.57204
7.57204
7.57204
7.57204
7.57204
7.57204
7.57204
7.57204
7.57204
7.57204
7.57204
7.57204
7.57204
7.57204
7.57204
7.57204
7.57204
7.57204
7.57204
7.57204
7.57204
7.57204
7.57204
7.57204
7.57204
7.57204
7.57204
7.57204
7.57204
7.57204
7.57204
7.57204
7.57204
7.57204
7.57204
7.57204
7.57204
7.57204
7.57204
7.57204
7.57204
7.57204
7.57204
7.57204
7.57204
7.57204
7.57204
7.57204
7.57204
7.57204
7.57204
7.57204
7.57204
7.57204
7.57204
7.57204
7.57204
7.57204
7.57204
7.57204
7.57204
7.57204
7.57204
7.57204
7.57204
7.5507
7.5507
7.5507
7.5507
7.5507
7.5507
7.5507
7.5507
7.5507
7.5507
7.5507
7.5507
7.5507
7.5507
7.5507
7.5507
7.5507
7.5507
7.5507
7.5507
7.5507
7.5507
7.5507
7.5507
7.5507
7.5507
7.5507
7.5507
7.5507
7.5507
7.5507
7.5507
7.5507
7.5507
7.5507
7.5507
7.5507
7.5507
7.5507
7.5507
7.5507
7.5507
7.5507
7.5507
7.5507
7.5507
7.5507
7.5507
7.5507
7.5507
7.5507
7.5507
7.4702
7.4702
7.4702
7.4702
7.4702
7.4702
7.4702
7.4702
7.4702
7.4702
7.4702
7.4702
7.4702
7.4702
7.4702
7.4702
7.4702
7.4702
7.4702
7.4702
7.4702
7.4702
7.4702


-0.355212
-0.00539476
-0.388738
0.095204
-0.267937
-0.829025
1.10659
0.10378
1.98052
0.943551
-0.936095
-2.18694
1.57447
1.42364
-0.0317852
-1.89992
-3.835
-3.44773
-2.91218
-1.83604
1.68256
3.13927
3.12046
2.82303
2.17488
1.7541
-0.701031
-1.8778
-0.950923
-0.0830151

0.034

