20.7319
20.7319
20.7319
20.7319
20.7319
20.7319
20.7319
20.7319
20.7319
20.7319
20.7319
20.7319
20.7319
20.7319
20.7319
20.7319
20.7319
20.7319
20.7319
20.7319
20.7319
20.7319
20.7319
20.7319
20.7319
20.7319
20.7319
20.7319
20.7319
20.7319
20.7319
20.7319
20.7319
20.7319
20.7319
20.7319
20.7319
20.6925
20.6925
20.6925
20.6925
20.6925
20.6925
20.6925
20.6925
20.6925
20.6925
20.6925
20.6286
20.6286
20.6286
20.6286
20.6091
20.6091
20.6091
20.6091
20.6091
20.505
20.505
20.505
20.505
20.505
20.505
20.505
20.505
20.505
20.505
20.505
20.505
20.505
20.505
20.505
20.2421
20.2421
20.2421
20.2421
20.2421
20.2421
20.2421
20.2421
20.2421
20.2421
20.2421
20.2421
20.2421
20.2421
20.2421
20.2421
20.2421
20.2421
20.2421
20.2421
20.2421
20.2421
20.2421
20.2421
20.2421
20.2421
20.2421
20.2421
20.2421
20.2421
20.2421
20.2421
20.1674
20.1674
20.1674
20.1674
20.116
20.116
20.116
20.116
20.116
20.116
20.116
20.116
20.116
20.116
20.116
20.116
20.116
20.116
20.116
20.116
20.116
20.116
20.116
20.116
20.116
20.116
20.0646
20.0646
20.0646
20.0646
20.0646
20.0646
20.0646
20.0646
20.0646
20.0646
20.0646
20.0646
20.0646
20.0646
20.0646
19.8726
19.7488
19.7488
19.7488
19.7488
19.7488
19.7488
19.7488
19.7488
19.7488
19.7488
19.7488
19.7488
19.7488
19.7488
19.5364
19.5364
19.5364
19.5364
19.5364
19.5364
19.5364
19.5364
19.5364
19.5364
19.5364
19.5077
19.5077
19.5077
19.5077
19.5077
19.5077
19.5077
19.5077
19.2539
19.2539
19.2539
19.2539
18.8178
18.8178
18.8178
18.8178
18.8178
18.8178
18.8178
18.8178
18.8178
18.8178
18.8178
18.8178
18.8178
18.8178
18.8178
18.8178
18.8178
18.8178
18.8178
18.8178
18.8178
18.5252
18.5252
18.5252
18.5252
18.5252
18.5252
18.5252
18.5252
18.5252
18.5252
18.5252
18.5252
18.5252
18.5252
18.5252
18.5252
18.5252
18.5252
18.5252
18.5252
18.5252
18.5252
18.2688
18.2688
18.2688
18.2688
18.2688
18.2688
18.2688
18.2688
18.2688
18.2688
18.2688
18.2688
18.2688
18.2688
18.2688
18.2688
18.2688
18.0249
18.0249
18.0249
17.7796
17.7796
17.7796
17.7796
17.7796
17.7796
17.7796
17.7796
17.7796
17.7796
17.7796
17.7796
17.7796
17.7796
17.7796
17.7796
17.7796
17.7796
17.7796
17.7796
17.7796
17.6426
17.6426
17.6426
17.6426
17.6426
17.6212
17.6212
17.6212
17.6212
17.4202
17.1553
17.1553
17.1553
17.1553
17.1553
17.1553
17.1553
17.1553
17.1553
17.1553
16.3574
16.3574
16.3574
16.3574
16.3574
16.3574
16.3574
16.3574
16.3574
16.3574
16.3574
16.3574
16.3574
16.3574
16.3574
16.3574
16.3574
16.3574
16.3574
16.3574
16.3574
16.3574
16.3574
16.3574
16.3574
16.3574
16.3574
16.3574
16.3574
16.3574
16.3574
16.3574
16.3574
16.3574
16.3574
16.3574
16.3574
16.3574
16.3574
16.3574
16.3574
16.3574
16.3574
16.3574
16.3574
16.3574
16.3574
16.3574
16.3574
16.3574
16.3574
15.7946
15.7946
15.7946
15.7946
15.7946
15.7946
15.7946
15.7946
15.7946
15.7946
15.6907
15.6907
15.6907
15.6907
15.6907
15.6907
15.6907
15.6907
15.6907
15.6907
15.6907
15.6907
15.6907
15.6907
15.6907
15.6907
15.6907
15.6907
15.6907
15.6907
15.6907
15.6907
15.6907
15.6907
15.1891
15.1891
15.1891
15.1891
15.1891
15.1891
15.1891
15.1891
15.1891
15.1891
15.1891
14.9432
14.9432
14.9432
14.3678
14.3678
14.3678
14.3678
14.3678
14.3678
14.3678
14.3678
14.3678
14.3678
14.3678
14.3678
14.3678
14.3678
14.3678
14.3678
14.3678
14.3678
14.2413
14.2413
14.2413
14.2413
14.2413
14.2413
14.2413
14.2413
14.2413
14.2413
14.2413
13.7303
13.7303
13.7303
13.7303
13.7303
13.7303
13.7303
13.7303
13.7303
13.7303
13.7303
13.7303
13.7303
13.7303
13.7303
13.7303
13.7303
13.7303
13.7303
13.7303
13.7303
13.7303
13.7303
13.7303
13.7303
13.7303
13.7303
13.7303
13.7303
13.7303
13.7303
13.7303
13.7303
13.7303
13.7303
13.7303
13.7303
13.7303
13.7303
13.7303
13.7303
13.7303
13.7303
13.7303
13.7303
13.7303
13.7303
13.7303
13.5526
13.5526
13.5526
13.5526
13.5526
13.5526
12.3706
12.3706
12.3706
12.3706
12.3706
12.3706
12.3706
12.3706
12.3706
12.3706
12.3706
12.3706
12.3706
12.3706
12.3706
12.3706
12.3706
12.3706
12.3706
12.3706
12.3706
12.3706
12.3706
12.3706
12.3706
12.3706
12.3706
12.3706
12.3706
12.3706
12.3706
12.3706
12.3706
12.3706
12.3706
10.6433
10.6433
10.6433
10.6433
10.6433
10.6433
10.6433
10.6433
10.6433
10.6433
10.6433
10.6433
10.6433
10.6433
10.6433
10.6433
10.6433
10.6433
10.6433
10.6433
10.6433
10.6433
10.6433
10.6433
10.6433
10.6433
10.6433
10.6433
10.6433
10.6433
10.6433
10.6433
10.6433
10.6433
10.6433
10.6433
10.6433
10.6433
10.6433
10.6433
10.6433
10.6433
10.6433
10.6433
10.6433
10.6433
10.5098
10.5098
10.5098
10.5098
10.5098
10.5098
10.5098
10.5098
10.5098
10.5098
10.5098
10.5098
9.97437
9.97437
9.97437
9.97437
9.97437
9.97437
9.97437
9.54072
9.54072
9.54072
9.54072
9.54072
9.54072
9.54072
9.54072
9.54072
9.54072
9.54072
9.54072
9.54072
9.54072
9.54072
9.54072
9.54072
9.54072
9.54072
9.54072
9.54072
9.54072
9.54072
9.54072
9.54072
9.54072
9.54072
9.54072
9.54072
9.54072
9.54072
9.22
9.22
9.22
9.22
8.97736
8.97736
8.97736
8.97736
8.97736
8.97736
8.97736
8.97736
8.97736
8.97736
8.97736
8.97736
8.97736
8.97736
8.97736
8.97736
8.97736
8.97736
8.97736
8.97736
8.97736
8.97736
8.88975
8.88975
8.88975
8.88975
8.88975
8.88975
8.88975
8.88975
8.88975
8.88975
8.88975
8.88975
8.88975
8.88975
8.88975
8.88975
8.88975
8.88975
8.88975
8.88975
8.88975
8.88478
8.88478
8.88478
8.88478
8.88478
8.88478
8.88478
8.88478
8.40989
8.40989
8.40989
8.40989
8.40989
8.40989
8.40989
8.40989
8.40989
8.40989
8.40989
8.40989
8.40989
8.40989
8.40989
8.40989
8.40989
8.40989
8.40989
8.40989
8.40989
8.40989
8.40989
8.34317
8.34317
8.34317
8.34317
8.3321
8.3321
8.3321
8.3321
8.3321
8.3321
8.3321
8.3321
8.3321
8.3321
8.3321
8.3321
8.3321
8.3321
8.3321
8.3321
8.3321
8.3321
8.3321
8.3321
8.3321
8.3321
8.3321
8.3321
8.3321
8.3321
8.3321
8.3321
8.3321
8.3321
8.3321
8.3321
8.1616
8.1616
8.1616
8.1616
8.1616
8.14523
8.14523
8.14523
8.14523
8.14523
8.14523
8.14523
8.14523
8.14523
8.14523
8.14523
8.14523
8.14523
8.14523
8.14523
8.14523
8.14523
8.14523
8.14523
8.14523
8.14523
7.80053
7.80053
7.80053
7.80053
7.80053
7.80053
7.80053
7.80053
7.80053
7.80053
7.80053
7.80053
7.80053
7.80053
7.80053
7.80053
7.80053
7.80053
7.80053
7.80053
7.80053
7.80053
7.80053
7.80053
7.80053
7.80053
7.80053
7.80053
7.76898
7.76898
7.76898
7.76898
7.76898
7.76898
7.76898
7.76898
7.76898
7.76898
7.76898
7.76898
7.76898
7.76898
7.76898
7.76898
7.76898
7.76898
7.76898
7.76898
7.76898
7.76898
7.76898
7.76898
7.76898
7.76898
7.76898
7.74011
7.74011
7.74011
7.74011
7.74011
7.74011
7.74011
7.74011
7.74011
7.74011
7.65339
7.65339
7.65339
7.65339
7.65339
7.55486
7.55486
7.55486
7.55486
7.55486
7.55486
7.45672
7.45672
7.45672
7.45672
7.45672
7.40458
7.37709
7.37709
7.37709
7.37709
7.37709
7.37709
7.37709
7.37709
7.37709
7.37709
7.37709
7.37709
7.37709
7.37709
7.37709
7.37709
7.37709
7.37709
7.37709
7.37709
7.37709
7.37709
7.37709
7.23085
7.23085
7.23085
7.23085
7.23085
7.23085
7.23085
7.23085
7.23085
7.0191
7.0191
7.0191
7.0191
7.0191
7.0191
7.0191
7.0191
7.0191
7.0191
7.0191
7.0191
7.0191
7.0191
7.0191
7.0191
7.0191
7.0191
7.0191
6.66185
6.25609
6.25609
6.25609
6.25609
6.25609
6.25609
6.25609
6.25609
6.25609
6.25609
6.25609
6.25609
6.25609
6.25609
6.25609
6.25609
6.25609
6.25609
6.25609
6.25609
6.25609
6.25609
6.25609
6.25609
6.25609
6.14121
6.14121
6.14121
6.14121
6.14121
6.14121
6.14121
6.14121
6.14121
6.14121
6.14121
6.14121
6.14121
5.88731
5.88731
5.88731
5.88731
5.88731
5.88731
5.88731
5.88731
5.88731
5.88731
5.88731
5.88731
5.82159
5.82159
5.82159
5.82159
5.82159
5.82159
5.82159
5.82159
5.82159
5.82159
5.82159
5.82159
5.82159
5.82159
5.82159
5.82159
5.82159
5.82159
5.82159
5.82159
5.82159
5.82159
5.82159
5.82159
5.82159
5.82159
5.82159
5.82159
5.82159
5.82159
5.82159
5.82159
5.76035
5.76035
5.76035
5.76035
5.76035
5.76035
5.76035
5.76035
5.76035
5.76035
5.76035
5.76035
5.76035
5.76035
5.76035
5.76035
5.76035
5.76035
5.76035
5.76035
5.2638
5.2638
5.2638
5.2638
5.2638
5.2638
5.2638
5.2638
5.2638
5.2638
5.2638
5.2638
5.2638
5.2638
5.2638
5.2638
5.2638
5.2638
5.2638
5.2638
5.2638
5.2638
5.2638
5.2638
5.2638
5.2638
5.2638
5.2638
5.2638
5.2638
5.2638
5.2638
5.2638
5.2638
5.2638
5.2638
5.2638
5.2638
5.2638
5.2638
5.2638
5.2638
5.2638
5.2638
5.2638
5.23787
5.23787
5.23787
5.23787
5.23787
5.23787
5.23787
5.23787
5.23787
5.23787
5.23787
5.20535
5.20535
5.20535
5.20535
5.20535
5.20535
5.20535
5.20535
5.20535
5.20535
5.20535
5.20535
5.20535
5.20535
5.20535
5.20535
5.20535
5.20535
5.20535
5.20535
5.18836
4.98482
4.98482
4.98482
4.98482
4.98482
4.98482
4.98482
4.98482
4.98482
4.98482
4.98482
4.98482
4.98482
4.98482
4.98482
4.98482
4.98482
4.98482
4.98482
4.98482
4.98482
4.98482
4.98482
4.98482
4.98482
4.98482
4.98482
4.98482
4.98482
4.98482
4.98482
4.98482
4.98482
4.98482
4.98482
4.98482
4.98482
4.98482
4.98482
4.98482
4.98482
4.98482
4.98482
4.98482
4.94487
4.94487
4.94487
4.94487
4.87797
4.87797
4.87797
4.87797
4.87797
4.87797
4.87797
4.87797
4.87797
4.26578
4.26578
4.26578
4.26578
4.26578
4.26578
4.26578
4.26578
4.26578
4.26578
4.26578
4.26578
4.26578
4.26578
4.26578
4.26578
4.26578
4.26578
4.26578
4.26578
4.26578
4.26578
4.26578
4.26578
4.26578
4.26578
4.26578
4.26578
4.26578
4.26578
4.26578
4.26578
4.26578
4.26578
4.26578
4.26578
4.26578
4.26578
4.26578
4.26578
4.26578
4.26578
4.26578
4.26578
4.26578
4.26578
4.26578
4.26578
4.21171
4.21171
4.21171
4.21171
4.21171
4.21171
4.21171
4.21171
4.21171
4.21171
4.21171
4.14238
4.14238
4.14238
4.14238
4.14238
4.14238
4.14238
4.14238
4.14238
4.14238
4.14238
4.14238
4.14238
4.14238
4.14238
4.14238
4.14238
4.04874
4.04874
4.04874
4.04874
4.04874
4.04874
4.04874
4.04874
4.04874
4.04874
4.04874
4.04874
4.04874
4.04874
4.04874
4.02349
4.02349
4.02349
4.02349
4.02349
4.02349
4.02349
4.02349
3.9483
3.9483
3.9483
3.9483
3.9483
3.9483
3.9483
3.9483
3.9483
3.9483
3.9483
3.9483
3.9483
3.9483
3.9483
3.9483
3.93701
3.71912
3.71912
3.71912
3.71912
3.71912
3.71912
3.71912
3.71912
3.71912
3.71912
3.71912
3.71912
3.71912
3.71912
3.71912
3.71912
3.71912
3.71912
3.71912
3.58426
3.58426
3.58426
3.58426
3.58426
3.58426
3.58426
3.58426
3.58426
3.58426
3.58426
3.58426
3.58426
3.58426
3.58426
3.58426
3.58426
3.58426
3.58426
3.58426
3.58426
3.58426
3.58426
3.58426
3.58426
3.58426
3.58426
3.58426
3.58426
3.58426
3.58426
3.58426
3.58426
3.58426
3.58426
3.58426
3.58426
3.58426
3.58426
3.58426
3.58426
3.58426
3.58426
3.58426
3.58426
3.58426
3.58426
3.58426
3.58426
3.58426
3.58426
3.58426
3.58426
3.58426
3.58426
3.58426
3.58426
3.58426
3.58426
3.58426
3.58426
3.58426
3.58426
3.58426
3.58426
3.58426
3.58426
3.55144
3.55144
3.55144
3.55144
3.55144
3.55144
3.55144
3.55144
3.55144
3.55144
3.55144
3.55144
3.55144
3.55144
3.53055
3.5044
3.5044
3.5044
3.5044
3.5044
3.5044
3.5044
3.5044
3.5044
3.5044
3.5044
3.5044
3.5044
3.5044
3.5044
3.5044
3.5044
3.5044
3.5044
3.5044
3.5044
3.47306
3.47306
3.47306
3.47306
3.47306
3.47306
3.47306
3.47306
3.47306
3.47306
3.47306
3.47306
3.47306
3.47306
3.47306
3.47306
3.47306
3.47306
3.47306
3.47306
3.47306
3.47306
3.47306
3.47306
3.47306
3.47306
3.47306
3.47306
3.47306
3.47306
3.47306
3.47306
3.47306
3.47306
3.47306
3.47306
3.47306
3.47306
3.47306
3.47306
3.47306
3.47306
3.47306
3.47306
3.47306
3.47306
3.47306
3.47306
3.47306
3.47306
3.47306
3.47306
3.47306
3.47306
3.47306
3.47306
3.47306
3.47306
3.47306
3.47306
3.47306
3.47306
3.47087
3.47087
3.47087
3.47087
3.47087
3.47087
3.47087
3.47087
3.47087
3.47087
3.47087
3.47087
3.47087
3.47087
3.47087
3.47087
3.44007
3.44007
3.44007
3.44007
3.44007
3.44007
3.44007
3.44007
3.44007
3.44007
3.44007
3.44007
3.44007
3.44007
3.44007
3.44007
3.44007
3.44007
3.44007
3.44007
3.44007
3.44007
3.44007
3.44007
3.44007
3.44007
3.44007
3.44007
3.44007
3.44007
3.44007
3.44007
3.44007
3.44007
3.44007
3.44007
3.44007
3.44007
3.44007
3.44007
3.44007
3.44007
3.44007
3.44007
3.44007
3.44007
3.44007
3.44007
3.44007
3.44007
3.41394
3.41394
3.41394
3.41394
3.41394
3.41394
3.41394
3.41394
3.41394
3.41394
3.41394
3.41394
3.41394
3.41394
3.41394
3.41394
3.41394
3.41394
3.41394
3.41394
3.41394
3.41394
3.41394
3.41394
3.41394
3.41394
3.41394
3.41394
3.41394
3.41394
3.41394
3.41394
3.41394
3.41394
3.41394
3.41394
3.41394
3.41394
3.41394
3.41394
3.41394
3.41394
3.41394
3.41394
3.41394
3.41394
3.41394
3.41394
3.41394
3.41394
3.41394
3.41394
3.41394
3.41394
3.41394
3.41394
3.41394
3.41394
3.41394
3.41394
3.41394
3.41394
3.41394
3.41394
3.41394
3.41394
3.41394
3.41394
3.41394
3.41394
3.41394
3.41394
3.41394
3.41394
3.41394
3.41394
3.41394
3.41394
3.41394
3.41394
3.41394
3.41394
3.41394
3.41394
3.41394
3.41394
3.41394
3.41394
3.41394
3.41394
3.41394
3.41394
3.41394
3.41394
3.41394
3.41394
3.41394
3.41394
3.41394
3.41394
3.41394
3.41394
3.41394
3.41394
3.41394
3.41394
3.41394
3.41394
3.41394
3.41394
3.41394
3.41394
3.41394
3.41394
3.41394
3.41394
3.41394
3.41394
3.41394
3.41394
3.41394
3.41394
3.41394
3.41394
3.41394
3.41394
3.41394
3.41394
3.41394
3.41394
3.41394
3.41394
3.41394
3.41394
3.41394
3.41394
3.41394
3.41394
3.41394
3.41394
3.41394
3.41394
3.41394
3.41394
3.41394
3.41394
3.41394
3.41394
3.41394
3.41394
3.41394
3.41394
3.41394
3.41394
3.41394
3.41394
3.41394
3.41394
3.41394
3.41394
3.41394
3.41394
3.41394
3.41394
3.41394
3.41394
3.41394
3.41394
3.41394
3.41394
3.41394
3.41394
3.41394
3.41394
3.41394
3.41394
3.41394
3.41394
3.41394
3.41394
3.41394
3.41394
3.41394
3.41394
3.41394
3.41394
3.41394
3.41394
3.41394
3.41394
3.41394
3.41394
3.41394
3.41394
3.41394
3.41394
3.41394
3.41394
3.41394
3.41394
3.41394
3.41394
3.41394
3.41394
3.41394
3.41394
3.41394
3.41394
3.41394
3.41394
3.41394
3.41394
3.41394
3.41394
3.41394
3.41394
3.41394
3.41394
3.41394
3.41394
3.41394
3.41394
3.41394
3.41394
3.41394
3.41394
3.41394
3.41394
3.41394
3.41394
3.41394
3.41394
3.41394
3.41394
3.41394
3.41394
3.41394
3.41394
3.41394
3.41394
3.41394
3.41394
3.41394
3.41394
3.41394
3.41394
3.41394
3.41394
3.41394
3.41394
3.41394
3.41394
3.41394
3.41394
3.41394
3.41394
3.41394
3.41394
3.41394
3.41394
3.41394
3.41394
3.41394
3.41394
3.41394
3.41394
3.41394
3.41394
3.41394
3.41394
3.41394
3.41394
3.41394
3.41394
3.41394
3.41394
3.41394
3.41394
3.41394
3.41394
3.41394
3.41394
3.41394
3.41394
3.41394
3.41394
3.41394
3.41394
3.41394
3.41394
3.41394
3.41394
3.41394
3.41394
3.41394
3.41394
3.41394
3.41394
3.41394
3.41394
3.41394
3.41394
3.41394
3.41394
3.41394
3.41394
3.41394
3.41394
3.41394
3.41394
3.41394
3.41394
3.41394
3.41394
3.41394
3.41394
3.41394
3.41394
3.41394
3.41394
3.41394
3.41394
3.41394
3.41394
3.41394
3.41394
3.41394
3.41394
3.41394
3.41394
3.41394
3.41394
3.41394
3.41394
3.41394
3.41394
3.41394
3.41394
3.41394
3.41394
3.41394
3.41394
3.41394
3.41394
3.41394
3.41394
3.41394
3.41394
3.41394
3.41394
3.41394
3.41394
3.41394
3.41394
3.41394
3.41394
3.41394
3.41394
3.41394
3.41394
3.41394
3.41394
3.41394
3.41394
3.41394
3.41394
3.41394
3.41394
3.41394
3.41394
3.41394
3.41394
3.41394
3.41394
3.41394
3.41394
3.41394
3.41394
3.41394
3.41394
3.41394
3.41394
3.41394
3.41394
3.41394
3.41394
3.41394
3.41394
3.41394
3.41394
3.41394
3.41394
3.41394
3.41394
3.41394
3.41394
3.41394
3.41394
3.41394
3.41394
3.41394
3.41394
3.41394
3.41394
3.41394
3.41394
3.41394
3.41394
3.41394
3.41394
3.41394
3.41394
3.41394
3.41394
3.41394
3.41394
3.41394
3.41394
3.41394
3.41394
3.41394
3.41394
3.41394
3.41394
3.41394
3.41394
3.41394
3.41394
3.41394
3.41394
3.41394
3.41394
3.41394
3.41394
3.41394
3.41394
3.41394
3.41394
3.41394
3.41394
3.41394
3.41394
3.41394
3.41394
3.41394
3.41394
3.41394
3.41394
3.41394
3.41394
3.41394
3.41394
3.41394
3.41394
3.41394
3.41394
3.41394
3.41394
3.41394
3.41394
3.41394
3.41394
3.41394
3.41394
3.41394
3.41394
3.41394
3.41394
3.41394
3.41394
3.41394
3.41394
3.41394
3.41394
3.41394
3.41394
3.41394
3.41394
3.41394
3.41394
3.41394
3.41394
3.41394
3.41394
3.41394
3.41394
3.41394
3.41394
3.41394
3.41394
3.41394
3.41394
3.41394
3.41394
3.41394
3.41394
3.41394
3.41394
3.41394
3.41394
3.41394
3.41394
3.41394
3.41394
3.41394
3.41394
3.41394
3.41394
3.41394
3.41394
3.41394
3.41394
3.41394
3.41394
3.41394
3.41394
3.41394
3.41394
3.41394
3.41394
3.41394
3.41394
3.41394
3.41394


-0.139004
-0.139004
-0.139004
-0.139004
-0.139004
-0.139004
-0.139004
-0.139004
-0.139004
-0.139004
-0.139004
-0.139004
-0.139004
-0.139004
-0.139004
-0.139004
-0.139004
-0.139004
-0.139004
-0.139004
-0.139004
-0.139004
-0.139004
-0.139004
-0.139004
-0.139004
-0.139004
-0.139004
-0.139004
3.58511

0.031

