50.9173
50.9173
50.9173
48.5823
48.5823
48.5823
48.5823
48.1247
48.1247
48.1247
48.1247
48.1247
48.1247
48.1247
48.1247
48.1247
48.0976
48.0976
48.0976
48.0976
47.4223
46.9357
46.9357
45.2468
45.2468
45.2468
45.2468
45.2468
45.2468
43.4258
42.445
42.445
42.445
41.4136
41.3147
41.3147
41.3147
41.3147
41.3147
41.3147
41.3147
41.3147
41.3147
40.9945
40.9945
40.9945
40.9945
40.9945
40.9945
40.9945
40.9945
40.9945
40.9945
40.9945
40.9945
40.4651
40.4651
40.4651
40.4651
40.363
40.363
38.8156
38.8156
37.1112
37.1112
37.1112
37.1112
37.1112
34.9028
34.1934
34.1934
34.1934
34.1934
34.1934
34.1934
34.1934
34.1934
34.1934
34.1934
31.2279
31.2279
31.22
31.22
31.22
31.22
31.22
31.22
31.22
31.22
31.22
31.22
31.22
31.0924
31.0924
30.1726
30.1726
30.0241
30.0241
30.0241
30.0241
29.9194
29.9194
29.9194
29.3049
28.9975
28.9975
28.9975
28.9975
28.9975
27.2383
27.2383
25.4929
25.4929
25.4929
25.4929
25.4929
25.4929
25.4181
25.0749
25.0749
24.5814
24.5001
24.5001
24.5001
24.5001
24.5001
24.5001
24.5001
24.5001
24.5001
24.5001
24.5001
24.5001
24.4675
24.4675
24.3263
24.3263
24.3263
24.3263
24.3263
24.3263
23.9948
23.8318
23.8318
23.8318
23.8318
23.8318
23.8318
23.8318
23.8318
23.8318
23.8318
23.8318
23.8318
23.8318
23.8318
23.8318
23.8318
23.8318
23.8318
23.8318
23.8318
23.8318
23.8318
23.8318
23.8318
23.8318
23.8318
23.3871
23.2517
23.2517
23.2517
22.9011
22.9011
22.6125
22.6125
22.6125
22.6125
22.6125
20.2714
20.2025
20.2025
20.2025
20.2025
20.2025
20.2025
20.2025
20.2025
20.2025
20.2025
20.2025
20.2025
20.2025
20.2025
20.2025
20.2025
16.2641
16.2641
16.2641
16.1756
15.993
15.993
15.993
15.993
15.993
15.993
15.993
15.993
15.993
15.993
15.993
15.993
15.993
15.993
15.993
15.993
15.993
15.993
15.993
15.993
15.993
15.993
13.9464
13.9464
13.9464
13.0986
13.0986
13.0986
13.0986
13.0986
13.0986
13.0986
13.0986
13.0665
13.0665
13.0665
13.0665
13.0665
12.894
11.8116
11.8116
11.8116
11.6167
11.6167
11.6167
11.6167
11.6167
11.6167
11.6167
11.6167
11.6167
11.6167
11.6167
11.6167
11.6167
11.6167
11.6167
11.6167
11.6167
11.6167
11.6167
11.6167
11.6167
11.6167
11.3695
11.3695
11.1987
11.1987
11.1987
11.1987
11.1987
11.1987
11.1987
11.1987
11.1987
11.1987
11.1987
11.1987
11.1987
11.1987
11.1987
11.1987
11.1987
11.1987
11.1987
11.1987
11.1987
11.1987
11.1847
10.8914
10.8914
10.8914
10.8914
10.8914
10.8914
10.8914
10.8914
10.8914
10.8914
10.8914
10.8914
10.8914
10.8914
10.8914
10.8914
10.8914
10.6218
10.6218
10.6218
10.6218
10.6013
10.579
10.579
10.5664
10.4951
10.4951
10.4951
10.4951
10.4951
10.4951
10.4951
10.4951
10.4951
10.4951
10.4951
10.4951
10.4951
10.4951
10.4951
10.4951
10.4951
10.4951
10.4951
10.4951
10.4951
10.4951
10.4951
10.4951
10.4951
10.4951
10.2037
10.2037
10.2037
10.2037
10.2037
10.2037
10.2037
10.2037
10.2037
10.2037
10.2037
10.2037
10.2037
10.2037
10.2037
10.2037
10.2037
10.2037
10.2037
10.2037
10.2037
10.2037
10.2037
10.2037
10.2037
10.2037
10.2037
10.2037
10.2037
10.2037
10.2037
10.2037
10.2037
10.2037
10.2037
10.2037
10.2037
10.2037
10.2037
10.2037
10.2037
10.2037
10.2037
10.2037
10.2037
10.2037
10.1185
10.1185
10.1185
10.1185
10.1185
10.1185
10.1185
10.1185
10.1185
10.1185
10.1185
10.1185
10.1185
10.1185
10.1185
10.1185
10.1185
10.1185
10.1185
10.1185
10.1185
10.1185
10.1185
10.1185
10.1185
10.1185
10.1185
10.1185
10.1185
10.1185
10.1185
10.1185
10.1185
10.1185
10.1185
10.1185
10.1185
10.1185
9.85264
9.85264
9.85264
9.85264
9.85264
9.85264
9.85264
9.85264
9.85264
9.85264
9.85264
9.85264
9.85264
9.85264
9.85264
9.85264
9.85264
9.85264
9.85264
9.85264
9.85264
9.85264
9.85264
9.85264
9.85264
9.85264
9.85264
9.85264
9.85264
9.85264
9.85264
9.85264
9.85264
9.85264
9.85264
9.85264
9.85264
9.85264
9.85264
9.85264
9.85264
9.85264
9.85264
9.85264
9.85264
9.85264
9.85264
9.85264
9.85264
9.85264
9.85264
9.85264
9.85264
9.85264
9.85264
9.85264
9.85264
9.85264
9.85264
9.85264
9.85264
9.85264
9.85264
9.85264
9.85264
9.85264
9.85264
9.85264
9.85264
9.85264
9.85264
9.85264
9.85264
9.85264
9.85264
9.85264
9.85264
9.85264
9.85264
9.85264
9.85264
9.85264
9.85264
9.85264
9.85264
9.85264
9.85264
9.85264
9.85264
9.85264
9.85264
9.85264
9.85264
9.85264
9.85264
9.85264
9.85264
9.85264
9.85264
9.85264
9.85264
9.85264
9.85264
9.85264
9.85264
9.85264
9.85264
9.85264
9.85264
9.85264
9.68754
9.68754
9.62109
8.97235
8.97235
8.97235
8.97235
8.97235
8.97235
8.97235
8.97235
8.97235
8.97235
8.97235
8.97235
8.97235
8.97235
8.97235
8.97235
8.86716
8.86716
8.82477
8.82477
8.82477
8.82477
8.82477
8.82477
8.82477
8.82477
8.82477
8.82477
8.82477
8.82477
8.82477
8.82477
8.82477
8.82477
8.82477
8.82477
8.82477
8.82477
8.82477
8.82477
8.82477
8.82477
8.82477
8.82477
8.82477
8.82477
8.82477
8.82477
8.82477
8.82477
8.67069
8.67069
8.67069
8.67069
8.67069
8.67069
8.67069
8.67069
8.67069
8.67069
8.67069
8.67069
8.67069
8.67069
8.67069
8.67069
8.67069
8.67069
8.67069
8.67069
8.67069
8.56271
8.56271
8.56271
8.56271
8.56271
8.56271
8.56271
8.56271
8.56271
8.56271
8.56271
8.56271
8.56271
8.56271
8.56271
8.56271
8.56271
8.56271
8.56271
8.56271
8.56271
8.56271
8.56271
8.56271
8.56271
8.56271
8.56271
8.56271
8.56271
8.56271
8.56271
8.56271
8.56271
8.56271
8.56271
8.56271
8.56271
8.56271
8.56271
8.56271
8.56271
8.56271
8.56271
8.56271
7.60443
7.60443
7.60443
7.60443
7.60443
7.60443
7.60443
7.60443
7.60443
7.60443
7.60443
7.60443
7.60443
7.60443
7.60443
7.60443
7.60443
7.60443
7.60443
7.60443
7.60443
7.60443
7.60443
7.60443
7.60443
7.60443
7.60443
7.60443
7.60443
7.60443
7.60443
7.60443
7.60443
7.60443
7.60443
7.60443
7.60443
7.60443
7.60443
7.60443
7.60443
7.60443
7.60443
7.60443
7.60443
7.60443
7.60443
7.60443
7.60443
7.60443
7.60443
7.12094
7.12094
7.12094
7.12094
7.12094
7.12094
7.12094
7.12094
7.12094
7.12094
6.98788
6.98788
6.75068
6.75068
6.75068
6.75068
6.75068
6.75068
6.75068
6.75068
6.75068
6.75068
6.75068
6.75068
6.46382
6.46382
6.46382
6.46382
6.46382
6.46382
6.46382
6.46382
6.46382
6.46382
6.46382
6.46382
6.46382
6.46382
6.46382
6.46382
6.46382
6.46382
6.46382
6.46382
6.46382
6.46382
6.46382
6.46382
6.46382
6.46382
6.46382
6.46382
6.46382
6.46382
6.46382
6.46382
6.46382
6.46382
6.46382
6.46382
6.46382
6.46382
6.46382
6.46382
6.46382
6.46382
6.46382
6.46382
6.46382
6.46382
6.46382
6.46382
6.46382
6.46382
6.46382
6.46382
6.46382
6.46382
6.46382
6.46382
6.46382
6.46382
6.46382
6.46382
6.46382
6.46382
6.46382
6.46382
6.46382
6.46382
6.46382
6.46382
6.46382
6.46382
6.46382
6.46382
6.46382
6.46382
6.46382
6.46382
6.46382
6.46382
6.46382
6.46382
6.46382
6.46382
6.46382
6.46382
6.46382
6.46382
6.46382
6.46382
6.46382
6.46382
6.46382
6.46382
6.46382
6.46382
6.46382
6.46382
6.46382
6.46382
6.46382
6.46382
6.46382
6.46382
6.46382
6.46382
6.46382
6.46382
6.46382
6.46382
6.46382
6.46382
6.46382
6.46382
6.46382
6.46382
6.46382
6.46382
6.46382
6.46382
6.46382
6.46382
6.46382
6.46382
4.76386
4.76386
4.76386
4.76386
4.76386
4.76386
4.76386
4.76386
4.76386
4.76386
4.76386
4.76386
4.76386
4.76386
4.76386
4.76386
4.76386
4.76386
4.76386
4.76386
4.76386
4.76386
4.76386
4.76386
4.76386
4.76386
4.76386
4.76386
4.76386
4.76386
4.76386
4.76386
4.76386
4.75467
4.73141
4.73141
4.73141
4.73141
4.73141
4.73141
4.73141
4.73141
4.73141
4.73141
4.73141
4.73141
4.73141
4.73141
4.73141
4.73141
4.73141
4.73141
4.73141
4.73141
4.64069
4.64069
4.64069
4.64069
4.64069
4.64069
4.64069
4.64069
4.64069
4.64069
4.64069
4.64069
4.64069
4.64069
4.64069
4.64069
4.62526
4.62526
4.62526
4.62526
4.62526
4.62526
4.62526
4.62526
4.62526
4.62526
4.62526
4.62526
4.62526
4.62526
4.62526
4.62526
4.62526
4.62526
4.62526
4.62526
4.62526
4.62526
4.62526
4.62526
4.62526
4.62526
4.62526
4.62526
4.07471
4.07471
4.07471
4.07471
4.07471
4.07471
4.07471
4.07471
4.07471
4.07471
4.07471
4.07471
4.07471
4.07471
4.07471
4.07471
4.07471
4.07471
4.07471
4.07471
4.07471
4.07471
4.07471
4.07471
4.07471
4.07471
4.07471
4.07471
4.07471
4.07471
4.07471
4.07471
4.07471
4.07471
4.07471
4.07471
4.07471
4.07471
4.07471
4.07471
4.07471
4.07471
4.07471
4.07471
4.07471
4.07471
4.07471
4.07471
4.07471
4.07471
4.07471
4.07471
4.07471
4.07471
4.07471
4.07471
4.07471
4.07471
4.07471
4.07471
4.07471
4.07471
4.07471
4.07471
4.07471
4.07471
4.07471
4.07471
4.07471
4.07471
4.07471
4.07471
4.07471
4.07471
4.07471
4.07471
4.07471
4.07471
4.07471
4.07471
4.07471
4.07471
4.07471
4.07471
4.07471
4.07471
4.07471
4.07471
4.07471
3.92583
3.92583
3.91076
3.91076
3.91076
3.91076
3.91076
3.91076
3.91076
3.91076
3.91076
3.91076
3.91076
3.91076
3.91076
3.91076
3.91076
3.91076
3.91076
3.91076
3.91076
3.91076
3.91076
3.91076
3.91076
3.77931
3.77931
3.77931
3.77931
3.77931
3.77931
3.77931
3.77931
3.77931
3.32971
3.32971
3.32971
3.32971
3.32971
3.15411
3.13735
3.13735
3.13735
3.13735
3.04875
3.04875
2.88337
2.88337
2.88337
2.88337
2.88337
2.88337
2.88337
2.88337
2.88337
2.88337
2.88337
2.88337
2.88337
2.88337
2.88337
2.88337
2.88337
2.88337
2.88337
2.88337
2.88337
2.88337
2.88337
2.88337
2.88337
2.88337
2.88337
2.88337
2.88337
2.88337
2.88337
2.88337
2.88337
2.88337
2.88337
2.88337
2.88337
2.88337
2.88337
2.88337
2.88337
2.88337
2.88337
2.88337
2.88337
2.88337
2.88337
2.88337
2.88337
2.88337
2.88337
2.88337
2.88337
2.88337
2.88337
2.88337
2.88337
2.88337
2.88337
2.88337
2.84431
2.84431
2.84431
2.84431
2.84431
2.84431
2.84431
2.84431
2.84431
2.84431
2.84431
2.84431
2.84431
2.84431
2.84431
2.84431
2.84431
2.84431
2.84431
2.84431
2.84431
2.84431
2.84431
2.84431
2.84431
2.84431
2.84431
2.84431
2.84431
2.84431
2.84431
2.84431
2.84431
2.68831
2.68831
2.68831
2.6424
2.58564
2.58564
2.58564
2.58564
2.58564
2.58564
2.58564
2.58564
2.58564
2.58564
2.57572
2.57572
2.57572
2.57572
2.57572
2.57572
2.57572
2.57572
2.57572
2.57572
2.57572
2.57572
2.57572
2.57572
2.57572
2.57572
2.57572
2.57572
2.57572
2.57572
2.57572
2.57572
2.57572
2.57572
2.57572
2.57572
2.57572
2.57572
2.57572
2.57572
2.57572
2.57572
2.57572
2.57572
2.57572
2.57572
2.57572
2.51283
2.51283
2.51024
2.51024
2.51024
2.46841
2.4527
2.4527
2.4527
2.4527
2.4527
2.4527
2.4527
2.4527
2.4527
2.4527
2.4527
2.4527
2.4527
2.4527
2.4527
2.4527
2.4527
2.4527
2.4527
2.4527
2.4527
2.4527
2.4527
2.4527
2.4527
2.4527
2.4527
2.4527
2.4527
2.4527
2.4527
2.4527
2.4527
2.4527
2.4527
2.4527
2.4527
2.4527
2.4527
2.4527
2.4527
2.4527
2.4527
2.4527
2.4527
2.4527
2.4527
2.4527
2.4527
2.4527
2.4527
2.4527
2.4527
2.4527
2.4527
2.4527
2.4527
2.4527
2.4527
2.4527
2.4527
2.4527
2.4527
2.4527
2.43409
2.43409
2.43409
2.43409
2.43409
2.43409
2.43409
2.43409
2.43409
2.43409
2.43409
2.43409
2.43409
2.43409
2.43409
2.43409
2.43409
2.43409
2.43409
2.43409
2.43409
2.43409
2.43409
2.43409
2.43409
2.43409
2.43409
2.43409
2.43409
2.43409
2.43409
2.43409
2.43409
2.43409
2.43409
2.43409
2.43409
2.43409
2.43409
2.43409
2.43409
2.43409
2.43409
2.43409
2.43409
2.43409
2.43409
2.43409
2.43409
2.43409
2.43409
2.43409
2.43409
2.43409
2.43409
2.43409
2.43409
2.43409
2.43409
2.43409
2.43409
2.43409
2.43409
2.43409
2.43409
2.43409
2.43409
2.43409
2.43409
2.43409
2.43409
2.43409
2.43409
2.43409
2.43409
2.43409
2.43409
2.43409
2.43409
2.43409
2.43409
2.43409
2.43409
2.43409
2.43409
2.43409
2.43409
2.43409
2.43409
2.43409
2.43409
2.43409
2.43409
2.43409
2.43409
2.43409
2.43409
2.43409
2.43409
2.43409
2.43409
2.43409
2.43409
2.43409
2.43409
2.43409
2.43409
2.43409
2.43409
2.43409
2.43409
2.43409
2.43409
2.43409
2.43409
2.43409
2.43409
2.43409
2.43409
2.43409
2.43409
2.43409
2.43409
2.43409
2.43409
2.43409
2.43409
2.43409
2.43409
2.43409
2.43409
2.43409
2.43409
2.43409
2.43409
2.43409
2.43409
2.43409
2.43409
2.43409
2.43409
2.43409
2.43409
2.43409
2.43409
2.43409
2.43409
2.43409
2.43409
2.43409
2.43409
2.43409
2.43409
2.43409
2.43409
2.43409
2.43409
2.43409
2.43409
2.43409
2.43409
2.43409
2.43409
2.43409
2.43409
2.43409
2.43409
2.43409
2.43409
2.43409
2.43409
2.43409
2.43409
2.43409
2.43409
2.43409
2.43409
2.43409
2.43409
2.43409
2.43409
2.43409
2.43409
2.43409
2.43409
2.43409
2.43409
2.43409
2.43409
2.43409
2.43409
2.3655
2.3655
2.3655
2.3655
2.3655
2.3655
2.3655
2.3655
2.3655
2.3655
2.3655
2.3655
2.3655
2.3655
2.3655
2.3655
2.3655
2.3655
2.3655
2.3655
2.3655
2.3655
2.3655
2.3655
2.3655
2.3655
2.3655
2.3655
2.3655
2.3655
2.3655
2.3655
2.3655
2.3655
2.3655
2.3655
2.3655
2.3655
2.3655
2.3655
2.3655
2.3655
2.3655
2.3655
2.3655
2.3655
2.3655
2.3655
2.3655
2.3655
2.3655
2.3655
2.3655
2.3655
2.3655
2.3655
2.3655
2.3655
2.3655
2.3655
2.3655
2.3655
2.3655
2.3655
2.3655
2.3655
2.3655
2.3655
2.3655
2.3655
2.3655
2.3655
2.3655
2.3655
2.3655
2.3655
2.3655
2.3655
2.3655
2.3655
2.3655
2.3655
2.3655
2.3655
2.3655
2.3655
2.3655
2.3655
2.3655
2.3655
2.3655
2.3655
2.3655
2.3655
2.3655
2.3655
2.3655
2.3655
2.3655
2.3655
2.3655
2.3655
2.3655
2.3655
2.3655
2.3655
2.3655
2.3655
2.3655
2.3655
2.3655
2.3655
2.3655
2.3655
2.3655
2.3655
2.3655
2.3655
2.3655
2.3655
2.3655
2.3655
2.3655
2.3655
2.3655
2.3655
2.3655
2.3655
2.3655
2.3655
2.3655
2.3655
2.3655
2.3655
2.3655
2.3655
2.3655
2.3655
2.3655
2.3655
2.3655
2.3655
2.3655
2.3655
2.3655
2.3655
2.3655
2.3655
2.3655
2.3655
2.3655
2.3655
2.3655
2.3655
2.3655
2.3655
2.3655
2.3655
2.3655
2.3655
2.3655
2.3655
2.3655
2.3655
2.3655
2.3655
2.3655
2.3655
2.3655
2.3655
2.3655
2.3655
2.3655
2.3655
2.3655
2.3655
2.3655
2.3655
2.3655
2.3655
2.3655
2.3655
2.3062
2.3062
2.3062
2.3062
2.3062
2.3062
2.3062
2.3062
2.3062
2.3062
2.3062
2.3062
2.3062
2.3062
2.3062
2.3062
2.3062
2.3062
2.3062
2.3062
2.3062
2.3062
2.3062
2.3062
2.3062
2.3062
2.3062
2.3062
2.3062
2.3062
2.3062
2.3062
2.3062
2.3062
2.3062
2.3062
2.3062
2.3062
2.3062
2.3062
2.3062
2.3062
2.3062
2.3062
2.3062
2.3062
2.3062
2.24587
2.23756
2.23756
2.23756
2.23756
2.23756
2.23756
2.23756
2.23756
2.23756
2.23756
2.23756
2.23756
2.23756
2.23756
2.23756
2.23756
2.23756
2.23756
2.23756
2.23756
2.23756
2.23756
2.23756
2.23756
2.23756
2.23756
2.23756
2.23756
2.23756
2.23756
2.23756
2.23756
2.23756
2.23756
2.23756
2.23756
2.23756
2.23756
2.23756
2.23756
2.23756
2.23756
2.23756
2.23756
2.23756
2.23756
2.23756
2.23756
2.23756
2.23756
2.23756
2.23756
2.23756
2.23756
2.23756
2.23756
2.23756
2.23756
2.23756
2.23756
2.23756
2.23756
2.23756
2.23756
2.23756
2.23756
2.23756
2.23756
2.23756
2.23756
2.23756
2.23756
2.23756
2.15336
2.15336
2.15336
2.15336
2.15336
2.15336
2.15336
2.15336
2.15336
2.15336
2.15336
2.15336
2.15336
2.15336
2.15336
2.15336
2.15336
2.15336
2.15336
2.15336
2.15336
2.15336
2.15336
2.15336
2.15336
2.15336
2.15336
2.15336
2.15336
2.15336
2.15336
2.15336
2.15336
2.15336
2.15336
2.15336
2.15336
2.15336
2.15336
2.15336
2.15336
2.15336
2.15336
2.15336
2.15336
2.15336
2.15336
2.15336
2.15336
2.15336
2.15336
2.15336
2.15336
2.15336
2.15336
2.15336
2.15336
2.15336
2.15336
2.15336
2.15336
2.15336
2.15336
2.15336
2.15336
2.15336
2.15336
2.15336
2.15336
2.15336
2.15336
2.15336
2.15336
2.15336
2.15336
2.15336
2.15336
2.15336
2.15336
2.15336
2.15336
2.15336
2.15336
2.15336
2.15336
2.15336
2.15336
2.15336
2.15336
2.15336
2.15336
2.15336
2.15336
2.15336
2.15336
2.15336
2.15336
2.15336
2.15336
2.15336
2.15336
2.15336
2.15336
2.15336
2.15336
2.15336
2.15336
2.15336
2.15336
2.15336
2.15336
2.15336
2.15336
2.15336
2.15336
2.15336
2.15336
2.15336
2.15336
2.15336
2.15336
2.14613
2.14613
2.14613
2.14613
2.14613
2.14613
2.14613
2.14613
2.14613
2.14613
2.14613
2.14613
2.14613
2.14613
2.14613
2.14613
2.14613
2.14613
2.14613
2.14613
2.14613
2.14613
2.14613
2.14613
2.14613
2.10627
2.10627
2.10627
2.10627
2.10627
2.10627
2.10627
2.10627
2.10627
2.10627
2.10627
2.10627
2.10627
2.10627
2.10627
2.10627
2.10627
2.10627
2.10627
2.10627
2.10627
2.10627
2.10627
2.10627
2.10627
2.10627
2.10627
2.10627
2.10627
2.10627
2.10627
2.10627
2.10627
2.10627
2.10627
2.10627
2.10627
2.10627
2.10627
2.10627
2.10627
2.10627
2.10627
2.10627
2.10627
2.10627
2.10627
2.10627
2.10627
2.10627
2.10627
2.10627
2.10627
2.10627
2.10627
2.10627
2.10627
2.10627
2.10627
2.10627
2.10627
2.10627
2.10627
2.10627


0.123142
-0.0422681
-0.347282
0.0027588
0.00151379
-0.0645296
0.0011012
-0.147688
0.00564592
0.0315669
-0.00868264
0.211646
0.0629795
0.092461
0.104176
0.0865284
0.0572646
-0.0383479
0.0655359
0.07004
-0.00503555
-0.0526444
-0.0627942
-0.012051
-0.0882822
-0.135882
-0.0885052
-0.0551423
-0.0215449
0.0192263

0.019

