255399
103177
103177
97411.7
97411.7
97411.7
97411.7
91046.9
81819.3
75414.6
58153.9
58153.9
58153.9
58153.9
49827.8
49670.6
45456.7
45456.7
45456.7
45456.7
42699.1
42699.1
42699.1
39490.7
39490.7
39490.7
36532.8
36532.8
34536.4
34536.4
34536.4
22691.5
22691.5
22691.5
22691.5
22691.5
22691.5
22691.5
22691.5
22691.5
22691.5
22691.5
22691.5
22691.5
22691.5
22691.5
22691.5
20986.6
20986.6
20198.9
20198.9
18785.6
18785.6
18785.6
18785.6
18785.6
18785.6
18785.6
18785.6
18785.6
18785.6
18785.6
18785.6
18785.6
18411.7
18411.7
18411.7
18411.7
18411.7
18411.7
16465.6
16465.6
16465.6
15467.5
15467.5
15467.5
15467.5
15467.5
14691.7
14691.7
14691.7
10918.2
10918.2
10918.2
10918.2
10918.2
10918.2
10918.2
10918.2
10918.2
10918.2
10918.2
10918.2
10918.2
9589.66
9589.66
9589.66
9589.66
9589.66
9589.66
9589.66
9589.66
9589.66
9589.66
9589.66
9589.66
9589.66
8677.05
8677.05
8677.05
8677.05
8181.12
8181.12
8181.12
8181.12
8181.12
8181.12
8181.12
8181.12
8181.12
8181.12
8181.12
7782.95
7782.95
7782.95
7782.95
7782.95
7782.95
7782.95
7782.95
7685.01
7685.01
7685.01
7685.01
7685.01
7685.01
7685.01
7685.01
7685.01
7685.01
7685.01
7685.01
7685.01
7685.01
7685.01
7685.01
7685.01
7685.01
7685.01
7685.01
7685.01
7685.01
7685.01
7685.01
7685.01
7685.01
7685.01
7685.01
6754.86
6617.43
6617.43
6617.43
6617.43
6617.43
6617.43
6617.43
6617.43
6617.43
6617.43
6617.43
6617.43
6617.43
6617.43
6617.43
6617.43
6617.43
6617.43
6617.43
6617.43
6617.43
6617.43
6617.43
6617.43
6617.43
6617.43
6617.43
6617.43
6617.43
6617.43
6617.43
6617.43
6617.43
6617.43
6617.43
6617.43
6617.43
6617.43
6617.43
6617.43
6617.43
6617.43
6537.3
6537.3
4423.75
4423.75
4423.75
4423.75
4423.75
4423.75
4423.75
4423.75
4423.75
4423.75
4423.75
4423.75
4423.75
4423.75
4423.75
4423.75
4423.75
4423.75
3928.41
3928.41
3928.41
3928.41
3928.41
3928.41
3709.88
3709.88
3709.88
3709.88
3709.88
3709.88
3709.88
3709.88
3709.88
3709.88
3709.88
3709.88
3709.88
3709.88
3709.88
3709.88
3709.88
3709.88
3709.88
3709.88
3709.88
3709.88
3709.88
3709.88
3709.88
3709.88
3709.88
3709.88
3709.88
3709.88
3709.88
3709.88
3709.88
3709.88
3709.88
3709.88
3709.88
3541.93
3461.7
3448.35
3448.35
3314.06
3314.06
3275.64
3275.64
3249.33
3249.33
3249.33
3144.46
3084.62
3084.62
3084.62
3084.62
3084.62
3084.62
3084.62
3084.62
3084.62
3084.62
3084.62
2751.77
2707.78
2707.78
2707.78
2707.78
2707.78
2707.78
2707.78
2699.1
2699.1
2699.1
2699.1
2699.1
2584.12
2482.45
2482.45
2443.04
2443.04
2443.04
2443.04
2443.04
2443.04
2443.04
2443.04
2443.04
2443.04
2443.04
2443.04
2443.04
2443.04
2443.04
2380.8
2380.8
2380.8
2342.59
2342.59
2342.59
2087.28
2087.28
2087.28
2087.28
2087.28
2087.28
2087.28
2087.28
1955.97
1955.97
1955.97
1955.97
1955.97
1955.97
1893.07
1893.07
1893.07
1893.07
1893.07
1893.07
1893.07
1893.07
1893.07
1893.07
1893.07
1893.07
1744.9
1744.9
1744.9
1744.9
1744.9
1636.34
1612.23
1612.23
1602.26
1602.26
1588.08
1588.08
1588.08
1588.08
1578.16
1578.16
1578.16
1522.28
1522.28
1441.09
1441.09
1297.71
1297.71
1297.71
1173.42
1173.42
1173.42
1173.42
1173.42
1114.18
1114.18
1114.18
1114.18
1096.44
1096.44
1096.44
1096.44
1096.44
1096.44
1096.44
1096.44
1096.44
1096.44
1096.44
1096.44
1096.44
1089.83
1089.83
1089.83
1089.83
1089.83
1089.83
1022.2
1022.2
1022.2
961.43
961.43
961.43
961.43
961.43
961.43
961.43
961.43
961.43
961.43
961.43
961.43
961.43
961.43
961.43
961.43
953.204
953.171
953.171
953.158
947.958
945.002
943.267
942.217
941.562
941.143
940.869
940.686
940.563
940.479
940.422
940.382
940.355
940.335
940.322
940.313
940.306
940.302
940.299
940.296
940.295
940.294
940.293
940.292
940.292
940.292
940.292
940.291
940.291
940.291
940.291
940.291
940.291
940.291
940.291
940.291
940.291
940.291
940.291
940.291
940.291
940.291
940.291
940.291
940.291
940.291
940.291
940.291
940.291
940.291
940.291
940.291
940.291
940.291
940.291
940.291
940.291
940.291
853.559
847.36
847.36
791.092
791.092
791.092
791.092
791.092
791.092
791.092
791.092
791.092
791.092
791.092
791.092
791.092
791.092
791.092
791.092
791.092
791.092
791.092
791.092
764.917
764.917
764.917
764.917
764.917
764.917
764.917
764.917
740.664
740.664
740.664
740.664
734.134
734.134
734.134
734.134
718.996
718.996
718.996
718.996
718.996
718.996
718.996
718.996
718.996
718.996
718.996
718.996
718.996
718.996
718.996
718.996
718.996
718.996
718.996
718.996
718.996
718.996
718.996
718.996
718.996
718.996
718.996
718.996
718.996
718.996
718.996
718.996
712.797
712.797
712.797
712.797
712.797
712.797
712.797
712.797
712.797
712.797
652.008
652.008
652.008
652.008
652.008
652.008
652.008
652.008
652.008
652.008
652.008
652.008
652.008
652.008
652.008
652.008
652.008
652.008
652.008
652.008
652.008
652.008
652.008
652.008
652.008
652.008
652.008
652.008
652.008
648.126
648.126
625.683
625.683
625.683
554.997
554.997
554.997
554.997
554.997
554.997
554.997
544.27
544.27
544.27
532.157
532.157
532.157
532.157
532.157
532.157
447.288
447.288
447.288
447.288
447.288
447.288
447.288
447.288
447.288
447.288
416.385
416.385
416.385
416.385
416.385
416.385
416.385
387.316
387.316
387.316
387.316
376.782
376.782
376.782
376.782
376.782
376.782
376.782
365.231
365.231
360.84
360.84
360.84
360.84
360.84
360.84
360.84
360.84
360.84
360.84
360.84
360.84
360.84
360.84
360.84
360.84
360.84
360.84
360.84
354.021
354.021
354.021
354.021
354.021
354.021
354.021
349.71
347.214
346.328
346.131
346.131
346.131
345.952
345.519
345.234
345.044
344.915
344.827
344.767
344.725
344.696
344.676
344.662
344.652
344.645
344.64
344.637
344.635
344.633
344.632
344.631
344.63
344.63
344.63
344.63
344.629
344.629
344.629
344.629
344.629
344.629
344.629
344.629
344.629
344.629
344.629
344.629
344.629
344.629
344.629
344.629
344.629
344.629
344.629
344.629
344.629
344.629
344.629
344.629
344.629
344.629
344.629
344.629
344.629
344.629
344.629
344.629
344.629
344.629
344.629
344.629
344.629
344.629
344.629
344.629
344.629
344.629
344.629
344.629
344.629
344.629
344.629
344.629
344.629
344.629
344.629
344.629
344.629
344.629
344.629
344.629
344.629
344.629
344.629
344.629
344.629
344.629
344.629
344.629
344.629
344.629
344.629
344.629
344.629
344.629
344.629
344.629
344.629
344.629
344.629
344.629
344.629
344.629
344.629
344.629
344.629
344.629
344.629
344.629
344.629
344.629
344.629
344.629
344.629
344.629
344.629
344.629
344.629
344.629
344.629
344.629
344.629
344.629
344.629
338.51
338.51
338.51
338.51
337.513
337.513
337.513
326.457
326.457
326.457
326.457
326.457
326.457
326.457
326.457
288.569
288.569
288.569
288.569
288.569
288.569
286.076
286.076
271.069
271.069
271.069
271.069
247.828
247.828
247.828
247.828
247.828
247.828
246.923
246.923
246.923
246.923
246.923
246.923
246.923
246.923
246.923
246.923
246.923
246.923
246.923
246.923
237.605
228.705
228.705
228.705
228.705
228.705
228.705
228.705
228.705
228.705
228.705
228.705
228.705
228.705
228.705
228.705
225.362
225.362
225.362
225.362
224.142
219.903
217.457
216.002
215.108
214.544
214.179
213.938
213.777
213.668
213.593
213.542
213.506
213.481
213.464
213.452
213.444
213.438
213.434
213.431
212.511
208.222
205.713
204.514
203.946
203.683
203.564
203.513
203.493
203.486
203.485
203.485
203.485
203.468
203.417
203.385
203.364
203.35
203.34
203.334
203.33
203.327
203.324
203.323
203.322
203.321
203.321
203.321
203.32
203.32
203.32
203.32
203.32
203.32
203.32
203.32
203.32
203.32
203.32
203.32
203.32
203.32
203.32
203.32
203.32
203.32
203.32
203.32
203.32
203.32
203.32
203.32
196.307
192.724
188.077
188.077
187.243
185.105
183.66
183.66
181.791
181.791
181.513
180.493
180.493
180.493
180.493
180.142
180.142
180.142
179.488
179.038
178.921
178.921
178.921
178.777
178.5
178.391
178.357
178.353
178.353
178.299
178.266
178.248
178.237
178.231
178.228
178.226
178.224
178.223
178.223
178.222
178.222
178.222
178.222
178.221
177.075
177.075
177.075
177.075
177.075
177.075
177.075
177.075
177.075
177.075
177.075
177.075
177.075
177.075
177.075
177.075
177.075
177.075
177.075
177.075
176.907
175.477
175.477
174.21
173.639
173.639
173.085
170.984
170.984
170.984
170.984
170.398
170.136
170.123
170.123
169.677
169.49
169.446
169.446
169.43
169.43
169.2
169.045
168.945
168.878
168.833
168.802
168.022
168.022
168.022
167.526
167.036
166.756
166.591
166.491
166.429
166.389
166.363
166.345
166.333
166.231
165.939
165.807
165.783
165.783
162.017
157.891
157.891
157.891
155.897
155.897
155.897
155.897
155.897
155.897
155.897
155.897
155.897
155.897
155.897
155.897
155.897
155.897
155.897
155.897
150.639
150.639
148.483
138.653
138.653
138.653
113.893
113.893
113.893
113.893
113.893
113.893
113.893
113.893
113.388
113.388
113.388
113.388
113.34
113.34
113.34
113.34
113.34
113.34
113.34
113.34
113.34
113.34
113.143
113.143
113.143
113.143
113.143
113.143
113.143
113.143
113.03
113.03
113.03
113.03
113.03
113.03
113.03
113.03
111.53
111.53
111.53
111.53
109.923
109.923
109.923
109.923
104.762
104.762
104.762
104.762
103.687
103.441
103.441
103.246
103.246
103.246
103.246
103.246
103.246
103.246
103.246
103.246
103.246
103.246
103.246
103.246
103.246
103.246
103.246
103.246
103.246
103.246
103.246
103.246
103.246
103.246
103.246
103.246
103.246
103.246
103.246
103.246
103.246
103.246
103.246
103.246
103.246
103.246
103.246
103.246
103.246
103.246
103.246
103.246
103.195
103.195
103.195
103.195
103.195
103.195
103.195
103.195
103.195
103.195
103.195
103.195
103.195
103.195
103.195
103.195
103.195
103.195
103.195
103.195
103.195
103.19
103.182
103.182
103.182
103.182
103.182
103.182
98.581
98.581
86.1331
86.1331
86.1331
86.1331
86.1331
86.1331
86.1331
86.1331
86.1331
86.1331
86.1331
86.1331
86.1331
86.1331
86.1331
86.1331
86.1331
86.1331
86.1331
86.1331
86.1331
86.1331
86.1331
86.1331
86.1331
86.1331
86.1331
86.1331
86.1331
86.1331
86.1331
84.7694
84.7694
84.7694
84.7694
83.4552
83.4552
83.4552
83.4552
83.4552
83.4552
82.3538
82.3538
81.5377
81.5377
81.5377
81.5377
81.5377
80.7603
80.7603
80.7603
80.7603
80.7591
80.7591
80.6363
80.6363
80.6363
80.2185
80.2185
80.2185
80.2185
80.2185
80.2185
80.2185
80.2185
80.2185
80.1514
80.1362
80.1362
80.1362
80.1362
80.1362
80.1362
80.1362
80.1362
80.1362
70.3982
66.9477
66.9477
66.9477
66.9477
66.9477
66.9477
66.9477
66.9477
66.9477
66.9477
66.9477
66.9477
66.9477
66.9477
63.8349
63.8349
62.2377
62.2377
62.2377
62.2377
61.1772
61.1772
61.1772
61.1772
60.3303
60.3303
60.3303
60.3303
60.3303
60.3303
59.3479
59.3479
58.6886
52.7644
52.7644
52.7644
52.7644
52.7644
52.7644
52.7644
52.7644
50.321
50.321
50.321
50.321
50.321
50.321
50.321
50.321
50.321
50.321
50.321
50.321
41.4158
41.4158
41.4158
41.4158
41.4158
41.4158
41.4158
41.4158
41.4158
41.4158
41.4158
41.4158
41.4158
41.4158
41.4158
41.4158
41.4158
41.4158
41.4158
41.4158
41.4158
41.4158
41.4158
41.4158
41.4158
41.4158
41.4158
41.4158
41.4158
41.4158
41.4158
41.4158
41.4158
41.4158
41.4158
41.4158
41.4158
41.4158
41.4158
41.4158
41.4158
41.4158
41.4158
41.4158
41.4158
41.4158
41.4158
41.4158
41.4158
41.4158
41.4158
41.4158
41.4158
41.4158
41.4158
41.4158
41.4158
41.4158
41.2476
41.2476
41.2476
41.2476
41.2476
41.2476
41.2476
41.2076
41.1276
41.1276
41.1276
41.1276
40.951
40.8557
40.8317
40.8317
40.7702
40.7559
40.7559
40.7516
40.7516
40.7516
40.7516
40.7516
40.6799
40.5415
40.4563
40.4023
40.3673
40.3442
40.3287
40.3182
40.3109
40.306
40.3025
40.3002
40.2985
40.2973
40.2965
40.296
40.2956
40.2953
40.2951
40.295
40.2949
40.2948
40.2948
40.2947
40.2947
40.2947
40.2947
40.2947
40.2947
40.2947
40.2946
40.2946
40.2946
40.2946
40.2946
40.2946
40.2946
40.2946
40.2946
40.2946
40.2946
40.2946
40.2946
40.2946
40.2946
40.2946
38.6937
38.041
38.041
38.041
37.2563
36.864
36.864
36.864
35.9988
35.9988
35.9988
35.9988
35.9988
35.9988
35.9988
35.9988
35.9988
35.9988
35.9988
35.7042
35.7042
35.7042
35.7042
35.6803
35.6803
35.6803
35.6803
33.3131
33.3131
33.3131
33.3131
33.3131
33.3131
32.8615
32.8615
32.8177
32.8177
31.8026
31.8026
31.8026
31.8026
31.8026
27.2819
27.2819
27.2819
27.2819
27.2819
27.2819
27.2819
27.2819
27.2819
27.2819
27.2819
27.2819
27.2819
27.2819
27.2819
27.2819
27.2819
27.2819
27.2819
27.2819
27.2819
27.2819
27.2819
27.2819
27.2819
27.2819
27.2819
27.2819
27.2819
27.2819
27.2819
27.2819
27.2819
27.2819
27.2819
27.2819
27.2819
27.2819
27.2819
27.2819
27.2819
27.2819
27.2819
27.2819
27.2819
27.2819
27.2819
27.2819
27.2819
27.2819
27.2819
27.2819
27.2819
27.2819
27.2819
27.2819
27.2819
27.2819
27.2819
27.2819
27.2819
27.2819
27.2819
27.2819
27.2819
27.2819
27.2819
27.2819
27.2819
27.2819
27.2819
27.2516
27.2516
27.2495
27.2495
27.2495
27.2495
27.2495
27.2495
27.2495
27.2495
27.2495
27.2495
27.2495
27.2495
27.2495
27.2456
27.2456
27.2456
27.2456
27.2456
27.2456
27.2266
27.2266
27.2266
27.2266
27.2266
27.2266
27.2266
27.2212
27.2212
27.2212
27.2212
27.2212
27.2212
27.2212
27.2191
27.2191
27.2191
27.2191
27.2191
27.2047
27.2047
27.1968
27.1968
27.1968
27.1968
27.1968
27.1968
27.1907
27.1821
27.1772
27.1743
27.1725
27.1714
27.1707
27.1702
27.1699
27.1697
25.0587
25.0587
25.0587
25.0587
25.0587
25.0587
25.0587
25.0587
25.0587
24.6677
24.6677
24.6677
23.4985
23.4985
21.3283
21.3283
21.3283
19.6931
19.5521
19.5521
19.5521
19.5521
19.5521
19.5521
19.5521
19.5314
19.5314
19.5314
19.5314
19.5314
19.5314
19.5314
19.3309
19.2846
19.2846
19.2554
19.2554
19.2554
19.2554
19.2554
19.2554
19.2554
19.2554
19.2554
19.2554
19.186
19.1249
19.1008
19.093
19.0921
19.0921
19.0918
19.0918
19.0918
19.086
19.0792
19.0745
19.0713
19.069
19.0675
19.0664
19.0657
19.0651
19.0648
19.0645
19.0643
19.0642
19.0641
19.0641
19.064
19.064
19.064
19.064
19.0639
19.0639
19.0639
19.0639
19.0639
19.0639
19.0639
19.0639
19.0639
19.0639
19.0639
19.0639
19.0639
19.0639
19.0639
19.0639
19.0639
19.0639
19.0639
19.0639
19.0639
19.0639
19.0639
19.0639
19.0639
19.0639
19.0639
19.0639
19.0639
19.0639
19.0639
19.0639
19.0639
19.0639
19.0639
19.0639
19.0639
19.0639
19.0639
18.8836
18.4287
18.4287
18.0649
18.0649
17.3108
17.3108
17.3108
17.3108
17.3108
17.3108
17.3108
17.3108
17.3108
16.8532
16.8532
16.8532
16.8532
16.8532
16.8532
16.8532
16.8532
16.8532
16.8447
16.7151
16.7151
16.7151
16.5528
16.5528
16.5528
16.5528
16.5528
16.5372
15.7234
15.7234
15.7234
15.7234
15.5896
15.2408
15.2142
15.2142
14.9226
14.9218
14.9218
14.9218
14.7547
14.6801
14.6801
14.6801
14.6327
14.5074
14.4356
14.3931
14.3672
14.3509
14.3405
14.3336
14.329
14.3259
14.3238
14.3223
14.3213
14.3206
14.3201
14.3198
14.3195
14.3194
14.3193
14.3192
14.3191
14.3191
14.3191
14.319
14.319
14.319
14.319
14.319
14.319
14.319
14.319
14.319
14.319
14.319
14.319
14.319
14.319
14.319
14.319
14.319
14.319
14.319
14.319
14.319
14.319
14.319
14.319
14.0235
13.4946
13.4737
13.4737
13.4107
13.4107
13.4107
13.3811
13.3811
13.2069
13.2069
13.2045
13.2045
13.2045
12.9667
12.8347
12.8347
12.8013
12.8013
12.8013
12.8013
12.6627
12.5831
12.5379
12.5115
12.4373
12.4373
12.4373
12.4373
12.2742
12.2742
12.1345
12.1345
12.1345
12.1345
12.1345
12.1345
12.1345
12.1345
12.1345
12.1345
12.1345
12.1345
12.1345
12.1345
12.1345
12.1345
12.1345
12.1345
12.1345
12.1345
12.1345
12.1345
12.1345
12.1345
12.1345
12.1345
12.1345
12.1345
12.1345
12.096
12.096
12.096
12.011
12.011
12.011
12.011
12.011
12.0073
12.0073
11.9433
11.9433
11.894
11.894
11.894
11.894
11.894
11.894
11.894
11.894
11.894
11.894
11.894
11.894
11.894
11.894
11.894
11.894
11.894
11.894
11.894
11.894
11.894
11.894
11.894
11.894
11.894
11.894
11.894
11.894
11.894
11.894
11.894
11.894
11.894
11.894
11.894
11.894
11.894
11.894
11.894
11.894
11.894
11.894
11.894
11.894
11.894
11.894
11.894
11.894
11.894
11.8435
11.8435
11.8435
11.8435
11.8435
11.8435
11.8435
11.8106
11.7976
11.7966
11.7966
11.7966
11.7548
11.7086
11.6801
11.6621
11.6504
11.6426
11.6374
11.6339
11.6314
11.6298
11.6286
11.6278
11.6272
11.6268
11.6266
11.6264
11.6263
11.6262
11.6261
11.626
11.626
11.626
11.626
11.626
11.626
11.626
11.626
11.6259
11.6259
11.6259
11.6259
11.6259
11.6259
11.6259


0.0276456
-0.062664
-0.132794
0.208841
0.0351712
-0.117417
-0.00289915
0.0665165
0.00587622
0.0425218
-0.0982531
-0.11057
-0.0692546
0.0623379
0.0157207
0.133543
-0.162206
0.0993975
-0.300931
-0.20735
-0.175473
0.147791
-0.628727
0.337809
-0.0700473
-0.133337
0.291262
-0.377813
0.717369
0.117461

0.812

