20.7198
20.4975
20.3891
20.3891
19.7139
19.7139
19.7139
19.7139
19.6463
19.7139
19.7139
19.7139
19.7139
19.7139
18.869
18.869
18.869
18.869
18.869
18.869
18.869
18.869
18.7201
18.7201
18.7201
17.1858
17.1858
17.1858
17.1858
17.1858
17.1858
17.1858
17.1858
17.1858
17.1858
17.5218
17.5218
17.301
17.301
17.301
17.301
17.2134
17.2134
16.5007
16.5007
16.5007
16.5007
16.5007
16.5007
16.5007
16.5007
16.5007
16.5007
16.5007
16.5007
16.5007
16.5007
16.5007
16.5007
16.3878
16.3878
16.3878
16.3878
16.3878
16.3878
16.3878
16.3878
16.3878
16.3878
16.3878
16.3878
16.3878
16.3878
16.3878
16.3878
16.3878
16.3878
16.3878
16.3878
16.3878
16.3878
15.9403
14.54
14.54
14.54
14.54
14.54
14.54
14.54
14.54
14.54
14.54
14.54
14.54
14.54
14.54
14.54
14.54
14.54
14.54
14.54
14.54
14.54
14.54
14.54
14.54
14.54
14.3461
14.3461
14.3461
14.3461
14.3461
14.3461
14.3461
14.3461
14.3461
12.048
12.048
13.7699
13.7699
13.7699
13.7699
13.7699
13.7699
13.629
13.629
13.629
13.629
13.629
13.629
13.629
13.629
13.629
13.629
13.629
13.629
13.629
13.629
13.629
13.629
13.629
13.629
13.629
13.629
13.629
13.629
12.1903
12.1903
12.1903
12.1903
12.1903
12.1903
12.1903
12.1903
12.1903
12.1903
12.1903
12.1903
12.1903
12.1903
12.1903
12.5699
12.5699
12.5699
12.5699
12.5699
12.5699
12.5699
12.1254
12.1254
12.1254
12.1254
12.1254
12.1254
12.1254
12.1254
12.1254
12.1254
12.1254
12.1254
12.1254
12.1254
12.1254
12.1254
12.1254
12.1254
12.0303
12.0303
12.0303
12.0303
12.0303
12.0259
12.0259
12.0259
12.0259
12.0259
11.4651
12.0259
12.0259
11.3416
11.3416
11.3416
11.3416
11.3416
11.3416
11.3416
11.3416
11.3416
11.3416
11.3416
11.3572
11.3572
11.3572
11.3572
11.3572
11.3572
11.3572
11.3572
11.3572
11.3572
11.3572
11.3572
11.3572
10.8494
10.8494
10.8494
10.8494
10.8494
10.8494
10.8494
10.8494
10.8494
10.8494
10.8494
10.8494
10.8494
10.8494
10.8494
10.8494
10.8494
10.8494
10.8494
11.379
11.379
11.9687
11.9687
11.9687
11.9687
11.9687
11.9687
11.9687
11.9687
11.9687
11.9687
11.4302
11.4302
11.4302
11.4302
11.4302
11.4302
11.4302
11.4302
11.4302
11.2944
11.2944
11.2944
10.7223
10.7223
10.7223
10.7223
10.7223
10.7223
10.7223
10.7223
10.7223
10.7223
10.7223
10.7223
10.7223
11.3695
11.3695
11.3695
11.3695
11.3695
11.3695
11.3695
11.3695
11.3695
11.3695
11.3695
11.3695
11.3695
11.3695
11.3695
11.3695
11.3695
11.3695
11.3695
11.3695
11.3695
11.3695
11.3695
11.3695
11.3695
11.3695
11.3695
11.3695
11.3695
11.3695
11.3695
11.3695
11.3695
11.4446
11.4446
11.4385
11.4385
11.4446
11.4639
11.4639
11.4639
11.4639
11.4639
11.4639
10.0778
10.0778
10.0778
10.0778
10.0778
10.0778
10.0778
10.7833
10.7833
10.6804
10.6804
10.2353
10.2353
10.2353
10.2353
10.2353
10.2353
10.2353
10.2353
10.4054
10.6804
10.6804
10.6804
10.6804
10.6804
10.6804
10.6804
10.6804
10.6804
10.6804
10.6804
10.6804
10.6804
10.6804
10.6804
11.4639
11.4639
11.4639
11.4639
11.4639
11.4639
11.529
11.2494
11.2494
11.2494
11.529
11.529
11.529
11.529
11.529
11.6489
11.6489
11.6489
11.6489
11.6489
11.6489
11.6489
11.6489
11.6489
11.6489
11.6489
11.6489
11.6489
11.6489
11.6489
11.6489
11.6489
11.6489
11.6489
11.6489
11.6489
11.6489
11.8432
11.5399
11.5399
11.5399
11.5399
11.5399
11.5399
11.5399
11.5193
11.5193
10.7507
10.7507
10.7507
10.7507
10.7507
10.7507
10.7507
10.7507
10.7507
10.7507
10.7507
10.1144
10.1144
10.1144
10.1144
10.1144
10.1144
10.1144
10.1144
10.713
10.713
10.713
10.713
10.713
10.713
10.713
10.713
10.713
10.713
10.713
10.713
10.713
10.713
10.713
10.713
10.713
10.713
10.713
10.713
9.567
9.567
9.567
9.567
9.567
9.567
9.567
9.567
9.567
9.567
9.567
9.567
9.567
9.567
9.567
9.567
9.567
9.567
9.567
9.567
9.567
9.567
9.567
9.567
9.567
9.567
9.567
9.567
9.567
9.567
9.567
9.567
9.567
9.567
9.567
9.567
9.567
9.567
9.567
9.567
9.567
9.567
9.567
9.567
9.567
9.567
9.567
9.567
9.567
9.567
9.567
9.567
9.567
9.567
9.567
9.567
9.567
9.567
9.94902
11.2193
11.2193
11.2193
11.2193
11.2193
11.2193
11.2193
11.2193
10.1553
10.1553
10.1553
10.0429
10.0429
10.0429
10.0429
10.0429
10.0429
10.0429
10.0429
10.0429
10.0429
10.0429
10.0429
10.0429
10.0429
10.0429
10.0429
10.0429
10.0429
10.0429
10.0429
10.0429
10.0429
10.0429
10.0429
10.0429
10.0429
10.0429
10.0429
10.0429
10.0429
10.0429
10.0429
10.0429
10.0429
10.0429
10.0429
10.0429
10.0429
10.0429
10.0429
10.0429
10.0429
10.5108
10.5108
10.5108
10.5108
10.5108
10.5108
10.5108
10.5108
10.3421
10.3421
10.3421
10.3421
10.3421
10.3421
10.3421
10.3421
10.3421
10.3421
10.3421
10.3421
10.3421
10.0119
10.0119
10.0119
10.0119
11.3205
11.3205
11.3205
11.3205
11.3205
11.3205
11.3205
11.3205
11.3205
11.2621
11.3205
11.3205
11.3205
11.3205
11.3205
11.5067
10.7068
10.7068
10.7068
10.7068
10.7068
10.7068
10.7068
10.7068
10.7068
10.7068
10.7068
10.7068
10.7068
10.7068
10.7068
10.7068
10.7068
10.7068
10.7068
10.7068
10.7068
10.7068
10.7068
10.7068
10.7068
10.7068
10.7068
10.7068
10.7068
10.7068
10.7068
10.7068
10.7068
10.7068
10.7068
10.7068
10.7068
10.7068
10.7068
10.7068
10.7068
10.7068
10.7068
10.3668
10.3668
10.3668
10.3668
10.3668
10.3668
9.87
9.87
9.87
9.87
9.87
9.87
9.87
9.87
9.87
9.87
11.4963
11.4963
11.4963
11.5004
11.5004
11.5004
11.5004
11.5004
11.5004
11.5004
11.5004
11.5004
11.5004
11.5004
11.5004
11.5004
11.5004
11.5004
11.5004
11.5004
11.5004
11.5004
11.5004
11.5004
11.5004
11.5004
11.5004
11.5004
12.1557
12.1557
12.1557
11.2182
11.2182
11.2182
11.2182
12.0351
12.0351
11.7672
11.7672
11.7672
11.7672
11.7672
11.4057
11.4057
11.4057
11.4057
11.4057
11.4057
11.4057
11.4057
11.4057
11.4057
11.4057
11.4057
11.4057
11.4057
11.4057
11.4057
11.7138
11.7672
11.7672
11.7672
11.7672
11.7672
11.7672
11.7672
10.5206
10.5206
10.5206
10.5206
10.5206
10.5206
10.5912
10.5912
10.5912
10.5912
10.5912
10.5912
10.5912
10.5912
10.5912
10.5912
10.5912
10.5912
10.5912
10.5912
10.5912
10.5912
10.5912
10.5912
10.5912
10.5912
10.5912
10.5912
10.5912
10.5912
10.5912
10.5912
10.5912
10.5912
10.5912
10.5912
10.5912
10.5912
10.5912
10.5912
10.5912
10.5912
10.5912
10.5912
10.5912
10.5912
10.5912
10.5912
10.5912
10.5912
10.5912
10.5912
10.5912
10.5912
10.5912
10.5912
10.5912
10.5912
10.8171
10.8171
10.8171
10.8171
10.8171
10.8171
10.8171
10.8171
10.8171
10.8171
10.8171
12.2355
12.2355
12.2355
12.0521
12.0521
12.0521
12.2355
12.2355
12.1004
12.1004
12.1004
12.1004
12.1004
12.1004
12.1004
12.1004
12.1004
12.1004
12.1004
11.8641
11.8641
11.8641
11.8641
11.8641
11.8641
11.4528
11.4528
11.0985
11.0985
11.0985
11.0985
11.0985
11.0985
11.0985
11.0985
11.0985
11.0985
11.0985
11.0985
11.0985
11.0985
11.0985
11.0985
11.0985
11.0985
11.0985
11.0985
11.0985
11.0985
11.0985
11.0985
11.0985
11.0985
11.0985
11.0985
11.0249
11.0249
11.0249
11.0249
11.5857
11.31
11.31
11.31
11.31
11.31
11.31
11.31
11.31
10.468
10.468
10.468
10.468
11.5857
11.5857
11.5857
11.5857
11.5857
11.5857
11.5419
11.5419
11.5419
11.5419
11.5857
11.5857
10.8642
10.8642
10.8642
10.8642
10.8642
10.8642
10.8642
11.126
11.126
11.126
11.126
11.126
11.126
11.126
11.126
11.126
11.126
11.126
11.126
10.4413
10.1988
10.1988
10.1988
10.1988
10.1988
10.1988
10.4413
10.4413
10.4413
10.4413
10.4413
10.4413
10.4413
10.4413
10.4413
10.4413
10.4413
10.4413
10.4413
10.4413
10.4413
10.4413
10.4413
10.4413
10.4413
10.4413
10.4413
10.4413
10.4413
10.4413
10.4413
10.4413
10.4413
10.4413
10.3928
10.3928
10.3928
10.3928
10.3928
10.3928
10.3928
10.3928
10.3928
10.3928
10.3928
10.3928
10.3928
10.3928
10.3928
10.3928
10.3928
10.3928
10.3928
10.3928
10.3928
10.3928
10.3928
10.3928
10.3928
10.4263
10.4263
10.4263
10.4263
10.4263
10.4263
10.4263
10.4263
10.4263
10.4263
10.4263
10.4263
10.4263
10.4263
10.4263
10.4263
10.4263
10.4263
10.4263
10.4263
10.4263
11.4036
11.4036
11.832
11.832
11.832
11.832
11.832
11.0834
11.0834
11.0834
11.0834
10.8325
10.8325
10.8325
10.8325
10.8325
9.86991
9.86991
9.86991
9.86991
9.86991
9.86991
10.1796
10.1796
10.1796
10.1796
10.1796
10.1796
11.1767
11.1767
11.1767
11.1767
11.1767
11.1767
11.1767
11.1767
11.1767
11.1767
11.1767
11.1767
11.1953
11.1953
11.1953
11.1953
11.1953
11.1953
11.1953
11.1953
11.1953
11.1953
11.1953
11.1953
11.1953
11.1953
10.3659
10.3659
10.3659
10.3659
10.3659
10.3659
10.3659
10.4606
10.4606
10.4606
10.4606
10.4606
10.4606
10.4606
10.4606
10.4606
10.4606
10.4606
10.4606
10.4606
10.4606
10.4606
10.4606
10.686
11.33
11.33
11.33
11.33
11.33
11.33
11.33
11.33
11.33
11.33
11.33
11.33
11.33
11.33
11.33
11.33
11.1824
11.1824
11.1824
11.1824
11.1824
11.1824
11.1824
11.1824
11.1824
11.1824
11.1824
11.1824
11.0628
11.0628
11.0628
11.0628
11.0628
11.0628
11.0628
11.0628
11.0946
11.0946
11.0946
9.93328
9.93328
9.93328
9.93328
9.93328
9.93328
9.93328
9.93328
9.93328
9.93328
9.93328
9.93328
9.93328
9.93328
9.93328
9.93328
11.4077
10.0926
10.0926
10.0926
10.0926
10.0926
11.0914
11.0914
11.0914
11.0914
11.0914
11.0914
11.0914
11.0914
11.0914
11.0914
11.0914
11.0914
11.0914
10.7699
10.7699
10.7699
10.7699
10.7699
10.7699
10.7699
10.7699
10.7699
10.7699
10.6775
10.6775
10.6775
10.6775
10.6775
10.6775
9.98276
9.98276
9.98276
9.98276
9.98276
9.98276
9.98276
9.98276
9.98276
9.98276
10.035
9.71376
9.71376
9.71376
9.71376
9.71376
9.71376
9.66125
9.66125
9.66125
9.66125
9.66125
9.66125
9.66125
10.4344
10.4765
10.4765
10.4765
10.4765
10.2774
9.85261
9.85261
9.85261
9.85261
9.85261
9.85261
9.85261
9.85261
9.95585
9.95585
9.95585
10.3265
10.3265
10.3265
10.3265
10.3265
10.3265
10.3265
10.3265
10.3265
10.4765
10.4765
10.4765
10.4765
10.4765
10.4765
10.4765
10.4765
10.4765
10.4765
10.4765
10.4765
10.4765
10.4765
10.4765
10.4765
10.4765
10.4765
10.4765
10.4765
10.4765
10.4765
10.4765
10.4765
10.4765
10.4765
10.4765
10.253
10.253
10.253
10.253
10.253
10.4765
10.4765
10.4765
10.4765
10.4765
10.4765
10.4765
10.4765
10.4765
10.4765
10.4765
10.4765
10.4765
10.4765
10.4765
10.4765
10.4765
10.4765
10.4765
10.5289
10.5289
10.5289
10.5289
10.5289
10.6746
10.6746
9.70738
9.70738
9.70738
9.70738
9.70738
9.70738
9.70738
9.83787
9.83787
9.89753
9.89753
9.89753
9.89753
9.89753
9.89753
9.89753
9.89753
9.89753
9.89753
9.89753
9.89753
9.89753
9.89753
9.89753
9.70812
9.70812
9.70812
9.70812
9.70812
9.70812
9.44531
9.44531
9.44531
9.44531
9.93211
9.93211
9.93211
9.93211
9.93211
9.93211
9.93211
10.3234
10.3234
10.3234
10.3234
10.3234
10.3234
10.3234
10.3234
10.3234
10.3234
10.3234
10.3234
10.3234
10.3234
10.3234
10.3234
10.3234
10.3234
10.3234
10.1239
10.1239
9.33462
9.33462
9.33462
9.33462
9.33462
9.33462
9.33462
9.33462
9.33462
9.33462
9.33462
9.33462
9.33462
9.33462
9.33462
9.33462
9.33462
9.33462
9.60129
9.60129
9.60129
9.60129
9.60129
9.60129
9.60129
9.60129
9.60129
9.83336
9.83336
9.83336
9.83336
9.83336
9.83336
9.98343
9.98343
9.98343
9.98343
9.98343
9.98343
9.98343
9.98343
9.98343
9.98343
9.98343
9.98343
9.98343
9.98343
9.98343
9.98343
10.1434
10.1434
10.1434
10.1434
8.99303
8.99303
8.99303
8.99303
8.99303
8.99303
8.99303
8.99303
8.99303
8.99303
8.99303
8.99303
8.99303
8.99303
8.99303
8.99303
8.99303
8.99303
8.99303
8.99303
8.99303
8.99303
8.99303
8.99303
8.99303
8.99303
8.99303
8.99303
8.99303
8.99303
8.99303
8.99303
8.99303
8.99303
8.99303
8.99303
8.99303
8.99303
8.99303
8.99303
8.99303
8.99303
8.99303
8.99303
8.99303
8.99303
8.99303
8.99303
8.99303
8.99303
8.99303
8.99303
8.99303
8.99303
8.99303
8.99303
8.99303
8.99303
8.99303
8.99303
8.99303
8.99303
8.99303
8.99303
9.9922
9.9922
9.9922
9.9922
9.9922
9.9922
9.9922
9.9922
9.9922
9.9922
9.9922
9.9922
9.9922
9.9922
9.26521
9.26521
9.26521
9.26521
9.26521
9.26521
9.26521
9.26364
9.72433
9.72433
7.92397
7.92397
7.92397
7.92397
7.92397
7.92397
10.1643
10.1643
10.1643
10.0086
10.0086
10.0086
10.0086
10.1643
10.1643
10.1643
10.1643
10.1643
10.1643
10.1643
10.1643
10.1643
10.1643
10.1643
10.1643
10.4466
10.4466
10.4466
10.4466
10.4466
10.4466
11.0959
11.0959
10.798
10.798
10.798
11.0959
11.0959
11.0959
11.0959
11.0959
10.8751
10.8751
10.8751
10.8751
10.8751
10.7026
10.7026
9.47012
9.47012
9.47012
9.47012
9.47012
9.47012
9.47012
9.47012
9.47012
9.47012
9.47012
9.47012
9.47012
9.47012
9.47012
9.47012
9.47012
9.47012
9.47012
9.47012
9.47012
9.47012
9.47012
9.47012
9.47012
9.47012
9.47012
9.47012
9.47012
9.47012
9.47012
9.47012
9.47012
8.69094
8.69094
8.7134
8.7134
8.7134
8.7134
9.36386
9.36386
9.36386
9.36386
9.36386
9.36386
9.36386
9.36386
9.36386
9.36386
9.36386
9.07002
9.07002
9.07002
9.36386
9.36386
9.36386
9.36386
9.36386
9.36386
9.36386
9.36386
9.36386
9.36386
9.36386
9.36386
9.36386
9.36386
9.75144
9.75144
9.75144
9.75144
9.75144
9.75144
9.75144
9.83854
9.83854
10.5565
10.4715
9.805
9.805
9.7779
9.7779
9.7779
9.7779
9.7779
9.7779
9.7779
9.7779
9.7779
9.7779
9.7779
9.7779
9.7779
10.2842
10.2842
9.6475
10.2842
10.2842
10.2842
10.2842
10.2842
10.2842
10.2842
10.0049
10.0049
10.0049
10.0049
10.0049
10.0049
10.0049
10.0049
10.0049
10.0049
10.0049
10.0049
10.0049
10.0049
10.0049
10.0049
10.0049
10.0049
10.0049
10.5966
10.5966
10.6396
10.6396
10.6396
10.3758
10.3758
10.3758
10.3758
10.3758
10.3758
10.3564
10.3564
10.3564
10.3564
10.3564
9.66893
9.66893
9.66893
9.66893
9.66893
9.66893
10.399
10.399
10.399
9.54212
9.54212
9.54212
9.54212
9.54212
9.54212
9.54212
9.54212
9.54212
9.14812
9.14812
9.14812
9.14812
9.77588
9.77588
9.77588
9.77588
9.77588
9.77588
9.77588
9.77588
9.77588
9.77588
9.77588
10.3859
10.3859
10.3859
10.2726
10.3859
10.3859
10.3859
10.3859
10.3859
10.3859
10.3859
10.3859
10.3859
10.3859
10.3859
10.3859
10.3859
10.3859
10.3859
10.3859
10.9905
10.9905
10.7921
10.7921
10.9905
10.9905
10.9905
10.9905
9.59574
9.59574
9.59574
9.59574
9.59574
9.59574
9.59574
9.59574
10.4399
10.4399
10.4399
10.212
10.4399
10.4399
10.0038
10.0038
10.0038
10.0038
10.0038
10.0038
10.0038
10.0038
10.0038
10.0038
10.0038
10.0038
10.0038
10.0038
10.0038
10.0038
10.0038
10.0038
10.0038
10.0038
10.3403
10.3403
10.3403
10.3403
10.3403
10.3403
10.7727
10.7727
10.7727
10.7727
10.7727
9.74135
9.74135
9.74135
9.74135
9.74135
9.74135
9.74135
9.74135
9.74135
9.74135
10.5182
10.367
10.367
10.367
9.41513
9.41513
9.41513
9.41513
9.41513
9.41513
9.41513
9.41513
9.41513
9.41513
9.41513
9.41513
9.41513
9.41513
9.41513
9.41513
9.41513
9.41513
9.41513
9.41513
9.41513
9.41513
9.41513
9.41513
9.41513
9.41513
9.41513
9.41513
9.41513
9.41513
9.81218
9.81218
9.81218
9.81218
10.154
10.154
10.2498
9.597
9.597
9.597
9.597
9.597
9.597
9.597
9.597
9.41
9.41
9.41
9.41
9.47179
9.47179
9.597
9.06021
9.06021
9.06021
9.06021
9.06021
9.06021
9.06021
9.06021
9.06021
9.06021
9.06021
9.06021
9.06021
9.06021
9.06021
9.06021
8.07239
8.07239
8.07239
9.06021
9.06021
9.06021
8.82101
9.06021
9.06021
9.06021
9.06021
9.06021
9.06021
9.06021
9.06021
9.06021
9.06021
9.06021
9.06021
9.56938
9.56938
9.56938
9.56938
9.56938
9.92227
9.92227
9.92227
9.92227
9.92227
10.2708
9.75005
9.75005
9.75005
9.75005
9.75005
9.75005
9.75005
9.75005
9.75005
9.75005
9.75005
9.75005
9.75005
9.75005
9.75005
8.91578
8.91578
8.91578
8.91578
8.91578
8.91912
8.91912
8.91912
8.91912
8.92959
8.92959
8.92959
9.75005
9.75005
9.75005
9.75005
9.75005
9.75005
9.38953
9.38953
9.38953
9.38953
9.38953
9.38953
9.38953
8.95354
8.95354
8.95354
8.95354
8.95354
8.95354
8.95354
11.0628
11.0628
11.0628
11.0802
11.0802
11.0802
10.5452
10.5452
10.5452
10.5452
10.5452
10.5452
10.5452
10.5452
10.5452
10.5452
10.5452
10.5452
10.5452
10.5452
10.5452
10.5452
10.5452
10.5452
10.5452
10.5452
9.74011
9.74011
9.74011
9.74011
9.74011
9.74011
9.74011
10.285
10.5852
10.5852
10.5852
10.5852
10.5852
10.5852
10.5852
10.5852
10.0782
10.0782
10.0782
10.0782
10.0782
10.0782
10.0782
10.0782
9.42457
9.42457
9.42457
9.42457
9.42457
9.42457
9.42457
9.42457
9.42457
9.42457
9.42457
9.42457
9.42457
9.58357
9.58357
9.58357
9.58357
9.58357
9.58357
9.58357
9.58357
9.58357
9.58357
9.58357
9.58357
9.58357
9.58357
9.58357
9.58357
9.58357
9.58357
8.94054
8.94054
8.94054
8.94054
8.94054
10.7864
10.7864
10.7864
10.7864
10.6226
9.27536
9.27536
9.49584
9.49584


1.87485
0.0534617
0.26645
1.48155
0.980674
-2.67691
-1.02565
-3.46323
-0.496978
0.11828
2.31299
-2.66909
0.224028
4.52931
0.409988
-1.57108
-1.6472
-1.8447
2.06098
-2.05085
0.70483
0.578377
-0.231897
-1.15448
-0.463903
1.34488
0.232546
-1.38851
-2.99613
2.60102

0.028

