0.0974633
0.0974633
0.0974633
0.071511
0.071511
0.00570106
0.00570106
0.00462165
0.00462165
0.00462165
0.00803333
0.120503
0.0786523
0.0786523
0.0325273
0.0139269
0.0139269
0.0284242
0.0284242
0.0284242
0.0284242
0.0284242
0.0284242
0.0248616
0.0572752
0.0572752
0.0572752
0.0506115
0.0554653
0.0312617
0.0312617
0.0413908
0.0075739
0.0075739
0.0075739
0.0075739
0.0075739
0.0075739
0.0075739
0.00393823
0.00393823
0.00499314
0.0168603
0.0168603
0.0161809
0.0161809
0.0171307
0.0071335
0.0071335
0.00638576
0.00638576
0.00638576
0.00638576
0.00638576
0.0171307
0.0191065
0.0191065
0.0150789
0.0150789
0.0150789
0.0150789
0.0211683
0.0211683
0.0211683
0.0266344
0.0249705
0.0147703
0.0147703
0.0147703
0.0147703
0.0147703
0.0147703
0.0147703
0.0147703
0.0147703
0.0143055
0.0143055
0.0111298
0.0111298
0.0111298
0.0111298
0.0111298
0.00882053
0.00882053
0.00882053
0.00882053
0.00882053
0.00816116
0.00816116
0.00816116
0.00882053
0.00882053
0.00882053
0.00683128
0.00683128
0.00683128
0.00683128
0.00683128
0.00683128
0.00683128
0.00683128
0.00683128
0.00683128
0.00683128
0.00683128
0.00683128
0.00683128
0.0118387
0.0118387
0.0118387
0.0118387
0.0118387
0.0118565
0.0118565
0.0118565
0.00860757
0.00860757
0.0101663
0.0101663
0.0105165
0.0106974
0.0109322
0.0109322
0.0125294
0.0125294
0.0125294
0.0125294
0.0125294
0.012819
0.012819
0.012819
0.0102052
0.0102052
0.0102052
0.0117926
0.0117926
0.0117926
0.0117926
0.0117926
0.0117926
0.0117926
0.0117152
0.0117152
0.0117152
0.0122438
0.0122438
0.0122438
0.0122438
0.0122438
0.0122438
0.0122438
0.0122438
0.0122438
0.0122438
0.0122438
0.0122438
0.0122438
0.0122438
0.0212874
0.0212874
0.0293089
0.0293089
0.0250632
0.0208939
0.0208939
0.0208939
0.0272884
0.0272884
0.0272884
0.0234741
0.0234741
0.0234741
0.0234741
0.0234741
0.0186661
0.0191217
0.0191217
0.0191217
0.0191217
0.0191217
0.0191217
0.0321671
0.0321671
0.0321671
0.00984081
0.00984081
0.00984081
0.00984081
0.00984081
0.00567177
0.00897529
0.00897529
0.0119005
0.0119005
0.0119005
0.0081751
0.0081751
0.0081751
0.0081751
0.0081751
0.0081751
0.0081751
0.0081751
0.00311379
0.00311379
0.00311379
0.00311379
0.00311379
0.00311379
0.00311379
0.00311379
0.00311379
0.00311379
0.00311379
0.00311379
0.0081751
0.0081751
0.00156254
0.00156254
0.00156254
0.00156254
0.00156254
0.00407722
0.00407722
0.00407722
0.00575829
0.00575829
0.00575829
0.00575829
0.00575829
0.00575829
0.0056569
0.0056569
0.0056569
0.00575829
0.00575829
0.00575829
0.00688423
0.00688423
0.00688423
0.00688423
0.0071591
0.0071591
0.0071591
0.00724643
0.00911822
0.00911822
0.00911822
0.00911822
0.00911822
0.00911822
0.010638
0.010638
0.010638
0.010638
0.0130409
0.0130409
0.0130409
0.0130409
0.0134107
0.0156855
0.0156855
0.0156855
0.0156855
0.0156855
0.0269922
0.0166574
0.01923
0.01923
0.01923
0.01923
0.01923
0.01923
0.01923
0.01923
0.01923
0.01923
0.01923
0.0252317
0.0252317
0.0252317
0.0207363
0.00346696
0.00346698
0.00346698
0.00346698
0.00346698
0.00346698
0.0152379
0.0152379
0.0188989
0.0188989
0.0188989
0.0265297
0.0265297
0.0265297
0.016765
0.016765
0.00132493
0.00132493
0.00132493
0.00148041
0.00148041
0.00148041
0.00148041
0.0175093
0.0175093
0.0175093
0.0149084
0.0151001
0.0175093
0.00163824
0.00163824
0.00167335
0.00167335
0.00167335
0.00401413
0.00401413
0.00833436
0.00833436
0.00833436
0.00833436
0.0102068
0.00781564
0.00781564
0.00781564
0.0120853
0.0120853
0.00622549
0.00129274
0.00129274
0.0222791
0.0222791
0.0222791
0.0222791
0.0222791
0.0222791
0.0222791
0.0224196
0.0146586
0.0114322
0.00950012
0.00950012
0.0049554
0.0049554
0.0049554
0.0049554
0.00554866
0.00554866
0.0197766
0.0175223
0.00313752
0.00313752
0.00313752
0.00332337
0.00332337
0.00514596
0.00514596
0.00875768
0.00875768
0.00875768
0.00875768
0.00875768
0.00875768
0.00875768
0.00875768
0.00945736
0.00945736
0.00945736
0.00945744
0.00574077
0.00484132
0.0117573
0.000682319
0.000682319
0.0196426
0.0196426
0.00909423
0.00909423
0.00253536
0.00185866
0.00185866
0.00185866
0.00185866
0.00185866
0.00185866
0.00185866
0.00185866
0.000548986
0.000557557
0.000557557
0.000557557
0.000557557
0.000557557
0.000557557
0.000557557
0.000557557
0.000557557
0.000557557
0.000557557
0.000274819
0.000274819
0.000274819
0.000274819
0.000384539
0.000384539
0.000457002
0.00103845
0.00109295
0.00109295
0.00109295
0.00109295
0.00100031
0.0014346
0.0014346
0.00184097
0.00184097
0.00184097
0.00184097
0.00184097
0.00184097
0.00184097
0.00184097
0.00184097
0.00371878
0.00371878
0.00371878
0.00371878
0.00371878
0.00371878
0.00413523
0.00413523
0.00413523
0.00413523
0.00413523
0.00413523
0.00413523
0.00413523
0.00413523
0.0064798
0.00593357
0.0205929
0.0205929
0.0205929
0.0205931
0.0205931
0.0205931
0.00270473
0.0269719
0.0269719
0.00974334
0.00974334
0.00974334
0.00974334
0.0276957
0.0276957
0.0276957
0.0288249
0.0288249
0.0288249
0.0288249
0.0288249
0.0288249
0.0381062
0.0381062
0.0368757
0.0325753
0.0325753
0.0325753
0.0265575
0.0265575
0.0265575
0.00487952
0.00487952
0.00487952
0.00487952
0.0063915
0.0063915
0.0063915
0.0063915
0.00671845
0.00681992
0.00681992
0.00681992
0.00665802
0.00665802
0.00665802
0.00665802
0.00704543
0.00704543
0.00704543
0.00704543
0.00704543
0.00704543
0.00704543
0.00704543
0.00704543
0.00704543
0.00704543
0.00704543
0.0105405
0.0105405
0.0105405
0.0102999
0.0103057
0.0103057
0.0103057
0.0103057
0.0103057
0.0103057
0.0189693
0.0189693
0.0189693
0.0238636
0.0238636
0.0238636
0.0238636
0.0238636
0.0175662
0.0175662
0.0175662
0.0220418
0.00834878
0.00807721
0.00807721
0.00834878
0.00989575
0.0102861
0.0102861
0.0102861
0.0102861
0.0102861
0.0102861
0.0102861
0.0102861
0.0108353
0.0108353
0.0146336
0.0204633
0.0204633
0.0187921
0.0272427
0.0378429
0.0378429
0.0378429
0.0378429
0.0378429
0.0378429
0.0284962
0.0284962
0.0284962
0.0284962
0.0284962
0.0284976
0.0284976
0.0284976
0.00884549
0.00884549
0.00884549
0.00884549
0.00772179
0.00238802
0.00238802
0.00238802
0.00302616
0.000372019
0.000309798
0.000309798
0.000309798
0.00446262
0.00446262
0.00446262
0.00446549
0.00446549
0.00772179
0.00203328
0.00275406
0.00275406
0.00275406
0.00275406
0.00275406
0.00275406
0.00256887
0.00256887
0.00256887
0.00256887
0.00256887
0.00385961
0.00385961
0.00385961
0.00385961
0.00385961
0.00385961
0.00385961
0.00385961
0.00385961
0.000480342
0.000480342
0.00155101
0.00155101
0.0104729
0.025525
0.0210468
0.0210468
0.0210468
0.0210468
0.0210468
0.00862686
0.00270215
0.00270215
0.00270215
0.00270215
0.00270215
0.00270215
0.00255805
0.00255805
0.00255775
0.00376148
0.00376148
0.0043498
0.0043498
0.00461225
0.0045815
0.000264535
0.000264535
0.000264535
0.0049581
0.0049581
0.0049581
0.0049581
0.00122308
0.00122308
0.00122308
0.00122308
0.00122308
0.00122308
0.00122308
0.0049581
0.00641089
0.00641089
0.00641089
0.0063947
0.0063947
0.0063947
0.0063947
0.0063947
0.000890529
0.000890529
0.000890529
0.00124809
0.00124809
0.00168721
0.00168721
0.00168721
0.00377278
0.0063947
0.0063947
0.0063947
0.0063947
0.0063947
0.0063947
0.0063947
0.0063947
0.0063947
0.00348226
0.00348226
0.0046824
0.0046824
0.0046824
0.0046824
0.0046824
0.00989609
0.0114171
0.0114171
0.0129788
0.0129788
0.0129788
0.0057579
0.0057579
0.0057579
0.00222937
0.00222937
0.00222937
0.00222937
0.00222937
0.00222937
0.00222937
0.00279288
0.00182809
0.00182809
0.00182809
0.00182809
0.00182809
0.00182809
0.00182809
0.00182809
0.00182809
0.00182809
0.00182809
0.00240466
0.00240466
0.00240466
0.00240466
0.00424159
0.00240195
0.00240195
0.00240195
0.00240195
0.00240195
0.00240195
0.00240195
0.00240195
0.00240195
0.00240195
0.00241764
0.00241764
0.00241764
0.00241764
0.00269304
0.00269304
0.00269304
0.00269304
0.00269304
0.00269304
0.00269304
0.000552261
0.000693413
0.000693413
0.000693413
0.000693413
0.000693413
0.000693413
0.000693414
0.000693414
0.000693414
0.000693414
0.000693414
0.0106428
0.00527135
0.00859894
0.00859894
0.00969793
0.0153048
0.0191175
0.0191175
0.0191175
0.0191175
0.0191175
0.0191175
0.0191175
0.0191175
0.0191175
0.014639
0.014639
0.0063154
0.00689209
0.00689209
0.00689209
0.00391334
0.00385585
0.00385585
0.00321214
0.00321419
0.00321419
0.00915141
0.00915141
0.00915141
0.00915141
0.00915141
0.00915141
0.00372091
0.00372091
0.00372091
0.00372091
0.00372091
0.00372091
0.00372091
0.00372091
0.00372091
0.00372091
0.00372091
0.00372091
0.00372091
0.00372091
0.00372091
0.00372091
0.00372091
0.00484075
0.00484075
0.00484075
0.00484075
0.00484075
0.00484075
0.00575826
0.00575826
0.00575826
0.00575826
0.00575826
0.00575826
0.00575826
0.00575826
0.00497205
0.00497205
0.00497205
0.00575826
0.00850482
0.00658092
0.00572823
0.00583732
0.00583732
0.00583736
0.00583736
0.00583736
0.00583736
0.00601108
0.00601108
0.00601108
0.00601108
0.00601108
0.00601108
0.00601108
0.00601108
0.00601108
0.00601108
0.00648152
0.00648152
0.00648152
0.00648152
0.0117346
0.0117346
0.0124228
0.0112089
0.00640847
0.00640847
0.00640847
0.00640847
0.00640847
0.00640847
0.0112811
0.0112811
0.0112811
0.00177943
0.0111285
0.0111285
0.0111285
0.0111285
0.0111285
0.0123179
0.0121509
0.0121826
0.0121826
0.0124997
0.00274171
0.00274171
0.00274171
0.00274171
0.00274171
0.00274171
0.00274171
0.00274171
0.00274171
0.00274171
0.00274171
0.00274171
0.00274171
0.00236008
0.00236008
0.00236008
0.00236008
0.00236008
0.00236008
0.00236008
0.00237735
0.00237735
0.00237735
0.00237735
0.00237735
0.00237735
0.00237735
0.0023995
0.00252753
0.00771896
0.00282393
0.00282393
0.00282393
0.00282393
0.00282393
0.00282393
0.000306068
0.000482984
0.000482984
0.000482984
0.000482984
0.00632322
0.0103656
0.0103656
0.0103656
0.0101329
0.0101329
0.00688801
0.00688801
0.00688801
0.00688801
0.00688801
0.0101329
0.0101329
0.0101329
0.0101329
0.000361055
0.0104271
0.0104271
0.0104271
0.00761899
0.00761899
0.00761899
0.00761899
0.00213464
0.0015468
0.0015468
0.0015468
0.0020903
0.0020903
0.0020903
0.0020903
0.0020903
0.0020903
0.0020903
0.0020903
0.0020903
0.00761899
0.00761899
0.00761899
0.00320241
0.00320241
0.00320241
0.00320241
0.00320241
0.00200897
0.00200897
0.00200897
0.00200897
0.00320241
0.00320241
0.00320241
0.00320241
0.00320241
0.00455719
0.00455719
0.00455719
0.00455719
0.00455719
0.00455719
0.00455719
0.00455719
0.00455719
0.00455719
0.00283315
0.00283315
0.00283315
0.00283315
0.00283315
0.00283315
0.00283315
0.00283315
0.00283315
0.00240208
0.00240208
0.00240208
0.00240208
0.00240208
0.00247493
0.00247493
0.00247493
0.00247493
0.00247493
0.00247493
0.00247493
0.00247493
0.00247493
0.00247493
0.00247493
0.00247493
0.00247493
0.00247493
0.00247493
0.00247493
0.00247493
0.00247493
0.00247493
0.00180209
0.00180209
0.00180209
0.00180209
0.00180209
0.00180209
0.000129808
0.000129808
0.000129808
0.000129808
0.000129808
0.000129915
0.000129915
0.000129915
0.000370545
0.000370545
0.000370545
0.00167628
0.00167628
0.00167628
0.00167628
0.0131394
0.0131394
0.0131394
0.00385926
0.00385926
0.00385926
0.00385926
0.00385926
0.00385926
0.00385926
0.000471817
0.000471817
0.000471817
0.000598003
0.000598003
0.000598003
0.000598003
0.000598003
0.000598003
0.000598003
0.000598003
0.000598003
0.0034539
0.0035061
0.0035061
0.0035061
0.0035061
0.0035061
0.0035061
0.0035061
0.0035061
0.00283168
0.00283168
0.00283168
0.00283168
0.00461236
0.00501483
0.00501483
0.00501483
0.00501483
0.00501483
0.00501483
0.00501483
0.00501483
0.00501483
0.00501483
0.00379056
0.00379056
0.00379056
0.00379056
0.00379056
0.00379056
0.00379056
0.00379056
0.00316896
0.00316896
0.00316896
0.00316896
0.00316896
0.00316896
0.00316896
0.00316896
0.00898168
0.00898168
0.00773334
0.00346109
0.00128523
0.00128523
0.00128523
0.00128523
0.00128523
0.00128523
0.00128523
0.00108102
0.00108102
0.000887382
0.000887382
0.000887382
0.000887382
0.000939851
0.00169659
0.001698
0.001698
0.001698
0.001698
0.000237368
0.000236914
0.00634591
0.00634591
0.00634591
0.00634591
0.00634591
0.00783232
0.00783232
0.00897842
0.00897842
0.00579803
0.00579803
0.0066114
0.00539304
0.00539304
0.00539304
0.00539304
0.00539304
0.00539304
0.00539304
0.00539304
0.00539304
0.00509085
0.00509085
0.00509085
0.00509085
0.00509085
0.00509085
0.00509085
0.00509085
0.00509085
0.00853564
0.00853564
0.0078208
0.00135286
0.00135286
0.00135286
0.00135286
0.00128328
0.0078208
0.00979137
0.00268063
0.00268063
0.00268063
0.00268063
0.00778737
0.00778737
0.00778737
0.00778737
0.00971143
0.00973871
0.00676894
0.00676894
0.00550403
0.00746621
0.00746621
0.00746621
0.00746621
0.00624985
0.00792567
0.00749608
0.00822267
0.00822267
0.00822267
0.00539401
0.00539401
0.00511035
0.00539401
0.00539401
0.00207616
0.00207616
0.00207616
0.00207616
0.00207616
0.00207616
0.00207616
0.00227624
0.00227624
0.00227624
0.00227624
0.00227624
0.00227624
0.00227624
0.00227624
0.00227624
0.00227624
0.00538379
0.0008804
0.0008804
0.0008804
0.00101532
0.00101532
0.00101532
0.00101532
0.00101532
0.00101532
0.00101532
0.00101532
0.00101532
0.00101532
0.00101532
0.00101532
0.00109675
0.00109675
0.00109675
0.00267919
0.0190027
0.0024465
0.0024465
0.00109965
0.00109965
0.00109965
0.00109965
0.003765
0.003765
0.00224849
0.00224849
0.00224871
0.00040432
0.00224871
0.00224871
0.00244255
0.00244255
0.00244255
0.00244255
0.00244255
0.00244255
0.00244255
0.00380575
0.00380575
0.00618257
0.00618257
0.00428513
0.00428513
0.00428513
0.00400307
0.00281091
0.00281091
0.00192399
0.00192399
0.00192399
0.00192399
0.00192399
0.00192399
0.00192399
0.00231332
0.00231332
0.00231332
0.00247939
0.00247939
0.00249693
0.00234287
0.00182048
0.00182048
0.00182048
0.003269
0.00309405
0.00309405
0.00282457
0.00282457
0.00282457
0.00282457
0.00817501
0.00838957
0.00838957
0.00838957
0.00789335
0.00915088
0.00915088
0.00915088
0.00915088
0.00945554
0.0104322
0.0104322
0.0104322
0.0104322
0.00719695
0.00719695
0.00719695
0.00719695
0.00719695
0.00719695
0.00719695
0.0114699
0.0114699
0.0114699
0.0114699
0.0114699
0.0114699
0.0114699
0.0114699
0.0114699
0.0114699
0.0114699
0.0114699
0.0114699
0.0115655
0.0115655
0.0115655
0.0115655
0.0124364
0.0113079
0.0124561
0.0124561
0.0124561
0.0124561
0.0124561
0.0124561
0.0265523
0.0265523
0.0969073
0.0969073
0.0277567
0.0252207
0.0252207
0.0252207
0.0252207
0.0252207
0.0252207
0.0639641
0.0639641
0.0639641
0.055451
0.055451
0.055451
0.055451
0.055451
0.055451
0.055451
0.055451
0.055451
0.055451
0.055451
0.055451
0.055451
0.0583047
0.0583047
0.0583047
0.0583047
0.0583047
0.0583047
0.059548
0.0610166
0.0610166
0.0610166
0.0610166
0.0225238
0.0225238
0.00421938
0.00421938
0.00421938
0.00421938
0.00421938
0.00421938
0.00421938
0.00421938
0.029289
0.029289
0.0222797
0.0235779
0.0235779
0.0235779
0.0235779
0.0235779
0.0235779
0.0232627
0.0232627
0.0137367
0.0125189
0.0125189
0.0125189
0.0125189
0.0125189
0.0125189
0.0125189
0.0125189
0.0125189
0.0123691
0.0123691
0.0123691
0.0123691
0.0123691
0.00676291
0.00676291
0.00676291
0.0165808
0.0165808
0.0165808
0.0165808
0.0165808
0.0165808
0.0165808
0.0165808
0.0165808
0.0127598
0.0127598
0.0127598
0.0127598
0.0127598
0.00862768
0.00862768
0.0028708
0.0034936
0.0036895
0.0036895
0.0036895
0.00395643
0.00401567
0.00401567
0.00401567
0.00401567
0.00401567
0.00601443
0.00601443
0.00614253
0.00614253
0.00614253
0.00614253
0.00883354
0.000717902
0.0089443
0.00589375
0.0089443
0.0089443
0.0089443
0.0089443
0.0089443
0.0089443
0.0089443
0.0089443
0.0089443
0.0089443
0.0089443
0.0089443
0.0089443
0.0089443
0.0089443
0.0089443
0.00587146
0.00587146
0.00587146
0.00587146
0.00587146
0.00587146
0.00587146
0.00587146
0.00587146
0.00587146
0.00587146
0.00587146
0.00587146
0.0187719
0.0187719
0.0187719
0.0187719
0.0187719
0.0187719
0.0144235
0.0144235
0.0144235
0.0144235
0.00961302
0.0234703
0.0234703
0.0107211
0.0038463
0.0038463
0.0038463
0.0038463
0.0038463
0.00499701
0.00499701
0.00499701
0.00499701
0.00499702
0.00162667
0.00162667
0.00112872
0.00112872
0.00112872
0.00112872
0.00112872
0.000701705
0.000701705
0.000701705
0.000701705
0.000559832
0.000559832
0.000476648
0.000480658
0.000480658
0.000480658
0.000480658
0.000480662
0.000480662
0.000480662
0.000480662
0.000480662
0.000480662
0.000473436
0.000473436
0.000473436
0.000473436
0.000473436
0.000473436
0.000473436
0.000473436
0.000550222
0.000550222
0.000550222
0.00168942
0.00168942
0.00168942
0.00151859
0.00151859
0.00221601
0.00221601
0.00221601
0.00361243
0.00361243
0.00361243
0.00361243
0.00361243
0.00361243
0.0298366
0.00849489
0.00460953
0.00307583
0.00307583
0.00307583
0.00307583
0.00307583
0.00307583
9.09558e-05
9.09558e-05
9.09558e-05
9.09558e-05
9.09558e-05
9.09558e-05
0.00307583
0.00307583
0.00307583
0.00307583
0.00307583
0.00307583
0.00307583
0.00408629
0.00408629
0.00408629
0.00408629
0.00471079
0.00471079
0.00471079
0.00038888
0.00165989
0.00471079
0.00509252
0.00509252
0.00509252
0.00593211
0.00593211
0.00593211
0.00530073
0.00593211
0.00593215
0.00593215
0.00593215
0.00593215
0.00671517
0.00671517
0.000171254
0.000171254
0.000171254
0.000171254
0.000171254
0.000171254
0.000171254
0.000241888
0.00132288
0.00167415
0.00272316
0.00272316
0.00272316
0.00272316
0.00272316
0.00272316
0.00272316
0.000960108
0.000960108
0.00240217
0.00248128
0.02188
0.02188
0.02188
0.01679
0.0169278
0.02188
0.0120166
0.0120166
0.0120166
0.0120166
0.00541714
0.00149055
0.0120166
0.0143382
0.00191459
0.00191459
0.00191459
0.00191459
0.00191459
0.00187348
0.00187348
0.00019138
0.00019138
0.00019138
0.00191459
0.00191459
0.00191459
0.00191459
0.00191459
0.00191459
0.00289813
0.00289813
0.00289813
0.00289813
0.0129331
0.0129331
0.0129331
0.0129331
0.0129331
0.0129331
0.0129331
0.0129331
0.0129331
0.0129331
0.0129331
0.0129331
0.0143604
0.00028741
0.00028741
0.00028741
0.00028741
0.00028741
0.00028741
0.00284608
0.00284608
0.00284608
0.00230344
0.00230345
0.00230345
0.00230345
0.00230345
0.00230345
0.00230345
0.00440594
0.00431983
0.000458796
0.000458796
0.000458796
0.00191911
0.00191911
0.00191911
0.000302673
0.000302673
0.000302673
0.000302673
0.000302673
0.000302673
0.000302673
0.000302673
0.000302673
0.000302673
0.000646362
0.00144597
0.00144597
0.00144597
0.00144597
0.000942625
0.000942625
0.000942625
0.000942625
0.000940243
0.00112503
0.00112503
0.00112503
0.00112503
0.00112503
0.00112503
0.00112503
0.000348229
0.000377634
0.000377634
0.000377634
0.000427329
0.000427329
0.000427329
0.000427329
0.00490621
0.00490621
0.00490621
0.00490621
0.00490621
0.00490621
0.00490621
0.00490621
0.00490621
0.00443
0.002914
0.002914
0.0129344
0.0129344
0.0129344
0.0129344
0.0129344
0.0129344
5.38448e-05
0.0129382
0.0129382
0.0129382
0.0129382
0.0129382
0.0129382
0.00178405
0.00178405
0.00178405
0.000114058
0.000114058
0.000114058
0.000114058
0.000114058
0.000233543
0.000233543
0.000233543
0.000233543
0.000288072
0.000288072
0.000288072
0.000266676
0.00278124
0.00278124
0.00278124
0.00406584
0.00406584
0.00406584
0.00406584
0.00406584
0.00406584
0.00406584
0.00406584
0.00406584
0.00142016
0.00142016
0.00142016
0.00142016
0.00142016
0.00142016
0.00142016
0.00406584
0.00406584
0.00406584
0.00406584
0.00406584
0.00406584
0.00406584
0.0070799
0.0070799
0.0140566
0.0129835
0.0129835
0.0129835
0.0129835
0.0129835
0.0129835
0.0129835
0.0129835
0.0129835
0.00141608
0.00141608
0.00141608
0.00141608
0.00135841
0.00135841
0.00135841
0.00292836
0.0015533
0.00292836
0.00928217
0.00928217
0.00928217
0.0524163
0.0524163
0.0524163
0.0359338
0.0359338
0.0359338
0.0359338
0.0315197
0.0210597
0.0210597
0.0210597
0.0210597
0.0210597
0.0210597
0.0191211
0.0191211
0.018452
0.0139057
0.0114887
0.0114887
0.0114887
0.0146305
0.0129875
0.0129875
0.0129875
0.0129875
0.0129875
0.00936097
0.00936097
0.00936097
0.00936097
0.0121371
0.0121371
0.0117958
0.00346657
0.00346657
0.00346657
0.0041133
0.0041133
0.00248988
0.00248988
0.00248988
0.0043843
0.00266588
0.0043843
0.0043843
0.0043843
0.0043843
0.0043843
0.0043843
0.0043843
0.0043843
0.0043843
0.00519956
0.00519956
0.00519956
0.00519956
0.00519956
0.00519956
0.00913783
0.00913783
0.00913783
0.00913783
0.00913783
0.0112992
0.0112992
0.00531317
0.00531317
0.00546633
0.00546633
0.0058436
0.0058436
0.00573707
0.00573707
0.00573707
0.00573707
0.0112992
0.0112992
0.0112992
0.00974742
0.00349826
0.00349826
0.00349826
0.00252353
0.00252353
0.00252353
0.00252353
0.00252353
0.00268665
0.00268665
0.000727845
0.000727845
0.000727845
0.000727845
0.000799536
0.00349826
0.00338911
0.00338911
0.00349826
0.00337889
0.00337889
0.00337889
0.00337889
0.00337889
0.00226549
0.00226549
0.00229743
0.00229743
0.00229743
0.00171516
0.00171516
0.000568668
0.000568668
0.000568668
0.000882109
0.000882109
0.000882109
0.000882109
0.000882109
0.00195221
0.00112724
0.00112724
0.00112724
0.00112724
0.00112724
0.00112724
0.00112724
0.00112724
0.00112724
0.000751379
0.00114362
0.00114362
0.000553463
0.000553463
0.000323635
0.000323635
0.000323635
0.000323635
0.000323635
0.00118516
0.00118516
0.00119814
0.00155726
0.00155726
0.00114358
0.00114358
0.000104514
0.000104514
4.55382e-05
3.44914e-05
3.44914e-05
3.44914e-05
3.44914e-05
3.44914e-05
3.44914e-05
1.89389e-05
1.89389e-05
1.89389e-05
0.000221711
0.000221711
0.000221711
0.00170446
0.00171289
0.00171289
0.00171289
0.00171289
0.00478944
0.00478944
0.00478944
0.00478944
0.00287312
0.00287312
0.00270369
0.00138619
0.000373858
0.000373858
0.000418861
0.000418861
0.000418861
0.000503362
0.000503362
0.000584358
0.000584358
0.00267851
0.00152454
0.00152454
0.00391229
0.00636128
0.00636128
0.00636128
0.00636128
0.00636128
0.00636128
0.00601985
0.00601985
0.00601985
0.00413799
0.00472496
0.00472496
0.00896708
0.00896708
0.0108526
0.0108526
0.0108526
0.0108526
0.0108526
0.00828165
0.00828165
0.00733679
0.00733679
0.00733679
0.0102584
0.0103286
0.0110255
0.0110255


-0.00298388
-0.021079
-0.0267265
-0.0223273
0.0371848
-0.0856732
-0.0533151
-0.0742551
-0.10259
0.0723935
0.0501137
-0.00633725
0.0653867
-0.27983
-0.230224
0.127301
0.139166
0.430647
-0.0688528
0.00841921
0.252893
-0.0748249
0.0394214
-0.00486088
0.0663622
-0.0612985
-0.0093726
-0.121338
-0.117219
-0.0862628

0.021

