452.545
352.711
352.711
352.711
352.711
352.711
352.711
266.756
266.756
266.756
266.756
266.756
266.756
352.711
315.355
315.355
315.355
315.355
315.355
315.355
315.355
315.355
315.355
315.355
315.355
315.355
315.355
315.355
315.355
305.652
305.652
305.652
296.136
296.136
296.136
296.136
296.136
296.136
296.136
296.136
296.136
296.136
296.136
296.136
296.136
296.136
296.136
296.136
296.136
296.136
296.136
296.136
296.136
295.448
295.448
295.448
280.971
280.971
280.971
280.971
280.971
280.971
280.971
295.003
275.686
275.686
275.686
275.686
275.686
275.686
275.686
275.686
275.686
275.686
286.382
286.382
289.062
275.486
275.486
264.155
264.155
264.155
264.155
256.091
256.091
256.091
256.091
256.091
256.091
256.091
256.091
256.091
256.091
256.091
256.091
256.091
256.091
256.091
256.091
256.091
256.091
256.091
256.091
256.091
256.091
256.091
256.091
256.091
256.091
256.091
256.091
240.192
240.192
240.192
240.192
256.091
256.091
256.091
256.091
256.091
256.091
256.091
256.091
256.091
256.091
256.091
256.091
256.091
256.091
256.091
256.091
257.856
257.856
257.856
220.726
220.726
220.726
220.726
220.726
220.726
220.726
220.726
220.726
220.726
190.933
190.933
190.933
190.933
190.933
190.933
190.933
190.933
190.933
190.933
190.933
190.933
190.933
190.933
190.933
190.933
190.933
190.933
190.933
190.933
190.933
190.933
190.933
190.933
190.933
191.689
191.689
191.689
191.689
191.689
191.689
191.689
191.689
191.689
191.689
191.689
191.689
191.689
191.689
191.689
191.689
191.689
191.689
191.689
191.689
191.689
191.689
191.689
203.642
203.642
203.642
203.642
203.642
203.642
203.642
203.642
203.642
188.441
188.441
188.441
188.441
188.441
188.441
188.441
188.441
188.441
188.441
188.441
188.441
211.52
211.52
211.52
211.52
211.52
211.52
211.52
211.52
211.52
211.52
211.52
211.52
211.52
211.52
211.52
211.52
184.508
184.508
184.508
184.508
184.508
184.508
184.508
184.508
184.508
184.508
184.508
184.508
184.508
184.508
184.508
184.508
184.508
184.508
184.508
184.508
178.365
171.63
171.63
171.63
171.63
171.63
171.63
171.63
171.63
171.63
171.63
171.63
171.63
171.63
171.63
171.63
171.63
171.63
157.543
157.543
147.764
147.764
147.764
147.764
147.764
133.256
133.256
133.256
133.256
133.256
133.256
133.256
133.256
133.256
133.256
146.853
146.853
146.853
146.853
146.853
146.853
146.853
146.853
146.853
146.853
146.853
138.167
138.167
138.167
120.457
120.457
120.457
120.457
120.457
120.457
120.457
124.443
124.443
103.397
103.397
103.397
103.397
103.397
103.397
103.397
103.397
103.397
103.397
103.397
103.397
103.397
103.397
103.397
103.397
103.397
103.397
103.397
103.397
103.397
103.397
126.181
126.181
126.181
126.181
97.9614
97.9614
97.9614
103.57
103.57
103.57
103.57
103.57
103.57
103.57
82.0275
82.0275
82.0275
82.0275
82.0275
96.7522
96.7522
96.7522
96.7522
96.7522
80.0456
80.0456
80.0456
80.0456
80.0456
80.0456
80.0456
80.0456
80.0456
80.0456
80.0456
76.2684
76.2684
69.1127
69.1127
66.5272
66.5272
66.5272
66.5272
66.5272
66.5272
66.5272
66.5272
66.5272
66.5272
66.5272
66.5272
70.7335
68.2315
68.2315
68.2315
68.2315
64.2732
61.7743
61.7743
61.7743
60.7179
60.7179
60.7179
60.7179
60.7179
60.7179
60.7179
60.7179
60.7179
60.7179
60.7179
60.7179
52.7304
52.7304
52.7304
43.7401
43.7401
43.7401
43.7401
43.7401
43.7401
43.7401
43.7401
43.7401
43.7401
43.7401
43.7401
43.7401
43.7401
43.7401
38.6451
38.6451
38.6451
38.6451
38.6451
38.6451
43.7401
43.7401
43.7401
43.7401
43.7401
43.7401
43.7401
43.7401
43.7598
49.5453
49.5453
41.0793
41.0793
41.0793
41.0793
41.0793
41.0793
41.0793
41.0793
41.0793
41.0793
41.0793
41.0793
43.9223
43.9223
43.9223
43.9223
43.9223
43.9223
43.9223
43.9223
43.9223
43.9223
43.9223
43.9223
43.9223
43.6257
43.9223
43.3258
43.3258
43.3258
42.5368
42.5368
42.5368
42.5368
42.5368
42.5368
42.5368
42.5368
39.4192
39.4192
39.4192
42.5368
42.5368
42.5368
42.5368
42.5368
42.5368
42.5368
41.5671
41.5671
41.5671
41.5671
41.5671
41.5671
41.5671
39.3288
39.3288
39.3288
39.3288
39.3288
39.3288
39.3288
39.6481
39.6481
39.6481
39.6481
39.6481
39.6481
39.6481
39.6481
39.6481
40.119
40.119
40.119
40.119
40.119
40.119
40.119
39.1096
35.6463
35.6463
35.6463
35.6463
35.6463
39.1096
33.9977
33.9977
33.9977
33.9977
33.9977
33.9977
33.9977
33.9977
33.9977
33.9977
35.53
35.53
35.53
35.53
35.53
35.53
35.53
35.53
36.4667
36.4667
37.4226
37.4226
34.2255
34.2255
34.2255
34.2255
34.2255
34.2255
33.8963
33.8963
32.4655
33.8963
33.8963
33.8963
33.8963
33.8963
33.8963
33.8963
33.8963
33.8963
34.2255
34.2255
34.1704
32.1144
32.1144
32.1144
32.1144
32.1144
32.1144
32.1144
32.1144
32.1144
32.0015
32.0015
32.0015
32.0015
32.0015
32.0015
32.0015
32.0015
32.0015
32.0015
32.0015
32.0015
32.0015
32.0015
32.0015
32.0015
32.0015
32.0015
32.1616
32.1616
32.1616
32.1616
32.1616
32.1616
32.1616
32.1616
32.1616
32.1616
31.5686
31.5686
31.5686
31.5686
31.5686
31.5686
31.5686
28.8041
28.8041
28.8041
28.8041
28.8041
28.8041
28.8041
28.8041
28.8041
28.8041
28.8041
28.8041
28.8041
28.8041
28.8041
28.8041
28.8041
28.8041
28.8041
28.8041
28.8041
28.8041
28.8041
28.8041
28.8041
28.8041
28.8041
28.8041
28.8041
28.8041
28.8041
28.8041
28.8041
28.8041
28.8041
30.3124
30.3124
30.3124
30.3124
30.3124
30.3124
30.3124
30.3124
30.3124
29.6778
29.6778
29.6778
29.6778
29.6778
29.6778
29.6778
29.6778
29.6778
29.6778
29.6778
29.6778
29.6778
29.6778
29.6778
29.6778
29.6778
29.6778
29.6778
29.6778
30.3124
30.3124
30.3124
30.3124
30.3124
30.3124
30.3124
30.3124
30.3124
29.6561
29.6561
28.8267
28.8267
28.8267
28.8267
28.8267
28.8267
28.8267
28.8267
28.8267
28.8267
28.8267
28.8267
28.8267
28.8267
28.8267
28.8267
28.8267
31.0245
31.0245
31.0245
31.0245
31.0245
31.0245
31.0245
31.0245
28.5043
28.5043
28.5043
28.5043
28.5043
28.5043
28.5043
28.5043
28.5043
29.9044
29.9044
29.9044
29.9044
29.9044
30.4381
30.4381
29.8032
29.8032
29.8032
29.8032
29.1178
29.1178
29.1178
29.1178
29.1178
29.1178
29.1178
29.1178
29.1178
28.816
29.0714
29.0714
29.0714
29.1178
29.1178
29.1178
28.4204
28.4204
28.4204
28.4204
29.1178
29.1178
29.1178
29.1178
29.1178
29.1178
29.1178
29.1178
29.1178
29.1178
29.1178
29.1178
29.1178
29.177
29.177
29.177
29.177
29.177
29.7175
28.9584
28.9584
28.9584
28.9584
28.9584
28.9584
28.9584
28.9584
28.9584
28.9584
28.9584
28.9584
29.7175
29.7175
29.7175
29.7175
29.7175
29.7175
29.7175
29.7175
27.7861
27.7861
27.7861
27.7861
27.7861
27.7861
27.7861
27.7861
27.7861
27.7861
27.7861
27.7861
27.7861
27.7861
27.7861
27.5457
27.5457
27.5457
27.5457
27.5457
27.5457
27.5457
27.5457
27.5457
27.5457
27.5457
27.5457
27.5457
27.5457
27.5457
27.5457
27.5457
27.5457
27.5457
27.5457
27.5457
27.5457
27.5457
27.5457
27.5457
27.5457
27.5457
27.5457
27.5457
27.5457
27.5457
27.5457
27.5457
27.5457
27.5457
27.5457
27.5457
27.5457
27.5457
27.5678
27.5678
27.5678
27.5678
27.5678
27.5678
27.5678
27.5678
27.5678
27.5678
27.5678
27.5678
27.5678
27.5678
27.5678
27.5678
27.5678
27.5678
27.5678
27.5678
27.5678
27.5678
27.5678
27.5678
27.5678
27.5678
27.5678
27.5678
27.5678
27.5678
27.5678
27.5678
27.5678
27.5678
27.5678
27.5678
27.5678
27.5678
27.5678
27.5678
27.5678
27.5678
27.5678
27.5678
27.5678
27.5678
27.5678
27.5678
27.5678
27.5678
27.5678
27.5678
27.5678
27.5678
27.5678
27.5678
27.5678
27.5678
27.5678
27.8976
27.8976
27.8976
27.8976
27.8976
28.1882
28.0319
28.0319
28.0319
28.0319
28.0319
28.0319
28.0319
28.0319
28.0319
28.0319
28.2112
28.2112
28.2112
28.2112
28.2112
28.2112
28.2112
28.2112
28.2112
28.2112
27.6683
27.6683
27.6683
28.2112
28.2112
28.2112
28.1793
27.8199
27.8199
27.7144
27.7144
27.7144
27.7144
27.7144
27.7144
27.7144
27.7144
27.7144
27.7144
27.7144
27.7144
27.7144
27.7144
27.7144
27.7144
27.7144
27.7144
27.7144
27.7144
27.7144
27.7144
27.7144
27.7144
27.7144
27.7144
27.7144
27.7144
27.7144
27.7144
27.7144
27.7144
27.7144
27.7816
27.7816
27.7816
27.7816
27.7816
27.7816
27.7816
27.7816
27.7816
27.7816
27.7816
27.7135
27.6928
27.6928
27.6928
27.6928
27.6928
27.6928
27.6928
27.6928
27.6928
27.6928
27.6928
27.6928
27.6928
27.6928
27.6928
27.6928
27.6928
27.6928
27.6469
27.6469
27.6469
27.6469
27.6469
27.6469
27.6326
27.6326
27.6326
27.6326
27.6326
27.6326
27.6326
27.6469
27.6469
27.6469
27.7034
27.7034
27.7034
27.7034
27.7034
27.7034
27.7034
27.7034
27.7034
27.7034
27.7034
27.7034
27.7034
27.7034
27.7034
27.7034
27.7034
27.9247
27.9247
27.9247
27.2996
27.2996
27.2996
27.2996
27.2996
27.2996
27.2996
27.2996
27.2996
27.2996
27.2996
27.2996
27.2996
27.2996
27.2996
27.2996
27.2996
27.2996
27.2996
27.2996
27.2996
27.2996
27.2996
27.2996
27.2996
27.2996
27.2996
27.2996
27.2996
27.2996
27.2996
27.2996
27.2996
27.2996
27.2996
27.2996
27.2996
27.2996
27.2996
27.2996
27.2996
27.2996
27.2996
27.2996
27.2996
27.7228
27.7228
27.7228
27.7228
27.7228
27.7228
27.7228
27.7228
27.7228
27.7228
27.7228
27.7228
27.7228
27.7228
27.7228
27.7228
27.7228
27.7228
27.7228
27.7228
27.7228
27.7228
27.7228
26.9521
27.7228
27.3193
27.3193
27.3193
27.3193
27.3193
27.3193
27.3193
27.3193
27.3193
27.3193
27.3193
27.3193
27.3193
27.3193
27.3193
27.3193
27.3193
27.3193
27.4291
27.4291
27.4291
27.4291
27.4291
27.4291
27.4291
27.4291
27.4291
27.4291
27.4291
27.4291
27.4291
27.4291
27.4291
27.4291
27.3906
27.3906
27.3906
27.3906
27.3906
27.3906
27.3906
27.3906
27.3906
27.4291
27.4291
27.4291
27.4291
27.4291
27.4291
27.4291
27.4291
27.4291
27.4291
27.4291
27.4291
27.4291
27.4291
27.4291
27.4291
27.4291
27.4291
27.4291
27.6172
27.6172
27.6172
27.6172
27.6172
27.6172
27.6172
27.6172
27.6172
27.6172
27.6172
27.6172
27.6172
27.6172
27.6172
27.6172
27.6172
27.4473
27.4473
27.4473
27.4473
27.4473
27.4401
27.4401
27.4401
27.4473
27.4473
27.4473
27.4473
27.4473
27.4473
27.4098
27.4098
27.4098
27.4098
27.4098
27.4098
27.4098
27.4098
27.4098
27.4098
27.4098
27.4098
27.4473
27.4473
27.4473
27.4473
27.4473
27.4473
27.4473
27.4473
27.4473
27.4473
27.4473
27.4473
27.4473
27.4473
27.4473
27.4473
27.4473
27.4473
27.4473
27.4473
27.3463
27.3463
27.3463
27.3463
27.3463
27.3463
27.3463
27.3463
27.3463
27.3463
27.3463
27.3463
27.3463
27.3463
27.3463
27.3463
27.2069
27.2069
27.2069
27.2069
27.2069
27.2069
27.2069
27.2069
27.2069
27.2069
27.2069
27.2069
27.2069
27.2069
27.2069
27.2773
27.2773
27.2773
27.2773
27.2773
27.2773
27.2773
27.2773
27.2773
27.2773
27.2773
27.2773
27.2773
27.2773
27.3463
27.3463
27.1834
27.1834
27.1834
27.1834
27.1834
27.1834
27.1834
27.1834
27.1834
27.1834
27.1834
27.1834
27.1834
27.1834
27.1834
27.1834
27.1834
27.1834
27.1834
27.1834
27.1834
27.1834
27.1834
27.1834
27.1834
27.1834
27.1834
27.1834
27.1834
27.1834
27.1834
27.0675
27.0675
27.0675
27.0675
27.0675
27.0675
27.0675
27.0675
27.0675
27.0675
27.0675
27.0675
27.0675
27.0675
27.0675
27.0675
27.0675
27.4979
27.4979
27.0364
27.0364
27.0364
27.0364
27.0364
27.0364
27.0364
27.0364
27.0364
27.0364
27.0364
27.0364
27.0364
27.0364
27.0364
27.0364
27.0364
27.2691
27.2691
27.2691
27.2691
27.2691
27.4784
27.4784
27.4784
27.4784
27.4784
27.4784
27.4784
27.4784
27.4368
27.4368
27.4368
27.3412
27.3412
27.3412
27.3412
27.3412
27.3412
27.3412
27.3751
27.3751
27.3751
27.3751
27.3751
27.3751
27.3751
27.3751
27.3751
27.3751
27.3751
27.3751
27.3751
27.3751
27.3751
27.3751
27.4041
27.4041
27.4041
27.4041
27.4041
27.4198
27.4198
27.4368
27.4368
27.4395
27.4395
27.4395
27.4395
27.4395
27.4531
27.4531
27.4531
27.4531
27.4531
27.4531
27.4531
27.4588
27.4588
27.5262
27.5262
27.5262
27.5262
27.5271
27.5271
27.5271
27.5271
27.5271
27.5271
27.5271
27.5271
27.5271
27.4214
27.4214
27.4214
27.4214
27.4214
27.5271
27.5271
27.5271
27.5271
27.5271
27.5271
27.4427
27.4731
27.4731
27.4731
27.4731
27.4731
27.4731
27.5271
27.5271
27.567
27.567
27.5579
27.555
27.555
27.555
27.555
27.555
27.555
27.555
27.555
27.5449
27.5449
27.5449
27.555
27.555
27.555
27.555
27.5053
27.5053
27.5053
27.5053
27.5053
27.5053
27.5053
27.5053
27.5053
27.5053
27.5053
27.5053
27.5053
27.5053
27.5053
27.5053
27.5053
27.5053
27.5053
27.5053
27.5053
27.555
27.555
27.555
27.555
27.555
27.467
27.467
27.4974
27.4974
27.4974
27.4974
27.4974
27.3863
27.3863
27.3863
27.3863
27.3863
27.3863
27.3863
27.3863
27.3863
27.3863
27.3863
27.3863
27.3863
27.3863
27.3863
27.3863
27.3863
27.3863
27.3863
27.3863
27.3863
27.3863
27.3863
27.3863
27.3863
27.3863
27.3863
27.3863
27.3863
27.3863
27.3863
27.3863
27.5187
27.5187
27.5187
27.4821
27.4821
27.4821
27.4821
27.4821
27.4821
27.4821
27.4821
27.4821
27.4821
27.4821
27.4821
27.4821
27.4821
27.4821
27.4821
27.4821
27.4821
27.4821
27.4821
27.4821
27.4821
27.4821
27.4821
27.4821
27.4821
27.4821
27.4821
27.4821
27.4821
27.4821
27.4821
27.4821
27.4821
27.4821
27.4821
27.4821
27.4821
27.4821
27.4821
27.4821
27.4821
27.4821
27.4821
27.4821
27.5812
27.5812
27.5812
27.5812
27.5812
27.5812
27.5812
27.4982
27.4982
27.4982
27.4982
27.5935
27.5935
27.5208
27.5208
27.5208
27.5208
27.5208
27.5208
27.5208
27.5208
27.5208
27.5208
27.5023
27.5023
27.5023
27.5023
27.5023
27.5023
27.5023
27.5208
27.5306
27.5306
27.5306
27.5306
27.5306
27.5306
27.5306
27.5306
27.5306
27.5306
27.5306
27.4064
27.4064
27.4064
27.4064
27.4064
27.4064
27.4064
27.4064
27.4064
27.4064
27.4064
27.4064
27.4536
27.4536
27.4536
27.4536
27.4536
27.4536
27.4536
27.4536
27.4536
27.4536
27.4116
27.4116
27.4116
27.4116
27.4116
27.4116
27.4116
27.4116
27.4116
27.4116
27.4116
27.4126
27.4126
27.4126
27.4126
27.4126
27.4126
27.4126
27.4126
27.4126
27.4126
27.4126
27.4126
27.4126
27.4126
27.4126
27.4126
27.4126
27.4126
27.4126
27.4126
27.4126
27.4126
27.4398
27.4398
27.4398
27.4398
27.4398
27.4398
27.4748
27.4102
27.4102
27.4102
27.4102
27.4748
27.4748
27.4748
27.4748
27.4748
27.4748
27.4748
27.4748
27.4748
27.4748
27.4748
27.4748
27.4748
27.4748
27.4748
27.4748
27.4748
27.4748
27.4748
27.4748
27.4748
27.4748
27.4748
27.4748
27.4748
27.4748
27.4748
27.4748
27.4748
27.4748
27.4748
27.513
27.513
27.513
27.513
27.513
27.513
27.513
27.513
27.513
27.513
27.513
27.513
27.513
27.513
27.513
27.513
27.513
27.513
27.513
27.4915
27.4915
27.4915
27.4915
27.4915
27.4915
27.4915
27.4915
27.4915
27.4915
27.4915
27.4915
27.4915
27.4915
27.4915
27.4915
27.4915
27.4915
27.4915
27.4915
27.4915
27.4915
27.4915
27.5228
27.5228
27.5228
27.5228
27.5228
27.5228
27.5228
27.5228
27.5228
27.5228
27.5228
27.5271
27.5271
27.5271
27.5271
27.5271
27.5271
27.5271
27.5271
27.5271
27.5271
27.5305
27.5305
27.5054
27.5054
27.5054
27.5054
27.5044
27.4619
27.4619
27.4619
27.4619
27.4619
27.4619
27.4619
27.4619
27.4619
27.4619
27.4619
27.4619
27.4619
27.4619
27.4619
27.4619
27.4987
27.4987
27.4987
27.4987
27.4987
27.4987
27.4987
27.4987
27.4987
27.4987
27.4987
27.4987
27.4987
27.4909
27.4909
27.4909
27.4909
27.4909
27.4909
27.4987
27.4987
27.4987
27.4987
27.4987
27.4987
27.4987
27.4987
27.4987
27.5319
27.5319
27.5319
27.5319
27.5319
27.4801
27.4801
27.4801
27.4801
27.4801
27.4801
27.4783
27.4783
27.4783
27.4783
27.4783
27.4783
27.4783
27.4783
27.4783
27.4783
27.4783
27.4783
27.4783
27.4783
27.4783
27.4783
27.4783
27.4783
27.4783
27.4783
27.4783
27.4783
27.4783
27.4783
27.4783
27.4783
27.4783
27.4783
27.4783
27.4783
27.4783
27.4783
27.4783
27.4783
27.4783
27.4783
27.4783
27.4783
27.4783
27.5381
27.5381
27.5381
27.5381
27.5381
27.5381
27.5381
27.5381
27.5381
27.5381
27.5381
27.5381
27.5381
27.5381
27.5381
27.5381
27.5381
27.5381
27.5249
27.5249
27.5249
27.5249
27.5249
27.5249
27.5249
27.5249
27.5249
27.5249
27.5249
27.5297
27.5297
27.5297
27.5297
27.5297
27.5297
27.5297
27.5297
27.5297
27.5297
27.5297
27.4603
27.4603
27.4603
27.4603
27.4603
27.4603
27.4603
27.4603
27.4603
27.4603
27.4603
27.4603
27.4603
27.4603
27.4603
27.4603
27.4603
27.4603
27.4603
27.4603
27.4603
27.4603
27.5425
27.5425
27.5122
27.5122
27.5122
27.5122
27.4705
27.4705
27.4521
27.4521
27.4521
27.4521
27.4521
27.4521
27.4521
27.4521
27.4521
27.4521
27.4521
27.4521
27.4521
27.4521
27.4521
27.4837
27.4837
27.4837
27.5227
27.5227
27.5227
27.5227
27.5227
27.5192
27.5192
27.5192
27.5192
27.5192
27.5192
27.5192
27.5192
27.5192
27.5192
27.5192
27.5192
27.5134
27.5134
27.5134
27.5134
27.5134
27.5134
27.5464
27.5464
27.5464
27.5274
27.5274
27.5274
27.5274
27.5274
27.5274
27.5274
27.5274
27.5416
27.4727
27.4727
27.4727
27.4727
27.4727


0.0450186
0.0340087
0.0321508
0.0244488
0.0340477
0.0351311
0.0354165
0.0350337
0.0363014
0.0353449
0.0360055
0.0344994
0.0355048
0.0344965
0.0336241
0.0335884
0.0351006
0.0317849
0.0402196
0.0345414
0.0371796
0.0294105
0.0371766
0.0394976
0.0370092
0.0291395
0.0420179
-0.00460445
0.0430362
0.54317

0.032

