455.096
441.228
441.228
441.228
441.228
426.812
423.234
423.234
426.812
426.812
426.812
367.393
367.393
367.393
367.393
367.393
367.393
367.393
367.393
367.214
366.392
366.392
366.392
366.392
366.392
366.392
359.513
366.392
367.393
367.393
367.393
367.393
316.454
316.454
316.454
316.454
316.454
316.454
316.454
316.454
316.454
316.454
316.454
347.749
347.749
334.4
334.4
333.104
328.022
328.022
328.022
328.022
328.022
328.022
328.022
328.022
328.022
328.022
328.022
301.254
301.254
301.254
301.254
274.472
274.472
274.472
274.472
274.472
280.407
280.407
280.407
280.407
280.407
280.407
254.586
254.586
254.586
254.586
254.586
262.61
262.61
262.61
262.61
262.61
262.61
262.61
262.61
262.61
262.61
262.61
262.61
262.61
262.61
262.61
262.61
262.61
262.61
262.61
262.61
262.61
262.61
262.61
262.61
262.61
262.61
262.61
262.61
262.61
262.61
262.61
262.61
262.61
262.61
262.61
262.61
262.61
262.61
262.61
262.61
258.11
258.11
258.11
258.11
258.11
258.11
258.11
258.11
258.11
258.11
258.11
258.11
258.11
262.61
262.61
242.025
242.025
242.025
242.025
242.025
242.025
242.025
242.025
242.025
239.372
239.372
239.372
239.372
239.372
239.372
239.372
239.372
239.372
239.372
239.372
239.372
239.372
239.372
239.372
239.372
242.025
244.252
244.252
244.252
244.252
244.252
233.951
233.951
233.951
233.951
233.951
233.951
233.951
233.951
233.951
233.951
233.951
233.951
233.951
233.951
233.951
233.951
233.951
233.951
233.951
233.951
233.951
233.951
233.951
233.951
233.951
233.951
233.951
233.951
233.951
233.951
233.951
233.951
233.951
233.951
233.951
233.951
233.951
233.951
233.951
233.951
233.951
233.951
233.951
233.951
233.951
233.951
233.951
233.951
233.951
233.951
243.664
243.664
243.664
243.664
243.664
237.583
219.572
219.572
219.572
219.572
180.335
180.335
180.335
180.335
180.335
180.335
180.335
180.335
180.335
180.335
180.335
180.335
180.335
180.335
180.335
180.335
180.335
180.335
180.335
187.799
147.521
147.521
147.521
147.521
147.521
147.521
147.521
147.521
147.521
147.521
147.521
147.521
147.521
147.521
147.521
183.714
183.714
183.714
183.714
183.714
183.714
183.714
180.566
180.566
180.566
180.566
180.566
180.566
180.566
180.566
151.703
151.703
151.703
151.703
151.703
151.703
151.703
151.703
151.703
151.703
151.703
151.703
151.703
164.629
164.629
164.629
164.629
151.275
151.275
151.275
151.275
151.275
151.275
151.275
151.275
151.275
151.275
151.275
151.275
164.62
152.361
152.361
152.361
152.361
152.361
144.956
144.956
144.956
144.956
144.956
144.956
144.48
144.48
144.48
142.601
142.601
142.601
140.956
140.956
122.257
136.193
136.193
136.193
140.956
139.213
110.025
110.025
110.025
110.025
130.472
113.097
113.097
113.097
113.097
113.097
113.097
113.097
113.097
113.097
113.097
113.097
117.562
117.562
117.562
117.562
117.562
117.562
117.562
117.562
117.562
117.562
117.562
117.562
117.562
117.562
117.562
117.562
111.824
111.824
111.824
111.824
111.824
111.824
106.905
106.905
106.905
106.905
106.905
106.905
97.9899
97.9899
106.905
106.905
106.905
108.013
108.013
108.013
108.013
108.013
108.013
108.013
108.013
108.013
108.013
108.013
110.633
110.633
110.633
93.5339
93.5339
93.5339
93.5339
93.5339
93.5339
93.5339
93.5339
93.5339
82.2477
82.764
82.764
82.764
82.764
82.764
82.764
82.764
82.764
82.764
82.764
82.764
82.764
82.764
82.764
86.0146
86.0146
93.5339
93.5339
83.846
83.846
83.846
93.5339
93.5339
93.5339
93.5339
93.5339
88.4524
83.4473
83.4473
83.4473
88.4524
88.4524
88.4524
88.4524
88.4524
86.0115
86.0115
86.0115
86.0115
84.0313
84.0313
84.0313
86.0115
86.0115
86.0115
86.0115
71.7166
71.7166
86.0115
86.0115
86.0115
68.5959
68.5959
68.5959
68.5959
68.5959
68.5959
68.5959
68.5959
68.5959
68.5959
68.5959
68.5959
68.5959
68.5959
68.5959
68.5959
68.5959
68.5959
68.5959
68.5959
68.5959
68.5959
68.5959
68.5959
68.5959
68.5959
68.5959
68.5959
68.5959
68.5959
68.5959
68.5959
68.5959
68.5959
68.5959
68.5959
68.5959
68.5959
68.5959
68.5959
69.5373
65.6527
65.6527
65.6527
65.6527
65.6527
65.6527
65.6527
65.6527
65.6527
65.6527
65.6527
65.6527
65.6527
65.6527
65.6527
65.6527
65.6527
65.6527
66.6716
66.6716
66.6716
66.6716
66.6716
66.6716
66.6716
66.6716
66.6716
66.6716
66.586
66.586
66.586
66.586
66.586
66.586
66.586
66.586
66.586
66.586
66.586
66.586
66.586
66.586
66.6716
66.8728
66.8728
55.2074
55.2074
55.2074
55.2074
55.2074
55.2074
55.2074
55.2074
67.9672
68.9231
68.9231
68.9231
68.9231
68.9231
68.9231
68.9231
68.122
68.122
56.3636
56.3636
56.3636
56.3636
56.3636
56.3636
56.3636
56.3636
56.3636
56.3636
56.3636
56.3636
56.3636
61.8738
54.3116
61.8738
61.8738
61.8738
61.8738
61.8738
61.8738
61.8738
61.8738
61.8738
61.8738
61.8738
61.8738
61.8738
61.8738
61.8738
61.8738
61.8738
61.8738
61.8738
59.0839
59.0839
59.0839
59.0839
56.6941
56.6941
56.6941
56.6941
56.6941
56.6941
56.6941
56.6941
56.6941
56.6941
56.6941
56.6941
56.6941
56.6941
56.6941
56.6941
55.1846
55.1846
55.1846
55.1846
55.1846
55.1846
55.1846
55.1846
55.1846
55.1846
55.1846
55.1846
55.1846
55.1846
55.1846
55.1846
55.1846
55.1846
55.1846
55.1846
55.1846
55.1846
55.1846
55.1846
55.1846
55.1846
55.1846
55.1846
55.1846
55.1846
55.1846
55.1846
55.1846
55.1846
55.1846
55.1846
55.1846
55.1846
55.1846
55.1846
55.1846
55.1846
55.1846
55.1846
55.1846
55.1846
55.1846
55.1846
55.1846
61.2732
61.2732
61.2732
61.2732
61.2732
61.2732
61.2732
61.2732
61.2732
61.2732
61.2732
61.2732
61.2732
61.2732
61.2732
60.2138
60.2138
60.2138
60.2138
60.2138
60.2138
60.2138
60.2138
60.2138
60.2138
60.2138
60.2138
60.2138
60.2138
61.2732
61.2732
61.2732
61.2732
61.2732
61.2732
61.2732
61.2732
55.7161
55.7161
55.7161
55.7161
61.2732
61.2732
61.2732
61.2732
61.2732
61.2732
56.8523
56.8523
56.8523
56.8523
56.8523
56.8523
56.8523
56.8523
56.8523
56.8523
56.8523
56.8523
59.9881
59.9881
59.9881
59.9881
59.9881
59.9881
59.9881
59.9881
57.4181
57.4181
57.4181
57.4181
57.4181
57.4181
57.4181
57.4181
57.4181
57.4181
57.4181
57.4181
57.4181
57.4181
57.4181
57.4181
57.4181
57.4181
57.4181
57.4181
57.4181
57.4181
57.4181
57.4181
57.4181
57.4181
57.4181
57.4181
57.4181
57.4181
57.4181
57.4181
61.2732
55.2011
55.2011
55.2011
55.2011
55.2011
55.2011
55.2011
55.2011
55.2011
55.2011
55.2011
55.2011
55.2011
55.2011
55.2011
55.2011
55.2011
55.2011
55.2011
55.2011
55.2011
55.2011
55.2011
55.2011
55.2011
55.2011
55.2011
55.2011
55.2011
52.3386
52.3386
52.3386
52.3386
52.3386
52.3386
52.3386
52.3386
52.3386
52.3386
52.3386
52.3386
52.3386
52.3386
52.3386
52.3386
52.3386
52.3386
52.3386
52.3386
52.3386
52.3386
52.3386
52.3386
52.3386
52.3386
52.3386
52.3386
55.8844
55.8844
55.8844
55.8844
55.8844
55.8844
55.8844
55.8844
55.8844
55.8844
55.8844
55.8844
55.8844
55.8844
55.8844
55.8844
55.8844
56.5921
56.5921
56.5921
56.5921
59.6898
59.6898
59.6898
56.7347
56.7347
56.7347
56.7347
56.7347
56.7347
54.1088
54.1088
54.1088
54.1088
54.1088
54.1088
54.1088
54.1088
54.1088
54.1088
54.1088
54.1088
54.1088
54.1088
54.1088
54.1088
54.1088
54.1088
54.1088
54.1088
54.1088
54.1088
54.1088
54.1088
56.7347
56.7347
56.7347
56.7347
56.7347
56.7347
56.7347
56.7347
56.7347
52.3867
52.3867
52.3867
52.3867
52.3867
52.3867
52.3867
52.3867
52.3867
52.3867
52.3867
52.3867
52.3867
52.3867
52.3867
52.3867
52.3867
52.3867
52.3867
52.3867
52.3867
52.3867
52.3867
52.3867
52.3867
52.3867
52.3867
52.3867
52.3867
52.3867
52.3867
52.3867
52.3867
52.3867
52.3867
52.3867
52.3867
52.3867
52.3867
52.3867
55.36
55.36
55.36
55.36
55.36
55.36
55.36
55.36
51.9114
51.9114
51.9114
51.9114
51.9114
51.9114
51.9114
51.9114
51.9114
51.9114
51.9114
51.9114
51.9114
51.9114
51.9114
51.9114
51.9114
55.5664
55.5664
55.5664
55.5664
55.5664
55.5664
55.5664
50.1411
50.1411
50.1411
50.1411
50.1411
50.1411
50.1411
50.1411
50.1411
50.1411
50.1411
50.1411
50.1411
50.1411
50.1411
50.1411
50.1411
50.1411
50.1411
50.1411
50.1411
50.1411
50.1411
50.1411
54.0871
54.0871
54.0871
54.0871
54.0871
54.0871
54.0871
54.0871
54.0871
55.0568
55.0568
55.0568
55.0568
55.0568
55.0568
55.0568
55.0568
55.0568
55.0568
56.8982
57.599
57.599
57.599
57.599
57.599
57.6902
56.5015
56.5015
56.5015
56.5015
56.5015
56.5015
56.5015
56.5015
56.5015
56.9872
56.9872
56.9872
56.9872
56.9872
56.9872
56.9872
56.9872
56.9872
56.9872
56.9872
56.9872
56.9872
56.9872
56.9872
56.9872
56.9872
56.9872
56.9872
56.9872
56.9872
56.9872
56.9872
56.9872
56.9872
55.4144
55.4144
55.4144
55.4144
55.4144
56.2977
56.2977
55.2214
55.2214
55.2214
55.2214
55.2214
55.2214
55.2214
55.2214
55.2214
55.2214
56.2977
56.2977
56.241
56.241
56.241
56.2977
56.2977
56.2977
56.2977
56.2977
56.2977
56.2977
56.2727
56.2727
56.2727
56.2727
56.2727
56.2977
56.2977
56.2977
56.2977
56.2977
56.2977
56.2977
56.2977
56.2977
56.2977
56.2977
55.6747
55.6747
55.6747
55.6747
55.6747
55.6747
55.6747
55.3727
55.3727
55.3727
55.3727
55.3727
55.3727
55.3727
55.3727
55.3727
55.3727
55.3727
55.3727
55.3727
55.3727
55.3727
55.3727
55.3727
55.3727
55.3727
55.3727
55.3727
55.3727
55.3727
55.3727
55.3727
55.3727
55.3727
55.3727
53.6302
53.6302
53.6302
53.6302
53.6302
53.6302
53.6302
53.6302
53.6302
53.6302
53.6302
53.6302
53.6302
53.6302
53.6302
53.6302
53.6302
53.6302
55.3727
55.3727
55.3727
55.3727
55.3727
55.3727
55.3727
53.5712
53.5712
53.5712
53.5712
53.5712
53.5712
53.5712
53.5712
53.5712
53.5712
53.5712
53.5712
53.5712
53.5712
53.5712
53.5712
53.5712
53.5712
53.5712
53.5712
53.5712
53.5712
53.5712
53.5712
53.5712
53.5712
53.5712
53.5712
53.5712
53.5712
53.5712
53.5712
53.5712
53.5712
53.5712
53.5712
54.8022
54.8022
54.8022
54.8022
54.8022
54.8022
54.8022
55.5812
55.5812
55.5812
56.5355
55.5872
55.5872
55.5872
56.5355
56.5355
56.7496
53.8757
55.3493
55.3493
55.3493
54.6071
54.6071
54.6071
54.6071
54.6071
54.6071
54.6071
54.6071
56.3937
56.3937
56.3937
56.3937
55.6274
56.3937
56.3937
56.3937
56.3937
56.3937
56.3937
56.3937
56.3937
56.3937
56.3937
54.8413
54.8413
54.8413
54.8413
56.3937
56.3937
56.5197
56.5197
56.5197
56.5197
55.0986
55.0986
55.0986
55.0986
55.0986
55.0986
55.0986
55.0986
55.0986
55.0986
55.0986
55.0986
55.0986
55.0986
55.0986
55.0986
55.0986
55.0986
55.0986
55.0986
55.0986
55.0986
55.5454
55.5454
55.5454
55.5454
55.5454
53.9353
53.9353
53.9353
53.9353
53.9353
53.9353
53.9353
53.9353
53.9353
53.9353
55.1267
55.1267
55.1267
55.1267
55.1267
55.1267
55.1267
53.0798
53.0798
53.0798
53.0798
53.0798
53.0798
53.0798
53.0798
53.0798
53.0798
53.0798
53.0798
53.0798
53.0798
53.0798
53.0798
53.0798
53.0798
53.0798
53.0798
53.0798
53.0798
53.0798
53.0798
53.0798
53.0798
53.0798
53.0798
53.0798
53.0798
53.0798
53.0798
53.0798
53.0798
53.0798
53.0798
55.1319
55.1319
55.1319
55.1319
54.1539
54.1539
55.1319
55.1319
55.1319
55.1319
55.1319
54.4576
54.4576
54.4576
54.4576
53.8838
53.8838
53.8838
53.8838
53.8838
53.8838
53.8838
53.8838
53.8838
53.8838
56.1345
56.1345
56.4606
56.4606
56.4606
56.644
56.0092
56.0092
56.644
53.3738
53.3738
53.3738
53.3738
53.6364
53.6364
53.6364
53.6364
53.6364
53.6364
53.6364
53.6364
53.6364
53.6364
53.6364
53.6364
53.5043
53.5043
53.5043
53.5043
53.5043
53.5043
53.5043
53.5043
53.5043
53.5043
53.4598
53.4598
53.5043
52.7827
52.7827
52.7827
52.7827
52.7827
52.7827
52.7827
52.7827
52.7827
52.7827
52.7827
52.7827
52.7827
52.7827
52.7827
52.7827
52.7827
52.7827
52.7827
52.7827
52.7827
52.7827
52.7827
52.7827
52.7827
51.9457
51.9457
51.9457
51.9457
51.9457
51.9457
51.9457
51.9457
55.9128
55.9128
55.9128
55.6437
55.6437
55.6437
55.9128
55.9128
53.9684
53.9684
55.9128
54.7777
54.7777
52.802
52.802
52.802
54.7777
54.7777
54.7777
54.7777
52.7522
52.7522
52.1814
52.1814
52.1814
52.4427
52.4427
52.4427
52.4427
52.4427
52.4427
52.4427
52.4427
52.4427
52.4427
52.4427
52.4427
52.4427
52.4427
52.4427
52.4427
52.4427
52.4427
52.4427
52.4427
52.4427
52.4427
52.4427
52.4427
52.4427
52.4427
52.4427
52.4427
52.8449
52.8449
52.8449
52.8449
52.8449
52.8449
52.8449
52.8449
52.8449
52.8449
52.8449
52.1918
52.1918
52.1918
52.1918
52.1918
52.1918
52.1918
52.1918
52.1918
52.1918
52.1918
52.1918
52.1918
52.1918
52.1918
52.1918
52.1918
52.1918
52.1918
52.1918
50.41
50.41
52.1918
52.1918
52.1918
52.1918
52.1918
52.1918
52.1918
52.1918
52.1918
52.1918
52.1918
52.1918
52.1918
52.1918
52.337
52.337
52.337
52.337
52.337
52.337
52.337
52.337
52.337
52.337
53.6621
53.6621
53.6621
53.6621
53.6621
53.6621
53.6621
53.6621
53.6621
53.6621
53.6621
53.6621
53.6621
53.6621
53.6621
53.6621
53.6621
53.6621
53.6621
53.6621
53.6621
53.6621
53.6621
53.6621
53.6621
53.6621
53.6621
53.6621
53.6621
53.6621
53.6621
53.6621
53.6621
51.7769
51.7769
51.7769
51.7769
51.7769
51.7769
51.7769
51.7769
51.7769
51.7769
51.7769
51.7769
51.7769
51.7769
51.7769
51.7769
51.7769
51.7769
51.7769
51.7769
51.7769
51.7769
51.7769
51.7769
51.7769
51.7769
51.7769
55.3194
55.104
55.104
55.104
55.104
55.104
55.104
55.104
55.104
55.104
55.104
55.104
55.104
55.416
55.416
55.416
55.416
55.416
55.416
55.416
55.1733
55.1733
55.1733
52.4344
52.4344
52.4344
52.4344
52.4344
52.4344
52.4344
51.6026
52.4344
52.4344
52.4344
52.4344
52.4344
52.4344
52.4344
52.4344
52.4344
52.4344
52.4344
52.4344
52.4344
52.4344
52.4344
52.4344
53.3627
53.3627
53.3627
53.3627
53.3627
53.3627
53.3627
53.3627
53.3627
53.3627
52.8552
52.8552
52.8552
52.8552
52.8552
52.8552
52.8552
52.8552
52.8552
52.8552
52.8552
52.8552
52.8552
54.2115
54.2115
54.2115
54.2115
54.2115
54.2115
54.2115
53.3668
53.3668
53.3668
53.3668
53.3668
53.3668
53.3668
53.3668
53.3668
53.3668
53.3668
53.3668
53.3668
53.3668
53.3668
53.3668
53.3668
53.3668
53.3668
53.3668
52.4669
52.4669
52.4669
52.4669
52.4669
52.4669
52.4669
52.4669
52.4669
52.4669
52.4669
52.4669
52.4669
52.4669
52.4669
52.4669
52.4669
52.4669
52.4669
52.4669
52.4669
52.4669
52.4669
52.4669
52.4669
52.4669
52.4669
52.4669
52.4669
52.4669
52.4669
52.4669
52.4669
52.4669
52.4669
52.4669
52.4669
52.4669
52.4669
52.4669
52.4669
52.4669
52.4669
52.4669
52.4669
52.4669
52.4669
52.4669
52.4669
52.4669
52.4669
52.4669
52.4669
52.4669
52.4669
52.4669
52.4669
52.4669
52.4669
52.4669
52.4669
52.4669
52.4669
53.5244
53.5244
53.5244
53.5244
53.5244
52.9434
52.9434
52.9434
52.9434
52.9434
52.9434
52.9434
53.5244
53.9788
53.9788
54.0709
54.0709
54.0709
54.0709
54.0709
54.0709
54.0709
54.0709
54.0709
54.0709
54.0709
54.0709
54.0709
54.0709
53.4931
53.4931
53.4931
53.4931
53.4931
53.4931
53.4622
53.4622
53.4622
53.4622
53.4622
53.4622
53.3067
53.3067
53.3067
53.3067
53.3067
53.4622
53.4622
53.4622
53.4622
53.4622
53.4622
53.4622
53.4622
53.4622
53.4622
53.4622
53.4622
53.4622
53.4622
53.4622
53.4622
53.4622
52.6212
52.6212
52.6212
52.6212
52.6212
52.6212
52.6212
52.6212
52.6212
52.6212
52.6212
52.6212
52.6212
52.6212
53.4622
54.1883
54.1883
54.1883
54.1883
54.1883
54.1883
54.1883
54.1883
54.1883
54.1883
54.1883
54.1883
54.1883
54.1883
54.1883
54.1883
54.1883
54.1883
54.1883
54.1883
54.1883
54.1883
54.1883
54.1883
54.1883
54.1883
54.1883
54.1883
54.1883
54.1883
54.1883
54.1883
54.1883
54.1883
54.1883
54.1883
54.1883
54.1883
54.1883
54.1883
54.1883
54.1883
54.1883
54.6242
54.6242
54.6242
54.6242
54.6242
54.6242
54.6242
54.6242
54.5299
54.5299
54.5299
54.5299
52.6629
52.6629
52.6629
52.6629
52.6629
52.6629
52.6629
52.6629
52.6629
52.6629
52.6629
52.6629
52.6629
52.6629
52.6629
52.7876
52.7876
52.7876
52.7876
52.7876
52.7876
52.7876
52.7876
52.7876
52.7876
52.7876
52.7876
52.2123
52.2123
52.2123
52.2123
52.2123
52.2123
52.2123
52.2123
52.2123
52.2123
52.2123
52.2123
52.2123
52.2123
52.2123
52.2123
52.2123
52.2123
52.2123
52.2123
52.2123
52.2123
52.2123
52.2123
52.2123
52.2123
52.2123
52.2123
52.2123
52.2123
52.2123
52.2123
52.2123
52.2123
52.2123
52.2123
52.2123
52.2123
52.2123
52.2123
52.2123
52.2123
52.2123
52.2123
52.2123
52.2123
52.6046
52.6046
52.6046
52.6046
52.6046
52.6046
52.6046
52.6046
52.6046
52.6046
52.6046
52.6046
52.6046
52.6046
52.6046
52.6046
52.6046
52.6046
52.6046
52.6046
52.6046
52.6046
52.6046
52.6046
52.6046
53.3883
53.3883
53.3883
53.3883
53.3883
53.6995
53.6995
53.6995
53.6995
53.7116
53.7116
53.7116
53.9067
53.9067
53.9067
53.9067
53.9067
53.9067
53.9067
53.9067
53.9067
53.9067
53.9067
53.9067
53.9067
53.9067
53.9067
53.7972
53.7972
53.7972
53.7972


0.0934845
0.0740435
0.0501102
0.0514947
0.0511828
0.0715182
0.0787163
0.0711312
0.0853022
0.0727274
0.0824028
0.0961529
0.0823025
0.0712721
0.0771507
0.0686438
0.0703522
0.0895554
0.0807808
0.0713995
0.0628234
0.0779208
0.0703426
0.0704852
0.0692466
0.0420541
0.0754765
0.142015
0.124689
-0.331494

0.031

