376.697
376.697
376.697
295.615
295.615
295.615
295.615
289.159
289.159
289.159
289.159
289.159
289.159
289.159
289.159
247.88
247.88
247.88
247.88
238.012
140.755
140.755
140.755
120.95
120.95
120.95
120.95
120.95
120.95
120.57
120.57
120.57
120.57
120.57
116.088
102.624
102.624
102.624
102.624
101.86
101.86
101.86
99.9608
99.9608
99.9608
99.9608
99.9608
99.9608
99.9608
99.9608
84.2046
84.2046
84.2046
84.2046
81.1253
81.1253
81.1253
81.1253
81.1253
81.1253
81.1253
81.1253
81.1253
75.5493
75.5493
72.8052
72.8052
72.8052
72.8052
72.8052
72.8052
72.8052
72.8052
72.8052
69.6143
69.6143
62.6268
62.6268
62.6268
62.6268
62.6268
62.6268
62.6268
62.6268
62.6268
62.6268
62.6268
62.6268
62.6268
62.6268
62.6268
54.7262
54.7262
54.7262
54.7262
54.7262
54.7262
54.7262
54.7262
54.7262
54.7262
54.7262
54.7262
54.7262
54.7262
54.7262
54.7262
54.7262
53.9316
53.9316
53.9316
53.9316
53.9316
53.9316
52.6252
47.7321
47.7321
47.7321
47.7321
47.7321
47.7321
47.7321
47.7321
47.7321
43.9787
43.9787
43.9787
43.9787
43.9787
43.9787
43.9787
43.7544
43.7544
43.7544
43.7544
39.2615
39.2615
39.2615
39.2615
39.2615
39.2615
39.2615
39.2615
39.2615
39.2615
39.2615
39.2615
39.2615
39.2615
39.2615
39.2615
39.2615
39.2615
36.5939
36.5939
36.5939
36.5939
36.5517
36.5517
36.5517
36.5517
36.5517
36.5517
36.5517
36.5517
36.5517
36.5517
36.5517
36.5517
36.5517
36.5517
36.5517
34.5135
34.5135
34.5135
34.5135
34.5135
34.5135
34.5135
34.5135
32.3148
32.3148
32.261
32.261
32.261
32.261
32.261
32.261
32.261
32.261
32.261
31.206
31.206
31.206
31.206
31.206
31.206
31.206
31.206
31.206
31.206
30.9076
30.9076
30.9076
30.9076
30.7155
29.9405
29.9405
29.9405
27.6262
27.6262
27.6262
27.6262
27.6262
27.6262
27.6262
27.6262
27.6262
27.6262
27.6262
27.6262
27.6262
27.6262
27.6262
27.6262
27.6262
27.6247
27.6247
27.6247
27.6247
25.7183
25.7183
25.7183
25.7183
25.7183
25.7183
25.7183
25.7183
25.7183
25.7183
25.7183
25.5391
25.5391
25.5391
25.5391
25.5391
25.5391
25.5391
25.5391
25.5391
25.5391
25.5391
25.5391
25.5391
25.5391
25.5391
25.5391
25.5391
25.5391
25.5391
25.5391
25.5391
25.3575
25.3575
25.3575
25.3575
25.3575
25.3575
25.3575
25.3575
25.3575
25.3575
25.3575
25.3575
24.5338
22.6546
22.6546
22.6546
22.6546
22.6546
22.6546
22.6546
22.6546
22.6546
22.6494
22.6494
22.3449
22.3449
22.3141
22.3141
22.0707
22.0707
22.0707
22.0707
22.0707
22.0707
22.0707
17.9787
17.9787
17.9787
17.9787
17.9787
17.9787
17.9787
17.9787
17.9787
17.9787
17.9787
17.9787
17.9787
17.9787
17.9787
17.9787
17.9787
17.9787
17.9787
17.9787
17.9787
17.9787
17.9787
17.9787
17.9787
17.7964
17.6856
17.6856
17.6856
17.6856
17.6856
17.6856
17.6856
17.6856
17.1259
17.1259
17.1259
17.1259
16.6699
16.6699
16.6699
16.6699
16.5884
15.7206
15.7206
15.5605
15.5605
15.5605
15.5605
15.1965
15.1965
15.1965
15.1965
15.1965
15.1965
14.8129
14.182
14.182
14.182
14.182
14.1361
14.1361
13.9982
13.9982
13.9982
13.9982
13.9982
13.9982
13.9982
13.9982
13.9982
13.9982
13.9982
13.9982
13.9982
13.9982
13.9982
13.8236
13.8236
13.8236
13.7209
13.6791
13.5792
13.5792
13.5792
13.5792
13.4922
13.1622
13.0279
13.0279
13.0279
13.0279
13.0279
12.6324
12.6324
12.6324
12.6324
12.6324
12.6324
12.6324
12.6324
12.6324
12.6324
12.6324
12.6181
12.6181
12.6181
12.5561
12.5561
12.5059
12.5059
12.5059
11.7963
11.7392
11.7392
11.7392
11.7392
11.7392
11.7392
11.7392
11.7392
11.7392
11.7392
11.7392
11.7392
11.7392
11.7392
11.731
11.731
11.731
11.731
11.6976
11.6976
11.6976
11.6976
11.6976
11.6976
11.6976
11.6976
11.6976
11.6976
11.6976
11.6976
11.6976
11.6976
11.6976
11.6976
11.6976
11.6976
11.6976
11.6974
11.6782
11.6782
11.6782
11.6555
11.6555
11.6555
11.5696
11.5696
11.5696
11.5696
10.7616
10.7616
10.7616
10.7616
10.7616
10.7616
10.7616
10.7616
10.7616
10.7616
10.7616
10.5655
9.88734
9.88734
9.88734
9.88733
9.85201
9.85201
9.39324
9.39324
9.39324
9.39324
9.39324
9.39324
9.39324
9.39324
9.39324
9.39324
9.39324
9.39324
9.39324
9.39324
9.39324
9.39324
9.39324
9.39324
9.39324
9.39321
9.39321
9.39321
9.39321
9.39321
9.36439
9.31015
9.31015
9.31015
9.31015
9.18637
9.18637
9.18637
9.18637
9.18637
9.18637
9.18637
9.18637
8.99111
8.99111
8.99111
8.99111
8.95896
8.95896
8.95896
8.6718
8.6718
8.6718
8.6718
8.6718
8.6718
8.6718
8.6718
8.6718
8.6718
8.61236
8.61236
8.61236
8.61236
8.60475
8.60475
8.59885
8.59885
8.59885
8.59885
8.59885
8.59517
8.57631
8.57631
8.57631
8.56601
8.56601
8.56601
8.56378
8.56364
8.56364
8.56364
8.53718
8.53718
8.53718
8.53718
8.53718
8.53718
8.53718
8.53718
8.53718
8.53718
8.53718
8.53718
8.53718
8.5335
8.5335
8.53129
8.53129
8.53129
8.4262
8.4262
8.4262
8.4262
8.4262
8.4216
8.4216
8.4216
8.41787
8.41787
8.41787
8.41787
8.41787
8.41787
8.41787
8.41787
8.41787
8.38301
8.38301
8.38301
8.38301
8.38301
8.38301
8.38301
8.37729
8.22491
8.22491
8.22491
8.05989
8.05989
8.05989
8.05989
8.05989
8.05989
8.05989
8.05989
8.05886
8.05886
8.05886
8.05886
8.05886
8.05886
8.05886
8.05886
8.05886
8.05886
8.05886
8.05886
8.05886
8.05886
8.05557
8.05557
8.05557
8.05557
8.04707
8.04703
8.04703
8.00115
8.00115
8.00115
8.00115
8.00115
8.00115
7.91925
7.91925
7.68238
7.68238
7.68238
7.68238
7.68165
7.68165
7.68165
7.68165
7.68165
7.66037
7.63052
7.63052
7.63052
7.63052
7.63051
7.63051
7.63051
7.60156
7.60156
7.60156
7.60156
7.60156
7.60156
7.60156
7.60156
7.60156
7.60156
7.60156
7.58133
7.58133
7.58133
7.58133
7.53956
7.53956
7.53956
7.53648
7.53648
7.53648
7.47523
7.47523
7.47523
7.47523
7.47523
7.47255
7.47255
7.47255
7.47255
7.47255
7.47255
7.46962
7.45182
7.39754
7.39754
7.39754
7.39754
7.39754
7.39754
7.39754
7.39754
7.39754
7.39754
7.39754
7.39754
7.39754
7.39754
7.39754
7.39663
7.39663
7.39663
7.39663
7.39663
7.39663
7.39632
7.39632
7.37794
7.37794
7.37794
7.37794
7.37794
7.37794
7.36441
7.36441
7.36441
7.36441
7.36441
7.36441
7.31864
7.31428
7.27336
7.26314
7.26301
7.26301
7.26096
7.26096
7.26096
7.26096
7.26096
7.26096
7.04819
7.04819
7.04819
7.04819
7.04819
7.04819
7.04819
7.04819
7.04819
7.04819
7.04819
7.04819
7.04819
7.04819
6.95458
6.95458
6.95458
6.95458
6.95458
6.95458
6.95458
6.95458
6.95458
6.95458
6.95458
6.95458
6.95458
6.94827
6.89529
6.89529
6.89529
6.89529
6.89529
6.89529
5.99045
5.99045
5.99045
5.99045
5.99045
5.99045
5.99045
5.99045
5.99045
5.98754
5.98754
5.98754
5.96009
5.96009
5.96009
5.96009
5.96009
5.96009
5.96009
5.96009
5.96009
5.96009
5.96009
5.96009
5.96009
5.96009
5.96009
5.96009
5.96009
5.94433
5.94433
5.94433
5.94433
5.93861
5.93861
5.93861
5.93861
5.93861
5.92925
5.92925
5.92925
5.92925
5.92925
5.92925
5.92925
5.92925
5.92925
5.92925
5.92925
5.9286
5.92653
5.92653
5.92653
5.88362
5.88362
5.87679
5.87679
5.87679
5.87113
5.87113
5.87113
5.87113
5.84926
5.84926
5.84926
5.84926
5.84926
5.84926
5.84926
5.84926
5.83665
5.83665
5.83665
5.82941
5.81683
5.81683
5.71615
5.71615
5.71615
5.71354
5.71354
5.71354
5.71354
5.71354
5.71354
5.71354
5.71354
5.71354
5.71354
5.71354
5.71354
5.71354
5.71354
5.71354
5.71354
5.71354
5.61129
5.61129
5.06784
5.06784
4.96023
4.96023
4.96023
4.96023
4.96023
4.96023
4.96023
4.96023
4.96023
4.84479
4.84442
4.84442
4.84442
4.84442
4.84442
4.84442
4.84442
4.84442
4.84442
4.84442
4.84442
4.84442
4.84442
4.84442
4.84442
4.84221
4.84221
4.8419
4.8419
4.8419
4.8419
4.83618
4.83618
4.83618
4.83618
4.83489
4.83489
4.83489
4.83489
4.83489
4.83489
4.83489
4.83471
4.83471
4.83471
4.83471
4.83471
4.83471
4.83471
4.83471
4.83471
4.83471
4.83471
4.83471
4.78299
4.76715
4.76715
4.76715
4.76715
4.76715
4.76715
4.76715
4.76715
4.76641
4.76641
4.76641
4.76641
4.76641
4.51284
4.51284
4.51284
4.51284
4.51284
4.51284
4.51284
4.51284
4.51284
4.51284
4.4962
4.4962
4.4962
4.4962
4.4962
4.4962
4.4962
4.4962
4.4962
4.4962
4.44265
4.44265
4.44265
4.44265
4.44265
4.44265
4.44265
4.44109
4.44109
4.44109
4.44109
4.44109
4.44109
4.44109
4.40538
4.40538
4.40538
4.40538
4.40538
4.40538
4.39881
4.39881
4.39881
4.39881
4.39881
4.39881
4.39881
4.39881
4.39881
4.39881
4.39881
4.39881
4.39881
4.39881
4.39881
4.39227
4.39227
4.39227
4.38038
4.38038
4.38038
4.38038
4.38038
4.38038
4.38038
4.38038
4.38038
4.36438
4.35855
4.35855
4.35855
4.35855
4.35855
4.35855
4.35855
4.34878
4.34878
4.34878
4.34878
4.34878
4.34878
4.34878
4.34878
4.34877
4.34877
4.34877
4.34877
4.34877
4.34266
4.34266
4.34266
4.34266
4.33683
4.33683
4.33683
4.33482
4.33482
4.33482
4.33482
4.33482
4.33482
4.31047
4.31047
4.31047
4.31047
4.31047
4.31047
4.31047
4.31047
4.31047
4.31047
4.31047
4.31047
4.31047
4.31047
4.31047
4.28085
4.28085
4.28085
4.28085
4.28085
4.28085
4.2786
4.2786
4.2786
4.2786
4.2786
4.2786
4.27413
4.27413
4.27413
4.27413
4.27413
4.27413
4.27413
4.27413
4.27413
4.27413
4.27413
4.27413
4.27413
4.27413
4.27413
4.27413
4.2739
4.2739
4.27112
4.27112
4.27112
4.27112
4.27112
4.27112
4.27112
4.26708
4.26708
4.26708
4.26708
4.26708
4.26708
4.26708
4.26708
4.26708
4.26708
4.26708
4.26708
4.26708
4.25004
4.25004
4.25004
4.25004
4.25004
4.25004
4.25004
4.25004
4.25004
4.25004
4.25004
4.25004
4.25004
4.25004
4.25004
4.24358
4.24358
4.24358
4.23503
4.23503
4.23503
4.23374
4.23374
4.22999
4.22668
4.22668
4.22655
4.22506
4.22501
4.22501
4.22501
4.22185
4.22185
4.22185
4.22185
4.22185
4.22134
4.22134
4.22134
4.22134
4.22094
4.22094
4.22094
4.22094
4.22094
4.22094
4.22094
4.22094
4.21746
4.2168
4.2168
4.2168
4.2168
4.2168
4.20863
4.20863
4.20732
4.20732
4.19929
4.19929
4.19929
4.19929
4.19929
4.19929
4.19929
4.19851
4.19851
4.19851
4.19665
4.19665
4.19665
4.18828
4.18828
4.18828
4.18828
4.18806
4.18806
4.18806
4.07638
4.07638
4.07638
4.07638
4.06128
4.06128
4.0325
4.0325
4.0325
4.0325
4.0325
4.0325
4.0325
4.0325
4.0325
4.03153
4.03153
4.03153
4.03153
4.03153
4.03153
4.03153
4.03153
4.03153
4.03153
4.03153
4.03153
4.03153
4.03153
3.96524
3.96524
3.96524
3.96524
3.96524
3.96524
3.96524
3.96524
3.96524
3.96524
3.96524
3.96524
3.96524
3.96524
3.96524
3.96524
3.96412
3.96412
3.96412
3.96412
3.96412
3.96412
3.96412
3.96412
3.96412
3.96412
3.96412
3.96412
3.96412
3.96401
3.96401
3.96401
3.96401
3.96305
3.96305
3.9606
3.9606
3.9606
3.9606
3.9606
3.9606
3.94592
3.94553
3.94553
3.85727
3.85727
3.85727
3.85727
3.85727
3.85727
3.85727
3.85727
3.85727
3.85727
3.85664
3.85664
3.85664
3.85664
3.85391
3.85391
3.85391
3.85391
3.85379
3.85379
3.82384
3.82384
3.82384
3.82384
3.82384
3.82384
3.82384
3.82163
3.82163
3.82163
3.82163
3.82163
3.82138
3.82138
3.82138
3.82138
3.82138
3.81503
3.81503
3.81503
3.81503
3.81503
3.81503
3.81503
3.81503
3.81141
3.80218
3.78932
3.78932
3.78932
3.78932
3.78639
3.78639
3.78639
3.78639
3.77803
3.77803
3.77803
3.77803
3.77803
3.77803
3.76128
3.76128
3.76128
3.76128
3.76128
3.76128
3.75947
3.75947
3.75947
3.75947
3.75947
3.75864
3.75712
3.75712
3.75712
3.75712
3.75712
3.75712
3.75712
3.75712
3.75712
3.75712
3.75712
3.75515
3.75515
3.75515
3.75515
3.75515
3.75515
3.75515
3.75515
3.75515
3.75515
3.75515
3.75515
3.75515
3.75515
3.75515
3.75491
3.75491
3.75491
3.75491
3.75491
3.75491
3.75491
3.75491
3.75491
3.75491
3.75409
3.75409
3.75409
3.75409
3.75388
3.75388
3.74831
3.74831
3.74831
3.74831
3.74528
3.74528
3.74528
3.74359
3.74359
3.47691
3.47691
3.47691
3.47691
3.47691
3.47691
3.47691
3.47691
3.47691
3.47691
3.47691
3.47691
3.47691
3.47691
3.47691
3.47691
3.47691
3.47691
3.47691
3.47691
3.47691
3.47691
3.47691
3.47691
3.47686
3.47683
3.47683
3.47683
3.47683
3.47683
3.47683
3.4686
3.4686
3.4686
3.4686
3.4686
3.4686
3.4686
3.4686
3.4686
3.4686
3.4686
3.4686
3.4686
3.4686
3.4686
3.4686
3.4686
3.46685
3.46685
3.46685
3.46685
3.46551
3.46551
3.46551
3.46551
3.46551
3.46551
3.46551
3.46551
3.46551
3.39911
3.39911
3.39911
3.35848
3.35848
3.35848
3.35848
3.35848
3.35848
3.34945
3.34945
3.34945
3.34945
3.34937
3.34863
3.34863
3.34863
3.34863
3.34863
3.34863
3.34863
3.34863
3.34863
3.34863
3.34863
3.34863
3.34863
3.34863
3.34863
3.34861
3.34861
3.34267
3.34267
3.34267
3.34267
3.34267
3.34267
3.34172
3.34172
3.34172
3.34172
3.34172
3.34172
3.34172
3.34172
3.34042
3.34042
3.33702
3.33702
3.33702
3.33564
3.33564
3.33564
3.33564
3.33564
3.33564
3.33564
3.33564
3.33564
3.33564
3.33564
3.33564
3.33564
3.33531
3.33531
3.33531
3.33366
3.33366
3.33266
3.33266
3.33266
3.33208
3.33208
3.33208
3.33208
3.33208
3.33102
3.33102
3.33102
3.32599
3.32599
3.32599
3.32143
3.32143
3.32113
3.32113
3.32113
3.32113
3.32113
3.32113
3.32113
3.32075
3.32075
3.32075
3.32075
3.32075
3.31607
3.31607
3.31607
3.31455
3.31455
3.31455
3.31455
3.31455
3.31455
3.31455
3.31455
3.31455
3.31455
3.31455
3.31455
3.31455
3.31455
3.31391
3.31391
3.31391
3.31391
3.31391
3.31391
3.31387
3.30324
3.30324
3.30324
3.30324
3.30324
3.29914
3.29914
3.29914
3.29914
3.29914
3.29914
3.29914
3.29914
3.29914
3.29914
3.29914
3.28617
3.28617
3.28617
3.28616
3.28616
3.28616
3.28616
3.28616
3.28616
3.28616
3.28616
3.28616
3.28616
3.28616
3.28445
3.28445
3.28445
3.28445
3.28445
3.28445
3.28445
3.28409
3.28409
3.28409
3.28409
3.28409
3.28409
3.28409
3.28409
3.28409
3.22529
3.22529
3.22263
3.22263
3.22263
3.22263
3.22263
3.22263
3.21961
3.21961
3.21891
3.21891
3.21891
3.21891
3.21891
3.21891
3.21891
3.21333
3.21333
3.10139
3.10139
3.10139
3.10139
3.10139
3.10139
3.10139
3.10139
3.10139
3.10139
3.10139
3.10139
3.10139
3.10139
3.10139
3.10139
3.10139
3.10139
3.10138
3.10138
3.10138
3.10138
3.10138
3.10138
3.10138
3.10138
3.10138
3.10138
3.10129
3.10129
3.10129
3.10129
3.10129
3.10129
3.06802
3.06802
3.06802
3.06802
3.06802
3.06802
3.06215
3.06215
3.06215
3.06215
3.06215
3.05293
3.05293
3.05293
3.05293
3.05293
3.05293
3.05293
3.05293
3.05293
3.05293
3.05293
3.05293
3.0529
3.0529
3.0529
3.0529
3.0529
3.0529
3.0529
3.0529
3.0529
3.0529
3.0529
3.0529
3.0529
3.0529
3.0529
3.0529
3.0529
3.0529
3.0529
3.04709
3.02167
3.02167
3.02167
3.02134
3.02134
3.02134
3.02134
3.02134
3.02134
3.02134
3.02134
3.02134
3.02134
3.02134
3.02134
3.02134
3.02134
3.02134
3.02134
3.01834
3.01834
3.01834
3.01834
3.01834
3.01834
3.01834
3.01834
3.01834
3.01834
3.01834
3.01834
3.01834
3.01834
3.01834
3.01834
3.01834
3.01834
3.01813
3.01813
3.01809
3.01809
3.01809
3.01801
3.0137
3.0137
3.0137
3.00963
3.00963
3.00963
3.00963
3.00963
3.00963
3.00963
3.00963
3.00963
3.00963
3.00963
3.00963
3.00963
3.00871
3.00871
3.00871
3.00871
3.00871
3.00871
3.00871
3.00871
2.94506
2.94506
2.94506
2.94506
2.94506
2.94506
2.94506
2.94506
2.9243
2.9243
2.9243
2.9243
2.9243
2.9243
2.9243
2.9243
2.9243
2.9243
2.9243
2.9243
2.9243
2.9243
2.9243
2.9243
2.9243
2.9243
2.9243
2.9243
2.9243
2.9243
2.9243
2.9243
2.9243
2.9243
2.9243
2.9221
2.9221
2.91479
2.91479
2.91479
2.91479
2.91479
2.91479
2.91479
2.88235
2.88235
2.88235
2.88235
2.88235
2.88235
2.88235
2.88235
2.88235
2.88235
2.88235
2.88235
2.88235
2.88235
2.88235
2.88235
2.88235
2.88235
2.88235
2.88235
2.88151
2.87547
2.87476
2.87476
2.87426
2.87426
2.87426
2.87426
2.87426
2.87426
2.87426
2.87426
2.87426
2.87426
2.87426
2.87426
2.87426
2.87426
2.87368
2.87368
2.87368
2.87368
2.87296
2.87296
2.87296
2.87296
2.87296
2.87293
2.87293
2.87276
2.87276
2.87276
2.87276
2.87276
2.87276
2.87276
2.87276
2.87179
2.87179
2.87179
2.87179
2.87179
2.87179
2.87179
2.87143
2.87143
2.87143
2.87143
2.87143
2.87143
2.8714
2.8714
2.8714
2.8714
2.8714
2.8714
2.8714
2.8714
2.85772
2.85772
2.85772
2.85772
2.85772
2.85772
2.85772
2.85697
2.85697
2.85697
2.85697
2.77492
2.77492
2.77492
2.77492
2.77492
2.77492
2.77492
2.77492
2.77351
2.77351
2.77351
2.77324
2.77324
2.77324
2.77324
2.77324
2.77324
2.77324
2.77324
2.77324
2.77324
2.76788
2.76788
2.76788
2.76623
2.76623
2.76623
2.76623
2.76623
2.75813
2.75813
2.75813
2.74765
2.74765
2.74765
2.74765
2.74763
2.74763
2.74763
2.74763
2.74763
2.74763
2.74763
2.74763
2.74763
2.74763
2.74763
2.74761
2.74761
2.74761
2.74761
2.74761
2.74761
2.74761
2.74761
2.74761
2.74761
2.74761
2.74761
2.74761
2.74761
2.74761
2.74761
2.74761
2.74761
2.74761
2.74761
2.74761
2.74761
2.74761
2.74761
2.74761
2.74761
2.74761
2.74761
2.74761
2.74612
2.74612
2.74612
2.74612
2.74612
2.74612
2.74612
2.74612
2.74612
2.74612
2.74612
2.74612
2.74612
2.74612
2.74612
2.74612
2.74612
2.64414
2.64414
2.64414
2.64414
2.64414
2.64414
2.64414
2.64414


-17.8415
-10.8462
-11.2789
-7.68067
-6.14936
-19.2911
-19.8693
-20.8034
-20.5704
-21.2023
-0.750755
-21.0583
-18.8427
-20.4205
-21.1955
-22.68
-24.041
4.00694
9.05936
12.4398
12.1045
11.0054
9.38204
7.9134
5.8122
6.83369
5.5129
5.43797
5.32807
-15.7015

0.022

