2543.82
2543.82
2413.54
2413.54
2413.54
2413.54
2413.54
2413.54
2304.62
2145.18
2145.18
1972.9
1972.9
1972.9
1972.9
1972.9
1972.9
1972.9
1972.9
1972.9
1972.9
1972.9
1972.9
1965.96
1861.24
1861.24
1861.24
1784.8
1784.8
1539.14
1539.14
1539.14
1539.14
1539.14
1539.14
1539.14
1539.14
1539.14
1498.28
1498.28
1498.28
1498.28
1498.28
1498.28
1498.28
1498.28
1497.87
1497.87
1497.87
1497.87
1497.87
1497.87
1497.87
1497.87
1497.87
1497.87
1493.8
1485.05
1485.05
1485.05
1485.05
1485.05
1485.05
1485.05
1485.05
1412.23
1412.23
1412.23
1412.23
1371.36
1371.36
1371.36
1371.36
1371.36
1364.79
1364.79
1364.49
1364.49
1295.19
1295.19
1295.19
1295.19
1295.19
1288.41
1288.41
1262.73
1262.73
1262.73
1262.73
1206.56
1206.56
1206.56
1206.56
1182.55
1182.55
1182.55
1182.55
1182.55
1182.55
1182.55
1182.55
1182.55
1182.55
1181.09
1181.09
1115.69
1115.69
1115.69
1115.69
1115.69
1115.69
1115.69
1115.69
1115.69
1115.69
1115.69
1115.69
1115.69
1115.69
1115.69
1115.69
1115.69
1115.59
1044.98
1044.98
1044.98
1044.98
1044.98
1044.98
1016.37
1016.37
1016.37
1016.37
1016.37
1016.37
1016.37
1016.37
1016.37
1013.72
1013.72
1013.72
1013.72
1013.72
1013.72
952.926
951.079
951.079
951.079
951.079
951.079
951.079
925.213
925.213
925.213
925.213
925.213
925.213
922.701
922.701
890.111
890.111
890.111
890.111
890.111
888.649
888.649
888.649
879.57
759.365
759.365
759.365
759.365
759.365
759.365
757.903
757.903
757.903
757.903
757.903
757.903
757.903
757.903
757.903
757.903
757.903
757.903
757.903
757.903
757.903
757.903
757.903
757.903
757.903
757.903
756.441
751.336
751.336
751.336
749.874
749.874
749.874
749.874
749.874
749.874
749.874
749.874
749.874
749.874
747.361
747.361
747.361
747.361
747.361
747.361
747.361
684.547
684.547
679.102
679.102
679.102
679.102
679.102
679.102
614.057
614.057
614.057
614.057
614.057
614.057
614.057
614.057
614.057
592.821
590.308
590.308
590.308
590.308
590.308
590.308
590.308
590.308
590.308
590.308
590.308
538.648
538.648
538.648
538.648
538.648
538.648
538.648
538.648
538.648
527.493
527.493
527.493
527.493
527.493
527.493
527.493
527.493
527.138
527.138
527.138
527.138
527.138
527.138
527.138
527.138
527.138
527.138
527.138
527.138
527.086
527.086
526.73
526.73
526.73
526.73
526.73
526.73
526.73
526.73
526.73
523.013
523.013
512.96
512.96
512.96
512.96
512.96
512.96
512.96
456.099
456.099
456.099
456.099
456.099
456.099
456.099
456.099
456.099
456.099
456.099
456.099
455.205
455.205
455.205
454.407
454.407
454.407
454.407
454.407
454.407
454.407
409.516
409.516
409.516
409.516
409.516
409.516
409.516
409.516
403.827
403.827
403.827
403.827
403.827
403.472
403.472
403.472
397.783
397.783
397.783
397.783
397.783
397.783
397.783
397.783
397.783
397.783
397.783
397.783
397.375
397.375
397.375
397.375
397.375
397.375
397.375
397.375
397.375
397.375
392.895
392.895
392.895
392.895
392.895
392.895
392.895
392.895
392.895
392.895
392.895
392.895
392.895
392.895
392.895
392.895
392.895
392.895
392.895
392.895
392.895
392.895
392.895
392.895
392.895
392.895
392.895
392.895
392.895
392.895
392.895
392.895
392.895
392.895
392.895
392.895
392.895
392.895
392.895
392.895
392.895
392.895
392.895
392.895
392.895
392.895
391.203
345.514
345.514
345.514
345.158
345.158
345.158
343.822
339.396
339.396
339.396
296.441
296.441
296.441
296.441
296.441
296.441
296.441
296.441
296.441
296.441
296.441
296.441
296.441
296.441
296.441
296.441
296.441
296.441
296.441
296.441
296.441
296.441
296.441
296.441
296.441
296.441
296.441
296.441
296.441
296.441
296.441
296.086
296.086
296.086
296.086
296.086
296.086
296.086
296.086
296.086
296.086
296.086
296.086
296.086
290.041
290.041
290.041
290.041
290.041
290.041
290.041
290.041
290.041
290.041
290.041
290.041
290.041
290.041
290.041
290.041
290.041
290.041
289.651
289.651
289.651
289.651
289.651
289.651
289.651
289.651
289.651
289.651
289.651
288.51
288.51
288.51
288.51
288.51
288.51
288.51
288.51
288.51
280.858
280.858
280.858
280.858
280.858
280.858
280.858
280.858
280.858
280.468
280.468
280.468
280.468
280.468
280.468
280.468
280.468
280.468
280.468
280.468
273.345
273.345
273.345
273.345
273.345
273.345
273.345
273.345
273.345
273.345
273.062
273.062
273.062
273.062
273.062
273.062
273.062
273.062
273.062
273.062
273.062
273.062
273.062
273.062
273.062
273.062
273.062
273.062
273.062
273.062
273.062
273.062
273.062
273.062
273.062
273.062
273.062
273.062
273.062
273.062
273.062
270.239
270.239
270.239
270.239
270.239
270.239
270.239
270.239
270.239
270.239
270.239
270.239
270.239
270.239
270.239
270.239
270.239
270.239
270.239
270.239
270.239
270.239
270.239
270.239
270.239
270.239
270.239
270.239
268.709
268.709
268.709
268.709
268.709
268.709
268.709
268.709
268.709
262.349
262.349
262.349
262.349
262.349
262.349
262.349
259.526
259.526
259.526
259.526
259.526
259.526
259.526
259.526
259.526
259.526
259.526
259.526
259.526
259.526
259.526
259.526
259.526
259.526
259.526
259.258
259.258
259.258
259.258
259.258
259.258
259.258
259.258
259.258
259.258
259.258
259.258
259.258
259.258
259.258
259.258
259.258
259.258
259.258
256.334
256.052
256.052
256.052
256.052
256.052
256.052
256.052
253.511
253.511
253.511
253.511
253.511
253.511
253.511
253.511
253.511
253.511
253.511
253.511
253.511
253.511
253.511
253.511
253.511
253.511
253.511
253.511
253.511
252.099
252.099
252.099
252.099
252.099
252.099
252.099
252.099
252.099
252.099
252.099
252.099
252.099
252.099
252.099
252.099
252.099
252.099
252.099
252.099
252.099
252.099
252.099
249.559
249.559
249.559
249.559
249.559
249.559
249.559
249.559
249.559
249.559
249.559
249.559
249.559
249.559
249.559
249.559
249.559
249.559
249.559
249.559
249.559
249.559
249.559
249.559
249.559
249.559
249.559
249.559
249.559
249.559
249.559
249.559
249.559
249.559
249.559
249.559
249.559
249.559
249.559
249.559
249.559
249.559
249.559
249.559
249.559
249.559
249.559
249.559
249.559
249.559
249.559
249.559
249.559
249.559
249.559
249.559
249.559
249.559
249.559
249.559
249.559
249.559
249.559
249.291
249.291
249.291
249.291
249.291
249.291
249.291
249.291
249.291
249.291
245.817
245.817
245.817
245.817
245.817
245.817
245.817
245.817
245.817
245.817
245.817
245.817
245.817
245.817
245.817
245.817
245.817
245.817
245.391
245.391
241.65
241.65
241.65
241.65
241.65
241.65
241.65
241.65
241.65
241.65
241.65
241.65
241.65
241.65
241.65
241.65
241.65
241.65
241.65
241.65
241.65
241.65
241.65
241.65
241.65
241.65
241.65
241.65
241.65
241.65
241.65
241.65
241.65
241.65
241.65
241.462
241.462
241.462
241.462
241.462
241.462
241.462
241.462
241.462
241.462
237.509
237.509
237.509
237.509
237.509
237.509
237.509
237.509
237.509
237.509
237.509
237.509
237.509
237.509
237.509
237.509
237.509
237.509
237.509
237.509
237.509
237.509
237.509
237.509
237.509
237.509
237.509
237.509
237.509
237.509
237.509
237.509
237.509
237.509
237.509
237.509
237.509
237.509
237.509
237.509
237.509
237.509
237.509
237.509
237.509
237.509
237.509
237.509
237.509
237.509
237.509
237.509
237.509
237.509
237.509
237.509
237.509
237.509
237.509
237.509
237.509
237.242
237.242
237.242
237.242
237.242
237.242
236.975
236.975
236.975
236.975
236.975
236.975
236.975
236.975
236.975
236.975
236.975
233.234
233.234
233.234
233.234
233.234
233.234
233.234
233.234
233.234
233.234
233.234
233.234
233.234
233.234
233.234
233.234
233.234
233.234
233.234
233.234
233.234
233.234
233.234
233.234
233.234
233.234
233.234
233.234
233.234
233.234
233.234
233.234
233.234
232.966
232.966
232.966
232.966
232.966
232.966
232.966
232.966
232.966
232.966
232.966
232.966
232.966
232.966
232.966
232.966
232.966
232.966
232.966
232.966
232.966
229.225
229.225
229.225
229.225
229.225
229.225
229.225
229.225
229.225
229.225
229.225
229.225
229.225
229.225
229.225
229.225
229.225
229.225
228.691
228.691
228.691
228.691
228.691
228.691
228.691
228.691
224.897
224.897
224.897
224.897
224.897
224.897
224.897
224.897
224.897
224.897
224.897
224.897
224.682
224.682
224.682
224.682
224.682
224.682
224.682
224.682
224.682
224.682
224.682
224.682
224.682
224.682
224.682
224.682
224.682
224.682
224.682
224.682
224.362
224.362
224.362
224.362
224.362
224.362
224.362
224.362
224.362
224.362
224.362
220.354
220.354
220.354
220.354
220.354
220.354
220.354
220.354
220.354
220.354
220.354
220.354
220.354
220.354
220.354
220.354
220.354
220.354
220.354
220.354
220.354
220.354
220.354
220.354
220.354
220.354
220.354
220.354
220.354
220.354
220.354
220.354
220.354
220.354
220.354
220.166
220.166
220.166
220.166
220.166
220.166
220.166
220.166
220.166
220.166
220.166
220.166
220.166
220.166
220.166
220.166
220.166
220.166
220.166
220.166
220.166
220.166
220.166
220.166
215.837
215.837
215.837
215.837
215.837
215.837
215.837
215.837
215.801
215.801
215.801
215.801
215.801
215.801
215.801
215.801
215.801
215.801
215.801
215.801
215.801
215.801
215.801
215.801
215.801
215.649
215.649
211.132
211.132
211.132
211.132
211.132
211.132
211.132
211.132
211.132
211.132
211.132
211.132
211.132
211.132
211.132
211.132
211.132
211.132
211.132
211.132
211.132
211.132
211.132
211.132
211.132
211.132
211.132
211.132
211.132
211.132
211.132
211.132
211.132
211.132
211.132
211.132
211.132
211.132
211.132
211.132
211.132
211.132
211.132
211.132
211.132
211.132
211.132
211.132
211.132
211.132
211.132
211.132
211.132
211.132
211.132
211.132
211.132
211.132
211.132
211.132
211.132
211.132
211.132
211.132
211.132
211.132
211.132
211.132
211.132
211.132
211.132
211.132
211.132
211.132
211.132
211.132
211.132
211.132
211.132
211.132
211.132
211.132
211.132
211.132
211.132
211.132
211.096
211.096
211.096
211.096
211.096
211.096
211.096
211.096
211.096
211.096
211.096
211.096
211.096
211.096
211.096
211.096
211.096
211.096
210.944
210.944
210.944
210.944
210.908
210.908
210.908
210.908
210.908
210.908
210.908
210.908
210.489
210.489
210.489
210.489
210.489
210.489
210.489
210.489
210.489
210.489
210.489
210.489
210.489
210.489
210.489
210.489
210.489
210.489
210.489
210.489
210.489
210.489
210.489
210.489
205.596
205.596
205.596
205.596
205.596
205.596
205.596
205.596
205.596
205.596
205.596
205.596
205.596
205.596
205.596
205.596
205.596
205.596
205.596
205.596
205.596
205.596
205.596
205.596
205.596
205.596
205.596
205.596
205.596
205.596
205.596
205.596
205.596
205.596
205.596
205.596
205.408
205.408
205.408
205.408
205.408
205.408
205.408
205.408
205.408
205.408
205.408
205.408
205.408
205.408
205.408
205.408
205.408
205.408
205.408
205.408
205.408
205.408
205.408
205.408
205.408
205.408
205.408
205.408
205.408
205.408
205.408
205.408
205.408
205.408
205.408
205.408
205.408
205.408
205.408
205.408
205.408
205.408
205.408
205.408
205.408
205.408
205.408
205.408
205.408
205.408
205.408
205.408
200.515
200.515
200.515
200.515
200.515
200.515
200.515
200.515
200.515
200.515
200.515
200.515
200.515
200.515
200.515
200.515
200.515
199.836
199.836
199.836
199.836
199.836
199.836
199.836
199.836
199.836
199.836
199.836
199.836
199.836
199.836
199.836
199.836
199.836
199.836
199.836
199.836
199.836
199.836
199.836
199.836
199.836
199.836
199.836
199.836
199.836
199.801
199.801
199.801
199.801
199.801
199.801
199.801
199.801
199.801
199.801
199.801
199.801
199.801
199.801
199.801
199.801
199.801
199.801
199.801
199.801
199.801
199.801
197.578
197.578
197.578
197.578
197.578
197.578
197.578
197.578
197.578
197.578
196.864
196.864
196.864
196.864
196.864
196.864
196.864
196.864
196.864
196.864
196.864
196.864
196.864
196.864
196.864
196.864
196.864
196.864
196.864
196.864
196.864
196.864
196.864
196.864
196.864
196.864
196.864
196.864
196.864
196.864
196.864
196.864
196.864
196.864
196.864
196.864
196.864
196.864
196.864
196.864
196.864
196.864
196.864
196.864
196.864
196.864
196.864
196.864
196.864
196.864
196.864
196.864
196.864
196.864
196.864
196.864
196.676
196.676
196.676
196.676
196.676
196.676
196.676
196.676
196.676
196.676
196.676
196.676
196.676
196.676
196.676
196.676
196.676
196.676
196.676
196.676
196.676
196.676
196.676
196.676
196.676
196.676
196.676
196.676
196.676
196.676
196.676
196.676
196.676
196.676
196.676
196.676
196.676
196.676
196.676
196.676
196.676
196.676
196.676
196.676
196.676
191.594
191.594
191.594
191.594
191.594
191.594
191.594
191.594
191.594
191.218
191.218
191.218
191.218
191.218
191.218
191.218
191.218
191.218
191.218
191.218
191.218
191.218
191.218
191.218
191.218
186.136
186.136
186.136
186.136
186.136
186.136
186.136
186.136
186.136
186.136
186.136
186.136
186.136
186.136
186.136
186.136
186.136
186.136
186.136
186.136
186.136
186.136
186.136
186.136
186.136
186.136
186.136
186.136
186.136
186.136
186.136
186.136
186.136
186.136
186.136
186.136
186.136
186.136
186.136
186.136
186.136
186.136
186.136
186.136
186.136
186.136
186.136
186.136
186.136
186.136
186.136
186.136
186.136
186.136
186.136
186.136
186.136
186.136
186.136
186.136
186.136
186.136
186.136
186.136
186.136
186.136
186.136
186.136
186.136
186.136
186.136
186.136
186.136
186.136
186.136
186.136
186.136
186.136
186.136
186.136
186.136
186.136
186.136
186.136
186.136
186.136
186.136
186.136
186.136
186.136
186.136
186.136
186.136
186.136
186.136
186.136
186.136
186.136
186.136
186.136
186.136
186.136
186.136
186.136
186.136
186.136
186.136
186.136
186.136
186.136
186.136
186.136
186.136
186.136
186.136
186.136
186.136
186.136
186.136
186.136
186.136
186.136
186.136
186.136
186.136
186.136
186.136
186.136
186.136
186.136
186.136
186.136
186.136
186.136
186.136
186.136
186.136
186.136
186.136
186.136
186.136
186.136
186.136
186.136
186.136
186.136
186.136
186.136
186.136
186.136
186.136
186.136
186.136
186.136
186.136
186.136
186.136
186.136
186.136
186.136
186.136
186.136
186.136
186.136
186.136
186.136
186.136
186.136
186.136
186.136
186.136
186.136
186.136
186.136
186.136
186.136
186.136
186.136
186.136
186.136
186.136
186.136
186.136
186.136
186.136
186.136
186.136
186.136
186.136
186.136
186.136
186.136
186.136
186.136
186.136
186.136
186.136
186.136
186.136
186.136
186.136
186.136
186.136
186.136
186.136
186.136
186.136
186.136
186.136
186.136
186.136
186.136
186.136
186.136
186.136
186.136
186.136
186.136
186.136
186.136
186.136
186.136
186.136
186.136
186.136
186.136
186.136
186.136
186.136
186.136
186.136
186.136
186.136
186.136
186.136
186.136
186.136
186.136
186.136
186.136
186.136
186.136
186.136
186.136
186.101
186.101
186.101
186.101
186.101
186.101
186.101
186.101
186.101
186.101
186.101
186.101
186.101
186.101
186.101
186.101
186.101
186.101
185.387
185.387
185.387
185.387
185.387
185.387
185.387
185.387
185.387
185.387
185.387
185.387
185.387
185.387
185.387
185.387
185.387
185.387
185.387
185.387
185.387
185.387
185.387
185.387
185.387
185.387
185.387
185.387
185.387
185.387
185.387
185.387
185.387
185.387
185.387
185.387
185.387
185.387
185.387
185.387
185.387
185.387
185.387
185.387
185.387
185.387
185.387
185.387
185.387
185.387
185.387
185.387
185.387
185.387
185.387
185.387
185.387
185.387
185.387
185.387
185.387
185.387
185.387
185.387
185.387
185.387
185.387
185.387
185.351
185.351
185.351
185.351
185.351
185.351
185.351
185.351
185.351
185.351
185.351
185.351
185.351
185.351
185.351
185.351
185.351
185.351
185.351
185.351
185.351
184.601
184.601
184.601
184.601
184.601
184.601
184.601
184.601
184.601
184.601
184.601
184.601
184.601
184.601
184.601
184.601
184.601
184.601
184.601
184.601
184.601
184.601
184.601
184.601
184.601
184.601
184.601
184.601
184.601
184.601
184.601
184.601
184.601
184.601
184.601
184.601
184.601
184.601
184.601
184.601
184.601
184.601
184.601
184.601
184.601
184.601
184.601
184.601
184.601
184.601
184.601
184.601
184.601
184.601
184.601
184.601
184.601
184.601
184.601
184.601
184.601
184.601
184.601
184.601
184.601
184.601
184.601
184.566
184.566
184.566
184.566
184.566
184.566
184.566
184.566
184.566
184.566
184.566
184.566
184.566
183.78
183.78
183.78
183.78
183.78
183.78
183.78
183.78
183.78
183.78
183.78
183.78
183.78
183.78
183.78
183.78
183.78
183.78
183.78
183.78
183.78
183.78
183.78
183.78
183.78


2.8143
2.8143
2.8143
-2.4121
-2.4121
-2.4121
-2.4121
0.0104691
0.0104691
0.0104691
0.0104691
0.0104691
0.0104691
0.0104691
0.0104691
0.0104691
0.0104691
0.0104691
0.0104691
0.0104691
0.0104691
0.0104691
0.0104691
0.189225
0.189225
0.189225
0.189225
0.189225
0.189225
0.29079

0.023

