576.987
576.987
576.987
576.987
535.132
535.132
535.132
388.367
388.367
388.367
388.367
388.367
388.367
388.367
388.367
388.367
388.367
388.367
388.367
388.367
388.367
388.367
388.367
388.367
386.502
386.502
386.502
386.502
386.502
386.502
386.502
386.502
386.502
386.502
386.502
386.502
386.502
386.502
386.502
386.502
386.502
310.666
310.666
310.666
310.666
310.666
310.666
310.666
310.666
310.666
310.666
310.666
310.666
310.666
310.666
310.666
310.666
310.666
310.666
310.666
310.666
310.666
310.666
310.666
310.666
310.666
310.666
310.666
310.666
310.666
310.666
310.666
310.666
288.346
288.346
288.346
288.346
288.346
288.346
288.346
288.346
288.346
288.346
288.346
288.346
288.346
288.346
288.346
288.346
288.346
288.346
288.346
288.346
288.346
288.346
288.346
288.346
288.346
288.346
288.346
288.346
288.346
288.346
288.346
288.346
288.346
288.346
288.346
288.346
288.346
288.346
288.346
288.346
288.346
288.346
288.346
288.346
278.092
278.092
278.092
278.092
278.092
278.092
278.092
278.092
278.092
278.092
278.092
278.092
278.092
278.092
278.092
278.092
278.092
278.092
262.878
262.878
262.878
262.878
256.644
256.644
256.644
256.644
256.644
256.644
256.644
256.644
256.644
256.644
256.644
256.644
256.644
256.644
253.249
253.249
253.249
253.249
253.249
253.249
253.249
253.249
253.249
253.249
230.329
230.329
230.329
230.329
230.329
230.329
230.329
230.329
230.329
230.329
230.329
230.329
230.329
230.329
226.003
226.003
226.003
226.003
226.003
226.003
226.003
226.003
226.003
226.003
226.003
226.003
226.003
226.003
226.003
226.003
226.003
226.003
226.003
226.003
226.003
226.003
226.003
226.003
226.003
226.003
226.003
226.003
223.721
219.197
219.197
219.197
219.197
219.197
219.197
219.197
219.197
219.197
219.197
219.197
219.197
219.197
219.197
219.197
219.197
219.197
219.197
198.148
198.148
198.148
198.148
198.148
198.148
198.147
198.147
198.147
198.147
198.147
198.147
198.147
198.147
198.147
198.147
198.147
198.147
198.147
198.147
198.147
198.147
198.147
198.147
198.147
198.147
198.147
198.147
198.147
198.147
198.147
198.147
197.614
197.614
197.614
197.614
194.183
194.183
194.183
194.183
194.183
194.034
194.034
192.399
192.399
192.399
192.399
192.399
192.399
192.399
192.399
192.399
192.399
192.399
192.399
192.399
192.399
192.399
192.399
192.399
189.071
189.071
189.071
189.071
189.071
189.071
189.071
189.071
189.071
189.071
189.071
189.071
171.191
171.191
149.341
149.341
149.341
149.341
149.341
149.341
149.341
149.341
149.341
149.341
149.341
149.341
149.341
131.908
131.908
131.908
131.908
131.908
131.908
131.908
131.908
131.908
131.908
131.908
131.908
131.908
131.908
131.908
131.908
131.908
131.908
131.908
131.908
131.908
131.908
131.908
131.908
131.908
131.908
131.908
131.908
131.908
131.908
122.708
122.708
122.708
122.708
122.708
122.708
122.708
122.708
122.708
122.708
122.708
122.708
122.708
122.708
122.708
122.708
122.708
122.708
122.708
122.708
122.708
122.708
122.708
122.708
122.708
122.708
122.708
122.708
122.708
122.708
122.708
122.708
122.708
122.708
122.708
122.708
122.708
122.708
122.708
122.708
122.708
122.708
116.957
116.957
116.957
116.957
116.957
116.957
115.393
115.393
115.393
115.393
115.393
115.393
115.393
115.393
115.393
115.393
115.393
115.393
115.393
115.393
115.393
115.393
115.393
115.393
115.393
115.393
115.393
100.152
100.152
100.152
100.152
100.152
100.152
100.152
100.152
100.152
100.152
100.152
100.152
92.3345
92.3345
92.3345
92.3345
92.3345
92.3345
92.3345
92.3345
92.3345
92.3345
92.3345
92.3345
92.3345
92.3345
92.3345
92.3345
92.3345
92.3345
92.3345
92.3345
92.3345
92.3345
92.3345
92.3345
92.3345
92.3345
92.3345
92.3345
75.7262
75.7262
75.7262
75.7262
75.7262
75.7262
75.7262
75.7262
75.7262
75.7262
75.7262
75.7262
72.6432
72.6432
72.6432
72.6432
72.6432
72.6432
72.6432
72.6432
72.6432
72.6432
72.6432
72.6432
72.6432
72.6432
72.6432
72.6432
72.6432
72.6432
72.6432
72.6432
72.6432
72.6432
72.6432
72.6432
72.6432
72.6432
72.6432
72.6432
72.6432
72.6432
72.6432
72.6432
72.6432
72.6432
72.6432
69.9968
69.9968
69.9968
69.9968
69.9968
69.9968
69.9968
69.9968
69.9968
69.9968
69.9968
69.9968
69.9968
69.9968
69.9968
69.9968
69.9968
69.9968
69.9968
69.9968
69.9968
69.9968
69.9968
69.9968
69.56
69.56
69.56
69.56
69.56
69.56
69.56
69.56
69.56
69.56
69.56
69.56
69.56
69.56
69.56
69.56
69.56
69.56
69.56
69.56
69.56
69.56
69.56
69.56
69.56
69.56
69.56
69.56
69.56
69.56
69.56
69.56
69.56
69.56
69.56
69.56
69.4841
69.4841
69.4841
69.4841
69.4841
69.4841
69.4841
69.4841
69.4841
69.4841
69.4841
69.4841
69.4841
69.4841
69.4841
69.4841
69.4841
69.4841
69.4841
69.4841
69.4841
69.4841
61.8889
61.8889
61.8889
61.8889
61.8889
61.8889
61.8889
61.8889
61.8889
61.8889
61.8889
61.8889
57.5203
57.5203
57.5203
57.5203
51.9133
51.9133
51.9133
51.9133
51.9133
51.9133
51.9133
51.9133
51.9133
51.9133
51.9133
51.9133
51.9133
51.9133
51.9133
51.9133
51.9133
51.9133
51.9133
51.9133
51.9133
51.9133
51.9133
51.9133
44.8004
44.8004
44.8004
44.8004
44.8004
44.8004
44.8004
44.8004
44.8004
44.8004
44.8004
44.8004
44.8004
44.8004
44.8004
44.8004
44.8004
44.8004
44.8004
44.8004
44.8004
44.8004
44.8004
44.8004
44.8004
44.8004
44.8004
44.8004
44.8004
44.8004
44.8004
44.8004
44.8004
44.8004
44.8004
44.8004
44.8004
34.8172
34.8172
34.8172
29.6777
29.6777
29.6777
29.6777
29.6777
29.6777
29.6777
29.6777
29.6777
29.4246
29.4246
29.4246
29.4246
29.4246
29.4246
29.4246
29.4246
29.4246
29.4246
29.4246
29.4246
29.4246
29.4246
29.4246
29.4246
29.4246
25.0083
25.0083
25.0083
25.0083
25.0083
25.0083
25.0083
25.0083
25.0083
25.0083
25.0083
25.0083
25.0083
25.0083
19.8745
19.8745
19.8745
19.8745
19.8745
19.8745
19.8745
19.8745
19.8745
19.8745
19.8745
19.5501
19.5501
19.5501
19.5501
19.5501
19.298
19.298
19.298
19.298
19.298
19.298
19.298
19.2776
19.2776
19.2776
19.2776
19.2312
19.2312
19.2312
19.2312
19.2312
19.2312
19.2312
19.2312
19.2312
19.2312
19.2312
19.2312
19.2312
19.2312
19.2312
19.2312
19.2312
19.2312
19.2312
19.2312
19.2312
19.2312
19.2312
19.2312
19.2312
19.2312
19.2312
19.2312
16.5201
16.5201
16.5201
16.5201
16.5201
16.5201
16.5201
16.5201
16.5201
16.5201
16.5201
16.5201
16.5201
16.5201
16.5201
16.5201
16.5201
16.5201
16.5201
16.5201
16.5201
16.5201
16.5201
16.5201
16.5201
16.5201
16.5201
16.5201
16.5201
16.5201
16.5201
16.5201
16.5201
16.5201
16.5201
16.5201
16.5201
16.5201
16.508
16.508
16.508
16.508
16.508
16.508
16.508
16.508
16.508
16.508
16.508
16.508
16.508
16.508
16.508
16.508
16.508
16.508
16.508
16.508
16.508
16.508
16.508
16.508
16.508
16.508
16.508
16.508
16.508
16.2671
16.2671
16.2671
16.2671
16.2671
16.2671
16.2671
16.2671
16.2671
16.2671
15.9363
15.9363
15.9363
15.9363
15.9363
15.9363
15.9363
15.9363
15.9363
15.68
15.68
15.68
15.68
15.68
15.68
15.68
15.68
15.68
15.68
15.4283
15.4283
15.4283
15.4283
15.4283
15.4283
15.4283
15.4283
15.4283
15.4283
15.4283
15.4283
15.4283
15.4283
15.4283
15.4283
15.4283
15.0963
15.0963
15.0963
15.0963
15.0963
15.0963
15.0963
15.0963
15.0963
15.0963
15.0963
15.0963
15.0963
15.0963
15.0963
15.0963
15.0963
15.0963
14.8883
14.8883
14.8883
14.8883
14.8883
14.8883
14.8883
14.8883
14.8883
14.8883
14.8883
14.8883
14.8883
14.8883
14.8883
14.8438
14.8438
14.8438
14.8438
14.8438
14.8438
14.8438
14.8438
14.8438
14.6365
14.6365
14.6365
14.6365
14.6365
14.6365
14.6365
14.6365
14.6365
14.6365
14.6365
14.6365
14.6365
14.6365
14.6365
14.6365
14.6365
14.6365
14.6365
14.6365
14.6365
14.6365
14.6365
14.6365
14.6365
14.6365
14.6365
14.6365
14.3801
14.3801
14.3801
14.3801
14.3801
14.3801
14.3801
14.3801
13.7964
13.7964
13.7964
13.7964
13.7964
13.7964
13.7964
13.7964
13.7964
13.7964
13.7964
13.7964
13.7964
13.7964
13.7964
13.7964
13.7964
13.4655
13.4655
13.4655
13.4655
13.4655
13.4655
13.4655
13.4655
13.4655
13.4655
13.4655
13.4655
13.4655
13.4655
13.4655
13.4655
13.4655
13.4655
13.4655
13.4655
13.4655
13.4655
13.4655
13.3374
13.3374
13.3374
13.3284
13.3284
13.3284
13.3284
13.3284
13.3284
13.3284
13.3284
13.3284
13.3284
13.3284
13.3284
13.3284
13.3284
13.3284
13.3284
13.3284
13.3284
13.3284
13.3284
13.3284
13.3284
13.3284
13.3284
13.3284
13.3284
13.3284
13.3284
13.3284
13.3284
13.3284
13.3284
13.3284
13.3284
13.3284
13.3284
13.3284
13.3284
13.3284
13.3284
13.3284
13.3284
13.3284
13.3283
13.3283
13.3283
13.3283
13.3283
13.3283
13.3283
13.3283
13.3283
13.3283
13.3283
12.2737
12.2737
12.2737
12.2737
12.2737
12.2737
12.2737
12.2737
12.2737
12.2737
12.2737
12.2737
12.2737
12.2737
12.2737
12.2737
12.2737
12.2737
12.2737
12.2737
12.2737
12.2737
12.2737
12.2737
12.2737
12.2737
12.2737
12.2737
12.2737
12.2737
12.2737
12.2737
12.2737
12.2737
12.2737
12.2737
12.2737
12.2737
12.2737
12.2735
12.2735
12.2735
12.2735
12.2735
12.2735
12.2735
12.2735
12.2735
10.6167
10.6166
10.6166
10.6166
10.6166
10.6166
10.6166
10.6166
10.6166
10.6166
10.6166
10.6166
10.6166
10.5387
10.5387
10.5387
10.5387
10.5387
10.5387
10.5387
10.5387
10.5387
10.5387
10.5387
9.69864
9.69864
9.69864
9.69864
9.69864
9.56187
9.56187
9.56187
9.56187
9.56187
9.56187
9.56187
9.56187
9.56187
9.56187
9.56187
8.91881
8.91881
8.91881
8.91881
8.91881
8.91881
8.91881
8.91881
8.91881
8.91881
8.91881
8.91881
8.91881
8.91881
8.91881
8.91881
8.91881
8.91881
8.91881
8.91881
8.91881
8.91881
8.91881
8.91881
8.91881
8.91881
8.91881
8.91881
8.91881
8.91881
8.91881
8.91881
8.91881
8.91881
8.91881
8.91881
8.91881
8.91881
8.91881
8.91881
8.91881
8.91881
8.91881
8.91881
8.91881
8.91881
8.91881
8.91881
8.91881
8.91881
8.91881
8.91881
8.91881
8.91881
8.91881
8.91881
8.91881
8.71258
8.71258
8.71258
8.71258
8.71258
8.71258
8.71258
8.71258
8.71258
8.71258
8.71257
8.71257
8.71257
8.71257
8.71257
8.71257
8.71257
8.71257
8.71257
8.71257
8.71257
8.71257
8.71257
8.71257
8.71257
8.71257
8.71257
8.71257
8.71257
8.71257
8.71257
8.71257
8.71257
8.71257
8.71257
8.71257
8.71257
8.71257
8.71257
8.71257
8.71257
8.71257
8.71257
8.71257
8.71257
8.71257
8.71257
8.71257
8.71257
8.71257
8.71257
8.71257
8.71257
8.71257
8.71257
8.71257
8.71257
8.71257
8.71257
8.71257
8.71257
8.71257
8.71257
8.71257
8.71257
8.71257
8.71257
8.71257
8.71257
8.71257
8.71257
8.71257
8.71257
8.71257
8.71257
8.71257
8.71257
8.71257
8.71257
8.71257
8.71257
8.71257
8.71252
8.71252
8.71252
8.71252
8.71252
8.71252
8.71252
8.71252
8.71252
8.71252
8.71252
7.87294
7.87294
7.87294
7.87294
6.71289
5.87414
5.87414
5.87414
5.87414
5.87414
5.87414
5.87414
5.87414
5.87414
5.87414
5.87414
5.87414
5.87414
5.87414
5.87414
5.87414
5.87414
5.87414
5.87414
5.87414
5.87414
5.87414
5.87414
5.87414
5.87414
5.87414
5.87414
5.87414
5.87414
5.87414
5.87414
5.87414
5.87414
5.87414
5.87414
5.87414
5.87414
5.87414
5.87414
5.87414
5.16133
5.16133
5.16133
5.16133
5.16133
5.16133
5.16133
5.16133
5.16133
5.16133
5.16133
5.16133
5.16133
5.16133
5.16133
5.16133
5.16133
5.16133
5.16133
5.16133
5.16133
5.16133
5.16133
5.16133
5.16133
5.16133
5.16133
5.16133
5.16133
5.16133
5.16133
5.16133
5.16133
5.16133
5.16133
5.16133
5.03469
5.03469
5.03469
5.03469
5.03469
5.03469
5.03469
5.03469
5.03469
5.03469
5.03469
5.03469
5.03469
5.03403
5.03403
5.03403
5.03403
5.03403
5.03403
5.03403
5.03403
5.03403
4.81874
4.81874
4.81874
4.81874
4.81874
4.81874
4.81874
4.81874
4.81874
4.81874
4.81874
4.81874
4.81874
4.81874
4.81874
4.81874
4.81874
4.81874
4.81874
4.81874
4.81874
4.81874
4.81874
4.81874
4.81874
4.81874
4.81874
4.81874
4.81874
4.81874
4.81874
4.81874
4.81874
4.81874
4.76374
4.76374
4.76374
4.76374
4.76374
4.76374
4.76374
4.76374
4.76374
4.76374
4.76374
4.76374
4.76374
4.76374
4.76374
4.76374
4.76374
4.76374
4.76374
4.76374
4.76374
4.76374
4.76374
4.76374
4.76374
4.76374
4.76374
4.76374
4.76374
4.76374
4.76374
4.76374
4.76374
4.36934
4.36934
4.36934
4.36925
4.36925
4.36925
4.36925
4.36925
4.36925
4.36925
4.36925
4.36925
4.36925
4.36925
4.36925
4.36925
4.33904
4.33904
4.33904
4.33904
4.33904
4.33904
4.33904
4.33904
4.33904
4.33904
4.32685
4.32685
4.31472
4.31472
4.31472
4.31472
4.31472
4.31472
4.31472
4.31472
4.31472
4.31472
4.31472
4.31472
4.15493
4.15493
4.15493
4.15493
4.15493
4.15493
4.15493
4.15493
4.15493
4.15493
4.15493
4.15493
4.15493
4.15493
4.15493
4.15493
4.15493
4.15493
4.15493
4.15493
4.15493
4.15493
4.15493
4.15493
4.15493
4.15493
4.15493
4.15493
4.15493
4.15493
4.15493
4.15493
4.15493
4.15493
4.15493
4.15493
4.15493
4.15493
4.15493
4.15493
4.15493
4.15493
4.15493
4.15493
4.15493
4.15493
4.15493
4.15493
4.15493
4.15493
4.15493
4.15493
4.15493
4.15493
4.15493
4.15493
4.11116
4.11116
4.11116
4.11116
4.11116
4.11116
4.11116
4.11116
4.11116
4.11116
4.11116
4.11116
4.11116
4.11116
4.09881
4.09881
4.09881
4.09881
4.09881
4.09881
4.09881
4.09881
4.09881
4.09881
4.09881
4.09881
4.09881
4.09881
4.09881
4.09881
4.09881
4.09881
4.09881
4.09881
4.09881
4.09881
4.09881
4.09881
4.09881
4.09881
4.09881
4.09881
4.09881
4.09881
4.09881
4.09881
4.09881
4.09881
4.09881
4.09881
4.09881
4.09881
4.09881
4.09881
4.09881
4.09881
4.09881
4.09881
4.09881
4.09881
4.09881
4.09881
4.09881
4.09881
4.09881
4.09881
4.09881
4.09881
4.09881
4.09881
4.09881
4.09881
4.09881
4.09881
4.09881
4.09881
4.09881
4.09881
4.09881
4.09881
4.09881
4.09881
4.09881
4.09881
4.09881
4.09881
4.09881
4.09881
4.09881
4.09881
4.09881
4.09881
4.09881
4.09881
4.09881
4.09881
4.09881
4.09881
4.09881
4.09881
4.09881
4.09881
4.09881
4.09881
4.09881
3.76786
3.76786
3.76786
3.76786
3.76786
3.76786
3.76786
3.76786
3.76786
3.76786
3.76786
3.76786
3.76786
3.76786
3.76786
3.76786
3.76786
3.76786
3.76786
3.76786
3.76786
3.76786
3.76786
3.76786
3.76786
3.76786
3.76786
3.76786
3.76786
3.76786
3.76786
3.76786
3.76786
3.76786
3.76786
3.76786
3.76786
3.76786
3.76786
3.76786
3.76786
3.76786
3.76786
3.76786
3.76786
3.76786
3.76786
3.76786
3.76786
3.76786
3.76786
3.76786
3.76786
3.76786
3.76786
3.76786
3.76786
3.76786
3.76786
3.76786
3.76786
3.76786
3.76786
3.76786
3.76786
3.76786
3.76784
3.76784
3.76784
3.76784
3.76784
3.76784
3.76784
3.76784
3.4361
3.4361
3.4361
3.4361
3.4361
3.4361
3.4361
3.4361
3.4361
3.4361
3.4361
3.4361
3.4361
3.4361
3.4361
3.4361
3.4361
3.4361
3.4361
3.4361
3.4361
3.4361
3.4361
3.4361
3.4361
3.4361
3.4361
3.4361
3.4361
3.4361
3.4361
3.4361
3.4361
3.4361
3.4361
3.4361
3.4361
3.4361
3.4361
3.4361
3.4361
3.4361
3.4361
3.4361
3.4361
3.4361
3.4361
3.4361
3.4361
3.4361
3.4361
3.4361
3.4361
3.4361
3.4361
3.4361
3.4361
3.4361
3.4361
3.4361
3.4361
3.4361
3.4361
3.4361
3.4361
3.4361
3.4361
3.4361
3.4361
3.4361
3.41429
3.41429
3.41429
3.41429
3.41429
3.41429
3.41429
3.41429
3.41429
3.41429
3.41429
3.41429
3.41429
3.41429
3.41429
3.41429
3.41429
3.41429
3.41429
3.41429
3.41429
3.41429
3.41429
3.41429
3.41429
3.41429
3.41429
3.41429
3.41429
3.41429
3.41429
3.41429
3.41429
3.41429
3.41429
3.41429
3.41429
3.41429
3.41429
3.41429
3.41429
3.41429
3.41429
3.41429
3.41429
3.41429
3.41429
3.41429
3.41429
3.41429
3.41429
3.41429
3.41429
3.41429
3.41429
3.41429
3.41429
3.41429
3.41429
3.41429
3.41429
3.41429
3.41429
3.41429
3.41429
3.41422
3.41422
3.41422
3.41422
3.41422
3.41422
3.41422
3.41422
3.41422
3.41422
3.41422
3.41422
3.41422
3.41422
3.41422
3.41422
3.41422
3.41422
3.41422
3.41422
3.41422
3.41422
3.41422
3.41422
3.41422
3.41422
3.41422
3.41422
3.41422
3.41422
3.41422
3.41422
3.41422
3.41422
3.41422
3.41422
3.41422
3.41422
3.41422
3.41422
3.41422
3.41422
3.41422
3.41422
3.41422
3.41422
3.40177
3.40177
3.40177
3.28737
3.28737
3.28737
3.28737
3.28737
3.28737
3.28737
3.28737
3.28737
3.28737
3.28737
3.28737
3.28737
3.28737
3.28737
3.28737
3.28737
3.28737
3.28737
3.28737
3.28737
3.28737
3.28737
3.28737
3.28737
3.28737
3.28737
3.28737
3.28737
3.28737
3.28737
3.28737
3.28737
3.28737
3.28737
3.28737
3.28737
3.28737
3.28737
3.28737
3.28737
3.28737
3.28737
3.28737
3.28737
3.28737
3.28737
3.28737
3.28737
3.28737
3.2872
3.2872
3.2872
3.2872
3.2872
3.2872
3.2872
3.2872
3.2872
3.2872
3.2872
3.2872
3.25303
3.25303
3.25303
3.25303
3.25303
3.25303
3.25303
3.25303
3.25303
3.25303
3.25303
3.25303
3.25303
3.25303
3.25303
3.25303
3.25303
3.23125
3.23125
3.23125
3.23125
3.23125
3.23125
3.23125
3.23125
3.23125
3.23125
3.23125
3.23125


-10.2359
-10.2359
-10.2359
-10.2359
-10.2359
-10.2359
-10.2359
-10.2359
-10.2359
-10.2359
13.8249
-11.9205
-11.9205
-11.9205
-11.9205
-11.9205
-11.9205
-11.9205
25.544
25.544
25.544
25.544
25.544
-44.4777
-15.1799
-15.1799
2.91147
2.91147
2.91147
-31.0739

0.028

