337476
337476
337476
337476
337476
337476
337476
337476
337476
337476
337476
337476
337476
337476
337476
337476
337476
337476
337476
337476
337476
337476
337476
337476
337476
337476
337476
337476
337476
326505
326505
326505
326505
326505
326505
326505
326505
326505
326505
326505
326505
326505
326505
326505
326505
326505
326505
326505
326505
326505
326505
248651
248651
248651
248651
248651
248651
248651
248651
248651
248651
248651
248651
248651
248651
248651
248651
248651
248651
248651
248651
248651
248651
248651
248651
248651
248651
248651
248651
248651
248651
248651
248651
248651
248651
248651
248651
248651
248651
248651
248651
248651
248651
248651
218722
218722
218722
218722
218722
218722
218722
218722
218722
218722
218722
218722
218722
218722
218722
218722
218722
218722
218722
218722
218722
218722
218722
189970
189970
189970
189970
189970
189970
189970
189970
189970
189970
189970
189970
189970
189970
189970
189970
189970
189970
189970
189970
189970
189970
189970
189970
189970
189970
189970
189970
189970
189970
189970
189970
189970
189970
189970
189970
189970
189970
189970
189970
189970
189970
189970
189970
189970
189970
189970
189970
189970
189970
189970
189970
189970
189970
189970
189970
189739
189739
189739
189739
189739
189739
180051
180051
180051
180051
180051
180051
175177
175177
175177
175177
175177
175177
175177
175177
175177
175177
175177
175177
175177
175177
175177
175177
175177
175177
175177
175177
175177
175177
175177
175177
175177
175177
175177
175177
175177
175177
175177
175177
175177
168139
168139
168139
168139
168139
168139
168139
168139
168139
168139
168139
168139
165428
165428
164714
164714
164714
164714
164714
164714
164714
164714
164714
164714
164714
164714
164714
164714
164714
164714
164714
156239
156239
156239
156239
156239
156239
156239
116911
116911
116911
116911
116911
116911
116911
116911
116911
116911
116911
116911
116911
116911
116911
116911
116911
116911
116911
116911
116911
116911
116911
116911
116911
116911
116911
116911
116911
116911
116911
116911
116911
116911
116911
116911
116911
116911
116911
116911
116911
116911
114776
114126
114126
114126
114126
114126
114126
114126
114126
114126
114126
114126
114126
114126
114126
114126
114126
112585
112585
112585
112585
112585
112585
112585
112585
112585
112585
112585
112585
112585
112585
112585
112585
112585
112585
112517
108157
108157
108157
108157
108157
108157
108157
108157
108157
108157
108157
108157
108157
102385
102385
102385
101744
101744
101744
101744
101744
101744
101744
101744
101744
101744
101744
101744
101744
101744
101744
101744
101744
101744
101744
101744
101744
101744
101744
101744
101744
101339
101339
101339
101339
101339
101339
101339
101339
98696.7
92903.3
92903.3
92903.3
92903.3
92903.3
90233.1
90233.1
90233.1
90233.1
90233.1
90233.1
90233.1
90233.1
90233.1
90233.1
90233.1
90233.1
90233.1
87091.7
87091.7
87091.7
87091.7
87091.7
87091.7
87091.7
87091.7
87091.7
87091.7
87091.7
87091.7
87091.7
78023
78023
78023
78023
78023
78023
78023
78023
78023
78023
78023
78023
78023
78023
78023
78023
78023
78023
76397
76397
76397
76397
76397
76397
76397
76397
76397
76397
76397
76397
52470.5
52470.5
52470.5
52470.5
52470.5
52470.5
52470.5
52470.5
52470.5
52470.5
52470.5
52470.5
52470.5
52470.5
48640.6
48640.6
48640.6
48640.6
48640.6
48640.6
48640.6
48640.6
48640.6
48640.6
48640.6
48640.6
48614.7
48614.7
48614.7
48525.1
48525.1
48525.1
48525.1
48525.1
45361.9
45361.9
45361.9
45361.9
45361.9
45361.9
45361.9
45361.9
45361.9
43850.5
43850.5
43850.5
43850.5
43850.5
42258.4
39322.4
39322.4
39322.4
39322.4
39322.4
39322.4
39322.4
39322.4
39322.4
39322.4
39322.4
39322.4
39322.4
39322.4
39322.4
39322.4
39322.4
39322.4
39322.4
39322.4
39322.4
39322.4
39322.4
39322.4
39322.4
39322.4
39322.4
39322.4
39322.4
39322.4
39322.4
39322.4
39322.4
39322.4
37756
37756
36041.4
36041.4
36041.4
36041.4
36041.4
36041.4
36041.4
36041.4
36041.4
36041.4
36041.4
36041.4
36041.4
36041.4
36041.4
36041.4
36041.4
36041.4
36041.4
35643.3
35643.3
35643.3
35643.3
35643.3
35643.3
35643.3
35643.3
35643.3
35643.3
35643.3
35412
35412
35412
35412
35412
35412
35412
35412
35412
35412
35412
35412
35412
35412
35412
35412
35412
35412
34996.6
31966.9
31966.9
31966.9
31966.9
31966.9
31966.9
31966.9
31966.9
31966.9
31966.9
31966.9
31966.9
31966.9
31966.9
31966.9
29974.1
29974.1
29974.1
29974.1
29974.1
29974.1
29974.1
29974.1
29974.1
29974.1
29974.1
29974.1
29974.1
29974.1
29629.5
29629.5
28982.8
28982.8
28982.8
28982.8
28982.8
28982.8
28982.8
28982.8
28982.8
28982.8
28982.8
28982.8
28982.8
28982.8
28982.8
28982.8
28982.8
28982.8
28982.8
28982.8
28982.8
28982.8
28982.8
28982.8
28982.8
28982.8
28982.8
28982.8
28982.8
28982.8
28982.8
28982.8
28982.8
28982.8
28982.8
28982.8
28982.8
28982.8
28982.8
28982.8
28982.8
28982.8
28982.8
28982.8
28982.8
27356.4
27356.4
27356.4
27356.4
27356.4
26184.4
26184.4
26184.4
26184.4
26184.4
26184.4
26184.4
26184.4
26184.4
26184.4
26184.4
26184.4
25701.8
25701.8
23399.7
23399.7
23399.7
23399.7
23399.7
23399.7
23399.7
23399.7
23399.7
23399.7
23399.7
23399.7
23399.7
23399.7
23399.7
23399.7
18600.5
18600.5
18600.5
18600.5
18600.5
18600.5
18600.5
18600.5
18600.5
18600.5
18600.5
18600.5
18600.5
18600.5
18600.5
18600.5
18600.5
18600.5
18600.5
18600.5
18600.5
18600.5
18600.5
18600.5
18600.5
18600.5
18600.5
18600.5
18600.5
18600.5
18600.5
18600.5
18600.5
18600.5
18600.5
18600.5
18600.5
18600.5
18600.5
18600.5
18600.5
18600.5
18600.5
18600.5
18600.5
18600.5
18600.5
18600.5
18600.5
18600.5
18600.5
18600.5
18600.5
18600.5
18600.5
18600.5
18600.5
18600.5
18600.5
18600.5
18600.5
18600.5
18600.5
18600.5
18600.5
18600.5
18600.5
18600.5
18600.5
18600.5
18447.9
18447.9
18447.9
18447.9
18447.9
18447.9
18447.9
18447.9
18447.9
18447.9
18447.9
18447.9
18447.9
18447.9
18447.9
18447.9
18447.9
18447.9
18447.9
18447.9
18286.8
18286.8
18286.8
18286.8
18286.8
18286.8
18286.8
18286.8
18286.8
18286.8
18286.8
18286.8
18286.8
18286.8
18286.8
18286.8
18286.8
18286.8
18286.8
18286.8
18286.8
18286.8
18286.8
18286.8
18286.8
18286.8
18286.8
18286.8
18286.8
18286.8
18286.8
18286.8
18286.8
18286.8
18286.8
18286.8
18286.8
18286.8
18286.8
18286.8
18286.8
18286.8
18286.8
18286.8
18286.8
18286.8
18286.8
18286.8
18286.8
18286.8
18273
18273
18273
17965.2
17965.2
17965.2
17965.2
17965.2
17965.2
17965.2
17965.2
17965.2
17965.2
17965.2
17965.2
17965.2
17965.2
17965.2
17951.4
17951.4
17951.4
17951.4
16546.6
16546.6
16546.6
16546.6
16546.6
16546.6
16546.6
16546.6
16546.6
16546.6
16546.6
16546.6
16546.6
16546.6
16546.6
16546.6
16546.6
16546.6
16546.6
16546.6
16546.6
16546.6
16546.6
16546.6
16546.6
16546.6
16546.6
16546.6
16546.6
16546.6
16546.6
16546.6
16546.6
16546.6
16546.6
16546.6
16546.6
16546.6
16546.6
16546.6
16546.6
16546.6
16546.6
16546.6
16546.6
16546.6
16546.6
16495.3
16495.3
16495.3
16495.3
16495.3
16495.3
16495.3
16435.8
16435.8
16435.8
16435.8
16435.8
16435.8
16435.8
16435.8
16435.8
16435.8
16435.8
16435.8
16435.8
16435.8
16435.8
16435.8
16435.8
16435.8
16435.8
16435.8
15725.6
15725.6
15214.3
15214.3
15214.3
15214.3
15214.3
15214.3
15214.3
15214.3
15214.3
15214.3
15214.3
15214.3
15214.3
15214.3
15214.3
15214.3
15214.3
15214.3
15058.5
15058.5
15058.5
14947.7
14947.7
14947.7
14947.7
14947.7
14947.7
14947.7
14947.7
14947.7
14947.7
14947.7
14947.7
14947.7
14947.7
14947.7
14947.7
14947.7
14947.7
14947.7
14947.7
14947.7
14947.7
14947.7
14947.7
14947.7
14947.7
14947.7
14947.7
14947.7
14947.7
14947.7
14947.7
14947.7
14947.7
14947.7
14947.7
14947.7
14947.7
14947.7
14947.7
14947.7
14947.7
14947.7
14945.6
14945.6
14945.6
14945.6
14945.6
14931.9
14931.9
14931.9
14931.9
14282.4
14282.4
14282.4
14282.4
14282.4
14282.4
14282.4
13936.1
13936.1
13936.1
13936.1
13936.1
13936.1
13936.1
13936.1
13936.1
13936.1
13936.1
13936.1
13936.1
13936.1
13936.1
13936.1
13936.1
13936.1
13936.1
13936.1
13936.1
13936.1
13936.1
13936.1
13936.1
13936.1
13936.1
13936.1
13936.1
13936.1
13936.1
13936.1
13936.1
13936.1
13936.1
13936.1
13936.1
13936.1
13936.1
13936.1
13936.1
13936.1
13936.1
13936.1
13936.1
13936.1
13936.1
13936.1
13936.1
13936.1
13936.1
13936.1
13936.1
13936.1
13936.1
13936.1
13936.1
13936.1
13936.1
13936.1
13936.1
13936.1
13936.1
13936.1
13936.1
13936.1
13936.1
13936.1
13936.1
13936.1
13936.1
13936.1
13936.1
13936.1
13702.9
13702.9
13702.9
13702.9
13702.9
13702.9
13702.9
13213.1
13213.1
13213.1
13213.1
13213.1
13213.1
13213.1
13213.1
13213.1
13213.1
13213.1
13213.1
13213.1
13213.1
13213.1
13213.1
13213.1
13213.1
13213.1
13213.1
13213.1
13213.1
13213.1
13213.1
13213.1
13213.1
13213.1
13213.1
13213.1
13213.1
13213.1
13213.1
13199.8
13199.8
13199.8
13199.8
13199.8
13199.8
13199.8
13199.8
13199.8
13199.8
13199.8
13199.8
13199.8
13199.8
13199.8
13199.8
13199.8
13199.8
13075.5
13075.5
13075.5
13075.5
13075.5
13075.5
13075.5
13075.5
13075.5
13075.5
13075.5
13075.5
13075.5
13075.5
13075.5
13030.8
13030.8
13030.8
13030.8
12956.5
12956.5
12956.5
12956.5
12956.5
12956.5
12956.5
12358.8
12358.8
12358.8
12358.8
12358.8
12358.8
12358.8
12358.8
12358.8
12358.8
12358.8
12358.8
12358.8
12358.8
12358.8
12358.8
12358.8
12358.8
12358.8
12358.8
12358.8
12358.8
12358.8
12358.8
12358.8
12358.8
12358.8
12358.8
12358.8
12358.8
12358.8
12358.8
12358.8
12358.8
12358.8
12358.8
12358.8
12358.8
12358.8
12358.8
12358.8
12358.8
12358.8
12358.8
12358.8
12358.8
12358.8
12358.8
12358.8
12358.8
12358.8
12358.8
12358.8
12358.8
12358.8
12358.8
12358.8
12358.8
12358.8
12358.8
12055.2
12055.2
12055.2
12055.2
12055.2
12055.2
12055.2
12055.2
12055.2
12055.2
12055.2
12055.2
12055.2
12055.2
12055.2
12055.2
12055.2
12055.2
12055.2
12055.2
12055.2
12055.2
12055.2
12055.2
12055.2
12055.2
12055.2
12055.2
12055.2
12055.2
12055.2
12055.2
12055.2
12055.2
12055.2
12055.2
12055.2
12055.2
12055.2
12055.2
12055.2
12016.8
12016.8
12016.8
12016.8
12016.8
12016.8
12016.8
12016.8
12016.8
11658
11658
11658
11658
11658
11658
11658
11658
11658
11658
11658
11658
11658
11324
11324
11324
11324
11324
11324
11324
11324
11324
11324
11324
11324
11324
11324
11324
11324
11324
11324
11324
11324
11324
11324
11324
11324
11324
11324
11324
11324
11324
11324
11324
11324
11070.4
11070.4
11070.4
11070.4
11070.4
11070.4
11070.4
11070.4
11070.4
11070.4
11070.4
11070.4
11070.4
11070.4
11070.4
11032.8
11032.8
11032.8
11032.8
11032.8
11032.8
11032.8
11032.8
11032.8
11032.8
11032.8
11032.8
11032.8
11032.8
11032.8
11032.8
11032.8
11032.8
11032.8
11032.8
11032.8
11032.8
11032.8
11032.8
11032.8
11032.8
11032.8
11032.8
11032.8
11032.8
11032.8
11032.8
11032.8
11032.8
11032.8
11032.8
11032.8
11032.8
11032.8
11032.8
11032.8
11032.8
11032.8
11032.8
11032.8
11032.8
11032.8
11032.8
11032.8
10984.9
10984.9
10984.9
10984.9
10879.7
10879.7
10879.7
10879.7
10879.7
10879.7
10879.7
10879.7
10879.7
10879.7
10667
10667
10667
10667
10667
10667
10667
10667
10642.3
10642.3
10642.3
10642.3
10642.3
10642.3
10244.4
10244.4
10244.4
10244.4
10244.4
10244.4
10244.4
10244.4
10244.4
10244.4
10244.4
10244.4
10244.4
10244.4
10244.4
10244.4
10244.4
10244.4
10244.4
10244.4
9585.45
9585.45
9585.45
9585.45
9585.45
9585.45
9284.49
9284.49
9284.49
9284.49
9284.49
9284.49
8714.68
8714.68
8714.68
8714.68
8714.68
8714.68
8714.68
8714.68
8714.68
7099.14
7099.14
7099.14
7099.14
7099.14
7099.14
7099.14
7099.14
7099.14
7099.14
7099.14
7099.14
7099.14
7099.14
7099.14
7099.14
7099.14
7099.14
7099.14
7099.14
7099.14
7099.14
7099.14
7099.14
7099.14
7099.14
7099.14
7099.14
7099.14
7099.14
7099.14
7099.14
7099.14
7099.14
7099.14
7099.14
7099.14
7099.14
7099.14
7099.14
7099.14
7099.14
7099.14
7099.14
7076.37
7076.37
7076.37
7076.37
7076.37
7076.37
7076.37
7076.37
7076.37
7076.37
7076.37
7076.37
7076.37
7076.37
7076.37
7076.37
7076.37
7076.37
7076.37
7076.37
7076.37
7076.37
7076.37
7076.37
7076.37
7076.37
7076.37
6831.4
6831.4
6753.94
6753.94
6753.94
6753.94
6753.94
6753.94
6753.94
6753.94
6753.94
6753.94
6753.94
6753.94
6753.94
6753.94
6753.94
6753.94
6753.94
6753.94
6753.94
6753.94
6753.94
6753.94
6753.94
6753.94
6753.94
6753.94
6596.05
6596.05
6596.05
6596.05
6596.05
6596.05
6596.05
6596.05
6596.05
6596.05
6596.05
6596.05
6596.05
6596.05
6596.05
6596.05
6596.05
6596.05
6596.05
6596.05
6596.05
6596.05
6596.05
6596.05
6596.05
6596.05
6596.05
6596.05
6596.05
6596.05
6596.05
6596.05
6596.05
6596.05
6596.05
6596.05
6596.05
6596.05
6596.05
6596.05
6596.05
6596.05
6544.87
6544.87
6544.87
6544.87
6544.87
6544.87
6544.87
6544.87
6544.87
6509.33
6509.33
6509.33
6509.33
6509.33
6509.33
6407.82
6407.82
6407.82
6407.82
6407.82
6407.82
6407.82
6407.82
6407.82
6407.82
6407.82
6407.82
6407.82
6407.82
6407.82
6407.82
6407.82
6407.82
6407.82
6407.82
6407.82
6407.82
6407.82
6407.82
6407.82
6407.82
6407.82
6407.82
6407.82
6407.82
6407.82
6407.82
6407.82
6407.82
6407.82
6407.82
6407.82
6407.82
6407.82
6407.82
6407.82
6407.82
6407.82
6407.82
6407.82
6407.82
6407.82
6407.82
6407.82
6407.82
6407.82
6407.82
6407.82
6407.82
6407.82
6407.82
6407.82
6407.82
6407.82
6407.82
6407.82
6407.82
6407.82
6407.82
6407.82
6407.82
6407.82
6407.82
6407.82
6407.82
6407.82
6407.82
6407.82
6407.82
6407.82
6407.82
6407.82
6407.82
6407.82
6407.82
6407.82
6407.82
6407.82
6407.82
6407.82
6407.82
6407.82
6407.82
6407.82
6407.82
6407.82
6407.82
6407.82
6407.82
6407.82
6407.82
6407.82
6407.82
6372.27
6372.27
6372.27
6372.27
6372.27
6372.27
6372.27
6372.27
6372.27
6372.27
6372.27
6372.27
6372.27
6372.27
6372.27
6372.27
6372.27
6372.27
6372.27
6372.27
6372.27
6372.27
6372.27
6372.27
6372.27
6372.27
6372.27
6372.27
6372.27
6372.27
6372.27
6372.27
6372.27
6372.27
6372.27
6370.18
6257.05
6257.05
6257.05
6257.05
6257.05
6257.05
6257.05
6257.05
6257.05
6257.05
6257.05
6257.05
6257.05
6257.05
6257.05
6257.05
6257.05
6257.05
6221.51
6221.51
6221.51
6221.51
6221.51
6221.51
6221.51
6221.51
6221.51
6221.51
6221.51
6221.51
6221.51
6221.51
6221.51
6221.51
6221.51
6221.51
6221.51
6207.8
6207.8
6207.8
6207.8
6207.8
6207.8
6207.8
6207.8
6207.8
6207.8
6207.8
6207.8
6207.8
6207.8
6207.8
6207.8
6207.8
6207.8
6207.8
6207.8
6092.58
6092.58
6092.58
6092.58
6092.58
6092.58
6092.58
6057.04
6057.04
6057.04
6057.04
6057.04
6057.04
6057.04
6057.04
6057.04
6057.04
6057.04
6057.04
6057.04
6057.04
6057.04
6057.04
6057.04
6057.04
6057.04
6057.04
6057.04
6057.04
6057.04
6057.04
6057.04
6057.04
6057.04
6057.04
6057.04
6057.04
6057.04
6057.04
6057.04
6057.04
5910.47
5910.47
5910.47
5910.47
5910.47
5910.47
5910.47
5910.47
5910.47
5910.47
5910.47
5910.47
5910.47
5910.47
5910.47
5910.47
5910.47
5910.47
5910.47
5910.47
5910.47
5910.47
5910.47
5910.47
5910.47
5910.47
5910.47
5910.47
5910.47
5910.47
5910.47
5910.47
5910.47
5910.47
5910.47
5910.47
5910.47
5910.47
5910.47
5910.47
5910.47
5910.47
5910.47
5910.47
5910.47
5910.47
5910.47
5910.47
5910.47
5910.47
5910.47
5910.47
5910.47
5910.47
5910.47
5908.38
5908.38
5908.38
5908.38
5908.38
5902.11
5902.11
5902.11
5902.11
5874.92
5874.92
5874.92
5874.92
5874.92
5874.92
5874.92
5874.92
5874.92
5874.92
5874.92
5874.92
5874.92
5874.92
5874.92
5868.65
5868.65
5868.65
5868.65
5868.65
5868.65
5866.56
5866.56
5866.56
5866.56
5866.56
5866.56
5866.56
5866.56
5863.49
5863.49
5863.49
5863.49
5863.49
5750.37
5750.37
5750.37
5750.37
5750.37
5750.37
5750.37
5750.37
5750.37
5750.37
5750.37
5750.37
5750.37
5750.37
5750.37
5750.37
5738.94
5738.94
5738.94
5738.94
5738.94
5738.94
5738.94
5738.94
5738.94
5738.94
5738.94
5738.94
5738.94
5738.94
5738.94
5738.94
5738.94
5738.94
5738.94
5738.94
5738.94
5738.94
5738.94
5738.94
5738.94
5703.39
5703.39
5703.39
5703.39
5703.39
5703.39
5703.39
5703.39
5703.39
5543.3
5543.3
5543.3
5543.3
5543.3
5543.3
5543.3
5543.3
5543.3
5543.3
5543.3


1.79805
1.79805
1.79805
1.79805
1.79805
1.79805
1.79805
1.79805
1.79805
3.72611
3.72611
3.4341
3.4341
3.4341
3.4341
0.598018
0.598018
0.598018
0.598018
0.598018
0.598018
0.598018
0.598018
0.598018
4.77815
4.77815
4.77815
4.77815
4.77815
-53.8516

0.052

