21.0134
21.0165
20.7374
20.7374
20.756
20.756
20.756
20.756
20.756
20.756
20.756
20.756
20.756
20.756
20.756
20.756
20.756
20.756
20.756
20.756
20.756
20.6021
20.6021
20.8061
20.8061
20.8204
20.7328
20.5807
20.5807
20.5807
20.5807
20.5807
20.5807
20.5807
20.5807
20.5134
20.5134
20.6217
20.6217
20.6217
20.668
20.668
20.668
20.668
20.6045
20.6045
20.6045
20.6045
20.5265
20.3583
20.3583
20.4994
20.4518
20.4518
20.4518
20.4518
20.4518
20.4994
20.4994
20.668
20.668
20.668
20.668
20.668
20.668
20.668
20.668
20.668
20.7894
20.7002
20.7002
20.7002
20.7002
20.7002
20.7002
20.7002
20.7002
20.3791
20.3791
20.3791
20.3791
20.5056
20.5056
20.6318
20.6318
20.6318
20.6318
20.6318
20.4858
20.6318
20.0527
20.0527
20.0527
20.0527
20.0856
20.0856
20.0856
20.0856
20.0856
20.0856
20.0856
20.0856
20.0856
20.0856
20.0856
20.0856
20.6034
20.6209
20.6209
20.6209
20.6209
20.6893
20.6893
20.6893
20.6893
20.6893
20.6035
20.6035
20.4142
20.4142
20.4142
20.4142
20.4142
20.4142
20.4142
20.4142
20.4142
20.4142
20.4142
20.4142
20.4142
20.4142
20.4142
20.4142
20.4142
20.4142
20.4142
20.4142
20.4142
20.5434
20.5434
20.5434
20.5434
20.5434
20.5434
20.5434
20.5434
20.5434
20.5277
20.5277
20.5277
20.5277
20.5277
20.5277
20.5277
20.5277
20.5434
20.5358
20.5358
20.5358
20.5358
20.5358
20.5358
20.5358
20.1108
20.1108
20.1108
20.1108
20.1108
20.1108
20.1108
20.1108
20.1108
20.1108
20.1108
20.1108
20.7102
20.7102
20.7102
20.7102
20.7102
20.7102
20.7623
20.7119
20.7119
20.4545
20.4545
20.7538
20.6783
20.6783
20.6783
20.6783
20.6783
20.6783
20.6783
20.6783
20.6783
20.6783
20.6783
20.7685
20.7685
20.7685
20.7685
20.6795
20.6795
20.6795
20.7585
20.6519
20.5692
20.5692
20.5707
20.5707
20.5707
20.5707
20.5707
20.5707
20.5707
20.5707
20.5707
20.6912
20.6912
20.8212
20.8212
20.8363
20.8363
20.9299
20.9299
20.9299
20.9299
20.9665
20.9665
20.9665
20.9571
20.9571
20.9043
20.9043
20.9043
20.9043
20.9299
20.9299
20.9299
20.9299
20.9299
20.9299
20.9299
21.0005
21.0005
20.9018
20.9018
20.9018
20.9018
20.9018
20.9018
20.5893
20.8672
20.8672
20.6573
20.6573
20.6573
20.6573
20.6573
20.6573
20.6573
20.6573
20.6573
20.6573
20.6573
20.6573
20.6573
20.6573
20.8802
20.8802
20.8802
20.8802
20.8802
20.8802
20.8802
20.8802
20.8802
20.8802
20.8802
20.8802
20.8802
20.8263
20.8263
20.9015
20.9015
20.8607
20.8607
20.8607
20.8607
20.6793
20.6793
20.6793
20.9023
20.9023
20.8709
20.9074
20.9074
20.9074
20.9074
20.9074
20.9074
20.9074
20.6228
20.6228
20.6228
20.653
20.653
20.653
20.653
20.653
20.653
20.653
20.653
20.653
20.653
20.653
20.653
20.653
20.653
20.653
20.653
20.653
20.8451
20.8451
20.8451
20.8451
20.8451
20.8726
20.8726
20.8726
20.8726
21.0174
21.0174
21.0174
21.0391
20.9657
20.9657
20.9657
20.9657
20.9657
20.9657
20.9657
20.9657
20.9657
20.9657
20.7247
20.5248
20.5248
20.5248
20.5248
20.5248
20.8668
20.8668
20.8668
20.8668
20.8668
20.8668
20.8668
20.8386
20.7411
20.7411
20.7411
20.7411
20.7411
20.7411
20.7411
20.7411
20.7411
20.7411
20.7411
20.7411
20.7411
20.7411
20.7411
20.8975
20.8975
20.8389
20.8389
20.8389
20.8389
20.8389
20.8389
20.7468
20.7468
20.7468
20.7468
20.7468
20.7468
20.7468
20.7468
20.7468
20.8389
20.7243
20.7243
20.7243
20.6279
20.6279
20.6279
20.4843
20.4843
20.6279
20.6279
20.6279
20.5022
20.5022
20.5022
20.5022
20.5022
20.4909
20.4909
20.4909
20.4628
20.4628
20.4628
20.4628
20.4628
20.4628
20.4628
20.4628
20.4628
20.4628
20.4628
20.5579
20.5579
20.5579
20.5579
20.5579
20.5579
20.6794
20.6794
20.6794
20.7816
20.7816
20.7816
20.7816
20.564
20.564
20.564
20.564
20.564
20.564
20.564
20.564
20.6467
20.6467
20.6467
20.6467
20.6467
20.6467
20.6467
20.6467
20.6876
20.7352
20.7352
20.6851
20.8176
20.8176
20.8176
20.8359
20.8359
20.8359
20.8359
20.8359
20.8359
20.8529
20.8529
20.8763
20.8763
20.8763
20.8763
20.8763
20.8763
20.8788
20.7491
20.8587
20.5545
20.8426
20.8426
20.8426
20.6761
20.6761
20.6761
20.6761
20.6761
20.6761
20.6761
20.6761
20.6761
20.6761
20.6761
20.6761
20.6761
20.6761
20.6761
20.6761
20.6761
20.8245
20.8245
20.8245
20.7211
20.7211
20.7211
20.7211
20.7127
20.7127
20.7127
20.7127
20.7127
20.7127
20.7127
20.7127
20.7127
20.7127
20.7127
20.7127
20.7127
20.7127
20.7918
20.7918
20.7918
20.7918
20.7918
20.7096
20.7096
20.7096
20.5917
20.5917
20.6252
20.6252
20.6252
20.6252
20.7435
20.7435
20.7435
20.7081
20.7081
20.7081
20.7081
20.7081
20.7081
20.7737
20.7737
20.7737
20.7737
20.7737
20.7737
20.7683
20.7683
20.7683
20.7683
20.7683
20.7683
20.6598
20.7155
20.7155
20.7155
20.7155
20.7155
20.7155
20.7155
20.7155
20.7155
20.7683
20.7683
20.7683
20.7683
20.6465
20.6465
20.6465
20.6465
20.6465
20.6465
20.6465
20.6465
20.6465
20.6465
20.6465
20.6465
20.6465
20.6465
20.6465
20.6465
20.6465
20.6465
20.6465
20.6465
20.6465
20.6465
20.6465
20.6465
20.8961
20.8961
20.8961
20.8961
20.8961
20.8961
20.8731
20.9491
20.9491
20.9491
20.9491
20.9491
20.9491
20.9491
21.0171
21.0171
21.0171
21.0171
21.0171
21.0171
21.0171
21.0171
21.0171
21.0171
21.0171
21.0171
21.0171
21.0171
21.0171
20.9992
20.9992
20.9992
20.9992
20.9992
20.8504
20.8504
20.8504
20.9501
20.9501
20.9501
20.8497
20.9501
20.9501
20.9501
20.9203
20.9203
20.9134
20.9134
20.5204
20.5764
20.5764
20.5764
20.5764
20.5764
20.5764
20.5764
20.5764
20.5764
20.5764
20.5764
20.5764
20.5764
20.5764
20.5764
20.5764
20.5764
20.5764
20.5764
20.5764
20.5764
20.5764
20.5764
20.576
20.6922
20.6922
20.6922
20.6922
20.7637
20.6658
20.6658
20.6658
20.6705
20.4506
20.4506
20.6467
20.6467
20.6467
20.6467
20.6467
20.6467
20.6467
20.6467
20.6467
20.6467
20.6467
20.6467
20.6015
20.6015
20.6015
20.6015
20.6015
20.61
20.61
20.61
20.61
20.61
20.61
20.61
20.61
20.61
20.4039
20.4039
20.4039
20.4039
20.4039
20.4039
20.301
20.301
20.2828
20.2828
20.2828
20.2828
20.2828
20.2828
20.2828
20.2828
20.2828
20.2828
20.2828
20.2828
20.5498
20.2589
20.2589
20.2589
20.2589
20.2589
20.2589
20.2589
20.087
20.087
20.087
20.3992
20.3992
20.5544
20.5544
20.4012
20.4012
20.4012
20.5095
20.5095
20.5095
20.5095
20.5544
20.5312
20.5312
20.5312
20.5544
20.5544
20.5544
20.5544
20.5544
20.5544
20.5544
20.5544
20.5544
20.5544
20.5544
20.5544
20.5544
20.5544
20.5544
20.8037
20.8037
20.8037
20.8037
20.6533
20.6533
20.6533
20.6533
20.7524
20.6368
20.6368
20.6368
20.6368
20.6368
20.6368
20.6368
20.5205
20.5205
20.5205
20.5205
20.5205
20.3119
20.3119
20.3119
20.3119
20.3119
20.3119
20.3119
20.3119
20.3119
20.5211
20.5211
20.5211
20.5211
20.5211
20.5211
20.5211
20.5211
20.6455
20.6455
20.6455
20.6455
20.6455
20.6455
20.6455
20.3998
20.3998
20.3998
20.3998
20.3998
20.4418
20.4418
20.4418
20.4418
20.4418
20.4418
20.4418
20.4889
20.4889
20.4889
20.4889
20.4889
20.4889
20.4889
20.4889
20.4889
20.4889
20.4889
20.4889
20.4889
20.4889
20.4864
20.4864
20.4864
20.4864
20.4864
20.4864
20.4864
20.4864
20.4889
20.4889
20.4889
20.2969
20.2969
20.2969
20.2969
20.2969
20.2969
20.429
20.429
20.4283
20.4283
20.4283
20.4283
20.4283
20.4283
20.4283
20.4283
20.4283
20.4283
20.4283
20.4283
20.4283
20.6047
20.5593
20.5593
20.6047
20.7151
20.7151
20.7151
20.7151
20.7151
20.7151
20.7151
20.7151
20.7151
20.7387
20.7387
20.7387
20.7387
20.7387
20.7387
20.7646
20.7646
20.7646
20.7943
20.7943
20.8609
20.8244
20.8244
20.8244
20.8244
20.8244
20.8609
20.8609
20.8763
20.9058
20.9058
20.9058
20.6668
20.6668
20.6668
20.9265
20.8675
20.8675
20.765
20.8696
20.8239
20.8239
20.8239
20.8239
20.8239
20.8239
20.8087
20.8087
20.8087
20.8087
20.8087
20.8087
20.7751
20.7751
20.7751
20.7751
20.7751
20.7751
20.7751
20.7751
20.7751
20.7751
20.7751
20.7972
20.7972
20.7972
20.7972
20.7972
20.7048
20.7284
20.7284
20.7284
20.7882
20.7882
20.7882
20.7882
20.7882
20.7882
20.7628
20.7972
20.7972
20.7972
20.7972
20.7972
20.7972
20.7972
20.6949
20.4131
20.4131
20.4131
20.4131
20.4131
20.4131
20.4131
20.4131
20.4131
20.4131
20.4131
20.4131
20.4131
20.5511
20.5511
20.4181
20.4181
20.4181
20.4181
20.4181
20.4181
20.4181
20.4181
20.4181
20.4181
20.4181
20.2913
20.1237
20.1237
20.1237
20.1237
20.1237
20.093
20.093
20.093
20.093
20.093
20.093
20.093
20.093
20.093
20.093
20.093
20.093
20.093
20.093
20.093
20.093
20.093
20.093
20.093
20.426
20.426
20.3336
20.3336
20.3336
20.3336
20.3336
20.3336
20.3336
20.3336
20.3336
20.3336
20.2239
20.2239
20.2239
20.2239
20.2239
20.2239
20.2239
20.2239
20.2239
20.2239
20.2239
20.2239
20.2239
20.2239
20.2239
20.2239
20.2239
20.2239
20.2239
20.2239
20.2239
20.2239
20.2239
20.2239
20.2239
20.2239
20.2239
20.2239
20.2239
20.2239
20.2239
20.2239
20.2239
20.2239
20.2239
20.2239
20.2239
20.2239
20.2239
20.2239
20.2239
20.2239
20.2239
20.2239
20.2239
20.2239
20.2239
20.2239
20.2239
20.4151
20.4151
20.4151
20.4151
20.4151
20.2722
20.2722
20.176
20.176
20.176
20.176
20.176
20.2955
20.2955
20.2955
19.9753
20.1451
20.1451
20.1451
20.2906
20.2906
20.2906
20.2906
20.2906
20.2689
20.2689
20.2689
20.2689
20.3548
20.1367
20.1593
20.1593
20.1593
20.1593
20.233
20.233
20.233
20.1381
20.1381
20.1381
20.1381
20.1381
20.1381
20.1381
20.1381
20.1381
20.1428
20.1428
20.2982
20.2982
20.2982
20.2982
20.2982
20.2982
20.2982
20.4287
20.4287
20.2973
20.2973
20.2973
20.2973
20.2973
20.2973
20.2973
20.2973
20.2973
20.2973
20.2973
20.2973
20.2973
20.2973
20.2973
20.2973
20.4661
20.1557
20.1557
20.1557
20.1557
20.1557
20.1557
20.1557
20.1557
20.1557
20.1557
20.1557
20.2963
20.2963
20.2963
20.2963
20.2963
20.1404
20.1404
20.1404
20.1404
20.1404
20.1404
20.1404
20.3196
20.2824
20.2824
20.2824
20.305
20.3522
20.3522
20.3522
20.3522
20.3522
20.3522
20.3522
20.3522
20.3522
20.3522
20.3522
20.4467
20.4117
20.4117
20.4117
20.4117
20.4117
20.4117
20.4117
20.4117
20.3086
20.3086
20.2458
20.2458
20.2458
20.2458
19.9377
19.9377
19.9377
20.0083
20.0083
20.0083
20.0083
20.0083
20.0083
20.0083
20.0083
20.0083
20.0083
20.0083
20.0083
20.0083
20.0083
20.3038
20.3038
20.3038
20.3038
20.3038
20.1524
20.2821
20.2821
20.3038
20.3038
20.3038
20.3038
20.3038
20.3038
20.3038
20.3038
20.3038
20.318
20.318
20.318
20.318
20.318
20.318
20.318
20.318
20.318
20.318
20.318
20.183
20.3844
20.3844
20.3844
20.3844
20.3844
20.3844
20.3844
20.3844
20.052
20.052
20.052
20.052
20.052
20.052
19.9355
19.9355
19.9355
19.9355
19.9355
19.9355
19.5314
19.5649
19.5649
19.5649
19.5265
19.5265
19.2451
19.5393
19.5393
19.5393
19.481
19.481
19.2719
19.2719
19.2719
19.2719
19.2719
19.481
19.7551
19.7551
19.7551
19.7551
19.7551
19.7551
19.7551
19.7551
19.7551
19.7551
19.7551
19.7551
19.7551
19.7551
19.7551
19.7551
19.7551
19.7551
19.7551
19.7551
19.7551
19.7551
19.7551
19.7551
19.7551
19.7551
19.7551
19.7551
19.7551
19.7551
19.7551
20.0854
20.0899
20.0899
20.0899
20.0899
20.0899
19.9947
20.1179
20.1179
20.1179
20.1179
20.1359
20.1359
20.0791
20.0791
20.0791
20.0791
20.1359
20.1359
20.1359
20.1359
20.1359
20.1359
20.1359
20.1359
20.1359
19.9917
19.9917
19.9917
19.9917
20.2733
20.2733
20.2733
20.2733
20.2733
20.2733
20.3114
20.3114
20.3114
20.3114
20.3114
20.3114
20.3114
20.3114
20.3114
20.3051
20.3051
20.1891
20.385
20.3441
20.3441
20.3441
20.3441
20.3441
20.051
20.051
20.051
20.051
20.051
20.092
20.092
19.8982
19.3875
19.3875
19.3875
19.3875
19.9625
19.9625
19.9625
19.9625
19.9625
19.9625
19.9625
19.9625
19.9625
19.9625
19.9625
19.9625
19.9625
19.9625
20.3148
20.2868
20.2868
20.2868
20.2868
20.2868
20.2868
20.2868
20.2868
20.2868
20.4387
20.4387
20.4387
20.4387
20.4387
20.4387
20.4479
20.4365
20.4365
20.4365
20.3973
20.3973
20.3973
20.3973
20.2968
20.2968
20.2968
20.2968
20.2282
20.2282
20.2282
20.2282
20.2611
20.2611
20.2611
20.3279
20.3279
20.3279
20.3279
20.3279
20.1341
20.1341
20.202
20.202
20.202
20.2652
20.2652
19.8898
19.8898
19.8898
19.8898
20.1253
20.1253
20.1253
20.1253
20.1253
20.1253
20.2781
20.2781
20.2781
20.2781
19.9557
19.9557
19.9557
20.2421
20.3075
20.2319
20.2319
20.1116
20.1116
20.1116
20.1116
20.1116
20.3283
20.3283
20.3283
20.3283
20.321
20.2915
20.2915
20.2915
20.2915
20.2915
20.2915
20.2915
20.0949
20.0949
20.0949
20.0949
20.0949
20.0949
20.1785
20.1785
20.1785
20.1785
20.3783
20.3427
20.3427
20.3427
20.3427
20.1064
20.2392
20.2392
20.2392
20.1696
20.1696
20.1696
20.1696
20.1696
20.1696
20.1696
20.1696
20.1696
20.1696
20.1696
20.1696
20.1696
20.1696
20.1696
20.1696
20.1696
20.1696
20.1696
20.1696
20.1696
20.1696
20.3907
20.3907
20.4601
20.4107
20.4107
20.4107
20.4107
20.4107
20.4601
20.4601
20.4601
20.4601
20.4601
20.4601
20.4601
20.5961
20.5961
20.6136
20.6136
20.5551
20.5551
20.5551
20.536
20.536
20.5491
20.5491
20.5491
20.4172
20.3418
20.3418
20.3418
20.4172
20.4172
20.4172
20.4172
20.4172
20.4172
20.4172
20.4172
20.4763
20.4763
20.4763
20.4763
20.4763
20.4763
20.4763
20.4763
20.4763
20.2246
20.2246
20.2246
20.2246
20.2246
20.2246
20.2246
20.2246
20.2246
20.2246
20.2246
20.2246
20.2246
20.2246
20.2246
20.2246
20.2246
20.5792
20.5792
20.5521
20.5521
20.5521
20.5553
20.5553
20.5553
20.5553
20.5177
20.5003
20.5003
20.4161
20.4161
20.4161
20.2496
20.2496
20.2496
20.2496
20.2496
20.2496
20.2496
20.2496
20.2496
20.1786
20.1786
20.1786
20.1786
20.1786
20.0375
20.0375
20.0375
20.0375
20.0375
20.0375
20.0375
20.0375
20.2459
20.2459
20.2459
20.2459
20.2459
20.2459
20.2551
20.2551
20.2551
20.196
20.196
20.196
20.196
20.2819
20.2819
20.2819
20.2819
20.2819
20.3993
20.3993
20.3993
20.3993
20.3993
20.3993
20.3993
20.3993
20.418
20.418
20.418
20.418
20.418
20.418
20.3366
20.3366
20.3366
20.3366
20.3366
20.3366
20.3366
20.3366
20.3366
20.3366
20.3366
20.3366
20.434
20.434
20.434
20.434
20.434
20.434
20.3504
20.3504
20.3504
20.3504
20.2901
20.4709
20.4709
20.4709
20.486
20.4701
20.5451
20.5451
20.5451
20.5451
20.5451
20.5451
20.5451
20.5451
20.5451
20.4231
20.6731
20.6731
20.6731
20.6731
20.6731
20.6731
20.6731
20.4604
20.4604
20.4604
20.4604
20.4604
20.4604
20.4604
20.4604
20.4604
20.4604
20.4604
20.4604
20.6865
20.6865
20.6865
20.6865
20.6865
20.6865
20.6865
20.6865
20.6865
20.695
20.6009
20.6009
20.6009
20.6009
20.6009
20.4449
20.4449
20.4449
20.4449
20.4449
20.4449
20.4449
20.4449
20.4449
20.4449
20.4449
20.4449
20.4449
20.4449
20.2928
20.2928
20.2928
20.2928
20.2928
20.2928
20.2928
20.2928
20.2928
20.2928
20.2928
20.2928
20.2928
20.2503
20.2503
20.2503
20.2503
20.1982
20.1982
20.1982
20.1982
20.1982
20.1982
20.1982
20.1982
20.1982
20.1982
20.1982
20.1982
20.1982
20.1982
20.5338
20.5338
20.5338
20.5338
20.5338
20.5338
20.5338
20.5431
20.5431
20.5431
20.5431
20.5431
20.5431
20.5431
20.5431
20.5431
20.5431
20.5431
20.5431
20.5431
20.5431
20.6189
20.4643
20.4643
20.4643
20.4643
20.4643
20.4643
20.4643
20.4643
20.4643
20.4643
20.4643
20.4643
20.4643
20.4643
20.4627
20.4627
20.4627
20.4627
20.4627
20.0396
20.0396
20.0396
20.0396
20.0396
20.0396
20.0396
20.0396
20.0396
20.0396
20.0396
20.0396
20.0953
20.0953
20.0953
20.0953
20.0953
20.0953
20.0953
20.0953
20.0953
20.0953
20.0953
20.0953
20.2054
19.9965
19.9965
19.9965
19.9965
19.9965
19.9965
19.9965
19.9965
19.9965
19.9965
19.9965
19.9965
19.9965
19.9965
19.9965
19.9965
19.9965
19.9965
19.9965
19.9965
19.9965
19.9965
20.1771
20.1771
20.2477
20.2477
20.2477
20.2338
20.2338
20.2338
20.2338
20.2338
20.2338
19.7934
19.7934
19.7934
19.7934
20.0737
20.0737
20.0737
20.0737
20.0737
19.9612
20.0814
20.0814
20.0814
20.0814
20.2338
20.2338
19.9018
19.9018
19.9018
19.9018
19.9018
19.9018
19.9018
19.9018
19.9018
19.9018
19.9018
19.9018
20.2359
20.2359
20.2359
19.8293
19.8293
19.8293
19.8293
19.8293
19.8293
19.8293
20.2359
20.2359
20.2359
20.2359
20.2359
20.2496
20.2496
20.2496
20.2496
20.2496
20.2496
20.2496
20.2496
20.2773
20.2773
20.2773
20.2773
20.2773
20.4176
20.4511
20.4511
20.4277
20.4277
20.4277
20.4511
20.4511
20.446
20.446
20.446
20.446
20.446
19.9819
19.9819
20.3661
20.3661
20.3661
20.3661
20.3661
20.3661
20.3661
20.2831
20.0467
20.0467
20.0467
20.0467
20.0467
20.0467
20.0467
20.0467
20.2559
20.2559
20.2559
20.2559
20.2559
20.2559
20.2559
20.2559
20.2559
20.2559
20.2559
20.2559
20.2559
20.4241
20.4241
20.334
20.334
20.334
20.3748
20.3748
20.3748
20.3748
20.3748
20.3748
20.3748
20.3748
20.3748
20.3748
20.3748
20.3748
20.3748
20.3748
20.3748
20.3748
20.3748
20.4349
20.4349
20.4349
20.4349
20.4349
20.4349
20.4349
20.4349
20.4475
20.4475


-8.55926
0.113003
-20.0096
-6.11519
-6.11519
9.99931
-6.32519
9.99931
9.99931
12.0454
-10.0573
12.0454
12.0454
-0.501015
0.0250008
-0.501015
-15.3955
15.6695
6.14319
7.45323
6.14319
10.2653
-15.6875
6.14319
-14.1474
-0.783024
-0.783024
-0.783024
-18.4736
-27.0538

0.03

