571.46
571.46
571.46
571.46
571.46
571.46
571.46
571.46
571.46
571.46
571.46
571.46
571.46
571.46
571.46
571.46
532.533
469.421
469.421
469.421
469.421
469.421
469.421
469.421
469.421
469.421
443.993
443.993
443.993
443.993
327.375
327.375
327.375
327.375
327.375
327.375
327.375
327.375
327.375
327.375
327.375
327.375
327.375
327.375
327.375
327.375
327.375
327.375
327.375
327.375
327.375
327.375
327.375
327.375
327.375
327.375
327.375
327.375
327.375
327.375
327.375
327.375
327.375
316.126
316.126
316.126
316.126
316.126
316.126
316.126
316.126
316.126
316.126
316.126
316.126
316.126
316.126
316.126
316.126
316.126
316.126
316.126
256.504
256.504
256.504
256.504
229.307
229.307
229.307
229.307
229.307
229.307
229.307
229.307
229.307
229.307
229.307
229.307
229.307
229.307
229.307
229.307
229.307
229.307
229.307
176.518
176.518
176.518
176.518
176.518
176.518
176.518
176.518
176.518
176.518
176.518
176.518
176.518
176.518
176.518
176.518
176.518
176.518
176.518
176.518
176.518
176.518
176.518
176.518
176.518
176.518
176.518
176.518
176.518
176.518
176.518
176.518
176.518
176.518
176.518
176.518
176.518
176.518
176.518
176.518
176.518
176.518
176.518
176.518
176.518
176.518
176.518
176.518
176.518
160.173
160.173
146.192
146.192
146.192
146.192
146.192
146.192
146.192
146.192
146.192
146.192
146.192
146.192
146.192
146.192
146.192
146.192
146.192
146.192
139.924
139.924
139.924
135.016
135.016
135.016
135.016
135.016
135.016
135.016
135.016
135.016
135.016
127.451
127.451
127.451
127.451
127.451
124.967
124.967
124.967
124.967
124.967
124.967
124.967
124.967
124.967
124.967
124.967
120.543
120.543
120.543
120.543
119.898
119.898
103.173
103.173
103.173
103.173
103.173
103.173
103.173
99.6069
99.6069
99.6069
99.6069
99.6069
99.6069
99.6069
99.6069
99.6069
96.9657
96.9657
92.7666
92.7666
92.7666
92.7666
92.7666
92.7666
92.7666
92.7666
92.7666
92.7666
92.7666
92.7666
92.7666
92.7666
92.7666
92.7666
92.7666
92.7666
92.7666
92.7666
92.7666
92.7666
92.7666
92.7666
90.5796
90.5796
90.5796
90.5796
74.6418
74.6418
74.6418
74.6418
74.6418
74.6418
74.6418
74.6418
68.9835
68.9835
68.9835
68.9835
68.9835
68.9835
68.9835
68.9835
68.9835
68.9835
68.9835
68.9835
68.9835
68.9835
66.5295
66.5295
66.5295
66.5295
66.5295
66.5295
66.5295
66.5295
66.5295
66.5295
66.5295
66.5295
66.5295
66.2363
66.2363
66.2363
66.2363
66.2363
66.2363
65.6751
65.6751
65.5517
65.5517
65.5517
65.5517
65.5517
65.5517
65.5517
65.5517
65.5517
65.5517
65.5517
65.5517
58.7798
58.7798
58.7798
58.7798
58.7798
57.0988
53.9458
53.9458
53.9458
53.9458
53.9458
53.9458
53.9458
53.9458
53.9458
53.9458
53.9458
53.9458
53.9458
53.9458
53.9458
53.9458
53.9458
53.9458
53.9458
53.9458
53.9458
53.9458
53.9458
53.9458
53.9458
53.9458
53.9458
53.9458
53.9458
53.9458
53.9458
53.9458
53.9458
53.9458
53.9458
53.9458
53.9458
53.9458
53.9458
53.9458
53.9458
53.9458
53.9458
53.9458
53.9458
53.9458
47.1377
47.1377
41.9594
41.9594
41.9594
41.9594
41.9594
41.9594
41.9594
41.9594
41.9594
41.9594
41.9594
41.9594
41.9594
37.2138
37.2138
37.2138
37.2138
37.2138
37.2138
37.2138
37.2138
37.2138
37.2138
37.2138
34.8443
34.8443
34.8443
34.8443
34.8443
34.8443
34.8443
34.8443
34.8443
34.8443
34.8443
34.8443
34.8443
34.8443
34.8443
34.8443
34.8443
34.8443
34.8443
34.8443
34.8443
34.8443
34.8443
34.8443
34.8443
34.8443
34.8443
34.8443
34.8443
34.2635
34.2635
34.2635
34.2635
34.2635
34.2635
34.2635
34.2635
34.2635
34.2635
34.2635
34.2635
34.2635
34.2635
34.2635
34.2635
34.2635
34.2635
34.2635
33.5975
33.5975
33.5975
33.5975
33.5975
33.5975
33.5975
33.5975
33.5975
33.5975
33.5975
33.5975
30.9247
30.4849
30.4849
30.4849
30.4849
30.4849
30.4849
30.4849
30.4849
30.4849
30.4849
30.4849
30.4849
30.4849
30.4849
30.4849
29.6311
29.6311
29.6311
28.6691
28.6691
28.6691
28.6691
28.6691
28.6691
28.3394
28.3394
28.3394
28.3394
28.3394
28.3394
28.3394
28.3394
28.3394
28.3394
26.871
26.871
26.871
26.871
26.871
26.871
26.871
26.871
26.871
26.0741
24.0948
24.0948
24.0948
24.0948
24.0948
24.0948
24.0948
24.0948
24.0948
24.0948
24.0948
24.0948
24.0948
24.0948
24.0948
24.0948
24.0948
24.0948
24.0948
24.0948
24.0948
24.0948
22.8247
22.8247
22.8247
22.8247
22.8247
22.8247
22.8247
22.8247
22.8247
22.8247
22.8247
22.8247
22.8247
22.8247
22.8247
22.2382
22.2382
22.2382
16.9194
16.9194
16.9194
16.9194
16.9194
16.9194
16.9194
16.9194
16.9194
16.9194
16.9194
16.9194
16.9194
16.9194
16.9194
16.9194
16.9194
16.9194
16.9194
16.9194
16.9194
16.9194
16.9194
16.9194
16.9194
16.9194
16.9194
16.9194
16.9194
16.9194
16.9194
16.9194
16.9194
16.9194
16.9194
16.2426
16.2426
16.2426
16.2426
16.2426
16.2426
16.2426
16.2426
16.2426
16.2426
16.2426
16.2426
16.2426
16.2426
16.144
16.144
16.144
16.144
16.144
16.144
15.6803
15.6803
15.3311
15.3311
15.3311
15.3311
15.3311
15.3311
15.3311
15.3311
15.3311
15.3311
15.3311
15.3311
15.3311
15.3311
15.3311
15.3311
15.3311
15.3311
15.3311
15.3311
15.3311
14.5172
14.5172
14.5172
14.5172
14.5172
14.5172
14.5172
12.882
12.882
11.7866
11.7866
11.7866
11.7866
11.7866
11.7866
11.7866
11.7866
11.7866
11.7866
11.7866
11.7866
11.7866
11.7866
11.7866
11.7866
11.7866
11.7866
11.7866
11.7866
11.7866
11.7866
11.7866
11.7866
11.7866
11.7866
11.7866
11.7866
11.7866
11.7866
11.7866
11.7214
11.7214
11.7214
10.988
10.988
10.988
10.292
10.292
10.292
10.292
9.84775
9.84775
9.84775
9.84775
9.84775
9.84775
9.84775
9.84775
9.84775
9.84775
9.84775
9.84775
9.84775
9.84775
9.84775
9.84775
9.84775
9.84775
9.84775
9.84775
9.84775
9.84775
9.84775
9.84775
9.84775
9.84775
9.84775
9.84775
9.84775
9.84775
9.84775
9.84775
9.84775
9.84775
9.84775
9.84775
9.84775
9.84775
9.84775
9.84775
9.84775
9.84775
9.84775
9.84775
9.84775
9.84775
9.84775
9.84775
9.84775
9.84775
9.84775
9.84775
9.84775
9.84775
9.84775
9.84775
9.84775
9.84775
9.84775
9.84775
9.59568
8.27966
8.27966
8.27966
8.27966
8.27966
8.27966
8.27966
8.27966
8.27966
8.27966
8.27966
8.27966
8.27966
8.27966
8.27966
8.27966
8.27966
8.27966
8.27966
8.27966
8.27966
8.27966
8.27966
8.27966
8.27966
8.27966
8.27966
8.27966
8.27966
8.27966
8.27966
8.27966
8.27966
8.27966
8.27966
8.27966
8.27966
8.27966
8.27966
8.27966
8.27966
8.27966
8.21846
8.21846
8.21846
8.21846
8.21846
8.21846
8.21541
8.21541
8.00063
8.00063
8.00063
8.00063
8.00063
8.00063
8.00063
8.00063
8.00063
8.00063
8.00063
8.00063
8.00063
8.00063
8.00063
8.00063
8.00063
8.00063
8.00063
8.00063
8.00063
8.00063
8.00063
8.00063
8.00063
7.15236
7.15236
7.15236
7.15236
7.15236
7.15236
7.15236
7.15236
7.15236
7.15236
7.15236
7.15236
7.15236
7.15236
7.15236
7.15236
7.15236
7.15236
7.15236
7.15236
6.60621
6.60621
6.60621
6.60621
6.60621
6.60621
6.60621
6.60621
6.60621
6.60621
6.60621
6.60621
6.60621
6.60621
6.60621
6.60621
6.60621
6.60621
6.60621
6.60621
6.60621
6.60621
6.60621
6.60621
6.60621
6.60621
6.60621
6.60621
6.60621
6.60621
6.60621
6.60621
6.60621
6.60621
6.60621
6.60621
6.60621
6.60621
6.60621
6.60621
6.60621
6.39079
6.39079
6.39079
6.39079
6.13239
5.99342
5.99342
5.99342
5.99342
5.99342
5.99342
5.79234
5.79234
5.79234
5.79234
5.79234
5.79234
5.79234
5.79234
5.79234
5.79234
5.79234
5.79234
5.79234
5.79234
5.79234
5.79234
5.79234
5.79234
5.79234
5.79234
5.79234
5.79234
5.79234
5.79234
5.79234
5.79234
5.79234
5.79234
5.79234
5.79234
5.79234
5.79234
5.79234
5.79234
5.79234
5.79234
5.79234
5.79234
5.79234
5.79234
5.79234
5.79234
5.79234
5.79234
5.79234
5.79234
5.67608
5.67608
5.67608
5.67608
5.67608
5.4441
5.4441
5.4441
5.4441
5.4441
5.4441
5.4441
5.4441
5.4441
5.4441
5.4441
5.21977
5.21977
5.21977
5.21977
5.21977
5.21977
5.21977
5.21977
5.21977
5.21977
5.21977
5.21977
5.21977
5.21977
5.21977
5.21977
5.21977
5.21977
5.21977
5.21977
5.21977
5.21977
5.21977
5.21977
5.21977
5.21977
5.21977
5.21977
5.21977
5.21977
5.21977
5.21977
5.21977
5.21977
5.21977
5.21977
5.21977
5.21977
5.21977
5.21977
5.21977
5.21977
5.21977
5.21977
5.21977
5.21977
5.21977
5.21977
5.21977
5.21977
5.21977
5.21977
5.21977
5.21977
5.21977
5.21977
5.21977
5.21977
5.21977
5.21977
5.21977
5.21977
5.21977
5.21977
5.21977
5.21977
5.21977
5.21977
5.21977
5.21977
5.21977
5.21977
5.21977
5.21977
5.21977
5.21977
5.21977
5.21977
5.21977
5.21977
5.21977
5.21977
5.21977
5.21977
5.21977
5.18721
5.18721
5.18721
5.18721
5.18721
5.18721
5.18721
5.18721
5.18721
5.18721
5.18721
5.18721
5.18721
5.18721
5.18721
5.18721
5.18721
5.18721
5.18721
5.18721
5.18721
5.18721
5.18721
5.09737
5.09737
5.09737
5.09737
5.09737
5.09737
5.09737
5.09737
5.09737
5.09737
5.09737
5.09737
5.09737
5.09737
5.09737
5.01568
5.01568
5.01568
5.01568
5.01568
5.01568
5.01568
5.01568
5.01568
5.01568
5.01568
5.01568
5.01568
5.01568
5.01568
5.01568
5.01568
5.01568
5.01568
5.01568
5.01568
5.01568
5.01568
5.01568
5.01568
4.9424
4.9424
4.9424
4.9424
4.9424
4.9424
4.9424
4.9424
4.9424
4.9424
4.9424
4.9424
4.9424
4.9424
4.9424
4.9424
4.9424
4.9424
4.9424
4.9424
4.9424
4.9424
4.9424
4.9424
4.9424
4.9424
4.9424
4.9424
4.9424
4.89776
4.89776
4.89776
4.89776
4.89776
4.89776
4.89776
4.89776
4.89776
4.89776
4.89776
4.89776
4.89776
4.89776
4.8652
4.8652
4.8652
4.7428
4.7428
4.7428
4.7428
4.7428
4.7428
4.7428
4.7428
4.7428
4.7428
4.68551
4.68551
4.68551
4.68551
4.68551
4.68551
4.68551
4.68551
4.68551
4.68551
4.68551
4.68551
4.68551
4.68551
4.68551
4.68551
4.68551
4.68551
4.68551
4.68551
4.68551
4.68551
4.68551
4.68551
4.68551
4.68551
4.68551
4.68551
4.68551
4.68551
4.68551
4.68551
4.68551
4.68551
4.68551
4.68551
4.68551
4.68551
4.68551
4.68551
4.68551
4.68551
4.68551
4.68551
4.68551
4.68551
4.68551
4.68551
4.68551
4.68551
4.68551
4.68551
4.68551
4.68551
4.68551
4.68551
4.68551
4.68551
4.68551
4.68551
4.68551
4.68551
4.68159
4.68159
4.68159
4.68159
4.68159
4.68159
4.68159
4.68159
4.68159
4.68159
4.68159
4.68159
4.68159
4.68159
4.68159
4.68159
4.68159
4.68159
4.68159
4.68159
4.68159
4.68159
4.68159
4.68159
4.68159
4.68159
4.68159
4.68159
4.68159
4.68159
4.68159
4.68159
4.68159
4.68159
4.68159
4.68159
4.68159
4.68159
4.68159
4.68159
4.68159
4.68159
4.68159
4.68159
4.68159
4.68159
4.68159
4.68159
4.68159
4.68159
4.68159
4.68159
4.68159
4.68159
4.68159
4.68159
4.62039
4.62039
4.62039
4.62039
4.62039
4.62039
4.62039
4.62039
4.62039
4.62039
4.62039
4.62039
4.40889
4.40889
4.40889
4.40889
4.33112
4.33112
4.33112
4.33112
4.33112
4.33112
4.33112
4.33112
4.33112
4.33112
4.33112
4.33112
4.33112
4.33112
4.33112
4.33112
4.33112
4.33112
4.33112
4.33112
4.33112
4.33112
4.33112
4.33112
4.33112
4.33112
4.33112
4.33112
4.33112
4.33112
4.33112
4.33112
4.33112
4.33112
4.33112
4.33112
4.33112
4.33112
4.33112
4.33112
4.33112
4.33112
4.33112
4.33112
4.33112
4.33112
4.33112
4.33112
4.33112
4.33112
4.33112
4.33112
4.33112
4.33112
4.33112
4.31513
4.31513
4.31513
4.31513
4.31513
4.31513
4.31513
4.31513
4.31513
4.31513
4.31513
4.10363
4.10363
4.10363
4.10363
4.10363
4.10363
4.10363
4.10363
4.10363
4.10363
4.10363
4.10363
4.10363
4.10363
4.10363
4.10363
4.10363
4.10363
4.10363
4.10363
4.10363
4.10363
4.10363
4.10363
4.10363
4.10363
4.10363
4.10363
4.10363
4.10363
4.10363
4.10363
4.10363
4.10363
4.10363
4.10363
4.10363
4.10363
4.10363
4.10363
4.10363
4.10363
4.10363
4.10363
4.10363
4.10363
4.10363
4.10363
4.10363
4.10363
4.10363
4.10363
4.10363
4.10363
4.10363
4.10363
4.10363
4.10363
4.10363
4.10363
4.10363
4.10363
4.10288
4.10288
4.10288
4.10288
4.10288
4.10288
4.10288
3.73641
3.73641
3.73641
3.73641
3.73641
3.73641
3.73641
3.73641
3.73641
3.73641
3.73641
3.73641
3.73641
3.73641
3.73641
3.73641
3.73641
3.73641
3.73641
3.73641
3.73641
3.73641
3.73641
3.73641
3.73641
3.73641
3.73641
3.73641
3.73641
3.73641
3.73641
3.73641
3.73641
3.73641
3.73641
3.73641
3.73641
3.73641
3.55281
3.55281
3.55281
3.55281
3.55281
3.55281
3.55281
3.55281
3.55281
3.55281
3.55281
3.55281
3.55281
3.55281
3.55281
3.55281
3.55281
3.55281
3.55281
3.55281
3.55281
3.55281
3.55281
3.55281
3.55281
3.55281
3.55281
3.55281
3.55281
3.55281
3.55281
3.55281
3.55281
3.55281
3.55281
3.55281
3.55281
3.55281
3.55281
3.55281
3.55281
3.55281
3.55281
3.55281
3.55281
3.55281
3.55281
3.55281
3.55281
3.55281
3.55281
3.55281
3.55281
3.55281
3.55281
3.55281
3.55281
3.55281
3.55281
3.55281
3.55281
3.55281
3.55281
3.55281
3.55281
3.55281
3.55281
3.55281
3.55281
3.55281
3.55281
3.55281
3.55281
3.55281
3.55281
3.55281
3.55281
3.55281
3.55281
3.55281
3.55281
3.55281
3.55281
3.55281
3.55281
3.55281
3.55281
3.55281
3.55281
3.55281
3.55281
3.55281
3.55281
3.55281
3.55281
3.55281
3.55281
3.55281
3.55281
3.55281
3.55281
3.55281
3.55281
3.55281
3.55281
3.55281
3.55281
3.55281
3.55281
3.55281
3.55281
3.55281
3.55281
3.55281
3.4916
3.4916
3.4916
3.4916
3.4916
3.4916
3.4916
3.4916
3.4916
3.4916
3.4916
3.4916
3.4916
3.4916
3.4916
3.4916
3.4916
3.4916
3.4916
3.4916
3.4916
3.4916
3.4916
3.4916
3.4916
3.4916
3.4916
3.4916
3.4916
3.4916
3.4916
3.4916
3.4916
3.4916
3.4916
3.4916
3.4916
3.4916
3.4916
3.4916
3.4916
3.4916
3.4916
3.4916
3.4916
3.4916
3.4916
3.4916
3.4916
3.4916
3.4916
3.4916
3.4916
3.4916
3.4916
3.4916
3.4916
3.4916
3.4916
3.4916
3.4916
3.4916
3.4916
3.4916
3.4916
3.4916
3.4916
3.4916
3.4916
3.4916
3.4916
3.4916
3.4916
3.4916
3.4916
3.4916
3.4916
3.4916
3.4916
3.4916
3.4916
3.4916
3.4916
3.4916
3.4916
3.4916
3.4916
3.4916
3.4916
3.4916
3.4916
3.4916
3.4916
3.4916
3.4916
3.4916
3.4916
3.4916
3.4916
3.4916
3.4916
3.4916
3.4916
3.4916
3.4916
3.4916
3.4916
3.4916
3.4916
3.4916
3.4916
3.4916
3.4916
3.4916
3.4916
3.4916
3.4916
3.4916
3.4916
3.4916
3.4916
3.4916
3.4916
3.4916
3.4916
3.4916
3.4916
3.4916
3.4916
3.4916
3.4916
3.4916
3.4916
3.4916
3.4916
3.4916
3.4916
3.4916
3.4916
3.4916
3.4916
3.4916
3.4916
3.4916
3.4916
3.4916
3.4916
3.4916
3.4916
3.4916
3.4916
3.4916
3.4916
3.4916
3.4916
3.4916
3.4916
3.4916
3.4916
3.4916
3.4916
3.4916
3.4916
3.4916
3.4916
3.4916
3.4916
3.4916
3.4916
3.4916
3.4916
3.4916
3.4916
3.4916
3.4916
3.4916
3.4916
3.4916
3.4916
3.4916
3.4916
3.4916
3.4916
3.4916
3.4916
3.4916
3.4916
3.4916
3.4916
3.4916
3.4916
3.4916
3.4916
3.4916
3.4916
3.4916
3.4916
3.4916
3.4916
3.4916
3.4916
3.4916
3.4916
3.4916
3.4916
3.4916
3.4916
3.4916
3.4916
3.4916
3.4916
3.4916
3.4916
3.4916
3.4916
3.4916
3.4916
3.4916
3.4916
3.4916
3.4916
3.4916
3.4916
3.4916
3.4916
3.4916
3.4916
3.4916
3.4916
3.4916
3.4916
3.4916
3.4916
3.4916
3.4916
3.4916
3.4916
3.4916
3.4916
3.4916
3.4916
3.4916
3.4916
3.4916
3.4916
3.4916
3.4916
3.4916
3.4916
3.4916
3.4916
3.4916
3.4916
3.4916
3.4916
3.4916
3.4916
3.4916
3.4916
3.4916
3.4916
3.4916
3.4916
3.4916
3.4916
3.4916
3.4916
3.4916
3.4916
3.4916
3.4916
3.4916
3.4916
3.4916
3.4916
3.4916
3.4916
3.4916
3.4916
3.4916
3.4916
3.4916
3.4916
3.4916
3.4916
3.4916
3.4916
3.4916
3.4916
3.4916
3.4916
3.4916
3.4916
3.4916
3.4916
3.4916
3.4916
3.4916
3.4916
3.4916
3.4916
3.4916
3.4916
3.4916
3.4916
3.4916
3.4916
3.4916
3.4916
3.4916
3.4916
3.4916
3.4916
3.4916
3.4916
3.4916
3.4916
3.4916
3.4916
3.4916
3.4916
3.4916
3.4916
3.4916
3.4916
3.4916
3.4916
3.4916
3.4916
3.4916
3.4916
3.4916
3.4916
3.4916
3.4916
3.4916
3.4916
3.4916
3.4916
3.4916
3.4916
3.4916
3.4916
3.4916
3.4916
3.4916
3.4916
3.4916
3.4916
3.4916
3.4916
3.4916
3.4916
3.4916
3.4916
3.4916
3.4916
3.4916
3.4916
3.4916
3.4916
3.4916
3.4916
3.4916
3.4916
3.4916
3.4916
3.4916
3.4916
3.4916
3.4916
3.4916
3.4916
3.4916
3.4916
3.4916
3.4916
3.4916
3.4916
3.4916
3.4916
3.4916
3.4916
3.4916
3.4916
3.4916
3.4916
3.4916
3.4916
3.4916
3.4916
3.4916
3.4916
3.4916
3.4916
3.4916
3.4916
3.4916
3.4916
3.4916
3.4916
3.4916
3.4916
3.4916
3.4916
3.4916
3.4916
3.4916
3.4916
3.4916
3.4916
3.4916
3.4916
3.4916
3.4916
3.4916
3.4916
3.4916
3.4916
3.4916
3.4916
3.4916
3.4916
3.4916
3.4916
3.4916
3.4916
3.4916
3.4916
3.4916
3.4916
3.4916
3.4916
3.4916
3.4916
3.4916
3.4916
3.4916
3.4916
3.4916
3.4916
3.4916
3.4916
3.4916


21.4057
-18.1097
-18.1097
-18.1097
-18.1097
-18.1097
-18.1097
-18.1097
-18.1097
-18.1097
-18.1097
-18.1097
-18.1097
-18.1097
-18.1097
-18.1097
-18.1097
-18.1097
-18.1097
-18.1097
-18.1097
-18.1097
-18.1097
-18.1097
-18.1097
-18.1097
-18.1097
-18.1097
-18.1097
-18.0364

0.026

