634.214
634.214
634.214
634.214
634.214
634.214
634.214
634.214
634.214
634.214
634.214
634.214
634.214
634.214
634.214
634.214
634.214
634.214
634.214
634.214
634.214
634.214
634.214
590.549
590.549
590.549
590.549
590.549
590.549
590.549
590.549
590.549
590.549
590.549
590.549
590.549
590.549
590.549
590.549
590.549
590.549
590.549
590.549
590.549
590.549
590.549
590.549
590.549
590.549
590.549
590.549
590.549
590.549
590.549
590.549
590.549
590.549
590.549
590.549
590.549
590.549
590.549
590.549
590.549
590.549
590.549
590.549
590.549
590.549
590.549
590.549
590.549
590.549
590.549
590.549
590.549
590.549
590.549
590.549
590.549
590.549
590.549
590.549
563.579
563.579
563.579
563.579
563.579
563.579
538.122
538.122
538.122
538.122
538.122
538.122
538.122
538.122
538.122
538.122
538.122
538.122
535.875
535.875
535.875
535.875
535.875
527.016
527.016
527.016
527.016
527.016
527.016
527.016
527.016
527.016
527.016
527.016
527.016
527.016
527.016
527.016
527.016
461.477
461.477
461.477
461.477
461.477
461.477
461.477
461.477
461.477
461.477
461.477
461.477
434.116
434.116
434.116
434.116
434.116
434.116
434.116
434.116
434.116
434.116
434.116
434.116
434.116
434.116
434.116
434.116
434.116
434.116
434.116
434.116
434.116
434.116
434.116
434.116
434.116
434.116
422.433
422.433
422.433
422.433
422.433
422.433
422.433
422.433
422.433
422.433
401.596
401.596
401.596
401.596
401.596
401.596
401.596
401.596
401.596
401.596
401.596
348.546
348.546
348.546
348.546
348.546
348.546
348.546
348.546
348.546
348.546
348.546
348.546
348.546
348.546
348.546
348.546
348.546
348.546
348.546
348.546
348.546
348.546
348.546
348.546
348.546
348.546
348.546
348.546
348.546
348.546
348.546
348.546
299.605
299.605
299.605
299.605
299.605
299.605
299.605
299.605
299.605
299.605
299.605
299.605
299.605
299.605
299.605
299.605
299.605
299.605
280.21
280.21
280.21
280.21
280.21
280.21
280.21
280.21
280.21
280.21
280.21
280.21
280.21
280.21
280.21
280.21
280.21
280.21
280.21
280.21
280.21
280.21
280.21
280.21
280.21
280.21
252.007
252.007
252.007
252.007
252.007
252.007
252.007
252.007
252.007
252.007
252.007
252.007
252.007
252.007
252.007
252.007
252.007
252.007
252.007
252.007
252.007
252.007
252.007
252.007
252.007
252.007
245.547
245.547
245.547
224.746
224.746
224.746
224.746
224.746
224.746
223.697
223.697
223.697
223.697
223.697
223.697
223.697
223.697
223.697
223.697
223.697
223.697
223.697
223.697
193.65
193.65
193.65
193.65
193.65
193.65
193.65
193.65
193.65
193.65
193.65
193.65
193.65
193.65
193.65
193.65
165.453
165.453
165.453
165.453
165.453
165.453
165.453
165.453
165.453
165.453
164.881
164.881
164.881
164.881
164.881
164.881
164.881
164.881
152.42
152.42
152.42
152.42
152.42
152.42
152.42
152.42
152.42
152.42
152.42
152.42
152.42
152.42
152.42
152.42
152.42
152.42
152.42
152.42
152.42
152.42
152.42
152.42
152.42
152.42
152.42
152.42
137.956
137.956
137.956
137.956
137.956
137.956
137.956
137.956
137.956
137.956
137.956
137.956
137.956
137.956
130.7
130.7
130.7
130.7
119.985
119.985
119.985
119.985
119.985
119.985
119.985
119.985
119.985
119.985
119.985
119.985
119.985
119.985
119.985
100.76
100.76
100.76
100.76
100.76
100.76
100.76
100.76
100.76
100.76
100.76
100.76
100.76
100.76
100.76
100.76
100.76
100.76
100.76
100.76
100.76
100.76
100.76
100.76
100.76
100.76
99.657
99.657
99.657
99.657
99.657
99.657
99.657
99.657
99.657
99.657
99.657
99.657
93.0604
93.0604
93.0604
93.0604
93.0604
93.0604
93.0604
93.0604
93.0604
93.0604
93.0604
93.0604
93.0604
93.0604
93.0604
93.0604
93.0604
93.0604
93.0604
93.0604
93.0604
93.0604
93.0604
93.0604
93.0604
93.0604
93.0604
93.0604
93.0604
93.0604
93.0604
93.0604
93.0604
93.0604
93.0604
93.0604
90.3184
90.3184
90.3184
90.3184
90.3184
84.7516
84.7516
84.7516
84.7516
84.7516
84.7516
84.7516
84.7516
84.7516
84.7516
84.7516
82.4037
82.4037
82.4037
82.4037
82.4037
82.4037
82.4037
82.4037
82.4037
82.4037
82.4037
82.4037
82.4037
82.4037
82.4037
82.4037
82.4037
82.4037
82.4037
82.4037
82.4037
82.4037
82.0153
82.0153
82.0153
82.0153
82.0153
82.0153
82.0153
82.0153
82.0153
82.0153
82.0153
70.8924
70.8924
70.8924
70.8924
70.8924
70.8924
70.8924
70.8924
70.8924
70.8924
70.8924
70.8924
70.8924
70.8924
70.8924
70.8924
70.8924
70.8924
70.8924
70.8924
70.8924
70.8924
45.4605
45.4605
45.4605
45.4605
45.4605
45.4605
45.4605
45.4605
45.4605
45.4605
45.4605
45.4605
45.4605
45.4605
45.4605
45.4605
45.4605
45.4605
45.4605
45.4605
45.4605
45.4605
45.4605
45.4605
45.4605
45.4605
45.4605
45.4605
45.4605
45.4605
45.4605
45.4605
45.4605
45.4605
45.4605
45.4605
45.4605
45.4605
45.4605
45.4605
45.4605
44.4006
44.4006
44.4006
44.4006
44.4006
44.4006
44.4006
44.4006
44.4006
44.4006
44.4006
44.4006
44.4006
44.4006
44.4006
44.4006
44.4006
44.4006
44.4006
44.4006
44.4006
44.4006
44.4006
44.4006
44.4006
44.4006
44.4006
44.4006
44.4006
41.1126
41.1126
41.1126
41.1126
41.1126
41.1126
41.1126
41.1126
41.1126
41.1126
41.1126
41.1126
41.1126
41.1126
41.1126
41.1126
41.1126
41.1126
41.1126
41.1126
41.1126
41.1126
41.1126
41.1126
41.1126
41.1126
41.1126
41.1126
40.5952
40.5952
37.0369
37.0369
37.0369
37.0369
37.0369
37.0369
37.0369
37.0369
37.0369
37.0369
37.0369
37.0369
37.0369
37.0369
37.0369
37.0369
37.0369
37.0369
37.0369
37.0369
37.0369
37.0369
37.0369
37.0369
37.0369
37.0369
37.0369
37.0369
37.0369
37.0369
31.9764
31.9764
31.9764
31.9764
31.9764
31.9764
31.9764
31.9764
31.9764
31.9764
31.9764
31.9764
31.9764
31.9764
31.9764
31.9764
31.9764
31.9764
31.9764
31.9764
31.9764
31.9764
31.9764
31.9764
31.9764
31.9764
31.9764
31.9764
31.9764
31.9764
31.9764
31.9764
31.9764
31.9764
31.9764
31.9764
31.9764
31.9764
31.9764
31.9764
31.8585
31.8585
31.8585
31.8585
31.8585
31.8585
31.8585
31.8585
31.8585
31.8585
31.8585
31.8585
31.8585
31.8585
31.8585
31.8585
31.8585
31.8585
31.8585
31.8585
31.8585
31.8585
31.8585
29.6775
29.6775
29.6775
29.6775
29.6775
29.6775
29.6775
29.6775
29.6775
29.6775
29.6775
29.6775
29.6775
29.6775
29.6775
29.6775
29.6775
29.6775
29.6775
29.6775
29.6775
29.6775
29.6775
29.6775
29.6775
29.6775
29.6775
29.6775
29.6775
29.6775
29.6775
29.6775
29.6775
29.6775
29.6775
29.6775
29.6775
29.6775
29.6775
29.0572
29.0572
29.0572
29.0572
29.0572
29.0572
29.0572
29.0572
29.0571
29.0571
29.0571
29.0504
29.0504
28.9446
28.9446
28.9446
28.9446
28.9446
28.4949
28.4949
28.4949
28.4949
27.4519
27.4519
27.4519
27.4519
27.4519
27.4519
27.4519
27.4519
27.4519
27.4519
27.4519
27.4519
27.4519
27.4519
27.4519
27.4519
27.4519
27.4519
27.4519
27.4519
27.4519
27.4519
25.9795
25.9795
25.9795
25.9795
25.9795
25.9795
25.9795
25.9795
25.9795
25.9795
25.9795
25.9795
25.9795
25.9795
25.9795
25.9795
25.9795
25.7757
25.7757
25.7757
25.7757
25.7757
25.7757
25.7757
25.7757
25.7757
25.7757
25.7757
25.7757
25.7757
25.7757
25.7757
25.7757
25.7757
25.7757
25.7757
25.7757
25.7757
25.7757
25.7757
25.7757
25.7757
25.7757
25.7757
25.7757
25.5875
25.5875
25.5875
25.5875
25.5875
25.5875
25.5875
25.5875
25.5875
25.5875
25.5875
25.5875
25.5875
24.693
24.693
24.693
24.693
24.693
24.693
24.693
24.693
24.693
24.693
24.693
24.693
24.693
24.693
24.693
24.693
24.693
24.693
24.6077
24.6077
24.6077
24.6077
24.6077
24.2804
24.2804
24.2804
24.2804
24.2804
24.2804
24.2804
24.2804
24.2804
24.2804
24.2804
24.2804
24.2804
24.2804
24.2804
24.2804
24.2804
24.2804
24.2804
24.2804
24.2804
24.2804
24.2804
24.2804
24.2804
24.1063
24.1063
24.1063
24.1063
24.1063
24.1063
24.1063
24.1063
24.1063
24.1063
24.1063
24.1063
24.1063
24.1063
24.1063
24.1063
24.1063
24.1063
24.1063
24.1063
24.1063
24.1063
24.1063
24.1063
24.1063
24.1063
24.1063
24.1063
24.1063
24.1063
24.1063
24.1063
24.1063
24.1063
24.1063
24.1063
24.1063
24.1063
24.1063
24.1063
24.1063
24.1063
24.1063
24.1063
24.1063
24.1063
24.1063
24.1063
24.1063
24.1063
23.8742
23.8742
23.8742
23.8742
23.8742
23.8742
23.8742
23.8742
23.8742
23.8742
23.8742
23.8742
23.8742
23.8742
23.8742
23.8742
23.8742
23.8742
23.8742
23.8742
23.8742
23.8742
23.8742
23.8742
23.8742
23.8742
23.8742
23.8742
23.8742
23.8742
23.8742
23.8742
23.8742
23.8742
23.8742
23.8742
23.8742
23.8742
23.8742
23.8742
23.8742
23.8742
23.8742
23.8742
23.8742
23.8742
23.8742
23.8742
23.8742
23.8742
23.8742
23.8742
23.8742
23.7752
23.7752
23.7752
23.7752
23.7752
23.7752
23.7752
23.7752
23.7752
23.7752
23.7752
23.7752
23.7752
23.7752
23.7752
23.7752
23.7752
23.7752
23.7752
23.7752
23.7752
23.7752
23.7752
23.7752
23.7752
23.7752
23.7752
23.7752
23.7752
23.7752
23.7752
23.7752
23.7752
23.7752
23.7752
23.7752
23.7752
23.7751
23.7751
23.7751
23.7751
23.7751
23.7751
23.7751
23.7751
23.7751
23.7751
23.7751
23.7751
23.7751
23.7751
23.7751
23.7751
23.7751
23.7751
23.7751
23.7751
23.7751
23.7751
23.666
23.666
23.666
23.666
23.666
23.666
23.666
23.666
23.666
23.666
23.666
23.666
23.666
23.666
23.666
23.666
23.666
23.666
23.666
23.666
23.666
23.666
23.666
23.5806
23.5806
23.5806
23.5806
23.5806
23.5806
23.5806
23.5806
23.5806
23.5806
23.5706
23.5706
23.5706
23.5706
23.5706
23.5706
23.4853
23.4853
23.4853
23.4853
23.4853
23.4853
23.4853
23.4853
23.4853
23.4853
23.3246
23.3246
23.3246
22.7085
22.7085
22.7085
22.7085
22.7085
22.7085
22.7085
22.7085
22.7085
22.7085
22.7085
22.7085
22.7085
22.7085
22.7085
22.7085
22.7085
22.7085
22.7085
22.7085
22.7085
22.7085
22.7085
22.7085
22.7085
22.7085
22.7085
22.7085
22.7085
22.7085
22.7085
22.7085
22.7085
22.7085
22.7085
22.7085
22.7085
22.7085
22.7085
22.7085
22.7085
22.7085
22.7085
22.7085
22.7085
22.7085
22.7085
22.7085
22.7085
22.7085
22.7085
22.7085
22.7085
22.7085
22.7085
22.7085
22.7085
22.7085
22.7085
22.7085
22.7085
22.7085
22.7085
22.7085
22.7085
22.7085
22.7085
22.7085
22.7085
22.7085
22.7085
22.7085
22.7085
22.7085
22.7085
22.7085
22.7085
22.7085
22.7085
22.2258
22.2258
22.2258
22.2258
22.2258
22.2258
22.2258
22.2258
22.2258
22.2258
22.2258
22.2258
22.2258
22.2258
22.2258
22.2258
22.2258
22.2258
22.2258
22.2258
22.2258
22.2258
22.2258
22.2258
22.2258
22.2258
22.2258
22.2258
22.2258
22.2258
22.2258
22.2258
22.2258
22.2258
22.2258
22.2258
22.2258
22.2258
22.2258
22.2258
22.2258
22.2258
22.1133
22.1133
22.1133
22.1133
22.1133
21.9666
21.9666
21.9666
21.9666
21.9666
21.9666
21.9666
21.9666
21.9666
21.9666
21.9666
21.9666
21.9666
21.9666
21.9666
21.9666
21.9666
21.9666
21.9666
21.9666
21.9666
21.9666
21.9666
21.9666
21.9666
21.9666
21.9666
21.9666
21.9666
21.9666
21.9666
21.9666
21.9666
21.9666
21.9666
21.9666
21.9666
21.9666
21.9666
21.9666
21.9666
21.9666
21.9666
21.9666
21.9666
21.9666
21.9666
21.9666
21.9666
21.9666
21.9666
21.9666
21.9666
21.9666
21.9666
21.9666
21.9666
21.9666
21.9666
21.9666
21.9666
21.9422
21.9422
21.9422
21.9422
21.9422
21.9422
21.8913
21.8913
21.8913
21.8913
21.8913
21.8913
21.8842
21.8842
21.8842
21.8842
21.8842
21.8842
21.8842
21.8842
21.8842
21.8842
21.8842
21.8842
21.8842
21.8842
21.5977
21.5977
21.5977
21.5977
21.5977
21.5977
21.5977
21.5977
21.5977
21.5977
21.5977
21.5977
21.5977
21.5977
21.5977
21.5977
21.5977
21.5225
21.5225
21.5225
21.5225
21.5225
21.5225
21.5225
21.5225
21.5225
21.5225
21.5225
21.5225
21.5225
21.5225
21.5225
21.5225
21.5225
21.5225
21.5225
21.5225
21.5225
21.5225
21.5225
21.5225
21.5225
21.5225
21.5225
21.5225
21.5225
21.5225
21.5225
21.5225
21.5225
21.5225
21.5225
21.5225
21.5225
21.5225
21.5225
21.5225
21.5225
21.5225
21.5225
21.5225
21.5225
21.5225
21.5225
21.5225
21.5225
21.5225
21.5225
21.5225
21.5225
21.5225
21.5225
21.5225
21.5225
21.5225
21.5225
21.5225
21.5225
21.5225
21.5225
21.5225
21.5225
21.5225
21.5225
21.5225
21.5225
21.5225
21.328
21.328
21.328
21.328
21.328
21.328
21.328
21.328
21.328
21.328
21.328
21.328
21.328
21.328
21.328
21.328
21.328
21.328
21.328
21.328
21.328
21.328
21.328
21.328
21.328
21.328
21.328
21.328
21.328
21.328
21.328
21.328
21.328
21.328
21.328
21.328
21.328
21.328
21.328
21.328
21.328
21.328
21.328
21.328
21.3075
21.3075
21.1914
21.1914
21.1914
21.1914
21.1914
21.1914
21.1914
21.1914
21.1914
21.1914
21.1914
21.1914
21.1914
21.1914
21.1914
21.1914
21.1914
21.1914
21.1914
21.1914
21.1914
21.1914
21.1914
21.1914
21.1914
21.1914
21.1914
21.1914
21.1914
21.1914
21.1914
21.1914
21.1914
21.1914
21.1914
21.1914
21.1914
21.1914
21.1914
21.1914
21.1914
21.1914
21.1914
21.1914
21.1198
21.1198
21.1198
21.1198
21.1198
21.1198
21.1198
21.1198
21.1198
21.1198
21.1198
21.1198
21.1198
21.1198
21.1198
21.1198
21.1198
20.9935
20.9935
20.9935
20.9935
20.9935
20.9935
20.9935
20.9935
20.9935
20.9935
20.9935
20.9935
20.9935
20.9935
20.9935
20.9935
20.9935
20.9935
20.9935
20.9935
20.9935
20.9935
20.9935
20.9935
20.9935
20.9935
20.9935
20.9935
20.9935
20.9321
20.9321
20.9321
20.9321
20.9321
20.9321
20.9321
20.9321
20.9321
20.8194
20.8194
20.8194
20.8194
20.8194
20.8194
20.8194
20.8194
20.8194
20.8194
20.8194
20.8194
20.8194
20.8194
20.8194
20.8194
20.8194
20.8194
20.8194
20.8194
20.8194
20.8194
20.8194
20.8194
20.8194
20.8194
20.8194
20.8194
20.8194
20.816
20.816
20.816
20.816
20.816
20.816
20.816
20.816
20.816
20.816
20.816
20.816
20.816
20.816
20.816
20.816
20.816
20.816
20.816
20.816
20.816
20.816
20.816
20.816
20.816
20.816
20.816
20.816
20.816
20.816
20.816
20.816
20.816
20.816
20.816
20.816
20.816
20.816
20.816
20.816
20.816
20.816
20.816
20.816
20.816
20.816
20.816
20.816
20.816
20.816
20.816
20.816
20.816
20.816
20.816
20.816
20.816
20.816
20.816
20.816
20.816
20.816
20.816
20.816
20.816
20.816
20.816
20.816
20.8125
20.8125
20.8125
20.8125
20.8125
20.7989
20.6044
20.6044
20.6044
20.6044
20.6044
20.6044
20.6044
20.6044
20.6044
20.6044
20.6044
20.6044
20.6044
20.6044
20.6044
20.6044
20.6044
20.6044
20.6044
20.6044
20.6044
20.6044
20.6044
20.6044
20.6044
20.6044
20.6044
20.6044
20.6044
20.6044
20.6044
20.6044
20.6044
20.6044
20.6044
20.6044
20.6044
20.6044
20.594
20.594
20.594
20.594
20.594
20.594
20.594
20.594
20.594
20.594
20.594
20.594
20.594
20.594
20.594
20.594
20.594
20.594
20.594
20.594
20.594
20.594
20.5259
20.5259
20.5259
20.5259
20.5259
20.5259
20.5259
20.5259
20.5259
20.5259
20.5259
20.5259
20.5259
20.5259
20.519
20.519
20.519
20.519
20.519
20.519
20.519
20.519
20.519
20.519
20.519
20.519
20.519
20.519
20.519
20.519
20.519
20.519
20.519
20.519
20.519
20.519
20.519
20.519
20.519
20.519
20.519
20.519
20.519
20.519
20.519
20.519
20.519
20.519
20.519
20.519
20.519
20.519
20.519
20.519
20.519
20.519
20.519
20.519
20.519
20.519
20.519
20.519
20.519
20.519
20.519
20.519
20.519
20.519
20.519
20.519
20.519
20.519
20.519
20.5156
20.5156
20.5156
20.5156
20.5122
20.5122
20.5122
20.5122
20.5122
20.5122
20.5122
20.5122
20.5122
20.5122
20.5122
20.5122
20.5122
20.5122
20.5122
20.5122
20.5122
20.5122
20.5122
20.5122
20.5122
20.5122
20.5122
20.5122
20.5122
20.5122
20.5122
20.5122
20.5122
20.5122
20.5122
20.5122
20.5122
20.5122
20.5122
20.5122
20.5122
20.5122
20.5087
20.5087
20.5087
20.5087
20.5087
20.5087
20.5087
20.5087
20.5087
20.5087
20.5087
20.5087
20.5087
20.5087
20.5087
20.5087
20.5087
20.5087
20.5087
20.5087
20.5087
20.5087
20.5087
20.5087
20.5087
20.5087
20.5087
20.5087
20.5087
20.5087
20.5087
20.5087
20.5087
20.5087
20.5087
20.5087
20.5087
20.5087
20.5087
20.5087
20.5087
20.5087
20.5087
20.5087
20.5087
20.5087
20.5087
20.5053
20.5053
20.5053
20.5053
20.5053
20.5053
20.5053
20.5053
20.5053
20.5053
20.5053
20.5053
20.5053
20.5053
20.5053
20.5053
20.5053
20.5053
20.5053
20.5053
20.5053
20.5053
20.5053
20.5053
20.5053
20.5053
20.5053
20.5053
20.5053
20.5053
20.5018
20.5018
20.5018
20.5018
20.5018
20.5018
20.5018
20.5018
20.5018
20.5018
20.5018
20.5018
20.5018
20.5018
20.5018
20.5018
20.5018
20.5018
20.5018
20.5018
20.5018
20.5018
20.5018
20.5018
20.5018
20.5018
20.5018
20.5018
20.4984
20.4984
20.4984
20.4984
20.4984
20.4984
20.4984
20.4984
20.4984
20.4984
20.4984
20.4984
20.4984
20.4984
20.4984
20.4984
20.4984
20.4984
20.4984
20.4984
20.4984
20.4984
20.4984
20.4984
20.4984
20.4984
20.495
20.495
20.495
20.495


4.22987
2.03253
2.03253
4.22987
4.22987
4.22987
2.03253
2.03253
2.03253
4.22987
4.22987
2.03253
2.03253
2.03253
4.22987
2.03253
2.03253
2.03253
2.03253
4.22987
4.22987
2.03253
4.22987
4.22987
2.03253
4.22987
4.22987
2.03253
2.03253
-278.713

0.028

