4813.07
4813.07
4813.07
4813.07
4813.07
4813.07
4813.07
4813.07
4813.07
4813.07
4813.07
4813.07
4813.07
2030.24
2030.24
2030.24
2030.24
2030.24
2030.24
729.44
729.44
729.44
729.44
729.44
729.44
729.44
729.44
729.44
729.44
729.44
729.44
729.44
729.44
729.44
729.44
729.44
729.44
729.44
729.44
729.44
729.44
729.44
625.989
625.989
625.989
625.989
625.989
625.989
625.989
625.989
625.989
625.989
625.989
625.989
625.989
625.989
625.989
625.989
625.989
625.989
625.989
625.989
625.989
625.989
625.989
625.989
625.989
625.989
459.247
459.247
459.247
459.247
459.247
459.247
459.247
459.247
459.247
454.764
454.764
454.764
454.764
454.764
454.764
454.764
454.764
454.034
454.034
454.034
454.034
454.034
454.034
454.034
454.034
454.034
454.034
454.034
454.034
454.034
454.034
454.034
454.034
454.034
454.034
454.034
454.034
454.034
454.034
454.034
454.034
454.034
454.034
454.034
454.034
454.034
454.034
454.034
454.034
454.034
454.034
454.034
454.034
454.034
454.034
454.034
454.034
454.034
454.034
454.034
452.516
452.516
451.641
451.641
451.641
451.641
451.641
451.641
451.641
451.641
451.641
451.641
451.641
451.641
451.641
451.641
451.641
451.641
451.641
451.641
451.641
451.641
451.641
451.641
451.641
451.641
451.641
451.641
451.641
451.641
451.641
451.641
451.641
451.641
451.641
451.641
451.641
451.641
451.641
451.641
451.641
451.641
451.641
451.641
451.641
451.641
451.641
451.641
451.641
451.641
451.641
451.641
451.641
451.641
451.641
451.641
451.641
451.641
451.641
451.641
451.641
451.641
451.641
451.641
451.641
451.641
451.641
451.641
451.641
451.641
451.641
451.641
451.641
451.641
451.641
451.641
451.641
451.641
451.641
451.641
451.641
451.641
451.641
451.641
451.641
451.641
451.641
451.641
451.641
451.641
451.641
451.641
451.641
451.641
451.641
451.641
451.641
451.641
451.641
451.641
451.641
451.641
451.641
451.641
451.641
451.641
451.641
451.641
451.641
451.641
451.641
451.641
451.641
451.641
451.641
451.641
451.641
451.641
451.641
451.641
451.641
451.641
451.641
451.641
451.641
451.641
451.641
451.641
451.641
451.641
451.641
451.641
451.641
451.641
451.641
451.641
451.641
451.641
451.641
451.641
451.641
451.641
451.641
451.641
451.641
451.641
451.641
451.641
451.641
451.641
451.641
451.641
451.641
451.641
451.641
451.641
451.641
451.641
451.641
451.641
451.641
451.641
451.641
451.641
451.641
451.641
451.641
451.641
451.641
451.641
451.641
451.641
451.641
451.641
451.641
451.641
451.641
451.641
451.641
451.641
451.641
451.641
451.641
451.641
451.641
451.641
451.641
451.641
451.641
451.641
451.641
451.641
451.641
451.641
451.641
451.641
451.641
451.641
451.641
451.641
451.641
451.641
451.641
451.641
451.641
451.641
451.641
451.641
451.641
451.641
451.641
451.641
451.641
451.641
451.641
451.641
451.641
451.641
451.641
451.641
451.641
451.641
451.641
451.641
451.641
451.641
451.641
451.641
451.641
451.641
451.641
451.641
451.641
451.641
451.641
451.641
451.473
451.473
451.473
451.473
451.473
451.473
451.473
451.473
451.473
451.473
451.473
451.473
450.942
450.942
450.942
450.942
450.942
450.942
450.942
450.942
450.942
450.942
450.942
450.942
450.942
450.942
450.942
450.942
450.942
450.942
450.942
450.942
450.627
450.627
450.627
450.627
450.627
450.627
450.627
450.627
450.627
450.627
450.627
450.627
450.627
450.627
450.627
450.627
450.627
450.627
450.627
450.627
450.627
450.627
450.627
450.627
450.627
450.627
450.627
450.627
450.627
450.627
450.627
450.136
450.136
450.136
450.136
450.136
450.136
450.136
450.136
450.136
450.136
450.136
450.136
450.136
450.136
450.136
450.136
450.136
450.136
450.136
450.136
450.136
450.136
450.136
450.136
450.136
450.136
450.136
450.136
450.136
450.136
450.136
449.999
449.999
449.999
449.999
449.999
449.999
449.999
449.999
449.999
449.999
449.999
449.999
449.999
449.999
449.999
449.999
449.999
449.999
449.999
449.999
449.999
449.999
449.999
449.999
449.999
449.999
449.999
449.999
449.999
449.999
449.999
449.999
449.893
449.893
449.893
449.893
449.893
449.893
449.893
449.893
449.893
449.893
449.893
449.893
449.893
449.893
449.893
449.893
449.893
449.893
449.893
449.893
449.893
449.893
449.893
449.893
449.893
449.882
449.882
449.882
449.882
449.882
449.882
449.882
449.882
449.882
449.882
449.882
449.882
449.882
449.882
449.882
449.882
449.882
449.882
449.882
449.882
449.882
449.882
449.882
449.882
449.882
449.882
449.882
449.882
449.882
449.882
449.882
449.882
449.882
449.882
449.882
449.882
449.882
449.882
449.882
449.882
449.882
449.882
449.882
449.882
449.882
449.882
449.882
449.882
449.882
449.882
449.882
449.882
449.882
449.882
449.882
449.882
449.882
449.882
449.882
449.882
449.882
449.882
449.882
449.882
449.882
449.882
449.882
449.882
449.882
449.882
449.882
449.882
449.882
449.882
449.882
449.882
449.882
449.882
449.882
449.882
449.882
449.882
449.882
449.882
449.882
449.882
449.882
449.882
449.882
449.882
449.882
449.882
449.882
447.716
447.716
447.716
447.716
447.716
447.716
447.716
447.716
447.716
447.716
447.716
447.716
447.716
447.716
447.716
447.716
447.716
447.716
447.716
447.716
447.716
447.716
447.716
447.716
447.702
447.702
447.702
447.702
447.702
447.702
447.702
447.702
447.702
447.702
447.702
447.702
447.702
447.702
447.702
447.702
447.702
447.702
447.702
447.702
447.702
447.702
447.702
447.702
447.702
447.702
447.702
447.702
447.702
447.702
447.702
447.702
447.702
447.702
447.702
447.702
447.702
447.702
447.702
447.702
447.702
447.702
447.702
447.702
447.702
447.702
447.702
447.702
447.702
447.702
447.702
447.702
447.702
447.702
447.702
447.702
447.702
447.702
447.702
447.702
447.702
447.702
447.702
447.702
447.702
447.702
447.702
447.702
447.702
447.702
447.702
447.702
447.702
447.702
447.702
447.702
447.702
447.702
447.702
447.702
447.702
447.702
447.698
447.698
447.683
447.683
447.683
447.683
447.683
447.683
447.683
447.683
447.683
447.683
447.683
447.683
447.683
447.683
447.683
447.683
447.683
447.683
447.683
447.683
447.683
447.683
447.683
447.683
447.683
447.683
447.683
447.683
447.683
447.683
447.683
447.683
447.683
447.683
447.683
447.683
447.683
447.683
447.683
447.683
447.683
447.683
447.683
447.683
447.683
447.683
447.683
447.683
447.683
447.683
447.683
447.683
447.683
447.683
447.683
447.683
447.683
447.683
447.683
447.683
447.683
447.683
447.683
447.683
447.683
447.683
447.683
447.683
447.683
447.683
447.683
447.683
447.683
447.683
447.683
447.683
447.683
447.683
447.683
447.683
447.683
447.683
447.683
447.683
447.683
447.683
447.683
447.683
447.683
447.683
447.683
447.683
447.683
447.683
447.683
447.683
447.683
447.683
447.683
447.683
447.683
447.683
447.683
447.683
447.683
447.683
447.683
447.683
447.683
447.683
447.683
447.683
447.683
447.683
447.683
447.683
447.683
447.683
447.683
447.683
447.683
447.682
447.682
447.682
447.682
447.682
447.682
447.682
447.682
447.682
447.682
447.682
447.682
447.682
447.682
447.682
447.682
447.682
447.682
447.682
447.671
447.671
447.671
447.671
447.671
447.671
447.671
447.671
447.671
447.671
447.671
447.671
447.671
447.671
447.671
447.671
447.671
447.671
447.671
447.671
447.671
447.671
447.671
447.671
447.671
447.671
447.671
447.671
447.671
447.671
447.671
447.671
447.671
447.671
447.671
447.671
447.671
447.671
447.671
447.671
447.671
447.671
447.671
447.671
447.671
447.671
447.671
447.671
447.671
447.671
447.671
447.671
447.671
447.671
447.671
447.671
447.671
447.671
447.671
447.671
447.671
447.671
447.671
447.671
447.671
447.671
447.671
447.671
447.671
447.671
447.671
447.671
447.671
447.671
447.671
447.671
447.671
447.671
447.671
447.671
447.671
447.671
447.671
447.671
447.671
447.671
447.671
447.671
447.671
447.671
447.671
447.671
447.671
447.671
447.671
447.671
447.671
447.671
447.671
447.671
447.671
447.671
447.671
447.671
447.671
447.671
447.671
447.671
447.671
447.671
447.671
447.671
447.671
447.671
447.671
447.671
447.671
447.671
447.671
447.671
447.671
447.671
447.671
447.671
447.671
447.671
447.671
447.671
447.671
447.671
447.671
447.671
447.671
447.671
447.671
447.671
447.671
447.671
447.671
447.671
447.671
447.671
447.671
447.671
447.671
447.671
447.671
447.671
447.671
447.671
447.671
447.671
447.671
447.671
447.671
447.671
447.671
447.671
447.671
447.671
447.671
447.671
447.671
447.671
447.671
447.671
447.671
447.671
447.671
447.671
447.671
447.671
447.671
447.671
447.671
447.671
447.671
447.671
447.671
447.671
447.671
447.671
447.671
447.671
447.671
447.671
447.671
447.671
447.671
447.671
447.671
447.671
447.671
447.671
447.671
447.671
447.671
447.671
447.671
447.671
447.671
447.671
447.671
447.671
447.671
447.671
447.671
447.671
447.671
447.671
447.671
447.671
447.671
447.671
447.671
447.671
447.671
442.193
442.193
442.193
442.193
441.383
441.383
441.345
441.345
441.345
441.345
441.345
441.345
441.345
441.345
441.345
441.345
441.345
441.345
441.345
441.345
441.345
441.345
441.345
441.345
441.345
441.345
441.345
441.345
441.345
441.345
441.345
441.345
441.345
441.345
441.345
441.345
441.345
441.345
441.345
441.345
441.345
441.345
441.345
441.345
441.345
441.345
441.345
441.345
441.345
441.345
441.345
441.345
441.345
441.345
441.345
441.345
441.345
441.321
441.321
441.321
441.321
441.321
441.321
441.321
441.321
441.321
441.321
441.321
441.321
441.321
441.321
441.321
441.321
441.321
441.321
441.321
441.321
441.321
441.321
441.321
441.321
441.321
441.321
441.321
441.321
441.321
441.321
441.321
441.321
441.321
441.321
441.321
441.321
441.321
441.321
441.321
441.321
441.321
441.321
441.321
441.321
441.321
441.321
441.321
441.321
441.321
441.321
441.321
441.321
441.321
441.321
441.321
441.321
441.321
441.321
441.321
441.321
441.321
441.321
441.321
441.321
441.321
441.321
441.321
441.321
441.321
441.321
441.321
441.321
441.321
441.321
441.321
441.321
441.321
441.321
441.321
441.321
441.321
441.321
441.321
441.321
441.321
441.321
441.321
441.321
441.321
441.321
441.321
441.321
441.321
441.321
441.321
441.321
441.321
441.321
441.321
441.321
441.321
441.321
441.321
441.321
441.321
441.321
441.321
441.321
441.321
441.321
441.321
441.321
441.321
441.321
441.321
441.321
441.321
441.321
441.321
441.321
441.321
441.321
441.321
441.321
441.321
441.321
441.321
441.321
441.321
441.321
441.321
441.321
441.321
441.321
441.321
441.321
441.321
441.321
441.321
441.321
441.321
441.321
441.321
441.321
441.321
441.321
441.321
441.321
441.321
441.321
441.321
441.321
441.321
441.321
441.321
441.321
441.321
441.321
441.321
441.321
441.321
441.321
441.321
441.321
441.321
441.321
441.321
441.321
441.321
441.321
441.321
441.321
441.321
441.321
441.321
441.321
441.321
441.321
441.321
441.321
441.321
441.321
441.321
441.321
441.321
441.321
441.321
441.321
441.321
441.321
441.321
441.321
441.321
441.321
441.321
441.321
441.321
441.321
441.321
441.321
441.321
441.321
441.321
441.321
441.321
441.321
441.321
441.321
441.321
441.321
441.321
441.321
441.321
441.321
441.321
441.321
441.321
441.321
441.321
441.321
441.321
441.321
441.321
441.321
441.321
441.321
441.321
441.321
441.321
441.321
441.321
441.321
441.321
441.321
441.321
441.321
441.321
441.321
441.321
441.321
441.321
441.321
441.321
441.321
441.321
441.321
441.321
441.321
441.321
441.321
441.321
441.321
441.321
441.321
441.321
441.321
441.321
441.321
441.321
441.321
441.321
441.321
441.321
441.321
441.321
441.321
441.321
441.321
441.321
441.321
441.321
441.321
441.321
441.321
441.321
441.321
441.321
441.321
441.321
441.321
441.321
441.321
441.321
441.321
441.321
441.321
441.321
441.321
441.321
441.321
441.321
441.321
441.321
441.321
441.321
441.321
441.321
441.321
441.321
441.321
441.321
441.321
441.321
441.321
441.321
441.321
441.321
441.321
441.321
441.321
441.321
441.321
441.321
441.321
441.321
441.321
441.321
441.321
441.321
441.321
441.321
441.321
441.321
441.321
441.321
441.321
441.321
441.321
441.321
441.321
441.321
441.321
441.321
441.321
441.321
441.321
441.321
441.321
441.321
441.321
441.321
440.22
440.22
440.22
440.22
440.22
440.22
440.22
440.22
440.22
440.22
440.22
440.22
440.22
440.22
440.22
440.22
438.174
438.174
438.174
438.174
438.174
438.174
438.174
438.174
438.174
438.174
438.174
438.174
438.174
438.174
438.174
438.174
438.174
438.174
438.174
438.174
438.174
438.174
438.174
437.621
437.621
437.621
437.621
437.621
437.621
437.621
437.621
437.621
437.619
437.619
437.619
437.619
437.619
437.619
437.619
437.619
437.619
437.619
437.619
437.619
437.619
437.619
437.619
437.619
437.619
437.619
437.619
437.619
437.619
437.619
437.619
437.619
437.619
437.619
437.619
437.619
437.619
437.619
437.619
437.619
437.619
437.619
437.619
437.619
437.619
437.619
437.619
437.619
437.619
437.619
437.619
437.619
437.619
437.619
437.619
437.619
437.619
437.619
437.619
437.619
437.619
437.619
437.619
437.619
437.619
437.619
437.619
437.619
437.619
437.619
437.619
437.619
437.619
437.619
437.619
437.619
437.619
437.619
437.619
437.619
437.619
437.619
437.619
437.619
437.619
437.619
437.619
437.619
437.619
437.619
437.619
437.619
437.619
437.619
437.619
437.619
437.619
437.619
437.619
437.619
437.619
437.619
437.619
437.619
437.619
437.619
437.619
437.619
437.619
437.619
437.619
437.619
437.619
437.619
437.619
437.619
437.619
437.619
437.619
437.619
437.619
437.619
437.619
437.619
437.619
437.619
437.619
437.619
437.619
437.619
437.619
437.619
437.619
437.619
437.619
437.619
437.619
437.619
437.619
437.619
437.619
437.619
437.619
437.619
437.619
437.619
437.619
437.619
437.619
437.619
437.619
437.619
437.619
437.619
437.619
437.619
437.619
437.619
437.619
437.619
437.619
437.619
437.619
437.619
437.619
437.619
437.619
437.619
437.619
437.619
437.619
437.619
437.619
437.619
437.619
437.619
437.619
437.619
437.619
437.619
437.619
437.619
437.619
437.619
437.619
437.619
437.619
437.619
437.619
437.619
437.619
437.619
437.619
437.619
437.619
437.619
437.619
437.619
437.619
437.619
437.619
437.619
437.619
437.619
437.619
437.619
437.619
437.619
437.619
437.619
437.619
437.619
437.619
437.619
437.619
437.619
437.619
437.619
437.619
437.619
437.619
437.619
437.619
437.619
437.619
437.619
437.619
437.619
437.619
437.619
437.619
437.619
437.619
437.619
437.619
437.619
437.619
437.619
437.619
437.619
437.619
437.619
437.619
437.619
437.619
437.619
437.619
437.619
437.619
437.619
437.619
437.619
437.619
437.619
437.619
437.619
437.619
437.619
437.619
437.619
437.619
437.619
437.619
437.619
437.619
437.619
437.619
437.619
437.619
437.619
437.619
437.619
437.619
437.619
437.619
437.619
437.619
437.619
437.619
437.619
437.619
437.619
437.619
437.619
437.619
437.619
437.619
437.619
437.619
437.619
437.619
437.619
437.619
437.619
437.619
437.619
437.619
437.619
437.619
437.619
437.619
437.619
437.619
437.619
437.619
437.619
437.619
437.619
437.619
437.619
437.619
437.619
437.619
437.619
437.619
437.619
437.619
437.619
437.619
437.619
437.619
437.619
437.619
437.619
437.619
437.619
437.619
437.619
437.619
437.619
437.619
437.619
437.619
437.619
437.619
437.619
437.619
437.619
437.619
437.619
437.619
437.619
437.619
437.619
437.619
437.619
437.619
437.619
437.619
437.619
437.619
437.619
437.619
437.619
437.619
437.619
437.619
437.619
437.619
437.619
437.619
437.619
437.619
437.619
437.619
437.619
437.619
437.619
437.619
437.619
437.619
437.619
437.619
437.619
437.619
437.619
437.619
437.619
437.619
437.619
437.619
437.619
437.619
437.619
437.619
437.619
437.619
437.619
437.619
437.619
437.619
437.619
437.619
437.619
437.619
437.619
437.619
437.619
437.619
437.619
437.619
437.619
437.619
437.619
437.619
437.619
437.619
437.619
437.619
437.619
437.619
437.619
437.619
437.619
437.619
437.619
437.619
437.619
437.619
437.619
437.619
437.619
437.619
437.619
437.619
437.619
437.619
437.619
437.619
437.619
437.619
437.619
437.619
437.619
437.619
437.619
437.619
437.619
437.619
437.619
437.619
437.619
437.619
437.619
437.619
437.619
437.619
437.619
437.619
437.619
437.619
437.619
437.619
437.619
437.619
437.619
437.619
437.619
437.619
437.619
437.619
437.619
437.619
437.619
437.619
437.619
437.619
437.619
437.619
437.619
437.619
437.619
437.619
437.619
437.619
437.619
437.619
437.619
437.619
437.619
437.619
437.619
437.619
437.619
437.619
437.619
437.619
437.619
437.619


2.14774
-1.12491
-1.12491
8.02789
0.372021
7.04779
-2.9574
3.02393
3.93902
4.60326
2.22877
8.55159
-1.87841
0.122532
0.844905
-3.69762
-0.731223
-4.653
-3.52962
-4.02951
-3.44951
-4.9913
5.13977
-3.9613
3.9761
-1.07135
-1.59551
-0.159001
3.41258
2.14774

0.026

