0.341299
0.341299
0.0602217
0.0602217
0.0602217
0.0602217
0.0569816
0.0569816
0.0569816
0.0569816
0.0569816
0.0569816
0.0569816
0.0569816
0.0569816
0.0569816
0.0569816
0.0569816
0.0569816
0.0569816
0.0569816
0.018246
0.018246
0.018246
0.018246
0.0171695
0.0171695
0.0171695
0.0171695
0.00480877
0.00309508
0.00309508
0.00309508
0.00309508
0.00309508
0.00309508
0.00309508
0.0023041
0.0023041
0.0023041
0.0023041
0.0023041
0.0023041
0.0023041
0.0023041
0.0023041
0.0023041
0.0023041
0.0023041
0.0023041
0.0023041
0.0023041
0.0023041
0.0023041
0.0023041
0.0023041
0.0023041
0.00163718
0.00163718
0.00163718
0.00163718
0.00163718
0.00163718
0.00163718
0.000937736
0.000937736
0.000937736
0.000937736
0.000937736
0.000937736
0.000937736
0.000937736
0.000937736
0.000937736
0.000937736
0.000879919
0.000879919
0.000879919
0.000879919
0.000879919
0.000879919
0.000879919
0.000879919
0.000879919
0.000879919
0.000879919
0.000879919
0.000879919
0.000879919
0.000879919
0.000879919
0.000879919
0.000879919
0.000879919
0.000879919
0.000879919
0.000879919
0.000879919
0.000879919
0.000879919
0.000879919
0.000879919
0.000879919
0.000879919
0.000879919
0.000882386
0.000882386
0.000882386
0.000866983
0.000866983
0.000866983
0.000768021
0.000768021
0.000768021
0.000768021
0.000768021
0.000768021
0.000496886
0.000496886
0.000496886
0.000496886
0.000333306
0.000333306
0.000329201
0.000329201
0.000329201
0.000150439
0.000150439
0.000150439
0.000150439
0.000150439
0.000150439
0.000150439
0.000150439
0.000150439
0.000150439
9.18924e-05
9.18924e-05
9.18924e-05
1.43623e-05
1.43623e-05
1.43623e-05
1.43623e-05
1.43623e-05
1.43623e-05
1.43623e-05
2.77787e-05
2.77787e-05
2.77787e-05
2.77787e-05
2.89152e-05
2.89152e-05
2.89152e-05
2.89152e-05
2.89152e-05
2.89152e-05
2.89152e-05
2.89152e-05
2.89152e-05
2.89152e-05
2.89152e-05
2.89152e-05
2.89149e-05
2.89149e-05
2.89149e-05
2.89149e-05
2.89149e-05
2.89149e-05
2.89149e-05
2.89149e-05
2.89149e-05
2.89149e-05
2.89149e-05
2.89149e-05
2.89149e-05
2.89149e-05
2.89149e-05
2.89149e-05
2.89149e-05
2.89149e-05
2.89149e-05
2.89149e-05
2.89149e-05
2.18631e-05
2.18631e-05
2.06855e-05
2.06855e-05
2.06855e-05
2.06855e-05
2.06855e-05
2.06855e-05
2.06855e-05
2.06855e-05
2.06855e-05
2.06086e-05
2.06086e-05
2.06086e-05
2.06086e-05
2.06086e-05
2.06086e-05
2.06086e-05
2.06086e-05
2.06086e-05
2.06086e-05
2.06086e-05
2.06086e-05
2.06086e-05
2.06086e-05
2.06086e-05
2.06086e-05
2.06086e-05
2.06086e-05
2.06086e-05
2.06086e-05
2.06405e-05
2.06405e-05
2.06405e-05
2.06405e-05
2.06405e-05
2.06405e-05
2.06405e-05
2.06405e-05
2.06405e-05
2.06405e-05
2.06405e-05
2.06405e-05
2.06405e-05
2.06405e-05
2.06405e-05
2.06405e-05
2.06405e-05
2.06405e-05
2.06405e-05
2.06405e-05
2.06405e-05
2.06405e-05
2.06405e-05
2.06405e-05
2.06405e-05
2.06405e-05
2.06405e-05
2.06258e-05
2.06258e-05
2.06258e-05
2.06258e-05
1.89752e-05
1.52148e-05
1.52148e-05
1.5409e-05
1.5409e-05
1.61478e-05
1.61478e-05
1.61478e-05
1.60479e-05
1.60479e-05
1.51114e-05
1.51114e-05
1.51114e-05
1.51114e-05
1.51114e-05
1.51114e-05
1.51114e-05
1.51114e-05
1.51114e-05
1.51114e-05
1.51114e-05
1.51114e-05
1.51114e-05
1.51114e-05
1.51114e-05
1.51114e-05
1.51114e-05
1.51114e-05
1.51114e-05
1.51114e-05
1.51094e-05
1.5078e-05
1.50257e-05
1.50257e-05
1.50304e-05
1.50304e-05
1.50304e-05
1.49937e-05
1.49937e-05
1.49937e-05
1.49865e-05
1.49865e-05
1.49865e-05
1.49865e-05
1.49865e-05
1.49865e-05
1.49865e-05
9.33171e-06
9.33171e-06
9.33171e-06
9.33171e-06
9.33171e-06
9.33171e-06
8.2174e-06
8.21621e-06
8.21621e-06
8.21621e-06
8.21621e-06
8.21621e-06
1.96675e-06
1.96675e-06
1.96675e-06
1.96675e-06
1.96675e-06
1.96675e-06
1.86129e-06
1.86129e-06
1.86129e-06
1.86129e-06
1.86129e-06
1.86129e-06
1.70931e-06
1.70931e-06
1.70931e-06
1.70931e-06
1.70931e-06
1.70931e-06
1.70931e-06
1.70931e-06
1.70931e-06
1.70931e-06
1.68773e-06
1.68773e-06
1.68773e-06
1.68773e-06
1.68773e-06
1.68773e-06
1.68773e-06
1.68773e-06
1.68773e-06
1.68773e-06
1.68773e-06
1.68399e-06
1.68399e-06
1.68399e-06
1.68399e-06
1.68399e-06
1.68399e-06
1.68399e-06
1.68399e-06
1.68399e-06
1.68399e-06
1.68399e-06
1.68399e-06
1.68399e-06
1.68399e-06
1.68589e-06
1.68589e-06
1.68589e-06
1.68589e-06
1.68589e-06
1.68589e-06
1.68589e-06
1.68589e-06
1.68589e-06
1.68589e-06
1.68589e-06
1.68589e-06
1.68589e-06
1.68589e-06
1.68589e-06
1.68589e-06
1.68589e-06
1.68589e-06
1.68589e-06
1.68589e-06
1.68634e-06
1.68632e-06
1.68632e-06
1.68632e-06
1.68632e-06
1.68632e-06
1.68632e-06
1.68632e-06
1.68632e-06
1.68632e-06
1.68632e-06
1.68632e-06
1.68632e-06
1.68632e-06
1.68632e-06
1.68632e-06
1.68632e-06
1.68632e-06
1.68632e-06
1.68632e-06
1.68632e-06
1.68632e-06
1.68632e-06
1.68632e-06
1.68632e-06
1.68632e-06
1.68632e-06
1.68632e-06
1.68632e-06
1.68632e-06
1.68632e-06
1.68632e-06
1.68632e-06
1.68632e-06
1.68632e-06
1.68632e-06
1.68633e-06
1.68633e-06
1.68633e-06
1.68635e-06
1.68635e-06
1.68635e-06
1.68635e-06
1.68635e-06
1.68635e-06
1.68635e-06
1.68635e-06
1.68635e-06
1.68635e-06
1.68635e-06
1.68635e-06
1.68635e-06
1.68635e-06
1.68635e-06
1.68641e-06
1.68641e-06
1.68641e-06
1.68641e-06
1.68641e-06
1.68641e-06
1.68641e-06
1.68641e-06
1.68641e-06
1.68641e-06
1.68641e-06
1.68641e-06
1.67867e-06
1.67867e-06
1.67867e-06
1.67867e-06
1.67867e-06
1.67867e-06
1.67867e-06
1.67867e-06
1.67867e-06
1.67867e-06
1.67867e-06
1.67867e-06
1.67867e-06
1.67867e-06
1.67867e-06
1.67867e-06
1.67867e-06
1.67867e-06
1.67867e-06
1.67867e-06
1.67867e-06
1.67867e-06
1.67867e-06
1.67867e-06
1.67868e-06
1.67868e-06
1.67868e-06
1.67868e-06
1.67868e-06
1.67868e-06
1.67868e-06
1.67868e-06
1.67874e-06
1.67874e-06
1.67874e-06
1.67874e-06
1.67874e-06
1.67905e-06
5.66206e-07
5.66206e-07
5.66206e-07
5.66206e-07
5.66206e-07
5.66206e-07
5.66206e-07
5.66206e-07
5.66206e-07
5.66206e-07
5.66206e-07
5.66206e-07
5.66206e-07
5.66206e-07
6.40232e-07
6.40232e-07
6.40232e-07
6.40232e-07
6.40232e-07
6.40232e-07
6.40232e-07
6.40232e-07
6.40232e-07
6.40232e-07
6.40232e-07
6.40232e-07
6.40232e-07
7.4675e-07
7.4675e-07
7.4675e-07
7.4675e-07
7.4675e-07
7.4675e-07
7.4675e-07
7.4675e-07
7.4675e-07
7.4675e-07
7.4675e-07
7.4675e-07
7.4675e-07
7.4675e-07
7.4675e-07
7.49568e-07
7.49568e-07
7.49568e-07
7.49568e-07
7.49568e-07
7.49568e-07
7.49568e-07
7.49568e-07
7.49568e-07
7.49568e-07
7.49568e-07
7.49568e-07
7.49568e-07
7.49568e-07
7.49568e-07
7.49568e-07
7.49568e-07
7.52155e-07
7.53711e-07
7.53711e-07
7.53711e-07
7.53711e-07
7.53711e-07
7.53711e-07
7.53711e-07
7.53711e-07
7.53711e-07
7.56214e-07
7.56214e-07
7.56214e-07
7.56214e-07
7.56214e-07
7.56214e-07
7.56214e-07
7.56214e-07
7.56214e-07
7.56214e-07
7.56214e-07
7.56214e-07
7.58223e-07
7.58223e-07
7.58223e-07
7.58223e-07
7.58223e-07
7.58223e-07
7.58223e-07
7.58223e-07
7.58223e-07
7.58223e-07
7.58223e-07
7.58223e-07
7.58223e-07
7.58223e-07
7.58223e-07
7.58223e-07
7.58223e-07
7.58223e-07
7.58223e-07
7.58223e-07
7.58223e-07
7.58223e-07
7.6049e-07
7.6049e-07
7.6049e-07
7.6049e-07
7.60565e-07
7.60565e-07
5.63081e-07
5.39495e-07
5.39495e-07
5.39495e-07
5.39495e-07
5.39495e-07
5.39495e-07
5.39495e-07
5.39495e-07
5.39495e-07
5.39495e-07
5.39031e-07
5.38586e-07
5.38586e-07
5.38586e-07
5.38586e-07
5.38586e-07
5.38586e-07
5.35284e-07
5.35284e-07
5.35284e-07
5.35284e-07
5.35284e-07
5.35284e-07
5.35284e-07
5.35284e-07
5.35226e-07
5.35226e-07
5.35226e-07
5.34753e-07
5.34753e-07
5.34753e-07
5.34753e-07
5.32844e-07
5.32844e-07
5.32844e-07
5.32844e-07
5.32844e-07
5.32844e-07
5.32844e-07
5.32844e-07
5.32844e-07
5.32844e-07
5.32541e-07
5.32541e-07
5.32541e-07
5.32541e-07
5.32605e-07
5.32605e-07
5.32689e-07
5.32689e-07
5.32689e-07
5.32689e-07
5.32689e-07
5.32689e-07
5.32689e-07
5.32689e-07
5.32689e-07
5.32689e-07
5.32689e-07
5.32689e-07
5.3258e-07
5.3258e-07
5.3258e-07
5.3258e-07
5.3258e-07
5.3258e-07
5.3258e-07
5.3258e-07
5.3258e-07
5.3258e-07
5.3258e-07
5.3258e-07
5.3258e-07
5.3258e-07
5.3258e-07
5.3258e-07
5.3258e-07
5.3258e-07
5.32689e-07
5.32689e-07
5.32689e-07
5.32689e-07
5.32689e-07
5.32689e-07
5.32642e-07
5.32642e-07
5.32642e-07
5.32642e-07
5.32642e-07
5.32642e-07
5.32642e-07
5.32642e-07
5.29681e-07
5.29681e-07
5.29681e-07
5.29681e-07
5.29681e-07
5.29681e-07
5.29681e-07
5.29681e-07
5.29681e-07
5.29734e-07
5.29734e-07
5.29734e-07
5.29734e-07
5.29734e-07
5.29734e-07
5.29734e-07
5.29734e-07
5.29734e-07
5.29734e-07
5.29734e-07
5.25422e-07
5.25422e-07
5.25422e-07
5.25422e-07
5.18247e-07
5.18247e-07
5.17675e-07
5.17675e-07
5.17675e-07
5.17675e-07
5.16823e-07
5.16823e-07
5.16823e-07
5.16823e-07
5.12594e-07
5.12594e-07
5.12594e-07
5.12594e-07
5.12594e-07
5.12594e-07
5.12594e-07
5.12594e-07
1.56763e-08
1.56763e-08
1.44928e-08
1.44928e-08
1.44928e-08
1.44928e-08
1.44928e-08
1.44928e-08
1.44928e-08
1.44928e-08
1.44928e-08
1.44928e-08
1.44928e-08
1.44928e-08
1.67787e-09
1.67787e-09
1.67787e-09
1.67787e-09
1.67787e-09
1.67787e-09
1.67787e-09
1.67787e-09
1.67787e-09
1.67787e-09
1.67787e-09
1.70515e-09
1.46958e-09
1.46958e-09
1.46958e-09
1.46958e-09
1.46958e-09
1.46958e-09
1.46958e-09
1.46958e-09
1.46958e-09
1.46958e-09
1.46958e-09
1.46958e-09
1.46958e-09
1.46958e-09
1.46958e-09
1.46958e-09
7.04128e-10
7.04128e-10
7.04128e-10
7.04128e-10
7.04128e-10
7.04128e-10
7.04128e-10
7.04128e-10
7.04128e-10
7.04128e-10
7.04128e-10
7.04128e-10
7.04128e-10
7.04128e-10
6.93773e-10
6.93773e-10
6.93773e-10
6.32115e-10
6.32115e-10
6.31511e-10
6.31511e-10
6.31511e-10
6.31511e-10
6.31511e-10
6.31511e-10
6.31511e-10
6.31511e-10
6.31511e-10
6.31511e-10
6.31511e-10
6.3151e-10
6.16199e-10
6.16199e-10
6.16199e-10
6.16199e-10
6.16199e-10
6.16199e-10
6.16199e-10
6.1619e-10
6.1619e-10
6.1619e-10
6.1619e-10
6.1619e-10
6.16262e-10
6.16262e-10
6.16262e-10
6.17291e-10
6.17595e-10
6.17595e-10
6.17595e-10
6.17595e-10
6.17595e-10
6.19853e-10
6.19853e-10
6.19853e-10
6.19853e-10
6.19853e-10
6.18516e-10
6.18516e-10
6.18516e-10
6.18516e-10
6.18516e-10
6.18516e-10
6.18516e-10
6.18516e-10
6.18516e-10
6.17585e-10
6.15389e-10
6.15389e-10
6.15389e-10
6.15389e-10
6.15389e-10
6.15389e-10
6.15389e-10
6.15389e-10
6.15389e-10
6.15389e-10
6.15389e-10
6.15389e-10
6.15389e-10
6.15389e-10
6.1473e-10
6.1473e-10
6.1473e-10
6.1473e-10
6.1473e-10
6.1473e-10
6.1473e-10
6.14971e-10
6.14971e-10
6.14865e-10
6.14865e-10
6.14865e-10
6.14865e-10
6.14865e-10
6.14865e-10
6.14865e-10
6.14865e-10
6.14865e-10
6.14865e-10
6.14865e-10
6.14865e-10
6.14865e-10
6.14865e-10
4.78862e-10
4.78862e-10
4.78862e-10
4.78862e-10
4.78862e-10
4.78862e-10
4.82717e-10
4.744e-10
4.744e-10
4.73025e-10
4.73025e-10
4.73025e-10
4.73025e-10
4.73025e-10
4.73025e-10
4.73025e-10
4.73025e-10
4.73025e-10
4.73025e-10
4.73025e-10
4.73025e-10
4.73025e-10
4.73025e-10
4.73025e-10
4.73025e-10
4.73025e-10
4.73025e-10
4.73025e-10
4.73025e-10
4.73025e-10
4.73059e-10
4.73059e-10
4.73059e-10
4.73059e-10
4.73059e-10
4.73059e-10
4.73059e-10
4.73059e-10
4.73535e-10
4.73535e-10
4.73535e-10
4.73535e-10
4.73535e-10
4.73535e-10
4.73535e-10
4.73535e-10
4.73838e-10
4.73838e-10
4.73838e-10
4.73838e-10
4.73838e-10
4.73838e-10
4.73838e-10
4.73838e-10
4.73838e-10
4.74361e-10
4.74361e-10
4.74361e-10
4.74361e-10
4.74573e-10
4.74573e-10
4.74573e-10
4.74573e-10
4.74573e-10
4.7479e-10
4.7479e-10
4.7479e-10
4.7479e-10
4.7479e-10
4.7479e-10
4.7479e-10
4.7479e-10
4.7479e-10
4.7479e-10
4.74923e-10
4.74923e-10
4.74923e-10
4.74923e-10
4.74923e-10
4.74924e-10
4.47431e-10
4.47431e-10
4.47431e-10
4.47431e-10
4.47431e-10
4.47431e-10
4.47431e-10
4.47431e-10
4.47431e-10
4.47431e-10
4.47431e-10
4.47431e-10
4.48193e-10
4.48193e-10
4.48193e-10
4.48193e-10
4.48193e-10
4.48435e-10
4.48435e-10
4.48435e-10
4.48435e-10
4.48435e-10
4.48435e-10
4.48435e-10
4.48435e-10
4.48435e-10
4.48435e-10
4.48435e-10
4.48435e-10
4.48435e-10
4.48435e-10
4.48435e-10
4.48435e-10
4.48435e-10
4.48435e-10
4.48435e-10
4.48435e-10
4.48435e-10
4.48435e-10
4.48435e-10
4.48435e-10
4.48435e-10
4.48435e-10
4.48435e-10
4.48435e-10
4.48435e-10
4.48432e-10
4.48432e-10
4.48432e-10
4.48432e-10
4.48432e-10
4.48432e-10
4.48432e-10
4.48432e-10
4.48432e-10
4.48432e-10
4.48432e-10
4.48546e-10
4.48546e-10
4.46952e-10
4.46952e-10
4.46952e-10
4.46952e-10
4.46952e-10
4.46952e-10
4.46952e-10
4.46952e-10
4.46952e-10
4.46952e-10
4.46952e-10
4.46952e-10
4.46952e-10
4.46952e-10
4.46952e-10
4.46952e-10
4.47659e-10
4.47659e-10
4.47659e-10
4.47659e-10
4.47659e-10
4.47659e-10
4.47659e-10
4.47659e-10
4.47659e-10
4.47659e-10
4.47659e-10
4.47659e-10
4.47659e-10
4.47659e-10
4.47659e-10
4.47659e-10
4.47659e-10
4.47659e-10
4.47659e-10
4.47659e-10
4.47659e-10
4.47659e-10
4.47659e-10
4.47659e-10
4.47659e-10
4.47659e-10
4.47659e-10
4.47659e-10
4.47659e-10
4.4766e-10
4.4766e-10
4.4766e-10
4.4766e-10
4.46096e-10
4.46096e-10
4.46128e-10
4.46128e-10
4.46128e-10
4.46128e-10
4.46128e-10
4.46128e-10
4.46128e-10
4.46128e-10
4.46128e-10
4.46128e-10
4.46128e-10
4.46128e-10
4.46128e-10
4.46128e-10
4.46128e-10
4.46128e-10
4.46128e-10
4.4616e-10
4.4616e-10
4.4616e-10
4.4616e-10
4.4616e-10
4.4616e-10
4.4616e-10
4.4616e-10
4.4616e-10
4.4616e-10
4.4616e-10
4.4616e-10
4.4616e-10
4.4616e-10
4.4616e-10
4.4616e-10
4.44632e-10
4.44632e-10
4.44632e-10
4.44632e-10
4.44632e-10
4.44632e-10
4.44632e-10
4.44632e-10
4.44632e-10
4.44632e-10
4.4522e-10
4.4522e-10
4.4522e-10
4.4522e-10
4.4522e-10
4.4522e-10
4.4522e-10
4.4522e-10
4.4522e-10
4.4522e-10
4.4522e-10
4.4522e-10
4.4522e-10
4.4522e-10
4.45441e-10
4.45441e-10
4.45441e-10
4.45435e-10
4.45435e-10
4.45435e-10
4.45435e-10
4.45435e-10
4.45435e-10
4.45435e-10
4.45435e-10
4.45435e-10
4.45435e-10
4.45435e-10
4.45435e-10
4.45435e-10
4.45435e-10
4.45435e-10
4.45435e-10
4.45435e-10
4.45435e-10
4.45435e-10
4.45435e-10
4.45435e-10
4.45435e-10
4.45435e-10
4.45443e-10
4.45443e-10
4.45443e-10
4.45443e-10
4.45443e-10
4.45443e-10
4.45443e-10
4.45443e-10
4.45443e-10
4.45443e-10
4.45443e-10
4.45443e-10
4.45443e-10
4.45443e-10
4.45443e-10
4.45443e-10
4.45443e-10
4.45443e-10
4.45443e-10
4.45443e-10
4.45443e-10
4.45443e-10
4.45443e-10
4.45443e-10
4.45443e-10
4.45443e-10
4.45443e-10
4.45443e-10
4.45443e-10
4.45443e-10
4.45443e-10
4.45443e-10
4.45443e-10
4.45443e-10
4.4578e-10
4.4578e-10
4.4578e-10
4.4578e-10
4.4578e-10
4.4578e-10
4.4578e-10
4.4578e-10
4.4578e-10
4.4578e-10
4.4578e-10
4.4578e-10
4.46855e-10
4.47132e-10
4.47132e-10
4.47132e-10
4.47132e-10
4.47132e-10
4.47132e-10
4.47132e-10
4.47132e-10
4.47132e-10
4.47132e-10
4.47132e-10
4.47132e-10
4.47132e-10
4.47132e-10
4.47132e-10
4.47132e-10
4.47132e-10
4.47132e-10
4.47132e-10
4.47132e-10
4.47132e-10
4.47132e-10
4.47132e-10
4.47132e-10
4.45994e-10
4.45994e-10
4.45935e-10
4.45862e-10
4.45862e-10
4.45862e-10
4.45862e-10
4.45863e-10
4.45863e-10
4.45863e-10
4.45863e-10
4.45863e-10
4.45863e-10
4.45863e-10
4.45945e-10
4.45945e-10
4.45945e-10
4.45945e-10
4.45945e-10
4.45945e-10
4.45945e-10
4.45945e-10
4.45945e-10
4.45945e-10
4.45945e-10
4.45945e-10
4.45945e-10
4.45945e-10
4.45945e-10
4.45945e-10
4.45945e-10
4.45945e-10
4.45945e-10
4.45962e-10
4.45962e-10
4.45962e-10
4.45962e-10
4.45962e-10
4.45962e-10
4.45962e-10
4.45962e-10
4.45962e-10
4.45962e-10
4.45962e-10
4.45962e-10
4.45962e-10
4.45962e-10
4.45962e-10
4.45962e-10
4.45962e-10
4.45962e-10
4.45962e-10
4.45962e-10
4.45962e-10
4.45962e-10
4.45962e-10
4.45966e-10
4.45966e-10
4.45966e-10
4.45966e-10
4.45966e-10
4.4597e-10
4.4597e-10
4.4597e-10
4.4597e-10
4.45974e-10
4.45974e-10
4.45974e-10
4.45974e-10
4.45974e-10
4.45974e-10
4.45974e-10
4.45974e-10
4.45974e-10
4.45974e-10
4.45974e-10
4.45974e-10
4.45974e-10
4.45974e-10
4.45974e-10
4.45974e-10
4.45974e-10
4.45974e-10
4.45974e-10
4.45974e-10
4.45974e-10
4.45974e-10
4.45974e-10
4.45974e-10
4.45974e-10
4.45974e-10
4.45974e-10
4.45974e-10
4.45974e-10
4.45974e-10
4.45974e-10
4.45974e-10
4.45974e-10
4.45974e-10
4.45974e-10
4.45974e-10
4.45974e-10
4.45974e-10
4.45974e-10
4.45974e-10
4.45974e-10
4.45974e-10
4.453e-10
4.453e-10
4.453e-10
4.453e-10
4.453e-10
4.453e-10
4.45298e-10
4.45298e-10
4.45298e-10
4.45298e-10
4.45298e-10
4.45297e-10
4.45297e-10
4.45297e-10
4.45297e-10
4.45297e-10
4.45296e-10
4.45296e-10
4.45296e-10
4.45296e-10
4.45296e-10
4.45296e-10
4.45297e-10
4.45297e-10
4.45297e-10
4.45297e-10
4.45297e-10
4.45297e-10
4.45297e-10
4.13748e-10
4.13748e-10
4.13748e-10
4.13748e-10
4.13748e-10
4.13748e-10
4.13748e-10
4.13748e-10
4.14326e-10
4.14326e-10
4.14326e-10
4.14326e-10
4.14326e-10
4.14326e-10
4.14326e-10
4.14326e-10
4.14326e-10
4.14326e-10
4.14326e-10
4.14326e-10
4.14326e-10
4.14326e-10
4.14326e-10
4.14326e-10
4.14326e-10
4.14326e-10
4.14326e-10
4.14326e-10
4.14326e-10
4.14326e-10
4.14326e-10
4.14326e-10
4.14326e-10
4.14326e-10
4.14326e-10
4.14326e-10
4.14565e-10
4.14565e-10
4.14565e-10
4.14565e-10
4.14565e-10
4.14565e-10
4.14565e-10
4.14565e-10
4.14565e-10
4.14565e-10
4.14565e-10
4.14565e-10
4.14565e-10
4.14565e-10
4.14565e-10
4.14565e-10
4.14565e-10
4.14565e-10
4.15134e-10
4.15134e-10
4.15134e-10
4.15134e-10
4.15134e-10
4.15134e-10
4.15133e-10
4.15133e-10
4.15133e-10
4.15133e-10
4.15133e-10
4.15133e-10
4.15133e-10
4.15133e-10
4.15133e-10
4.15133e-10
4.15133e-10
4.15133e-10
4.15133e-10
4.15133e-10
4.15133e-10
4.15133e-10
4.15133e-10
4.15133e-10
4.15133e-10
4.15133e-10
4.15133e-10
4.15133e-10
4.15133e-10
4.15133e-10
4.15133e-10
4.15133e-10
4.15133e-10
4.15133e-10
4.15133e-10
4.15133e-10
4.15133e-10
4.15133e-10
4.15133e-10
4.15133e-10
4.15133e-10
4.15133e-10
4.15133e-10
4.15133e-10
4.15133e-10
4.15133e-10
4.15133e-10
4.15133e-10
4.15133e-10
4.15133e-10
4.15133e-10
4.15133e-10
4.15133e-10
4.15133e-10
4.15133e-10
4.15133e-10
4.15133e-10
4.15133e-10
4.15133e-10
4.15133e-10
4.15133e-10
4.15133e-10
4.15133e-10
4.15133e-10
4.15133e-10
4.15133e-10
4.15133e-10
4.15133e-10
4.15133e-10
4.15133e-10
4.15133e-10
4.15131e-10
4.15131e-10
4.15131e-10
4.15131e-10
4.15131e-10
4.15131e-10
4.15131e-10
4.15131e-10
4.15131e-10
4.15131e-10
4.15131e-10
4.15131e-10
4.15131e-10
4.15131e-10
4.15131e-10
4.15131e-10
4.15131e-10
4.15132e-10
4.15132e-10
4.15136e-10
4.15136e-10
4.15136e-10
4.15174e-10
4.15174e-10
4.15174e-10
4.15175e-10
4.15175e-10
4.15175e-10
4.15175e-10
4.15175e-10
4.15175e-10
4.15175e-10
4.15175e-10
4.15175e-10
4.15175e-10
4.15175e-10
4.15175e-10
4.15175e-10
4.15175e-10
4.15175e-10
4.15175e-10
4.1518e-10
4.1518e-10
4.1518e-10
4.1518e-10
4.1518e-10
4.1518e-10
4.1518e-10
4.1518e-10
4.1518e-10
4.15186e-10
4.15186e-10
4.15186e-10
4.15186e-10
4.15186e-10
4.15186e-10
4.15186e-10
4.15186e-10
4.15196e-10
4.15196e-10
4.15196e-10
4.15196e-10
4.15196e-10
4.15196e-10
4.15196e-10
4.15196e-10
4.15196e-10
4.15196e-10
4.15197e-10
4.15197e-10
4.15197e-10
4.15197e-10
4.15197e-10
4.15197e-10
4.15197e-10
4.15197e-10
4.15197e-10
4.15197e-10
4.15197e-10
4.15197e-10
4.15197e-10
4.15197e-10
4.15197e-10
4.152e-10
4.152e-10
4.15201e-10
4.15201e-10
4.15201e-10
4.15201e-10
4.15201e-10
4.15201e-10
4.15201e-10
4.15201e-10
4.15201e-10
4.15201e-10
4.15201e-10
4.15201e-10
4.15201e-10
4.15201e-10
4.15201e-10
4.15201e-10
4.15201e-10
4.15201e-10
4.15201e-10
4.15201e-10
4.15201e-10
4.15201e-10
4.15201e-10
4.15201e-10
4.15201e-10
4.15201e-10
4.15201e-10
4.15201e-10
4.15201e-10
4.15201e-10
4.15201e-10
4.15201e-10
4.15201e-10
4.15201e-10
4.15201e-10
4.15201e-10
4.15201e-10
4.15201e-10
4.15201e-10
4.15201e-10
4.15201e-10
4.15201e-10
4.15201e-10
4.15201e-10
4.15201e-10
4.15201e-10
4.15201e-10
4.15201e-10
4.15201e-10
4.15201e-10
4.15201e-10
4.15201e-10
4.15201e-10
4.15201e-10
4.15201e-10
4.15201e-10
4.15201e-10
4.15201e-10
4.152e-10
4.152e-10
4.152e-10
4.152e-10
4.152e-10
4.152e-10
4.152e-10
4.152e-10
4.152e-10
4.152e-10
4.152e-10
4.152e-10
4.152e-10
4.152e-10
4.152e-10
4.152e-10
4.152e-10
4.152e-10
4.152e-10
4.152e-10
4.152e-10
4.152e-10
4.152e-10
4.152e-10
4.152e-10
4.152e-10
4.152e-10
4.152e-10
4.152e-10
4.152e-10
4.152e-10
4.152e-10
4.152e-10
4.152e-10
4.152e-10
4.152e-10
4.152e-10
4.152e-10
4.152e-10
4.152e-10
4.152e-10
4.152e-10
4.152e-10
4.152e-10
4.152e-10
4.152e-10
4.152e-10
4.152e-10
4.152e-10
4.152e-10
4.152e-10
4.152e-10
4.152e-10
4.152e-10
4.152e-10
4.152e-10
4.152e-10
4.152e-10
4.152e-10
4.152e-10
4.152e-10
4.152e-10
4.152e-10
4.152e-10
4.152e-10
4.152e-10
4.152e-10
4.152e-10
4.152e-10
4.152e-10
4.152e-10
4.152e-10
4.15191e-10
4.15191e-10
4.15192e-10
4.15192e-10
4.15192e-10
4.15192e-10
4.15192e-10
4.15192e-10
4.15192e-10
4.15192e-10
4.15192e-10
4.15192e-10
4.15192e-10
4.15192e-10
4.15192e-10
4.15192e-10
4.15192e-10
4.15192e-10
4.15192e-10
4.15192e-10
4.15192e-10
4.15192e-10
4.15192e-10
4.15192e-10
4.15192e-10
4.15192e-10
4.15192e-10
4.15192e-10
4.15192e-10
4.15193e-10
4.15193e-10
4.15193e-10
4.15193e-10
4.15193e-10
4.15193e-10
4.15193e-10
4.15193e-10
4.15193e-10
4.15193e-10
4.15193e-10
4.15193e-10
4.15193e-10
4.15193e-10
4.15193e-10
4.15193e-10
4.15193e-10
4.15193e-10
4.15193e-10
4.15193e-10
4.15193e-10
4.15194e-10
4.15194e-10
4.15194e-10
4.15194e-10
4.15194e-10
4.15194e-10
4.15195e-10
4.15195e-10
4.15195e-10
4.15195e-10
4.15195e-10
4.15195e-10
4.15195e-10
4.15195e-10
4.15195e-10
4.15195e-10
4.15195e-10
4.15195e-10
4.15195e-10
4.15195e-10
4.15195e-10
4.15195e-10
4.15195e-10
4.15195e-10
4.15195e-10
4.15195e-10
4.15195e-10
4.15195e-10
4.15195e-10
4.15195e-10
4.15195e-10
4.15195e-10
4.15195e-10
4.15195e-10
4.15195e-10
4.15195e-10
4.15195e-10
4.15195e-10
4.15195e-10
4.15195e-10
4.15195e-10
4.15195e-10
4.15195e-10
4.15195e-10
4.15195e-10
4.15195e-10
4.15195e-10
4.15195e-10
4.15195e-10
4.15195e-10
4.15195e-10
4.15195e-10
4.15195e-10
4.15195e-10
4.15195e-10
4.15195e-10
4.15195e-10
4.15195e-10
4.15195e-10
4.15195e-10
4.15195e-10
4.15195e-10
4.15195e-10
4.15195e-10
4.15195e-10
4.15195e-10
4.15195e-10
4.15195e-10
4.15195e-10
4.15195e-10
4.15195e-10
4.15195e-10
4.15195e-10
4.15195e-10
4.15195e-10
4.15195e-10
4.15195e-10
4.15195e-10
4.15195e-10
4.15195e-10
4.15195e-10
4.15195e-10
4.15195e-10
4.15195e-10
4.15195e-10
4.15195e-10
4.15195e-10
4.15195e-10
4.15195e-10
4.15195e-10
4.15195e-10
4.15195e-10
4.15195e-10
4.15195e-10
4.15195e-10
4.15195e-10
4.15195e-10
4.15195e-10
4.15195e-10
4.15195e-10
4.15195e-10
4.15195e-10
4.15195e-10
4.15195e-10
4.15195e-10
4.15195e-10
4.15195e-10
4.15195e-10
4.15195e-10
4.15195e-10
4.15195e-10
4.15195e-10
4.15195e-10
4.15195e-10
4.15195e-10
4.15195e-10
4.15195e-10
4.15195e-10
4.15195e-10
4.15195e-10
4.15195e-10
4.15195e-10
4.15195e-10
4.15195e-10
4.15195e-10
4.15195e-10
4.15195e-10
4.15195e-10
4.15195e-10
4.15195e-10
4.15195e-10
4.15195e-10
4.15195e-10
4.15195e-10
4.15195e-10
4.15195e-10
4.15195e-10
4.15195e-10
4.15195e-10
4.15195e-10
4.15195e-10
4.15195e-10
4.15195e-10
4.15195e-10
4.15195e-10
4.15195e-10
4.15195e-10
4.15195e-10
4.15195e-10
4.15195e-10
4.15195e-10
4.15195e-10
4.15195e-10
4.15195e-10
4.15195e-10
4.15195e-10
4.15195e-10
4.15195e-10
4.15195e-10
4.15195e-10
4.15195e-10
4.15195e-10
4.15195e-10
4.15195e-10
4.15195e-10
4.15195e-10
4.15195e-10
4.15195e-10
4.15195e-10
4.15195e-10
4.15195e-10
4.15195e-10
4.15195e-10
4.15195e-10
4.15195e-10
4.15195e-10
4.15195e-10
4.15195e-10
4.15195e-10
4.15195e-10
4.15195e-10
4.15195e-10
4.15195e-10
4.15195e-10
4.15195e-10
4.15195e-10
4.15195e-10
4.15195e-10
4.15195e-10
4.15195e-10
4.15195e-10
4.15195e-10
4.15195e-10
4.15195e-10
4.15195e-10
4.15195e-10
4.15195e-10
4.15195e-10
4.15195e-10
4.15195e-10
4.15195e-10
4.15195e-10
4.15195e-10
4.15195e-10
4.15195e-10
4.15195e-10
4.15195e-10
4.15195e-10
4.15195e-10
4.15195e-10
4.15195e-10
4.15195e-10
4.15195e-10
4.15195e-10
4.15195e-10
4.15195e-10
4.15196e-10
4.15196e-10
4.15196e-10
4.15197e-10
4.15197e-10
4.15197e-10
4.15197e-10
4.15197e-10
4.15197e-10
4.15197e-10
4.15197e-10
4.15197e-10
4.15197e-10
4.15197e-10
4.15197e-10
4.15197e-10
4.15197e-10
4.15197e-10
4.15197e-10
4.15197e-10
4.15197e-10
4.15197e-10
4.15197e-10
4.15197e-10
4.15198e-10
4.15198e-10
4.15199e-10
4.152e-10
4.152e-10
4.152e-10
4.152e-10
4.152e-10
4.152e-10
4.152e-10
4.152e-10
4.152e-10
4.152e-10
4.152e-10
4.152e-10
4.152e-10
4.152e-10
4.152e-10
4.152e-10
4.152e-10
4.152e-10
4.152e-10
4.152e-10
4.152e-10
4.152e-10


-2.03066e-05
-0.000105219
-0.000621182
-0.00237419
-0.00207007
0.00801147
0.0127626
-0.00600386
-0.00362821
0.00719587
0.0298096
0.049133
0.0539358
0.0646608
0.0755404
0.0693912
0.0418688
0.0347764
-0.0397233
-0.0627856
-0.0667815
-0.0500848
-0.0276052
-0.0378275
-0.0477536
-0.0752991
-0.0896136
-0.0855124
-0.0848504
0.163745

0.022

