0.921884
0.921884
0.921884
0.921884
0.921884
0.921884
0.921884
0.20338
0.20338
0.20338
0.20338
0.20338
0.20338
0.20338
0.20338
0.20338
0.20338
0.20338
0.20338
0.20338
0.499561
0.499561
0.48024
0.48024
0.48024
0.499561
0.499561
0.586937
0.586937
0.630115
0.630115
0.630115
0.630115
0.630115
0.630115
0.702039
0.702039
0.702039
0.702039
0.582911
0.702952
0.761943
0.761943
0.761943
0.761943
0.761943
0.761943
0.761943
0.75216
0.75216
0.727782
0.494301
0.494301
0.494301
0.458283
0.458283
0.494301
0.494301
0.794633
0.728114
0.728114
0.728114
0.728114
0.488214
0.466744
0.466744
0.466744
0.72488
0.501857
0.501857
0.501857
0.403548
0.501857
0.501857
0.501857
0.501857
0.501857
0.501857
0.387275
0.275986
0.275986
0.446647
0.446647
0.446647
0.446647
0.337172
0.221583
0.30861
0.30861
0.30861
0.30861
0.30861
0.400056
0.400056
0.400056
0.400056
0.400056
0.400056
0.400056
0.278552
0.278552
0.278552
0.263176
0.263176
0.263176
0.308992
0.308992
0.295964
0.285432
0.285432
0.285464
0.285464
0.285464
0.285464
0.285464
0.285464
0.285464
0.285464
0.525224
0.525224
0.525224
0.525256
0.525256
0.525256
0.516668
0.50691
0.50691
0.50691
0.50691
0.50691
0.50691
0.50691
0.50691
0.50691
0.50691
0.56923
0.56923
0.398807
0.398807
0.398807
0.541266
0.351225
0.351225
0.351225
0.292482
0.292482
0.292482
0.292482
0.292482
0.296028
0.296028
0.296028
0.296028
0.296028
0.296028
0.296028
0.296028
0.296028
0.296028
0.296028
0.296176
0.451582
0.428765
0.325122
0.325122
0.325122
0.325122
0.325122
0.325122
0.325122
0.325122
0.325122
0.325122
0.325122
0.325122
0.325122
0.325122
0.226592
0.292363
0.292363
0.292363
0.292363
0.292363
0.292363
0.292363
0.314318
0.314318
0.314318
0.467037
0.467037
0.467037
0.342628
0.342628
0.342628
0.342628
0.342628
0.342628
0.342628
0.342628
0.342628
0.342628
0.342628
0.342628
0.50058
0.50058
0.50058
0.474415
0.474415
0.474415
0.45409
0.45409
0.504385
0.504385
0.504385
0.504385
0.502556
0.504385
0.504385
0.504385
0.504385
0.504385
0.504385
0.504385
0.504385
0.504385
0.504385
0.504385
0.504385
0.504385
0.504385
0.504385
0.504385
0.504385
0.502496
0.46324
0.46324
0.46324
0.46324
0.46324
0.53111
0.632062
0.632062
0.429653
0.429653
0.227537
0.227537
0.227537
0.227537
0.227537
0.227537
0.227537
0.227537
0.227537
0.227537
0.250096
0.250096
0.250096
0.250096
0.250096
0.250096
0.250117
0.250117
0.23827
0.109943
0.109943
0.201126
0.201126
0.201126
0.201126
0.172509
0.172509
0.172509
0.172509
0.172509
0.172509
0.172509
0.172509
0.172509
0.172509
0.411514
0.429849
0.429849
0.429849
0.429849
0.399163
0.399163
0.399163
0.466368
0.466368
0.466368
0.318192
0.318192
0.318192
0.217388
0.262775
0.0884371
0.15888
0.154832
0.154832
0.154832
0.154832
0.157277
0.18286
0.18286
0.18286
0.182845
0.177235
0.177235
0.177235
0.165147
0.170885
0.170885
0.170885
0.170885
0.198482
0.15009
0.15009
0.152661
0.13511
0.13511
0.152661
0.207768
0.207768
0.207768
0.207768
0.207768
0.207768
0.207768
0.207768
0.207768
0.207768
0.207768
0.207768
0.207768
0.207768
0.333541
0.333541
0.333541
0.409204
0.409204
0.409204
0.434374
0.434374
0.420041
0.420041
0.420041
0.420041
0.418268
0.418268
0.418268
0.418268
0.442422
0.442422
0.442422
0.442422
0.442422
0.442422
0.442422
0.442422
0.442422
0.442422
0.442422
0.442422
0.528378
0.528378
0.528378
0.528378
0.577205
0.577205
0.577205
0.577205
0.577205
0.32564
0.32564
0.32564
0.32564
0.32564
0.154731
0.154731
0.257949
0.257949
0.257949
0.257949
0.257937
0.257937
0.248083
0.257937
0.257937
0.257937
0.257937
0.257937
0.31714
0.31714
0.295399
0.295399
0.295399
0.47238
0.47238
0.47238
0.47238
0.357158
0.357158
0.357158
0.357158
0.357158
0.357158
0.376467
0.376467
0.376467
0.376467
0.376467
0.376467
0.376467
0.376467
0.398095
0.398095
0.398095
0.398095
0.434075
0.434075
0.383841
0.383841
0.383841
0.383841
0.383841
0.383841
0.383841
0.383841
0.383841
0.371694
0.371706
0.372142
0.372142
0.372142
0.372142
0.372142
0.372142
0.372142
0.372142
0.329304
0.329304
0.329304
0.499488
0.499488
0.495193
0.495193
0.495193
0.495193
0.403011
0.282774
0.302966
0.302966
0.302966
0.302966
0.302966
0.302966
0.302966
0.302966
0.302966
0.505275
0.519309
0.519309
0.519309
0.519309
0.469959
0.469959
0.469959
0.431916
0.431916
0.226658
0.226658
0.226658
0.226658
0.226658
0.226658
0.226658
0.236272
0.236272
0.41718
0.41718
0.45126
0.45126
0.45126
0.45126
0.361625
0.45126
0.45126
0.45126
0.45126
0.45126
0.45126
0.532541
0.532541
0.532541
0.51179
0.51179
0.532541
0.532541
0.528371
0.532541
0.532541
0.532541
0.532541
0.536834
0.536834
0.536834
0.536834
0.536834
0.536834
0.536834
0.536834
0.536834
0.536834
0.536834
0.34412
0.382691
0.447262
0.447262
0.447262
0.447262
0.447262
0.447262
0.447262
0.4257
0.4257
0.4257
0.4257
0.4257
0.4257
0.4257
0.4257
0.353494
0.353494
0.353494
0.353494
0.353494
0.287283
0.287283
0.287283
0.429345
0.429345
0.477197
0.497
0.308246
0.402903
0.402903
0.402903
0.353487
0.501567
0.501567
0.423232
0.423232
0.423232
0.452324
0.452324
0.381097
0.381097
0.381097
0.364054
0.364054
0.364054
0.370912
0.376719
0.376719
0.444007
0.400372
0.400372
0.400372
0.400372
0.400372
0.400372
0.400372
0.400372
0.400372
0.400372
0.400372
0.443952
0.443952
0.284951
0.284951
0.356805
0.356805
0.343539
0.343539
0.343539
0.343539
0.343539
0.343539
0.343539
0.343539
0.343539
0.278116
0.278116
0.278116
0.278116
0.278089
0.278089
0.278089
0.278089
0.278089
0.517953
0.517953
0.517953
0.517953
0.517953
0.517953
0.36003
0.359779
0.361073
0.361073
0.361073
0.361073
0.361073
0.361073
0.361073
0.148387
0.148387
0.148387
0.148387
0.148387
0.148387
0.148387
0.148387
0.148387
0.148387
0.148387
0.148387
0.148387
0.148387
0.148387
0.148387
0.148387
0.398037
0.398037
0.424037
0.424037
0.424037
0.436467
0.436467
0.436467
0.436467
0.510145
0.596631
0.596631
0.596631
0.590432
0.590432
0.590432
0.590432
0.554786
0.554786
0.554786
0.554786
0.554785
0.554785
0.554785
0.554785
0.554785
0.554785
0.554785
0.554785
0.554785
0.554785
0.554785
0.53242
0.317438
0.317438
0.317438
0.317438
0.317438
0.317438
0.317438
0.317438
0.317438
0.317438
0.317438
0.317438
0.317438
0.256801
0.378998
0.378998
0.378998
0.262739
0.262739
0.262739
0.262739
0.262739
0.262739
0.262739
0.262739
0.262739
0.262739
0.262739
0.34578
0.34578
0.34578
0.34578
0.34578
0.472896
0.472896
0.472896
0.472896
0.348948
0.198727
0.198727
0.198727
0.198727
0.198727
0.198727
0.198727
0.198727
0.198727
0.198727
0.350331
0.230603
0.230603
0.230451
0.230451
0.230451
0.230451
0.230451
0.230451
0.230451
0.162539
0.162539
0.162539
0.162539
0.162539
0.162539
0.183694
0.183694
0.195573
0.195352
0.195352
0.195352
0.195352
0.162118
0.158531
0.158531
0.195352
0.28749
0.28749
0.276933
0.289899
0.289899
0.289899
0.195567
0.195567
0.195567
0.195567
0.195567
0.195567
0.195567
0.233855
0.166692
0.166692
0.166692
0.159799
0.159799
0.159799
0.159799
0.159799
0.216608
0.216608
0.216608
0.221638
0.221638
0.221638
0.221638
0.221638
0.254559
0.216462
0.216462
0.216462
0.216462
0.216462
0.216462
0.216462
0.216462
0.216462
0.216462
0.216461
0.216461
0.164024
0.157386
0.216461
0.216461
0.216461
0.216461
0.216461
0.216461
0.216461
0.162887
0.208668
0.171724
0.152183
0.152183
0.152183
0.152183
0.150871
0.150871
0.150871
0.150871
0.150871
0.126887
0.126887
0.126887
0.150871
0.234658
0.234658
0.234658
0.234658
0.234658
0.234658
0.192973
0.192973
0.192973
0.157367
0.157367
0.157367
0.120048
0.121798
0.121798
0.117379
0.117379
0.117379
0.117379
0.11418
0.0862063
0.0862063
0.0862063
0.0862063
0.0862063
0.0901961
0.0901961
0.0793027
0.0793027
0.0793027
0.0793027
0.0793027
0.0793027
0.0793027
0.100764
0.100764
0.100764
0.100764
0.100764
0.100764
0.100764
0.100764
0.100764
0.100764
0.100764
0.136086
0.136086
0.12584
0.12584
0.12584
0.12584
0.129327
0.129327
0.129327
0.129327
0.129327
0.184001
0.184001
0.174999
0.174999
0.174999
0.174999
0.17582
0.17582
0.17582
0.184417
0.184417
0.184417
0.184417
0.184417
0.184417
0.184417
0.181623
0.180144
0.180144
0.180144
0.180144
0.180144
0.180144
0.169706
0.169706
0.131608
0.0732763
0.0992815
0.0992815
0.0992815
0.0992815
0.0992815
0.0992815
0.0992815
0.0992815
0.124626
0.124626
0.124626
0.083048
0.0751209
0.0751209
0.0751209
0.0769323
0.0769323
0.0769323
0.0769323
0.0769323
0.0323837
0.0323837
0.0323837
0.0743268
0.0743268
0.0743268
0.0743268
0.0743268
0.0638762
0.0638762
0.0465058
0.0465058
0.0465058
0.0863633
0.0863633
0.0863633
0.0863633
0.0863633
0.0863633
0.1436
0.1436
0.1436
0.109528
0.0549943
0.0549943
0.0549943
0.0549943
0.0549943
0.0549943
0.0549943
0.0549943
0.0549943
0.0610435
0.0610435
0.0610435
0.0610435
0.0610435
0.0610435
0.0610435
0.0610435
0.160638
0.160638
0.160638
0.16039
0.16039
0.16039
0.0519395
0.0519395
0.16039
0.16039
0.16039
0.0605777
0.0605777
0.0605777
0.0605777
0.0605777
0.0600697
0.153884
0.17368
0.17368
0.17368
0.17368
0.17368
0.17368
0.159552
0.159552
0.0721428
0.0721428
0.0721428
0.0721428
0.0721428
0.0721428
0.0721428
0.0721428
0.0721428
0.0721428
0.0721428
0.0721428
0.0721428
0.0721428
0.0721428
0.1036
0.101424
0.101424
0.127395
0.127395
0.127395
0.127395
0.127395
0.127395
0.318045
0.318045
0.318045
0.318045
0.318045
0.318045
0.318045
0.318045
0.318045
0.318045
0.318045
0.318045
0.318045
0.352078
0.352078
0.135418
0.0869444
0.0869444
0.0869444
0.0869444
0.0869444
0.349855
0.349855
0.125006
0.125006
0.125006
0.349855
0.349855
0.349855
0.449413
0.449413
0.457219
0.457219
0.457219
0.457219
0.457219
0.457219
0.457219
0.457219
0.457219
0.128155
0.128155
0.134969
0.134969
0.134969
0.074749
0.074749
0.074749
0.074749
0.074749
0.074749
0.074749
0.074749
0.074749
0.074749
0.074749
0.074749
0.074749
0.074749
0.074749
0.074749
0.0747485
0.0747485
0.140387
0.143478
0.139401
0.139401
0.139401
0.139401
0.139401
0.140415
0.131743
0.0938204
0.0938204
0.0938204
0.11389
0.11389
0.11389
0.11389
0.111834
0.111834
0.124242
0.124242
0.124242
0.124242
0.124242
0.124242
0.174183
0.198967
0.198967
0.198967
0.195678
0.195678
0.195678
0.195678
0.179776
0.179776
0.179776
0.195678
0.195678
0.195678
0.195678
0.195678
0.167595
0.202595
0.202595
0.202595
0.302661
0.302661
0.302661
0.302661
0.335965
0.335965
0.335965
0.3863
0.3863
0.377471
0.377471
0.377471
0.377471
0.377471
0.349243
0.351485
0.351485
0.351485
0.351485
0.200949
0.15674
0.15674
0.15674
0.15674
0.15674
0.15674
0.188307
0.188307
0.188307
0.188307
0.188307
0.217052
0.217052
0.217052
0.220479
0.154108
0.165555
0.165555
0.165555
0.233528
0.233528
0.233528
0.233528
0.233528
0.233528
0.233528
0.233528
0.233528
0.233528
0.233528
0.233528
0.192577
0.192577
0.192577
0.192577
0.192577
0.276798
0.240646
0.240646
0.122898
0.122898
0.122898
0.122898
0.122898
0.122898
0.122898
0.122898
0.122898
0.122898
0.122898
0.0702092
0.0702092
0.0702092
0.0696806
0.0696806
0.0696806
0.0696806
0.0696806
0.0696806
0.0696806
0.0696806
0.0704773
0.0704773
0.0908603
0.0908603
0.0908603
0.0908603
0.0908603
0.127129
0.127129
0.127129
0.127129
0.127129
0.170535
0.170535
0.169492
0.169492
0.1689
0.175501
0.175501
0.175501
0.175501
0.175501
0.181707
0.181707
0.181707
0.181707
0.208122
0.208122
0.208122
0.208122
0.35913
0.379023
0.379023
0.379023
0.379023
0.202887
0.202857
0.201718
0.201718
0.20332
0.20332
0.20332
0.20332
0.20332
0.316779
0.209015
0.209015
0.209015
0.209015
0.308804
0.279751
0.279751
0.284612
0.427629
0.330944
0.327218
0.327218
0.327218
0.327218
0.326495
0.340868
0.340868
0.340868
0.340868
0.340868
0.340868
0.340868
0.340868
0.340868
0.307591
0.307591
0.307591
0.307591
0.200088
0.200088
0.200088
0.1121
0.1121
0.1121
0.1121
0.1121
0.1121
0.1121
0.1121
0.1121
0.202311
0.235954
0.300286
0.300286
0.300286
0.300286
0.198058
0.307469
0.211116
0.211116
0.211116
0.211116
0.211116
0.211116
0.211116
0.211116
0.211116
0.211116
0.211116
0.211116
0.211116
0.211116
0.211116
0.0896398
0.0896398
0.0896398
0.0898004
0.0898004
0.0898004
0.0898004
0.0898004
0.0898004
0.0898004
0.0898004
0.210809
0.210809
0.210809
0.210809
0.210809
0.210809
0.204538
0.204538
0.186025
0.186025
0.186025
0.186025
0.186025
0.186025
0.186025
0.186025
0.347448
0.347448
0.347448
0.0687331
0.0687331
0.0687331
0.331481
0.331481
0.331481
0.181084
0.181084
0.181084
0.181084
0.181084
0.181084
0.181084
0.181084
0.185506
0.185506
0.185506
0.185506
0.123173
0.123173
0.123173
0.0999931
0.0999931
0.0999931
0.0999931
0.0999931
0.0999931
0.0918355
0.0918355
0.0955234
0.0738946
0.0499796
0.0499796
0.0499796
0.0499796
0.0499796
0.0499796
0.0499796
0.0499796
0.0499796
0.0499796
0.0499796
0.0499796
0.0499796
0.0561463
0.27845
0.288471
0.288471
0.288471
0.288471
0.288471
0.23185
0.23185
0.23185
0.23185
0.283264
0.270559
0.269888
0.270559
0.165608
0.165608
0.183602
0.183602
0.0773644
0.0773644
0.0773644
0.0773644
0.0773644
0.0773644
0.0773644
0.0773644
0.0773644
0.0773644
0.0773644
0.0773644
0.0773644
0.0773644
0.0773644
0.0773644
0.0773644
0.0354386
0.0354386
0.0354386
0.0354386
0.0354386
0.0354386
0.0354386
0.0370688
0.0370688
0.0370892
0.0500109
0.0500109
0.0500109
0.0500109
0.0500109
0.0500109
0.0344127
0.0403082
0.059202
0.059202
0.0548756
0.0526587
0.0526587
0.0526587
0.0526544
0.0526544
0.0170386
0.0170386
0.0170386
0.0170386
0.0170386
0.0170386
0.0170386
0.0170386
0.0170386
0.0170386
0.110181
0.110181
0.110181
0.110181
0.110181
0.110181
0.110181
0.110181
0.144922
0.144922
0.144922
0.0339632
0.0339632
0.0339632
0.0339632
0.0339632
0.0339632
0.0339632
0.0339632
0.0339578
0.0339578
0.0339578
0.0339578
0.143222
0.143222
0.143222
0.143222
0.122753
0.143222
0.143222
0.143222
0.151816
0.151816
0.151816
0.151816
0.150088
0.150088
0.150088
0.150088
0.150088
0.15765
0.160977
0.160977
0.088575
0.088575
0.088575
0.088575
0.0543274
0.0691321
0.0691321
0.0691321
0.0691321
0.0691321
0.0691321
0.0756495
0.0756495
0.0344
0.0344
0.0344
0.0344
0.0344
0.0344
0.0344
0.0344
0.0344
0.0276367
0.0694253
0.0694253
0.0694253
0.0694253
0.0748953
0.0748953
0.0717963
0.0717963
0.0717963
0.0717963
0.0243831
0.0243831
0.0243831
0.161083
0.161083
0.161083
0.161083
0.161083
0.161083
0.144396
0.0700904
0.0700904
0.0700904
0.125768
0.13908
0.161083
0.161083
0.0288147
0.0288147
0.0733237
0.0575777
0.0575777
0.0575777
0.0578686
0.0578686
0.0576965
0.0576965
0.0576965
0.0156569
0.0156569
0.0156569
0.031839
0.0322419
0.0388503
0.0388503
0.0388503
0.0388503
0.0388503
0.0388503
0.0597487
0.0597487
0.0338332
0.0338332
0.0338332
0.0338332
0.0338332
0.0338332
0.0338332
0.0889298
0.0889298
0.0889298
0.0931563
0.0931563
0.0931563
0.0931563
0.0931563
0.0931563
0.0935475
0.144601
0.144601
0.144601
0.144601
0.131151
0.135397
0.0525082
0.0563314
0.0563314
0.0692532
0.069251
0.069251
0.042493
0.042493
0.0395827
0.0395827
0.042493
0.042493
0.042493
0.042493
0.042493
0.0271184
0.0271184
0.0271184
0.0271184
0.0271184
0.0116881
0.0252518
0.0252518
0.0252518
0.0191994
0.0240145
0.0240145
0.0240145
0.0240145
0.0240145
0.0240145
0.0240145
0.0240145
0.0240145
0.0240145
0.0240145
0.0240145
0.0385361
0.099077
0.099077
0.0803935
0.0803935
0.0803935
0.0803935
0.0803935
0.0803935
0.0803935
0.0739086
0.0739086
0.0739086
0.0739086
0.0739086
0.0739086
0.0739086
0.0803935
0.114799
0.0952246
0.0952246
0.0952246
0.0952246
0.0246392
0.0246392
0.0246392
0.0246392
0.0246392
0.0479755
0.0479755
0.0479755
0.0482011
0.0482011
0.0482011
0.0482011
0.0482011
0.0482011
0.0482011
0.0482011
0.0482011
0.0393608
0.0393608
0.0393608
0.0607998
0.0607998
0.0403899
0.0403899
0.0403899
0.0403899
0.0403899
0.0403899
0.0416998
0.0416998
0.0416998
0.0416998
0.0416998
0.0573904
0.0467993
0.0467993
0.0467993
0.0467993
0.0467993
0.0467993
0.0467993
0.0193353
0.0193353
0.0193353
0.0193353
0.0193353
0.055127
0.0562468
0.0562468
0.0562468
0.0562468
0.0382957
0.0382957
0.0382957
0.0382957
0.0382957
0.0391298
0.0391298
0.0391298
0.0391298
0.0391298
0.0391298
0.0391298
0.0391298
0.0391298
0.0391298
0.0753416
0.0753416
0.0365592
0.0365592
0.15082
0.058563
0.058563
0.058563
0.0386127
0.0386127
0.0386127
0.0386127
0.0336997
0.0336997
0.0336997
0.0336997
0.0389498
0.0389498
0.0389498
0.0389498
0.0389498
0.0389498
0.0389498
0.0389498
0.0389498
0.0389498
0.0389498
0.0389498
0.0389498
0.0389498
0.0389498
0.0389498
0.0310134
0.0310134
0.0310134
0.0301963
0.0301963
0.0301963
0.0301963
0.0301963
0.0301963
0.0301963
0.0301963
0.0301963
0.0301963
0.0301963
0.0301963
0.0258225
0.0258225
0.0431997
0.0431997
0.0431997
0.0496257
0.0494566
0.0494566
0.0494566
0.0681306
0.0681306
0.0681306
0.0681306
0.0565192
0.0565192
0.0343973
0.0343973
0.0403988
0.0567242
0.0735414
0.0735414
0.0735414
0.0735414
0.038405
0.0735414
0.0540655
0.0540655
0.0540655
0.0540655
0.0540655
0.0540655
0.0540655
0.0725885
0.0725885
0.0725885
0.0725885
0.0725885
0.0567953
0.0567953
0.0489507
0.0258927
0.0258927
0.0258927
0.0258927
0.0220793
0.0220793
0.0220793
0.0220793
0.0220793
0.0220793
0.0220793
0.0485462
0.0485462
0.0529447
0.0529447
0.0439376
0.0349418
0.0349418
0.0349418
0.0349418
0.0424708
0.0431319
0.0431319
0.0431319
0.0441621
0.0441621
0.0441621
0.0406197
0.0406197
0.040323
0.0130457
0.0130457
0.0121733
0.0130187
0.0134357
0.0134357
0.0134357
0.0134357
0.0134357
0.0134357
0.0134357
0.0134357
0.0134357
0.0134357
0.0134357
0.0134357
0.0134357
0.0134357
0.0134357
0.0134357
0.0134357
0.0134357
0.0134357
0.0134357
0.0134357
0.0134357
0.0134357
0.0132081
0.0132081
0.0132147
0.0132147
0.0132147
0.0132147
0.0132147
0.0132147
0.0132147
0.0132147
0.0132147
0.0132147
0.0132147
0.0132147
0.0132147
0.0260386
0.0260386
0.0260386
0.0260386
0.0318873
0.0318873
0.0318873
0.0318873
0.0318873
0.0318873
0.0318873
0.0318873
0.0318873
0.0318873
0.0318873
0.033243
0.0634789
0.0634632
0.0634632
0.0634632
0.0634632
0.0634632
0.0639797
0.0639797
0.0305786
0.0305786
0.0305786
0.0305786
0.0446359
0.0446359
0.0369476
0.0369476
0.0369476
0.0369476
0.0369476
0.0369476
0.0280568
0.0280568
0.0280568
0.0280568
0.0280568
0.0280568
0.0802721
0.0802721
0.0802721
0.0802721
0.0802721
0.0802721
0.0296752
0.0296752
0.0296752
0.0296752
0.0201544
0.0201544
0.0201544
0.0200656
0.0200656
0.039196
0.039196
0.039196
0.039196
0.039196
0.0437233
0.0437233
0.0437233
0.0534949
0.0534949
0.0534949
0.0496519
0.0496519
0.0496519
0.0496519
0.0496519
0.0496519
0.0452934
0.0452934
0.0452934
0.0452934
0.0427971
0.0427971
0.0427971
0.0427971
0.0427971
0.0427971
0.0427971
0.0427971
0.0427971
0.0601007
0.0601007
0.0601007
0.0601007
0.0656436
0.0206398
0.0206398
0.0206398
0.0206398
0.0206398
0.0100029
0.0100029
0.0100029
0.0100029
0.0100029
0.0153418
0.0153418
0.0166205
0.0166205
0.0166205
0.0166205
0.0166205
0.0166205
0.0166205
0.0166205
0.0139375
0.0167532
0.0167532
0.0167532
0.0167532
0.0301305
0.0301305
0.0301305
0.0301305
0.0301305
0.0301305
0.0400678
0.0400678
0.0359655
0.0359655
0.0359655
0.0359655
0.0394898
0.0407686
0.0407686


0.0685141
0.0685141
0.161351
-0.0844447
-0.0775475
-0.455794
-0.0775475
-0.251686
-0.394635
0.432661
-0.397259
0.360881
0.164159
-0.243141
0.00955229
0.00955229
-0.184729
0.16007
-0.457869
0.00955229
0.575426
0.00955229
0.00955229
0.139134
0.564562
0.0751671
0.0751671
0.0751671
0.0751671
0.132725

0.021

