159.492
159.492
159.492
159.492
159.492
159.492
154.956
154.956
154.956
154.956
154.956
154.956
154.956
154.956
154.956
154.956
154.956
154.956
154.956
154.956
154.956
140.868
140.868
140.868
140.868
140.868
140.035
140.035
121.844
121.844
121.844
121.844
121.844
121.844
121.844
121.844
121.844
121.844
121.844
121.844
121.844
121.844
121.844
121.844
121.844
121.844
121.844
121.844
121.844
121.844
121.844
121.844
121.844
121.844
121.844
121.844
121.844
121.844
121.844
121.844
121.844
121.844
121.844
121.844
121.844
121.844
121.844
121.844
121.844
121.844
121.844
121.844
121.844
121.844
121.844
121.844
121.844
121.844
121.844
121.844
121.844
121.844
121.844
121.844
119.984
119.984
119.984
119.984
111.655
111.655
111.655
111.655
111.655
111.655
111.655
111.655
111.655
111.655
111.655
111.655
111.655
111.655
111.655
111.655
111.655
105.842
105.842
105.842
105.004
105.004
105.004
105.004
105.004
105.004
105.004
105.004
105.004
105.004
105.004
105.004
105.004
105.004
105.004
105.004
105.004
105.004
105.004
105.004
105.004
105.004
105.004
105.004
105.004
105.004
105.004
105.004
105.004
105.004
105.004
105.004
105.004
105.004
105.004
105.004
105.004
105.004
105.004
105.004
105.004
105.004
105.004
105.004
105.004
105.004
105.004
105.004
105.004
105.004
105.004
105.004
91.6573
91.6573
91.6573
91.6573
91.6573
91.6573
91.6573
91.6573
91.6573
91.6573
91.6573
91.6573
82.3176
82.3176
82.3176
82.3176
82.3176
82.3176
82.3176
82.3176
82.3176
82.3176
82.3176
82.3176
82.3176
82.3176
82.3176
82.3176
82.3176
82.3176
82.3176
82.3176
82.3176
82.3176
82.3176
82.3176
82.3176
82.3176
82.3176
78.5772
78.5772
78.5772
78.5772
69.9839
69.9839
69.9839
69.9839
69.9839
69.9839
69.9839
69.9839
69.9839
69.9839
69.9839
69.9839
69.9839
69.9839
69.9839
69.9839
69.9839
69.9839
69.9839
69.9839
69.9839
69.9839
69.9839
69.9839
68.5114
68.5114
68.5114
68.5114
68.5114
68.5114
68.5114
68.5114
68.5114
68.5114
68.5114
68.5114
68.5114
68.5114
68.5114
68.5114
66.6505
66.6505
66.6505
66.6505
66.6505
66.6505
66.6505
66.6505
66.6505
64.7921
64.7921
64.7921
64.7921
64.7921
64.7921
64.7921
64.7921
64.7921
64.7921
64.7921
64.7921
64.7921
64.7921
60.1101
60.1101
60.1101
60.1101
53.0339
53.0339
53.0339
53.0339
51.6478
51.0165
51.0165
51.0165
51.0165
51.0165
51.0165
51.0165
51.0165
49.8916
49.8916
49.8916
49.8916
49.8916
49.8916
49.8916
49.8916
49.8916
49.8916
49.8916
49.8916
49.8916
49.8916
49.8916
49.8916
49.8916
49.8916
49.8916
49.8916
49.8916
49.8916
49.8916
49.6082
49.6082
49.6082
49.6082
49.6082
49.6082
49.6082
49.6082
49.6082
49.6082
49.6082
49.6082
49.6082
49.6082
49.6082
49.6082
49.6082
49.6082
49.6082
49.6082
49.6082
49.6082
49.6082
47.2271
47.2271
47.2271
47.2271
47.2271
47.2271
47.2271
47.2271
47.2271
47.2271
47.2271
47.2271
47.2271
47.2271
47.2271
47.2271
47.2271
47.2271
47.2271
47.2271
47.2271
47.2271
47.2271
47.2271
47.2271
47.2271
47.2271
47.2271
47.2271
47.2271
47.2271
47.2271
45.109
45.109
45.109
45.109
45.109
45.109
45.109
45.109
45.109
45.109
45.109
45.109
45.109
45.109
45.109
45.109
45.109
45.109
45.109
45.109
45.109
45.109
45.109
45.109
45.109
45.109
45.109
45.109
45.109
45.109
45.109
45.109
45.109
45.109
45.109
45.109
45.109
45.109
45.109
45.109
45.109
45.109
45.109
45.109
45.109
45.109
45.109
45.109
45.109
45.109
45.109
45.109
45.109
45.109
45.109
45.109
45.109
45.109
45.109
45.109
45.109
45.109
45.109
45.109
45.109
45.109
45.109
45.109
45.0726
45.0726
45.0726
45.0726
45.0726
45.0726
45.0726
45.0726
45.0726
45.0726
45.0726
45.0726
41.4109
41.4109
41.4109
41.4109
41.4109
41.4109
41.4109
41.4109
41.4109
41.4109
41.4109
41.4109
41.4109
41.4109
41.4109
41.4109
41.4109
41.4109
41.4109
41.4109
41.4109
41.4109
41.4109
41.4109
41.4109
41.4109
36.4275
36.4275
36.4275
36.4275
36.4275
36.4275
36.4275
36.4275
36.4275
36.4275
36.4275
36.4275
36.4275
36.4275
36.4275
36.4275
36.4275
36.4275
36.4275
36.4275
36.4275
36.4275
36.4275
36.4275
36.4275
36.4275
36.4275
36.4275
36.4275
36.4275
36.4275
36.4275
36.4275
36.4275
36.4275
36.4275
36.4275
36.4275
36.4275
36.4275
36.4275
36.4275
36.4275
36.4275
36.4275
36.4275
36.4275
36.4275
36.4275
36.4275
36.4275
34.6022
34.6022
34.6022
34.6022
34.6022
34.6022
34.6022
34.6022
34.6022
34.6022
34.6022
34.6022
34.6022
34.6022
34.6022
34.6022
34.6022
34.6022
34.6022
34.6022
34.6022
34.6022
34.6022
34.6022
34.6022
34.6022
34.6022
34.6022
34.6022
34.6022
34.6022
34.6022
34.6022
34.6022
34.6022
34.6022
34.6022
34.6022
34.6022
34.6022
34.6022
34.6022
34.6022
34.6022
34.6022
34.6022
34.6022
34.6022
34.6022
34.6022
34.6022
34.6022
34.6022
34.6022
34.6022
34.6022
34.6022
34.6022
34.6022
34.6022
34.13
34.13
34.13
34.13
34.13
34.13
34.13
34.13
34.13
34.13
34.13
34.13
34.13
34.13
34.13
34.13
34.13
33.6234
33.6234
33.6234
33.6234
33.6234
33.6234
33.6234
33.6234
33.6234
33.6234
33.6234
33.6234
33.6234
33.6234
33.6234
33.6234
33.6234
33.6234
33.6234
33.6234
33.6234
32.0796
32.0796
32.0796
32.0796
32.0796
32.0796
32.0796
32.0796
32.0796
32.0796
32.0796
32.0796
32.0796
32.0796
32.0796
32.0796
32.0796
32.0796
32.0796
32.0796
32.0796
32.0796
32.0796
32.0796
32.0796
32.0796
32.0796
32.0796
32.0796
32.0796
32.0796
32.0796
32.0796
32.0796
32.0796
28.5397
28.5397
28.5397
28.5397
28.5397
28.5397
28.5397
28.5397
28.5397
28.5397
28.5397
28.5397
28.5397
28.5397
28.5397
28.5397
28.5397
28.5397
28.5397
28.5397
28.5397
28.5397
28.5397
28.5397
28.5397
27.3782
27.3782
27.3782
27.3782
27.3782
26.1766
26.1766
26.1766
26.1766
26.1766
26.1766
26.1766
26.1766
26.1766
26.1766
26.1766
26.1766
26.1766
26.1766
26.1766
26.059
26.059
26.059
26.059
26.059
26.059
26.059
26.059
26.059
26.059
26.059
26.059
26.059
26.059
26.059
26.059
26.059
26.059
26.059
26.059
26.059
26.059
26.059
26.059
26.059
26.059
26.059
26.059
26.059
26.059
26.059
26.059
26.059
26.059
26.059
26.059
26.059
26.059
26.059
26.059
26.059
26.059
26.059
26.059
26.059
26.059
26.059
26.059
26.059
26.059
26.059
26.059
26.059
26.059
26.059
26.059
26.059
26.059
26.059
26.059
26.059
26.059
26.059
26.059
26.059
26.059
26.059
26.059
26.059
26.059
26.059
26.059
26.059
26.059
26.059
26.059
26.059
26.059
26.059
26.059
26.059
26.059
26.059
26.059
26.059
26.059
26.059
26.059
26.059
26.059
26.059
26.059
26.059
26.059
26.059
26.059
26.059
26.059
26.059
26.059
26.059
26.059
26.059
26.059
26.059
26.059
26.059
26.059
26.059
26.059
26.059
26.059
26.059
26.059
26.059
25.7039
25.7039
25.7039
25.5359
25.5359
25.5359
25.5359
25.5359
25.5359
23.6905
23.6905
23.6905
23.6905
23.6905
23.6905
23.6905
23.6905
23.6905
23.6905
23.6905
23.6905
23.6905
23.6905
23.6905
23.6905
23.6905
23.6905
23.6905
23.6905
23.6905
23.6905
23.6905
23.6905
23.6905
23.6905
23.6905
23.6905
23.6905
23.6905
23.6905
23.6905
23.6905
23.6905
23.6905
23.6905
23.6905
23.6905
23.6905
23.6905
23.6905
19.7277
19.7277
19.7277
19.7277
19.7277
19.7277
19.7277
19.7277
19.7277
19.7277
19.7277
19.7277
19.7277
19.7277
19.7277
19.7277
19.7277
19.7277
19.7277
19.7277
19.7277
19.7277
19.7277
19.7277
19.7277
19.7277
19.7277
19.7277
19.7277
19.7277
19.7277
19.7277
19.7277
19.7277
19.7277
19.7277
19.7277
19.7277
19.7277
19.2604
19.2604
19.2604
19.2604
19.2604
19.2604
19.2604
19.2604
19.2604
19.2604
16.7543
16.7543
16.7543
16.7543
16.7543
16.7543
16.7543
16.7543
16.7543
16.7543
16.7543
16.7543
16.7543
16.7543
16.7543
16.7543
16.7543
16.7543
16.7543
16.7543
16.7543
16.7543
16.7543
16.7543
16.7543
16.7543
16.7543
16.7543
16.7543
16.7543
16.7543
16.7543
16.7543
16.7543
16.7543
16.7543
16.7543
16.7543
16.7543
16.7543
16.7543
16.7543
16.7543
16.7543
16.7543
16.7543
16.7543
16.7543
16.7543
16.7543
16.7543
16.7543
16.7543
16.7543
16.7543
16.7543
16.7543
16.7543
16.7543
16.7543
16.7543
16.7543
16.7543
16.7543
16.7543
16.7543
16.7543
16.7543
15.913
15.913
15.913
15.913
15.913
15.913
15.913
15.913
15.913
15.913
15.913
15.913
15.913
15.913
15.913
15.913
15.913
15.913
15.913
15.913
15.913
15.913
15.913
15.913
15.913
15.913
15.913
15.913
15.913
15.913
15.913
15.913
15.913
15.913
15.913
15.913
15.913
15.913
15.913
15.913
15.913
15.913
15.913
15.913
15.913
15.913
15.913
15.913
15.913
15.913
15.913
15.913
15.913
15.913
15.913
15.913
15.913
15.913
15.913
15.913
15.913
15.913
15.913
15.913
15.913
15.913
15.913
15.913
15.913
15.913
15.913
15.913
15.913
15.9075
15.9075
15.9075
15.9075
15.9075
15.9075
15.9075
15.9075
15.9075
15.9075
15.9075
15.9075
15.9075
15.9075
15.9075
15.9075
15.9075
15.9075
15.9075
15.9075
15.9075
15.9075
15.9075
15.9075
15.9075
15.9075
15.9075
15.9075
15.9075
15.9075
15.9075
15.9075
14.6901
14.6901
14.6901
14.6901
14.6901
14.6901
14.6901
14.6901
14.6901
14.6901
14.6901
14.6901
14.6901
14.6901
14.6901
14.6901
14.6901
14.6901
14.6901
14.6901
14.6901
14.6901
14.6901
14.6901
14.6901
14.6901
14.6901
14.6901
14.6901
14.6901
14.6901
14.6901
14.6901
14.6901
14.6901
14.6901
14.6901
14.6901
14.6901
14.6901
14.6901
14.6901
14.6901
14.6901
14.6901
14.6901
14.6901
14.6901
14.6901
14.6901
14.6901
14.6901
14.6901
14.6901
14.6901
14.6901
14.6901
14.6901
14.6901
14.6901
14.6901
14.6901
14.6901
14.6901
14.6901
14.6901
14.6901
14.6901
14.6901
14.6901
14.6901
14.6901
14.6901
14.6901
14.6901
14.6901
14.3216
14.3216
14.3216
14.3216
14.3216
14.3216
14.3216
14.3216
14.3216
14.0505
14.0505
14.0505
14.0505
14.0505
14.0505
14.0505
14.0505
14.0505
14.0505
13.5177
13.5177
13.5177
13.5177
13.5177
13.5177
13.5177
13.5177
13.5177
13.5177
13.5177
13.5177
13.5177
13.5177
13.5177
13.5177
13.5177
13.5177
13.5177
13.5177
13.5177
13.5177
13.5177
13.5177
13.5177
13.5177
13.5177
13.5177
13.5177
13.5177
13.5177
13.5177
13.5177
13.5177
13.5177
13.5177
13.5177
13.5177
13.5177
13.5177
13.5177
13.5177
13.5177
12.9411
12.9411
12.9411
12.9411
12.9411
12.9411
12.9411
12.9411
12.9411
12.9411
12.9411
12.9411
12.9411
12.9411
12.9411
12.9411
12.9411
12.9411
12.9411
12.9411
12.9411
12.9411
12.9411
12.9411
11.4471
11.4471
11.4471
11.4471
11.4471
11.4471
11.4471
11.4471
11.4471
11.4471
11.4471
11.4471
11.4471
11.4471
11.4471
11.4471
11.4471
11.4471
11.4471
11.4471
11.4471
11.4471
11.4471
11.4471
11.4471
11.4471
11.4471
11.4471
11.4471
11.4349
11.4349
11.4349
11.4349
11.4349
11.4349
11.4349
11.4349
11.4349
11.4349
11.4349
11.4349
11.4349
11.4349
11.4349
11.4349
11.4349
11.082
11.082
11.082
11.082
11.082
11.082
11.082
11.082
11.082
11.082
11.082
11.082
11.082
11.082
11.082
11.082
11.082
11.082
11.082
11.082
11.082
11.082
11.082
11.082
11.082
11.082
11.082
11.082
11.082
11.082
11.082
11.082
11.082
11.082
11.082
11.082
11.082
11.082
11.082
11.082
11.082
11.082
11.082
11.082
11.082
11.082
11.082
11.082
11.082
11.082
11.082
11.082
11.082
11.082
11.082
11.082
11.082
11.082
11.082
11.082
11.082
11.082
11.082
11.082
11.082
11.082
11.082
11.082
11.082
11.082
11.082
11.082
11.082
11.082
10.8126
10.8126
10.8126
10.8126
10.8126
10.8126
10.8126
10.8126
10.8126
10.8126
10.8126
10.8126
10.8126
10.8126
10.8126
10.8126
10.8126
10.7219
10.7219
10.7219
10.7219
10.7219
10.7219
10.7219
10.7219
10.7219
10.7219
10.7219
10.7219
10.7219
10.7219
10.7219
10.7219
10.7219
10.7219
10.7219
10.7219
10.7219
10.7219
10.7219
10.7219
10.7219
10.7219
10.7219
10.7219
10.7219
10.1924
10.0788
10.0788
10.0788
10.0788
10.0788
10.0788
10.0788
10.0788
10.0788
10.0788
10.0788
10.0788
10.0788
10.0788
10.0788
10.0788
10.0788
10.0788
10.0788
10.0788
10.0788
10.0788
10.0788
10.0788
10.0788
10.0788
10.0788
10.0788
10.0788
10.0788
10.0788
10.0788
10.0788
10.0788
10.0788
10.0788
10.0788
10.0788
10.0788
10.0788
10.0788
10.0788
10.0788
10.0788
10.0788
10.0788
10.0788
10.0788
10.0788
10.0788
10.0788
10.0788
10.0788
10.0788
10.0788
10.0788
10.0788
10.0788
10.0788
10.0788
10.0788
10.0788
10.0788
10.0788
10.0788
10.0788
10.0788
10.0788
10.0788
10.0788
10.0788
10.0788
10.0788
10.0788
10.0788
10.0788
10.0788
10.0788
10.0788
10.0788
10.0788
10.0788
10.0788
10.0788
10.0788
10.0788
10.0788
10.0788
10.0788
10.0788
10.0788
10.0788
10.0788
10.0788
10.0788
10.0788
10.0788
9.46798
9.46798
9.46798
9.46798
9.46798
9.46798
9.46798
9.46798
9.46798
9.46798
9.46798
9.46798
9.46798
9.46798
9.46798
9.46798
9.46798
9.46798
9.46798
9.46798
9.46798
9.46798
9.46798
9.46798
9.46798
9.46798
9.46798
9.46798
9.46798
9.46798
9.46798
9.46798
9.46798
9.46798
9.46798
9.46798
9.46798
9.46798
9.46798
9.44624
9.44624
9.44624
9.44624
9.44624
9.44624
9.44624
9.44624
9.44624
9.44624
9.44624
9.44624
9.44624
9.44624
9.44624
9.44624
9.44624
9.44624
9.44624
9.44624
9.44624
9.44624
9.44624
9.44624
9.44624
9.44624
9.44624
9.44624
9.44624
9.44624
9.44624
9.44624
9.44624
9.44624
9.44624
9.44624
9.44624
9.44624
9.2205
9.2205
9.2205
9.2205
9.2205
9.2205
9.2205
9.2205
9.2205
9.2205
9.17272
9.17272
9.17272
9.17272
9.07469
9.07469
9.07469
9.07469
8.83707
8.83707
8.83707
8.83707
8.83707
8.83707
8.83707
8.83707
8.83707
8.83707
8.83707
8.83707
8.83707
8.83707
8.83707
8.83707
8.83707
8.83707
8.83707
8.83707
8.83707
8.83707
8.83707
8.83707
8.83707
8.83707
8.83707
8.83707
8.83707
8.83707
8.83707
8.83707
8.83707
8.83707
8.83707
8.83707
8.83707
8.83707
8.63249
8.63249
8.63249
8.63249
8.63249
8.63249
8.63249
8.63249
7.61487
7.61487
7.61487
7.61487
7.61487
7.61487
7.61487
7.61487
7.61487
7.61487
7.61487
7.61487
7.61487
7.61487
7.61487
7.61487
7.61487
7.61487
7.61487
7.61487
7.61487
7.61487
7.37725
7.37725
7.37725
7.37725
7.37725
7.37725
7.37725
7.37725
7.37725
7.37725
7.37725
7.37725
7.37725
7.37725
7.37725
7.37725
7.37725
7.37725
7.37725
7.37725
7.37725
7.37725
7.37725
7.37725
7.37725
7.37725
7.37725
7.37725
7.37725
7.37725
7.37725
7.37725
7.37725
7.37725
7.37725
7.37725
7.37725
7.37725
7.37725
7.37725
7.37725
7.37725
7.37725
7.37725
7.37725
7.37725
7.37725
7.37725
7.37725
7.37725
7.37725
7.37725
7.37725
7.37725
7.37725
7.37725
7.37725
7.37725
7.37725
7.37725
7.37725
7.37725
7.37725
7.37725
7.37725
7.37725
7.37725
7.37725
7.37725
7.37725
7.37725
7.37725
7.37725
7.37725
7.37725
7.37725
7.37725
7.37725
7.37725
7.37725
7.37725
7.37725
7.37725
7.37725
7.37725
7.37725
7.37725
6.86151
6.86151
6.86151
6.86151
6.86151
6.86151
6.86151
6.86151
6.86151
6.86151
6.86151
6.86151
6.86151
6.86151
6.86151
6.86151
6.86151
6.86151
6.86151
6.86151
6.86151
6.86151
6.86151
6.86151
6.86151
6.64344
6.64344
6.64344
6.64344
6.64344
6.64344
6.64344
6.64344
6.64344
6.64344
6.64344
6.64344
6.64344
6.64344
6.64344
6.64344
6.64344
6.64344
6.64344
6.64344
6.64344
6.64344
6.64344
6.64344
6.64344
6.64344
6.64344
6.64344
6.64344
6.64344
6.64344
6.64344
6.64344
6.64344
6.64344
6.64344
6.64344
6.64344
6.64344
6.64344
6.64344
6.64344
6.64344
6.64344
6.64344
6.64344
6.64344
6.64344
6.64344
6.64344
6.64344
6.64344
6.64344
6.64344
6.64344
6.64344
6.64344
6.64344
6.64344
6.64344
6.64344
6.64344
6.64344
6.64344
6.64344
6.64344
6.64344
6.64344
6.64344
6.64344
6.64344
6.64344
6.64344
6.64344
6.64344
6.64344
6.64344
6.64344
6.64344
6.64344
6.64344
6.64344
6.64344
6.64344
6.64344
6.64344
6.64344
6.64344
6.64344
6.64344
6.64344
6.64344
6.64344
6.64344
6.45268
6.45268
6.45268
6.45268
6.45268
6.45268
6.45268
6.45268
6.45268
6.45268
6.45268
6.45268
6.45268
6.45268
6.45268
6.45268
6.45268
6.38262
6.38262
6.38262
6.38262
6.38262
6.38262
6.38262
6.38262
6.38262
6.38262
6.38262
6.38262
6.38262
6.38262
6.38262
6.38262
6.38262
6.38262
6.38262
6.38262
6.38262
6.38262
6.38262
6.38262
6.38262
6.38262
6.38262
6.38262
6.38262
6.38262
6.38262
6.38262
6.38262
6.38262
6.38262
6.38262
6.38262
6.38262
6.38262
6.38262
6.38262
6.38262
6.38262
6.38262
6.38262
6.38262
6.38262
6.38262
6.38262
6.38262
6.38262
6.38262
6.38262
6.38262
6.38262
6.38262
6.38262
6.38262
6.38262
6.38262
6.38262
6.38262
6.38262
6.38262
6.38262
6.38262
6.38262
6.38262
6.38177
6.38177
6.38177
6.38177
6.38177
6.38177
6.38177
6.38177
6.38177
6.38177
6.38177
6.38177
6.38177
6.38177
6.38177
6.38177
6.38177
6.38177
6.38177
6.38177
6.38177
6.38177
6.38177
6.38177
6.38177
6.38177
6.38177
6.38177
6.38177
6.38177
6.38177
6.38177
6.38177
6.38177
6.38177
6.38177
6.38177


0.641113
-0.089534
0.850807
-0.880808
0.202662
0.0957842
-0.2036
0.483296
-0.173599
-0.252664
0.409856
0.102659
-0.338917
-0.0157817
-0.46642
0.726116
-0.146411
0.0598456
-0.103284
0.151723
-0.776742
0.0189068
-0.287978
-0.00921903
-0.0460952
-0.429857
0.767992
0.146098
0.268289
1.17894

0.034

