426450
426450
426450
426450
426450
424848
420104
420104
420104
420104
420104
420104
420104
420104
417712
373882
341648
341648
341648
341648
341648
341648
341648
341648
341648
341648
341648
341648
341648
341648
341648
341648
341648
341648
341648
341648
318747
318747
318747
318747
318747
318747
318747
318747
316591
316591
316591
316591
316591
316591
315808
315808
315808
315808
315808
315808
255339
255339
255339
255339
255258
255258
229611
229611
226106
226106
226106
226106
225840
223779
216461
214498
214498
194243
194243
189712
189712
189712
189712
189712
189712
189712
189712
189712
189712
185872
185872
185872
185872
176518
176518
176518
176518
176518
176518
164973
164973
164973
164973
164973
164973
164973
164973
164973
164973
164973
164973
164973
164973
164973
164973
164973
164973
164973
164973
150302
150302
150302
150302
150302
150302
150302
150302
150302
146635
146635
137157
137157
137157
137157
137157
137157
137157
137157
137157
137157
137157
137157
137157
137157
137157
137157
137157
137157
137157
135213
135213
135213
135213
135213
135213
134384
134384
128632
128632
128632
128632
128632
128632
128632
128632
128632
128632
128632
128632
128632
128632
128632
128632
128632
128632
121126
121126
121126
121126
121126
121126
121126
121126
121126
117411
117411
117411
117411
117411
117411
117411
117411
117411
117411
117411
117411
117411
113670
113670
113670
113670
113670
113670
113670
112846
112846
112846
112846
112846
112846
112846
112846
112846
112846
112846
112846
112846
112846
112846
112846
111292
110695
110695
110695
103597
103597
103597
103597
103597
103597
103597
103597
103597
94911.9
93893.8
93893.8
93893.8
93893.8
93893.8
93893.8
93893.8
93893.8
93893.8
93893.8
93893.8
93701.2
88983.5
88983.5
88983.5
88983.5
82670
82670
82670
82670
82670
82670
82670
82670
82670
82670
82670
82670
82670
82670
82670
77139.3
77139.3
77139.3
77139.3
77139.3
77139.3
74908.8
74908.8
74908.8
74908.8
74908.8
70875.5
70875.5
70875.5
70875.5
70875.5
70875.5
70875.5
70875.5
70875.5
70875.5
70875.5
70875.5
70875.5
70875.5
70875.5
70875.5
70875.5
70875.5
70875.5
70875.5
68967.2
68967.2
68645
68645
68645
68645
68645
68645
68645
68198.9
68198.9
68198.9
68198.9
68198.9
68198.9
68198.9
68198.9
68198.9
68198.9
68198.9
68198.9
68198.9
62062.3
62062.3
62062.3
62062.3
62062.3
62062.3
62062.3
62062.3
62062.3
62062.3
62062.3
62062.3
62062.3
62062.3
62062.3
62062.3
62062.3
61799.2
61799.2
61799.2
61799.2
61799.2
61799.2
61799.2
61799.2
61799.2
61799.2
61799.2
61799.2
58148.1
58148.1
58148.1
58148.1
58148.1
58148.1
55734.8
55734.8
55734.8
55734.8
55734.8
55734.8
55734.8
55734.8
55734.8
55734.8
55734.8
55734.8
55734.8
55734.8
55734.8
55734.8
55734.8
55734.8
55734.8
55471.7
55471.7
55471.7
55471.7
55471.7
55471.7
55471.7
55471.7
55471.7
55471.7
55471.7
55471.7
55471.7
55471.7
55471.7
55471.7
55155.8
55155.8
55155.8
55155.8
55155.8
55155.8
55155.8
55155.8
55155.8
55155.8
55155.8
55155.8
55155.8
52808.4
52808.4
52808.4
52731.6
52382.3
52382.3
52382.3
52382.3
52382.3
52382.3
52382.3
51834.5
51834.5
51834.5
51834.5
51834.5
51834.5
51834.5
51834.5
51834.5
51834.5
51834.5
51834.5
51834.5
51834.5
51834.5
51834.5
51834.5
51834.5
51834.5
51235.9
51235.9
51235.9
51235.9
51235.9
51235.9
51235.9
51235.9
51235.9
51235.9
51235.9
51235.9
51235.9
51235.9
51235.9
50557.1
50557.1
50557.1
50557.1
50557.1
49393.6
49393.6
45222.4
45222.4
45222.4
44730.1
44730.1
44730.1
44730.1
44730.1
44730.1
44730.1
44730.1
44730.1
44730.1
44730.1
44131.5
44131.5
44058.8
44058.8
44058.8
44058.8
44058.8
44058.8
44058.8
44058.8
44058.8
44058.8
44058.8
44058.8
44058.8
44058.8
44058.8
44058.8
44058.8
44058.8
44058.8
44058.8
44058.8
44058.8
44058.8
44058.8
44058.8
44058.8
44058.8
44058.8
44058.8
44058.8
44058.8
44058.8
44058.8
44058.8
44058.8
44058.8
44058.8
44058.8
43049.4
43049.4
43049.4
43049.4
43049.4
40343.3
40343.3
40343.3
40343.3
40343.3
40343.3
40343.3
40343.3
40343.3
40343.3
40343.3
40343.3
40343.3
40343.3
40343.3
40343.3
40343.3
40343.3
40343.3
40343.3
40343.3
40343.3
40343.3
40343.3
40343.3
40343.3
40343.3
40343.3
40343.3
40343.3
40343.3
40343.3
40343.3
40343.3
40343.3
40343.3
40340
40311.8
40311.8
36825.2
36825.2
36825.2
36825.2
36825.2
36825.2
36825.2
36825.2
36825.2
36825.2
36825.2
36825.2
36825.2
36825.2
36825.2
36825.2
36825.2
36825.2
36825.2
36825.2
36825.2
33468.6
33468.6
33468.6
33468.6
33468.6
33468.6
33468.6
33468.6
33468.6
33468.6
33468.6
33468.6
33468.6
33468.6
33468.6
33468.6
33468.6
33468.6
33468.6
33468.6
33468.6
33468.6
32535
32535
32535
32535
32535
32535
32535
32535
32535
32535
32535
32535
32535
32535
32055.8
32055.8
32055.8
31300.4
31300.4
29090.8
29090.8
29090.8
29090.8
29090.8
29090.8
29090.8
29090.8
29090.8
29090.8
29090.8
29090.8
29090.8
29090.8
29090.8
29090.8
28335.5
28335.5
28335.5
28335.5
28335.5
28282.1
28282.1
26531.4
26531.4
26531.4
26531.4
26531.4
26531.4
26531.4
26531.4
26531.4
26531.4
26531.4
25755.3
25755.3
25755.3
25755.3
25755.3
25755.3
25755.3
25755.3
25755.3
25755.3
25755.3
25755.3
25755.3
25755.3
25755.3
25755.3
25755.3
25755.3
25755.3
25755.3
25755.3
25755.3
25755.3
25755.3
25755.3
25755.3
25755.3
25755.3
25755.3
25755.3
25755.3
25755.3
25755.3
25748.4
25748.4
25748.4
25748.4
25748.4
25748.4
25748.4
25748.4
25748.4
25748.4
25748.4
25748.4
25748.4
25748.4
25748.4
25748.4
25748.4
25748.4
25748.4
25748.4
25748.4
25748.4
25748.4
25748.4
25748.4
25748.4
25748.4
25748.4
25748.4
25748.4
25748.4
25748.4
25748.4
25601.8
25601.8
25601.8
23526.4
23526.4
23526.4
23526.4
23526.4
23526.4
23526.4
23526.4
23526.4
23526.4
23526.4
23526.4
23526.4
23526.4
23526.4
23526.4
23526.4
23526.4
23526.4
23526.4
23526.4
23526.4
23526.4
23526.4
23526.4
23526.4
23526.4
23526.4
23372.8
23372.8
23372.8
23372.8
23372.8
23372.8
23372.8
22980.6
22980.6
22980.6
22980.6
22980.6
22980.6
22980.6
22980.6
22980.6
22980.6
22980.6
22980.6
22980.6
22980.6
22980.6
22980.6
22980.6
22980.6
22980.6
22980.6
22980.6
22980.6
22980.6
22980.6
22980.6
22980.6
22980.6
22980.6
22980.6
22980.6
22980.6
22980.6
21059.9
21059.9
21059.9
21059.9
21059.9
20810.2
20810.2
20810.2
20810.2
20810.2
20810.2
20810.2
20810.2
20810.2
20810.2
20810.2
20810.2
20810.2
20810.2
20654
20654
20654
20654
20654
20654
20654
20654
20654
20654
20654
20654
20654
20654
20654
20654
20654
20654
20654
20654
20654
20654
20654
20654
20654
20654
20654
20654
20654
20654
20654
20654
20654
20654
20654
20654
20654
20654
20654
20654
20654
20654
20654
20654
20654
20654
20654
20654
20654
20654
20654
20654
20654
20399.6
20399.6
20399.6
20399.6
20399.6
20399.6
20399.6
20399.6
20399.6
20399.6
20399.6
20399.6
20399.6
20399.6
20399.6
20399.6
20399.6
20399.6
20399.6
20399.6
20399.6
20399.6
20399.6
20399.6
20399.6
20399.6
20399.6
20399.6
20399.6
20399.6
20399.6
20399.6
20399.6
20399.6
20399.6
20183.1
20183.1
20183.1
20183.1
20183.1
20183.1
20183.1
20183.1
20183.1
20183.1
20183.1
20183.1
20183.1
20183.1
20183.1
20183.1
20183.1
20183.1
20183.1
20183.1
20183.1
20183.1
20183.1
20183.1
20183.1
20183.1
20183.1
20183.1
20183.1
20183.1
20183.1
20183.1
20183.1
20183.1
20183.1
20183.1
20183.1
20183.1
20183.1
20183.1
20183.1
20183.1
20183.1
20183.1
20183.1
20183.1
20183.1
20183.1
20183.1
20183.1
20183.1
20183.1
20183.1
20183.1
20183.1
20183.1
20183.1
20183.1
20183.1
20183.1
20183.1
20183.1
20183.1
20183.1
20183.1
19574.1
19574.1
19574.1
19574.1
19574.1
13557
13557
13557
13557
13557
13557
13557
13557
12257.2
11786.3
11786.3
11786.3
11786.3
11786.3
11786.3
11786.3
11786.3
11786.3
11786.3
11786.3
11786.3
11786.3
11786.3
11786.3
11786.3
11786.3
11786.3
11786.3
11786.3
11786.3
11786.3
11786.3
11786.3
11786.3
11786.3
11786.3
11786.3
11786.3
11786.3
11786.3
11786.3
11786.3
11786.3
11786.3
11786.3
11786.3
11786.3
11786.3
11786.3
11786.3
11786.3
10587
10587
10587
10587
10587
10587
10587
10587
10587
10587
10587
10587
10587
10587
10587
10587
10587
10587
10587
10587
10587
10587
10587
10587
10587
10587
10587
10587
10587
10587
10587
10587
10587
8719.29
8719.29
8719.29
8719.29
8719.29
8719.29
8719.29
8719.29
8719.29
8719.29
8719.29
8719.29
8719.29
8719.29
8719.29
8719.29
8719.29
8719.29
8719.29
8719.29
8719.29
8719.29
8719.29
8719.29
8719.29
8719.29
6740.57
6740.57
6740.57
6740.57
6740.57
6740.57
6740.57
6740.57
6740.57
6740.57
6740.57
6740.57
6740.57
6740.57
6740.57
6740.57
6740.57
6740.57
6740.57
6740.57
6740.57
6740.57
6740.57
6740.57
6740.57
6740.57
6740.57
6740.57
6740.57
6740.57
6740.57
6740.57
6740.57
6740.57
6740.57
6740.57
6740.57
6740.57
6740.57
6740.57
6740.57
6740.57
6740.57
6740.57
5301.07
5301.07
5301.07
5301.07
5301.07
5301.07
5301.07
5301.07
5301.07
5301.07
5301.07
5301.07
5301.07
5301.07
5301.07
5301.07
5301.07
5301.07
5301.07
5301.07
5301.07
5301.07
5301.07
5301.07
5301.07
5301.07
5301.07
5301.07
5301.07
5301.07
5301.07
5301.07
5301.07
5301.07
5301.07
5301.07
5301.07
5301.07
5301.07
5301.07
5301.07
5301.07
5301.07
5301.07
5301.07
5301.07
5301.07
5301.07
5301.07
5301.07
5301.07
5301.07
5301.07
5301.07
5301.07
5301.07
5301.07
5301.07
5301.07
5301.07
5301.07
5301.07
5301.07
5301.07
5301.07
5301.07
5301.07
5301.07
5301.07
5301.07
5301.07
5301.07
5301.07
5301.07
5196.47
5196.47
5196.47
5196.47
5196.47
5196.47
5196.47
5196.47
5196.47
5196.47
5196.47
5196.47
4607.19
4607.19
4607.19
4607.19
4607.19
4607.19
4607.19
4607.19
4607.19
4607.19
4607.19
4607.19
4607.19
4607.19
4607.19
4607.19
4607.19
4607.19
4607.19
4607.19
4607.19
4607.19
4607.19
4607.19
4607.19
4607.19
4607.19
4607.19
4502.6
4502.6
4502.6
4502.6
4502.6
4502.6
4502.6
4502.6
4502.6
4502.6
4502.6
4502.6
4502.6
4502.6
4502.6
4502.6
4502.6
4502.6
4502.6
4502.6
4502.6
4445.76
4445.76
4445.76
4445.76
4445.76
4314.47
4314.47
4314.47
4314.47
4314.47
4314.47
4314.47
4314.47
4314.47
4266.16
4266.16
4266.16
4266.16
4266.16
4266.16
4266.16
4266.16
4266.16
4266.16
4266.16
4266.16
4266.16
4266.16
4266.16
4266.16
4266.16
4266.16
4266.16
4266.16
4266.16
4266.16
4266.16
4266.16
4266.16
4266.16
4266.16
4266.16
4266.16
4266.16
4266.16
4266.16
4266.16
4266.16
4266.16
4266.16
4266.16
4266.16
4266.16
4266.16
4266.16
4266.16
4266.16
4266.16
4266.16
4266.16
4266.16
4266.16
4266.16
4266.16
4266.16
4266.16
4266.16
4266.16
4266.16
4266.16
4266.16
4266.16
4266.16
4266.16
4266.16
4266.16
4266.16
4266.16
4266.16
4266.16
4266.16
4266.16
4259.15
4259.15
4259.15
4210.84
4210.84
4210.84
4210.84
4210.84
4210.84
4210.84
4210.84
4210.84
4210.84
4210.84
4210.84
4210.84
4157.88
4157.88
4157.88
4157.88
4157.88
4157.88
4157.88
4157.88
4157.88
4157.88
4157.88
4157.88
4157.88
4157.88
4157.88
4157.88
4157.88
4157.88
4157.88
4157.88
4157.88
4157.88
4157.88
4157.88
4157.88
4157.88
4157.88
4157.88
4157.88
4157.88
4157.88
4157.88
3996.54
3996.54
3996.54
3996.54
3996.54
3996.54
3996.54
3996.54
3996.54
3996.54
3996.54
3996.54
3996.54
3996.54
3996.54
3996.54
3996.54
3996.54
3996.54
3996.54
3996.54
3936.13
3936.13
3936.13
3936.13
3936.13
3936.13
3936.13
3936.13
3936.13
3936.13
3936.13
3936.13
3936.13
3936.13
3936.13
3936.13
3936.13
3936.13
3936.13
3936.13
3936.13
3936.13
3936.13
3936.13
3936.13
3936.13
3774.79
3774.79
3774.79
3774.79
3774.79
3774.79
3774.79
3774.79
3774.79
3774.79
3774.79
3774.79
3774.79
3774.79
3774.79
3774.79
3774.79
3669.26
3669.26
3669.26
3669.26
3669.26
3669.26
3669.26
3669.26
3669.26
3669.26
3669.26
3669.26
3669.26
3669.26
3669.26
3669.26
3669.26
3669.26
3669.26
3669.26
3669.26
3669.26
3669.26
3669.26
3669.26
3669.26
3669.26
3576.7
3576.7
3576.7
3576.7
3576.7
3576.7
3576.7
3576.7
3576.7
3576.7
3576.7
3576.7
3471.16
3471.16
3471.16
3471.16
3471.16
3471.16
3471.16
3471.16
3471.16
3471.16
3471.16
3471.16
3471.16
3471.16
3471.16
3471.16
3471.16
3471.16
3471.16
3471.16
3471.16
3471.16
3471.16
3471.16
3471.16
3471.16
3471.16
3471.16
3471.16
3471.16
3471.16
3471.16
3471.16
3471.16
3471.16
3471.16
3471.16
3471.16
3471.16
3471.16
3471.16
3471.16
3471.16
3471.16
3471.16
3471.16
3471.16
3471.16
3471.16
3471.16
3471.16
3471.16
3471.16
3471.16
3450.29
3450.29
3450.29
3450.29
3450.29
3450.29
3450.29
3450.29
3450.29
3450.29
3450.29
3450.29
3450.29
3450.29
3450.29
3450.29
3450.29
3450.29
3450.29
3450.29
3450.29
3450.29
3450.29
3450.29
3450.29
3450.29
3450.29
3450.29
3450.29
3450.29
3450.29
3415.32
3415.32
3415.32
3415.32
3415.32
3415.32
3415.32
3415.32
3415.32
3415.32
3415.32
3394.45
3394.45
3394.45
3394.45
3394.45
3394.45
3394.45
3394.45
3394.45
3394.45
3394.45
3394.45
3394.45
3394.45
3394.45
3394.45
3394.45
3394.45
3394.45
3394.45
3394.45
3394.45
3394.45
3394.45
3394.45
3394.45
3394.45
3394.45
3394.45
3394.45
3394.45
3394.45
3394.45
3394.45
3394.45
3394.45
3394.45
3394.45
3394.45
3394.45
3394.45
3394.45
3394.45
3394.45
3394.45
3394.45
3394.45
3394.45
3394.45
3394.45
3394.45
3394.45
3394.45
3394.45
3394.45
3394.45
3394.45
3394.45
3394.45
3394.45
3394.45
3394.45
3394.45
3394.45
3394.45
3394.45
3394.45
3394.45
3394.45
3394.45
3394.45
3394.45
3394.45
3394.45
3394.45
3394.45
3394.45
3394.45
3394.45
3394.45
3394.45
3394.45
3394.45
3394.45
3394.45
3394.45
3394.45
3394.45
3394.45
3394.45
3394.45
3394.45
3394.45
3394.45
3394.45
3394.45
3394.45
3394.45
3394.45
3394.45
3394.45
3394.45
3394.45
3394.45
3394.45
3394.45
3394.45
2718.16
2718.16
2718.16
2718.16
2718.16
2718.16
2718.16
2718.16
2718.16
2718.16
2718.16
2718.16
2718.16
2718.16
2718.16
2718.16
2718.16
2718.16
2718.16
2718.16
2718.16
2718.16
2718.16
2718.16
2718.16
2718.16
2718.16
2718.16
2718.16
2718.16
2718.16
2718.16
2718.16
2718.16
2718.16
2718.16
2718.16
2718.16
2718.16
2718.16
2718.16
2718.16
2718.16
2718.16
2718.16
2718.16
2718.16
2718.16
2718.16
2718.16
2718.16
2718.16
2718.16
2718.16
2718.16
2718.16
2712.05
2712.05
2712.05
2712.05
2712.05
2712.05
2712.05
2712.05
2712.05
2712.05
2712.05
2712.05
2712.05
2712.05
2712.05
2712.05
2712.05
2712.05
2712.05
2712.05
2712.05
2712.05
2712.05
2712.05
2712.05
2712.05
2712.05
2712.05
2712.05
2712.05
2712.05
2712.05
2712.05
2712.05
2712.05
2712.05
2712.05
2712.05
2712.05
2712.05
2587.36
2587.36
2587.36
2587.36
2587.36
2587.36
2587.36
2587.36
2587.36
2587.36
2587.36
2587.36
2587.36
2587.36
2587.36
2587.36
2587.36
2587.36
2587.36
2587.36
2587.36
2587.36
2587.36
2587.36
2587.36
2587.36
2587.36
2587.36
2587.36
2587.36
2587.36
2587.36
2587.36
2587.36
2587.36
2587.36
2587.36
2587.36
2587.36
2587.36
2587.36
2587.36
2587.36
2445.32
2445.32
2445.32
2445.32
2445.32
2445.32
2445.32
2445.32
2445.32
2445.32
2445.32
2445.32
2445.32
2445.32
2445.32
2445.32
2445.32
2445.32
2445.32
2445.32
2445.32
2445.32
2445.32
2445.32
2445.32
2445.32
2445.32
2445.32
2445.32
2445.32
2445.32
2445.32
2445.32
2445.32
2445.32
2445.32
2445.32
2445.32
2445.32
2445.32
2445.32
2445.32
2445.32
2445.32
2445.32
2445.32
2445.32
2445.32
2445.32
2445.32
2445.32
2445.32
2271.98
2271.98
2271.98
2271.98
2271.98
2271.98
2271.98
2271.98
2271.98
2271.98
2271.98
2271.98
2271.98
2271.98
2271.98
2271.98
2271.98
2271.98
2271.98
2271.98
2271.98
2271.98
2271.98
2271.98
2271.98
2271.98
2271.98
2271.98
2271.98
2271.98
2271.98
2271.98
2271.98
2271.98
2271.98
1990.58
1990.58
1990.58
1990.58
1990.58
1990.58
1990.58
1990.58
1990.58
1990.58
1990.58
1990.58
1990.58
1990.58
1990.58
1990.58
1990.58
1990.58
1990.58
1990.58
1990.58
1990.58
1990.58
1990.58
1990.58
1990.58
1990.58
1990.58
1990.58
1990.58
1990.58
1990.58
1990.58
1990.58
1990.58
1990.58
1990.58
1990.58
1990.58
1990.58
1990.58
1990.58
1990.58
1990.58
1990.58
1990.58
1990.58
1990.58
1990.58
1990.58
1990.58
1990.58
1990.58
1990.58
1990.58
1990.58
1990.58
1990.58
1990.58
1990.58
1990.58
1990.58
1990.58
1990.58
1990.58
1990.58
1990.58
1990.58
1990.58
1990.58
1990.58
1990.58
1990.58
1990.58
1990.58
1990.58
1990.58
1990.58
1990.58
1990.58
1990.58
1990.58
1990.58
1990.58
1990.58
1990.58
1990.58
1990.58
1990.58
1990.58
1990.58
1990.58
1990.58


-0.686021
0.64602
-0.814025
0.0700021
0.542017
0.362011
-1.83406
-0.33401
2.85809
-0.866026
0.938029
-1.16204
0.282009
4.48614
0.0260008
1.77005
2.02206
1.89806
-1.74605
1.82606
2.59408
-9.63829
-2.29407
-1.75405
-1.43404
2.57008
-0.678021
-0.790024
-0.954029
-5.19016

0.05

