133.336
133.336
133.336
133.336
133.336
133.336
133.336
133.336
133.336
133.336
133.336
133.336
133.336
128.393
128.393
128.393
128.393
128.393
128.393
128.393
128.393
114.805
114.805
114.805
114.805
112.398
107.327
107.327
107.327
101.127
101.127
101.127
101.127
101.127
101.127
76.3491
76.3491
76.3491
76.3491
76.3491
76.3491
76.3491
76.3491
76.3491
76.3491
76.3491
76.3491
76.3491
76.3491
76.3491
70.0218
70.0218
70.0218
70.0218
70.0218
67.7181
67.7181
67.7181
67.7181
67.7181
67.7181
67.7181
67.7181
67.7181
67.7181
67.7181
67.7181
67.7181
66.1627
66.1627
66.1627
66.1627
66.1627
66.1627
66.1627
66.1627
66.1627
66.1627
66.1627
66.1627
66.1627
66.1627
66.1627
66.1627
66.1627
66.1627
66.1627
66.1627
66.1627
66.1627
66.1627
66.1627
66.1627
66.1627
66.1627
66.1627
66.1627
66.1627
66.1627
66.1627
66.1627
66.1627
66.1627
66.1627
66.1627
66.1627
66.1627
66.1627
66.1627
66.1627
66.1627
66.1627
66.1627
66.1627
66.1627
66.1627
66.1627
66.1627
66.1627
66.1627
66.1627
66.1627
66.1627
66.1627
66.1627
66.1627
66.1627
66.1627
66.1627
66.1627
66.1627
66.1627
66.1627
66.1627
66.1627
66.1627
66.1627
66.1627
66.1627
66.1627
66.1627
66.1627
66.1627
66.1627
66.1627
66.1627
66.1627
66.1627
66.1627
66.1627
66.1627
66.1627
66.1627
66.1627
66.1627
66.1627
66.1627
66.1627
66.1627
66.1627
66.1627
66.1627
65.2392
65.2392
61.8827
61.8827
61.8827
61.8827
60.9591
60.9591
60.9591
60.9591
60.9591
60.9591
60.9591
60.9591
60.9591
60.9591
60.9591
60.7352
55.1733
55.1733
55.1733
55.1733
55.1733
55.1733
55.1733
55.1733
55.1733
55.1733
55.1733
55.1733
55.1733
55.1733
55.1733
53.9737
53.9737
53.9737
53.9737
53.9737
53.9737
53.9737
53.9737
53.9737
53.9737
53.9737
53.9737
53.849
53.849
53.849
53.849
53.7095
53.7095
53.7095
53.7095
53.7095
53.7095
53.7095
53.7095
53.7095
53.7095
47.1607
47.1607
47.1607
47.1607
47.1607
47.1607
47.1607
47.1607
47.1607
47.1607
47.1607
47.1607
47.0213
47.0213
47.0213
47.0213
47.0213
47.0213
47.0213
47.0213
47.0213
47.0213
47.0213
47.0213
47.0213
47.0213
47.0213
47.0213
47.0213
46.9403
46.9403
46.9403
46.9403
46.9403
46.9403
46.9403
46.9403
46.9403
46.8156
46.8156
46.8156
33.8424
33.8424
33.8424
33.8424
33.8424
33.8424
33.8424
33.8424
33.8424
33.8424
33.8424
33.8424
33.703
33.703
33.703
33.703
33.703
33.703
33.703
33.703
33.703
33.703
33.703
33.703
33.703
33.703
33.703
33.703
33.703
33.703
33.703
33.703
33.703
33.703
33.703
33.703
33.703
33.703
33.703
33.703
33.703
33.703
33.703
33.703
33.703
33.703
33.703
33.703
33.703
33.703
33.703
33.703
33.703
33.703
33.703
33.703
33.703
33.703
33.703
33.703
33.703
33.703
33.703
33.703
33.703
33.703
33.703
33.703
33.703
33.703
33.703
33.703
32.2334
32.2334
32.2334
32.2334
32.2334
32.2334
32.2334
32.2334
32.2334
32.2334
32.2334
32.2334
32.2334
32.2334
30.3936
30.3936
30.3936
30.3936
30.3936
30.3936
30.3936
30.3936
30.3936
28.8263
28.8263
28.8263
28.8263
28.8263
28.8263
28.8263
28.8263
28.8263
28.8263
28.8263
28.8263
28.8263
28.8263
28.8263
28.8263
28.8263
28.8263
28.8263
28.8263
28.8263
28.8263
28.8263
28.8263
28.8263
28.8263
28.8263
28.8263
28.8263
28.8263
28.8263
28.8263
28.8263
28.8263
28.8263
28.8263
28.8263
28.8263
28.8263
28.8263
28.8263
28.8263
28.8263
28.8263
28.8263
28.8263
28.8263
28.8263
28.8263
28.8263
28.8263
28.3119
28.3119
28.3119
28.3119
28.3119
28.3119
28.3119
28.3119
28.3119
28.3119
28.3119
28.3119
28.2142
28.2142
28.2142
28.2142
28.2142
28.2142
28.2142
28.2142
27.3568
27.3568
27.3568
26.1832
26.1832
26.1832
25.5711
25.5711
25.5711
25.5711
25.5711
25.5711
25.5711
25.5711
25.5711
25.5711
25.5711
25.5711
25.5711
25.5711
25.5711
25.5711
25.5711
25.5711
25.4499
25.4499
25.4499
25.4499
25.4499
25.4499
25.4499
25.4499
25.4499
25.4499
25.4499
25.4499
25.4499
25.4499
25.4499
25.4499
25.4499
21.0294
21.0294
21.0294
21.0294
21.0294
21.0294
21.0294
21.0294
21.0294
21.0294
21.0294
21.0294
21.0294
21.0294
21.0294
21.0294
21.0294
21.0294
21.0294
21.0294
21.0294
21.0294
21.0294
20.9467
20.9467
20.4459
20.4459
20.4459
20.4459
20.4459
20.4459
20.4459
20.4459
20.4459
20.4459
20.4459
20.4459
20.4459
20.4459
20.4459
20.4459
20.4459
20.4459
20.4459
20.4459
20.4459
20.4459
20.4459
20.4459
20.4459
20.4459
20.4459
20.4459
20.4459
20.4459
20.4459
20.4459
20.4459
20.4459
20.4459
20.4459
20.4459
20.233
20.233
20.233
20.233
20.233
20.233
20.233
20.233
20.233
20.233
20.233
20.233
20.233
20.233
20.233
20.233
20.233
20.233
20.233
20.233
20.233
20.233
20.233
20.233
20.233
20.233
20.233
20.233
20.233
20.233
20.233
20.233
20.233
20.233
20.233
20.233
20.233
20.233
20.233
20.233
20.233
20.233
20.233
20.233
20.233
20.233
20.233
20.233
20.233
20.233
20.233
20.233
20.233
20.233
20.233
20.233
20.233
20.233
20.233
20.233
20.233
20.233
20.233
20.233
20.233
20.233
20.233
20.233
20.233
20.233
20.233
20.233
20.233
20.233
20.233
20.233
20.233
20.233
20.233
20.233
20.233
20.233
20.233
20.233
20.233
20.233
20.233
20.233
20.233
20.233
20.233
20.233
20.233
20.233
20.233
20.233
20.233
20.233
20.233
20.233
20.233
20.233
20.233
20.233
20.233
20.233
20.233
20.233
20.233
20.233
20.233
20.233
20.233
20.233
20.233
20.233
20.233
20.233
20.233
20.233
20.233
20.233
20.233
20.233
20.233
20.233
20.233
20.233
20.233
20.233
20.233
20.233
20.233
20.233
20.233
20.233
20.233
20.233
20.233
20.233
20.233
20.233
20.233
20.233
20.233
20.233
20.233
20.233
20.233
20.233
20.233
20.233
20.233
20.233
20.233
20.233
20.233
20.233
20.233
20.233
20.233
20.233
20.233
20.233
20.233
20.233
20.233
20.233
20.233
20.233
20.233
20.233
20.233
20.233
20.233
20.233
20.233
20.233
20.233
20.233
20.233
20.233
20.233
20.233
20.233
20.233
20.233
20.233
20.233
20.233
20.233
20.233
20.233
20.233
20.233
20.233
20.233
20.233
20.233
20.233
20.233
20.233
20.233
20.233
20.233
20.233
20.233
20.233
20.233
20.233
20.233
20.233
20.233
20.233
20.233
20.233
20.233
20.233
20.233
20.233
20.233
20.233
20.233
20.233
20.233
20.233
20.233
20.233
20.233
20.233
20.233
20.233
20.233
20.233
20.233
20.233
20.233
20.233
20.233
20.233
20.233
20.233
20.233
20.233
20.233
20.233
20.233
20.233
20.233
20.233
20.233
20.233
20.233
20.233
20.233
20.233
20.233
20.233
20.233
20.233
20.233
20.233
20.233
20.233
20.233
20.233
20.233
20.233
20.233
20.233
20.233
20.233
20.233
20.233
20.233
20.233
20.233
20.233
20.233
20.233
20.233
20.233
20.233
20.233
20.233
20.233
20.233
20.233
20.233
20.233
20.233
20.233
20.233
20.233
20.233
20.233
20.233
20.233
20.233
20.233
20.233
20.233
20.233
20.233
20.233
20.233
20.233
20.233
20.233
20.233
20.233
20.233
20.233
20.233
20.233
20.233
20.233
20.233
20.233
20.233
20.233
20.233
20.233
20.233
20.233
20.233
20.233
20.233
20.233
20.233
20.233
20.233
20.233
20.233
20.233
20.233
20.233
20.233
20.233
20.233
20.233
20.233
20.233
20.233
20.233
20.233
20.233
20.233
20.233
20.233
20.233
20.233
20.233
20.233
20.233
20.233
20.233
20.233
20.233
20.233
20.233
20.233
20.233
20.233
20.233
20.233
20.233
20.233
20.233
20.233
20.233
20.233
20.233
20.233
20.233
20.233
20.233
20.233
20.233
20.233
20.233
20.233
20.233
20.233
20.233
20.233
20.233
20.233
20.233
20.233
20.233
20.233
20.233
20.233
20.233
20.233
20.233
20.233
20.233
20.233
20.233
20.233
20.233
20.233
20.233
20.233
20.233
20.233
20.233
20.233
20.233
20.233
20.233
20.233
20.233
20.233
20.233
20.233
20.233
20.233
20.233
20.233
20.233
20.233
20.233
20.233
20.233
20.233
20.233
20.233
20.233
20.233
20.233
20.233
20.233
20.233
20.233
20.233
20.233
20.233
20.233
20.233
20.233
20.233
20.233
20.233
20.233
20.233
20.233
20.233
20.233
20.233
20.233
20.233
20.233
20.233
20.233
20.233
20.233
20.233
20.233
20.233
20.233
20.233
20.233
20.233
20.233
20.233
20.233
20.233
20.233
20.233
20.233
20.233
20.233
20.233
20.233
20.233
20.233
20.233
20.233
20.233
20.233
20.233
20.233
20.233
20.233
20.233
20.233
20.233
20.233
20.233
20.1118
20.1118
20.1118
20.1118
20.1118
20.1118
20.1118
20.1118
20.1118
20.1118
19.8989
19.8989
19.8989
19.8989
19.8989
19.8989
19.8989
19.8989
19.8989
19.8989
19.8989
19.8989
19.8989
19.8989
19.8989
19.8989
19.8989
19.8989
19.8989
19.8989
19.8989
19.8989
19.8989
19.8989
19.8989
19.8989
19.8989
19.8989
19.8989
18.7514
18.7514
15.554
15.554
15.554
15.554
15.554
15.554
15.554
15.554
15.554
15.554
15.554
15.554
15.554
15.554
15.554
15.554
15.554
15.554
15.554
15.554
15.554
15.554
14.4065
14.4065
14.4065
14.4065
14.4065
14.4065
14.4065
14.4065
14.4065
14.4065
14.4065
14.4065
14.4065
14.4065
14.4065
14.4065
14.4065
14.4065
14.4065
14.4065
14.4065
14.4065
14.4065
14.4065
14.4065
14.4065
14.4065
14.4065
14.4065
14.4065
14.4065
14.4065
14.4065
14.4065
14.4065
14.4065
14.4065
14.4065
14.1936
14.1936
14.1936
14.1936
14.1936
14.1936
14.1936
14.1936
14.1936
14.1936
14.1936
14.1936
14.1936
14.1936
14.1936
14.1936
14.1936
14.1936
14.1936
14.1936
14.1936
14.1936
14.1936
14.1936
14.1936
14.1936
14.1936
14.1936
14.1936
14.1936
14.1936
14.1936
14.1936
14.1936
14.1936
14.1936
14.1936
14.1936
14.1936
14.1936
14.1936
14.1936
14.1936
14.1936
14.1936
14.1936
14.1936
14.1936
14.1936
14.1936
14.1936
14.1936
14.1936
14.1936
14.1936
14.1936
14.1936
14.1936
14.1936
14.1936
14.1936
14.1936
14.1936
14.1936
14.1936
14.1936
14.1936
14.1936
14.1936
14.1936
14.1936
14.1936
14.1936
12.6264
12.6264
12.6264
12.6264
12.6264
12.6264
12.6264
12.6264
12.6264
12.6264
11.6265
11.6265
11.6265
11.6265
11.6265
10.0593
10.0593
10.0593
10.0593
10.0593
10.0593
10.0593
10.0593
10.0593
10.0593
10.0593
10.0593
10.0593
10.0593
10.0593
10.0593
10.0593
10.0593
10.0593
10.0593
10.0593
10.0593
10.0593
10.0593
10.0593
10.0593
10.0593
10.0593
10.0593
10.0593
10.0593
10.0593
10.0593
10.0593
10.0593
10.0593
10.0593
10.0593
10.0593
10.0593
10.0593
10.0593
10.0593
10.0593
10.0593
10.0593
10.0593
10.0593
10.0593
10.0593
10.0593
10.0593
10.0593
10.0593
10.0593
10.0593
10.0593
10.0593
10.0593
10.0593
10.0593
10.0593
10.0593
10.0593
10.0593
10.0593
10.0593
10.0593
10.0593
10.0593
10.0593
10.0593
10.0593
10.0593
10.0593
10.0593
10.0593
10.0593
10.0593
10.0593
10.0593
10.0593
10.0593
10.0593
10.0593
10.0593
10.0593
10.0593
10.0593
10.0593
10.0593
10.0593
10.0593
10.0593
10.0593
10.0593
10.0593
10.0593
10.0593
10.0593
10.0593
10.0593
10.0593
10.0593
10.0593
10.0593
10.0593
10.0593
10.0593
10.0593
10.0593
10.0593
10.0593
10.0593
10.0593
10.0593
10.0593
10.0593
10.0593
10.0593
10.0593
10.0593
10.0593
10.0593
10.0593
10.0593
10.0593
10.0593
10.0593
10.0593
10.0593
10.0593
10.0593
10.0593
10.0593
10.0593
10.0593
10.0593
10.0593
10.0593
10.0593
10.0593
10.0593
10.0593
10.0593
10.0593
10.0593
10.0593
10.0593
10.0593
10.0593
10.0593
10.0593
10.0593
10.0593
10.0593
10.0593
10.0593
10.0593
10.0593
10.0593
10.0593
10.0593
10.0593
10.0593
10.0593
10.0593
10.0593
10.0593
10.0593
10.0593
10.0593
10.0593
10.0593
10.0593
10.0593
10.0593
10.0593
10.0593
10.0593
10.0593
10.0593
10.0593
10.0593
10.0593
10.0593
10.0593
10.0593
10.0593
10.0593
10.0593
10.0593
10.0593
10.0593
10.0593
10.0593
10.0593
10.0593
10.0593
10.0593
10.0593
10.0593
10.0593
10.0593
10.0593
10.0593
10.0593
10.0593
10.0593
10.0593
10.0593
10.0593
10.0593
10.0593
10.0593
10.0593
10.0593
10.0593
10.0593
10.0593
10.0593
10.0593
10.0593
10.0593
10.0593
10.0593
10.0593
10.0593
10.0593
10.0593
10.0593
10.0593
10.0593
10.0593
10.0593
10.0593
10.0593
10.0593
10.0593
10.0593
10.0593
10.0593
10.0593
10.0593
10.0593
10.0593
10.0593
10.0593
10.0593
10.0593
10.0593
10.0593
10.0593
10.0593
10.0593
10.0593
10.0593
10.0593
10.0593
10.0593
10.0593
10.0593
10.0593
10.0593
10.0593
10.0593
10.0593
10.0593
10.0593
10.0593
10.0593
10.0593
10.0593
10.0593
10.0593
10.0593
10.0593
10.0593
10.0593
10.0593
10.0593
10.0593
10.0593
10.0593
10.0593
10.0593
10.0593
10.0593
10.0593
10.0593
10.0593
10.0593
10.0593
10.0593
10.0593
10.0593
10.0593
10.0593
10.0593
10.0593
10.0593
10.0593
10.0593
10.0593
10.0593
10.0593
10.0593
10.0593
7.49219
7.49219
7.49219
7.49219
7.49219
7.49219
7.49219
7.49219
7.49219
7.49219
7.49219
7.49219
7.49219
7.49219
7.49219
7.49219
7.49219
7.49219
7.49219
7.49219
5.6182
5.6182
5.6182
5.6182
5.6182
5.6182
5.6182
5.6182
5.6182
5.6182
5.6182
5.6182
5.6182
5.6182
5.6182
5.6182
5.6182
5.6182
5.6182
5.6182
5.6182
5.6182
5.6182
5.6182
5.6182
5.6182
5.6182
5.6182
5.6182
5.6182
5.6182
5.6182
5.6182
5.6182
5.6182
5.6182
5.6182
5.6182
5.6182
5.6182
5.6182
5.6182
5.6182
5.6182
5.6182
5.6182
5.6182
5.6182
5.6182
5.6182
5.6182
5.6182
5.6182
5.6182
5.6182
5.6182
5.6182
5.6182
5.6182
5.6182
5.6182
5.6182
5.6182
5.6182
5.6182
5.6182
5.6182
5.6182
5.6182
5.6182
5.6182
5.6182
5.6182
5.6182
5.6182
5.6182
5.6182
5.6182
5.6182
5.6182
5.6182
5.6182
5.6182
5.6182
5.6182
5.6182
5.6182
5.6182
5.6182
5.6182
5.6182
5.6182
5.6182
5.6182
5.6182
5.6182
5.6182
5.6182
5.6182
5.6182
5.6182
5.6182
5.6182
5.6182
5.6182
5.6182
5.6182
5.6182
5.6182
5.6182
5.6182
5.6182
5.6182
5.6182
5.6182
5.6182
5.6182
5.6182
5.6182
5.6182
5.6182
5.6182
5.6182
5.6182
5.6182
5.6182
5.6182
5.6182
5.6182
5.6182
5.6182
5.6182
5.6182
5.6182
5.6182
5.6182
5.6182
5.6182
5.6182
5.6182
5.6182
5.6182
5.6182
5.6182
5.6182
5.6182
5.6182
5.6182
5.6182
5.6182
5.6182
5.6182
5.6182
5.6182
5.6182
5.6182
5.6182
5.6182
5.6182
5.6182
5.6182
5.6182
5.6182
5.6182
5.6182
5.6182
5.6182
5.6182
5.6182
5.6182
5.6182
5.6182
5.6182
5.6182
5.6182
5.6182
5.6182
5.6182
5.6182
5.6182
5.6182
5.6182
5.6182
5.6182
5.6182
5.6182
5.6182
5.6182
5.6182
5.6182
5.6182
5.6182
5.6182
5.6182
5.6182
5.6182
5.6182
5.6182
5.6182
5.6182
5.6182
5.6182
5.6182
5.6182
5.6182
5.6182
5.6182
5.6182
5.6182
5.6182
5.6182
5.6182
5.6182
5.6182
5.6182
5.6182
5.6182
5.6182
5.6182
5.6182
5.6182
5.6182
5.6182
5.6182
5.6182
5.6182
5.6182
5.6182
5.6182
5.6182
5.6182
5.6182
5.6182
5.6182
5.6182
5.6182
5.6182
5.6182
5.6182
5.6182
5.6182
5.6182
5.6182
5.6182
5.6182
5.6182
5.6182
5.6182
5.6182
5.6182
5.6182
5.6182
5.6182
5.6182
5.6182
5.6182
5.6182
5.6182
5.6182
5.6182
5.6182
5.6182
5.6182
5.6182
5.6182
5.6182
5.6182
5.6182
5.6182
5.6182
5.6182
5.6182
5.6182
5.6182
5.6182
5.6182
5.6182
5.6182
5.6182
5.6182
5.6182
5.6182
5.6182
5.6182
5.6182
5.6182
5.6182
5.6182
5.6182
5.6182
5.6182
5.6182
5.6182
5.6182
5.6182
5.6182
5.6182
5.6182
5.6182
5.6182
5.6182
5.6182
5.6182
5.6182
5.6182
5.6182
5.6182
5.6182
5.6182
5.6182
5.6182
5.6182
5.6182
5.6182
5.6182
5.6182
5.6182
5.6182
5.6182
5.6182
5.6182
5.6182
5.6182
5.6182
5.6182
5.6182
5.6182
5.6182
5.6182
5.6182
5.6182
5.6182
5.6182
5.6182
5.6182
5.6182
5.6182
5.6182
5.6182
5.6182
5.6182
5.6182
5.6182
5.6182
5.6182
5.6182
5.6182
5.6182
5.6182
5.6182
5.6182
5.6182
5.6182
5.6182
5.6182
5.6182
5.6182
5.6182
5.6182
5.6182
5.6182
5.6182
5.6182
5.6182
5.6182
5.6182
5.6182
5.6182
5.6182
5.6182
5.6182
5.6182
5.6182
5.6182
5.6182
5.6182
5.6182
5.6182
5.6182
5.6182
5.6182
5.6182
5.6182
5.6182
5.6182
5.6182
5.6182
5.6182
5.6182
5.6182
5.6182
5.6182
5.6182
5.6182
5.6182
5.6182
5.6182
5.6182
5.6182
5.6182
5.6182
5.6182
5.6182
5.6182
5.6182
5.6182
5.6182
5.6182
5.6182
5.6182
5.6182
5.6182
5.6182
5.6182
5.6182
5.6182
5.6182
5.6182
5.6182
5.6182
5.6182
5.6182
5.6182
5.6182
5.6182
5.6182
5.6182
5.6182
5.6182
5.6182
5.6182
5.6182
5.6182
5.6182
5.6182
5.6182
5.6182
5.6182
5.6182
5.6182
5.6182
5.6182
5.6182
5.6182
5.6182
5.6182
5.6182
5.6182
5.6182
5.6182
5.6182
5.6182
5.6182
5.6182
5.6182
5.6182
5.6182
5.6182
5.6182
5.6182


0.163286
0.163286
0.163286
0.163286
0.163286
0.163286
0.330791
0.330791
0.330791
-0.394231
-0.85237
-0.85237
-0.85237
0.00546892
0.00546892
0.00546892
0.00546892
0.00546892
0.00546892
0.00546892
0.00546892
-0.199537
-0.199537
-0.199537
0.12766
0.12766
0.12766
0.12766
0.12766
1.61052

0.021

