549.973
549.973
549.973
549.973
509.58
509.58
485.296
485.296
485.296
407.371
407.371
407.371
407.371
407.371
407.371
407.371
407.371
407.371
407.371
407.371
407.371
407.371
407.371
324.235
324.235
324.235
324.235
324.235
324.235
324.235
324.235
324.235
324.235
324.235
324.235
324.235
324.235
324.235
324.235
251.17
251.17
251.17
251.17
251.17
251.17
251.17
251.17
251.17
251.17
226.702
226.702
226.702
226.702
226.702
226.702
226.702
226.702
226.702
226.702
226.702
226.702
226.702
226.702
226.702
226.702
226.702
226.702
226.702
226.702
226.702
226.702
226.702
226.702
226.702
207.296
207.296
207.296
184.202
184.202
184.202
184.202
184.202
184.202
178.071
178.071
178.071
163.303
163.303
163.303
163.303
163.303
163.303
158.033
158.033
158.033
158.033
137.652
137.652
137.652
137.652
137.652
137.652
137.652
137.652
137.652
137.652
136.737
128.084
128.084
128.084
128.084
128.084
128.084
128.084
128.084
128.084
103.041
103.041
103.041
103.041
103.041
103.041
103.041
103.041
103.041
103.041
103.041
103.041
103.041
103.041
103.041
85.1795
76.5572
76.5572
76.5572
74.1218
67.2351
67.2351
67.2351
62.9485
53.7601
53.7601
53.7601
53.7601
53.7601
53.7601
28.6751
28.6751
28.6751
28.6751
28.6751
28.6751
28.6751
28.6751
28.6751
28.6751
28.6751
28.6751
28.6751
28.6751
28.6751
28.6751
28.6751
28.6751
28.6751
28.4435
28.4435
28.4435
28.4435
28.4435
28.4435
28.4435
28.4435
28.4435
28.4435
28.4435
28.4435
28.1165
28.1165
28.1165
25.7788
24.934
24.934
24.934
24.934
24.934
23.8935
21.661
21.661
21.4802
21.4802
21.4802
19.556
19.556
19.556
19.556
19.556
19.556
19.556
19.556
17.3236
17.3236
17.3236
17.3236
16.3735
16.3735
16.3735
16.3735
16.3735
16.3735
15.3537
15.3537
14.825
14.825
14.825
14.825
14.825
14.825
14.825
14.825
14.825
14.825
14.825
14.825
14.825
14.825
14.825
14.825
14.825
14.825
14.825
14.825
14.825
14.825
14.825
14.825
14.8249
14.8249
14.6055
14.6055
14.6055
14.6055
14.6055
14.6055
14.6055
14.5348
13.6147
13.6147
13.537
13.537
12.6874
12.6874
12.6874
12.6874
12.6874
12.6874
12.6874
12.6874
11.0371
11.0371
11.0371
11.0371
11.0371
11.0371
11.0371
11.0371
11.0371
11.0371
11.0371
11.0371
11.0371
10.7718
10.7718
10.7718
10.7718
10.7718
10.7718
10.7718
10.7718
10.7718
10.7718
10.2599
10.2599
10.2599
10.2599
10.2599
10.2599
10.2599
10.2599
10.2599
10.2599
10.2599
10.2599
10.2599
10.2599
10.2599
10.2599
10.2599
10.2599
10.2599
10.2599
10.2599
9.9697
9.9697
9.83845
9.83845
9.83845
9.83845
9.83845
8.61109
8.61109
6.89737
6.89737
6.89737
6.89737
6.89737
6.89737
6.70557
6.70557
6.67567
6.67567
6.67567
6.26716
6.26716
6.26716
6.26716
6.21249
6.21249
6.21249
6.21249
6.21249
6.21249
6.21249
6.21249
6.21249
6.21249
6.21249
6.21249
6.20236
6.20236
6.20236
6.07611
5.98565
5.98565
5.98565
5.98565
5.97004
5.97004
5.97004
5.97004
5.97004
5.97004
5.97004
5.93397
5.93397
5.93397
5.93397
5.91023
5.91023
5.91023
5.91023
5.41033
5.41033
5.41033
5.41033
5.41033
5.41033
5.41033
5.41033
5.41033
5.34978
5.34978
5.34978
5.34978
5.34978
5.34978
5.34978
4.94791
4.94791
4.94791
4.94791
4.94791
4.94791
4.94791
4.94791
4.94791
4.94791
4.94791
4.94791
4.94791
4.94791
4.94791
4.94791
4.94791
4.94791
4.7969
4.7969
4.7969
4.62486
4.62486
4.62486
4.62486
4.62486
4.62486
4.62486
4.62486
4.62486
4.62486
4.62486
4.62486
4.62486
4.62486
4.62486
4.62486
4.62486
4.62486
4.62486
4.62486
4.62486
4.62486
4.62486
4.62486
4.62486
4.62486
4.58407
4.58407
4.58407
4.58407
4.58407
4.58407
4.58407
4.58407
4.56506
4.56506
4.48347
4.48347
4.48347
4.48347
4.48347
4.48347
4.48347
4.48347
4.48347
4.45282
4.45282
4.45282
4.45282
4.45282
4.45282
4.35222
4.35222
4.33044
4.33044
4.33044
4.18018
4.18018
4.18018
4.18018
4.18018
4.18018
4.18018
4.18018
4.18018
4.18018
4.18018
4.18018
4.18018
4.18018
4.00686
4.00686
4.00686
4.00686
4.00686
4.00686
4.00686
4.00686
4.00686
4.00686
4.00686
4.00686
4.00686
4.00686
4.00686
4.00686
3.96607
3.96607
3.96607
3.96607
3.96607
3.83482
3.83482
3.83482
3.83482
3.83482
3.83482
3.83482
3.83482
3.83482
3.83482
3.83482
3.83482
3.83481
3.83481
3.83481
3.83481
3.83481
3.83481
3.83481
3.83481
3.83481
3.83481
3.83481
3.83481
3.83481
3.83481
3.83481
3.83479
3.83479
3.83479
3.83479
3.83479
3.83479
3.83479
3.79403
3.79403
3.79403
3.79403
3.79403
3.79403
3.79403
3.79403
3.79403
3.79403
3.79403
3.79403
3.79403
3.71243
3.71243
3.71243
3.71243
3.71243
3.71243
3.71243
3.71243
3.71243
3.71243
3.71243
3.71243
3.71243
3.71243
3.71243
3.71243
3.71243
3.71243
3.71243
3.71243
3.71243
3.71243
3.71243
3.71243
3.71243
3.71243
3.71243
3.67165
3.67165
3.63086
3.63086
3.63086
3.63086
3.63086
3.63086
3.63086
3.63086
3.63086
3.63086
3.63086
3.63086
3.63086
3.63086
3.63086
3.63086
3.63086
3.63086
3.63086
3.63086
3.63086
3.63086
3.63086
3.63086
3.63086
3.63086
3.63086
3.63086
3.63086
3.63086
3.63086
3.63086
3.63086
3.63086
3.63086
3.63086
3.63086
3.63086
3.63086
3.63086
3.63086
3.63086
3.63086
3.63086
3.63086
3.63086
3.63086
3.63086
3.63086
3.63086
3.63086
3.63086
3.63086
3.63086
3.63086
3.63086
3.63086
3.63086
3.63086
3.63086
3.63086
3.63086
3.63086
3.63086
3.63086
3.63086
3.63086
3.63086
3.63086
3.63086
3.63086
3.63086
3.63086
3.63086
3.63086
3.63086
3.63086
3.63086
3.63086
3.63086
3.63086
3.63086
3.63086
3.63086
3.63086
3.63086
3.63086
3.63086
3.63086
3.63086
3.63086
3.63086
3.63086
3.63086
3.63086
3.63086
3.63086
3.63086
3.63086
3.63086
3.63086
3.63086
3.63086
3.63086
3.63086
3.63086
3.63086
3.63086
3.63086
3.63086
3.63086
3.63086
3.63086
3.63086
3.63086
3.63086
3.63086
3.63086
3.63086
3.63086
3.63086
3.63086
3.63086
3.63086
3.63086
3.63086
3.63086
3.63086
3.63086
3.63086
3.63086
3.63086
3.63086
3.63086
3.63086
3.63085
3.63085
3.63085
3.63085
3.63085
3.63085
3.63085
3.63085
3.63085
3.63085
3.63085
3.59007
3.59007
3.59007
3.59007
3.59007
3.59007
3.59007
3.59007
3.59007
3.59007
3.59007
3.59007
3.59007
3.59007
3.59007
3.59007
3.59007
3.59007
3.59007
3.59007
3.59007
3.59007
3.59007
3.59007
3.59007
3.59007
3.59007
3.59007
3.59007
3.59007
3.59007
3.59007
3.59007
3.59007
3.59007
3.59007
3.59007
3.59007
3.59007
3.59007
3.59007
3.59007
3.59007
3.59007
3.59007
3.59007
3.59007
3.59007
3.59007
3.59007
3.59007
3.59007
3.59007
3.59007
3.59007
3.59007
3.59007
3.59007
3.59007
3.59007
3.59007
3.59007
3.59007
3.59007
3.59007
3.59007
3.59007
3.59007
3.59007
3.59007
3.59007
3.59007
3.59007
3.59007
3.59007
3.59007
3.59007
3.59007
3.59007
3.59007
3.59007
3.59007
3.59007
3.59007
3.59007
3.59007
3.59007
3.59007
3.59007
3.59007
3.59007
3.59007
3.59007
3.59007
3.59007
3.59007
3.59007
3.59007
3.59007
3.59007
3.59007
3.59007
3.59007
3.59007
3.59007
3.59007
3.59007
3.59007
3.59007
3.59007
3.59007
3.59007
3.59007
3.59007
3.59007
3.59007
3.59007
3.59007
3.59007
3.59007
3.59007
3.59007
3.59007
3.59007
3.59007
3.59007
3.59007
3.59007
3.59007
3.59007
3.59007
3.59007
3.59007
3.59007
3.59007
3.59007
3.59007
3.59007
3.59007
3.59007
3.59007
3.59007
3.59007
3.59007
3.59007
3.59007
3.59007
3.59007
3.59007
3.59007
3.59007
3.59007
3.59007
3.59007
3.59007
3.59007
3.59007
3.59007
3.59007
3.59007
3.59007
3.59007
3.59007
3.59007
3.59007
3.59007
3.59007
3.59007
3.59007
3.59007
3.59007
3.59007
3.59007
3.59007
3.59007
3.59007
3.59007
3.59007
3.59007
3.59007
3.59007
3.59007
3.59007
3.59007
3.59007
3.59007
3.59007
3.59007
3.59007
3.59007
3.59007
3.59007
3.59007
3.59007
3.59007
3.59007
3.59007
3.59007
3.59007
3.59007
3.59007
3.59007
3.59007
3.59007
3.59007
3.59007
3.59007
3.59007
3.59007
3.59007
3.59007
3.59007
3.59007
3.59007
3.59007
3.59007
3.59007
3.59007
3.59007
3.59007
3.59007
3.59007
3.59007
3.59007
3.59007
3.59007
3.59007
3.59007
3.59007
3.59007
3.59007
3.59007
3.59007
3.59007
3.59007
3.59007
3.59007
3.59007
3.59007
3.59007
3.59007
3.59007
3.59007
3.59007
3.59007
3.59007
3.59007
3.59007
3.59007
3.59007
3.59007
3.59007
3.59007
3.59007
3.59007
3.59007
3.59007
3.59007
3.59007
3.59007
3.59007
3.59007
3.59007
3.59007
3.59007
3.59007
3.59007
3.59007
3.59007
3.59007
3.59007
3.59007
3.59007
3.59007
3.59007
3.59007
3.59007
3.59007
3.59007
3.59007
3.59007
3.59007
3.59007
3.59007
3.59007
3.59007
3.59007
3.59007
3.59007
3.59007
3.59007
3.59007
3.59007
3.59007
3.59007
3.59007
3.59007
3.59007
3.59007
3.59007
3.59007
3.59007
3.59007
3.59007
3.59007
3.59007
3.59007
3.59007
3.59007
3.59007
3.59007
3.59007
3.59007
3.59007
3.59007
3.59007
3.59007
3.59007
3.59007
3.59007
3.59007
3.59007
3.59007
3.59007
3.59007
3.59007
3.59007
3.59007
3.59007
3.59007
3.59007
3.59007
3.59007
3.59007
3.59007
3.59007
3.59007
3.59007
3.59007
3.59007
3.59007
3.59007
3.59007
3.59007
3.59007
3.59007
3.59007
3.59007
3.59007
3.59007
3.59007
3.59007
3.59007
3.59007
3.59007
3.59007
3.59007
3.59007
3.59007
3.59007
3.59007
3.59007
3.59007
3.59007
3.59007
3.59007
3.59007
3.59007
3.59007
3.59007
3.59007
3.59007
3.59007
3.59007
3.59007
3.59007
3.59007
3.59007
3.59007
3.59007
3.59007
3.59007
3.59007
3.59007
3.59007
3.59007
3.59007
3.59007
3.59007
3.59007
3.59007
3.59007
3.59007
3.59007
3.59007
3.59007
3.59007
3.59007
3.59007
3.59007
3.59007
3.59007
3.59007
3.59007
3.59007
3.59007
3.59007
3.59007
3.59007
3.59007
3.59007
3.59007
3.59007
3.59007
3.54928
3.54928
3.54928
3.54928
3.54928
3.54928
3.54928
3.54928
3.54928
3.54928
3.54928
3.54928
3.54928
3.54928
3.54928
3.54928
3.54928
3.54928
3.54928
3.54928
3.54928
3.54928
3.54928
3.54928
3.54928
3.54928
3.54928
3.54928
3.54928
3.54928
3.54928
3.54928
3.54928
3.54928
3.54928
3.54928
3.54928
3.54928
3.54928
3.54928
3.54928
3.54928
3.54928
3.54928
3.54928
3.54928
3.54928
3.54928
3.54928
3.54928
3.54928
3.54928
3.54928
3.54928
3.54928
3.54928
3.54928
3.54928
3.54928
3.54928
3.54928
3.54928
3.54928
3.54928
3.54928
3.54928
3.54928
3.54928
3.54928
3.54928
3.54928
3.54928
3.54928
3.54928
3.54928
3.54928
3.54928
3.54928
3.54928
3.54928
3.54928
3.54928
3.54928
3.54928
3.54928
3.54928
3.54928
3.54928
3.54928
3.54928
3.54928
3.54928
3.54928
3.54928
3.54928
3.54928
3.54928
3.54928
3.54928
3.54928
3.54928
3.54928
3.54928
3.54928
3.54928
3.54928
3.54928
3.54928
3.54928
3.54928
3.54928
3.54928
3.54928
3.54928
3.54928
3.54928
3.54928
3.54928
3.54928
3.54928
3.54928
3.54928
3.54928
3.54928
3.54928
3.54928
3.54928
3.54928
3.54928
3.54928
3.54928
3.54928
3.54928
3.54928
3.54928
3.54928
3.54928
3.54928
3.54928
3.54928
3.54928
3.54928
3.54928
3.54928
3.54928
3.54928
3.54928
3.54928
3.54928
3.54928
3.54928
3.54928
3.54928
3.54928
3.54928
3.54928
3.54928
3.54928
3.54928
3.54928
3.54928
3.54928
3.54928
3.54928
3.54928
3.54928
3.54928
3.54928
3.54928
3.54928
3.54928
3.54928
3.54928
3.54928
3.54928
3.54928
3.54928
3.54928
3.54928
3.54928
3.54928
3.54928
3.54928
3.54928
3.54928
3.54928
3.54928
3.54928
3.54928
3.54928
3.54928
3.54928
3.54928
3.54928
3.54928
3.54928
3.54928
3.54928
3.54928
3.54928
3.54928
3.54928
3.54928
3.54928
3.54928
3.54928
3.54928
3.54928
3.54928
3.54928
3.54928
3.54928
3.54928
3.54928
3.54928
3.54928
3.54928
3.54928
3.54928
3.54928
3.54928
3.54928
3.54928
3.54928
3.54928
3.54928
3.54928
3.54928
3.54928
3.54928
3.54928
3.54928
3.54928
3.54928
3.54928
3.54928
3.54928
3.54928
3.54928
3.54928
3.54928
3.54928
3.54928
3.54928
3.54928
3.54928
3.54928
3.54928
3.54928
3.54928
3.54928
3.54928
3.54928
3.54928
3.54928
3.54928
3.54928
3.54928
3.54928
3.54928
3.54928
3.54928
3.54928
3.54928
3.54928
3.54928
3.54928
3.54928
3.54928
3.54928
3.54928
3.54928
3.54928
3.54928
3.54928
3.54928
3.54928
3.54928
3.54928
3.54928
3.54928
3.54928
3.54928
3.54928
3.54928
3.54928
3.54928
3.54928
3.54928
3.54928
3.54928
3.54928
3.54928
3.54928
3.54928
3.54928
3.54928
3.54928
3.54928
3.54928
3.54928
3.54928
3.54928
3.54928
3.54928
3.54928
3.54928
3.54928
3.54928
3.54928
3.54928
3.54928
3.54928
3.54928
3.54928
3.54928
3.54928
3.54928
3.54928
3.54928
3.54928
3.54928
3.54928
3.54928
3.54928
3.54928
3.54928
3.54928
3.54928
3.54928
3.54928
3.54928
3.54928
3.54928
3.54928
3.54928
3.54928
3.54928
3.54928
3.54928
3.54928
3.54928
3.54928
3.54928
3.54928
3.54928
3.54928
3.54928
3.54928
3.54928
3.54928
3.54928
3.54928
3.54928
3.54928
3.54928
3.54928
3.54928
3.54928
3.54928
3.54928
3.54928
3.54928
3.54928
3.54928
3.54928
3.54928
3.54928
3.54928
3.54928
3.54928
3.54928
3.54928
3.54928
3.54928
3.54928
3.54928
3.54928
3.54928
3.54928
3.54928
3.54928
3.54928
3.54928
3.54928
3.54928
3.54928
3.54928
3.54928
3.54928
3.54928
3.54928
3.54928
3.54928
3.54928
3.54928
3.54928
3.54928
3.54928
3.54928
3.54928
3.54928
3.54928
3.54928
3.54928
3.54928
3.54928
3.54928
3.54928
3.54928
3.54928
3.54928
3.54928
3.54928
3.54928
3.54928
3.54928
3.54928
3.54928
3.54928
3.54928
3.54928
3.54928
3.54928
3.54928
3.54928
3.54928
3.54928
3.54928
3.54928
3.54928
3.54928
3.54928
3.54928
3.54928
3.54928
3.54928
3.54928
3.54928
3.54928
3.54928
3.54928
3.54928
3.54928
3.54928
3.54928
3.54928
3.54928
3.54928
3.54928
3.54928
3.54928
3.54928
3.54928
3.54928
3.54928
3.54928
3.54928
3.54928
3.54928
3.54928
3.54928
3.54928
3.54928
3.54928
3.54928
3.54928
3.54928
3.54928
3.54928
3.54928
3.54928
3.54928
3.54928
3.54928
3.54928
3.54928
3.54928
3.54928
3.54928
3.54928
3.54928
3.54928
3.54928
3.54928
3.54928
3.54928
3.54928
3.54928
3.54928
3.54928
3.54928
3.54928
3.54928
3.54928
3.54928
3.54928
3.54928
3.54928
3.54928
3.54928
3.54928
3.54928
3.54928
3.54928
3.54928
3.54928
3.54928
3.54928
3.54928
3.54928
3.54928
3.54928
3.54928
3.54928
3.54928
3.54928
3.54928
3.54928
3.54928
3.54928
3.54928
3.54928
3.54928
3.54928
3.54928
3.54928
3.54928
3.54928
3.54928
3.50848
3.50848
3.50848
3.50848
3.50848
3.50848
3.50848
3.50848
3.50848
3.50848
3.50848
3.50848
3.50848
3.50848
3.50848
3.50848
3.50848
3.50848
3.50848
3.50848
3.50848
3.50848
3.50848
3.50848
3.50848
3.50848
3.50848
3.50848
3.50848
3.50848
3.50848
3.50848
3.50848
3.50848
3.50848
3.50848
3.50848
3.50848
3.50848
3.50848
3.50848
3.50848
3.50848
3.50848
3.50848
3.50848
3.50848
3.50848
3.50848
3.50848
3.50848
3.50848
3.50848
3.50848
3.50848
3.50848
3.50848
3.50848
3.50848
3.50848
3.50848
3.50848
3.50848
3.50848
3.50848
3.50848
3.50848
3.50848
3.50848
3.50848
3.50848
3.50848
3.50848
3.50848
3.50848
3.50848
3.50848
3.50848
3.50848
3.50848
3.50848
3.50848
3.50848
3.50848
3.50848
3.50848
3.50848
3.50848
3.50848
3.50848
3.50848
3.50848
3.50848
3.50848
3.50848
3.50848
3.50848
3.50848
3.50848
3.50848
3.50848
3.50848
3.50848
3.50848
3.50848
3.50848
3.50848
3.50848
3.50848
3.50848
3.50848
3.50848
3.50848
3.50848
3.50848
3.50848
3.50848
3.50848
3.50848
3.50848
3.50848
3.50848
3.50848
3.50848
3.50848
3.50848
3.50848
3.50848
3.50848
3.50848
3.50848
3.50848
3.50848
3.50848
3.50848
3.50848
3.50848
3.50848
3.50848
3.50848
3.50848
3.50848
3.50848
3.50848
3.50848
3.50848
3.50848
3.50848
3.50848
3.50848
3.50848
3.50848
3.50848
3.49094
3.49094
3.49094
3.49094
3.49094
3.49094
3.49094
3.49094
3.49094
3.4734
3.4734
3.4734
3.4734
3.4734
3.4734
3.4734
3.4734
3.4734
3.4734
3.4734
3.4734
3.4734
3.4734
3.4734
3.4734
3.4734
3.4734
3.4734
3.4734
3.4734
3.4734
3.4734
3.4734
3.4734
3.4734
3.4734
3.4734
3.4734
3.4734
3.4734
3.4734
3.4734
3.4734
3.4734
3.4734
3.4734
3.4734
3.4734
3.4734
3.4734
3.4734
3.4734
3.4734
3.4734
3.4734
3.4734
3.4734
3.4734
3.4734
3.4734
3.4734
3.4734
3.4734
3.4734
3.4734
3.4734
3.4734
3.4734
3.4734
3.4734
3.4734
3.4734
3.4734
3.45586
3.45586
3.45586
3.43831
3.43831
3.43831
3.43831
3.43831
3.43831
3.43831
3.43831
3.43831
3.43831
3.43831
3.43831
3.43831
3.43831
3.43831
3.43831
3.43831
3.43831
3.43831
3.43831
3.43831
3.43831
3.43831
3.43831
3.43831
3.43831
3.43831
3.43831
3.43831
3.43831
3.43831
3.43831
3.43831
3.43831
3.43831
3.43831
3.43831
3.43831
3.43831
3.43831
3.43831
3.43831
3.43831
3.43831
3.43831
3.43831
3.43831
3.43831
3.43831
3.43831
3.43831
3.43831
3.40323
3.40323
3.40323
3.40323
3.40323
3.40323
3.40323
3.40323
3.40323
3.40323
3.40323
3.36814
3.36814
3.36814
3.36814
3.36814
3.36814
3.36814
3.36814
3.36814
3.36814
3.36814
3.36814
3.36814
3.3506
3.3506
3.33306
3.33306
3.33306
3.33306
3.33306
3.33306
3.31551
3.31551
3.31551
3.31551
3.31551
3.31551
3.31551
3.31551
3.31551
3.31551
3.31551
3.31551
3.31551
3.29797
3.29797
3.29797
3.29797
3.29797
3.29797
3.29797
3.29797
3.29797
3.29797
3.29797
3.29797
3.29797
3.29797
3.29797
3.24534
3.24534
3.24534
3.24534


10.7852
6.79342
10.7852
10.7852
10.7852
6.79342
10.7852
6.79342
6.79342
6.79342
6.79342
10.7852
10.7852
10.7852
10.7852
6.79342
10.7852
10.7852
6.79342
6.79342
6.79342
6.79342
6.79342
10.7852
6.79342
10.7852
6.79342
6.79342
10.7852
81.6126

0.026

