172.763
172.763
172.763
172.763
172.763
172.521
172.521
172.521
172.521
172.521
172.521
172.521
172.521
172.521
172.521
172.521
172.521
172.521
172.521
172.521
172.443
172.443
172.443
172.443
172.443
172.443
172.443
172.443
172.443
172.443
172.443
172.443
172.443
172.443
124.061
124.061
124.061
124.061
124.061
124.061
124.061
124.061
124.061
124.061
91.1298
91.1298
91.1298
91.1298
91.1298
91.1298
91.1298
91.1298
91.1298
91.1298
91.1298
91.1298
91.1298
91.1298
91.1298
91.1298
91.1298
91.1298
91.1298
91.1298
91.1298
91.1298
91.1298
91.1298
91.1298
86.2142
86.2142
86.2142
86.2142
86.2142
86.2142
86.2142
86.2142
86.2142
86.2142
86.2142
86.2142
63.5374
63.5374
63.5374
63.5374
63.5374
63.5374
63.5374
63.5374
63.5374
63.5374
63.5374
63.5374
63.5374
63.5374
63.5374
63.5374
63.5374
63.5374
63.5374
63.5374
63.5374
63.5374
63.5374
63.5374
63.5374
63.5374
63.5374
63.5374
63.5374
63.5374
63.5374
63.5374
63.5374
63.5374
63.5374
63.5374
63.5374
63.5374
63.5374
63.5374
63.5374
63.5374
63.5374
63.5374
63.5374
63.5374
63.5374
63.5374
63.5374
63.5374
63.5374
63.5374
63.5374
63.5374
63.5374
63.5374
63.5374
63.5374
63.5374
63.5374
63.5374
63.5374
63.5374
63.5374
63.5374
63.5374
63.5374
63.5374
63.5374
63.5374
63.5374
63.5374
63.5374
63.5374
63.5374
63.5374
63.5374
63.5374
63.5374
63.5374
63.5374
63.5374
63.5374
63.5374
63.5374
63.5374
63.5374
63.5374
63.5374
63.5374
58.4299
58.4299
58.4299
58.4299
58.4299
58.4299
58.4299
58.4299
58.4299
58.4299
58.4299
58.4299
58.4299
58.4299
58.4299
58.4299
58.4299
58.4299
58.4299
58.4299
58.4299
58.4299
58.4299
58.4299
58.4299
58.4299
58.4299
57.1615
57.1615
57.1615
49.2554
49.2554
49.2554
49.2554
49.2554
49.2554
49.2554
49.2554
49.2554
49.2554
49.2554
49.2554
49.2554
49.2554
49.2554
49.2554
49.2554
49.2554
49.2554
49.2554
49.2554
49.2554
49.2554
49.2554
49.2554
49.2554
49.2554
49.2554
49.2554
49.2554
49.2554
49.2554
49.2554
48.8254
46.3312
46.3312
46.3312
46.3312
46.3312
46.3312
46.3312
46.3312
46.3312
46.3312
46.3312
46.3312
46.3312
46.3312
46.3312
46.3312
34.3698
34.3698
34.3698
34.3698
34.3698
34.3698
34.3698
34.3698
34.3698
34.3698
34.3698
34.3698
34.3698
34.3698
34.3698
34.3698
34.3698
34.3698
34.3698
34.3698
34.3698
34.3698
34.3698
34.3698
32.3179
32.3179
32.3179
32.3179
32.3179
32.3179
32.3179
31.8484
31.8484
31.8484
31.8484
31.8484
28.3636
28.3636
28.3636
28.3636
28.3636
28.3636
28.3636
28.3636
28.3636
28.3636
28.3636
28.3636
27.9479
27.9479
24.1621
24.1621
24.1621
24.1621
24.1621
24.1621
24.1621
24.1621
24.1621
24.1621
24.1621
24.1621
24.1621
24.1621
24.1621
24.1621
24.1621
24.1621
24.1621
24.1621
24.1621
24.1621
24.1621
24.1621
24.1621
24.1621
24.1621
24.1621
24.1621
24.1621
24.1621
23.0298
23.0298
23.0298
23.0298
23.0298
23.0298
23.0298
23.0298
23.0298
23.0298
23.0298
23.0298
23.0298
23.0298
23.0298
23.0298
21.4222
21.4222
21.4222
21.4222
21.4222
21.4222
21.4222
21.4222
21.4222
21.4222
21.4222
21.4222
21.4222
21.4222
21.4222
21.4222
21.4222
21.4222
21.3702
21.3702
21.3702
20.4869
20.4869
20.4869
20.4869
20.4869
20.4869
20.4869
20.4869
20.4869
20.4869
20.4869
20.4869
20.4869
20.4869
20.4869
20.4869
20.4869
20.4869
20.4869
20.4869
20.4869
20.4869
20.4869
20.4869
20.4869
20.4869
20.4869
20.4869
20.4869
20.4869
20.4869
20.4869
20.4869
20.4869
20.4869
20.4869
20.4869
20.4869
20.4869
20.4869
19.6763
19.6763
17.7113
17.7113
17.7113
17.7113
17.7113
17.7113
17.7113
17.7113
17.7113
17.7113
17.7113
17.7113
14.8678
14.8678
14.8678
14.8678
14.8678
14.8678
14.8678
14.8678
14.8678
14.8678
14.8678
14.8678
14.8678
14.8678
14.8678
14.8678
14.3063
14.3063
14.3063
14.3063
14.3063
14.3063
14.3063
14.3063
14.0643
14.0643
14.0643
14.0643
14.0643
13.8635
13.8635
13.8635
13.8635
13.8635
13.8635
13.8635
13.8635
13.8635
13.8635
13.8635
13.8635
13.8635
13.0194
13.0194
13.0194
13.0194
13.0194
13.0194
13.0194
12.513
12.513
12.513
12.513
12.2268
10.1102
10.1102
10.1102
10.1102
10.1102
10.1102
10.1102
10.1102
9.91162
9.91162
9.91162
9.91162
9.91162
9.91162
9.91162
9.91162
9.91162
9.91162
9.91162
9.91162
9.91162
9.91162
9.91162
9.91162
9.70401
9.70401
9.70401
9.70401
9.70401
9.70401
9.70401
9.70401
9.70401
9.70401
9.70401
9.70401
9.70401
9.70401
9.70401
9.70401
9.70401
9.70401
9.70401
9.70401
9.03561
9.03561
9.03561
9.03561
9.03561
9.03561
9.03561
9.03561
9.03561
9.03561
9.03561
9.03561
9.03561
9.03561
8.94615
8.94615
8.94615
8.94615
8.94615
8.94615
8.94615
8.94615
8.94615
8.94615
8.94615
8.94615
8.94615
8.94615
8.94615
8.76126
8.76126
8.76126
8.76126
8.76126
8.76126
8.76126
8.76126
8.76126
8.76126
8.76126
8.76126
8.76126
8.67137
8.67137
8.67137
8.67137
8.67137
8.67137
8.67137
8.67137
8.67137
8.67137
8.67137
8.67137
8.67137
8.67137
8.67137
6.45966
6.45966
6.45966
6.45966
6.45966
6.45966
6.45966
6.45966
6.38969
6.38969
6.38969
6.38969
6.38969
6.38969
6.38969
6.38969
6.38969
6.38969
6.38969
6.38969
6.38969
6.38969
6.38969
6.38969
6.38969
6.38969
6.38969
6.38969
6.18488
6.18488
6.18488
6.18488
6.18488
6.18488
6.18488
6.18488
6.18488
6.18488
6.18488
6.18488
6.18488
6.18488
6.18488
6.18488
6.18488
6.18488
6.18488
6.18488
6.18488
6.18488
6.18488
6.18488
6.18488
6.18488
6.18488
5.60471
5.28604
5.28604
5.28604
5.28604
5.28604
5.28604
5.28604
5.28604
5.28604
5.28604
5.28604
5.28604
5.28604
5.28604
5.28604
5.28604
5.28604
5.28604
5.28604
5.28604
5.28604
5.28604
5.28604
5.28604
5.28604
5.28604
5.28604
5.28604
5.28604
5.28604
5.28604
5.28604
5.28604
5.28604
5.28604
5.28604
5.28604
5.28604
5.28604
5.28604
5.28604
5.20573
5.20573
4.7304
4.7304
4.7304
4.7304
4.7304
4.7304
4.7304
4.7304
4.7304
4.7304
4.7304
4.7304
4.7304
4.7304
4.7304
4.7304
4.7304
4.7304
4.7304
4.7304
4.7304
4.7304
4.7304
4.7304
4.67841
4.67841
4.67841
4.67841
4.67841
4.67841
4.67841
4.67841
4.67841
4.67841
4.67841
4.67841
4.67841
4.61268
4.61268
4.61268
4.61268
4.61268
4.61268
4.61268
3.7516
3.7516
3.7516
3.7516
3.7516
3.7516
3.7516
3.7516
3.7516
3.7516
3.7516
3.7516
3.7516
3.7516
3.7516
3.7516
3.7516
3.7516
3.7516
3.7516
3.7516
3.7516
3.7516
3.7516
3.7516
3.7516
3.7516
3.7516
3.7516
3.7516
3.7516
3.7516
3.7516
3.7516
3.7516
3.72328
3.72328
3.72328
3.72328
3.72328
3.72328
3.72328
3.72328
3.72328
3.72328
3.72328
3.72328
3.72328
3.72328
3.72328
3.72328
3.72328
3.30247
3.30247
3.30247
3.30247
3.30247
3.30247
3.30247
3.30247
3.30247
3.30247
3.30247
2.9904
2.9904
2.9904
2.9904
2.9904
2.9904
2.9904
2.9904
2.9904
2.9904
2.9904
2.9904
2.9904
2.9904
2.9904
2.9904
2.9904
2.9904
2.9904
2.9904
2.99022
2.99022
2.99022
2.99022
2.99022
2.99022
2.99022
2.99022
2.99022
2.99022
2.99022
2.99022
2.99022
2.99022
2.99022
2.99022
2.99022
2.99022
2.99022
2.99022
2.99022
2.99022
2.99022
2.96208
2.56826
2.56826
2.56826
2.56826
2.56826
2.55776
2.55776
2.55776
2.55776
2.55776
2.55776
2.52962
2.52962
2.52962
2.52962
2.52962
2.52962
2.52962
2.52962
2.52962
2.52962
2.52962
2.52962
2.52962
2.52962
2.52962
2.52962
2.52962
2.52962
2.52962
2.52962
2.52962
2.52962
2.52962
2.52962
2.52962
2.52962
2.52962
2.52962
2.52944
2.52944
2.52944
2.52944
2.52944
2.52944
2.52944
2.52944
2.52944
2.52944
2.52944
2.52944
2.52944
2.52944
2.52944
2.52944
2.52944
2.52944
2.52944
2.52944
2.52944
2.52944
2.52944
2.52944
2.52944
2.52944
2.52944
2.52944
2.52944
2.52944
2.52944
2.50577
2.50577
2.50577
2.50577
2.50577
2.50577
2.50577
2.50577
2.50577
2.50577
2.50577
2.50577
2.50577
2.50577
2.50577
2.50577
2.50577
2.50577
2.50577
2.50577
2.50577
2.50577
2.50577
2.50577
2.50577
2.50577
2.11373
2.11373
2.11373
2.11373
2.11373
2.11373
2.11373
2.11373
2.11373
2.11373
2.11373
2.11373
2.11373
2.11373
2.11373
2.11373
2.11373
2.11373
2.11373
2.11373
2.11373
2.11373
2.11373
2.11373
2.11373
2.06174
2.06174
2.06174
2.06174
2.06174
2.06174
2.06174
2.06174
2.06174
2.06174
2.06174
2.06174
2.00817
2.00817
2.00817
2.00817
2.00817
2.00817
2.00817
2.00817
2.00817
2.00817
2.00817
2.00817
2.00817
2.00817
2.00817
2.00817
2.00817
2.00817
2.00817
2.00817
2.00817
2.00817
2.00817
2.00817
2.00817
2.00817
2.00817
2.00817
2.00817
2.00817
2.00817
2.00817
2.00817
2.00817
2.00817
2.00817
2.00817
2.00817
2.00817
2.00817
2.00817
2.00817
2.00817
2.00817
2.00817
2.00817
2.00817
2.00817
2.00817
2.00817
2.00817
1.6277
1.6277
1.6277
1.6277
1.6277
1.6277
1.5992
1.5992
1.5992
1.5992
1.5992
1.5992
1.5992
1.5992
1.5992
1.5992
1.5992
1.5992
1.5992
1.5992
1.5992
1.5992
1.5992
1.5992
1.5992
1.5992
1.5992
1.5992
1.5992
1.5992
1.5992
1.5992
1.5992
1.5992
1.5992
1.5992
1.5992
1.5992
1.5992
1.5992
1.5992
1.5992
1.5992
1.5992
1.5992
1.5992
1.5992
1.5992
1.5992
1.5992
1.5992
1.5992
1.5992
1.5992
1.5992
1.5992
1.5992
1.5992
1.58905
1.58905
1.58905
1.58905
1.58905
1.58905
1.58905
1.58905
1.58905
1.58905
1.58905
1.58905
1.58905
1.58905
1.58905
1.58905
1.58905
1.58905
1.58905
1.58905
1.58905
1.58905
1.58905
1.56055
1.56055
1.56055
1.56055
1.56055
1.56055
1.56055
1.56055
1.56055
1.56055
1.56055
1.56055
1.56055
1.56055
1.56055
1.56055
1.56055
1.56055
1.56055
1.56055
1.56055
1.56055
1.56055
1.56055
1.56055
1.56055
1.56055
1.56055
1.5324
1.5324
1.5324
1.53223
1.53223
1.53223
1.53223
1.53223
1.53223
1.53223
1.53223
1.53223
1.53223
1.53223
1.53223
1.18331
1.18331
1.18331
1.18331
1.18331
1.18331
1.18331
1.18331
1.18331
1.18331
1.18331
1.18331
1.18331
1.15499
1.15499
1.15499
1.15499
1.15499
1.15499
1.15499
1.15288
1.15288
1.15288
1.15288
1.15288
1.15288
1.15288
1.15288
1.15288
1.15288
1.15288
1.15288
1.15288
1.15288
1.15288
1.15288
1.15288
1.14466
1.14466
1.11423
1.11423
1.11423
1.11423
1.11423
1.11423
1.11423
1.11423
1.11423
1.11423
1.11423
1.11423
1.11423
1.11423
1.11423
1.11423
1.11423
1.11423
1.11423
1.11423
1.11423
1.11423
1.11423
1.11423
1.11423
1.11423
1.11423
1.11423
1.11423
1.11423
1.11423
1.11423
1.11423
1.11423
1.11423
1.11423
1.11423
1.11423
1.11423
1.11423
1.11423
1.11423
1.11423
1.11423
1.11423
1.11423
1.11423
1.11423
1.11423
1.11423
1.11423
1.11423
1.11423
1.11423
1.11423
1.11423
1.11423
1.11406
1.11406
1.11406
1.11406
1.11406
1.11406
1.11406
1.11406
1.07364
1.07364
1.07364
1.07364
1.07364
1.07364
1.07364
1.07364
1.07364
1.07364
1.07364
1.07364
1.07364
1.07364
1.07364
1.07364
1.07364
1.07364
1.07364
1.07346
1.07346
1.07346
1.07346
1.07346
1.05854
1.05854
1.05854
1.05854
1.05854
1.05854
1.05854
1.05854
1.05854
1.05854
1.05854
1.05854
1.05854
1.05854
1.05854
1.05854
1.05854
1.05854
1.05854
1.05854
1.05854
1.05854
1.05854
1.05854
1.05854
1.05854
1.05854
1.05854
1.05854
1.01989
1.01989
1.01989
1.01989
1.01989
1.01989
1.01989
1.01989
1.01989
1.01989
1.01989
1.01989
1.01989
1.01989
1.01989
1.01989
1.01989
1.01989
1.01989
1.01989
1.01989
1.01989
1.01989
1.01989
1.01989
1.01989
1.01989
1.01989
1.01971
1.01971
1.01971
1.01971
1.01971
1.01971
1.01971
1.01971
0.98124
0.98124
0.98124
0.98124
0.98124
0.98124
0.98124
0.98124
0.98124
0.98124
0.98124
0.98124
0.98124
0.98124
0.98124
0.98124
0.981063
0.981063
0.981063
0.981063
0.981063
0.981063
0.981063
0.981063
0.981063
0.981063
0.981063
0.981063
0.981063
0.981063
0.981063
0.981063
0.981063
0.981063
0.981063
0.981063
0.981063
0.981063
0.981063
0.981063
0.981063
0.981063
0.981063
0.981063
0.981063
0.981063
0.981063
0.976097
0.976097
0.976097
0.976097
0.976097
0.976097
0.976097
0.976097
0.976097
0.976097
0.976097
0.976097
0.976097
0.976097
0.97592
0.970761
0.970761
0.970761
0.970761
0.970761
0.970761
0.970761
0.970761
0.970761
0.970761
0.970761
0.970761
0.970761
0.970761
0.970761
0.970761
0.970761
0.970761
0.970761
0.970761
0.970761
0.970761
0.970761
0.970761
0.970761
0.970761
0.970761
0.970761
0.970761
0.970761
0.970761
0.970761
0.970761
0.970584
0.970584
0.969007
0.969007
0.969007
0.969007
0.969007
0.969007
0.969007
0.969007
0.969007
0.969007
0.942591
0.942591
0.942591
0.942591
0.942591
0.942591
0.942591
0.942591
0.942591
0.942591
0.930166
0.930166
0.930166
0.930166
0.930166
0.930166
0.930166
0.930166
0.930166
0.930166
0.930166
0.930166
0.930166
0.930166
0.930166
0.930166
0.930166
0.930166
0.928235
0.928235
0.928235
0.924669
0.924669
0.924669
0.924669
0.924669
0.924669
0.924669
0.889586
0.889586
0.889586
0.889586
0.889586
0.889586
0.889586
0.879507
0.879507
0.879507
0.879507
0.879507
0.879507
0.879507
0.879507
0.879507
0.879507
0.879507
0.879507
0.879507
0.879507
0.879507
0.879507
0.879507
0.879507
0.879507
0.879507
0.879507
0.879507
0.879507
0.879507
0.879507
0.879507
0.879507
0.879507
0.879507
0.879507
0.879507
0.879507
0.879507
0.879507
0.879507
0.879507
0.879507
0.879507
0.879507
0.879507
0.879507
0.879507
0.874187
0.874187
0.874187
0.874187
0.874187
0.874187
0.874187
0.874187
0.874187
0.874187
0.874187
0.874187
0.874187
0.874187
0.874187
0.874187
0.874187
0.874187
0.874187
0.874187
0.874187
0.874187
0.874187
0.874187
0.874187
0.874187
0.874187
0.874187
0.874187
0.850584
0.850584
0.850584
0.850584
0.850584
0.850584
0.850584
0.850584
0.850584
0.850584
0.850584
0.850584
0.850584
0.850584
0.850584
0.850584
0.850584
0.850584
0.850584
0.850584
0.850584
0.850584
0.850584
0.850584
0.850584
0.847549
0.847549
0.847549
0.847549
0.847549
0.847549
0.847549
0.847549
0.847549
0.847549
0.847549
0.847549
0.847549
0.847549
0.847549
0.847549
0.847549
0.847549
0.847549
0.847549
0.847549
0.847549
0.847549
0.847549
0.847549
0.847549
0.847549
0.847549
0.847549
0.847549
0.847549
0.847549
0.847549
0.847549
0.833431
0.833431
0.833431
0.833431
0.833431
0.833431
0.833431
0.819474
0.819474
0.819474
0.819474
0.819474
0.819474
0.819474
0.819474
0.819474
0.819474
0.819474
0.819474
0.819474
0.814138
0.814138
0.814138
0.814138
0.814138
0.814138
0.814138
0.814138
0.814138
0.814138
0.814138
0.814138
0.814138
0.814138
0.814138
0.814138
0.79419
0.780649
0.780649
0.780649
0.780649
0.780649
0.780649
0.780649
0.780649
0.780021
0.780021
0.780021
0.780021
0.780021
0.780021
0.780021
0.780021
0.780021
0.780021
0.780021
0.780021
0.780021
0.780021
0.768223
0.768223
0.768223
0.768223
0.768223
0.768223
0.768223
0.761533
0.761533
0.761533
0.761533
0.761533
0.761533
0.761533
0.761533
0.761533
0.761533
0.761533
0.761533
0.761533
0.761533
0.761533
0.761533
0.761533
0.761533
0.761533
0.761533
0.761533
0.731858
0.731858
0.731858
0.731858
0.731858
0.731858
0.731858
0.731858
0.731858
0.731858
0.731858
0.731858
0.731858
0.728786
0.728786
0.728786
0.728786
0.728786
0.728786
0.728786
0.728786
0.728786
0.728786
0.728786
0.728786
0.728786
0.709333
0.709333
0.709333
0.709333
0.709333
0.709333
0.709333
0.709333
0.709333
0.709333
0.709333
0.709333
0.709333
0.676004
0.676004
0.676004
0.676004
0.676004
0.676004
0.676004
0.676004
0.676004
0.676004
0.676004
0.676004
0.676004
0.676004
0.676004
0.676004
0.676004
0.676004
0.676004
0.676004
0.676004
0.676004
0.676004
0.676004
0.676004
0.676004
0.676004
0.676004
0.676004
0.676004
0.676004
0.676004
0.676004
0.676004
0.676004
0.676004
0.676004
0.676004
0.676004
0.676004
0.676004
0.676004
0.676004
0.676004
0.676004
0.676004
0.639639
0.639639
0.639639
0.639639
0.639639
0.639639
0.639639
0.639639
0.639639
0.639639
0.639639
0.639639
0.639639
0.639639
0.639639
0.639639
0.639639
0.639639
0.639639
0.639639
0.639639
0.639639
0.639639
0.639639
0.639639
0.639639
0.639639
0.639639
0.627629
0.627629
0.627629
0.627629
0.627629
0.627629
0.627629
0.627629
0.627629
0.627629
0.627629
0.627629
0.627629
0.627629
0.627629
0.627629
0.627629
0.627629
0.627629
0.627629
0.617113
0.617113
0.617113
0.617113
0.617113
0.617113
0.617113
0.617113
0.617113
0.617113
0.617113
0.617113
0.617113
0.617113
0.617113
0.617113
0.617113
0.580572
0.580572
0.580572
0.580572
0.580572
0.580572
0.580572
0.580572
0.580572
0.580572
0.580572
0.580572
0.580572
0.580572
0.580572
0.580572
0.580572
0.580572
0.580572
0.574058
0.574058
0.574058
0.574058
0.574058
0.574058
0.574058
0.574058
0.574058
0.574058
0.574058
0.574058
0.574058
0.574058
0.574058
0.574058
0.574058
0.574058
0.574058
0.574058
0.574058
0.574058
0.574058
0.574058
0.574058
0.574058
0.574058
0.574058
0.574058
0.574058
0.574058
0.574058
0.574058
0.574058
0.574058
0.574058
0.574058
0.574058
0.574058
0.574058
0.574058
0.574058
0.574058
0.574058
0.574058
0.571951
0.568561
0.568561
0.566454
0.566454
0.566454
0.566454
0.566454
0.566454
0.566454
0.566454
0.566454
0.566454
0.566454
0.566454
0.566454
0.566454
0.566454
0.566454
0.566454
0.566454
0.566454
0.566454
0.566454
0.566454
0.566454
0.566454
0.566454
0.566454
0.566454
0.566454
0.566454
0.566454
0.566454
0.566454
0.566454
0.566454
0.566454
0.566454
0.566454
0.566454
0.566454
0.554621
0.554621
0.554621
0.554621
0.554621
0.554621
0.554621
0.554621
0.554621
0.554621
0.554621
0.554621
0.554621
0.554621
0.554621
0.554621
0.554621
0.554621
0.554621
0.554621
0.554621
0.554621
0.554621
0.554621
0.554621
0.554621
0.554621
0.554621
0.554621
0.554621
0.554621
0.554621
0.554621
0.554621
0.554621
0.554621
0.554621
0.554621
0.554621
0.554621
0.554621
0.554621
0.536374
0.536374
0.536374
0.530878


0.0217194
0.0217194
0.0217194
0.0217194
0.0217194
0.0507828
0.0507828
0.0507828
0.0507828
0.0507828
0.0507828
0.0507828
0.120785
0.120785
0.141098
-0.141723
-0.141723
-0.141723
-0.141723
-0.141723
-0.141723
-0.141723
-0.213913
-0.213913
-0.213913
-0.213913
-0.213913
-0.213913
-0.213913
0.0217194

0.021

