435.772
435.772
435.772
474.648
474.648
474.648
474.648
474.648
474.648
474.648
474.648
474.648
474.648
464.787
464.787
464.787
464.787
464.787
464.787
464.787
455.496
455.496
455.496
455.496
455.496
455.496
452.646
429.932
429.932
429.932
429.932
429.932
429.932
425.423
425.423
425.423
425.423
425.423
425.423
425.423
425.423
425.423
425.423
452.646
452.646
452.646
452.646
452.646
452.646
470.996
470.996
470.996
470.996
470.996
470.996
470.996
431.616
431.616
427.344
427.344
427.344
427.344
427.344
427.344
427.344
427.344
427.344
427.344
427.344
427.344
427.344
431.616
431.616
450.042
450.042
450.042
450.042
456.32
456.32
470.996
470.996
470.996
470.996
470.996
470.996
470.996
470.996
470.996
470.996
470.996
470.996
470.996
470.996
470.996
470.996
470.996
470.996
470.996
460.926
460.926
460.926
460.926
460.926
460.926
460.926
460.926
460.926
460.926
460.926
460.926
460.926
460.926
460.926
460.926
460.926
460.926
460.926
449.444
449.444
449.444
449.444
449.444
449.444
449.444
449.444
449.444
460.926
460.926
470.996
470.996
470.996
470.996
470.996
470.996
488.876
488.876
490.889
472.887
472.887
472.887
472.44
472.44
472.44
472.44
472.44
472.44
472.44
472.44
472.44
472.44
472.44
472.44
472.44
455.016
455.016
455.016
455.016
455.016
472.44
472.44
472.44
472.44
472.44
472.44
472.44
472.44
485.218
485.218
485.218
485.218
479.757
479.757
479.757
479.757
479.757
479.757
479.757
473.085
473.085
473.085
479.757
479.757
477.054
477.054
477.054
477.054
477.054
479.757
479.757
479.757
479.757
479.757
449.94
449.94
449.94
449.94
449.94
449.94
479.757
479.757
479.757
479.757
461.955
461.955
461.955
461.955
461.955
461.955
461.955
491.873
434.74
491.873
491.873
491.873
491.873
491.873
442.381
502.041
502.041
502.041
483.439
483.439
456.355
449.94
405.561
449.94
456.355
456.355
456.355
456.355
456.355
456.355
456.355
456.355
456.355
456.355
456.355
456.355
456.355
456.355
456.355
456.355
456.355
405.561
405.561
405.561
405.561
405.561
405.561
456.355
456.355
405.561
405.561
405.561
405.561
405.561
405.561
405.561
405.561
405.561
405.561
405.561
405.561
405.561
405.561
405.561
405.561
405.561
405.561
405.561
405.561
405.561
405.561
405.561
405.561
405.561
405.561
405.561
447.404
447.404
447.404
475.112
475.112
462.303
462.303
462.303
462.303
462.303
462.303
462.303
462.303
462.303
451.936
451.936
451.936
451.936
451.936
451.936
451.936
451.936
451.936
451.936
451.936
451.936
451.936
413.983
451.936
451.936
451.936
451.936
451.936
451.936
451.936
451.936
451.936
451.936
475.07
475.07
475.07
475.07
475.07
475.07
457.117
457.117
457.117
457.117
457.117
457.117
457.117
457.117
457.117
457.117
457.117
457.117
457.117
457.117
457.117
458.489
458.489
458.489
458.489
458.489
458.489
458.489
458.489
486.094
486.094
486.094
447.404
486.094
486.094
486.094
486.094
486.094
486.094
486.094
486.094
490.892
490.892
480.478
480.478
480.478
480.478
476.098
476.098
476.098
470.595
470.595
470.595
470.595
470.595
470.595
470.595
459.563
459.563
459.563
459.563
459.563
459.563
459.563
459.563
459.563
459.563
459.563
459.563
459.563
459.563
459.563
459.563
459.563
459.563
459.563
459.563
459.563
459.563
459.563
459.563
459.563
459.563
459.563
459.563
459.563
421.927
421.927
421.927
421.927
421.927
421.927
421.927
421.927
421.927
421.927
421.927
421.927
421.927
421.927
421.927
421.927
421.927
421.927
421.927
421.927
421.927
421.927
421.927
421.927
421.927
421.927
421.927
421.927
421.927
421.927
421.927
421.927
421.927
421.927
421.927
421.927
421.927
421.927
421.927
421.927
421.927
421.927
434.718
434.718
434.718
434.718
434.718
434.718
434.718
434.718
434.718
434.718
434.718
434.718
434.718
434.718
434.718
434.718
424.57
424.57
424.57
424.57
424.57
424.57
424.57
424.57
424.57
424.57
424.57
424.57
424.57
424.57
424.57
424.57
424.57
424.57
424.57
424.57
424.57
424.57
424.57
424.57
424.57
424.57
432.228
432.228
432.228
432.228
432.228
432.228
432.228
422.411
422.411
422.411
422.411
422.411
422.411
422.411
422.411
477.228
477.228
477.228
477.228
477.228
477.228
477.228
477.228
477.228
477.228
477.228
477.228
477.228
477.228
477.228
462.735
462.735
462.735
462.735
462.735
458.383
458.383
458.383
458.383
458.383
458.383
456.422
456.422
456.422
456.422
456.422
456.422
456.422
456.422
456.422
456.422
456.422
456.422
456.422
456.422
456.422
434.223
434.223
434.223
434.223
434.223
434.223
434.223
434.223
434.223
434.223
434.223
434.223
434.223
434.223
434.223
434.223
434.223
434.223
434.223
462.517
472.324
472.324
472.324
472.324
472.324
472.324
472.324
472.324
472.324
472.324
472.324
472.324
472.324
472.324
472.015
472.015
472.015
472.015
472.015
472.015
472.015
472.015
472.015
472.015
472.015
472.015
472.015
472.015
472.015
472.015
472.015
472.015
472.015
472.015
472.015
472.015
470.758
470.758
470.758
470.758
470.758
470.758
470.758
470.758
470.758
472.015
472.015
472.015
472.015
481.723
481.723
481.723
481.723
481.723
481.723
495.9
495.9
495.9
495.9
495.9
495.9
495.9
495.9
495.9
495.9
502.65
449.919
449.919
449.919
498.587
498.587
460.735
460.735
460.735
460.735
490.884
460.735
460.735
460.735
460.735
460.735
460.735
460.735
460.735
460.735
460.735
460.735
460.735
460.735
459.549
459.549
459.549
459.549
459.549
459.549
459.549
459.549
459.549
459.549
459.549
459.549
459.549
459.549
459.549
459.549
459.549
459.549
459.549
459.549
459.549
459.549
459.549
459.549
459.549
459.549
459.549
459.549
459.549
459.549
459.549
459.549
459.549
459.549
467.671
467.671
467.671
467.671
467.671
467.671
467.671
467.671
467.671
478.886
478.886
478.886
478.886
478.886
478.886
478.886
478.886
478.886
478.886
478.886
478.886
478.886
478.886
478.886
484.321
480.767
459.067
459.067
480.767
480.767
440.871
484.417
484.417
447.44
447.44
447.44
447.44
447.44
447.44
447.44
447.44
447.44
459.967
459.967
459.967
469.605
469.605
469.605
469.605
469.605
469.605
469.605
469.605
469.605
469.605
469.605
469.605
469.605
469.605
469.605
469.605
469.605
468.39
468.39
468.39
468.39
468.39
468.39
463.488
463.488
463.488
463.488
463.488
463.488
463.488
463.488
463.488
463.488
463.488
463.488
463.488
463.488
463.488
489.147
489.147
489.147
489.147
508.549
508.549
495.12
483.873
483.873
483.873
483.873
483.873
483.873
483.873
483.873
483.873
483.873
483.873
483.873
483.873
483.873
483.873
483.873
483.873
483.873
483.873
483.873
492.503
492.503
492.503
492.503
492.503
492.503
492.503
492.503
492.503
492.503
492.503
492.503
470.042
470.042
470.042
470.042
470.042
470.042
470.042
470.042
470.042
470.042
470.042
470.042
470.042
491.883
491.883
491.883
491.883
491.883
481.573
481.573
481.573
481.573
481.573
481.573
481.573
481.573
481.573
481.573
481.573
481.573
481.573
481.573
481.573
481.573
481.573
481.573
481.573
487.722
487.722
487.722
487.722
487.722
487.722
487.722
487.722
451.893
451.734
451.893
451.893
451.893
451.893
487.722
487.722
487.722
487.722
487.722
447.789
447.789
447.789
447.789
447.789
447.789
447.789
447.789
447.789
447.789
447.789
447.789
447.789
447.789
447.789
447.789
447.789
447.789
447.789
447.789
447.789
444.829
444.829
444.829
443.142
443.142
443.142
443.142
443.142
443.142
443.142
443.142
443.142
444.829
444.829
447.789
447.789
447.789
447.789
447.789
447.789
447.789
447.789
447.789
447.789
447.789
447.789
447.789
447.789
447.789
447.789
447.789
447.789
447.789
447.789
447.789
447.64
447.64
447.64
447.64
447.64
447.64
447.64
447.64
447.64
447.64
447.64
447.64
447.64
447.64
447.64
447.64
447.64
447.64
441.637
441.637
441.637
441.637
441.637
441.637
441.637
441.637
441.637
441.637
441.637
441.637
441.637
441.637
441.637
441.637
441.637
441.637
441.637
441.637
441.637
441.637
441.637
441.637
441.637
441.637
441.637
441.637
456.1
456.1
489.654
489.654
456.1
456.1
417.976
417.976
417.976
417.976
417.976
417.976
417.976
417.976
417.976
417.976
463.296
463.296
441.053
441.053
441.053
441.053
441.053
441.053
441.053
441.053
445.168
463.296
463.296
463.296
463.296
464.017
464.017
411.398
464.017
464.017
464.017
411.398
411.398
411.398
411.398
411.398
411.398
411.398
411.398
411.398
411.398
411.398
411.398
411.398
411.398
411.398
411.398
411.398
411.398
411.398
411.398
411.398
411.398
411.398
411.398
411.398
411.398
411.398
411.398
471.313
468.659
468.659
468.659
468.659
468.659
468.659
468.659
468.659
468.659
468.659
468.659
468.659
468.659
468.659
468.659
468.659
468.659
468.659
468.659
468.659
468.659
468.659
468.659
468.659
471.313
471.313
471.313
471.313
471.313
471.313
471.313
471.313
471.313
471.313
471.313
471.313
471.313
471.313
481.745
486.334
451.558
437.529
437.529
437.529
437.529
437.529
437.529
437.529
451.558
451.558
451.558
451.558
451.558
451.558
451.558
451.558
451.558
451.558
451.558
451.558
451.558
451.558
451.558
451.558
451.558
451.558
451.558
451.558
451.558
451.558
451.558
451.558
451.558
451.558
451.558
451.558
451.558
451.558
454.358
454.358
454.358
454.358
454.358
444.478
444.478
444.478
444.478
444.478
444.478
444.478
444.478
444.478
444.478
444.478
452.022
452.022
454.358
461.859
461.859
461.859
461.859
461.859
461.859
461.859
461.859
461.859
461.859
467.75
467.75
461.966
461.966
461.966
385.997
385.997
385.997
461.966
461.966
456.648
456.648
456.648
461.966
461.966
461.564
478.727
478.727
478.727
478.727
478.727
478.727
464.915
464.915
464.915
464.915
464.915
464.915
438.302
438.302
438.302
438.302
438.302
438.302
438.302
438.302
438.302
438.302
435.342
435.342
435.342
435.342
435.342
435.342
435.342
435.342
435.342
435.342
435.342
435.342
435.342
435.342
435.342
435.342
435.342
435.342
435.342
435.342
435.342
435.342
435.342
435.342
435.342
435.342
435.342
435.342
435.342
435.342
435.342
435.342
435.342
435.342
435.342
429.318
429.318
429.318
429.318
429.318
429.318
429.318
429.318
429.318
429.318
435.342
435.342
435.342
435.342
435.342
435.342
435.342
435.342
435.342
435.342
435.342
435.342
435.342
435.342
435.342
435.342
435.342
435.342
450.469
450.469
450.469
466.453
466.453
466.453
466.453
466.453
466.453
466.453
466.453
466.453
466.453
466.453
456.872
471.465
471.465
471.465
471.465
466.46
466.46
466.46
466.46
461.228
461.228
456.872
456.872
456.872
456.872
456.872
456.872
456.872
456.872
456.872
456.872
456.872
456.872
456.872
456.872
456.872
456.872
456.872
456.872
456.872
456.872
456.872
456.872
456.872
456.872
456.872
456.872
456.872
456.872
456.872
456.872
456.872
456.872
423.444
379.606
379.606
379.606
379.606
423.444
423.444
423.444
423.444
423.444
423.444
423.444
423.444
423.444
423.444
423.444
423.444
432.377
432.377
432.377
432.377
432.377
432.377
432.377
432.377
432.377
432.377
442.562
456.872
456.872
456.872
456.872
456.872
456.872
456.872
456.872
456.872
456.872
456.872
456.872
461.228
461.228
461.228
432.377
432.377
432.377
432.377
432.377
432.377
432.377
432.377
432.377
432.377
432.377
432.377
432.377
432.377
432.377
432.377
432.377
432.377
432.377
432.377
432.377
432.377
432.377
432.377
432.377
432.377
432.377
432.377
432.377
432.377
432.377
432.377
432.377
432.377
432.377
432.377
432.377
432.377
432.377
432.377
432.377
432.377
432.377
432.377
432.377
431.136
432.377
432.377
432.377
432.377
432.377
410.934
410.934
410.934
410.934
410.934
410.934
410.934
410.934
410.934
410.934
410.934
410.934
410.934
410.934
410.934
410.934
410.934
410.934
410.934
410.934
410.934
410.934
410.934
410.934
410.934
410.934
410.934
410.934
410.934
410.934
410.934
410.934
410.934
410.934
410.934
410.934
410.934
410.934
429.833
429.833
429.833
429.833
429.833
429.833
429.833
429.833
429.833
429.833
429.833
429.833
429.833
429.833
429.833
429.833
429.833
429.833
429.833
429.833
429.833
387.077
387.077
387.077
387.077
387.077
429.833
429.833
429.833
429.833
429.833
429.833
429.833
429.833
429.833
429.833
429.833
437.654
437.654
437.654
437.654
437.654
437.654
437.654
437.654
437.654
437.654
437.654
423.192
423.192
423.192
423.192
423.192
423.192
423.192
423.192
437.654
437.654
437.654
437.654
437.654
451.161
451.161
451.161
451.161
451.161
451.161
451.161
451.161
451.161
451.161
451.161
451.161
451.161
451.161
461.103
461.103
461.103
461.103
461.103
461.103
461.103
461.103
461.103
410.01
410.01
410.01
410.01
410.01
410.01
410.01
410.01
410.01
410.01
410.01
410.01
410.01
410.01
410.01
410.01
410.01
410.01
410.01
410.01
410.01
408.517
408.517
408.517
408.517
408.517
408.517
408.517
408.517
408.517
408.517
408.517
408.517
408.517
410.01
410.01
410.01
487.775
487.775
467.09
467.09
487.775
478.885
478.885
478.885
478.885
456.808
456.808
478.885
478.885
478.885
478.885
436.429
436.429
436.429
436.429
436.429
453.945
453.945
453.945
453.945
453.945
453.945
453.945
453.945
453.945
453.945
453.945
453.945
453.945
453.945
453.945
453.945
453.945
453.945
453.945
453.945
453.945
453.945
453.945
453.945
453.945
453.945
453.945
453.945
453.945
453.945
477.111
477.111
441.604
477.111
477.111
477.111
477.111
477.111
477.111
453.239
447.037
447.037
447.037
447.037
447.037
447.037
447.037
447.037
447.037
447.037
447.037
447.037
447.037
447.037
447.037
447.037
447.037
447.037
446.58
446.58
431.222
431.222
431.222
431.222
431.222
431.222
431.222
431.222
431.222
431.222
446.58
446.58
446.58
446.58
446.58
446.58
446.58
446.58
446.58
446.58
446.58
446.58
446.58
446.58
462.235
462.235
391.463
391.463
391.463
391.463
391.463
391.463
391.463
475.397
475.397
475.397
475.397
462.62
462.62
462.62
462.62
462.62
439.083
439.083
439.083
435.018
435.018
435.018
435.018
435.018
435.018
435.018
435.018
435.018
435.018
435.018
435.018
398.846
398.846
398.846
398.846
398.846
398.846
398.846
398.846
398.846
398.846
398.846
398.846
398.846
398.846
398.846
398.846
398.846
398.846
398.846
444.912
444.912
444.912
444.912
444.912
444.912
444.912
444.912
444.912
444.912
444.912
444.912
444.912
444.912
444.912
444.912
444.912
444.912
444.912
444.912
444.912
444.912
444.912
433.714
433.714
433.714
433.714
444.912
444.912
444.912
444.912
444.912
444.912
444.912
444.912
444.912
444.912
442.514
442.514
442.514
442.514
442.514
442.514
442.514
442.514
433.345
433.345
433.345
433.345
433.345
433.345
433.345
431.625
409.007
431.625
431.625
431.625
431.625
395.084
395.084
395.084
395.084
395.084
395.084
395.084
395.084
395.084
442.514
442.514
442.514
442.514
442.514
442.514
442.514
442.514
442.514
442.514
442.514
442.514
442.514
394.417
394.417
394.417
394.417
394.417
394.417
394.417
394.417
387.188
387.188
387.188
387.188
387.188
387.188
387.188
387.188
387.188
387.188
387.188
387.188
387.188
387.188
387.188
387.188
387.188
387.188
387.188
387.188
387.188
387.188
387.188
387.188
387.188
387.188
387.188
387.188
387.188
387.188
387.188
387.188
387.188
458.06
438.13
438.13
438.13
438.13
438.13
438.13
438.13
438.13
438.13
438.13
438.13
438.13
438.13
438.13
438.13
430.247
430.247
430.247
430.247
430.247
430.247
430.247
430.247
430.247
413.133
413.133
413.133
413.133
413.133
413.133
413.133
413.133
413.133
413.133
413.133
413.133
413.133
413.133
413.133
413.133
413.133
413.133
413.133
413.133
413.133
413.133
413.133
413.133
413.133
413.133
413.133
413.133
413.133
413.133
413.133
413.133
413.133
413.133
413.133
413.133
430.247
430.247
430.247
430.247
430.247
430.247
430.247
430.247
430.247
430.247
430.247
430.247
430.247
430.247
430.247
430.247
430.247
430.247
430.247
430.247
430.247
430.247
430.247
436.523
436.523
436.523
436.523
436.523
436.523
436.523
436.523
436.523
436.523
436.523
436.523
436.523
436.523
436.523
436.523
436.523
436.523
436.523
436.523
436.523
436.523
436.523
436.523
436.523
436.523
436.523
436.523
453.46
453.46
453.46
453.46
453.46
453.46
453.46
453.46
453.46
453.46
453.46
453.46
453.46
453.46
453.46
453.46
453.46
453.46
453.46
453.46
453.46
453.46
453.46
453.46
453.46
453.46
453.46
453.46
453.46
453.46
453.46
453.46
453.46
453.46
453.46
453.46
453.46
453.46
453.46
453.46
453.46
453.46
453.46
453.46
453.46
453.46
453.46
453.46
453.46
453.46
453.46
453.46
453.46
444.365
451.36
453.46
453.46
453.46
453.46
453.46
453.46
453.46


-0.947998
-2.24991
-4.15403
3.02962
2.86649
0.765805
-1.2852
0.352355
2.06584
-1.05081
0.877058
-0.088909
-0.382355
4.14091
-2.5968
-2.92806
2.61742
0.628613
3.49058
1.72021
-0.982374
-0.058908
-4.01559
-2.38148
-0.368605
-0.253601
-2.9465
1.52208
1.8599
-1.02269

0.038

