20.2276
20.2276
20.2276
20.2276
20.2276
20.2276
20.2276
20.2276
20.2276
20.2276
20.2276
20.2276
20.2276
20.2276
20.2276
20.2276
20.2276
20.2276
20.2276
20.2276
20.2276
20.2276
20.2276
20.2276
20.2276
20.2276
20.2276
20.2276
20.2276
20.2276
20.2276
20.2276
20.2276
20.2276
20.2276
20.2276
20.2276
20.2276
20.2276
20.2276
20.2276
20.2276
20.2276
20.2276
20.2276
20.2276
20.2276
20.2276
20.2276
20.2276
20.2276
20.2276
20.2276
20.2276
20.2276
20.2276
20.2276
20.2276
20.2276
20.2276
20.2276
20.2276
20.2276
20.2276
20.2276
20.2276
20.2276
20.2276
20.2276
20.2276
20.2276
20.2276
20.2276
20.2276
20.2276
20.2276
20.2276
20.2276
20.2276
20.2276
20.2276
20.2276
20.2276
20.2276
20.2276
20.2276
20.2276
20.2276
20.2276
20.2276
20.2276
20.2276
20.2276
20.2276
20.2276
20.2276
20.2276
20.2276
20.2276
20.2276
20.2276
20.2276
20.2276
20.2276
20.2276
20.2276
20.2276
20.2276
20.2276
20.2276
20.2276
20.1504
20.1504
20.1504
20.1504
20.1504
20.1504
20.1504
20.1504
20.1504
20.1504
20.1504
19.8145
19.8145
19.8145
19.8145
19.8145
19.8145
19.8145
19.8145
19.8145
19.8145
19.8145
19.8145
19.8145
19.8145
19.8145
19.8145
19.8145
19.8145
19.8145
19.8145
19.8145
19.8145
19.8145
19.8145
19.8145
19.8145
19.8145
19.8145
19.8145
19.8145
19.8145
19.8145
19.8145
19.8145
19.8145
19.8145
19.8145
19.8145
19.8145
19.8145
19.8145
19.8145
19.8145
19.8145
19.8145
19.8145
19.8145
19.8145
19.8145
19.8145
19.8145
19.8145
19.8145
19.8145
19.8145
19.8145
19.8145
19.8145
19.8145
19.8145
19.8145
19.8145
19.8145
19.8145
19.8145
19.8145
19.8145
19.8145
19.8145
19.8145
19.8145
19.8145
19.8145
19.8145
19.8145
19.8145
19.8145
19.8145
19.8145
19.8145
19.8145
19.8145
19.8145
19.8145
19.8145
19.8145
19.8145
19.8145
19.8145
19.8145
19.8145
19.8145
19.8145
19.8145
19.8145
19.8145
19.8145
19.8145
19.8145
19.8145
19.8145
19.8145
19.686
19.686
19.686
19.686
19.686
19.686
19.686
19.686
19.686
19.686
19.686
19.686
19.686
19.686
19.686
19.686
19.686
19.686
19.686
19.686
19.686
19.686
19.686
19.686
19.686
19.686
19.686
19.686
19.686
19.686
19.686
19.686
19.686
19.686
19.686
19.686
19.686
19.686
19.686
19.686
19.686
19.686
19.686
19.686
19.686
19.686
19.686
19.686
19.686
19.3079
19.3079
19.174
19.174
19.174
19.174
19.174
19.174
19.174
19.174
19.174
19.174
19.174
19.174
19.174
19.174
19.174
19.174
19.174
19.174
19.174
19.174
19.174
19.174
19.174
19.174
19.174
19.174
19.174
19.174
19.174
19.174
19.174
19.174
19.174
19.174
19.174
18.7352
18.7352
18.7352
18.7352
18.7352
18.7352
18.7352
18.7352
18.7352
18.6544
18.6544
18.6544
18.6544
18.6544
18.6544
18.6544
18.6544
18.6544
18.6544
18.6544
18.6544
18.6544
18.6544
18.6544
18.6544
18.6544
18.6544
18.6544
18.6544
18.6544
18.6544
18.6544
18.6544
18.6544
18.6544
18.6544
18.6544
18.6544
18.6544
18.6544
18.6544
18.6544
18.6544
18.6544
18.6544
18.6544
18.6544
18.6544
18.6544
18.6544
18.6544
18.6544
18.6544
18.6503
18.6503
18.6503
18.6503
17.3968
17.3968
17.3968
17.3968
17.3968
17.3968
17.3968
17.3968
17.3968
17.3968
17.3968
17.3968
17.3968
17.3968
17.3968
17.3968
17.3968
17.3968
17.3968
17.3968
17.3968
17.3968
17.3968
17.3968
17.3968
17.3968
17.3968
17.3968
17.3968
17.3968
17.3968
17.3968
17.3968
17.3968
17.3968
17.3968
17.3968
17.3968
17.3968
17.3968
17.3968
17.3968
17.3968
17.3968
17.3968
17.3968
17.3968
17.3968
17.3968
17.3968
17.3968
17.3968
17.3968
17.3968
17.3968
17.3968
17.3968
17.3968
17.3968
17.3968
17.3968
17.3968
17.3968
17.3968
17.3968
17.3968
17.3968
17.3968
17.3968
17.3968
17.3968
17.3968
17.3968
17.3968
17.3968
17.3968
17.3968
17.1955
17.1955
17.1955
16.9542
16.9542
16.9542
16.9542
16.9542
16.9542
16.9542
16.9542
16.9542
16.9542
16.9542
16.9542
16.9542
16.9542
16.9542
16.9542
16.9542
16.9542
16.9542
16.9542
16.9542
16.9542
16.9542
16.9542
16.9542
16.9542
16.9542
16.9542
16.9542
16.9542
16.9542
16.9542
16.9542
16.9542
16.9542
16.9542
16.9542
16.9542
16.9542
16.9542
16.9542
16.9542
16.9542
16.9542
16.9542
16.9542
16.9542
16.9542
16.9542
16.9542
16.9542
16.9542
16.9542
16.9542
16.9542
16.9542
16.9542
16.9542
16.9542
16.9542
16.9542
16.9542
16.9542
16.9542
16.9542
16.9542
16.9542
16.9542
16.9542
16.86
16.86
16.86
16.86
16.86
16.86
16.86
16.645
16.645
16.645
16.645
16.645
16.645
16.645
16.645
16.645
16.645
16.645
16.645
16.645
16.645
16.0529
16.0529
16.0529
16.0529
16.0529
16.0529
16.0529
16.0529
15.8087
15.8087
15.8087
15.8087
15.8087
15.8087
15.8087
15.8087
15.8087
15.8087
15.8087
15.8087
15.8087
15.8087
15.8087
15.8087
15.8087
15.8087
15.7107
15.7107
15.7107
15.7107
15.7107
15.7107
15.7107
15.7107
15.7107
15.7107
15.7107
15.7107
15.7107
15.7107
15.7107
15.7107
15.7107
15.7107
15.7107
15.7107
15.7107
15.7107
15.7107
15.7107
15.7107
15.7107
15.7107
15.7107
15.7107
15.7107
15.7107
15.7107
15.7107
15.7107
15.7107
15.7107
15.7107
15.7107
15.7107
15.7107
15.7107
15.7107
15.7107
15.7107
15.7107
15.7107
15.7107
15.7107
15.7107
15.7107
15.7107
15.7107
15.7107
15.7107
15.7107
15.7107
15.7107
15.7107
15.7107
15.7107
15.7107
15.7107
15.7107
15.7107
15.7107
15.7107
15.7107
15.7107
15.5619
15.5619
15.5619
15.5619
15.5619
15.5619
15.5619
15.5619
15.5619
15.5619
15.5619
15.5619
15.5619
15.5619
15.5619
15.5619
15.5619
15.5619
15.5619
15.5619
15.5619
15.5488
15.5488
15.5488
15.5488
15.5488
15.5488
15.5488
15.5488
15.5488
15.5488
15.5488
15.5488
14.1977
14.1977
14.1977
14.1977
14.1977
14.1977
14.1977
14.1977
14.1977
14.1977
14.1977
14.1977
14.1977
14.1977
14.1977
14.1977
14.1977
14.1977
14.1977
14.1977
14.1977
14.1977
14.1977
14.1977
14.1977
14.1977
14.1977
14.1977
14.1977
14.1977
14.1977
14.1977
14.1977
14.1977
14.1977
14.1977
14.1977
14.1977
14.1977
14.1977
14.1977
14.1977
14.1977
14.1977
14.1977
14.1977
14.1977
14.1977
14.1977
14.1977
14.1977
14.1977
14.1977
14.1977
14.1977
14.1977
14.1977
14.1977
14.1977
14.1977
14.1977
14.1977
14.1977
14.1977
14.1977
14.1977
14.1977
14.1977
14.1977
14.1977
14.1977
14.1977
14.1977
14.1977
14.1977
14.1977
14.1977
14.1977
14.1977
14.1977
14.1977
14.1977
14.1977
14.1977
14.1977
14.1977
14.1977
14.1977
14.1977
14.1977
14.1977
14.1977
14.1977
14.1977
14.1977
14.1977
14.1977
14.1977
14.1977
14.1977
14.1977
14.1977
14.1977
14.1977
14.1977
14.1977
14.1977
14.1977
14.1977
14.1977
14.1977
14.1977
14.1977
14.1977
14.1977
14.1977
14.1977
14.1977
14.1977
14.1977
14.1977
14.1977
14.1977
14.1977
14.1977
14.1977
14.1977
14.1977
14.1977
14.1977
14.1977
14.1977
14.1977
14.1977
14.1977
14.1977
14.1977
14.1977
14.1977
14.1977
14.1977
14.1977
13.7098
13.7098
13.7098
13.7098
13.7098
13.7098
13.7098
13.7098
13.7098
13.7098
13.7098
13.7098
13.7098
13.7098
13.7098
13.7098
13.7098
13.7098
13.7098
13.7098
13.7098
13.7098
13.7098
13.7098
13.7098
13.7098
13.7098
13.5373
13.5373
13.5373
13.5373
13.5373
13.5373
13.5373
13.5373
13.5373
13.5373
13.5373
13.5373
13.5373
13.5373
13.5373
13.5373
13.5373
13.5373
13.5373
13.5373
13.5373
13.5373
13.5373
13.5373
13.5373
13.5373
13.5373
13.5373
13.5373
13.2312
13.2312
13.2312
13.2312
13.2312
13.2312
13.2312
13.2312
13.2312
13.2312
13.2312
13.2312
13.2312
13.2312
13.2312
13.2312
13.2312
13.2312
13.2312
13.2312
13.2312
13.2312
13.2312
13.2312
13.2312
13.2312
13.2312
13.2312
13.2312
13.2312
13.2312
13.2312
13.2312
13.2312
13.2312
13.2312
13.2312
13.2312
13.2312
13.2312
13.2312
13.2312
13.2312
13.2312
12.7971
12.7971
12.7971
12.7971
12.7971
12.7971
12.7971
12.7971
12.7971
12.7971
12.7971
12.7971
12.7971
12.7971
12.7971
12.7971
12.7971
12.7971
12.7971
12.7971
12.7971
12.7971
12.7971
12.7971
12.7971
12.7971
12.7971
12.7971
12.7971
12.7971
12.7971
12.7971
12.7971
12.7971
12.7971
12.7971
12.7971
12.7971
12.7971
12.7971
12.7971
12.7971
12.7971
12.7971
12.7971
12.7971
12.7971
12.7971
12.7971
12.7971
12.7971
12.7971
12.7971
12.7971
12.7971
12.7971
12.7971
12.7971
12.7971
12.7971
12.7971
12.7971
12.7971
12.7971
12.7971
12.7971
12.7971
12.7971
12.7971
12.7971
12.7971
12.7971
12.7971
12.7971
12.7971
12.7971
12.7971
12.7971
12.7971
12.7971
12.7971
12.7971
12.7971
12.7971
12.7971
12.7971
12.7971
12.7971
12.7971
12.7971
12.7971
12.7971
12.7971
12.7971
12.7971
12.7971
12.7971
12.7971
12.7971
12.7971
12.7971
12.7971
12.7971
12.7971
12.7971
12.7971
12.7971
12.7971
12.7971
12.7971
12.7971
12.7971
12.7971
12.7971
12.7971
12.7971
12.7971
12.7971
12.7971
12.7971
12.7971
12.7971
12.7971
12.7971
12.7971
12.7971
12.7971
12.7971
12.7971
12.7971
12.7971
12.7971
12.7971
12.7971
12.7971
12.7971
12.7971
12.7971
12.7971
12.7971
12.7971
12.7971
12.7971
12.7971
12.7971
12.7971
12.7971
12.7971
12.7971
12.7971
12.7971
12.7971
12.7971
12.7971
12.7971
12.7971
12.7971
12.7971
12.7971
12.7971
12.7971
12.7971
12.7971
12.7971
12.7971
12.7971
12.7971
12.7971
12.7971
12.7971
12.7971
12.7971
12.7971
12.7971
12.7971
12.7971
12.7971
12.7971
12.7971
12.7971
12.7971
12.7971
12.7971
12.7971
12.7971
12.7971
12.7971
12.7971
12.7971
12.7971
12.7971
12.7971
12.7971
12.7971
12.7971
12.7971
12.7971
12.7971
12.7971
12.7971
12.7971
12.7971
12.7971
12.7971
12.7971
12.7971
12.7971
12.7971
12.7971
12.7971
12.7971
12.7971
12.7971
12.7971
12.7971
12.7971
12.7971
12.7971
12.7971
12.7971
12.7971
12.7971
12.7971
12.7971
12.7971
12.7971
12.7971
12.7971
12.7971
12.7971
12.7971
12.7971
12.7971
12.7971
12.7971
12.7971
12.7971
12.7971
12.7971
12.7971
12.7971
12.7971
12.7971
12.7971
12.7971
12.7971
12.7971
12.7971
12.7971
12.7971
12.7971
12.7971
12.7971
12.7971
12.7971
12.7971
12.7971
12.7971
12.7971
12.7971
12.7971
12.7971
12.7971
12.7971
12.7971
12.7971
12.7971
12.7971
12.7971
12.7971
12.7971
12.7971
12.7971
12.7971
12.7971
12.7971
12.7971
12.7971
12.7971
12.7971
12.7971
12.7971
12.7971
12.7971
12.7971
12.7971
12.7971
12.7971
12.7971
12.7971
12.7971
12.7971
12.7971
12.7971
12.7971
12.7971
12.7971
12.7971
12.7971
12.7971
12.7971
12.7971
12.7971
12.7971
12.7971
12.7971
12.7971
12.7971
12.7971
12.7971
12.7971
12.7971
12.7971
12.7971
12.7971
12.7971
12.7971
12.7971
12.7971
12.7971
12.7971
12.7971
12.7971
12.7971
12.7971
12.7971
12.7971
12.7971
12.7971
12.7971
12.7971
12.7971
12.7971
12.7971
12.7971
12.7971
12.7971
12.7971
12.7971
12.7971
12.7971
12.7971
12.7971
12.7971
12.7971
12.7971
12.7971
12.7971
12.7971
12.7971
12.7971
12.7971
12.7971
12.7971
12.7971
12.7971
12.7971
12.7971
12.7971
12.7971
12.7971
12.7971
12.7971
12.7971
12.7971
12.7971
12.7971
12.7971
12.7971
12.7971
12.7971
12.7971
12.7971
12.7971
12.7971
12.7971
12.7971
12.7971
12.7971
12.7971
12.7971
12.7971
12.7971
12.7971
12.7971
12.7971
12.7971
12.7971
12.7971
12.7971
12.7971
12.7971
12.7971
12.7971
12.7971
12.7971
12.7971
12.7971
12.7971
12.7971
12.7971
12.7971
12.7971
12.7971
12.7971
12.7971
12.7971
12.7971
12.7971
12.7971
12.7971
12.7971
12.7971
12.7971
12.7971
12.7971
12.7971
12.7971
12.7971
12.7971
12.7971
12.7971
12.7971
12.7971
12.7971
12.7971
12.7971
12.7971
12.7971
12.7971
12.7971
12.7971
12.7971
12.7971
12.7971
12.7971
12.7971
12.7971
12.7971
12.7971
12.7971
12.7971
12.7971
12.7971
12.7971
12.7971
12.7971
12.4145
12.4145
12.4145
12.4145
12.4145
12.4145
12.4145
12.4145
12.4145
12.4145
12.4145
12.4145
12.4145
12.4145
12.4145
12.4145
12.4145
12.4145
12.4145
12.4145
12.4145
12.4145
12.4145
12.4145
12.4145
12.4145
12.4145
12.4145
12.4145
12.4145
12.4145
12.4145
12.4145
12.4145
12.4145
12.4145
12.4145
12.4145
12.4145
12.4145
12.4145
12.4145
12.4145
12.4145
12.4145
12.4145
12.4145
12.4145
12.4145
12.4145
12.4145
12.4145
12.4145
12.4145
12.4145
12.4145
12.4145
12.4145
12.4145
12.4145
12.4145
12.4145
12.4145
12.4145
12.4145
12.4145
12.4145
12.4145
12.4145
12.4145
12.4145
12.4145
12.4145
12.4145
12.4145
12.4145
12.4145
12.4145
12.4145
12.4145
12.4145
12.4145
12.4145
12.4145
12.4145
12.4145
12.4145
12.4145
12.4145
12.4145
12.4145
12.4145
12.4145
12.4145
12.4145
12.4145
12.4145
12.4145
12.4145
12.4145
12.4145
12.4145
12.4145
12.4145
12.4145
12.4145
12.4145
12.4145
12.4145
12.4145
12.4145
12.4145
12.4145
12.4145
12.4145
12.4145
12.4145
12.4145
12.4145
12.4145
12.4145
12.4145
12.4145
12.4145
12.4145
12.4145
12.4145
12.4145
12.4145
12.4145
12.4145
12.4145
12.4145
12.4145
12.4145
12.4145
12.4145
12.4145
12.4145
12.4145
12.4145
12.4145
12.4145
12.4145
12.4145
12.4145
12.4145
12.1396
12.1396
12.1396
12.1396
12.1396
12.1396
12.1396
12.1396
12.1049
12.1049
12.1049
12.1049
12.1049
12.1049
12.1049
12.1049
12.1049
12.1049
12.1049
12.1049
12.1049
12.1049
12.1049
12.1049
12.1049
12.1049
12.1049
12.1049
12.1049
12.1049
12.1049
12.1049
12.1049
12.1049
12.1049
12.1049
12.1049
12.1049
12.1049
12.1049
12.1049
12.1049
12.1049
12.1049
12.1049
12.1049
12.1049
12.1049
12.1049
11.6527
11.6527
11.6527
11.6527
11.6527
11.6527
11.6527
11.6527
11.6527
11.6527
11.6527
11.6527
11.6527
11.6527
11.6527
11.6527
11.6527
11.6527
11.6527
11.6527
11.6527
11.6527
11.6527
11.6527
11.6527
11.6527
11.6527
11.6527
11.6527
11.6527
11.6527
11.6527
11.6527
11.6527
11.6527
11.6527
11.6527
11.6527
11.6527
11.6527
11.6527
11.6527
11.6527
11.6527
11.6527
11.6527
11.6527
11.6527
11.6527
11.6527
11.6527
11.6527
11.6527
11.6527
11.6527
11.6527
11.6527
11.6527
11.6527
11.6527
11.6527
11.6527
11.6527
11.6527
11.6527
11.6527
11.6527
11.6527
11.6527
11.6527
11.6527
11.6527
11.6527
11.6527
11.6527
11.6527
11.6527
11.6527
11.6527
11.6527
11.6527
11.6527
11.6527
11.6527
11.6527
11.6527
11.6527
11.6527
11.6527
11.6527
11.6527
11.6527
11.6527
11.6527
11.6527
11.6527
11.6527
11.6527
11.6527
11.6527
11.6527
11.6527
11.6527
11.6527
11.6527
11.6527
11.6527
11.6527
11.6527
11.6527
11.6527
11.6527
11.6527
11.6527
11.6527
11.6527
11.6527
11.6527
11.6527
11.6527
11.6527
11.6527
11.6527
11.6527
11.6527
11.6527
11.6527
11.6527
11.6527
11.6527
11.6527
11.6527
11.6527
11.6527
11.6527
11.6527
11.6527
11.6527
11.6527
11.6527
11.6527
11.6527
11.6527
11.6527
11.6527
11.6527
11.5826
11.5826
11.5826
11.5826
11.5826
11.5826
11.5826
11.5826
11.5826
11.5826
11.5826
11.5826
11.5826
11.5826
11.5826
11.5826
10.8359
10.8359
10.8359
10.8359
10.8359
10.8359
10.8359
10.8359
10.8359
10.8359
10.8359
10.8359
10.8359
10.8359
10.8359
10.8359
10.8359
10.8359
10.8359
10.8359
10.8359
10.8298
10.8298
10.8298
10.8298
10.8298
10.8298
10.8298
10.8298
10.8298
10.8298
10.8298
10.8298
10.8298
10.8298
10.8298
10.8298
10.8298
10.8298
10.8298
10.8298
10.8298
10.8298
10.8298
10.8298
10.8298
10.8298
10.8298
10.8298
10.8298
10.8298
10.8298
10.8298
10.8298
10.8298
10.8298
10.8298
10.8298
10.8298
10.8298
10.8298
10.8298
10.8298
10.8298
10.8298
10.8298
10.8298
10.8298
10.8298
10.8298
10.8298
10.8298
10.8298
10.8298
10.8298
10.8298
10.8298
10.8298
10.8298
10.8298
10.8298
10.8298
10.8298
10.8298
10.8298
10.8298
10.8298
10.8298
10.8298
10.8298
10.8298
10.8298
10.8298
10.8298
10.8298
10.8298
10.8298
10.8298
10.8298
10.8298
10.8298
10.8298
10.8298
10.8298
10.8298
10.8298
10.8298
10.8298
10.8298
10.8298
10.8298
10.8298
10.8298
10.8298
10.8298
10.8298
10.8298
10.8298
10.8298
10.8298
10.8298
10.8298
10.8298
10.8298
10.8298
10.8298
10.8298
10.8298
10.8298
10.8298
10.8298
10.8298
10.8298
10.8298
10.8298
10.8298
10.8298
10.8298
10.8298
10.8298
10.8298
10.8298
10.8298
10.8298
10.8298
10.8298
10.8298
10.8298
10.8298
10.8298
10.8298
10.8298
10.8298
10.8298
10.8298
10.8298
10.8298
10.8298
10.8298
10.8298
10.8298
10.8298
10.8298
10.8298
10.8298
10.8298
10.8298
10.8298
10.8298
10.8298
10.8298
10.8298
10.8298
10.8298
10.8298
10.8298
10.8298
10.6385
10.6385
10.6385
10.6385
10.6385
10.6385
10.6385
10.6385
10.6385
10.6385
10.6385
10.6385
10.6385
10.6385
10.6385
10.6385
10.6385
10.6385
10.6385
10.6385
10.6385
10.6385
10.6385
10.6385
10.6385
10.6385
10.6385
10.6385
10.6385
10.6385
10.6385
10.6385
10.6385
10.6385
10.6385
10.6385
10.6385
10.6385
10.6385
10.6385
10.6385
10.6385
10.6385
10.6385
10.6385
10.6385
10.6385
10.6385
10.6385
10.6385
10.6385
10.6385
10.6385
10.6385
10.6385
10.6385
10.6385
10.6385
10.6385
10.6385
10.6385
10.6385
10.6385
10.6385
10.6385
10.6385
10.6385
10.6385
10.6385
10.6385
10.6385
10.6385
10.6385
10.6385
10.6385
10.6385
10.6385
10.6385
10.6385
10.6385
10.6385
10.6385
10.6385
10.6385
10.6385
10.6385
10.6385
10.6385
10.6385
10.6385
10.6385
10.6385
10.6385
10.6385
10.6385
10.6385
10.6385
10.6385
10.6385
10.6385
10.6385
10.6385
10.6385
10.6385
10.6385
10.6385
10.6385
10.6385
10.6385
10.6385
10.6385
10.6385


-4.12313
-1.74505
-1.78105
2.89509
0.557017
-2.11306
-1.61105
-2.54508
-0.0530016
-0.891027
-2.53908
-5.18516
4.74314
1.23904
4.17713
3.07309
-2.74308
3.07709
4.25513
-3.55311
-2.54908
-2.28307
0.731022
-3.95912
-1.20304
4.89115
-2.07706
3.44711
-3.51111
-2.82509

0.034

