-0.0356275
-0.0356275
-0.0891452
-0.0891452
-0.0891452
-0.118302
-0.137739
-0.137739
-0.137739
-0.268279
-0.268279
-0.268279
-0.268279
-0.268279
-0.268279
-0.268279
-0.35436
-0.35436
-0.35436
-0.35436
-0.35436
-0.35436
-0.35436
-0.35436
-0.35436
-0.35436
-0.35436
-0.35436
-0.35436
-0.383396
-0.383396
-0.383396
-0.40615
-0.40615
-0.40615
-0.40615
-0.40615
-0.40615
-0.40615
-0.40615
-0.544143
-0.544143
-0.544143
-0.544143
-0.544143
-0.544143
-0.544143
-0.544143
-0.544143
-0.544143
-0.544143
-0.585568
-0.585568
-0.585568
-0.585568
-0.585568
-0.585568
-0.630593
-0.6423
-0.6423
-0.6423
-0.6423
-0.6423
-0.6423
-0.6423
-0.6423
-0.6423
-0.6423
-0.6423
-0.6423
-0.645428
-0.650471
-0.650471
-0.650471
-0.688669
-0.688669
-0.688669
-0.688669
-0.688669
-0.688669
-0.688669
-0.688669
-0.753865
-0.753865
-0.753865
-0.755651
-0.755651
-0.759134
-0.759134
-0.759134
-0.769134
-0.769134
-0.769134
-0.769134
-0.769134
-0.82124
-0.82124
-0.82124
-0.82124
-0.82124
-0.82124
-0.82124
-0.82124
-0.82124
-0.82124
-0.82124
-0.83836
-0.83836
-0.83836
-0.83836
-0.83836
-0.884392
-0.884392
-0.884392
-0.884392
-0.884392
-0.884392
-0.884392
-0.891745
-0.891745
-0.891745
-0.891745
-0.891745
-0.891745
-0.891745
-0.891745
-0.892937
-0.892937
-0.892937
-0.892937
-0.892937
-0.901124
-0.901124
-0.901738
-0.901738
-0.901738
-0.923533
-0.923533
-0.923533
-0.923533
-0.923533
-0.923533
-0.923533
-0.923533
-0.923533
-0.923533
-0.923533
-0.923533
-0.923533
-0.923533
-0.923533
-0.923533
-0.923533
-0.923533
-0.925653
-0.925653
-0.925653
-0.925653
-0.925653
-0.925653
-0.925653
-0.925653
-0.925755
-0.926237
-0.926237
-0.935109
-0.935109
-0.935109
-0.935109
-0.935109
-0.938445
-0.938445
-0.938445
-0.938445
-0.938445
-0.938445
-0.945251
-0.945251
-0.945251
-0.945251
-0.945251
-0.945251
-0.945251
-0.945251
-0.945251
-0.945251
-0.945251
-0.945251
-0.945251
-0.945251
-0.945251
-0.945251
-0.945251
-0.945251
-0.945251
-0.9477
-0.9477
-0.9477
-0.9477
-0.94791
-0.94791
-0.94791
-0.992184
-0.992184
-0.992184
-0.992184
-0.992184
-0.992184
-0.992184
-0.992184
-0.992184
-0.992184
-0.992184
-0.992184
-0.992184
-0.992184
-0.992184
-0.992184
-0.992184
-0.992184
-0.992184
-0.992184
-0.992184
-0.992184
-0.992184
-0.992186
-0.992186
-0.992186
-0.992186
-0.992559
-0.992559
-0.992559
-0.992559
-0.992559
-0.992559
-0.992559
-0.992559
-0.992559
-0.992559
-0.992559
-0.992559
-0.992559
-0.992559
-0.992559
-0.992956
-0.992956
-0.993259
-0.993259
-0.993259
-0.994734
-0.994734
-0.994734
-0.994734
-0.994734
-0.995388
-0.995433
-0.995433
-0.995433
-0.995433
-0.995433
-0.995433
-0.995433
-0.995433
-0.995433
-0.995433
-0.995433
-0.995433
-0.995433
-0.995433
-0.995433
-0.995433
-0.995433
-0.995433
-0.99545
-0.995477
-0.995477
-0.995477
-0.995477
-0.995477
-0.995477
-0.995477
-0.995477
-0.995492
-0.995492
-0.995492
-0.995492
-0.995492
-0.995572
-0.995572
-0.995572
-0.995572
-0.995572
-0.995572
-0.995572
-0.996066
-0.996066
-0.996066
-0.996066
-0.996066
-0.996066
-0.996066
-0.996076
-0.996076
-0.996076
-0.99657
-0.99657
-0.99657
-0.99657
-0.99657
-0.996883
-0.996883
-0.996883
-0.996883
-0.996883
-0.997005
-0.997005
-0.997042
-0.997042
-0.997042
-0.997042
-0.997042
-0.997139
-0.997139
-0.997196
-0.997196
-0.997196
-0.997196
-0.997196
-0.997196
-0.997196
-0.997196
-0.997196
-0.997317
-0.997317
-0.997317
-0.997317
-0.997317
-0.997317
-0.997317
-0.997317
-0.997317
-0.997317
-0.997317
-0.997317
-0.997317
-0.997329
-0.997329
-0.997333
-0.997333
-0.997333
-0.997417
-0.997417
-0.997417
-0.997417
-0.997422
-0.997422
-0.997422
-0.998665
-0.998665
-0.998665
-0.998677
-0.998677
-0.998677
-0.998677
-0.998677
-0.998677
-0.998677
-0.998677
-0.998677
-0.998677
-0.998677
-0.998677
-0.998677
-0.998677
-0.998677
-0.998677
-0.998677
-0.998677
-0.998677
-0.998677
-0.998677
-0.998681
-0.998681
-0.998681
-0.998681
-0.998725
-0.998725
-0.998725
-0.998725
-0.998766
-0.998766
-0.998801
-0.998801
-0.998801
-0.998801
-0.998801
-0.99886
-0.99886
-0.99886
-0.998873
-0.998873
-0.998873
-0.998873
-0.998873
-0.998873
-0.998873
-0.998873
-0.998873
-0.998873
-0.998873
-0.998873
-0.998873
-0.998873
-0.998873
-0.998873
-0.998873
-0.998873
-0.998873
-0.998873
-0.998873
-0.998873
-0.998873
-0.998873
-0.998873
-0.998873
-0.998873
-0.998879
-0.998879
-0.998879
-0.998879
-0.998879
-0.998879
-0.998879
-0.998879
-0.998879
-0.998879
-0.998879
-0.998891
-0.998891
-0.998891
-0.998891
-0.998896
-0.998905
-0.998905
-0.998905
-0.998905
-0.998905
-0.998905
-0.998905
-0.998905
-0.998964
-0.998964
-0.998964
-0.998964
-0.998964
-0.998964
-0.998964
-0.998964
-0.998964
-0.998964
-0.998964
-0.999048
-0.999048
-0.999048
-0.999048
-0.999048
-0.99909
-0.99909
-0.99909
-0.99909
-0.99909
-0.99909
-0.999123
-0.999123
-0.999123
-0.999123
-0.999123
-0.999123
-0.999123
-0.999123
-0.999123
-0.999123
-0.999123
-0.999123
-0.999128
-0.999128
-0.999128
-0.999128
-0.999128
-0.999128
-0.999128
-0.999128
-0.999128
-0.999128
-0.999128
-0.999128
-0.999128
-0.999131
-0.999131
-0.999131
-0.999131
-0.999131
-0.999131
-0.999131
-0.999136
-0.999136
-0.999136
-0.999136
-0.999136
-0.999136
-0.999136
-0.999136
-0.999136
-0.999136
-0.999136
-0.999136
-0.999136
-0.999136
-0.999144
-0.999144
-0.999146
-0.999146
-0.999146
-0.999146
-0.999146
-0.999149
-0.999149
-0.999149
-0.999149
-0.999149
-0.999149
-0.999185
-0.999185
-0.999185
-0.999185
-0.999185
-0.999192
-0.999192
-0.999192
-0.999192
-0.999192
-0.999192
-0.999192
-0.999192
-0.999192
-0.999192
-0.999192
-0.999192
-0.999192
-0.999192
-0.999192
-0.999192
-0.999192
-0.999192
-0.999192
-0.999194
-0.999194
-0.999196
-0.999196
-0.999201
-0.999213
-0.999213
-0.999213
-0.999213
-0.999213
-0.999213
-0.999213
-0.999213
-0.999213
-0.999213
-0.999213
-0.999213
-0.999213
-0.999213
-0.999215
-0.999221
-0.999221
-0.999221
-0.999221
-0.999221
-0.999221
-0.999221
-0.999221
-0.999221
-0.999221
-0.999224
-0.999224
-0.999225
-0.99923
-0.99923
-0.99923
-0.99923
-0.99923
-0.99923
-0.999232
-0.999232
-0.999232
-0.999232
-0.999232
-0.999232
-0.999232
-0.999232
-0.999232
-0.999232
-0.999232
-0.999232
-0.999232
-0.999232
-0.999232
-0.999232
-0.999232
-0.999232
-0.999232
-0.999232
-0.999232
-0.999232
-0.999232
-0.999232
-0.999232
-0.999232
-0.999286
-0.999332
-0.999341
-0.999341
-0.999341
-0.999341
-0.999341
-0.999341
-0.999341
-0.999341
-0.999341
-0.999341
-0.999341
-0.999341
-0.999341
-0.999341
-0.999342
-0.999342
-0.999342
-0.999342
-0.999342
-0.999342
-0.999342
-0.999342
-0.999342
-0.999342
-0.999343
-0.999343
-0.999343
-0.999343
-0.999343
-0.999359
-0.999359
-0.99936
-0.999367
-0.999367
-0.999367
-0.999367
-0.999367
-0.999367
-0.999367
-0.999367
-0.999372
-0.999372
-0.999372
-0.999372
-0.999372
-0.999372
-0.999374
-0.999374
-0.999386
-0.999386
-0.999386
-0.999386
-0.999386
-0.999386
-0.999386
-0.999386
-0.999386
-0.999386
-0.999386
-0.999386
-0.999386
-0.999386
-0.999386
-0.999386
-0.999386
-0.999386
-0.999386
-0.999388
-0.999388
-0.999388
-0.999388
-0.999389
-0.999389
-0.999389
-0.999512
-0.999512
-0.999512
-0.999518
-0.999518
-0.999518
-0.999518
-0.999518
-0.999518
-0.999518
-0.999518
-0.999518
-0.999518
-0.999518
-0.999518
-0.999518
-0.999518
-0.999518
-0.999518
-0.999518
-0.999518
-0.999518
-0.999518
-0.999518
-0.999518
-0.999518
-0.999518
-0.999518
-0.999518
-0.999518
-0.999518
-0.999518
-0.999518
-0.999518
-0.999518
-0.999518
-0.999518
-0.999518
-0.999518
-0.999518
-0.999526
-0.999526
-0.999526
-0.999526
-0.999533
-0.999533
-0.999533
-0.999533
-0.999533
-0.999533
-0.999533
-0.999533
-0.999582
-0.999582
-0.999588
-0.999588
-0.999588
-0.999588
-0.999588
-0.999588
-0.999588
-0.999588
-0.999588
-0.999592
-0.999594
-0.999594
-0.999598
-0.999598
-0.999598
-0.999598
-0.999598
-0.999598
-0.999598
-0.999598
-0.999598
-0.999598
-0.999599
-0.999599
-0.999599
-0.999599
-0.999599
-0.999599
-0.999599
-0.999599
-0.9996
-0.9996
-0.9996
-0.999606
-0.999606
-0.999606
-0.999606
-0.999606
-0.999606
-0.999606
-0.999606
-0.999606
-0.999606
-0.999606
-0.999606
-0.999606
-0.999608
-0.999608
-0.999609
-0.999609
-0.999609
-0.999618
-0.999618
-0.999618
-0.999618
-0.999624
-0.999624
-0.999624
-0.999624
-0.999629
-0.999629
-0.999631
-0.999631
-0.999631
-0.999631
-0.999631
-0.999632
-0.999632
-0.999632
-0.999632
-0.999632
-0.999632
-0.999633
-0.999633
-0.999633
-0.999633
-0.999633
-0.999633
-0.999633
-0.999633
-0.999633
-0.999633
-0.999633
-0.999633
-0.999633
-0.999633
-0.999633
-0.999634
-0.999634
-0.999634
-0.999634
-0.999635
-0.999635
-0.999635
-0.999635
-0.999635
-0.999636
-0.999636
-0.999636
-0.999636
-0.999636
-0.999636
-0.999636
-0.999636
-0.999636
-0.999637
-0.999637
-0.999637
-0.999637
-0.999637
-0.999637
-0.999637
-0.999637
-0.999637
-0.999637
-0.999637
-0.999637
-0.999637
-0.999637
-0.999637
-0.999637
-0.999638
-0.999638
-0.999638
-0.999638
-0.999638
-0.999638
-0.999638
-0.999638
-0.999638
-0.999638
-0.999638
-0.999638
-0.999638
-0.999638
-0.999638
-0.999638
-0.999638
-0.999638
-0.999638
-0.999638
-0.999638
-0.999638
-0.999638
-0.999638
-0.999638
-0.999638
-0.999638
-0.999638
-0.999638
-0.999638
-0.999638
-0.999638
-0.999638
-0.999638
-0.999638
-0.999639
-0.999639
-0.999639
-0.999639
-0.999639
-0.999639
-0.999639
-0.999639
-0.999639
-0.999639
-0.999639
-0.999639
-0.999639
-0.999639
-0.999639
-0.999639
-0.999639
-0.999639
-0.999639
-0.999639
-0.999639
-0.999639
-0.999639
-0.999639
-0.999639
-0.999639
-0.999639
-0.999639
-0.999639
-0.999639
-0.999639
-0.999639
-0.999639
-0.999639
-0.999639
-0.999639
-0.999639
-0.999639
-0.999639
-0.999639
-0.999639
-0.999639
-0.999639
-0.999639
-0.999639
-0.999639
-0.999639
-0.999639
-0.999639
-0.999639
-0.999639
-0.999639
-0.999639
-0.999639
-0.999643
-0.999643
-0.999643
-0.999643
-0.999643
-0.999643
-0.999643
-0.999644
-0.999644
-0.999644
-0.999644
-0.999644
-0.999644
-0.999644
-0.999644
-0.999644
-0.999644
-0.999644
-0.999644
-0.999644
-0.999644
-0.999644
-0.999644
-0.999644
-0.999644
-0.999644
-0.999644
-0.999644
-0.999644
-0.999644
-0.999644
-0.999644
-0.999644
-0.999644
-0.999644
-0.999644
-0.999644
-0.999644
-0.999644
-0.999644
-0.999644
-0.999644
-0.999644
-0.999644
-0.999644
-0.999644
-0.999644
-0.999644
-0.999644
-0.999644
-0.999644
-0.999645
-0.999645
-0.999645
-0.999645
-0.999645
-0.999645
-0.999645
-0.999645
-0.999645
-0.999645
-0.999645
-0.999645
-0.999645
-0.999645
-0.999645
-0.999645
-0.999645
-0.999645
-0.999645
-0.999645
-0.999645
-0.999645
-0.999645
-0.999645
-0.999645
-0.999645
-0.999645
-0.999645
-0.999645
-0.999645
-0.999645
-0.999645
-0.999645
-0.999645
-0.999645
-0.999645
-0.999645
-0.999645
-0.999646
-0.999646
-0.999646
-0.999646
-0.999646
-0.999646
-0.999646
-0.999646
-0.999646
-0.999646
-0.999646
-0.999646
-0.999646
-0.999646
-0.999646
-0.999646
-0.999646
-0.999646
-0.999646
-0.999646
-0.999646
-0.999646
-0.999646
-0.999647
-0.999647
-0.999647
-0.999647
-0.999647
-0.999647
-0.999647
-0.999647
-0.999647
-0.999647
-0.999647
-0.999647
-0.999647
-0.999647
-0.999647
-0.999647
-0.999647
-0.999647
-0.999647
-0.999647
-0.999647
-0.999647
-0.999647
-0.999647
-0.999647
-0.999647
-0.999647
-0.999647
-0.999647
-0.999647
-0.999647
-0.999647
-0.999647
-0.999647
-0.999647
-0.999647
-0.999647
-0.999647
-0.999647
-0.999647
-0.999647
-0.999647
-0.999647
-0.999647
-0.999647
-0.999647
-0.999647
-0.999647
-0.999647
-0.999647
-0.999647
-0.999647
-0.999647
-0.999647
-0.999647
-0.999647
-0.999647
-0.999647
-0.999647
-0.999647
-0.999647
-0.999647
-0.999647
-0.999647
-0.999647
-0.999647
-0.999647
-0.999647
-0.999647
-0.999647
-0.999647
-0.999647
-0.999647
-0.999647
-0.999647
-0.999647
-0.999647
-0.999647
-0.999647
-0.999647
-0.999647
-0.999647
-0.999647
-0.999647
-0.999647
-0.999647
-0.999647
-0.999647
-0.999647
-0.999647
-0.999647
-0.999647
-0.999647
-0.999647
-0.999647
-0.999647
-0.999647
-0.999647
-0.999647
-0.999647
-0.999647
-0.999647
-0.999647
-0.999647
-0.999647
-0.999647
-0.999647
-0.999647
-0.999647
-0.999647
-0.999647
-0.999647
-0.999647
-0.999647
-0.999647
-0.999647
-0.999647
-0.999647
-0.999647
-0.999647
-0.999647
-0.999647
-0.999647
-0.999647
-0.999647
-0.999647
-0.999647
-0.999647
-0.999647
-0.999647
-0.999647
-0.999647
-0.999647
-0.999647
-0.999647
-0.999647
-0.999647
-0.999647
-0.999647
-0.999647
-0.999647
-0.999647
-0.999647
-0.999647
-0.999647
-0.999647
-0.999647
-0.999647
-0.999647
-0.999647
-0.999647
-0.999647
-0.999647
-0.999647
-0.999647
-0.999647
-0.999647
-0.999647
-0.999647
-0.999647
-0.999647
-0.999647
-0.999647
-0.999647
-0.999647
-0.999647
-0.999647
-0.999647
-0.999647
-0.999647
-0.999647
-0.999647
-0.999647
-0.999647
-0.999647
-0.999647
-0.999647
-0.999647
-0.999647
-0.999647
-0.999647
-0.999647
-0.999647
-0.999647
-0.999647
-0.999647
-0.999647
-0.999647
-0.999647
-0.999647
-0.999647
-0.999647
-0.999647
-0.999647
-0.999647
-0.999647
-0.999647
-0.999647
-0.999647
-0.999647
-0.999647
-0.999647
-0.999647
-0.999647
-0.999647
-0.999647
-0.999647
-0.999647
-0.999647
-0.999647
-0.999647
-0.999647
-0.999647
-0.999647
-0.999647
-0.999647
-0.999647
-0.999647
-0.999647
-0.999647
-0.999647
-0.999647
-0.999647
-0.999647
-0.999647
-0.999647
-0.999647
-0.999647
-0.999647
-0.999647
-0.999647
-0.999647
-0.999647
-0.999647
-0.999647
-0.999647
-0.999647
-0.999647
-0.999647
-0.999647
-0.999647
-0.999647
-0.999647
-0.999647
-0.999647
-0.999647
-0.999647
-0.999647
-0.999647
-0.999647
-0.999647
-0.999647
-0.999647
-0.999647
-0.999647
-0.999647
-0.999647
-0.999647
-0.999647
-0.999647
-0.999647
-0.999647
-0.999647
-0.999647
-0.999647
-0.999647
-0.999647
-0.999647
-0.999647
-0.999647
-0.999647
-0.999647
-0.999647
-0.999647
-0.999647
-0.999647
-0.999647
-0.999647
-0.999647
-0.999647
-0.999647
-0.999647
-0.999647
-0.999647
-0.999647
-0.999647
-0.999647
-0.999647
-0.999647
-0.999647
-0.999647
-0.999647
-0.999647
-0.999647
-0.999647
-0.999647
-0.999647
-0.999647
-0.999647
-0.999647
-0.999647
-0.999647
-0.999647
-0.999647
-0.999647
-0.999647
-0.999647
-0.999647
-0.999647
-0.999647
-0.999647
-0.999647
-0.999647
-0.999647
-0.999647
-0.999647
-0.999647
-0.999647
-0.999647
-0.999647
-0.999647
-0.999647
-0.999647
-0.999647
-0.999647
-0.999647
-0.999647
-0.999647
-0.999647
-0.999647
-0.999647
-0.999647
-0.999647
-0.999647
-0.999647
-0.999647
-0.999647
-0.999647
-0.999647
-0.999647
-0.999647
-0.999647
-0.999647
-0.999647
-0.999647
-0.999647
-0.999647
-0.999647
-0.999647
-0.999647
-0.999647
-0.999647
-0.999647
-0.999647
-0.999647
-0.999647
-0.999647
-0.999647
-0.999647
-0.999647
-0.999647
-0.999647
-0.999647
-0.999647
-0.999647
-0.999647
-0.999647
-0.999647
-0.999647
-0.999647
-0.999647
-0.999647
-0.999647
-0.999647
-0.999647
-0.999647
-0.999647
-0.999647
-0.999647
-0.999647
-0.999647
-0.999647
-0.999647
-0.999647
-0.999647
-0.999647
-0.999647
-0.999647
-0.999647
-0.999647
-0.999647
-0.999647
-0.999647
-0.999647
-0.999647
-0.999647
-0.999647
-0.999647
-0.999647
-0.999647
-0.999647
-0.999647
-0.999647
-0.999647
-0.999647
-0.999647
-0.999647
-0.999647
-0.999647
-0.999647
-0.999647
-0.999647
-0.999647
-0.999647
-0.999647
-0.999647
-0.999647
-0.999647
-0.999647
-0.999647
-0.999647
-0.999647
-0.999647
-0.999647
-0.999647
-0.999647
-0.999647
-0.999647
-0.999647
-0.999647
-0.999647
-0.999647
-0.999647
-0.999647
-0.999647
-0.999647
-0.999647
-0.999647
-0.999647
-0.999647
-0.999647
-0.999647
-0.999647
-0.999647
-0.999647
-0.999647
-0.999647
-0.999647
-0.999647
-0.999647
-0.999647
-0.999647
-0.999647
-0.999647
-0.999647
-0.999647
-0.999647
-0.999647
-0.999647
-0.999647
-0.999647
-0.999647
-0.999647
-0.999647
-0.999647
-0.999647
-0.999647
-0.999647
-0.999647
-0.999647
-0.999647
-0.999647
-0.999647
-0.999647
-0.999647
-0.999647
-0.999647
-0.999647
-0.999647
-0.999647
-0.999647
-0.999647
-0.999647
-0.999647
-0.999647
-0.999647
-0.999647
-0.999647
-0.999647
-0.999647
-0.999647
-0.999647
-0.999647
-0.999647
-0.999647
-0.999647
-0.999647
-0.999647
-0.999647
-0.999647
-0.999647
-0.999647
-0.999647
-0.999647
-0.999647
-0.999647
-0.999647
-0.999647
-0.999647
-0.999647
-0.999647
-0.999647
-0.999647
-0.999647
-0.999647
-0.999647
-0.999647
-0.999647
-0.999647
-0.999647
-0.999647
-0.999647
-0.999647
-0.999647
-0.999647
-0.999647
-0.999647
-0.999647
-0.999647
-0.999647
-0.999647
-0.999647
-0.999647
-0.999647
-0.999647
-0.999647
-0.999647
-0.999647
-0.999647
-0.999647
-0.999647
-0.999647
-0.999647
-0.999647
-0.999647
-0.999647
-0.999647
-0.999647
-0.999647
-0.999647
-0.999647
-0.999647
-0.999647
-0.999647
-0.999647
-0.999647
-0.999647
-0.999647
-0.999647
-0.999647
-0.999647
-0.999647
-0.999647
-0.999647
-0.999647
-0.999647
-0.999647
-0.999647
-0.999647
-0.999647
-0.999647
-0.999647
-0.999647
-0.999647
-0.999647
-0.999647
-0.999647
-0.999647
-0.999647
-0.999647
-0.999647
-0.999647
-0.999647
-0.999647
-0.999647
-0.999647
-0.999647
-0.999647
-0.999647
-0.999647
-0.999647
-0.999647
-0.999647
-0.999647
-0.999647
-0.999647
-0.999647
-0.999647
-0.999647
-0.999647
-0.999647
-0.999647
-0.999647
-0.999647
-0.999647
-0.999647
-0.999647
-0.999647
-0.999647
-0.999647
-0.999647
-0.999647
-0.999647
-0.999647
-0.999647
-0.999647
-0.999647
-0.999647
-0.999647
-0.999647
-0.999647
-0.999647
-0.999647
-0.999647
-0.999647
-0.999647
-0.999647
-0.999647
-0.999647
-0.999647
-0.999647
-0.999647
-0.999647
-0.999647
-0.999647
-0.999647
-0.999647
-0.999647
-0.999647
-0.999647
-0.999647
-0.999647
-0.999647
-0.999647
-0.999647
-0.999647
-0.999647
-0.999647
-0.999647
-0.999647
-0.999647
-0.999647
-0.999647
-0.999647
-0.999647
-0.999647
-0.999647
-0.999647
-0.999647
-0.999647
-0.999647
-0.999647
-0.999647
-0.999647
-0.999647
-0.999647
-0.999647
-0.999647
-0.999647
-0.999647
-0.999647
-0.999647
-0.999647
-0.999647
-0.999647
-0.999647
-0.999647
-0.999647
-0.999647
-0.999647
-0.999647
-0.999647
-0.999647
-0.999647
-0.999647
-0.999647
-0.999647
-0.999647
-0.999647
-0.999647
-0.999647
-0.999647
-0.999647
-0.999647
-0.999647
-0.999647
-0.999647
-0.999647
-0.999647
-0.999647
-0.999647
-0.999647
-0.999647
-0.999647
-0.999647
-0.999647
-0.999647
-0.999647
-0.999647
-0.999647
-0.999647
-0.999647
-0.999647
-0.999647
-0.999647
-0.999647
-0.999647
-0.999647
-0.999647
-0.999647
-0.999647
-0.999647
-0.999647
-0.999647
-0.999647
-0.999647
-0.999647
-0.999647
-0.999647
-0.999647
-0.999647
-0.999647
-0.999647
-0.999647
-0.999647
-0.999647
-0.999647
-0.999647
-0.999647
-0.999647
-0.999647
-0.999647
-0.999647
-0.999647
-0.999647
-0.999647
-0.999647
-0.999647
-0.999647
-0.999647
-0.999647
-0.999647
-0.999647
-0.999647
-0.999647
-0.999647
-0.999647
-0.999647
-0.999647
-0.999647
-0.999647
-0.999647
-0.999647
-0.999647
-0.999647
-0.999647
-0.999647
-0.999647
-0.999647
-0.999647
-0.999647
-0.999647
-0.999647
-0.999647
-0.999647
-0.999647
-0.999647
-0.999647
-0.999647
-0.999647
-0.999647
-0.999647
-0.999647
-0.999647
-0.999647
-0.999647
-0.999647
-0.999647
-0.999647
-0.999647
-0.999647
-0.999647
-0.999647
-0.999647
-0.999647
-0.999647
-0.999647
-0.999647
-0.999647
-0.999647
-0.999647
-0.999647
-0.999647
-0.999647
-0.999647
-0.999647
-0.999647
-0.999647
-0.999647
-0.999647
-0.999647
-0.999647
-0.999647
-0.999647
-0.999647
-0.999647
-0.999647
-0.999647
-0.999647
-0.999647
-0.999647
-0.999647
-0.999647
-0.999647
-0.999647
-0.999647
-0.999647
-0.999647
-0.999647
-0.999647
-0.999647
-0.999647
-0.999647
-0.999647
-0.999647
-0.999647
-0.999647
-0.999647
-0.999647
-0.999647
-0.999647
-0.999647
-0.999647
-0.999647
-0.999647
-0.999647
-0.999647
-0.999647
-0.999647
-0.999647
-0.999647
-0.999647
-0.999647
-0.999647
-0.999647
-0.999647
-0.999647
-0.999647
-0.999647
-0.999647
-0.999647
-0.999647
-0.999647
-0.999647
-0.999647
-0.999647
-0.999647
-0.999647
-0.999647
-0.999647
-0.999647
-0.999647
-0.999647
-0.999647
-0.999647
-0.999647
-0.999647
-0.999647
-0.999647
-0.999647
-0.999647
-0.999647
-0.999647
-0.999647
-0.999647
-0.999647
-0.999647
-0.999647
-0.999647
-0.999647
-0.999647
-0.999647
-0.999647
-0.999647
-0.999647
-0.999647
-0.999647
-0.999647
-0.999647
-0.999647
-0.999647
-0.999647
-0.999647
-0.999647
-0.999647
-0.999647
-0.999647
-0.999647
-0.999647
-0.999647
-0.999647
-0.999647
-0.999647
-0.999647
-0.999647
-0.999647
-0.999647
-0.999647
-0.999647
-0.999647
-0.999647
-0.999647
-0.999647
-0.999647
-0.999647
-0.999647
-0.999647
-0.999647


0.00205259
0.00205129
0.00205355
0.00205279
0.00205306
0.00205247
0.00205264
0.00205287
0.00205292
0.0020529
0.00205269
0.00205291
0.00205316
0.0020529
0.00205284
0.00205307
0.00205264
0.00205297
0.00205278
0.00205277
0.00205287
0.00205314
0.00205301
0.00205238
0.00205301
0.00205271
0.00205294
0.00205331
0.0020451
0.024167

0.023

