-0.202281
-0.202281
-0.202281
-0.319789
-0.319789
-0.319789
-0.332615
-0.332615
-0.332615
-0.427294
-0.427294
-0.427294
-0.427294
-0.646246
-0.646246
-0.646246
-0.646246
-0.646246
-0.61391
-0.61391
-0.61391
-0.61391
-0.678082
-0.678082
-0.73993
-0.73993
-0.73993
-0.73993
-0.73993
-0.73993
-0.73993
-0.73993
-0.73993
-0.73993
-0.73993
-0.73993
-0.73993
-0.73993
-0.678154
-0.678154
-0.678154
-0.678154
-0.678154
-0.745232
-0.761642
-0.761642
-0.761642
-0.761642
-0.761642
-0.761642
-0.761642
-0.761642
-0.761642
-0.761642
-0.761642
-0.761642
-0.761642
-0.761642
-0.745232
-0.753231
-0.753231
-0.788994
-0.788994
-0.795049
-0.795049
-0.795049
-0.795049
-0.795049
-0.795049
-0.825524
-0.829618
-0.829618
-0.828012
-0.828012
-0.828012
-0.821028
-0.821028
-0.821028
-0.821028
-0.821028
-0.882247
-0.882247
-0.882247
-0.882247
-0.882247
-0.882247
-0.882247
-0.882247
-0.882247
-0.881281
-0.881281
-0.909508
-0.909508
-0.909508
-0.909508
-0.909303
-0.909303
-0.909303
-0.909303
-0.909303
-0.909303
-0.897982
-0.897982
-0.897982
-0.897982
-0.897982
-0.897982
-0.897982
-0.924803
-0.924803
-0.924803
-0.924803
-0.924803
-0.924803
-0.924803
-0.924803
-0.944658
-0.944658
-0.907007
-0.925827
-0.925827
-0.932732
-0.932732
-0.932732
-0.932732
-0.915487
-0.915487
-0.915487
-0.915487
-0.915487
-0.940745
-0.940745
-0.940745
-0.935175
-0.935175
-0.935175
-0.935175
-0.935478
-0.944834
-0.944834
-0.952387
-0.952387
-0.952387
-0.952387
-0.952387
-0.955783
-0.955783
-0.957014
-0.957014
-0.957014
-0.961634
-0.961634
-0.961634
-0.961084
-0.961084
-0.961084
-0.960207
-0.965501
-0.965501
-0.965501
-0.965501
-0.965501
-0.965501
-0.968179
-0.968179
-0.968513
-0.968513
-0.968513
-0.968513
-0.968513
-0.968513
-0.968179
-0.966581
-0.966581
-0.966581
-0.966581
-0.966581
-0.966581
-0.969716
-0.969716
-0.969716
-0.969716
-0.972841
-0.972841
-0.972841
-0.972841
-0.977722
-0.977722
-0.978081
-0.980563
-0.980563
-0.978081
-0.978081
-0.978081
-0.977722
-0.977722
-0.977533
-0.977533
-0.979307
-0.979307
-0.979307
-0.979307
-0.979307
-0.979307
-0.979307
-0.980302
-0.980302
-0.980302
-0.980302
-0.980302
-0.979187
-0.979187
-0.981154
-0.981154
-0.981154
-0.981154
-0.981154
-0.981154
-0.981154
-0.981154
-0.982095
-0.984488
-0.984488
-0.98477
-0.993085
-0.993085
-0.993085
-0.993085
-0.993085
-0.993085
-0.993085
-0.993085
-0.993085
-0.993085
-0.993085
-0.98723
-0.989539
-0.991911
-0.991911
-0.991911
-0.991911
-0.991911
-0.992812
-0.992812
-0.992812
-0.992812
-0.992812
-0.992812
-0.992812
-0.993507
-0.994207
-0.994207
-0.994207
-0.994207
-0.994207
-0.994207
-0.994207
-0.99494
-0.99494
-0.996013
-0.996013
-0.996013
-0.996013
-0.996013
-0.996013
-0.996013
-0.996013
-0.99494
-0.994791
-0.994791
-0.994791
-0.994791
-0.994791
-0.995204
-0.995298
-0.9958
-0.9958
-0.9958
-0.9958
-0.9958
-0.995298
-0.995436
-0.996731
-0.996731
-0.996731
-0.996731
-0.996731
-0.996731
-0.996731
-0.995935
-0.995935
-0.996065
-0.996065
-0.996392
-0.996392
-0.996392
-0.996392
-0.996392
-0.996392
-0.996392
-0.996392
-0.996392
-0.996392
-0.996426
-0.996426
-0.997525
-0.997525
-0.997525
-0.997525
-0.997525
-0.997525
-0.997525
-0.997525
-0.997525
-0.997919
-0.997919
-0.997919
-0.997919
-0.99843
-0.99843
-0.99843
-0.99843
-0.99843
-0.99843
-0.99843
-0.99843
-0.99843
-0.99843
-0.99843
-0.997658
-0.997658
-0.997658
-0.997658
-0.997658
-0.99782
-0.99782
-0.99782
-0.997662
-0.997662
-0.998014
-0.998014
-0.998014
-0.997761
-0.997761
-0.997761
-0.997761
-0.997761
-0.997761
-0.997761
-0.997015
-0.997015
-0.997015
-0.997015
-0.997015
-0.997015
-0.997015
-0.997015
-0.99741
-0.99741
-0.99741
-0.99741
-0.99741
-0.99741
-0.99741
-0.99741
-0.99741
-0.997784
-0.997815
-0.997934
-0.997953
-0.997953
-0.997953
-0.997953
-0.997934
-0.998029
-0.998029
-0.998029
-0.998029
-0.998281
-0.998281
-0.998281
-0.998281
-0.998281
-0.998281
-0.998281
-0.998082
-0.998082
-0.998082
-0.998082
-0.998082
-0.998082
-0.998082
-0.998082
-0.998082
-0.998082
-0.998106
-0.998106
-0.998106
-0.998106
-0.998106
-0.998106
-0.998106
-0.998106
-0.998106
-0.998106
-0.998106
-0.998053
-0.998074
-0.998074
-0.998074
-0.998074
-0.998074
-0.998074
-0.998236
-0.998236
-0.998236
-0.998372
-0.998372
-0.998372
-0.998372
-0.998372
-0.998373
-0.998373
-0.998373
-0.998373
-0.998373
-0.998373
-0.998398
-0.998398
-0.998398
-0.998045
-0.998045
-0.998045
-0.998045
-0.998045
-0.998045
-0.998045
-0.997802
-0.997802
-0.997802
-0.997802
-0.997802
-0.997802
-0.997802
-0.997802
-0.997643
-0.997643
-0.997643
-0.997643
-0.997643
-0.997643
-0.997643
-0.997698
-0.997726
-0.997726
-0.997726
-0.997726
-0.997726
-0.997726
-0.997726
-0.997726
-0.997698
-0.99781
-0.99781
-0.997919
-0.997919
-0.997919
-0.997955
-0.997955
-0.997974
-0.997974
-0.997974
-0.998233
-0.998233
-0.998233
-0.998233
-0.998233
-0.998151
-0.998151
-0.998171
-0.998171
-0.998171
-0.998171
-0.998171
-0.998171
-0.998171
-0.998171
-0.998171
-0.998172
-0.998172
-0.998172
-0.998383
-0.998404
-0.998404
-0.998404
-0.998404
-0.998404
-0.998404
-0.998404
-0.998504
-0.998504
-0.998504
-0.998405
-0.998405
-0.998755
-0.998806
-0.998806
-0.998806
-0.999268
-0.999268
-0.999268
-0.999268
-0.999268
-0.999268
-0.998806
-0.998806
-0.998798
-0.998798
-0.998931
-0.998931
-0.998931
-0.998931
-0.998931
-0.998931
-0.998864
-0.998864
-0.998864
-0.998864
-0.998864
-0.998864
-0.998864
-0.998919
-0.998998
-0.998998
-0.998998
-0.998983
-0.998983
-0.998983
-0.998983
-0.998983
-0.998983
-0.998983
-0.998983
-0.998983
-0.998983
-0.998983
-0.998983
-0.998983
-0.999306
-0.999306
-0.999306
-0.999306
-0.999212
-0.999212
-0.999212
-0.999212
-0.999212
-0.999212
-0.999212
-0.999212
-0.999212
-0.999212
-0.999212
-0.999212
-0.999212
-0.999212
-0.998998
-0.998998
-0.999053
-0.999195
-0.999195
-0.999195
-0.999195
-0.999027
-0.999027
-0.999027
-0.998995
-0.998995
-0.998995
-0.998995
-0.998995
-0.998995
-0.998995
-0.998995
-0.998995
-0.998851
-0.998851
-0.998485
-0.998552
-0.998552
-0.998552
-0.998552
-0.998598
-0.998632
-0.998632
-0.998632
-0.998632
-0.998632
-0.998627
-0.998627
-0.998627
-0.998971
-0.998971
-0.998971
-0.998971
-0.998971
-0.998971
-0.998971
-0.998971
-0.998971
-0.998971
-0.998971
-0.998971
-0.999016
-0.999016
-0.999016
-0.999016
-0.999016
-0.999016
-0.999199
-0.999294
-0.999294
-0.999294
-0.999294
-0.999262
-0.999262
-0.999262
-0.999262
-0.999233
-0.999233
-0.999233
-0.999233
-0.999233
-0.999233
-0.999233
-0.999233
-0.999233
-0.99896
-0.99896
-0.99896
-0.99896
-0.99896
-0.99896
-0.99896
-0.99896
-0.99896
-0.99896
-0.99896
-0.998576
-0.998576
-0.998321
-0.998321
-0.998321
-0.998321
-0.998321
-0.998621
-0.998621
-0.998669
-0.998955
-0.998955
-0.998955
-0.998939
-0.998939
-0.999077
-0.999077
-0.999077
-0.999077
-0.998939
-0.998939
-0.998939
-0.998939
-0.998939
-0.998939
-0.998939
-0.998939
-0.998932
-0.998932
-0.998932
-0.998932
-0.998932
-0.998932
-0.998932
-0.998821
-0.998821
-0.998772
-0.998772
-0.998772
-0.998772
-0.998803
-0.998803
-0.998628
-0.998628
-0.998628
-0.998628
-0.999031
-0.999031
-0.999031
-0.999031
-0.999031
-0.999031
-0.998386
-0.998386
-0.998483
-0.998483
-0.998483
-0.998483
-0.998483
-0.998483
-0.998664
-0.998705
-0.998705
-0.998705
-0.998705
-0.998705
-0.998705
-0.998705
-0.998627
-0.998416
-0.998416
-0.998416
-0.998416
-0.998416
-0.998416
-0.998416
-0.998416
-0.998416
-0.998416
-0.998416
-0.998741
-0.998741
-0.998843
-0.998843
-0.998885
-0.998885
-0.998885
-0.998735
-0.998735
-0.998816
-0.998816
-0.998816
-0.998816
-0.998816
-0.998816
-0.998816
-0.998816
-0.998769
-0.998769
-0.998949
-0.998949
-0.998949
-0.998949
-0.998949
-0.998949
-0.998949
-0.998949
-0.998949
-0.998949
-0.998949
-0.999076
-0.999076
-0.999076
-0.999076
-0.999076
-0.999076
-0.999076
-0.999076
-0.999076
-0.998973
-0.998973
-0.998973
-0.998973
-0.998973
-0.998973
-0.998973
-0.999037
-0.999037
-0.999037
-0.999037
-0.999037
-0.999037
-0.999037
-0.999037
-0.999037
-0.998954
-0.998954
-0.998954
-0.998954
-0.998954
-0.998954
-0.998954
-0.998954
-0.999056
-0.999056
-0.999056
-0.998948
-0.998948
-0.998948
-0.998948
-0.998948
-0.998948
-0.998948
-0.998948
-0.998948
-0.998948
-0.998948
-0.998948
-0.998948
-0.998884
-0.998882
-0.99889
-0.99889
-0.99889
-0.99889
-0.99889
-0.99889
-0.998898
-0.998898
-0.998912
-0.998912
-0.999062
-0.999062
-0.999062
-0.999062
-0.999062
-0.999114
-0.999114
-0.999114
-0.999114
-0.999114
-0.999114
-0.999114
-0.999114
-0.999114
-0.999114
-0.999065
-0.999065
-0.999021
-0.999021
-0.999021
-0.999021
-0.999021
-0.999021
-0.999021
-0.999021
-0.999021
-0.999021
-0.999081
-0.999081
-0.999115
-0.999115
-0.999115
-0.999123
-0.999154
-0.999154
-0.999154
-0.999171
-0.999171
-0.999171
-0.999171
-0.999171
-0.999171
-0.999171
-0.999123
-0.999123
-0.999123
-0.999123
-0.999123
-0.999165
-0.999165
-0.999165
-0.999165
-0.999165
-0.999234
-0.999234
-0.999234
-0.999234
-0.999234
-0.99924
-0.99924
-0.999216
-0.999216
-0.999229
-0.999229
-0.999229
-0.999229
-0.999229
-0.999202
-0.999202
-0.999202
-0.999188
-0.999188
-0.999188
-0.999188
-0.999188
-0.999188
-0.999188
-0.999188
-0.999188
-0.999188
-0.999188
-0.999188
-0.999188
-0.999182
-0.999182
-0.999182
-0.999222
-0.999222
-0.999222
-0.999222
-0.999222
-0.999222
-0.999222
-0.999222
-0.999222
-0.999222
-0.999222
-0.999222
-0.999222
-0.999222
-0.999189
-0.999189
-0.999189
-0.999189
-0.999203
-0.999203
-0.999203
-0.999203
-0.999203
-0.999203
-0.999203
-0.999203
-0.999203
-0.999203
-0.999175
-0.999175
-0.999175
-0.999175
-0.999175
-0.999175
-0.999175
-0.999166
-0.999166
-0.999166
-0.999177
-0.999177
-0.999177
-0.999169
-0.999169
-0.999169
-0.999169
-0.999169
-0.999244
-0.999291
-0.999291
-0.999291
-0.999291
-0.999291
-0.999291
-0.999291
-0.999291
-0.999291
-0.999291
-0.999291
-0.999291
-0.999264
-0.999264
-0.999264
-0.999252
-0.999252
-0.999252
-0.999252
-0.999252
-0.999252
-0.999365
-0.999365
-0.999365
-0.999365
-0.999365
-0.999373
-0.999373
-0.999414
-0.999414
-0.999414
-0.999387
-0.999387
-0.999387
-0.999387
-0.999387
-0.999387
-0.999387
-0.999409
-0.999409
-0.999409
-0.999409
-0.999409
-0.999409
-0.999409
-0.999409
-0.999409
-0.999409
-0.999409
-0.999409
-0.999409
-0.999409
-0.999409
-0.999409
-0.999409
-0.999409
-0.999409
-0.999409
-0.999409
-0.999409
-0.999407
-0.999407
-0.999407
-0.999407
-0.999398
-0.999398
-0.999398
-0.999398
-0.999398
-0.999398
-0.999398
-0.999398
-0.999398
-0.999398
-0.999425
-0.999425
-0.999425
-0.999425
-0.999425
-0.999425
-0.999425
-0.999425
-0.999425
-0.999425
-0.999425
-0.999425
-0.999425
-0.999425
-0.999425
-0.999425
-0.999391
-0.999391
-0.999391
-0.999391
-0.999391
-0.999391
-0.999391
-0.999172
-0.999172
-0.999172
-0.999172
-0.999172
-0.999172
-0.999172
-0.999172
-0.999172
-0.999172
-0.999172
-0.999172
-0.999172
-0.998832
-0.998819
-0.998819
-0.998819
-0.998903
-0.999022
-0.999116
-0.999116
-0.999116
-0.999116
-0.999116
-0.999116
-0.999116
-0.999116
-0.999294
-0.999294
-0.999294
-0.999294
-0.999294
-0.999294
-0.999294
-0.999294
-0.999294
-0.999294
-0.999294
-0.999272
-0.999272
-0.999333
-0.999333
-0.999333
-0.999333
-0.99936
-0.99936
-0.99936
-0.99936
-0.99936
-0.99936
-0.999333
-0.999333
-0.999288
-0.999354
-0.999354
-0.999354
-0.999394
-0.999402
-0.999402
-0.99948
-0.99948
-0.99948
-0.99948
-0.99948
-0.99948
-0.99948
-0.99948
-0.99948
-0.999502
-0.999502
-0.999502
-0.999502
-0.999588
-0.999588
-0.999588
-0.999576
-0.999594
-0.999594
-0.999594
-0.999591
-0.999591
-0.999591
-0.999591
-0.99959
-0.99959
-0.99959
-0.99959
-0.999595
-0.999617
-0.999617
-0.999617
-0.999617
-0.999617
-0.999617
-0.999617
-0.999617
-0.999617
-0.999617
-0.999617
-0.999617
-0.999617
-0.999545
-0.999545
-0.999533
-0.999533
-0.999533
-0.999533
-0.999533
-0.999491
-0.999491
-0.999491
-0.999491
-0.999491
-0.999557
-0.999557
-0.999557
-0.999557
-0.999557
-0.999557
-0.999557
-0.999557
-0.999557
-0.999597
-0.999597
-0.999585
-0.999701
-0.999701
-0.999701
-0.999706
-0.999706
-0.999706
-0.999705
-0.999705
-0.999705
-0.999705
-0.999705
-0.999705
-0.999709
-0.99972
-0.99972
-0.99972
-0.99972
-0.999749
-0.999749
-0.999749
-0.999749
-0.999749
-0.999749
-0.999749
-0.999749
-0.999749
-0.99974
-0.99974
-0.99974
-0.999715
-0.99972
-0.99972
-0.99972
-0.99972
-0.999724
-0.999724
-0.999724
-0.999724
-0.999724
-0.999724
-0.999724
-0.999724
-0.999724
-0.999724
-0.999724
-0.999724
-0.999683
-0.99969
-0.99969
-0.999693
-0.999693
-0.999693
-0.999693
-0.999693
-0.999693
-0.999693
-0.999693
-0.999704
-0.999704
-0.999704
-0.999704
-0.999719
-0.999719
-0.999719
-0.999738
-0.999738
-0.999731
-0.999731
-0.999731
-0.999731
-0.999731
-0.999731
-0.999731
-0.999731
-0.999702
-0.999702
-0.999702
-0.999702
-0.999702
-0.999702
-0.999702
-0.999702
-0.999722
-0.999722
-0.999749
-0.99975
-0.99975
-0.999749
-0.999729
-0.999729
-0.999728
-0.999728
-0.999728
-0.999728
-0.99974
-0.99974
-0.99974
-0.99974
-0.999772
-0.999779
-0.999779
-0.999779
-0.999779
-0.999779
-0.999779
-0.999779
-0.999779
-0.999779
-0.999783
-0.999783
-0.999772
-0.999772
-0.999772
-0.999772
-0.999772
-0.999772
-0.999772
-0.999772
-0.999778
-0.999778
-0.999778
-0.999778
-0.999778
-0.999778
-0.999778
-0.999778
-0.999778
-0.999778
-0.999778
-0.999769
-0.999769
-0.999769
-0.999769
-0.999769
-0.999762
-0.999762
-0.999782
-0.999782
-0.999782
-0.999791
-0.999791
-0.999791
-0.999791
-0.999791
-0.999791
-0.999791
-0.999791
-0.9998
-0.9998
-0.9998
-0.9998
-0.99981
-0.99981
-0.9998
-0.9998
-0.9998
-0.9998
-0.9998
-0.9998
-0.9998
-0.9998
-0.9998
-0.9998
-0.9998
-0.9998
-0.9998
-0.9998
-0.999794
-0.999794
-0.999794
-0.999794
-0.999783
-0.999783
-0.999798
-0.999798
-0.999798
-0.999818
-0.999818
-0.999818
-0.999818
-0.999818
-0.999818
-0.999818
-0.999818
-0.999818
-0.999818
-0.999818
-0.999818
-0.999818
-0.999818
-0.999818
-0.999813
-0.999813
-0.999813
-0.999813
-0.999813
-0.999813
-0.999813
-0.999813
-0.999813
-0.999813
-0.999793
-0.999793
-0.999793
-0.999793
-0.999793
-0.999793
-0.999793
-0.999793
-0.999793
-0.9998
-0.9998
-0.9998
-0.9998
-0.9998
-0.9998
-0.9998
-0.999795
-0.999795
-0.999795
-0.999795
-0.999751
-0.999751
-0.999751
-0.999751
-0.999751
-0.999751
-0.999751
-0.999751
-0.999751
-0.999751
-0.999751
-0.999751
-0.999751
-0.999749
-0.999749
-0.999749
-0.999749
-0.999749
-0.999716
-0.999716
-0.999716
-0.999716
-0.999716
-0.999716
-0.999682
-0.999682
-0.999682
-0.999682
-0.999682
-0.999691
-0.999691
-0.999694
-0.999694
-0.999694
-0.999694
-0.999694
-0.999691
-0.999691
-0.999691
-0.999691
-0.999691
-0.999691
-0.999635
-0.999635
-0.999635
-0.999635
-0.999635
-0.999635
-0.999731
-0.999731
-0.999731
-0.999717
-0.999717
-0.999717
-0.999717
-0.999717
-0.999717
-0.999717
-0.999717
-0.999717
-0.999717
-0.999717
-0.999717
-0.999717
-0.999717
-0.999691
-0.999691
-0.999724
-0.999724
-0.999724
-0.999742
-0.999742
-0.999724
-0.999724
-0.999724
-0.999724
-0.999724
-0.999722
-0.999722
-0.999722
-0.99974
-0.99974
-0.99979
-0.99979
-0.99979
-0.99979
-0.99979
-0.99979
-0.99979
-0.99979
-0.99979
-0.99979
-0.99979
-0.99979
-0.99979
-0.99979
-0.99979
-0.99979
-0.99979
-0.99979
-0.99979
-0.99979
-0.99979
-0.99979
-0.99979
-0.99979
-0.99979
-0.99979
-0.99979
-0.99979
-0.99979
-0.99979
-0.99979
-0.999755
-0.999755
-0.999777
-0.999777
-0.999777
-0.999786
-0.999786
-0.999786
-0.999786
-0.999786
-0.999786
-0.999788
-0.999793
-0.999793
-0.999793
-0.999793
-0.999793
-0.999793
-0.999793
-0.999793
-0.999793
-0.999797
-0.999797
-0.999797
-0.999797
-0.999797
-0.999797
-0.999799
-0.999799
-0.999799
-0.999799
-0.999799
-0.999799
-0.999799
-0.999797
-0.999781
-0.999781
-0.999781
-0.999781
-0.999781
-0.999781
-0.999781
-0.999781
-0.999781
-0.999781
-0.999781
-0.999875
-0.999875
-0.999875
-0.999875
-0.999875
-0.999875
-0.999875
-0.999871
-0.999871
-0.999871
-0.999871
-0.999871
-0.999871
-0.999871
-0.999871
-0.999871
-0.999884
-0.999884
-0.999884
-0.999884
-0.999891
-0.999898
-0.999898
-0.999898
-0.999903
-0.999903
-0.999898
-0.999898
-0.999898
-0.999893
-0.999893
-0.999893
-0.999893
-0.999904
-0.999904
-0.999904
-0.999904
-0.999904
-0.999904
-0.999904
-0.999904
-0.999904
-0.999904
-0.999854
-0.999865
-0.999878
-0.999908
-0.999908
-0.999908
-0.999878
-0.999902
-0.999902
-0.999902
-0.999902
-0.999902
-0.999902
-0.999902
-0.999902
-0.999902
-0.999902
-0.999902
-0.999902
-0.999902
-0.999862
-0.99987
-0.99987
-0.99987
-0.99987
-0.99987
-0.99987
-0.999863
-0.999863
-0.999863
-0.999863
-0.999863
-0.999863
-0.999863
-0.999863
-0.999863
-0.999863
-0.999863
-0.999863
-0.999863
-0.999852
-0.999852
-0.999852
-0.99987
-0.99987
-0.999872
-0.999872
-0.999872
-0.999872
-0.999872
-0.999872
-0.999872
-0.999872
-0.999872
-0.999872
-0.999883
-0.999883
-0.999883
-0.999883
-0.999883
-0.999883
-0.9999
-0.9999
-0.9999
-0.9999
-0.9999
-0.9999
-0.9999
-0.9999
-0.9999
-0.999896
-0.999913
-0.999913
-0.999913
-0.999896
-0.999902
-0.999902
-0.999902
-0.9999
-0.9999
-0.9999
-0.9999
-0.9999
-0.999898
-0.999898
-0.999898
-0.999898
-0.999898
-0.999898
-0.999909
-0.999909
-0.999909
-0.999907
-0.999907
-0.999907
-0.999907
-0.999907
-0.999907
-0.999907
-0.999907
-0.999902
-0.999892
-0.999892
-0.999898
-0.999903
-0.999909
-0.999909
-0.999909
-0.999909
-0.999925
-0.999941
-0.999941
-0.999941
-0.999935
-0.999935
-0.999935
-0.999935
-0.999944
-0.999944
-0.999944
-0.999947
-0.999947
-0.999947
-0.999944
-0.999943
-0.999943
-0.999943
-0.999938
-0.999938
-0.999938
-0.999939
-0.999939
-0.999939
-0.999939
-0.999939
-0.999946
-0.999946
-0.999946
-0.999946
-0.999941
-0.999941
-0.999941
-0.999941
-0.999941
-0.999941
-0.999941
-0.999941
-0.999943
-0.999943
-0.999943
-0.999943
-0.999943
-0.999943
-0.999943
-0.99995
-0.99995
-0.99995
-0.99995
-0.99995
-0.99995
-0.99995
-0.99995
-0.999952
-0.999952
-0.999952
-0.999953
-0.999953
-0.999953
-0.999953
-0.999953
-0.999953
-0.999954
-0.999954
-0.999954
-0.999954
-0.999954
-0.999954
-0.999954
-0.999954
-0.999952
-0.999952
-0.999952
-0.999952
-0.999951
-0.999951
-0.999951
-0.999951
-0.999952
-0.999952
-0.999952
-0.999952
-0.999952
-0.999951
-0.999955
-0.999955
-0.999955
-0.999955
-0.999955
-0.999955
-0.999958
-0.999958
-0.999958
-0.999958
-0.999958
-0.999958
-0.999958
-0.999958
-0.999958
-0.999958
-0.999958
-0.999958
-0.999958
-0.999958
-0.999958
-0.999958
-0.999958
-0.999959
-0.999959
-0.999959
-0.999959
-0.999959
-0.999959
-0.999956
-0.999956
-0.999956
-0.999956
-0.999956
-0.999954
-0.999954
-0.999955
-0.999955
-0.999955
-0.999957
-0.999958
-0.999959
-0.999959
-0.999958
-0.999958
-0.999959
-0.999959
-0.999959
-0.999959
-0.999959
-0.999959
-0.999959
-0.999959
-0.999959
-0.999959
-0.999959
-0.999959
-0.999959
-0.999959
-0.999959
-0.999959
-0.999959
-0.99996
-0.99996
-0.99996
-0.999961
-0.999961
-0.999961
-0.999961
-0.999961
-0.999961
-0.999961
-0.999961
-0.999959
-0.999959
-0.999959
-0.999959
-0.999959
-0.999959
-0.999956
-0.999956
-0.999956
-0.999956
-0.999956
-0.999956
-0.999956
-0.999956
-0.999956
-0.999956
-0.999956
-0.999956
-0.999956
-0.999956
-0.999956
-0.999956
-0.999956
-0.999956
-0.999956
-0.999956
-0.999956
-0.999956
-0.999956
-0.999956
-0.999956
-0.999956
-0.999956
-0.999956
-0.999956
-0.99995
-0.99995
-0.99995
-0.99995
-0.99995
-0.99995
-0.99995
-0.99995
-0.99995
-0.99995
-0.999951
-0.999951
-0.999953
-0.999953
-0.999953
-0.999953
-0.999953
-0.999953
-0.999953
-0.999953
-0.999953
-0.999954
-0.999954
-0.999954
-0.999954
-0.999954
-0.999954
-0.999954
-0.999954
-0.999954
-0.999954
-0.999954
-0.999946
-0.999946
-0.999946
-0.999944
-0.999944
-0.999944
-0.999944
-0.999944
-0.999944
-0.999944
-0.999944
-0.99994
-0.99994
-0.99994
-0.99994
-0.99994
-0.99993
-0.99993
-0.99993
-0.99993
-0.99993
-0.99993
-0.99994
-0.99994
-0.99994
-0.999925
-0.999913
-0.999921
-0.999921
-0.99994
-0.99994
-0.99994
-0.99994
-0.99994
-0.99994
-0.99994
-0.99993
-0.99993
-0.99993
-0.99993
-0.99993
-0.99993
-0.999931
-0.999931
-0.999931
-0.999931
-0.999931
-0.999932
-0.999934
-0.999934
-0.999934
-0.999943
-0.999943
-0.999943
-0.999943
-0.999943
-0.999943
-0.999943
-0.999943
-0.999943
-0.999943
-0.999939
-0.999939
-0.999939
-0.999939
-0.999934
-0.999934
-0.999947
-0.999947
-0.999947


0.000381004
0.00117754
0.000894421
0.00158104
0.00114201
-7.97805e-05
0.000988933
0.00160639
0.00142602
0.00124324
0.00113953
0.000825196
0.00162112
0.00117526
0.00137271
0.00116648
0.00137975
0.00110312
0.00164996
0.000853276
0.00176512
0.000501841
0.00161282
0.00149577
0.00163011
-0.000614242
0.00147752
-0.00128582
-0.00113492
-0.0057365

0.023

