0.27849
0.27849
0.27849
0.27849
0.27849
0.27849
0.27849
0.260146
0.260146
0.260146
0.216499
0.216499
0.216499
0.216499
0.202253
0.202253
0.202253
0.202253
0.115835
0.115835
0.115835
0.115835
0.115835
0.115835
0.115835
0.115835
0.115835
0.115835
0.115835
0.115835
0.115835
0.115835
0.115835
0.114346
0.110058
0.110058
0.110058
0.110058
0.110058
0.110058
0.0926142
0.0926142
0.0882276
0.0882276
0.0882276
0.0882276
0.0882276
0.0882276
0.0882276
0.0882276
0.0876636
0.0876589
0.0876589
0.0876589
0.0876589
0.0876589
0.0875703
0.0875703
0.0875703
0.0875703
0.0875703
0.0875703
0.0875703
0.0875703
0.0875703
0.0875703
0.0729658
0.0607531
0.0607531
0.0607531
0.0606514
0.0606514
0.0571471
0.0571471
0.0571471
0.0571471
0.0571471
0.0571471
0.0571471
0.0571471
0.0571471
0.053397
0.053397
0.053397
0.053397
0.053397
0.053397
0.053397
0.053397
0.053397
0.053397
0.053397
0.053397
0.0533921
0.0533921
0.0533921
0.0533921
0.0533921
0.0533921
0.052559
0.052559
0.052559
0.052559
0.052559
0.052559
0.052559
0.052559
0.052559
0.052559
0.052559
0.052559
0.052559
0.052559
0.052559
0.052559
0.052559
0.052559
0.0524619
0.0507313
0.0507313
0.0507313
0.0507313
0.0507313
0.0507313
0.0507313
0.0507313
0.0507313
0.0507313
0.0507313
0.0507313
0.0507313
0.0504525
0.0504525
0.0504525
0.0504525
0.0504525
0.0499029
0.0499029
0.0499029
0.0499029
0.0499029
0.0499029
0.0499029
0.0499029
0.0499029
0.0499029
0.0499029
0.0279643
0.0279643
0.0279643
0.0279643
0.0279643
0.0279643
0.0279643
0.0279643
0.0279643
0.0279643
0.0279643
0.0279643
0.0279643
0.0279643
0.0279643
0.0279643
0.0279643
0.0279643
0.0279643
0.0279643
0.010281
0.010281
0.010281
0.00762491
0.00762491
0.00762491
0.00762491
0.00762491
0.00762491
0.00762491
0.00762491
0.00762491
0.00762491
0.00762491
0.00762491
0.00762491
0.00762491
0.00762491
0.00762491
0.00762491
0.00762491
0.00762491
0.00762491
0.00762491
0.00762491
0.00762491
0.00762491
0.00745354
0.00745354
0.00745354
0.00745354
0.00745354
0.00745354
0.00745354
0.00745354
0.00745354
0.00745354
0.00745354
0.00745354
0.00745354
0.00745354
0.00745354
0.00745354
0.00745354
0.00745354
0.00745354
0.00745354
0.00745354
0.00745354
0.00745354
0.0073518
0.0073518
0.0073518
0.00717812
0.00717812
0.00717812
0.00684459
0.00684459
0.00684459
0.00684459
0.00684459
0.00684459
0.00684459
0.00684459
0.00684459
0.00684459
0.00684459
0.00684459
0.00684459
0.00684459
0.00684459
0.00684459
0.00684459
0.00684459
0.00684459
0.00684459
0.00684459
0.00684459
0.00660173
0.00660173
0.00660173
0.00660173
0.00660173
0.00660173
0.00660173
0.00660173
0.00660173
0.00660173
0.00660173
0.00660173
0.00660173
0.00660173
0.00660173
0.00646873
0.00646873
0.00646873
0.00646873
0.00638894
0.00638894
0.00638894
0.00638894
0.00638894
0.00638894
0.00638894
0.00638894
0.00638894
0.00638894
0.00638894
0.00638894
0.00638894
0.00638894
0.00638894
0.00638894
0.00638894
0.00638894
0.00638894
0.00625595
0.00625595
0.00625595
0.00625595
0.00625595
0.00625595
0.00622479
0.00622479
0.00622479
0.00622479
0.00622479
0.00622479
0.00622479
0.00622479
0.00622479
0.00622479
0.00622479
0.00622479
0.00620144
0.00620144
0.00620144
0.00620144
0.00620144
0.00620144
0.00620144
0.00620144
0.00620144
0.00620144
0.00620144
0.00620144
0.00620144
0.00620144
0.00620144
0.00620144
0.00620144
0.00620144
0.00620144
0.00620144
0.00620144
0.00620144
0.00620144
0.00620144
0.00429017
0.00367038
0.00361976
0.00361976
0.00361976
0.00361976
0.00361976
0.00361976
0.00361976
0.00361976
0.00361976
0.00361976
0.00361976
0.00361976
0.00361976
0.00361976
0.00361976
0.00361976
0.00357797
0.00357797
0.00357797
0.00357797
0.00357797
0.00357797
0.00357797
0.00357797
0.00357797
0.00357797
0.00357797
0.00357797
0.00357797
0.00357797
0.00357797
0.00357797
0.00357752
0.00357752
0.00357752
0.00357752
0.00357752
0.00357752
0.00357752
0.00357752
0.00357752
0.00347196
0.00347196
0.00347196
0.00347196
0.00347196
0.00347196
0.00347196
0.00347196
0.00347107
0.00347107
0.00347107
0.00347107
0.00347107
0.00347107
0.00347107
0.00347107
0.00347107
0.00347107
0.00347107
0.00347107
0.00347107
0.00347107
0.00347107
0.00347107
0.00347107
0.00347107
0.00347107
0.00347107
0.00347107
0.00347107
0.00347107
0.00347107
0.00347107
0.00347107
0.00347107
0.00347107
0.00347107
0.00347107
0.00347107
0.00347107
0.00347107
0.00347107
0.00347107
0.00347107
0.00347107
0.00347107
0.00347107
0.00347107
0.00347107
0.00347107
0.00347107
0.00347107
0.00347107
0.00347107
0.00347107
0.00347107
0.00347107
0.00347107
0.00347107
0.00347107
0.00347107
0.00347107
0.00346398
0.00346398
0.00346398
0.00346398
0.00346398
0.00346398
0.00346398
0.00346398
0.00346398
0.00346398
0.00346398
0.00346398
0.00346398
0.00346398
0.00346398
0.00346398
0.00346398
0.00346398
0.00346398
0.00346398
0.00346398
0.00346398
0.00346398
0.00346398
0.00346398
0.00346398
0.00346398
0.00346398
0.00346122
0.00346122
0.00346122
0.00346122
0.00346122
0.00346122
0.00346122
0.00346122
0.00346122
0.00346122
0.00345948
0.00345948
0.00345948
0.00345948
0.00345948
0.00345948
0.00345948
0.00345948
0.00345948
0.00345948
0.00345948
0.00345948
0.00345948
0.00345948
0.00345948
0.00345948
0.00345948
0.00345948
0.00345948
0.00345948
0.00345948
0.00345948
0.00345948
0.00345948
0.00345948
0.00345948
0.0034105
0.0034105
0.0034105
0.0034105
0.0034105
0.0034105
0.0034105
0.0034105
0.00179847
0.00179847
0.00177386
0.00177386
0.00177386
0.00177386
0.00177386
0.00177386
0.00177386
0.00177386
0.00177386
0.00177386
0.00177386
0.00177386
0.00177386
0.00177386
0.00177386
0.00177386
0.00177386
0.00177386
0.00177386
0.00177386
0.00177386
0.00177386
0.00177386
0.00177386
0.00177386
0.00177386
0.00153199
0.00153199
0.00153199
0.00153199
0.00153199
0.00151211
0.00151211
0.00151211
0.00151211
0.00151211
0.00151211
0.00151211
0.00151211
0.00151211
0.00151211
0.00151211
0.00151211
0.00151211
0.00151211
0.00151211
0.00151211
0.00151211
0.00151211
0.00151211
0.00151211
0.00151211
0.00151211
0.00151211
0.00151211
0.00151211
0.00151211
0.00151211
0.00151211
0.00151211
0.00151211
0.00151211
0.00151211
0.00151211
0.00151211
0.000707626
0.000666362
0.000666362
0.000666362
0.000666362
0.000666362
0.000666362
0.000666362
0.000666362
0.000666362
0.000666362
0.000666362
0.000666362
0.000666362
0.000666362
0.000666362
0.000666362
0.000666362
0.000666362
0.000666362
0.000666362
0.000666362
0.000666362
0.000666362
0.000666362
0.000666362
0.000666362
0.000666362
0.000666362
0.000666362
0.000666362
0.000666362
0.000666362
0.000666362
0.000666362
0.000666362
0.000666362
0.000666362
0.000666362
0.000666362
0.000666362
0.000666362
0.000666362
0.000666362
0.000666362
0.000666362
0.000666362
0.000666362
0.000666362
0.000666362
0.000666362
0.000666362
0.000666362
0.000666362
0.000666362
0.000666362
0.000666362
0.000666362
0.000666362
0.000666362
0.000666362
0.000666362
0.000666362
0.000666362
0.000666362
0.000666362
0.000666362
0.000666362
0.000666362
0.000666362
0.000666362
0.000666362
0.000666362
0.000666362
0.000666362
0.000666362
0.000666362
0.000666362
0.000666362
0.000666362
0.000666362
0.000666362
0.000666362
0.000666362
0.000666362
0.000666362
0.000666362
0.000666362
0.000666362
0.000666362
0.000666362
0.000666362
0.000666362
0.000666362
0.000666362
0.000666362
0.000666362
0.000666362
0.000666362
0.000666362
0.000666362
0.000666362
0.000666362
0.000666362
0.000666362
0.000666362
0.000666362
0.000666362
0.000666362
0.000666362
0.000666362
0.000666362
0.000666362
0.000666362
0.000666362
0.000666362
0.000666362
0.000666362
0.000666362
0.000666362
0.000666362
0.000666362
0.000666362
0.000666362
0.000666362
0.000666362
0.000666362
0.000666362
0.000666362
0.000666362
0.000666362
0.000666362
0.000666362
0.000666362
0.000666362
0.000666362
0.000666362
0.000666362
0.000666362
0.000666362
0.000666362
0.000666362
0.000666362
0.000666362
0.000666362
0.000666362
0.000666362
0.000666362
0.000666362
0.000666362
0.000666362
0.000666362
0.000666362
0.000666362
0.000666362
0.000666362
0.000666362
0.000666362
0.000666362
0.000666362
0.000666362
0.000666362
0.000666362
0.000666362
0.000666362
0.000666362
0.000666362
0.000666362
0.000666362
0.000666362
0.000666362
0.000666362
0.000666362
0.000666362
0.000666362
0.000666362
0.000666362
0.000666362
0.000666362
0.000666362
0.000666362
0.000666362
0.000666362
0.000666362
0.000666362
0.000666362
0.000666362
0.000666362
0.000666362
0.000666362
0.000666362
0.000666362
0.000666362
0.000666362
0.000666362
0.000666362
0.000666362
0.000666362
0.000666362
0.000666362
0.000666362
0.000666362
0.000666362
0.000666362
0.000666362
0.000666362
0.000666362
0.000666362
0.000666362
0.000666362
0.000666362
0.000666362
0.000666362
0.000666362
0.000666362
0.000666362
0.000666362
0.000666362
0.000666362
0.000666362
0.000666362
0.000666362
0.000666362
0.000666362
0.000666362
0.000666362
0.000666362
0.000666362
0.000666362
0.000666362
0.000666362
0.000666362
0.000666362
0.000666362
0.000666362
0.000666362
0.000666362
0.000666362
0.000666362
0.000666362
0.000666362
0.000666362
0.000666362
0.000666362
0.000666362
0.000666362
0.000666362
0.000666362
0.000666362
0.000666362
0.000666362
0.000666362
0.000666362
0.000666362
0.000666362
0.000666362
0.000666362
0.000666362
0.000666362
0.000666362
0.000666362
0.000666362
0.000666362
0.000666362
0.000666362
0.000666362
0.000666362
0.000666362
0.000666362
0.000666362
0.000666362
0.000666362
0.000666362
0.000666362
0.000666362
0.000666362
0.000666362
0.000666362
0.000666362
0.000666362
0.000666362
0.000666362
0.000666362
0.000666362
0.000666362
0.000666362
0.000666362
0.000666362
0.000666362
0.000666362
0.000666362
0.000666362
0.000666362
0.000666362
0.000666362
0.000666362
0.000666362
0.000666362
0.000666362
0.000666362
0.000666362
0.000666362
0.000666362
0.000666362
0.000666362
0.000666362
0.000666362
0.000666362
0.000666362
0.000666362
0.000666362
0.000666362
0.000666362
0.000666362
0.000666362
0.000666362
0.000666362
0.000666362
0.000666362
0.000666362
0.000666362
0.000666362
0.000666362
0.000666362
0.000666362
0.000666362
0.000666362
0.000666362
0.000666362
0.000666362
0.000666362
0.000666362
0.000666362
0.000666362
0.000666362
0.000666362
0.000666362
0.000666362
0.000666362
0.000666362
0.000666362
0.000666362
0.000666362
0.000666362
0.000666362
0.000666362
0.000666362
0.000666362
0.000666362
0.000666362
0.000666362
0.000666362
0.000666362
0.000666362
0.000666362
0.000666362
0.000666362
0.000666362
0.000666362
0.000666362
0.000666362
0.000666362
0.000666362
0.000666362
0.000666362
0.000666362
0.000666362
0.000666362
0.000666362
0.000666362
0.000666362
0.000666362
0.000666362
0.000666362
0.000666362
0.000666362
0.000666362
0.000666362
0.000666362
0.000666362
0.000666362
0.000666362
0.000666362
0.000666362
0.000666362
0.000666362
0.000666362
0.000666362
0.000666362
0.000666362
0.000666362
0.000666362
0.000666362
0.000666362
0.000666362
0.000666362
0.000666362
0.000666362
0.000666362
0.000666362
0.000666362
0.000666362
0.000666362
0.000666362
0.000666362
0.000666362
0.000666362
0.000666362
0.000666362
0.000666362
0.000666362
0.000666362
0.000666351
0.000666351
0.000666351
0.000666351
0.000666351
0.000666351
0.000666351
0.000666351
0.000666351
0.000666351
0.000666351
0.000666351
0.000666351
0.000666351
0.000666351
0.000666351
0.000666351
0.000666351
0.000666351
0.000666351
0.000666351
0.000666351
0.000666351
0.000666351
0.000666351
0.000666351
0.000666351
0.000666351
0.000666351
0.000666351
0.000666351
0.000666351
0.000666351
0.000666351
0.000666351
0.000666351
0.000665941
0.000665941
0.000665941
0.000665941
0.000665941
0.000665941
0.000665941
0.000665941
0.000665941
0.000665941
0.00066593
0.00066593
0.00066593
0.00066593
0.00066593
0.00066593
0.00066593
0.00066593
0.00066593
0.00066593
0.00066593
0.00066593
0.00066593
0.00066593
0.00066593
0.00066593
0.00066593
0.00066593
0.00066593
0.00066593
0.00066593
0.00066593
0.00066593
0.00066593
0.00066593
0.00066593
0.00066593
0.00066593
0.00066593
0.00066593
0.00066593
0.00066593
0.00066593
0.00066593
0.00066593
0.00066593
0.00066593
0.00066593
0.00066593
0.00066593
0.00066593
0.00066593
0.00066593
0.00066593
0.00066593
0.00066593
0.00066593
0.00066593
0.00066593
0.00066593
0.00066593
0.00066593
0.00066593
0.00066593
0.00066593
0.00066593
0.00066593
0.00066593
0.00066593
0.00066593
0.00066593
0.00066593
0.00066593
0.00066593
0.00066593
0.00066593
0.00066593
0.00066593
0.00066593
0.00066593
0.00066593
0.00066593
0.00066593
0.00066593
0.00066593
0.00066593
0.00066593
0.00066593
0.00066593
0.00066593
0.00066593
0.00066593
0.00066593
0.00065002
0.0006496
0.0006496
0.0006496
0.0006496
0.0006496
0.0006496
0.0006496
0.0006496
0.0006496
0.0006496
0.0006496
0.0006496
0.0006496
0.0006496
0.0006496
0.0006496
0.0006496
0.0006496
0.0006496
0.0006496
0.0006496
0.0006496
0.0006496
0.0006496
0.0006496
0.0006496
0.0006496
0.0006496
0.0006496
0.0006496
0.0006496
0.0006496
0.0006496
0.0006496
0.0006496
0.0006496
0.0006496
0.0006496
0.0006496
0.0006496
0.0006496
0.0006496
0.0006496
0.0006496
0.0006496
0.0006496
0.0006496
5.26954e-05
5.26954e-05
5.26954e-05
5.26954e-05
5.26954e-05
5.26954e-05
5.26954e-05
5.26954e-05
5.26954e-05
5.26954e-05
5.26954e-05
5.26954e-05
5.26954e-05
5.26954e-05
5.26954e-05
5.26954e-05
5.26954e-05
5.26954e-05
5.26954e-05
5.26954e-05
5.26954e-05
3.63645e-05
3.63645e-05
3.63645e-05
3.63645e-05
3.63645e-05
3.63645e-05
3.63645e-05
3.63645e-05
3.63645e-05
3.63645e-05
3.63645e-05
3.63645e-05
3.63645e-05
3.63645e-05
3.63645e-05
3.63645e-05
3.63645e-05
3.63645e-05
3.63645e-05
3.63645e-05
3.63645e-05
3.63645e-05
3.63645e-05
3.63645e-05
3.63645e-05
3.63645e-05
3.63645e-05
3.63645e-05
3.63645e-05
3.63645e-05
3.63645e-05
3.63645e-05
3.63645e-05
3.63645e-05
3.63645e-05
3.63645e-05
3.63645e-05
3.63645e-05
3.63645e-05
3.63645e-05
3.63645e-05
3.63645e-05
3.63645e-05
3.63645e-05
3.63645e-05
3.63645e-05
3.63645e-05
3.63645e-05
3.63645e-05
3.63645e-05
3.63645e-05
3.63645e-05
3.63645e-05
3.63645e-05
3.63645e-05
3.63645e-05
3.63645e-05
3.63645e-05
3.63645e-05
3.63645e-05
3.63645e-05
3.63645e-05
3.63645e-05
3.63645e-05
3.63645e-05
3.63645e-05
3.63645e-05
3.63645e-05
3.63645e-05
3.63645e-05
3.63645e-05
3.63645e-05
3.63645e-05
3.63645e-05
3.63645e-05
3.63645e-05
3.63645e-05
3.63645e-05
3.63645e-05
3.63645e-05
3.63645e-05
3.63645e-05
3.63645e-05
3.63645e-05
3.63645e-05
3.63645e-05
3.63645e-05
3.63645e-05
3.63645e-05
3.63645e-05
3.63645e-05
3.63645e-05
3.63645e-05
3.63645e-05
3.63645e-05
3.63645e-05
3.63645e-05
3.63645e-05
3.63645e-05
3.63645e-05
3.63645e-05
3.63645e-05
3.63645e-05
3.63645e-05
3.63645e-05
3.63645e-05
3.63645e-05
3.63645e-05
3.63645e-05
3.63645e-05
3.63645e-05
3.63645e-05
3.63645e-05
3.63645e-05
3.63645e-05
3.63645e-05
3.63645e-05
3.63645e-05
3.63645e-05
3.63645e-05
3.63645e-05
3.63645e-05
3.63645e-05
3.63645e-05
3.63645e-05
3.63645e-05
3.63645e-05
3.63645e-05
3.63645e-05
3.63645e-05
3.63645e-05
3.63645e-05
3.63645e-05
3.63645e-05
3.63645e-05
3.63645e-05
3.63645e-05
3.63645e-05
3.63645e-05
3.63645e-05
3.63645e-05
3.63645e-05
3.63645e-05
3.63645e-05
3.63645e-05
3.63645e-05
3.63645e-05
3.63645e-05
3.63645e-05
3.63645e-05
3.63645e-05
3.63645e-05
3.63645e-05
3.63645e-05
3.63645e-05
3.63645e-05
3.63645e-05
3.63645e-05
3.63645e-05
3.63645e-05
3.63645e-05
3.63645e-05
3.63645e-05
3.63645e-05
3.63645e-05
3.63645e-05
3.63645e-05
3.63645e-05
3.63645e-05
3.63645e-05
3.63645e-05
3.63645e-05
3.63645e-05
3.63645e-05
3.63645e-05
3.63645e-05
3.63645e-05
3.63645e-05
3.63645e-05
3.63645e-05
3.63645e-05
3.63645e-05
3.63645e-05
3.63645e-05
3.63645e-05
3.63645e-05
3.63645e-05
3.63645e-05
3.63645e-05
3.63645e-05
3.63645e-05
3.63645e-05
3.63645e-05
3.63645e-05
3.63645e-05
3.63645e-05
3.63645e-05
3.63645e-05
3.63645e-05
3.63645e-05
3.63645e-05
3.63645e-05
3.63645e-05
3.63645e-05
3.63645e-05
3.63645e-05
3.63645e-05
3.63645e-05
3.63645e-05
3.63645e-05
3.63645e-05
3.63645e-05
3.63645e-05
3.63645e-05
3.63645e-05
3.63645e-05
3.63645e-05
3.63645e-05
3.63645e-05
3.63645e-05
3.63645e-05
3.63645e-05
3.63645e-05
3.63645e-05
3.63645e-05
3.63645e-05
3.63645e-05
3.63645e-05
3.63645e-05
3.63645e-05
3.63645e-05
3.63645e-05
3.63645e-05
3.63645e-05
3.63645e-05
3.63645e-05
3.63645e-05
3.63645e-05
3.63645e-05
3.63645e-05
3.63645e-05
3.63645e-05
3.63645e-05
3.63645e-05
3.63645e-05
3.63645e-05
3.63645e-05
3.63645e-05
3.63645e-05
3.63645e-05
3.63645e-05
3.63645e-05
3.63645e-05
3.63645e-05
3.63645e-05
3.63645e-05
3.63645e-05
3.63645e-05
3.63645e-05
3.63645e-05
3.63645e-05
3.63645e-05
3.63645e-05
3.63645e-05
3.63645e-05
3.63645e-05
3.63645e-05
3.63645e-05
3.63645e-05
3.63645e-05
3.63645e-05
3.63645e-05
3.63645e-05
3.63645e-05
3.63645e-05
3.63645e-05
3.63645e-05
3.63645e-05
3.63645e-05
3.63645e-05
3.63645e-05
3.63645e-05
3.63645e-05
3.63645e-05
3.63645e-05
3.63645e-05
3.63645e-05
3.63645e-05
3.63645e-05
3.63645e-05
3.63645e-05
3.63645e-05
3.63645e-05
3.63645e-05
3.63645e-05
3.63645e-05
3.63645e-05
3.63645e-05
3.63645e-05
3.63645e-05
3.63645e-05
3.63645e-05
3.63645e-05
3.63645e-05
3.63645e-05
3.63645e-05
3.63645e-05
3.63645e-05
3.63645e-05
3.63645e-05
3.63645e-05
3.63645e-05
3.63645e-05
3.63645e-05
3.63645e-05
3.63645e-05
3.63645e-05
3.63645e-05
3.63645e-05
3.63645e-05
3.63645e-05
3.63645e-05
3.63645e-05
3.63645e-05
3.63645e-05
3.63645e-05
3.63645e-05
3.63645e-05
3.63645e-05
3.63645e-05
3.63645e-05
3.63645e-05
3.63645e-05
3.63645e-05
3.63645e-05
3.63645e-05
3.63645e-05
3.63645e-05
3.63645e-05
3.63645e-05
3.63645e-05
3.63645e-05
3.63645e-05
3.63645e-05
3.63645e-05
3.63645e-05
3.63645e-05
3.63645e-05
3.63645e-05
3.63645e-05
3.63645e-05
3.63645e-05
3.63645e-05
3.63645e-05
3.63645e-05
3.63645e-05
3.63645e-05
3.63645e-05
3.63645e-05
3.63645e-05
3.63645e-05
3.63645e-05
3.63645e-05
3.63645e-05
3.63645e-05
3.63645e-05
3.63645e-05
3.63645e-05
3.63645e-05
3.63645e-05
3.63645e-05
3.63645e-05
3.63645e-05
3.63645e-05
3.63645e-05
3.63645e-05
3.63645e-05
3.63645e-05
3.63645e-05
3.63645e-05
3.63645e-05
3.63645e-05
3.63645e-05
3.63645e-05
3.63645e-05
3.63645e-05
3.63645e-05
3.63645e-05
3.63645e-05
3.63645e-05
3.63645e-05
3.63645e-05
3.63645e-05
3.63645e-05
3.63645e-05
3.63645e-05
3.63645e-05
3.63645e-05
3.63645e-05
3.63645e-05
3.63645e-05
3.63645e-05
3.63645e-05
3.63645e-05
3.63645e-05
3.63645e-05
3.63645e-05
3.63645e-05
3.63645e-05
3.63645e-05
3.63645e-05
3.63645e-05
3.63645e-05
3.63645e-05
3.63645e-05
3.63645e-05
3.63645e-05
3.63645e-05
3.63645e-05
3.63645e-05
3.63645e-05
3.63645e-05
3.63645e-05
3.63645e-05
3.63645e-05
3.63645e-05
3.63645e-05
3.63645e-05
3.63645e-05
3.63645e-05
3.63645e-05
3.63645e-05
3.63645e-05
3.63645e-05
3.63645e-05
3.63645e-05
3.63645e-05
3.63645e-05
3.63645e-05
3.63645e-05
3.63645e-05
3.63632e-05
3.63632e-05
3.63632e-05
3.63632e-05
3.63632e-05
3.63632e-05
3.63632e-05
3.63632e-05
3.63632e-05
3.63632e-05
3.63632e-05
3.63632e-05
3.63632e-05
3.63632e-05
3.63632e-05
3.63632e-05
3.63632e-05
3.63632e-05
3.63632e-05
3.63632e-05
3.63632e-05
3.63632e-05
3.63632e-05
3.63632e-05
3.63632e-05
3.63632e-05
3.63632e-05
3.63632e-05
3.63632e-05
3.63632e-05
3.63632e-05
3.63632e-05
3.63632e-05
3.63632e-05
3.63632e-05
3.63632e-05
3.63632e-05
3.63632e-05
3.63632e-05
3.63632e-05
3.63632e-05
3.63632e-05
3.63632e-05
3.63632e-05
3.63632e-05
3.63632e-05
3.63632e-05
3.63632e-05
3.63632e-05
3.6151e-05
3.6151e-05
3.6151e-05
3.6151e-05
3.6151e-05
3.6151e-05
3.6151e-05
3.6151e-05
3.6151e-05
3.6151e-05
3.6151e-05
3.6151e-05
3.6151e-05
3.6151e-05
3.6151e-05
3.6151e-05
3.6151e-05
3.6151e-05
3.6151e-05
3.6151e-05
3.6151e-05
3.6151e-05
3.6151e-05
3.61497e-05
3.61497e-05
3.61497e-05
3.61497e-05
3.61497e-05
3.61497e-05
3.61497e-05
2.64115e-06
2.64115e-06
2.64115e-06
2.64115e-06
2.64115e-06
2.64115e-06
2.64115e-06
2.64115e-06
2.64115e-06
2.64115e-06
2.64115e-06
2.64115e-06
2.64115e-06
2.64115e-06
2.64115e-06
2.64115e-06
2.64115e-06
2.64115e-06
2.64115e-06
2.64115e-06
2.64115e-06
2.64115e-06
2.4276e-06
2.4276e-06
2.4276e-06
2.4276e-06
2.4276e-06
2.4276e-06
2.4276e-06
2.4276e-06
2.4276e-06
2.4276e-06
2.4276e-06
2.4276e-06
2.4276e-06
2.4276e-06
2.4276e-06
2.4276e-06
2.4276e-06
2.4263e-06
2.4263e-06
2.4263e-06
2.4263e-06
2.4263e-06
2.4263e-06
2.4263e-06
2.4263e-06
2.4263e-06
2.4263e-06
2.4263e-06
2.4263e-06
2.4263e-06
2.4263e-06
2.4263e-06
2.4263e-06
2.4263e-06
2.4263e-06
2.4263e-06
2.4263e-06
2.4263e-06
2.4263e-06
2.4263e-06
2.4263e-06
2.4263e-06
2.4263e-06
2.4263e-06
2.4263e-06
2.4263e-06
2.4263e-06
2.4263e-06
2.4263e-06
2.4263e-06
2.4263e-06
2.4263e-06
2.4263e-06
2.4263e-06
2.4263e-06
2.4263e-06
2.4263e-06
2.4263e-06
2.4263e-06
2.4263e-06
2.4263e-06
2.4263e-06
2.4263e-06
2.4263e-06
2.4263e-06
2.4263e-06
2.4263e-06
2.4263e-06
2.4263e-06
2.4263e-06
2.4263e-06
2.4263e-06
2.4263e-06
2.4263e-06
2.4263e-06
2.4263e-06
2.4263e-06
2.4263e-06
2.4263e-06
2.4263e-06
2.4263e-06
2.4263e-06
2.4263e-06
2.4263e-06
2.4263e-06
2.4263e-06
2.4263e-06
2.4263e-06
2.4263e-06
2.4263e-06
2.4263e-06
2.4263e-06
2.4263e-06
2.4263e-06
2.4263e-06
2.4263e-06
2.4263e-06
2.4263e-06
2.4263e-06
2.4263e-06
2.4263e-06
2.4263e-06
2.4263e-06
2.4263e-06
2.4263e-06
2.4263e-06
2.4263e-06
2.4263e-06
2.4263e-06
2.4263e-06
2.4263e-06
2.4263e-06
2.4263e-06
2.4263e-06
2.4263e-06
2.4263e-06
2.4263e-06
2.4263e-06
2.4263e-06
2.4263e-06
2.4263e-06
2.4263e-06
2.4263e-06
2.4263e-06
2.4263e-06
2.4263e-06
2.4263e-06
2.4263e-06
2.4263e-06
2.4263e-06
2.4263e-06
2.4263e-06
2.4263e-06
2.4263e-06
2.4263e-06
2.4263e-06
2.4263e-06
2.4263e-06
2.4263e-06
2.4263e-06
2.4263e-06
2.4263e-06
2.4263e-06
2.4263e-06
2.4263e-06
2.4263e-06
2.4263e-06
2.4263e-06
2.4263e-06
2.4263e-06
2.4263e-06
2.4263e-06
2.4263e-06
2.4263e-06
2.4263e-06
2.4263e-06
2.4263e-06
2.4263e-06
2.4263e-06
2.4263e-06
2.4263e-06
2.4263e-06
2.4263e-06
2.4263e-06
2.4263e-06
2.4263e-06
2.4263e-06
2.4263e-06
2.4263e-06
2.4263e-06
2.4263e-06
2.4263e-06
2.4263e-06
2.4263e-06
2.4263e-06
2.4263e-06
2.4263e-06
2.4263e-06
2.4263e-06
2.4263e-06
2.4263e-06
2.4263e-06
2.4263e-06
2.4263e-06
2.4263e-06
2.4263e-06
2.4263e-06
2.4263e-06
2.4263e-06
2.4263e-06
2.4263e-06
2.4263e-06
2.4263e-06
2.4263e-06
2.4263e-06
2.4263e-06
2.4263e-06
2.4263e-06
2.4263e-06
2.4263e-06
2.4263e-06
2.4263e-06
2.4263e-06
2.4263e-06
2.4263e-06
2.4263e-06
2.4263e-06
2.4263e-06
2.4263e-06
2.4263e-06
2.4263e-06
2.4263e-06
2.4263e-06
2.4263e-06
2.4263e-06
2.4263e-06
2.4263e-06
2.4263e-06
2.4263e-06
2.4263e-06
2.4263e-06
2.4263e-06
2.4263e-06
2.4263e-06
2.4263e-06
2.4263e-06
2.4263e-06
2.4263e-06
2.4263e-06
2.4263e-06
2.4263e-06
2.4263e-06
2.4263e-06
2.4263e-06
2.4263e-06
2.4263e-06
2.4263e-06
2.4263e-06
2.4263e-06
2.4263e-06
2.4263e-06
2.4263e-06
2.4263e-06
2.4263e-06
2.4263e-06
2.4263e-06
2.4263e-06
2.4263e-06
2.4263e-06
2.4263e-06
2.4263e-06
2.4263e-06
2.4263e-06
2.4263e-06
2.4263e-06
2.4263e-06
2.4263e-06
2.4263e-06
2.4263e-06
2.4263e-06
2.4263e-06
2.4263e-06
2.4263e-06
2.4263e-06
2.4263e-06
2.4263e-06
2.4263e-06
2.4263e-06
2.4263e-06
2.4263e-06
2.4263e-06
2.4263e-06
2.4263e-06
2.4263e-06
2.4263e-06
2.4263e-06
2.4263e-06
2.4263e-06
2.4263e-06


-0.00155644
-0.00155644
-0.00155644
-0.00155644
-0.00155644
-0.00155644
-0.00155644
-0.00155644
-0.00155644
-0.00155644
0.0143132
0.0143132
0.015656
0.015656
0.015656
-0.0490432
0.015656
0.015656
0.015656
-0.0756554
-0.0756554
-0.0129704
-0.0129704
-0.0129704
-0.0129704
-0.0129704
-0.0129704
-0.134678
-0.134678
0.439192

0.021

