47.7362
47.7362
47.7362
47.7362
47.7362
47.7362
47.7362
50.1908
50.1908
50.1908
50.1908
50.1908
50.1908
50.1908
50.1908
50.1908
52.7097
81.8843
81.8843
81.8843
81.8843
81.8843
73.4765
73.4765
81.8843
108.986
108.986
108.986
108.986
108.986
108.986
56.3137
56.3137
56.3137
56.3137
878.479
878.479
878.479
878.479
229.972
837.995
837.995
837.995
837.995
837.995
51.2667
51.2667
51.2667
51.2667
51.2667
51.2667
51.2667
51.2667
51.2667
51.2667
51.2667
87.066
87.066
87.066
87.066
1200.05
1200.05
1857.35
1857.35
1857.35
136.147
136.147
136.147
136.147
136.147
663.115
663.115
663.115
663.115
1857.35
1857.35
1857.35
1857.35
1857.35
80.2822
69.8588
69.8588
69.8588
69.8588
69.8588
80.2822
80.2822
80.2822
80.2822
80.2822
80.2822
80.2822
80.2822
80.2822
80.2822
65.0389
65.0389
80.2822
80.2822
80.2822
80.2822
80.2822
80.2822
80.2822
80.2822
80.2822
80.2822
80.2822
80.2822
80.2822
80.2822
80.2822
80.2822
80.2822
85.6378
85.6378
85.6378
85.6378
257.27
257.27
56.8494
56.8494
58.8324
58.8324
58.8324
58.8324
58.8324
58.8324
58.8324
58.8324
58.8324
58.8324
58.8324
60.0311
60.0311
60.0311
60.0311
60.0311
60.0311
62.5479
62.5479
62.5479
62.5479
62.5479
62.5479
62.5479
62.5479
53.9084
53.9084
53.9084
53.9084
53.9084
53.9084
53.9084
53.9084
53.9084
53.9084
53.9084
53.9084
53.9084
59.2755
59.2755
59.2755
59.2755
59.2755
59.2755
59.2755
59.2755
59.2755
59.2755
59.2755
55.4113
55.4113
55.4113
52.1675
52.1675
52.1675
52.1675
52.1675
125.583
125.583
139.069
139.069
139.069
81.7054
81.7054
81.7054
81.7054
81.7054
81.7054
81.7054
81.7054
81.7054
81.7054
81.7054
81.7054
81.7054
81.7054
81.7054
81.7054
81.7054
81.7054
54.3344
54.3344
54.3344
54.3344
54.3344
54.3344
54.3344
54.3344
54.3344
54.3344
54.3344
54.3344
54.3344
54.3344
54.3344
54.3344
75.3151
75.3151
75.3151
75.3151
75.3151
75.3151
75.3151
75.3151
75.3151
75.3151
75.3151
75.3151
75.3151
74.0066
74.0066
75.3151
75.3151
75.3151
75.3151
75.3151
75.3151
75.3151
75.3151
75.3151
75.3151
75.3151
1199.32
144.793
144.793
144.793
144.793
144.793
144.793
144.793
144.793
1199.32
1199.32
1199.32
1199.32
1199.32
1199.32
1199.32
1199.32
1199.32
1199.32
1199.32
1199.32
1199.32
1199.32
1199.32
1199.32
1199.32
123.347
123.347
56.3071
56.3071
56.3071
56.3071
56.3071
56.3071
261.239
261.239
261.239
206.303
778.334
778.334
778.334
69.9603
69.9603
69.9603
69.9603
60.8301
60.8301
60.8301
52.7347
60.8301
60.8301
60.8301
60.8301
62.2113
62.2113
62.2113
62.2113
62.2113
51.0694
51.0694
51.0694
51.0694
51.0694
51.0694
51.0694
51.0694
51.0694
51.0694
52.5572
52.5572
52.5572
52.5572
52.5572
52.5572
52.5572
59.1951
57.6869
58.578
56.3348
56.3348
56.3348
56.3348
56.3348
56.2516
56.3348
56.3348
56.3348
56.3348
56.3348
56.3348
56.3348
56.3348
58.4649
58.4649
58.4649
56.106
56.106
56.106
56.106
56.106
56.106
56.106
56.106
56.106
56.106
56.106
56.106
56.106
56.106
56.106
56.106
56.106
56.106
56.106
56.106
56.106
56.106
56.106
56.106
56.106
56.106
56.106
56.106
56.106
56.106
56.106
56.106
56.106
71.6324
71.6324
71.6324
134.206
134.206
134.206
134.206
59.6477
59.6477
59.6477
59.6477
134.206
134.206
134.206
66.4114
66.4114
66.4114
66.4114
66.4114
59.9494
59.9494
59.9494
59.9494
59.9494
55.3783
55.3783
55.3783
55.3783
55.3783
55.3783
55.3783
55.3783
55.3783
54.2333
54.2333
54.2333
54.2333
54.2333
54.2333
54.2333
54.2333
54.2333
54.2333
54.2333
54.2333
54.2333
54.2333
54.2333
54.2333
54.2333
59.9605
59.9605
59.9605
59.9605
59.9605
59.9605
60.0257
60.0257
65.2183
65.2183
65.2183
65.2183
65.2183
65.2183
65.2183
65.2183
65.2183
65.2183
65.2183
65.2183
65.2183
125.35
125.35
125.35
66.5298
66.5298
66.5298
66.5298
66.5298
66.5298
66.5298
66.5298
66.5298
66.5298
66.5298
66.5298
61.4454
66.5298
92.3591
92.3591
92.3591
92.3591
92.3591
92.3591
92.3591
92.3591
53.6209
53.6209
53.6209
53.6209
53.6209
53.6209
53.6209
53.6209
54.7096
54.7096
54.7096
54.7096
54.7096
54.7096
54.7096
54.7096
54.7096
54.7096
54.7096
54.7096
54.7096
54.7096
54.7096
54.7096
54.7096
54.7096
54.7096
54.4574
54.4574
54.4574
54.4574
54.4574
316.976
316.976
316.976
316.976
316.976
55.7771
55.7771
55.7771
55.7771
55.7771
55.7771
55.0648
55.0648
55.0648
55.0648
55.0648
50.8931
50.8931
50.8931
50.8931
50.8931
50.8931
50.8931
50.8931
50.8931
50.8931
50.8931
50.8931
63.8399
63.8399
63.8399
63.8399
63.8399
63.8399
63.8399
63.8399
63.8399
63.8399
63.8399
63.8399
63.8399
63.8399
63.8399
349.1
349.1
349.1
349.1
349.1
330.493
330.493
330.493
330.493
330.493
890.761
890.761
890.761
890.761
890.761
890.761
890.761
821.381
221.621
821.381
2080.46
2080.46
2080.46
2080.46
2080.46
2080.46
2080.46
2080.46
2080.46
2080.46
2080.46
278.693
278.693
2080.46
2080.46
2080.46
2080.46
2080.46
2080.46
2080.46
2080.46
2080.46
2080.46
2080.46
2080.46
2080.46
2080.46
2080.46
1405.56
481.292
481.292
481.292
481.292
481.292
481.292
114.491
481.292
481.292
481.292
481.292
481.292
481.292
387.075
387.075
387.075
1288.21
1288.21
1288.21
1288.21
1288.21
1288.21
1288.21
1288.21
1989.73
1989.73
1989.73
1989.73
1989.73
1989.73
9513.99
9513.99
9513.99
2690.87
2690.87
2690.87
2690.87
2690.87
2690.87
2690.87
7763.49
7763.49
7763.49
7763.49
7763.49
7763.49
7763.49
7763.49
7763.49
7763.49
7763.49
7763.49
7763.49
1611.52
1611.52
942.689
942.689
942.689
1611.52
1611.52
1611.52
1765.69
1765.69
1765.69
1765.69
1765.69
1765.69
1765.69
1765.69
1765.69
1765.69
1765.69
3898.63
3898.63
3898.63
3898.63
3898.63
3898.63
3898.63
3898.63
3898.63
3898.63
3898.63
3898.63
3898.63
3898.63
3898.63
1132.78
1132.78
1132.78
1132.78
1132.78
1132.78
1132.78
1132.78
1132.78
1132.78
1132.78
1132.78
136.139
136.139
235.416
235.416
1132.78
1132.78
76541.1
9483.67
9483.67
9483.67
377.77
377.77
377.77
377.77
377.77
377.77
377.77
377.77
377.77
5297.29
5297.29
9483.67
9483.67
9483.67
20363.7
44284.3
48911.9
48911.9
48911.9
48911.9
48911.9
48911.9
48911.9
44127.3
22940
22940
22940
22940
22940
22940
22940
22940
22940
7713.91
29639.4
2182.5
2182.5
2182.5
23544.8
23544.8
8431.52
8431.52
3469.06
3469.06
8431.52
8431.52
917.589
917.589
917.589
917.589
917.589
917.589
917.589
917.589
917.589
917.589
917.589
917.589
917.589
917.589
917.589
917.589
917.589
917.589
917.589
917.589
917.589
917.589
917.589
4539.05
4539.05
4539.05
7666.84
7666.84
7666.84
7666.84
7666.84
7666.84
7666.84
7666.84
7666.84
7666.84
1108.88
1108.88
1062.17
116.466
116.466
116.466
44.5348
44.5348
44.5348
44.5348
44.5348
44.5348
44.5348
44.5348
44.5348
44.5348
44.5348
48.8127
48.8127
48.8127
48.8127
48.8127
48.8127
48.8127
48.8127
48.8127
48.8127
48.8127
48.8127
48.8127
48.8127
48.8127
48.8127
48.8127
48.8127
48.8127
48.8127
48.8127
48.8127
48.8127
48.8127
48.8127
185.007
185.007
185.007
185.007
185.007
59.5021
59.5021
59.5021
59.5021
59.5021
59.5021
59.5021
59.5021
59.5021
59.5021
59.5021
59.5021
59.5021
59.5021
59.5021
59.5021
59.5021
59.5021
59.5021
59.5021
59.5021
59.5021
59.5021
59.5021
59.5021
52.3804
52.3804
52.3804
52.3804
52.3804
209.011
209.011
209.011
209.011
209.011
209.011
4815.23
4815.23
19989.6
19989.6
19989.6
19989.6
19989.6
19989.6
19989.6
19989.6
19989.6
19989.6
19989.6
19989.6
19989.6
1203.46
1203.46
1203.46
1203.46
1203.46
1203.46
25166.2
25166.2
25166.2
25166.2
25166.2
25166.2
25166.2
25166.2
25166.2
25166.2
25166.2
25166.2
25166.2
25166.2
25166.2
25166.2
25166.2
557683
557683
411904
411904
411904
411904
411904
411904
411904
411904
411904
411904
411904
183251
183251
183251
183251
183251
183251
183251
183251
30178.9
30178.9
30178.9
30178.9
30178.9
30178.9
30178.9
30178.9
30178.9
30178.9
134257
265664
72743.5
265664
34660.4
34660.4
265664
265664
26822.9
26822.9
26822.9
26822.9
935.094
935.094
935.094
40407.9
40407.9
40407.9
40407.9
40407.9
733257
733257
733257
160488
160488
160488
11767.7
11767.7
11767.7
11767.7
11767.7
11767.7
11767.7
11767.7
11767.7
11767.7
3004.65
3004.65
3004.65
3004.65
3004.65
3004.65
3004.65
3004.65
3004.65
3004.65
3004.65
3004.65
3004.65
3004.65
3004.65
3004.65
3004.65
3004.65
3004.65
3004.65
3004.65
3004.65
3004.65
3033.08
3033.08
3033.08
3033.08
2188.6
2188.6
2188.6
2188.6
2188.6
2188.6
2188.6
2188.6
2188.6
2188.6
2188.6
2188.6
2188.6
2188.6
2188.6
2188.6
12585.6
12585.6
304.255
304.255
161.329
161.329
161.329
58116.6
56842.6
56842.6
56842.6
56842.6
56842.6
56842.6
56842.6
56842.6
56842.6
20090.2
629847
629847
135727
135727
135727
476183
476183
476183
476183
476183
476183
476183
476183
387835
387835
387835
387835
186538
186538
113193
186538
186538
186538
187812
187812
187812
187812
187812
2.21842e+06
48396.3
48396.3
48396.3
24383.2
35280.8
35280.8
35280.8
170.241
170.241
170.241
170.241
170.241
170.241
170.241
170.241
170.241
170.241
170.241
170.241
103.042
100.376
100.376
100.376
100.376
100.376
100.376
100.376
4824.57
4824.57
4824.57
4824.57
4824.57
4824.57
4824.57
4824.57
4824.57
4824.57
4824.57
4824.57
4824.57
4824.57
4824.57
18381.5
18381.5
18381.5
18381.5
18381.5
18381.5
18381.5
18381.5
18381.5
18381.5
18381.5
18381.5
37713
105018
105018
105018
105018
105018
77412.9
77412.9
117509
117509
117509
117509
117509
117509
117509
117509
117509
117509
117509
117509
117509
117509
117509
149513
149513
149513
27946.7
27946.7
288.551
288.551
288.551
288.551
288.551
288.551
288.551
288.551
288.551
288.551
288.551
288.551
288.551
288.551
80.2029
80.2029
80.2029
80.2029
80.2029
80.2029
80.2029
80.2029
80.2029
80.2029
80.2029
80.2029
80.2029
80.2029
80.2029
80.2029
80.2029
80.2029
80.2029
2.01014e+06
2.01014e+06
772562
772562
772562
772562
772562
1.11313e+06
1.11313e+06
2.01014e+06
810952
810952
810952
810952
810952
810952
810952
810952
810952
810952
810952
810952
810952
810952
810952
810952
810952
810952
1.89536e+06
1.89536e+06
1.89536e+06
213354
213354
213354
3469.45
3469.45
3469.45
3469.45
3469.45
3469.45
3469.45
3469.45
3469.45
3469.45
3469.45
3469.45
3469.45
3469.45
3469.45
3469.45
3469.45
3469.45
3.0613e+06
3.0613e+06
3.0613e+06
3.0613e+06
3.0613e+06
3.0613e+06
3.0613e+06
3.0613e+06
3.0613e+06
3.0613e+06
3.0613e+06
1.53918e+06
1.53918e+06
1.53918e+06
1.53918e+06
1.53918e+06
1.53918e+06
1.53918e+06
1.53918e+06
1.53918e+06
1.53918e+06
2.50088e+07
2.50088e+07
3.04906e+07
3.04906e+07
3.04906e+07
3.04906e+07
3.04906e+07
3.04906e+07
3.04906e+07
2.65726e+07
2.65726e+07
2.06405e+08
2.06405e+08
2.06405e+08
1.73541e+08
1.73541e+08
1.73541e+08
1.88205e+07
1.88205e+07
1.88205e+07
1.88205e+07
1.88205e+07
1.88205e+07
1.88205e+07
1.88205e+07
1.88205e+07
1.88205e+07
4.28192e+07
4.28192e+07
4.28192e+07
4.28192e+07
4.28192e+07
4.28192e+07
1.66288e+08
1.66288e+08
1.66288e+08
1.36571e+08
1.36571e+08
1.36571e+08
1.03505e+08
3.39612e+07
3.39612e+07
7.05508e+07
7.05508e+07
8.24802e+07
8.24802e+07
2.94576e+07
2.94576e+07
3.55355e+07
7.23984e+06
1059.18
1059.18
270.158
270.158
270.158
270.158
270.158
270.158
4317.88
4317.88
4317.88
4317.88
329.564
329.564
329.564
329.564
329.564
200.076
200.076
676.097
676.097
676.097
676.097
676.097
68.4668
68.4668
68.4668
68.4668
68.4668
68.4668
68.4668
68.4668
68.4668
68.4668
68.4668
68.4668
68.4668
68.4668
68.4668
68.4668
68.4668
68.4668
68.4668
68.4668
68.4668
68.4668
68.4668
68.4668
68.4668
68.4668
68.4668
68.4668
68.4668
68.4668
68.4668
68.4668
68.4668
68.4668
68.4668
68.4668
68.4668
68.4668
68.4668
68.4668
68.4668
68.4668
68.4668
68.4668
68.4668
68.4668
68.4668
68.4668
68.4668
68.4668
68.4668
68.4668
68.4668
68.4668
68.4668
68.4668
68.4668
68.4668
2982.91
9646.42
9646.42
9646.42
9646.42
9646.42
508.12
508.12
508.12
508.12
508.12
508.12
508.12
508.12
508.12
508.12
508.12
508.12
508.12
508.12
508.12
508.12
508.12
508.12
508.12
508.12
508.12
24573.1
24573.1
24573.1
24573.1
24573.1
24573.1
24573.1
24573.1
2.32537e+06
2.32537e+06
2135.14
2135.14
2135.14
2135.14
2135.14
2135.14
2135.14
2135.14
109774
109774
109774
11987.1
11987.1
11987.1
18900.4
18900.4
109774
109774
2.32537e+06
2.32537e+06
2.32537e+06
2.32537e+06
2.32537e+06
2.32537e+06
2.32537e+06
208309
208309
208309
208309
226212
226212
226212
226212
226212
226212
226212
226212
1.30864e+06
1.30864e+06
1.30864e+06
1.30864e+06
3.90005e+06
3.90005e+06
3.90005e+06
3.90005e+06
3.90005e+06
3.90005e+06
26816.2
26816.2
26816.2
26816.2
20922
20922
20922
20922
20922
20922
26816.2
26816.2
26816.2
26816.2
26816.2
26816.2
524946
460199
69441.4
69441.4
69441.4
69441.4
5123.47
5123.47
460199
460199
460199
460199
480835
480835
496654
496654
496654
496654
496654
496654
645758
645758
970558
970558
1.1068e+06
5.45739e+06
5.45739e+06
5.45739e+06
550349
550349
550349
550349
550349
550349
550349
208145
208145
208145
208145
208145
208145
2.10132e+06
2.10132e+06
2.10132e+06
209127
209127
209127
209127
209127
209127
209127
209127
209127
209127
209127
174192
263010
1.51965e+06
1.51965e+06
1.51965e+06
1.51965e+06
1.51965e+06
1.51965e+06
1.51965e+06
1.51965e+06
1.51965e+06
1.51965e+06
1.51965e+06
1.51965e+06
1.51965e+06
1.51965e+06
1.51965e+06
1.51965e+06
1.42379e+07
1.42379e+07
1.42379e+07
1.42379e+07
1.42379e+07
1.42379e+07
7.07667e+07
7.07667e+07
3.34702e+07
3.34702e+07
3.34702e+07
3.34702e+07
2.22515e+07
198304
198304
282871
282871
282871
18583.6
18583.6
18583.6
18583.6
20250.6
20250.6
20250.6
20250.6
20250.6
20250.6
20250.6
20250.6
20250.6
20250.6
20250.6
20250.6
20250.6
20250.6
20250.6
20250.6
2.00685e+06
2.00685e+06
1.49534e+07
317269
407270
407270
407270
407270
407270
407270
407270
407270
407270
407270
407270
407270
407270
407270
7.61134e+07
1.39864e+08
1.39864e+08
1.39864e+08
1.39864e+08
1.39864e+08
1.35676e+08
3.00996e+06
3.00996e+06
3.00996e+06
3.00996e+06
3.00996e+06
236336
236336
236336
236336
236336
236336
236336
3.00996e+06
3.00996e+06
3.00996e+06
3.83493e+06
3.83493e+06
3.83493e+06
2.06826e+07
2.06826e+07
2.06826e+07
5.68652e+06
8.85936e+07
3.73643e+07
3.73643e+07
3.73643e+07
3.73643e+07
3.73643e+07
3.73643e+07
3.73643e+07
3.73643e+07
3.73643e+07
3.73643e+07
3.47973e+07
3.47973e+07
3.47973e+07
3.47973e+07
3.47973e+07
3.47973e+07
3.47973e+07
3.47973e+07
2.76876e+08
2.76876e+08
2.76876e+08
2.76876e+08
1.78209e+08
1.78209e+08
8.33201e+07
3.63151e+07
3.63151e+07
3.63151e+07
3.63151e+07
3.63151e+07
8.33201e+07
8.33201e+07
8.33201e+07
1.07731e+08
1.07731e+08
1.07731e+08
1.07731e+08
1.07731e+08
1.6412e+08
1.6412e+08
1.6412e+08
1.6412e+08
1.6412e+08
1.6412e+08
1.6412e+08
1.6412e+08
1.6412e+08
1.6412e+08
1.6412e+08
1.6412e+08
1.6412e+08
1.6412e+08
1.6412e+08
1.19945e+08
1.19945e+08
1.19945e+08
1.19945e+08
1.19945e+08
1.6412e+08
1.6412e+08
1.6412e+08
1.6412e+08
2.69949e+07
2.69949e+07
2.69949e+07
2.69949e+07
2.69949e+07
2.69949e+07
2.69949e+07
1.55545e+07
1.55545e+07
1.09775e+07
1.09775e+07
1.09775e+07
6.95218e+06
6.95218e+06
6.95218e+06
6.95218e+06
6.95218e+06
6.95218e+06
6.95218e+06
6.95218e+06
6.95218e+06
1.09775e+07
4.07e+07
4.07e+07
4.07e+07
1.30705e+08
1.30705e+08
1.30705e+08
1.30705e+08
1.30705e+08
1.30705e+08
1.30705e+08
1.30705e+08
1.30705e+08
1.72576e+08
1.72576e+08
1.13075e+07
1.13075e+07
7.67256e+07
361680
361680
361680
361680
361680
361680
361680
361680
361680
361680
361680
361680
361680
361680
361680
361680
361680
361680
361680
361680
361680
361680
361680
361680
1.44034e+08
1.44034e+08
1.44034e+08
1.44034e+08
1.44034e+08
5.15824e+07
2.0128e+07
2.0128e+07
2.0128e+07
2.0128e+07
2.0128e+07
2.0128e+07
6.60153e+06
6.60153e+06
6.60153e+06
6.60153e+06
6.60153e+06
6.60153e+06
6.60153e+06
6.60153e+06
6.60153e+06
6.60153e+06
6.60153e+06
6.60153e+06
6.60153e+06
2.59443e+07
2.59443e+07
2.59443e+07
2.59443e+07
2.59443e+07
2.59443e+07
2.59443e+07
2.59443e+07
2.59443e+07
2.59443e+07
2.59443e+07
2.59443e+07
2.59443e+07
2.59443e+07
2.59443e+07
2.59443e+07
5.81059e+07
5.81059e+07
5.81059e+07
1.00309e+08
1.00309e+08
3.81857e+06
3.81857e+06
3.81857e+06
3.81857e+06
3.81857e+06
3.81857e+06
3.81857e+06
3.81857e+06
3.81857e+06
3.81857e+06
3.81857e+06
3.81857e+06
3.81857e+06
3.81857e+06
3.81857e+06
3.81857e+06
3.81857e+06
3.81857e+06
3.81857e+06
3.81857e+06
1.73721e+08
1.88706e+08
6.23924e+06
1.88706e+08
1.88706e+08
1.88706e+08
1.02754e+08
1.02754e+08
1.84379e+08
1.84379e+08
1.84379e+08
1.2242e+08
3.06884e+07
3.06884e+07
3.06884e+07
3.06884e+07
3.06884e+07
3.06884e+07
3.06884e+07
3.06884e+07
3.06884e+07
3.06884e+07
3.06884e+07
8.9742e+07
8.9742e+07
8.33284e+07
8.33284e+07
8.33284e+07
8.33284e+07
8.33284e+07
8.33284e+07
8.33284e+07
8.33284e+07
8.33284e+07
8.33284e+07
9.12561e+06
9.12561e+06
9.12561e+06
9.12561e+06
9.12561e+06
9.12561e+06
9.12561e+06
9.12561e+06
9.12561e+06
9.12561e+06
9.12561e+06
9.12561e+06
9.12561e+06
9.12561e+06
9.12561e+06
1.1593e+07
1.1593e+07
4.41299e+07
1.00335e+07
1.00335e+07
1.00335e+07
1.00335e+07
1.00335e+07
2.11041e+07
2.11041e+07
2.11041e+07
2.11041e+07
2.11041e+07
2.11041e+07
2.11041e+07
2.11041e+07
2.11041e+07
2.11041e+07
2.11041e+07
2.11041e+07
2.11041e+07
2.11041e+07
2.11041e+07
2.11041e+07
1.32989e+06
1.32989e+06
1.32989e+06
1.32989e+06
1.32989e+06
1.32989e+06
1.32989e+06
726274
726274
726274
726274
726274
726274
726274
4.3925e+06
8.42295e+07
8.42295e+07
8.42295e+07
9.86525e+06
9.86525e+06
9.86525e+06
9.86525e+06
9.86525e+06
9.86525e+06
177023
2.69557e+06
2.69557e+06
2.69557e+06
26661.1
26661.1
26661.1
26661.1
926777
2479.91
7688.64
7688.64
68562.6
68562.6
68562.6
68562.6
2.1112e+06
2.1112e+06
928685
928685
928685
928685
928685
928685
928685
689302
324359
324359
324359
324359
324359
324359
324359
324359
324359
324359
324359
324359
308434
153428
1331.29
1331.29
13232.8
13232.8
13232.8
13232.8
24356.1
24356.1
24356.1
24356.1
24356.1
1942.42
1942.42
1942.42
1942.42
1942.42
1942.42
1942.42
1942.42
1942.42
1942.42
1942.42
8528.94
8528.94
8528.94
8528.94
8528.94
8528.94
8528.94
8528.94
8528.94


-1.30085
-2.1395
-2.33482
-0.0141911
1.78426
0.55681
-0.0712607
2.72729
-4.08933
0.916318
1.39882
-1.52547
-1.29292
1.87826
-1.4095
1.84347
-1.2978
-3.41029
0.570238
0.670034
-1.41102
-2.58934
2.41935
0.0639363
-0.776543
-0.337992
-0.340739
-0.281228
-3.17438
-1.7864

0.02

