-0.0326733
-0.0326733
-0.235185
-0.235185
-0.31171
-0.31171
-0.475367
-0.475367
-0.581756
-0.581756
-0.581756
-0.581756
-0.581756
-0.582535
-0.633386
-0.633386
-0.633386
-0.633386
-0.662709
-0.662709
-0.662709
-0.662709
-0.662709
-0.662709
-0.673529
-0.673529
-0.673529
-0.673529
-0.673529
-0.673529
-0.708548
-0.730327
-0.730327
-0.730327
-0.730327
-0.730327
-0.730327
-0.740855
-0.740855
-0.740855
-0.740855
-0.740855
-0.767563
-0.767563
-0.767563
-0.767563
-0.767563
-0.767563
-0.767563
-0.767563
-0.771117
-0.771117
-0.771117
-0.771117
-0.771117
-0.771117
-0.771117
-0.771117
-0.771117
-0.771117
-0.771117
-0.771117
-0.776705
-0.776705
-0.776934
-0.795384
-0.795384
-0.795384
-0.80916
-0.80916
-0.818549
-0.818549
-0.818549
-0.818549
-0.818549
-0.840819
-0.840819
-0.843619
-0.843619
-0.843619
-0.848087
-0.848087
-0.848087
-0.848087
-0.848087
-0.848087
-0.848087
-0.848087
-0.851865
-0.851865
-0.851865
-0.851865
-0.851865
-0.851865
-0.851865
-0.851865
-0.856863
-0.856863
-0.857646
-0.857646
-0.857646
-0.857646
-0.857646
-0.857646
-0.858158
-0.858158
-0.858158
-0.858158
-0.858158
-0.858158
-0.866368
-0.866368
-0.867221
-0.867221
-0.867221
-0.867221
-0.867221
-0.867221
-0.867221
-0.867221
-0.868635
-0.874795
-0.879838
-0.879838
-0.88535
-0.885398
-0.885398
-0.885398
-0.885398
-0.885398
-0.885398
-0.898699
-0.898699
-0.898699
-0.904637
-0.904637
-0.904637
-0.904637
-0.905964
-0.905964
-0.905964
-0.905964
-0.905964
-0.905964
-0.905964
-0.905964
-0.905964
-0.905964
-0.905964
-0.905964
-0.905964
-0.905967
-0.905967
-0.905967
-0.905967
-0.906135
-0.906348
-0.906732
-0.913976
-0.913976
-0.913976
-0.913976
-0.913976
-0.913976
-0.913976
-0.913976
-0.913976
-0.913976
-0.913976
-0.913976
-0.913976
-0.913976
-0.913976
-0.913976
-0.913976
-0.913976
-0.913976
-0.913976
-0.91457
-0.91457
-0.91457
-0.91457
-0.914664
-0.914664
-0.914664
-0.914664
-0.914664
-0.919
-0.919
-0.919
-0.919
-0.919
-0.919
-0.919228
-0.919228
-0.919228
-0.919228
-0.919228
-0.923182
-0.923182
-0.923182
-0.923182
-0.923182
-0.923182
-0.923182
-0.923752
-0.923752
-0.923752
-0.923752
-0.925529
-0.925529
-0.925529
-0.925529
-0.925529
-0.925529
-0.925529
-0.925529
-0.925529
-0.925529
-0.925529
-0.925529
-0.925529
-0.925529
-0.925529
-0.925529
-0.925529
-0.925529
-0.925529
-0.925867
-0.925867
-0.925867
-0.925867
-0.925867
-0.925867
-0.925867
-0.925962
-0.925962
-0.925962
-0.925962
-0.925962
-0.928106
-0.928106
-0.928106
-0.928106
-0.928106
-0.928106
-0.928106
-0.928106
-0.928106
-0.930702
-0.930702
-0.930702
-0.930702
-0.930702
-0.930702
-0.930702
-0.930702
-0.933155
-0.933155
-0.933155
-0.933155
-0.933155
-0.933155
-0.933155
-0.933155
-0.933155
-0.933155
-0.933155
-0.933155
-0.933155
-0.933155
-0.933155
-0.933903
-0.933903
-0.936818
-0.937422
-0.937422
-0.937422
-0.937422
-0.937422
-0.937422
-0.937422
-0.937428
-0.937428
-0.939145
-0.939145
-0.939718
-0.94142
-0.94142
-0.94142
-0.94142
-0.94142
-0.94142
-0.94142
-0.941535
-0.941535
-0.941535
-0.941535
-0.941535
-0.941535
-0.941535
-0.941535
-0.941535
-0.941551
-0.941551
-0.941551
-0.941551
-0.941551
-0.941615
-0.941615
-0.941615
-0.941615
-0.941615
-0.941615
-0.941999
-0.942611
-0.942611
-0.942611
-0.942611
-0.942611
-0.943576
-0.943576
-0.943576
-0.943576
-0.943576
-0.943576
-0.943576
-0.943576
-0.943576
-0.943576
-0.943845
-0.943845
-0.943845
-0.943845
-0.943845
-0.943845
-0.943845
-0.943845
-0.943845
-0.943845
-0.943845
-0.943845
-0.943845
-0.943845
-0.943845
-0.943845
-0.943845
-0.943845
-0.943845
-0.943845
-0.943845
-0.943845
-0.943845
-0.943845
-0.943845
-0.943845
-0.943845
-0.943845
-0.943845
-0.943955
-0.943955
-0.943955
-0.943969
-0.943969
-0.943969
-0.943969
-0.944402
-0.944478
-0.944478
-0.944478
-0.944478
-0.944478
-0.944478
-0.944478
-0.944602
-0.944602
-0.944602
-0.944724
-0.944748
-0.944748
-0.944748
-0.944748
-0.944748
-0.944748
-0.944748
-0.944748
-0.944748
-0.944748
-0.944748
-0.944748
-0.944748
-0.944783
-0.944783
-0.944783
-0.944783
-0.944793
-0.945144
-0.945342
-0.945342
-0.945342
-0.945342
-0.945342
-0.945342
-0.945342
-0.945458
-0.945458
-0.945458
-0.945458
-0.945458
-0.945458
-0.945458
-0.945458
-0.945458
-0.945458
-0.945458
-0.945458
-0.945458
-0.945491
-0.945506
-0.945506
-0.945506
-0.945506
-0.945506
-0.945749
-0.945749
-0.94857
-0.94857
-0.94857
-0.94857
-0.94857
-0.94857
-0.948596
-0.948596
-0.948596
-0.948596
-0.948596
-0.948596
-0.948596
-0.948596
-0.948596
-0.948596
-0.948596
-0.948596
-0.948596
-0.948596
-0.948596
-0.948596
-0.949061
-0.949339
-0.949339
-0.949339
-0.949339
-0.949339
-0.949339
-0.949339
-0.949339
-0.950845
-0.950845
-0.950845
-0.950845
-0.950845
-0.950962
-0.950962
-0.950962
-0.950962
-0.950962
-0.950962
-0.950962
-0.951953
-0.951953
-0.951962
-0.951965
-0.951965
-0.951965
-0.951965
-0.951965
-0.952098
-0.952098
-0.952098
-0.952098
-0.952098
-0.952098
-0.952098
-0.952098
-0.952098
-0.952885
-0.952885
-0.952885
-0.952885
-0.952885
-0.952885
-0.953051
-0.953051
-0.953051
-0.954186
-0.95704
-0.95704
-0.95704
-0.960172
-0.960172
-0.960172
-0.960172
-0.960172
-0.960172
-0.960172
-0.960196
-0.960196
-0.960196
-0.966144
-0.966144
-0.966144
-0.966177
-0.966177
-0.966177
-0.966177
-0.966191
-0.966191
-0.966191
-0.966191
-0.966191
-0.966191
-0.967709
-0.967709
-0.967709
-0.967709
-0.967709
-0.967709
-0.967709
-0.967741
-0.967741
-0.967741
-0.967741
-0.967748
-0.967748
-0.967748
-0.967748
-0.967961
-0.967961
-0.967991
-0.967991
-0.967991
-0.967991
-0.968001
-0.968001
-0.968001
-0.968001
-0.968014
-0.968014
-0.968014
-0.968014
-0.968014
-0.968014
-0.968014
-0.968014
-0.968014
-0.968014
-0.968014
-0.968014
-0.968014
-0.968014
-0.968014
-0.968014
-0.968099
-0.968099
-0.968099
-0.968708
-0.968708
-0.968708
-0.968708
-0.968708
-0.968708
-0.968708
-0.968708
-0.968967
-0.968967
-0.968967
-0.968967
-0.968967
-0.968967
-0.968967
-0.968967
-0.968967
-0.968967
-0.968967
-0.968967
-0.968967
-0.969436
-0.969436
-0.969436
-0.969436
-0.969471
-0.969471
-0.969471
-0.969471
-0.969471
-0.96994
-0.96994
-0.969944
-0.969944
-0.969944
-0.969944
-0.969944
-0.969944
-0.969944
-0.969944
-0.969944
-0.969944
-0.969985
-0.971429
-0.971429
-0.971429
-0.971429
-0.971429
-0.971429
-0.971429
-0.971429
-0.971429
-0.971429
-0.971556
-0.971556
-0.971556
-0.971705
-0.971705
-0.971705
-0.971705
-0.971705
-0.971705
-0.971705
-0.971705
-0.971705
-0.971734
-0.971734
-0.971734
-0.971735
-0.971735
-0.971735
-0.971735
-0.971735
-0.971735
-0.971735
-0.971735
-0.971735
-0.971752
-0.971752
-0.971752
-0.971752
-0.971825
-0.971825
-0.971825
-0.971825
-0.971825
-0.971825
-0.971825
-0.971825
-0.971825
-0.971825
-0.971825
-0.971825
-0.971825
-0.971825
-0.971858
-0.971858
-0.971858
-0.971912
-0.971912
-0.971912
-0.971912
-0.971921
-0.971972
-0.972293
-0.972293
-0.972293
-0.972293
-0.972293
-0.972293
-0.972421
-0.972421
-0.972421
-0.972421
-0.972421
-0.972421
-0.972502
-0.972502
-0.972502
-0.972502
-0.972502
-0.972502
-0.972502
-0.972502
-0.972502
-0.972502
-0.972502
-0.972502
-0.972502
-0.972502
-0.972502
-0.972502
-0.972502
-0.972502
-0.972502
-0.972502
-0.972504
-0.972504
-0.972508
-0.972508
-0.972508
-0.972508
-0.972508
-0.972508
-0.972508
-0.972514
-0.972514
-0.972514
-0.972514
-0.972524
-0.972524
-0.972539
-0.972597
-0.972597
-0.972597
-0.972597
-0.972597
-0.972598
-0.972598
-0.972598
-0.972598
-0.972845
-0.972845
-0.972845
-0.972845
-0.972857
-0.972857
-0.972857
-0.972858
-0.972858
-0.97286
-0.97286
-0.97286
-0.97286
-0.97286
-0.97286
-0.97286
-0.972868
-0.972868
-0.972868
-0.972868
-0.972868
-0.972868
-0.972868
-0.972868
-0.972868
-0.972868
-0.972868
-0.972869
-0.972869
-0.972869
-0.972869
-0.972869
-0.972869
-0.972869
-0.97287
-0.97287
-0.97287
-0.97287
-0.97287
-0.97287
-0.973175
-0.973175
-0.973175
-0.973175
-0.974507
-0.974574
-0.974574
-0.974574
-0.975105
-0.975105
-0.975105
-0.975105
-0.975105
-0.975488
-0.976887
-0.978159
-0.978159
-0.978159
-0.978159
-0.978159
-0.978187
-0.978187
-0.978187
-0.978187
-0.978187
-0.978187
-0.978233
-0.978233
-0.978233
-0.978233
-0.978233
-0.978233
-0.978233
-0.978233
-0.978233
-0.978318
-0.978318
-0.978743
-0.978743
-0.978743
-0.978743
-0.979327
-0.979327
-0.979327
-0.979327
-0.979327
-0.979623
-0.979623
-0.979623
-0.979623
-0.979623
-0.979623
-0.979623
-0.979623
-0.979623
-0.979623
-0.979623
-0.979623
-0.979623
-0.979623
-0.979623
-0.979623
-0.979623
-0.979623
-0.979623
-0.979648
-0.979648
-0.979654
-0.979923
-0.979929
-0.979929
-0.979929
-0.979933
-0.979933
-0.979933
-0.979933
-0.979933
-0.979933
-0.979933
-0.980101
-0.980101
-0.980101
-0.980101
-0.980101
-0.980101
-0.980101
-0.980101
-0.980101
-0.980812
-0.980812
-0.980812
-0.980812
-0.980957
-0.980957
-0.980957
-0.980957
-0.980957
-0.980957
-0.980957
-0.980957
-0.980957
-0.980957
-0.980957
-0.980957
-0.980957
-0.980957
-0.980957
-0.980957
-0.980957
-0.980957
-0.980957
-0.980957
-0.980957
-0.980958
-0.980958
-0.980958
-0.980958
-0.980958
-0.980958
-0.980959
-0.980959
-0.980959
-0.980961
-0.980981
-0.980988
-0.98103
-0.98103
-0.98103
-0.98103
-0.981104
-0.981104
-0.981104
-0.981104
-0.981104
-0.981104
-0.981144
-0.981144
-0.981144
-0.981149
-0.981186
-0.981186
-0.981186
-0.981186
-0.981186
-0.981186
-0.981186
-0.981186
-0.981186
-0.981186
-0.981186
-0.981196
-0.981447
-0.981447
-0.981447
-0.981447
-0.981447
-0.981457
-0.981477
-0.981527
-0.981527
-0.981527
-0.981527
-0.981527
-0.981527
-0.981527
-0.981527
-0.981527
-0.981527
-0.981527
-0.981527
-0.981527
-0.981527
-0.981527
-0.981529
-0.981529
-0.981529
-0.981529
-0.981529
-0.981529
-0.98153
-0.98153
-0.981537
-0.981537
-0.981537
-0.981537
-0.981537
-0.981537
-0.981537
-0.981537
-0.981537
-0.981537
-0.981537
-0.981537
-0.981537
-0.981537
-0.981537
-0.981537
-0.981537
-0.981537
-0.981537
-0.981537
-0.981595
-0.981595
-0.981595
-0.981595
-0.981595
-0.981687
-0.981687
-0.981733
-0.981759
-0.981759
-0.981759
-0.981759
-0.981759
-0.981759
-0.981759
-0.981759
-0.981759
-0.981964
-0.981964
-0.981964
-0.981964
-0.981964
-0.981964
-0.981964
-0.981964
-0.981964
-0.981964
-0.982023
-0.982023
-0.982023
-0.982023
-0.982023
-0.982023
-0.982023
-0.982023
-0.982023
-0.982073
-0.982073
-0.982073
-0.982073
-0.982073
-0.982073
-0.982073
-0.982097
-0.982272
-0.982272
-0.982272
-0.982272
-0.982272
-0.982272
-0.982299
-0.982299
-0.982299
-0.982299
-0.982299
-0.982299
-0.982299
-0.982299
-0.982299
-0.982299
-0.982299
-0.982299
-0.982303
-0.982303
-0.982303
-0.982316
-0.982316
-0.982317
-0.982317
-0.982317
-0.982317
-0.982317
-0.982343
-0.982344
-0.982344
-0.982344
-0.982344
-0.982344
-0.982344
-0.982344
-0.982344
-0.982344
-0.982351
-0.982351
-0.982351
-0.982351
-0.982395
-0.982564
-0.982746
-0.982746
-0.982746
-0.982746
-0.982746
-0.982746
-0.982746
-0.982746
-0.982746
-0.982746
-0.982746
-0.982746
-0.982746
-0.982746
-0.982746
-0.982749
-0.982749
-0.982749
-0.982749
-0.982751
-0.982752
-0.982752
-0.982752
-0.982779
-0.982779
-0.982779
-0.982779
-0.982784
-0.98281
-0.982923
-0.982975
-0.982975
-0.982975
-0.982975
-0.982975
-0.982975
-0.982975
-0.982975
-0.982975
-0.982975
-0.982975
-0.982975
-0.982975
-0.982975
-0.982975
-0.982975
-0.983114
-0.983114
-0.983114
-0.983114
-0.983114
-0.983114
-0.983124
-0.983124
-0.98325
-0.98325
-0.98325
-0.983264
-0.983283
-0.983283
-0.983283
-0.983299
-0.983325
-0.983338
-0.983338
-0.983338
-0.983338
-0.983338
-0.983338
-0.983356
-0.983356
-0.983356
-0.983356
-0.98347
-0.98347
-0.98347
-0.98347
-0.98347
-0.98347
-0.98347
-0.98347
-0.98347
-0.98347
-0.983476
-0.983503
-0.983503
-0.983503
-0.983503
-0.983508
-0.983508
-0.983525
-0.983525
-0.98353
-0.983628
-0.983628
-0.983628
-0.983628
-0.983643
-0.983643
-0.983643
-0.983643
-0.983643
-0.983643
-0.983643
-0.983643
-0.983645
-0.983645
-0.983645
-0.983645
-0.983645
-0.983645
-0.983645
-0.983645
-0.983645
-0.983645
-0.983645
-0.98365
-0.98365
-0.98365
-0.98365
-0.98365
-0.98365
-0.98365
-0.98365
-0.98365
-0.98365
-0.98365
-0.98365
-0.98365
-0.98365
-0.98365
-0.98365
-0.983659
-0.983659
-0.983659
-0.983659
-0.983659
-0.983659
-0.983659
-0.983659
-0.983659
-0.983662
-0.983662
-0.983662
-0.983662
-0.983662
-0.983664
-0.983664
-0.983664
-0.983667
-0.983667
-0.983671
-0.983737
-0.983737
-0.983737
-0.983737
-0.983737
-0.983739
-0.983739
-0.983739
-0.983739
-0.983739
-0.98374
-0.98374
-0.983752
-0.983752
-0.983752
-0.983752
-0.983752
-0.983752
-0.983752
-0.983752
-0.983909
-0.983909
-0.983909
-0.983909
-0.98392
-0.98392
-0.983955
-0.983955
-0.983955
-0.983955
-0.983955
-0.983955
-0.983955
-0.983955
-0.983955
-0.983955
-0.983955
-0.984
-0.984
-0.984
-0.984
-0.984
-0.984
-0.984
-0.984
-0.984
-0.984012
-0.984012
-0.984012
-0.984012
-0.984012
-0.984012
-0.984012
-0.984012
-0.984012
-0.984012
-0.984012
-0.984012
-0.984014
-0.984014
-0.984014
-0.984014
-0.984014
-0.984014
-0.984014
-0.984194
-0.984194
-0.984194
-0.984258
-0.984258
-0.984258
-0.984258
-0.984258
-0.984258
-0.984258
-0.984258
-0.984258
-0.984284
-0.984284
-0.984284
-0.984384
-0.984422
-0.984422
-0.984422
-0.984422
-0.984422
-0.984422
-0.984438
-0.984438
-0.984438
-0.984438
-0.984438
-0.984481
-0.984481
-0.984481
-0.984483
-0.984483
-0.984483
-0.984483
-0.984483
-0.984485
-0.984485
-0.984485
-0.984485
-0.984485
-0.984485
-0.984492
-0.984492
-0.984668
-0.984668
-0.984668
-0.984668
-0.984668
-0.984688
-0.984688
-0.984688
-0.984688
-0.984688
-0.984779
-0.984779
-0.984779
-0.984779
-0.984779
-0.984779
-0.984779
-0.984844
-0.984846
-0.984846
-0.984846
-0.984848
-0.984848
-0.984854
-0.984854
-0.984854
-0.984854
-0.984854
-0.984854
-0.98499
-0.98499
-0.98499
-0.98499
-0.98499
-0.98499
-0.98499
-0.98499
-0.98499
-0.984997
-0.984997
-0.984998
-0.98505
-0.985057
-0.985057
-0.985078
-0.985083
-0.985086
-0.985086
-0.985086
-0.985086
-0.985086
-0.985122
-0.985122
-0.985122
-0.985122
-0.985124
-0.985124
-0.985124
-0.985124
-0.985124
-0.985201
-0.985201
-0.985201
-0.985201
-0.985201
-0.985201
-0.985201
-0.985201
-0.985201
-0.985201
-0.985201
-0.985201
-0.985201
-0.985207
-0.985207
-0.985207
-0.985207
-0.985227
-0.985338
-0.985338
-0.985338
-0.985338
-0.985338
-0.985338
-0.985338
-0.985547
-0.985547
-0.985547
-0.985547
-0.985547
-0.985547
-0.985547
-0.985547
-0.985565
-0.985565
-0.985565
-0.985565
-0.985599
-0.985599
-0.985599
-0.985601
-0.985601
-0.985601
-0.985601
-0.985607
-0.985607
-0.985607
-0.985636
-0.985636
-0.985644
-0.985644
-0.985727
-0.985727
-0.985942
-0.985942
-0.98595
-0.98595
-0.985982
-0.985982
-0.985982
-0.986
-0.986
-0.986
-0.986
-0.986
-0.986
-0.986005
-0.986005
-0.986005
-0.986005
-0.986005
-0.986012
-0.986012
-0.986012
-0.986012
-0.986025
-0.986025
-0.986025
-0.986033
-0.986033
-0.986033
-0.986033
-0.98606
-0.98606
-0.98606
-0.98606
-0.98606
-0.98606
-0.98606
-0.98606
-0.98606
-0.98606
-0.98606
-0.98606
-0.986064
-0.986064
-0.986064
-0.986074
-0.986074
-0.986074
-0.986074
-0.986074
-0.986074
-0.986074
-0.986089
-0.986089
-0.986267
-0.986267
-0.9863
-0.986304
-0.986304
-0.986304
-0.986304
-0.986304
-0.986304
-0.986304
-0.986304
-0.986304
-0.986304
-0.986304
-0.986308
-0.986315
-0.986315
-0.986315
-0.986392
-0.986422
-0.986422
-0.986422
-0.986422
-0.986422
-0.986422
-0.986422
-0.986422
-0.986422
-0.986422
-0.986422
-0.986537
-0.986537
-0.986558
-0.986565
-0.986565
-0.986565
-0.986565
-0.986565
-0.986565
-0.986565
-0.986565
-0.986575
-0.986575
-0.986584
-0.986584
-0.986584
-0.986584
-0.986584
-0.986585
-0.986585
-0.986585
-0.986585
-0.986585
-0.986585
-0.986585
-0.986585
-0.986585
-0.986585
-0.986585
-0.986585
-0.986585
-0.986585
-0.986585
-0.986585
-0.986585
-0.986585
-0.986602
-0.986602
-0.986604
-0.986606
-0.986606
-0.986606
-0.986674
-0.986674
-0.986674
-0.986674
-0.986674
-0.98668
-0.98668
-0.986762
-0.986762
-0.986866
-0.986866
-0.986866
-0.986866
-0.986866
-0.986866
-0.986881
-0.986881
-0.986942
-0.986942
-0.986942
-0.986942
-0.986942
-0.986948
-0.98695
-0.987055
-0.987055
-0.987055
-0.987055
-0.987055
-0.987055
-0.987057
-0.987057
-0.987057
-0.987057
-0.987057
-0.987057
-0.987057
-0.987057
-0.987057
-0.987057
-0.987057
-0.987057
-0.987057
-0.987057
-0.987057
-0.987077
-0.987077
-0.987077
-0.987077
-0.987077
-0.987102
-0.987102
-0.987145
-0.987193
-0.987193
-0.987193
-0.987193
-0.987193
-0.987199
-0.987199
-0.987199
-0.987199
-0.987199
-0.987199
-0.987199
-0.987199
-0.987199
-0.987199
-0.987199
-0.987199
-0.987199
-0.987199
-0.987199
-0.987199
-0.987233
-0.987233
-0.987233
-0.987233
-0.987233
-0.987233
-0.987252
-0.987252
-0.987252
-0.987252
-0.987252
-0.987252
-0.987252
-0.987252
-0.987252
-0.987252
-0.987252
-0.987252
-0.987252
-0.987252
-0.987261
-0.987261
-0.987261
-0.987286
-0.987286
-0.987295
-0.987295
-0.987295
-0.987295
-0.987295
-0.987295
-0.987295
-0.987295
-0.987295
-0.987319
-0.987319
-0.987319
-0.987319
-0.987319
-0.987319
-0.987319
-0.987319
-0.987319
-0.987319
-0.987319
-0.987319
-0.987319
-0.987319
-0.987319
-0.987319
-0.987319
-0.987319
-0.987326
-0.987326
-0.987326
-0.987326
-0.987327
-0.987327
-0.987327
-0.987327
-0.987328
-0.987328
-0.987328
-0.987328
-0.987328
-0.987328
-0.987328
-0.987328
-0.987328
-0.987328
-0.987328
-0.987328
-0.987328
-0.987328
-0.987332
-0.987332
-0.987332
-0.987332
-0.987332
-0.987332
-0.987334
-0.987385
-0.987388
-0.987388
-0.987388
-0.987388
-0.987471
-0.987471
-0.987471
-0.98748
-0.98748
-0.987491
-0.987491
-0.987491
-0.987491
-0.987491
-0.987491
-0.987491
-0.987491
-0.987491
-0.987491
-0.987491
-0.987491
-0.987491
-0.987491
-0.987491
-0.987491
-0.987491
-0.987491
-0.987491
-0.987491
-0.987494
-0.987494
-0.987494
-0.987494
-0.987494
-0.987494
-0.987494
-0.987494
-0.987494
-0.987494
-0.987494
-0.987494
-0.987494
-0.987498
-0.987498
-0.987498
-0.987498
-0.987498
-0.987593
-0.987711
-0.987711
-0.987711
-0.987711
-0.987711
-0.987711
-0.987711
-0.987758
-0.987758
-0.987758
-0.987758
-0.987758
-0.987758
-0.987758
-0.987758
-0.987758
-0.987758
-0.987758
-0.987758
-0.987758
-0.987758
-0.987758
-0.987758
-0.987758
-0.987768
-0.987768
-0.987774
-0.987774
-0.987774
-0.987774
-0.987799
-0.987799
-0.987799
-0.987799
-0.987799
-0.98782
-0.987823
-0.987823
-0.987823
-0.987823
-0.987823
-0.987823
-0.987823
-0.987823
-0.987823
-0.987823
-0.987823
-0.987823
-0.987823
-0.987823
-0.987823
-0.987829
-0.987829
-0.987841
-0.987841
-0.987841
-0.987841
-0.987841
-0.987841
-0.987841
-0.987854
-0.987854
-0.987854
-0.987857
-0.987857
-0.987857
-0.987857
-0.987857
-0.987857
-0.987857
-0.987906
-0.987906
-0.987906
-0.987906
-0.987906
-0.987906
-0.987906
-0.987906
-0.987906
-0.987906
-0.987906
-0.987906
-0.987906
-0.987906
-0.987906
-0.987906
-0.987906
-0.987935
-0.987935
-0.987935
-0.98794
-0.98794
-0.98794
-0.98794
-0.98794
-0.98794
-0.987941
-0.987941
-0.987941
-0.987941
-0.987941
-0.987941
-0.987941
-0.987941
-0.987943
-0.987943
-0.987943
-0.987944
-0.987944
-0.987954
-0.987954
-0.987957
-0.987957
-0.987957
-0.987957
-0.987957
-0.987957
-0.987957
-0.987957
-0.987961
-0.987961
-0.987961
-0.987961
-0.987961
-0.987961
-0.987961
-0.98799
-0.98799
-0.98799
-0.98799
-0.98799
-0.98799
-0.987993
-0.987993
-0.987993
-0.988002
-0.988002
-0.988002
-0.988003
-0.988003
-0.988003
-0.988003
-0.988003
-0.988024
-0.988024
-0.988035
-0.988035
-0.988035
-0.988035
-0.988035
-0.988035
-0.988035
-0.988037
-0.988037
-0.988037
-0.988037
-0.988037
-0.988038
-0.988041
-0.988041
-0.988041
-0.988041
-0.988041
-0.988157
-0.988157
-0.988157
-0.988157
-0.988157
-0.988157
-0.988157
-0.988157
-0.988157
-0.988157
-0.988157
-0.988157
-0.988157
-0.988157
-0.988157
-0.988157
-0.988157
-0.988157
-0.988157
-0.988157
-0.988157
-0.988157
-0.988157
-0.988157
-0.988157
-0.988157
-0.988157
-0.988157
-0.988157
-0.988186
-0.988186
-0.988186
-0.988207
-0.988207
-0.988207
-0.988207
-0.988207
-0.988207
-0.988207
-0.988207
-0.988207
-0.988207
-0.988207
-0.988207
-0.988207
-0.988214
-0.988214
-0.988214
-0.988214
-0.988214
-0.988215
-0.988215
-0.988215
-0.988215
-0.988227
-0.988227
-0.988227
-0.988243
-0.988243
-0.988243
-0.988261
-0.988261
-0.988261
-0.988261
-0.988261
-0.988261
-0.988261
-0.988261
-0.988261
-0.988261
-0.988261
-0.988261
-0.988261
-0.988261
-0.988264
-0.988288
-0.988288
-0.988288
-0.988288
-0.988288


0.0183304
0.0118117
0.0177076
0.0274751
0.031035
0.0323217
0.0325817
0.0439879
0.044316
0.0494986
0.0426222
0.0450767
0.0364207
0.0360761
0.0315157
0.0317772
0.0178736
0.0135776
0.00844769
-0.00777515
-0.0113385
-0.0301993
-0.0311858
-0.0272094
-0.0223937
-0.0105063
-0.00420456
-0.00438377
-0.000474998
0.0090318

0.023

