455.794
455.794
455.794
455.794
450.78
444.739
444.739
444.739
444.739
444.739
422.632
422.632
422.632
374.662
374.662
374.662
374.662
374.662
374.662
374.662
374.662
374.662
374.662
365.552
365.552
365.552
365.552
365.552
365.552
365.552
365.552
365.552
365.552
365.552
365.552
365.552
365.552
365.552
365.552
365.552
355.072
355.072
355.072
355.072
314.878
314.878
314.878
314.878
314.878
314.878
314.878
314.878
302.249
302.249
302.249
302.249
302.249
302.249
301.918
301.918
301.918
301.918
301.918
301.918
301.404
301.404
301.045
301.045
301.045
301.045
301.045
301.045
288.984
285.747
285.747
285.747
285.747
285.747
285.747
285.747
285.747
281.682
281.682
281.682
281.682
281.682
281.682
281.682
281.682
281.682
281.682
281.682
281.682
281.682
281.682
281.682
281.682
281.682
281.682
281.682
281.682
281.682
274.172
270.712
269.269
261.021
261.021
261.021
261.021
261.021
261.021
259.151
259.151
259.151
252.993
252.993
252.993
252.993
252.993
252.993
252.993
251.606
251.606
251.606
251.606
251.606
251.606
251.606
251.606
243.993
243.993
243.993
243.993
243.993
243.993
243.42
243.42
240.465
240.465
240.465
237.855
237.855
237.855
237.855
237.855
237.855
237.855
237.855
237.855
237.855
237.855
237.855
237.855
224.161
224.161
224.161
224.161
224.161
224.161
224.161
224.161
222.458
222.458
222.458
222.458
222.458
222.458
222.458
222.458
222.458
219.279
219.279
219.279
219.279
219.279
219.279
219.279
219.279
216.447
216.447
216.447
209.467
209.467
209.467
209.467
209.467
209.467
209.467
209.467
209.467
209.467
209.467
209.467
209.467
209.467
209.467
207.298
207.298
207.298
207.298
207.298
207.298
207.298
207.298
207.298
207.298
207.298
207.298
207.298
207.298
207.298
207.298
207.298
198.616
198.616
198.616
198.616
193.929
193.929
193.929
193.929
192.619
192.619
192.619
192.619
192.619
192.619
192.619
192.619
192.619
192.619
192.619
192.619
192.619
192.619
192.619
192.619
192.619
192.619
192.619
192.619
192.619
192.619
192.619
192.619
192.619
192.619
192.619
192.619
192.619
192.619
192.619
192.227
192.227
192.227
189.502
189.502
189.502
189.502
189.502
189.502
189.502
189.502
189.502
189.502
189.502
189.502
189.502
184.18
184.18
184.18
184.18
184.18
184.18
184.18
184.18
180.686
180.686
180.686
180.686
180.686
180.686
180.686
180.686
180.686
180.686
180.686
180.686
172.05
172.05
172.05
172.05
172.05
172.05
172.05
172.05
172.05
172.05
172.05
172.05
172.05
169.622
169.622
169.622
169.622
169.622
169.622
169.622
169.622
169.622
169.622
169.622
169.622
169.622
169.622
169.622
169.622
169.622
169.622
169.622
169.622
169.622
169.622
169.622
169.622
169.622
169.622
169.622
169.622
169.622
169.622
168.316
168.316
168.316
168.316
168.316
168.316
160.379
160.379
160.379
160.379
160.379
160.379
160.379
160.379
160.379
160.379
160.379
160.379
156.059
156.059
147.705
147.705
147.705
147.705
147.705
147.705
147.705
147.705
147.705
147.705
147.705
134.4
134.4
134.4
134.4
134.4
134.4
134.4
134.4
134.4
131.884
131.884
131.884
123.979
123.979
123.979
123.979
123.979
123.979
123.979
123.979
123.979
123.979
123.979
123.979
123.979
123.979
123.979
123.979
123.979
123.979
123.979
123.979
123.979
123.979
123.979
123.979
123.979
123.979
123.979
123.979
123.979
123.979
123.979
123.979
123.979
122.371
122.371
112.963
110.532
110.532
110.532
110.532
106.929
106.929
106.929
106.929
106.929
106.929
106.929
106.929
106.929
106.929
106.929
106.929
106.929
106.929
102.99
102.99
102.99
102.99
102.99
102.99
102.99
102.99
100.656
97.4796
97.4796
97.4796
97.4796
97.4796
97.4796
97.4796
97.4796
97.4796
96.2495
96.2495
96.2495
96.2495
96.2495
96.2495
96.2495
96.2495
96.2495
96.2495
96.2495
96.2495
96.2495
96.2495
96.2495
96.2495
96.2495
96.2495
96.2495
96.2495
96.2495
96.2495
96.2495
96.2495
96.2495
96.2495
96.2495
96.2495
96.2495
96.2495
96.2495
96.2495
96.2495
96.2495
96.2495
96.2495
96.2495
96.2495
96.2495
96.2495
96.2495
96.2495
96.2495
96.2495
93.048
93.048
93.048
93.048
93.048
93.048
93.048
93.048
93.048
93.048
93.048
93.048
93.048
93.048
93.048
87.8312
87.8312
87.8312
87.8312
87.8312
84.3423
84.3423
84.3423
84.3423
84.3423
84.3423
84.3423
84.3423
84.3423
84.3423
84.3423
84.3423
84.3423
84.3423
84.3423
84.3423
84.3423
84.3423
84.3423
84.3423
84.3423
84.3423
84.3423
84.3423
84.3423
84.3423
84.3423
84.3423
84.3423
84.3423
84.3423
84.3423
84.3423
84.3423
84.3423
84.3423
84.3423
83.2565
83.2565
78.5056
78.5056
78.5056
77.9051
77.9051
77.9051
77.9051
77.9051
77.9051
77.9051
77.9051
77.9051
77.9051
77.9051
77.9051
77.9051
77.9051
77.9051
77.9051
77.9051
77.9051
77.9051
77.9051
77.9051
77.9051
77.9051
77.9051
77.9051
77.9051
77.9051
77.9051
77.9051
77.9051
77.9051
77.9051
77.9051
77.9051
77.9051
77.9051
77.9051
77.9051
76.8541
76.8541
76.8541
76.8541
74.7151
74.7151
74.7151
74.7151
74.7151
74.7151
74.7151
74.7151
74.7151
74.7151
74.7151
74.7151
74.7151
74.7151
74.7151
74.7151
74.5293
74.5293
74.5293
74.5293
74.5293
74.5293
74.5293
73.1909
73.1909
73.1909
71.625
71.625
71.625
71.625
71.625
71.625
71.625
71.625
71.625
71.625
71.625
71.625
71.6234
71.6234
71.052
71.052
71.052
71.052
70.0575
69.4845
69.4845
69.4845
69.4845
69.4845
69.4845
69.4845
69.4845
69.4845
69.4845
69.4845
69.4845
69.4845
69.4845
69.4845
69.4845
69.4845
69.4845
69.4845
66.9939
66.9939
66.9939
66.9939
66.9939
66.9939
66.9939
66.9939
66.9939
66.9939
66.9939
66.9939
66.9939
66.9939
66.9939
65.1275
65.1275
65.1275
65.1275
65.1275
65.1275
65.1275
64.0744
64.0744
64.0744
63.7227
63.7227
63.7227
62.9222
62.9222
61.5838
61.5838
61.5838
61.5838
61.5838
61.5838
61.5838
61.5838
61.5838
61.5838
61.5838
61.5838
61.3547
61.3547
61.3547
61.3547
60.7911
60.7911
59.2659
59.2659
59.2659
59.2659
57.8612
57.8612
55.5843
55.5843
55.5843
55.5843
55.5843
55.5843
55.5843
55.5843
55.5843
55.5843
55.5843
55.5843
55.5843
55.5843
55.5843
55.5843
55.5843
55.5843
55.5843
55.5843
55.5843
55.5843
54.1795
54.1795
50.269
50.269
50.269
50.269
50.269
50.269
50.269
50.269
50.269
50.269
50.269
50.269
50.269
50.269
50.269
50.269
47.9234
47.9234
47.9234
47.9234
47.9234
47.9234
47.9234
47.9234
47.9234
47.9234
47.9234
47.9234
46.3172
46.3172
46.3172
46.3172
46.3172
45.8093
45.8093
45.8093
45.8093
45.8093
45.8093
45.8093
45.464
45.464
45.464
45.464
45.464
45.464
43.8965
43.8965
43.8965
43.8965
43.8965
43.8965
43.4753
43.4753
43.4753
43.4753
43.4753
43.4753
43.4753
43.4753
43.4753
43.4753
43.4753
43.4753
43.4753
43.4753
43.4753
43.4753
43.4753
43.4753
43.4753
43.4753
43.4753
43.4753
43.4753
43.4753
43.4753
43.4753
43.4753
43.4753
43.4753
43.4753
43.4753
43.4753
43.4753
43.4753
43.4753
43.4753
43.4753
43.4753
43.4753
43.4753
43.4753
43.4753
43.4753
43.4753
43.4753
43.4753
43.4753
43.4753
43.4753
39.1551
39.1551
39.1551
39.1551
39.1551
39.1551
37.0409
37.0409
37.0409
37.0409
37.0409
37.0409
37.0409
35.8888
35.8888
35.8888
35.8888
35.8888
35.8888
35.8888
35.8888
35.8888
35.8888
35.8888
35.8888
35.8888
35.8888
35.8888
35.8888
35.8888
35.8888
35.8888
35.8888
35.8888
35.8888
35.8888
35.087
35.087
35.087
35.087
35.087
35.087
35.087
35.087
35.087
35.087
35.087
35.087
32.7085
32.7027
32.7027
32.7027
32.7027
32.7027
32.7027
32.7027
32.7027
32.7027
32.7027
32.7027
32.7027
32.7027
32.7027
32.7027
32.7027
32.7027
32.7027
32.7027
32.7027
32.7027
32.7027
32.7027
32.7027
32.7027
32.7027
32.7027
32.7027
32.7027
32.7027
32.7027
32.7027
32.7027
32.7027
32.7027
32.7027
32.7027
32.7027
32.7027
32.7027
32.7027
32.7027
32.7027
32.7027
32.7027
32.7027
32.7027
32.7027
32.7027
32.7027
32.7027
32.7027
31.6564
31.6564
31.6564
31.6564
31.6564
31.6564
31.6564
31.6564
31.6564
31.6564
31.6564
31.6564
31.6564
30.5886
30.5886
30.5886
30.5886
30.5886
30.5886
30.5886
30.5886
30.5886
30.5886
30.5886
30.3109
30.3109
30.3109
30.3109
30.3109
30.3109
30.3109
30.3109
30.3109
29.5423
29.5423
29.5423
29.5423
29.5423
29.5423
29.5423
29.5423
29.5423
29.5423
29.5423
29.5423
29.5423
29.5423
29.5423
29.5423
29.5423
29.2646
29.2646
29.2646
29.2646
29.2646
29.2646
29.2646
29.2646
29.2646
29.2646
29.2646
29.2646
29.2646
29.2646
29.2646
29.2646
29.2646
29.2646
29.2646
29.2646
29.2646
29.2646
29.2646
29.2646
29.2646
29.2646
29.2646
29.2646
29.2646
29.2646
29.2646
29.2646
28.7406
28.7406
28.7406
28.7406
28.7406
28.7406
28.7406
28.7406
28.7406
28.7406
28.7406
28.4629
28.4629
28.4629
28.4629
28.4629
27.9389
27.9389
27.9389
27.9389
27.9389
27.9389
27.9389
27.9389
27.9389
27.9389
27.9389
27.9389
27.9389
27.9389
27.9389
27.9389
27.9389
27.9389
27.9389
27.9389
27.9389
27.9389
27.9389
27.9389
27.9389
27.9389
27.9389
27.9389
27.9389
27.9389
27.9389
27.9389
27.9389
27.9389
27.9389
27.9389
27.9389
27.9389
27.9389
27.9389
27.9389
27.9389
27.9389
27.9389
27.9389
27.9389
27.9389
27.9389
27.9389
27.9389
27.9389
27.9389
27.9389
27.9389
27.9389
27.9389
27.9389
27.9389
27.9389
27.9389
27.9389
27.9389
27.9389
27.9389
27.9389
27.9389
27.9389
27.9389
27.9389
27.9389
27.9389
27.9389
27.9389
26.9988
26.9988
26.9988
26.9988
26.9988
26.9988
26.9988
26.9988
26.9988
26.9988
26.9988
26.9988
26.9988
26.9988
26.9988
26.9988
26.9988
26.9988
26.9988
26.9988
26.9988
26.9988
26.9988
26.9988
26.9988
26.9988
26.9988
26.9988
26.9988
26.9988
26.9988
26.9988
26.9988
26.9988
26.9988
26.9988
26.9988
26.9988
26.9988
26.9988
26.9988
26.9988
26.9988
26.9988
26.9988
26.9988
26.9988
26.9988
26.9988
26.9988
26.9988
26.9988
26.9988
26.9988
26.7211
26.7211
24.6145
24.6145
24.6145
24.6145
24.6145
24.6145
24.6145
24.6145
24.6145
24.6145
24.6145
24.6145
24.6145
24.6145
24.6145
24.6145
24.6145
24.6145
24.6145
24.6145
24.6145
24.6145
24.6145
24.6145
24.6145
24.6145
24.6145
24.6145
23.7944
23.7944
23.7944
23.7944
23.7944
23.7944
23.7944
23.7944
23.7944
23.7944
23.7944
23.7944
23.7944
23.7944
23.7944
23.7944
23.7944
23.7944
22.6966
22.6966
22.6966
22.6966
22.6966
22.6966
22.6966
22.6966
22.6966
22.6966
22.6966
22.6966
22.6966
22.0342
22.0342
22.0342
22.0342
22.0342
22.0342
22.0342
22.0342
22.0342
22.0342
22.0342
22.0342
22.0342
22.0342
21.0972
21.0972
21.0972
21.0972
21.0972
21.0972
21.0972
21.0972
21.0972
21.0972
21.0972
21.0972
21.0972
21.0972
21.0972
21.0972
21.0972
21.0972
21.0972
21.0972
21.0972
21.0972
21.0972
21.0972
21.0972
21.0972
21.0972
21.0972
21.0972
21.0972
21.0972
21.0972
21.0972
21.0972
21.0972
21.0972
21.0972
21.0972
21.0972
21.0972
21.0972
21.0972
21.0972
21.0972
20.4348
20.4348
20.4348
20.4348
20.1571
20.1571
20.1571
20.1571
20.1571
20.1571
20.1571
20.1571
20.1571
20.1571
20.1571
20.1571
20.1571
20.1571
20.1571
20.1571
20.1571
20.1571
20.1571
20.1571
20.1571
20.1571
20.1571
20.1571
20.1571
20.1571
20.1571
20.1571
20.1571
20.1571
20.1571
20.1571
20.1571
20.1571
20.1571
20.1571
20.1571
20.1571
20.1571
20.1571
20.1571
20.1571
20.1571
20.1571
20.1571
20.1571
20.1571
20.1571
20.1571
20.1571
20.1571
20.1571
20.1571
20.1571
20.1571
20.1571
20.1571
20.1571
20.1571
20.1571
20.1571
20.1571
20.1571
20.1571
20.1571
20.1571
20.1571
20.1571
20.1571
20.1571
20.1571
20.1571
20.1571
20.1571
20.1571
20.1571
20.1571
20.1571
20.1571
20.1571
20.1571
20.1571
20.1571
20.1571
20.1571
20.1571
20.1571
20.1571
20.1571
20.1571
20.1571
20.1571
20.1571
20.1571
20.1571
20.1571
20.1571
20.1571
20.1571
20.1571
20.1571
20.1571
20.1571
20.1571
20.1571
20.1571
20.1571
20.1571
20.1571
20.1571
20.1571
20.1571
19.217
19.217
19.217
19.217
19.217
19.217
19.217
19.217
19.217
19.217
19.217
19.217
19.217
19.217
19.217
19.217
19.217
19.217
19.217
19.217
19.217
19.217
19.217
19.217
19.217
19.217
19.217
19.217
19.217
19.217
19.217
19.217
19.217
19.217
19.217
19.217
19.217
19.217
19.217
19.217
19.217
19.217
19.217
19.217
19.217
19.217
19.217
19.217
19.217
19.217
19.217
19.217
19.217
19.217
19.217
19.217
19.217
19.217
19.217
19.217
19.217
19.217
19.217
19.217
19.217
19.217
19.217
19.217
19.217
19.217
19.217
19.217
19.217
19.217
19.217
19.217
19.217
19.217
19.217
19.217
19.217
19.217
19.217
19.217
19.217
19.217
19.217
19.217
19.217
19.217
19.217
19.217
19.217
19.217
19.217
19.217
19.217
19.217
19.217
19.217
19.217
19.217
19.217
19.217
19.217
19.217
19.217
19.217
19.217
19.217
19.217
19.217
19.217
19.217
19.217
19.217
19.217
19.217
18.5577
18.5577
18.5577
18.5577
18.5577
18.5577
18.5577
18.5577
18.5577
18.5577
18.5577
17.9278
17.9278
17.9278
17.9278
17.9278
17.9278
17.9278
17.9278
17.9278
17.9278
17.9278
17.9278
17.9278
17.9278
17.9278
17.9278
17.9278
17.9278
17.9278
17.9278
17.9278
17.9278
17.9278
17.9278
17.9278
17.9278
17.9278
17.9278
17.9278
17.9278
17.9278
17.9278
17.591
17.591
17.591
17.591
17.591
17.591
17.591
17.591
17.591
17.591
17.591
17.591
17.591
17.591
17.591
17.591
17.591
17.591
17.591
17.591
17.591
17.591
17.591
17.591
17.591
17.591
17.591
17.591
17.591
17.591
17.591
17.591
17.591
17.591
17.591
17.591
17.591
17.591
17.591
17.591
17.591
17.591
17.591
17.591
17.591
17.591
17.591
17.591
17.591
17.591
17.591
17.591
17.591
17.591
17.591
17.591
17.591
17.591
17.591
17.591
17.591
17.591
17.591
17.591
17.591
17.591
17.591
17.591
17.591
17.591
17.591
17.591
17.591
17.591
17.591
17.591
17.591
17.591
17.591
17.591
17.591
17.591
17.591
17.591
17.591
17.591
17.591
17.591
17.591
17.591
17.591
17.591
17.591
17.591
17.591
17.591
17.591
17.591
17.591
17.591
17.591
17.591
17.591
17.591
17.591
17.591
17.591
17.591
17.591
17.591
16.7742
16.7742
16.7742
16.7742
16.7742
16.7742
16.7742
16.7742
16.7742
16.7742
16.7742
16.7742
16.7742
16.7742
16.7742
16.7742
16.7742
16.7742
16.7742
16.7742
16.7742
16.7742
16.7742
16.7742
16.1148
16.1148
16.1148
16.1148
16.1148
16.1148
16.1148
16.1148
16.1148
16.1148
16.1148
16.1148
16.1148
16.1148
16.1148
16.1148
16.1148
16.1148
16.1148
16.1148
16.1148
16.1148
16.1148
16.1148
16.1148
16.1148
16.1148
16.1148
16.1148
16.1148
16.1148
16.1148
16.1148
16.1148
16.1148
16.1148
16.1148
16.1148
16.1148
16.1148
16.1148
16.1148
16.1148
16.1148
16.1148
16.1148
16.1148
16.1148
16.1148
16.1148
16.1148
16.1148
16.1148
16.1148
16.1148
16.1148
16.1148
16.1148
16.1148
16.1148
16.1148
16.1148
16.1148
16.1148
16.1148
16.1148
16.1148
16.1148
16.1148
16.1148
16.1148
16.1148
16.1148
16.1148
16.1148
16.1148
16.1148
16.1148
16.1148
16.1148
16.1148
16.1148
16.1148
16.1148
16.1148
16.1148
16.1148
15.5418
15.5418
15.5418
15.5418
15.5418
15.5418
15.5418
15.5418
15.5418
15.5418
15.5418
15.5418
15.5418
15.5418
15.5418
15.5418
15.5418
15.5418
15.5418
15.5418
15.5418
15.5418
15.5418
15.5418
15.5418
15.5418
15.5418
15.5418
15.5418
15.5418
15.077
15.077
15.077
15.077
15.077
15.077
15.077
15.077
15.077
14.7401
14.7401
14.7401
14.7401
14.7401
14.7401
14.7401
14.7401
14.7401
14.7401
14.7401
14.7401
14.7401
14.7401
14.7401
14.7401
14.7401
14.7401
14.7401
14.7401
14.7401
14.7401
14.7401
14.7401
14.4905
14.4905
14.4905
14.4905
14.4905
14.4905
14.4905
14.4905
14.1537
14.1537
14.1537
14.1537
14.1537
14.1537
14.1537
14.1537
14.1255
14.1255
14.1255
14.1255
14.1255
14.1255
14.1255
14.1255
14.0664
14.0664
14.0664
14.0664
14.0664
13.7887
13.7887
13.7887
13.7887
13.7887
13.7887
13.7887
13.7887
13.7887
13.7887
13.7887
13.7887
13.7887
13.7887
13.7887
13.7887
13.7887
13.7887
13.7887
13.7887
13.7887
13.7887
13.7887
12.987
12.987
12.987
12.987
12.987
12.987
12.987
12.987
12.987
12.987
12.987
12.987
12.987
12.987
12.987
12.987
12.987
12.987
12.987
12.987
12.987
12.987
12.987
12.987
12.987
12.987
12.987
12.987
12.987
12.987
12.987
12.987
12.987
12.987
12.987
12.987
12.987
12.987
12.987
12.987
12.987
12.987
12.987
12.987
12.987
12.987
12.987
12.987
12.987
12.987
12.987
12.987
12.987
12.987
12.987
12.987
12.987
12.987
12.987
12.987
12.1701
12.1701
12.1701
12.1701
12.1701
12.1701
12.1701
12.1701
12.1701
12.1701
12.1701
12.1701
12.1701
12.1701
12.1701
12.1701
12.1701
12.1701
12.1701
12.1701
12.1701
12.1701
12.1701
12.1701
12.1701
12.1701
12.1701
12.1701
12.1701
12.1701
12.1701
11.1191
11.1191
11.1191
11.1191
11.1191
11.1191
11.1191
11.1191
11.1191
11.1191
11.1191
11.1191
11.1191
11.1191


0.0151567
0.0151567
0.0151567
0.0151567
0.0151567
0.0151567
0.0151567
-0.0382824
-0.0382824
-0.0382824
-0.00765648
-0.00765648
-0.00765648
-0.00765648
-0.00765648
-0.00765648
-0.00765648
-0.00765648
0.0523453
-1.02456
-1.02456
0.0685958
-1.02456
1.0655
1.0655
-0.0170318
-0.0170318
-0.0170318
0.0604706
0.0151567

0.029

