20.9658
20.9066
20.9066
20.9066
20.9066
20.863
20.863
20.863
20.863
20.863
20.863
20.863
20.863
20.863
20.863
20.8486
20.8486
20.8486
20.8486
20.8486
20.8486
20.8486
20.7829
20.7829
20.7588
20.7504
20.7504
20.7504
20.7504
20.7504
20.7504
20.7504
20.7504
20.7504
20.7504
20.6871
20.6871
20.6871
20.6871
20.6871
20.6871
20.6871
20.6471
20.6471
20.6471
20.5312
20.5312
20.5312
20.5312
20.5312
20.5312
20.5312
20.5312
20.5312
20.5312
20.5312
20.5222
20.5222
20.5156
20.5156
20.5156
20.5156
20.5156
20.5156
20.5156
20.5156
20.5156
20.5156
20.5156
20.5156
20.5156
20.5156
20.5156
20.5156
20.3661
20.3661
20.3661
20.3661
20.3661
20.3661
20.3661
20.3661
20.3661
20.3661
20.3661
20.3661
20.3661
20.201
20.201
20.201
20.201
20.201
20.201
20.201
20.201
20.201
20.201
20.201
20.201
20.201
20.201
20.201
20.201
20.201
20.191
20.191
20.191
20.191
20.191
20.191
20.191
20.191
20.191
20.191
20.191
20.191
20.191
20.0673
20.0673
20.0673
20.0673
20.0673
20.0673
20.0673
20.0673
20.0673
20.0673
20.0673
20.0673
20.0673
20.0673
20.0673
20.0673
20.0673
20.0673
20.0673
20.0673
20.0673
20.0673
20.0673
20.0673
20.0673
20.0673
20.0673
20.0673
20.0673
20.0673
20.0673
20.0673
20.0673
20.0673
20.0673
20.0673
19.9717
19.9717
19.9717
19.86
19.86
19.8575
19.7994
19.6782
19.5722
19.5722
19.5722
19.5722
19.2361
19.2361
19.2361
19.2361
19.2361
19.2361
19.2361
19.2361
19.2361
19.2361
19.2361
19.2361
19.2361
19.222
19.222
19.222
19.222
19.222
19.222
19.1314
18.6391
18.6391
18.6391
18.6391
18.6391
18.6391
18.6391
17.7056
17.7056
17.7056
17.7056
17.7056
17.7056
17.7056
17.7056
17.7056
17.7056
17.7056
17.7056
17.7056
17.7056
17.7056
17.7056
17.7056
17.7056
17.7056
17.7056
17.7056
17.7056
17.7056
17.7056
17.7056
17.7056
17.7056
17.7056
17.6157
17.6157
17.6157
17.6157
17.6157
17.6157
17.6157
17.6157
17.6157
17.6157
17.6157
17.2512
17.2512
17.2512
17.2512
17.2512
17.2512
17.2512
17.2512
16.9335
16.9335
16.9335
16.9335
16.9335
16.9335
16.9335
16.9335
16.9335
16.4652
16.4652
16.4652
16.4652
16.4652
16.4652
16.4652
16.4652
16.4652
16.4652
16.4652
16.4652
16.4652
16.4652
16.4652
16.4652
16.4652
16.4652
16.4652
16.4652
16.4652
16.4652
16.4652
16.4652
16.4652
16.4652
16.4652
16.4652
16.4652
16.4652
16.4652
16.4652
16.4652
16.4652
16.4652
16.4652
16.4652
16.4652
16.4652
16.4652
16.4652
16.4652
16.4652
16.4652
16.4652
16.4652
16.4652
16.4652
16.4652
16.4652
16.4652
16.4652
16.4652
16.4652
16.4652
16.4652
16.4652
15.359
15.359
15.359
15.359
15.359
15.359
15.359
15.359
15.359
15.359
15.359
15.359
15.359
15.359
15.359
15.359
15.359
15.359
15.359
15.359
15.359
15.359
15.4543
15.4543
15.4543
15.4543
15.4543
15.4543
15.4543
14.5097
14.5097
14.5097
14.5097
14.5097
14.5097
14.5097
14.5097
14.5097
14.5097
14.5097
14.5097
14.5097
14.5097
14.5097
14.5097
14.5097
14.5097
14.5097
14.5097
14.5097
14.5097
14.5097
14.5097
14.5097
14.5097
14.5097
14.5097
14.5097
14.5097
14.5097
14.5097
14.5097
14.5097
14.5097
14.5097
14.5097
13.7746
13.7746
13.7746
13.7746
13.7746
13.7746
13.7746
13.7746
13.7304
13.7304
13.7304
13.7304
13.7304
13.7304
13.7304
13.7304
13.7304
13.7304
13.7304
13.7304
13.7304
13.7304
12.6921
12.6921
12.6921
12.6921
12.6921
12.6921
12.6921
12.6921
12.6921
12.6921
12.6921
12.6921
12.6921
12.6921
12.6921
12.6921
12.6921
12.6921
12.6921
12.6921
12.6921
12.6921
12.6921
12.6921
12.6921
12.6921
12.6921
12.6921
12.6921
12.6921
12.6921
12.6921
12.6921
12.6921
12.6921
12.6921
12.6921
12.6921
12.6921
12.6921
12.6921
12.6921
12.6921
12.6921
12.6921
12.6921
12.6921
12.6921
12.6921
12.6921
12.6921
12.6921
12.6921
12.6921
12.228
12.228
12.228
12.228
12.228
12.228
12.228
12.228
12.228
12.5174
12.5174
12.5174
12.5174
12.0799
12.0799
12.0799
12.0799
12.0799
12.0799
12.0799
12.0799
12.0799
12.0799
12.0799
12.0799
12.0799
12.0799
12.0799
12.0799
12.0799
12.0799
12.0799
12.0799
12.0799
12.0799
12.0799
12.0799
12.0799
12.0799
12.0799
12.0799
12.0799
11.9048
11.9048
11.4963
11.4963
11.4963
11.4963
11.4963
11.4963
11.4963
11.4963
11.4963
11.4963
11.4963
11.4963
11.814
11.814
11.814
11.814
11.3875
11.3875
11.3875
11.3875
11.3875
11.3875
11.3875
11.3875
11.3875
11.3875
11.3875
11.3875
11.3875
11.3875
10.5772
10.5772
10.5772
10.5772
10.5772
10.5772
10.5772
10.5772
10.5772
10.5772
10.5772
10.5772
10.5772
10.5772
10.5772
10.5772
10.5772
10.5772
10.5772
10.5772
10.5772
10.5772
10.5772
10.5772
10.5772
10.5772
10.5772
10.5772
10.5772
10.5772
10.5772
10.5772
10.5697
10.5697
10.5697
10.5697
10.5697
10.5697
10.5697
10.5697
10.5697
10.5697
10.5697
10.5697
10.5697
10.5697
10.5697
10.5697
10.5697
10.5772
10.5772
10.5772
10.5772
10.469
10.469
9.82443
9.82443
9.82443
9.82443
9.57843
9.57843
9.57843
9.57843
9.57843
9.57843
9.57843
9.57843
9.57843
9.57843
9.57843
9.57843
9.57843
9.66576
9.66576
9.66576
8.75545
8.75545
8.75545
8.75545
8.75545
8.75545
8.75545
8.75545
8.75545
8.75545
8.75545
8.54991
8.54991
8.54991
8.54991
8.54991
8.54991
8.54991
8.54991
8.54991
8.54991
8.54991
8.54991
8.54991
8.54991
8.54991
8.54991
8.54991
8.54991
8.54991
8.54991
8.54991
8.54991
8.54991
8.54991
8.54991
8.43231
8.43231
8.43231
8.43231
8.43231
8.43231
8.43231
8.43231
8.43231
8.43231
8.43231
8.43231
8.43231
8.43231
8.43231
8.43231
8.43231
8.43231
8.43231
8.43231
8.43231
8.43231
8.43231
8.43231
8.43231
8.43231
8.43231
8.43231
8.43231
8.43231
8.43231
8.42221
8.42221
8.42221
8.31301
8.26619
8.26619
8.25566
7.95241
7.95241
7.95241
7.95241
7.95241
7.95241
7.95241
7.95241
7.95241
7.95241
7.95241
7.95241
7.95241
7.95241
7.95241
7.95241
7.95241
7.95241
7.95241
7.95241
7.95241
7.95241
7.95241
7.95241
7.95241
7.95241
7.95241
7.95241
7.95241
7.95241
7.95241
7.95241
7.95241
7.59036
7.59036
7.59036
7.59036
7.59036
7.59036
7.59036
7.59036
7.59036
7.59036
7.59036
7.59036
7.59036
7.59036
7.59036
7.59036
7.59036
7.59036
7.59036
7.59036
7.59036
7.59036
7.59036
7.59036
7.59036
7.59036
7.59036
7.59036
7.59036
7.59036
7.59036
7.59036
7.59036
7.44196
7.44196
7.44196
7.44196
7.44196
7.44196
7.44196
7.44196
7.44196
7.25052
7.25052
7.09765
7.09765
7.09765
7.09765
7.09765
7.09765
7.09765
7.09765
7.09765
7.09765
7.09765
7.09765
7.09765
7.09765
7.09765
7.09765
7.09765
7.09765
7.09765
7.09765
7.09765
7.09765
7.09765
7.09765
7.09765
7.09765
7.09765
7.09765
7.09765
7.09765
7.09765
7.09765
7.09765
7.09765
7.09765
7.09765
7.09765
7.09765
7.09765
7.09765
7.09765
7.09765
6.92024
6.92024
6.92024
6.92024
6.92024
6.92024
6.92024
6.92024
6.92024
6.92024
6.92024
6.92024
6.92024
6.92024
6.92024
6.92024
6.39755
6.39755
6.39755
6.30122
6.30122
6.30122
6.18218
6.18218
6.18218
6.18218
6.18218
6.18218
6.18218
6.18218
6.18218
6.18218
6.18218
6.18218
6.18218
6.18218
6.18218
6.18218
6.18218
6.18218
6.18218
6.18218
5.84662
5.84662
5.84662
5.84662
5.84662
5.84662
5.84662
5.84662
5.84662
5.84662
5.84662
5.84662
5.84662
5.51
5.51
5.51
5.51
5.51
5.51
5.51
5.51
5.51
5.51
5.51
5.51
5.51
5.51
5.51
5.51
5.51
5.51
5.51
5.51
5.51
5.51
5.51
5.51
5.51
5.51
5.51
5.51
5.51
5.51
5.51
5.51
5.51
5.51
5.51
5.51
5.51
5.28465
5.28465
5.28465
5.28465
5.28465
5.28465
5.28465
5.28465
5.28465
5.28465
5.28465
5.28465
5.28465
5.28465
5.28465
5.28465
5.28465
4.90998
4.90998
4.90998
4.90998
4.90998
4.90998
4.90998
4.90998
4.90998
4.90998
4.90998
4.90998
4.90998
4.90998
4.90998
4.90998
4.90998
4.03431
4.03431
4.03431
4.03431
4.03431
4.03431
4.03431
4.03431
4.03431
4.03431
4.03431
4.03431
4.03431
4.03431
4.03431
4.03431
4.03431
4.03431
4.03431
4.03431
4.03431
4.03431
4.03431
3.95894
3.95894
3.89169
3.89169
3.89169
3.89169
3.89169
3.89169
3.89169
3.89169
3.89169
3.89169
3.89169
3.89169
3.89169
3.89169
3.89169
3.89169
3.89169
3.89169
3.89169
3.89169
3.89169
3.89169
3.89169
3.89169
3.89169
3.89169
3.89169
3.89169
3.89169
3.89169
3.89169
3.89169
3.89169
3.89169
3.89169
3.89169
3.89169
3.89169
3.89169
3.89169
3.87486
3.87486
3.87486
3.87486
3.87486
3.87486
3.87486
3.87486
3.87486
3.87486
3.87486
3.87486
3.87486
3.87486
3.87486
3.87486
3.87486
3.89169
3.89169
3.89169
3.89169
3.89169
3.89169
3.89169
3.89169
3.79923
3.79923
3.79923
3.79923
3.79923
3.79923
3.79923
3.79923
3.79923
3.79923
3.79923
3.77142
3.77142
3.77142
3.77142
3.77142
3.77142
3.77142
3.76561
3.76561
3.76561
3.76561
3.75955
3.75955
3.75955
3.75955
3.75955
3.75955
3.72815
3.72815
3.72815
3.72815
3.72815
3.72815
3.72815
3.72815
3.72815
3.72815
3.72815
3.72815
3.72815
3.72815
3.72815
3.72815
3.72815
3.72815
3.72815
3.72815
3.69484
3.69484
3.69484
3.69484
3.69484
3.69484
3.69484
3.69484
3.69484
3.69484
3.69484
3.69484
3.69484
3.69484
3.69484
3.69484
3.69484
3.69484
3.69484
3.69484
3.69484
3.69484
3.69484
3.69484
3.69484
3.69484
3.69484
3.67284
3.67284
3.67284
3.66513
3.66513
3.66513
3.66513
3.66513
3.66513
3.66513
3.66513
3.66513
3.66513
3.66513
3.66513
3.66513
3.66513
3.66513
3.66513
3.66513
3.66513
3.65442
3.65442
3.65442
3.65442
3.65442
3.65442
3.65442
3.65442
3.65442
3.65442
3.65442
3.65442
3.62497
3.62497
3.62497
3.62497
3.62497
3.62497
3.62497
3.62497
3.62497
3.62497
3.62497
3.62497
3.62497
3.62497
3.62497
3.62497
3.62497
3.62497
3.62497
3.62497
3.62497
3.62497
3.62497
3.62497
3.62497
3.62497
3.62497
3.62497
3.62497
3.62497
3.62497
3.57676
3.57676
3.57676
3.57676
3.57676
3.57676
3.57676
3.57676
3.57676
3.57676
3.57676
3.57676
3.57676
3.57676
3.57676
3.52455
3.52455
3.52455
3.52455
3.52455
3.52455
3.52455
3.52455
3.52455
3.52455
3.52455
3.52455
3.52455
3.52455
3.52455
3.52455
3.52455
3.52455
3.52455
3.52455
3.52455
3.52455
3.52455
3.52455
3.52455
3.52455
3.52455
3.52455
3.52455
3.52455
3.52455
3.52455
3.52455
3.52455
3.49131
3.49131
3.49131
3.49131
3.49131
3.49131
3.49131
3.49131
3.49131
3.49131
3.49131
3.49131
3.49131
3.49131
3.49131
3.49131
3.49131
3.49131
3.49131
3.49131
3.41453
3.41453
3.41453
3.40917
3.4028
3.4028
3.4028
3.4028
3.4028
3.4028
3.4028
3.4028
3.4028
3.4028
3.4028
3.4028
3.32434
3.32434
3.32434
3.32434
3.32434
3.32434
3.32434
3.32434
3.32434
3.32434
3.32434
3.32434
3.32434
3.32434
3.32434
3.32434
3.32434
3.32434
3.32434
3.30837
3.30837
3.30837
3.30837
3.30837
3.30837
3.30837
3.30837
3.30837
3.30837
3.30472
3.30472
3.30472
3.30472
3.30472
3.30472
3.30472
3.30472
3.30472
3.30472
3.30472
3.30472
3.30472
3.30472
3.30472
3.30472
3.30472
3.30472
3.30472
3.30472
3.30472
3.27873
3.27873
3.27873
3.25443
3.25443
3.25443
3.25443
3.25443
3.25443
3.25443
3.25443
3.25443
3.25443
3.21813
3.21813
3.21813
3.21813
3.21813
3.21813
3.21813
3.18185
3.18185
3.18185
3.18185
3.18185
3.18185
3.18185
3.18185
3.18185
3.18185
3.17928
3.17928
3.17928
3.17928
3.17928
3.17928
3.17928
3.11758
3.11758
3.11758
3.11758
3.11758
3.11758
3.10271
3.10271
3.10271
3.10271
3.10271
3.10271
3.10271
3.10271
3.10271
3.10271
3.10271
3.10271
3.10271
3.10271
3.10271
3.10271
3.10271
3.06838
3.06838
3.06838
3.06838
3.06838
3.06838
3.06838
3.04701
3.04701
3.01013
3.01013
3.01013
3.01013
3.01013
3.01013
3.01013
3.01013
3.01013
3.01013
3.01013
3.01013
3.01013
3.01013
3.01013
3.01013
3.01013
3.01013
3.01013
2.99643
2.99643
2.99643
2.99643
2.99643
2.99643
2.99643
2.99643
2.99643
2.99643
2.99643
2.99643
2.99643
2.99643
2.99643
2.99643
2.99643
2.99643
2.99643
2.99643
2.99643
2.99643
2.99643
2.99643
2.99643
2.99643
2.96193
2.96193
2.96193
2.96193
2.96193
2.96193
2.96193
2.96193
2.96193
2.96193
2.96193
2.96193
2.96193
2.96193
2.96193
2.96193
2.96193
2.83098
2.83098
2.83098
2.83098
2.83098
2.83098
2.83098
2.83098
2.83098
2.83098
2.83098
2.83098
2.83098
2.83098
2.83098
2.81866
2.81866
2.81866
2.81866
2.81866
2.81866
2.81866
2.81866
2.81866
2.81866
2.81866
2.81866
2.81866
2.81866
2.82258
2.82258
2.82258
2.78144
2.78144
2.78144
2.78144
2.78144
2.78144
2.78144
2.71365
2.71365
2.71365
2.71365
2.71365
2.71365
2.71365
2.71365
2.71365
2.71365
2.71365
2.71365
2.71365
2.71365
2.71365
2.71365
2.71365
2.71365
2.71365
2.71365
2.71365
2.71365
2.71365
2.71365
2.71365
2.71365
2.71365
2.67392
2.67392
2.67392
2.67392
2.67392
2.65952
2.65952
2.65952
2.65952
2.65952
2.65952
2.65952
2.65952
2.65952
2.62524
2.62524
2.62524
2.62524
2.61378
2.61378
2.61378
2.61378
2.61378
2.61378
2.61378
2.61378
2.61378
2.61378
2.61378
2.61378
2.61378
2.61378
2.61378
2.61378
2.61378
2.61378
2.61378
2.61378
2.61378
2.61378
2.61378
2.61378
2.61378
2.61378
2.61378
2.61378
2.61378
2.61378
2.61378
2.61378
2.61378
2.61378
2.61378
2.61378
2.61378
2.61378
2.61378
2.61378
2.61378
2.61378
2.61378
2.61378
2.61378
2.61378
2.61378
2.61378
2.61378
2.61378
2.61378
2.61378
2.61378
2.60109
2.60109
2.60109
2.5885
2.5885
2.5885
2.5885
2.5885
2.5885
2.5885
2.5885
2.5885
2.56618
2.56618
2.56618
2.56618
2.56618
2.56618
2.56618
2.56618
2.56618
2.56618
2.56618
2.56618
2.53121
2.53121
2.53121
2.53121
2.53121
2.53121
2.53121
2.53121
2.53121
2.53121
2.49368
2.49368
2.49368
2.49368
2.49368
2.49368
2.49368
2.49368
2.49368
2.49368
2.49368
2.49368
2.49368
2.49368
2.49368
2.49368
2.49368
2.49368
2.49368
2.49368
2.49368
2.49368
2.49368
2.49368
2.49368
2.49368
2.49368
2.49368
2.49368
2.45781
2.45781
2.45781
2.45781
2.45781
2.45781
2.45781
2.45781
2.45781
2.45781
2.45781
2.45781
2.45781
2.45781
2.45781
2.45781
2.45781
2.45781
2.45781
2.45781
2.45781
2.45781
2.45781
2.45781
2.45781
2.45781
2.45781
2.45781
2.45781
2.45781
2.45781
2.45781
2.45781
2.45781
2.45781
2.45781
2.45781
2.45781
2.45781
2.45781
2.38691
2.38691
2.38691
2.38691
2.38691
2.38044
2.38044
2.38044
2.38044
2.38044
2.38044
2.38044
2.38044
2.38044
2.38044
2.38044
2.38044
2.38044
2.38044
2.38044
2.38044
2.38044
2.38044
2.38044
2.38044
2.38044
2.38044
2.38044
2.38044
2.28841
2.28841
2.28841
2.28841
2.28841
2.28841
2.28841
2.28841
2.28841
2.28841
2.28841
2.28841
2.28841
2.28841
2.28841
2.28841
2.28841
2.28841
2.28841
2.28841
2.28841
2.28841
2.28841
2.28841
2.28841
2.28841
2.28841
2.28841
2.28841
2.28841
2.28841
2.28841
2.28841
2.28841
2.28841
2.28841
2.28841
2.28841
2.28841
2.28841
2.28841
2.28841
2.28841
2.28841
2.28841
2.28841
2.28841
2.28841
2.28841
2.28841
2.28841
2.28841
2.2754
2.2754
2.2754
2.2754
2.2754
2.2754
2.26233
2.26233
2.26233
2.26233
2.26233
2.26233
2.26233
2.26233
2.22294
2.22294
2.22294
2.22294
2.22294
2.22294
2.22294
2.22294
2.22294
2.22294
2.22294
2.22294
2.22294
2.22294
2.22294
2.22294
2.22294
2.22294
2.22294
2.22294
2.16159
2.16159
2.16159
2.16159
2.16159
2.16159
2.16159
2.16159
2.16159
2.16159
2.16159
2.16159
2.16159
2.16159
2.16159
2.16159
2.16159
2.14855
2.14855
2.14855
2.14855
2.14855
2.14855
2.14855
2.14855
2.14855
2.14855
2.14855
2.14855
2.14855
2.14855
2.14855
2.14855
2.14855
2.14855
2.14855
2.14855
2.14855
2.14855
2.14855
2.14855
2.14855
2.14855
2.14855
2.14855
2.14855
2.14855
2.14855
2.13569
2.13569
2.13569
2.13569
2.13569
2.13569
2.13569
2.13569
2.13569
2.13569
2.13569
2.13569
2.13569
2.13569
2.10934
2.10934
2.10934
2.10934
2.10934
2.10934
2.10934
2.10934
2.04285
2.04285
2.04285
2.05329
2.05329
2.05329
2.05329
2.05329
2.05329
2.01368
2.01368
2.01368
2.01368
2.01368
2.01368
2.01368
2.01368
2.01368
2.01368
2.01368
2.01368
2.01368
2.01368
2.00029
2.00029
2.00029
2.00029
2.00029
2.00029
2.00029
2.00029
2.00029
2.00029
2.00029
2.00029
2.00029
2.00029
1.93775
1.93775
1.93775
1.93775
1.93775
1.93775
1.93775
1.93775
1.93775
1.93775
1.93775
1.91119
1.91119
1.91119
1.84371
1.84371
1.84371
1.84371
1.84371
1.84371
1.84371
1.84371
1.84371
1.84371
1.84371
1.84371
1.84371
1.84371
1.84371
1.84371
1.84371
1.84371
1.84371
1.84371
1.84371
1.84371
1.84371
1.84371
1.84371
1.84371
1.84371
1.84371
1.84371
1.84371
1.84371
1.84371
1.84371
1.84371
1.84371
1.82998
1.82998
1.82998
1.82998
1.82998
1.82998
1.82998
1.82998
1.82998
1.82998
1.82998
1.82998
1.82998
1.82998
1.82998
1.82998
1.82776
1.82776
1.82776
1.82776
1.82776
1.82776
1.69102
1.69102
1.66292
1.66292
1.66292
1.66292
1.66292
1.6488
1.6488
1.6488
1.6488
1.6488
1.6488
1.6488
1.6488
1.6488
1.6488
1.6488
1.6488
1.6488
1.6488
1.6488
1.6488
1.6488
1.6488
1.6488
1.6488
1.6488
1.6488
1.6488
1.6488
1.6488
1.64651
1.64651
1.64651
1.64651
1.64651
1.64651
1.64651
1.64651
1.64651
1.64651
1.64651
1.64651
1.64651
1.64651
1.64651
1.64651
1.63459
1.63459
1.63459
1.63459
1.63459
1.63459
1.63459
1.63459
1.63459


-0.193006
-0.193006
-0.193006
-0.193006
-0.193006
-0.193006
-0.097003
-0.097003
-0.097003
-0.097003
-0.097003
-0.097003
-0.097003
-0.0190006
-0.0190006
-0.0190006
-0.0190006
-0.097003
-0.097003
-0.097003
-0.0890027
-0.097003
-0.0890027
-0.0890027
-0.0890027
-0.0890027
-0.0890027
-0.881027
-0.881027
-0.193006

0.028

