599.769
599.769
281.317
281.317
281.317
281.317
281.317
281.317
281.317
281.317
281.317
281.317
281.317
281.317
281.317
281.317
281.317
281.317
281.317
281.317
281.317
281.317
281.317
281.317
281.317
205.722
205.722
205.722
205.722
205.722
205.722
205.722
205.722
205.722
205.722
205.722
205.722
205.722
205.722
205.722
205.722
205.722
205.722
205.722
205.722
205.722
205.722
205.722
205.722
205.722
189.713
189.713
189.713
189.713
189.713
189.713
189.713
189.713
189.713
189.713
189.713
189.713
189.713
189.713
189.713
189.713
173.733
173.733
173.733
168.241
165.45
165.45
99.8796
99.8796
99.8796
99.8796
99.8796
99.8796
99.8796
99.8796
99.8796
99.8796
99.8796
99.8796
99.8796
99.8796
99.8796
99.8796
99.8796
99.8796
99.8796
99.8796
83.1797
83.1797
83.1797
83.1797
83.1797
83.1797
83.1797
83.1797
83.1797
62.2624
62.2624
62.2624
55.6059
55.6059
55.6059
55.6059
55.6059
48.0538
48.0538
48.0538
48.0538
48.0538
48.0538
48.0538
48.0538
48.0538
48.0538
48.0538
48.0538
48.0538
48.0538
48.0538
48.0538
48.0538
48.0538
48.0538
48.0538
48.0538
48.0538
48.0538
48.0538
48.0538
48.0538
47.0331
47.0331
47.0331
47.0331
47.0331
47.0331
47.0331
47.0331
47.0331
47.0331
47.0331
47.0331
47.0331
47.0331
47.0331
47.0331
47.0331
36.7674
36.7674
36.7674
36.7674
36.7674
36.7674
36.7674
36.7674
36.7674
36.7674
36.7674
36.7674
36.7674
36.7674
36.7674
36.7674
36.7674
36.7674
36.7674
36.7674
36.7674
36.7674
36.7674
36.7674
36.7674
36.7674
36.7674
36.7674
36.7674
36.7674
36.7674
36.7674
36.7674
36.7674
36.7674
36.7674
36.7674
36.7674
36.7674
36.7674
36.7674
36.7674
36.7674
29.3416
29.3416
29.3416
29.3416
29.3416
29.3416
29.3416
29.3416
29.3416
29.3416
29.3416
27.646
27.646
27.646
27.646
27.646
27.646
27.646
25.848
25.848
25.848
25.848
25.848
25.848
25.848
25.848
25.848
25.848
25.848
25.848
25.848
25.848
25.848
25.848
25.848
25.848
25.848
25.848
25.848
25.848
25.848
25.848
25.848
25.848
25.848
25.848
25.848
25.848
21.468
21.468
21.468
21.468
21.468
21.468
21.468
21.468
21.468
21.468
21.468
21.468
21.468
21.468
21.468
21.468
21.468
21.468
21.468
21.468
21.468
21.468
21.468
21.468
21.468
21.468
21.468
21.468
21.468
21.468
21.468
21.468
21.468
21.468
21.468
21.468
21.4333
21.4333
21.4333
21.4333
21.4333
21.4333
21.4333
21.4333
21.4333
21.4333
21.4333
21.4333
21.4333
21.4333
21.4333
21.4333
21.4333
21.4333
20.6003
20.6003
18.3408
18.3408
18.3408
18.3408
18.3408
18.3408
18.3408
18.3408
18.3408
18.3408
18.3408
18.3408
18.3408
18.3408
18.3408
18.3408
18.3408
18.3408
18.3408
18.3408
18.3408
18.3408
18.3408
18.2912
18.1737
18.1737
18.1737
18.1737
18.1737
17.3956
17.3956
17.3956
17.3956
17.3956
17.1924
17.1924
17.1924
17.1924
17.1924
17.1924
16.5997
15.8534
15.762
15.762
15.6227
15.6227
14.2665
14.2665
14.2665
14.2665
14.2665
14.2665
14.2665
14.2665
14.2665
14.2665
14.2665
14.2665
14.2665
14.2665
14.2665
14.2665
14.2665
14.2665
14.2665
14.2665
14.2665
14.2665
14.2665
14.2665
14.2665
14.2665
14.2665
13.965
13.965
13.3427
13.3427
13.3427
13.3427
13.3427
13.3427
13.3427
13.3427
13.3427
13.3427
13.3427
13.3427
10.4883
10.4883
10.4883
10.4883
10.4883
10.4883
10.4883
10.4883
10.0245
10.0244
10.0244
10.0244
9.96847
9.96847
9.96847
9.96847
9.96847
9.96847
9.85815
9.85815
9.85815
9.85815
9.85815
9.85815
9.85815
9.85815
9.85815
9.85815
9.85815
9.85815
9.85815
9.85815
9.85815
9.85815
9.85815
9.85815
9.85815
9.85815
9.85815
9.85815
9.85815
9.85815
9.85815
9.01415
9.01415
9.01415
9.01415
9.01415
9.01415
9.01415
9.01415
9.01415
9.01415
9.01415
9.01415
9.01415
8.77612
8.77612
8.77612
8.77612
8.77612
8.77612
8.77612
8.77612
8.77612
8.77612
8.77612
8.77612
8.77612
8.77612
8.77612
8.77612
8.77612
8.77612
8.77612
8.77612
8.77612
8.77612
8.77612
8.77612
8.77612
8.77612
8.77612
8.77612
8.77612
8.77612
8.77612
8.77612
8.77612
8.77612
8.77612
8.77612
8.77612
8.77612
8.77612
8.77612
8.77612
8.77612
8.77612
8.77612
8.77612
8.77612
8.77612
8.77612
8.77612
8.29505
8.29505
8.29505
8.29505
8.29505
8.29505
8.29505
8.29505
8.29505
8.29505
8.29505
8.29505
8.29505
8.29505
8.29505
8.29505
8.29505
8.29505
8.29505
8.29505
8.29505
8.29505
8.29505
8.29505
8.29505
8.19841
8.19841
8.19841
8.19841
8.19841
7.94572
7.94572
7.94572
7.94572
7.94572
7.94572
7.94572
7.94572
7.94572
7.63778
7.63778
7.63778
7.63778
7.63778
7.63778
7.63778
7.63778
7.63778
7.63778
7.63778
7.63778
7.63778
7.63778
7.16444
7.16444
7.16444
7.16444
7.16444
7.16444
7.16444
7.16444
7.16444
7.16444
7.16444
7.16444
7.16444
7.16444
7.16444
7.16444
7.10108
7.10108
7.10108
7.10108
7.10108
7.10108
7.10108
7.10108
7.10108
7.10108
7.10108
7.10108
7.10108
7.10108
7.10108
7.10108
7.10108
7.10108
7.10108
7.10108
7.10108
6.86332
6.86332
6.86332
6.86332
6.86332
6.86332
6.86332
6.86332
6.86332
6.86332
6.86332
6.86332
6.86332
6.86332
6.86332
6.86332
6.86332
6.86332
6.86332
6.86332
6.86332
6.86332
6.86332
6.81557
6.81557
6.81557
6.81557
6.81557
6.81557
6.81557
6.81557
6.81557
6.81557
6.81557
6.81557
6.81557
6.81557
6.7305
6.7305
6.7305
6.7305
6.7305
6.7305
6.7305
6.7305
6.7305
6.72435
6.72435
6.72435
6.72435
6.72435
6.72435
6.72435
6.72435
6.72435
6.72435
6.72435
6.72435
6.72435
6.72435
6.72435
6.72435
6.72435
6.72435
6.72435
6.63024
6.63024
6.63024
6.63024
6.63024
6.63024
6.63024
6.63024
6.63024
6.61221
6.61221
6.61221
6.61221
6.61221
6.61221
6.61221
6.34458
6.34458
6.34458
6.34458
6.34458
6.34458
6.34458
6.34458
6.34458
6.34458
6.34458
6.34458
6.34458
6.34458
6.06894
6.06894
6.06894
6.06894
6.06894
6.06894
6.06894
6.06894
6.06894
6.06894
6.06894
6.06894
5.77609
5.77609
5.77609
5.77609
5.77609
5.77609
5.77609
5.77609
5.77609
5.77609
5.77609
5.77609
5.77609
5.77609
5.77609
5.77609
5.77609
5.77609
5.77609
5.77609
5.77609
5.77609
5.77609
5.77609
5.77609
5.77609
5.77609
5.09798
5.09798
5.09798
5.09798
5.09798
5.09798
5.09798
5.09798
5.09798
5.09798
5.09798
5.09798
5.09798
5.09798
5.09798
5.09798
5.09798
5.09798
5.09798
5.09798
5.09798
5.09798
5.09798
5.09798
5.09798
5.09798
5.09798
5.09798
5.09798
5.09798
5.09798
5.09798
5.09798
5.09798
5.09798
5.09798
5.09798
5.09798
5.09798
5.09798
5.09798
5.09798
5.09798
5.09798
5.09798
5.09798
5.09798
5.09798
5.09798
5.09798
5.09798
5.09798
5.09798
5.09798
5.09798
5.09798
5.09798
5.09798
5.09798
5.09798
5.09798
5.09798
5.09798
5.09798
5.09798
5.09798
5.09798
5.09798
5.09798
5.09798
5.09798
5.09798
5.09798
5.09798
5.09798
5.09798
5.09798
5.09798
5.09798
5.09798
5.09798
5.09798
5.09798
5.09798
5.09798
5.09798
5.09798
5.09798
5.09798
5.09798
5.05608
5.05608
5.05608
5.05608
5.05608
5.05608
5.05608
5.05608
5.05608
5.05608
5.05608
5.05608
5.05608
5.05608
5.05608
5.05608
5.05608
5.05608
5.05608
5.05608
5.05608
5.05608
5.05608
5.05608
5.01385
5.01385
5.01385
5.01385
5.01385
5.01385
4.98419
4.98419
4.98419
4.98419
4.98419
4.98419
4.98419
4.98419
4.98419
4.98419
4.98419
4.98419
4.98419
4.98419
4.98419
4.98419
4.98419
4.98419
4.98419
4.98419
4.98419
4.98419
4.98419
4.98419
4.98419
4.98419
4.98419
4.98419
4.98419
4.98419
4.98419
4.98419
4.98419
4.98419
4.98419
4.98419
4.979
4.979
4.979
4.979
4.979
4.979
4.979
4.979
4.979
4.979
4.979
4.979
4.97003
4.97003
4.97003
4.97003
4.97003
4.97003
4.97003
4.97003
4.97003
4.97003
4.97003
4.97003
4.97003
4.97003
4.97003
4.97003
4.96837
4.96837
4.96837
4.96837
4.80293
4.80293
4.80293
4.80293
4.80293
4.80293
4.80293
4.80293
4.80293
4.80293
4.80293
4.80293
4.80293
4.80293
4.80293
4.80293
4.80293
4.80293
4.80293
4.80293
4.80293
4.80293
4.80293
4.80293
4.80293
4.80293
4.80293
4.80293
4.80293
4.80293
4.80293
4.80293
4.80293
4.80293
4.77482
4.77482
4.771
4.771
4.771
4.771
4.771
4.771
4.771
4.771
4.771
4.771
4.771
4.771
4.771
4.771
4.771
4.771
4.771
4.771
4.771
4.771
4.75815
4.75815
4.75815
4.75815
4.75815
4.75815
4.75815
4.75815
4.75815
4.75815
4.75815
4.75815
4.75815
4.75815
4.75815
4.75815
4.75815
4.75815
4.75815
4.75815
4.75815
4.75815
4.75815
4.75815
4.75815
4.75815
4.75815
4.75815
4.75815
4.75815
4.75815
4.75815
4.75815
4.75815
4.75815
4.75815
4.75815
4.75815
4.75815
4.70134
4.6688
4.6688
4.6688
4.6688
4.6688
4.6688
4.6688
4.6688
4.6688
4.6688
4.6688
4.6688
4.6688
4.6688
4.6688
4.6688
4.6688
4.6688
4.6688
4.6688
4.6688
4.6688
4.6688
4.6688
4.6688
4.53697
4.53697
4.53697
4.53697
4.53697
4.53697
4.53697
4.53697
4.53697
4.53697
4.53697
4.53697
4.53697
4.53697
4.53697
4.53697
4.53697
4.53697
4.53697
4.53697
4.53697
4.53697
4.53697
4.53697
4.53697
4.53697
4.53697
4.53697
4.53697
4.44662
4.44662
4.44662
4.44662
4.44662
4.44662
4.44662
4.44662
4.44662
4.44662
4.44662
4.44662
4.44662
4.44662
4.44662
4.44662
4.44662
4.44662
4.44662
4.44662
4.44662
4.44662
4.44662
4.44662
4.44662
4.44662
4.44662
4.44662
4.44662
4.44662
4.44662
4.44662
4.44662
4.44662
4.2007
4.2007
4.2007
4.2007
4.2007
4.2007
4.2007
4.2007
4.2007
4.2007
4.2007
4.2007
4.2007
4.2007
4.2007
4.2007
4.2007
4.2007
4.2007
4.2007
4.2007
4.2007
4.2007
4.2007
4.2007
4.2007
4.2007
4.2007
4.2007
4.2007
4.2007
4.2007
4.2007
4.2007
4.2007
4.2007
4.2007
4.2007
4.2007
4.2007
4.2007
4.2007
4.2007
4.2007
4.2007
4.2007
4.2007
4.2007
4.2007
4.2007
4.2007
4.2007
4.2007
4.2007
4.2007
4.2007
4.2007
4.2007
4.2007
4.2007
4.2007
4.2007
4.2007
4.2007
4.2007
4.2007
4.2007
4.2007
4.2007
4.2007
4.2007
4.2007
4.2007
4.2007
4.2007
4.2007
4.2007
4.2007
4.2007
4.2007
4.2007
4.2007
4.2007
4.2007
4.2007
4.2007
4.2007
4.2007
4.2007
4.2007
4.2007
4.2007
4.2007
4.2007
4.2007
4.2007
4.2007
4.2007
4.2007
4.2007
4.2007
4.2007
4.2007
4.2007
4.2007
4.2007
4.2007
4.2007
4.2007
4.2007
4.2007
4.2007
4.2007
4.2007
4.2007
4.2007
4.2007
4.2007
4.2007
4.2007
4.2007
4.2007
4.2007
4.2007
4.2007
4.2007
4.2007
4.2007
4.2007
4.2007
4.2007
4.2007
4.2007
4.2007
4.2007
4.2007
4.2007
4.2007
4.2007
4.2007
4.2007
4.2007
4.2007
4.2007
4.2007
4.2007
4.2007
4.2007
4.2007
4.2007
4.2007
4.2007
4.2007
4.2007
4.2007
4.2007
4.2007
4.2007
4.2007
4.2007
4.2007
4.2007
4.2007
4.2007
4.2007
4.2007
4.2007
4.2007
4.2007
4.2007
4.2007
4.2007
4.2007
4.2007
4.2007
4.2007
4.2007
4.2007
4.2007
4.2007
4.2007
4.2007
4.2007
4.2007
4.2007
4.2007
4.2007
4.2007
4.2007
4.2007
4.19243
4.19243
4.19243
4.19243
4.19243
4.16379
4.16379
4.16379
4.16379
4.16379
4.16379
4.16379
4.16379
4.16379
4.16379
4.16379
4.16379
4.16379
4.16379
4.16379
4.16379
4.16379
4.16379
4.16379
4.16379
4.16379
4.16379
4.16379
4.16379
4.16379
4.16379
4.16379
4.16379
4.16379
4.16379
4.16379
4.16379
4.16379
4.11036
4.11036
4.11036
4.11036
4.11036
4.11036
4.11036
4.11036
4.11036
4.11036
4.11036
4.11036
4.11036
4.11036
4.11036
4.11036
4.11036
4.11036
4.11036
4.11036
4.11036
4.11036
4.11036
4.09916
4.09916
4.09916
4.09916
4.09916
4.09916
4.09916
4.09916
4.09916
4.09916
4.09916
4.09916
4.09916
4.09916
4.09916
4.09916
4.09916
4.09916
4.09916
4.09916
4.09916
4.09916
4.09916
4.09916
4.09916
4.09916
4.09916
4.09916
4.09916
4.09916
4.09916
4.09916
4.09916
4.09916
4.09916
4.09916
4.09916
4.09916
4.09916
4.09916
4.09916
4.09916
4.09916
4.09916
4.09916
4.09916
4.09916
4.09916
4.09916
4.09916
4.09916
4.09916
4.09114
4.09114
4.09114
4.09114
4.09114
4.09114
4.09114
4.09114
4.09114
4.09114
4.09114
4.09114
4.09114
4.09114
4.09114
4.09114
4.09114
4.09114
4.09114
4.09114
4.09114
4.09114
4.09114
4.09114
4.09114
4.09114
4.09114
4.09114
4.09114
4.09114
4.09114
4.09114
4.09114
4.09114
4.09114
4.09114
4.09114
4.09114
4.09114
4.06007
4.06007
4.06007
4.06007
4.06007
4.06007
4.06007
4.06007
4.06007
4.06007
4.06007
4.06007
4.06007
4.06007
4.06007
4.06007
4.06007
4.06007
4.06007
4.06007
4.06007
4.06007
4.06007
4.06007
4.06007
4.06007
4.05788
4.04747
4.04747
4.04747
4.04747
4.04747
4.04747
4.04747
4.04747
4.04747
4.04747
4.04747
4.04747
4.04747
4.04747
4.04747
4.04747
4.04747
4.04747
4.04747
4.04747
4.04747
4.04747
4.04747
4.04747
4.04747
4.04747
4.04747
4.04747
4.03385
4.03385
4.03385
4.03385
4.03385
4.03385
4.03385
4.03385
4.03385
4.03385
4.03385
4.03385
4.03385
4.03385
4.03385
4.03385
4.03385
4.03385
4.03385
4.03385
4.03385
4.03385
4.03385
4.03385
4.03385
4.03385
4.03385
4.03385
4.03385
4.03385
4.03385
4.03385
4.03385
4.03385
4.03385
4.03385
4.03385
4.03385
4.03385
4.03385
4.03385
4.03385
4.03385
4.03385
4.03385
4.03385
4.03385
4.03385
4.03385
4.03385
4.03385
4.03385
4.03385
4.03385
4.03385
4.03385
4.03385
4.03385
4.03385
4.03385
4.03385
4.03385
4.03385
4.03385
4.03385
4.03385
4.03385
4.03385
4.03385
4.03385
4.03385
4.03385
4.03385
4.03385
4.03385
4.03385
4.03385
4.03385
4.03385
4.03385
4.03385
4.03385
4.03385
4.03385
4.03385
4.03385
4.03385
4.03385
4.03385
4.03385
4.03385
4.03385
4.03385
4.03385
4.03385
3.95664
3.95664
3.95664
3.95664
3.95664
3.95664
3.95664
3.95664
3.95664
3.95664
3.95664
3.95664
3.95664
3.95664
3.95664
3.95664
3.95664
3.95664
3.95664
3.91346
3.91346
3.91346
3.91346
3.91346
3.91346
3.91346
3.91346
3.91346
3.91346
3.91346
3.91346
3.91346
3.91346
3.91346
3.91346
3.91346
3.91346
3.91346
3.91346
3.91346
3.91346
3.91346
3.91346
3.91346
3.91346
3.91346
3.91346
3.91346
3.91346
3.91346
3.91346
3.91346
3.91346
3.91346
3.91346
3.91346
3.91346
3.91346
3.91346
3.91346
3.91346
3.91346
3.91346
3.91346
3.91346
3.91346
3.91346
3.91346
3.91346
3.91346
3.91346
3.91346
3.91346
3.91346
3.91346
3.91346
3.91346
3.91346
3.91346
3.91346
3.91346
3.91346
3.91346
3.91346
3.91346
3.91346
3.91346
3.91346
3.91346
3.91346
3.91346
3.91346
3.91346
3.91346
3.91346
3.91346
3.91346
3.91346
3.91346
3.91346
3.91346
3.91346
3.91346
3.91346
3.91346
3.91346
3.91346
3.91346
3.91346
3.91346
3.91346
3.91346
3.91346
3.91346
3.91346
3.89631
3.89631
3.89631
3.89631
3.89631
3.89631
3.89631
3.89631
3.89631
3.89631
3.89631
3.89631
3.89631
3.89631
3.89631
3.89631
3.89631
3.89631
3.89631
3.89631
3.89631
3.89631
3.89631
3.89631
3.89631
3.89631
3.89631
3.89631
3.89631
3.89631
3.89631
3.89631
3.89631
3.89631
3.89631
3.80008
3.80008
3.80008
3.80008
3.80008
3.80008
3.80008
3.80008
3.80008
3.80008
3.80008
3.80008
3.80008
3.80008
3.80008
3.80008
3.80008
3.80008
3.80008
3.80008
3.80008
3.80008
3.80008
3.80008
3.80008
3.80008
3.80008
3.80008
3.80008
3.80008
3.79768
3.79768
3.79768
3.79768
3.79768
3.79768
3.79768
3.79768
3.79768
3.79768
3.79768
3.79768
3.79768
3.79768
3.79768
3.79768
3.79768
3.79768
3.79768
3.79768
3.79768
3.79768
3.79768
3.79768
3.79768
3.79768
3.79768
3.79768
3.79768
3.79768
3.79768
3.79768
3.79768
3.79768
3.79768
3.79768
3.79768
3.79768
3.79768
3.79768
3.79768
3.79768
3.79768
3.79768
3.79768
3.79768
3.79768
3.79768
3.79768
3.79768
3.79768
3.79768
3.78939
3.78939
3.78939
3.78939
3.78939
3.78939
3.78939
3.78939
3.78939
3.78939
3.78939
3.78939
3.78939
3.78939
3.78939
3.78939
3.78939
3.78939
3.78939
3.78939
3.78939
3.78939
3.78939
3.78939
3.78939
3.78939
3.78939
3.78939
3.78939
3.78939
3.78939
3.78939
3.78939
3.78939
3.78939
3.78939
3.78939
3.78939
3.78939
3.78939
3.78939
3.78939
3.78939
3.78939
3.78939
3.78939
3.78939
3.78939
3.78939
3.78939
3.78939
3.78939
3.78939
3.78939
3.78939
3.78939
3.78939
3.78939
3.78939
3.78939
3.78939
3.78939
3.78939
3.78939
3.78939
3.78939
3.78939
3.78939
3.78939
3.78939
3.78939
3.78939
3.78939
3.78939
3.78939
3.78939
3.78939
3.78939
3.787
3.787
3.787
3.787
3.787
3.787
3.787
3.787
3.787
3.787
3.787
3.787
3.787
3.787
3.787
3.787
3.787
3.787
3.787
3.787
3.787
3.787
3.787
3.787
3.787
3.787
3.787
3.787
3.787
3.787
3.787
3.787
3.787
3.787
3.787
3.787
3.787
3.787
3.787
3.787
3.78483
3.78483
3.78483
3.78483
3.78483
3.78483
3.78483
3.78483
3.78483
3.78483
3.78483
3.78483
3.78483
3.78483
3.78483
3.78483
3.78483
3.78483
3.78483
3.78483
3.78483
3.78483
3.78483
3.78483
3.78483
3.78483
3.78483
3.78483
3.78483
3.78483
3.78483
3.78483
3.78483
3.78483
3.78483
3.78483
3.78483
3.78483
3.78483
3.78483
3.78483
3.78483
3.78444
3.78444
3.78444
3.78444
3.78444
3.78444
3.78444
3.78444
3.78444
3.78444
3.78444
3.78444
3.78444
3.78444
3.78444
3.78444
3.78444
3.78444
3.78444
3.78444
3.78444
3.78397
3.78397
3.78397
3.78397
3.78397
3.78397
3.78397
3.78397


25.0276
17.5909
11.9107
15.1711
17.4897
13.1627
13.8404
17.0614
13.5076
17.6698
14.0387
14.0488
15.2325
14.3355
14.5195
13.3452
19.5886
16.2985
13.9723
15.3856
15.7446
14.0547
13.8626
14.7084
14.7772
14.7314
13.3053
20.1745
15.5149
62.8912

0.032

