0.567583
0.567583
0.567583
0.567583
0.567583
0.567583
0.567583
0.567583
0.528289
0.528289
0.528289
0.528289
0.528289
0.528289
0.528289
0.528289
0.528289
0.528289
0.528289
0.528289
0.441993
0.441993
0.441993
0.441993
0.420197
0.420197
0.420197
0.420197
0.420197
0.420197
0.420197
0.420197
0.420197
0.420197
0.420197
0.420197
0.277355
0.277355
0.277355
0.277355
0.277355
0.277355
0.277355
0.277355
0.277355
0.277355
0.277355
0.277355
0.277355
0.277355
0.277355
0.277355
0.277355
0.223393
0.207475
0.207475
0.207475
0.207475
0.207475
0.207475
0.207475
0.207475
0.207475
0.207475
0.207475
0.207475
0.207475
0.198803
0.198803
0.198803
0.198803
0.153071
0.153071
0.153071
0.153071
0.153071
0.153071
0.153071
0.153071
0.153071
0.153071
0.153071
0.153071
0.153071
0.153071
0.137892
0.137892
0.137892
0.137892
0.137892
0.137892
0.137892
0.137892
0.086768
0.086768
0.086768
0.086768
0.086768
0.086768
0.086768
0.0722938
0.0722938
0.0722938
0.0722938
0.0722938
0.0722938
0.0722938
0.0722938
0.0722938
0.0722938
0.0722938
0.0722938
0.0722938
0.0648655
0.0648655
0.0648655
0.0648655
0.0648655
0.0648655
0.0648655
0.0648655
0.0648655
0.0648655
0.0648655
0.0648655
0.0648655
0.0648655
0.0648655
0.0489346
0.0489346
0.0489346
0.0489346
0.0489346
0.0489346
0.0489346
0.0489346
0.0489346
0.0489346
0.0489346
0.0489346
0.0489346
0.0489346
0.0489346
0.0489346
0.0489346
0.0489346
0.0489346
0.0489346
0.0434524
0.0318219
0.0318219
0.0318219
0.0318219
0.0318219
0.0318219
0.0318219
0.0318219
0.0318219
0.0318219
0.0318219
0.0303271
0.0303271
0.0303271
0.0303271
0.0303271
0.0303271
0.0303271
0.0303271
0.0303271
0.0303271
0.0301555
0.0301555
0.0301555
0.0275484
0.0275484
0.0275484
0.0275484
0.0275484
0.0275484
0.0275484
0.0275484
0.0275484
0.0275484
0.0255871
0.0255871
0.0229637
0.0229637
0.0229637
0.0229637
0.0229637
0.0229637
0.0229637
0.0229637
0.0229637
0.0229637
0.0229637
0.0229637
0.0229637
0.0229637
0.0229518
0.0218416
0.0218416
0.0218416
0.0218416
0.0218416
0.0218416
0.0218416
0.0218416
0.0218416
0.0218416
0.0218416
0.0218211
0.0218211
0.0218211
0.0218211
0.0218211
0.0214094
0.0214094
0.0214094
0.0214094
0.0214094
0.0214094
0.0214094
0.0214094
0.0214094
0.0214094
0.0211799
0.0211799
0.0211799
0.0211799
0.0205362
0.0205362
0.0205362
0.0205362
0.017912
0.017912
0.017912
0.017912
0.017912
0.017912
0.017912
0.017912
0.017912
0.017912
0.017912
0.0132551
0.0132425
0.0132425
0.0132425
0.0132425
0.0132425
0.0130515
0.0130515
0.0130515
0.0130515
0.0130515
0.0129209
0.0129209
0.0129209
0.0129209
0.0124514
0.0111663
0.0111663
0.0111663
0.0111663
0.0106861
0.0106861
0.0106861
0.0106861
0.0106861
0.0106861
0.0106861
0.0106861
0.0106861
0.0106861
0.0106861
0.0106861
0.0106861
0.0106861
0.0106861
0.0106861
0.0106861
0.0106861
0.0106861
0.0106861
0.0106861
0.00985827
0.00985827
0.00985827
0.00985827
0.00985827
0.00985827
0.00985827
0.00985827
0.00985827
0.00985827
0.00985827
0.00985827
0.00985827
0.00935458
0.00935458
0.00935458
0.00935458
0.00935458
0.00935458
0.00935458
0.00935458
0.00935458
0.00935458
0.00935458
0.00935458
0.00935458
0.00935458
0.00935458
0.00935458
0.00935458
0.00935458
0.00935458
0.00935458
0.00923432
0.00923432
0.00923432
0.00923432
0.00923432
0.00923432
0.00923432
0.00923432
0.00703692
0.00703692
0.00703692
0.00703692
0.00703692
0.00703692
0.00703692
0.00703692
0.00703692
0.00703692
0.00703692
0.00703692
0.00428308
0.00428308
0.00428308
0.00428308
0.00428308
0.00428308
0.00428308
0.00428308
0.00428308
0.00428308
0.00428308
0.00428308
0.00428308
0.00428308
0.00428308
0.00428308
0.00428308
0.00428308
0.00428308
0.00428308
0.00428308
0.00428308
0.0041198
0.0041198
0.0041198
0.0041198
0.0041198
0.00368613
0.00368613
0.00368613
0.00368613
0.00368613
0.00368613
0.00368613
0.00368613
0.00368613
0.00368613
0.0035792
0.0035792
0.0035792
0.0035792
0.0035792
0.0035792
0.0035792
0.0035792
0.0035792
0.0035792
0.0035792
0.0035792
0.0035792
0.0035792
0.0035792
0.0035792
0.0035792
0.0035792
0.0035792
0.0035792
0.0035792
0.0035792
0.0035792
0.0035792
0.0035792
0.0035792
0.0035792
0.0035792
0.0035792
0.0035792
0.0014353
0.0014353
0.0014353
0.0014353
0.0014353
0.0014353
0.0014353
0.0014353
0.0014353
0.0014353
0.0014353
0.0014353
0.0014353
0.0014353
0.0014353
0.0014353
0.0014353
0.0014353
0.0014353
0.0014353
0.000695472
0.000695472
0.000695472
0.000695472
0.000695472
0.000695472
0.000695472
0.000695472
0.000695472
0.000695439
0.000695439
0.000695439
0.000695439
0.000695439
0.000694028
0.000694028
0.000607204
0.000607204
0.000607204
0.000607204
0.000607204
0.000607204
0.000607204
0.000607204
0.000607204
0.000607204
0.000604106
0.000604106
0.000604106
0.000604106
0.000604106
0.000604106
0.000604106
0.000604106
0.000604106
0.000604106
0.000604106
0.000604106
0.000604106
0.000604106
0.000604106
0.000604106
0.000604106
0.000604106
0.000604106
0.000604106
0.00039136
0.00039136
0.00039136
0.00039136
0.00039136
0.00039136
0.00039136
0.00039136
0.00039136
0.00039136
0.00039136
0.00039136
0.00039136
0.00039136
0.00039136
0.00039136
0.00039136
0.00039136
0.00039136
0.00039136
0.00039136
0.00039136
0.00039136
0.00038669
0.00038669
0.00038669
0.00038669
0.00038669
0.00038669
0.00038669
0.00038669
0.00038669
0.00038669
0.00038669
0.00038669
0.00038669
0.00038669
0.00038669
0.00038669
0.00038669
0.00038669
0.00038669
0.00038669
0.00038669
0.00038669
0.00038669
0.00038669
0.00038669
0.00038669
0.00038669
0.00038669
0.00038669
0.00030244
0.00030244
0.00030244
0.000283729
0.000283729
0.000283729
0.000283729
0.000283729
0.000283729
0.000283729
0.000283729
0.000283729
0.000283729
0.000283729
0.000283729
0.000283729
0.000283729
0.000283729
0.000283729
0.000283729
0.000283729
0.000283729
0.000283729
0.000283729
0.000283729
0.000283729
0.000283729
0.000283729
0.000283729
0.000283729
0.000283729
0.000283729
0.000283729
0.000283729
0.000283729
0.000283729
0.000283729
0.000283729
0.000283729
0.000283729
0.000283729
0.000283729
0.000283729
0.000283729
0.000283729
0.000264465
0.000264465
0.000264465
0.000264465
0.000264465
0.000264465
0.000264465
0.000264465
0.000257757
0.000257757
0.000257757
0.000257757
0.000257757
0.000257757
0.000257757
0.000257757
0.000257757
0.000257757
0.000257757
0.000257757
0.000257757
0.000257757
0.000257757
0.000257757
0.000257757
0.000257757
0.000257757
0.000257757
0.000257757
0.000257757
0.000257757
0.000257757
0.000257757
0.000232419
0.000232419
0.000232419
0.000232419
0.000232419
0.000232419
0.000232419
0.000232419
0.000232419
0.000232419
0.000232419
0.000232419
0.000232419
0.000232419
0.000232419
0.000232419
0.000232419
0.000232419
0.000232419
0.00022821
0.00022821
0.00022821
0.00022821
0.00022821
0.00022821
0.00022821
0.00022821
0.00022821
0.00022821
0.00022821
0.00022821
0.00022821
0.00022821
0.00022821
0.00022821
0.00022821
0.00022821
0.00022821
0.00022821
0.00022821
0.00022821
0.00022821
0.00022738
0.00022738
0.00022738
0.00022738
0.00022738
0.00022738
0.00022738
0.00022738
0.00022738
0.00022738
0.00022738
0.00022738
0.00022738
0.00022738
0.00022738
0.00022738
0.00022738
0.00022738
0.00022738
0.00022738
0.00022738
0.000227166
0.000227166
0.000206213
0.000206213
0.000206213
0.000206213
0.000203664
0.000203664
0.000203664
0.000203664
0.000203664
0.000203664
0.000203664
0.000203664
0.000203664
0.000203664
0.000203664
0.000203664
0.000203664
0.000203664
0.000193787
0.000193787
0.000193787
0.000193787
0.000193787
0.000193787
0.000193787
0.000193787
0.000193787
0.000193787
0.000193028
0.000193028
0.000193028
0.000193028
0.000193028
0.000193028
0.000179323
0.000179323
0.000179323
0.000179323
0.000179323
0.000179323
0.000179323
0.000179323
0.000179323
0.000179323
0.000179323
0.000179323
0.000179323
0.000179323
0.000179323
0.000179323
0.000179323
0.000179323
0.000179323
0.000179323
0.000179323
0.000179323
0.000179323
0.000179323
0.000179323
0.000179323
0.000179323
0.000179323
0.000179323
0.000179323
0.000179323
0.000179323
0.000179323
0.000179323
0.000179323
0.000179323
0.000179323
0.000179323
0.000179323
0.000179323
0.000179323
0.000179323
0.00017004
0.00017004
0.00017004
0.00017004
0.00017004
0.00017004
0.00017004
0.00017004
0.00017004
0.00017004
0.00017004
0.00017004
0.00017004
0.00017004
0.00017004
0.000164181
0.000164181
0.000164181
0.000164181
0.000164181
0.000164181
0.000164181
0.000164181
0.000164181
0.000164181
0.000164181
0.000164181
0.000164181
0.000164181
0.000164181
0.000164181
0.000164181
0.000164181
0.000164181
0.000164181
0.000158751
0.000158751
0.000158751
0.000158751
0.000158751
0.000158751
0.000158751
0.000151387
0.000151387
0.000151387
0.000151387
0.000143131
0.000143131
0.000143131
0.000143131
0.000143131
0.000143131
0.000143131
0.000143131
0.000143131
0.000143131
0.000143131
0.000143131
0.000143131
0.000143131
0.000143131
0.000143131
0.000143131
0.000143131
0.000143131
0.000143131
0.000142084
0.000142084
0.000142084
0.000142084
0.000142084
0.000142084
0.000142084
0.000142084
0.000142084
0.000142084
0.000142084
0.000142084
0.000142084
0.000142084
0.000142084
0.000142084
0.000142084
0.000142084
0.000142084
0.000142084
0.000142084
0.000142084
0.000142084
0.000142084
0.000142084
0.000142084
0.000142084
0.000142084
0.000142084
0.000142084
0.000142084
0.000142084
0.000142084
0.000142084
0.000142084
0.000142084
0.000142084
0.000142084
0.000142084
0.000142084
0.000142084
0.000142084
0.000142084
0.000142084
0.000142084
0.000142084
0.000142084
0.000142084
0.000142084
0.000140072
0.000140072
0.000140072
0.000140072
0.000140072
0.000140072
0.000140072
0.000140072
0.000140072
0.000140072
0.000140072
0.000140072
0.000140072
0.000140072
0.000140072
0.000140072
0.000140072
0.000140072
0.000140072
0.000140072
0.000140072
0.000140072
0.000140072
0.000140072
0.000140072
0.000140072
0.000140072
0.000140072
0.000140072
0.000140061
0.000140061
0.000140061
0.000140061
0.000140061
0.000140061
0.000140061
0.000140061
0.000140061
0.000140061
0.000140061
0.000140061
0.000140061
0.000140061
0.000140061
0.000140061
0.000140061
0.000140061
0.000140061
0.000140061
0.000140061
0.000140061
0.000140061
0.000140061
0.000140061
0.000140061
0.000140061
0.000140061
0.000140061
0.000140061
0.000140061
0.000140061
0.000140061
0.000140061
0.000140061
0.000140061
0.000140061
0.000140061
0.000140061
0.000140061
0.000140061
0.000140061
0.000140061
0.000140061
0.000140061
0.000140061
0.000140061
0.000140056
0.000140056
0.000140056
0.000140056
0.000140056
0.000140056
0.000140056
0.000140056
0.000140056
0.000140056
0.000140056
0.000140056
0.000140056
0.000140056
0.000140056
0.000140056
0.000140056
0.000140056
0.000140056
0.000140056
0.000140056
0.000140056
0.000140056
0.000140056
0.000140056
0.000140056
0.000140056
0.000140056
0.000137563
0.000137563
0.000137563
0.000137563
0.000137563
0.000137563
0.000137563
0.000137563
0.000137563
0.000137563
0.000137563
0.000137563
0.000137563
0.000137563
0.000137563
0.000137563
0.000137563
0.000137563
0.000137563
0.000137563
0.000137563
0.000137563
0.000137563
0.000137563
0.000137563
0.000137563
0.000137563
0.000137563
0.000137563
0.000137563
0.000137563
0.000137563
0.000137563
0.000137563
0.000137563
0.000137563
0.000137563
0.000137563
0.000137563
0.000137563
0.000137563
0.000137454
0.000137454
0.000137454
0.000137454
0.000137454
0.000137454
0.000137454
0.000137454
0.000137454
0.000137454
0.000137454
0.000137454
0.000137454
0.000137454
0.000137454
0.000137454
0.000137454
0.000137454
0.000137454
0.000137454
0.000137454
0.000137454
0.000137454
0.000137454
0.000137323
0.000137323
0.000137323
0.000137323
0.000137323
0.000137323
0.000137323
0.000137323
0.000137323
0.000137323
0.000137323
0.000137323
0.000137323
0.000137323
0.000137323
0.000137323
0.000137323
0.000137323
0.000137323
0.000137323
0.000137323
0.000137323
0.000137323
0.000137323
0.000137323
0.000137323
0.000137323
0.000137323
0.000137323
0.000137323
0.000137323
0.000137323
0.000137323
0.000137323
0.000137323
0.000137323
0.000137323
0.000137323
0.000137323
0.000137323
0.000137323
0.000137323
0.000137323
0.000137323
0.000137323
0.000137323
0.000137323
0.000137323
0.000137323
0.000137323
0.000137323
0.000137323
0.000137323
0.000137323
0.000137323
0.000132428
0.000132428
0.000132428
0.000132428
0.000132428
0.000132428
0.000132428
0.000132428
0.000132428
0.000132428
0.000132428
0.000132428
0.000132428
0.000132428
0.000132428
0.000132428
0.000132428
0.000132428
0.000132428
0.000132428
0.000132428
0.000132428
0.000132428
0.000132428
0.000132428
0.000132428
0.000132428
0.000132428
0.000132428
0.000132428
0.000130098
0.000130098
0.000130098
0.000130098
0.000130098
0.000130098
0.000130098
0.000130098
0.000130098
0.000130098
0.000130098
0.000130098
0.000130098
0.000130098
0.000127602
0.000127602
0.000127602
0.000127602
0.000127602
0.000127602
0.000127602
0.000127602
0.000127602
0.000127602
0.000127602
0.000127602
0.000127602
0.000127602
0.000127602
0.000127602
0.000127602
0.000127602
0.000127602
0.000127602
0.000127602
0.000127602
0.000127602
0.000127602
0.000127602
0.000127602
0.000127602
0.000127602
0.000127602
0.000127602
0.000127602
0.000127602
0.000127602
0.000127602
0.000127602
0.000127602
0.000127602
0.000127602
0.000127602
0.000127602
0.000127602
0.000127602
0.000127602
0.000127602
0.000127602
0.000127602
0.000127602
0.000127602
0.000127602
0.000127602
0.000127602
0.000127602
0.000127602
0.000127602
0.000127602
0.000127602
0.000127602
0.000127602
0.000127602
0.000127602
0.000127602
0.000127541
0.000127541
0.000127541
0.000127541
0.000127541
0.000127541
0.000127541
0.000127541
0.000127541
0.000127541
0.000127541
0.000127541
0.000127541
0.000127541
0.000127541
0.000127541
0.000127541
0.000127541
0.000127541
0.000127541
0.000127541
0.000127541
0.000127541
0.000127541
0.000127541
0.000127541
0.000127541
0.000127541
0.000127541
0.000127541
0.000127541
0.000127541
0.000127541
0.000127541
0.000127541
0.000127541
0.000127541
0.000127541
0.000127541
0.000127541
0.000127541
0.000127541
0.000127541
0.000127541
0.000127541
0.000127541
0.000127541
0.000127541
0.000127541
0.000127541
0.000127541
0.000127541
0.000127541
0.000127541
0.000127541
0.000127541
0.000127541
0.000127541
0.000127541
0.000127541
0.000127541
0.000127541
0.000127541
0.000127541
0.000127541
0.000127541
0.000127541
0.000127541
0.000127541
0.000127541
0.000127541
0.000127541
0.000127541
0.000127541
0.000127541
0.000127541
0.000127541
0.000127541
0.000127541
0.000127541
0.000127541
0.000127541
0.000127541
0.000127541
0.000127541
0.000127541
0.000127541
0.000127541
0.000127541
0.00012754
0.00012754
0.00012754
0.00012754
0.00012754
0.00012754
0.00012754
0.00012754
0.00012754
0.00012754
0.00012754
0.00012754
0.00012754
0.00012754
0.00012754
0.00012754
0.00012754
0.00012754
0.00012754
0.00012754
0.00012754
0.00012754
0.00012754
0.00012754
0.00012754
0.00012754
0.00012754
0.00012754
0.00012754
0.00012754
0.00012754
0.00012754
0.00012754
0.00012754
0.00012754
0.00012754
0.00012754
0.00012754
0.00012754
0.00012754
0.00012754
0.00012754
0.00012754
0.00012754
0.00012754
0.00012754
0.00012754
0.00012754
0.00012754
0.00012754
0.00012754
0.00012754
0.00012754
0.00012754
0.00012754
0.00012754
0.00012754
0.00012754
0.00012754
0.00012754
0.00012754
0.00012754
0.00012754
0.00012754
0.00012754
0.00012754
0.00012754
0.00012754
0.00012754
0.00012754
0.00012754
0.00012754
0.00012754
0.00012754
0.00012754
0.00012754
0.00012754
0.00012754
0.00012754
0.00012754
0.00012754
0.00012754
0.00012754
0.00012754
0.00012754
0.00012754
0.00012754
0.000127536
0.000127536
0.000127536
0.000127536
0.000127536
0.000127536
0.000127536
0.000127536
0.000127536
0.000127536
0.000127536
0.000127536
0.000127536
0.000127536
0.000127536
0.000127536
0.000127536
0.000127536
0.000127536
0.000127536
0.000127536
0.000127536
0.000127536
0.000127536
0.000127536
0.000127536
0.000127536
0.000127536
0.000127536
0.000127536
0.000127536
0.000127536
0.000127536
0.000127536
0.000127536
0.000127536
0.000127536
0.000127536
0.000127536
0.000127536
0.000127536
0.000127536
0.000127536
0.000127536
0.000127536
0.000127536
0.000127536
0.000127536
0.000127536
0.000127536
0.000127536
0.000127536
0.000127536
0.000127536
0.000127536
0.000127536
0.000127536
0.000127536
0.000127536
0.000127536
0.000127536
0.000127536
0.000127536
0.000127536
0.000127536
0.000127536
0.000127536
0.000127536
0.000127536
0.000127536
0.000127536
0.000127536
0.000127536
0.000127536
0.000127536
0.000127536
0.000127536
0.000127536
0.000127536
0.000127536
0.000127536
0.000127536
0.000127536
0.000127536
0.000127536
0.000127536
0.000127536
0.000127536
0.000127536
0.000127536
0.000127536
0.000127536
0.000127536
0.000127536
0.000127536
0.000127536
0.000127536
0.000127536
0.000127536
0.000127536
0.000127536
0.000127536
0.000127536
0.000127536
0.000127536
0.000127536
0.000127536
0.000127536
0.000127536
0.000127536
0.000127536
0.000127536
0.000127536
0.000127536
0.000127536
0.000127536
0.000127536
0.000127536
0.000127536
0.000127536
0.000127536
0.000127536
0.000127536
0.000127536
0.000127536
0.000127536
0.000127536
0.000127536
0.000127536
0.000127536
0.000127536
0.000127536
0.000127536
0.000127536
0.000127536
0.000127536
0.000127536
0.000127536
0.000127536
0.000127536
0.000127536
0.000127536
0.000127536
0.000127536
0.000127536
0.000127536
0.000127536
0.000127536
0.000127536
0.000127536
0.000127536
0.000127536
0.000127536
0.000127536
0.000127536
0.000127536
0.000127536
0.000127536
0.000127536
0.000127536
0.000127536
0.000127536
0.000127536
0.000127536
0.000127536
0.000127536
0.000127536
0.000127536
0.000127536
0.000127536
0.000127536
0.000127536
0.000127536
0.000127536
0.000127536
0.000127536
0.000127536
0.000127536
0.000127536
0.000127536
0.000127536
0.000127536
0.000127536
0.000127536
0.000127536
0.000127536
0.000127536
0.000127536
0.000127536
0.000127536
0.000127536
0.000127536
0.000127536
0.000127536
0.000127536
0.000127536
0.000127536
0.000127536
0.000127536
0.000127536
0.000127536
0.000127536
0.000127536
0.000127536
0.000127536
0.000127536
0.000127536
0.000127536
0.000127536
0.000127536
0.000127536
0.000127536
0.000127536
0.000127536
0.000127536
0.000127536
0.000127536
0.000127536
0.000127536
0.000127536
0.000127536
0.000127536
0.000127536
0.000127536
0.000127536
0.000127536
0.000127536
0.000127536
0.000127536
0.000127536
0.000127536
0.000127536
0.000127536
0.000127536
0.000127536
0.000127536
0.000127536
0.000127536
0.000127536
0.000127536
0.000127536
0.000127536
0.000127536
0.000127536
0.000127536
0.000127536
0.000127536
0.000127536
0.000127536
0.000127536
0.000127536
0.000127536
0.000127536
0.000127536
0.000127536
0.000127536
0.000127536
0.000127536
0.000127536
0.000127536
0.000127536
0.000127536
0.000127536
0.000127536
0.000127536
0.000127536
0.000127536
0.000127536
0.000127536
0.000127536
0.000127536
0.000127536
0.000127536
0.000127536
0.000127536
0.000127536
0.000127536
0.000127536
0.000127536
0.000127536
0.000127536
0.000127536
0.000127536
0.000127536
0.000127536
0.000127536
0.000127536
0.000127536
0.000127536
0.000127536
0.000127536
0.000127536
0.000127536
0.000127536
0.000127536
0.000127536
0.000127536
0.000127536
0.000127536
0.000127536
0.000127536
0.000127536
0.000127536
0.000127536
0.000127536
0.000127536
0.000127536
0.000127536
0.000127536
0.000127536
0.000127536
0.000127536
0.000127536
0.000127536
0.000127536
0.000127536
0.000127536
0.000127536
0.000127536
0.000127536
0.000127536
0.000127536
0.000127536
0.000127536
0.000127536
0.000127536
0.000127536
0.000127536
0.000127536
0.000127536
0.000127536
0.000127536
0.000127536
0.000127536
0.000127536
0.000127536
0.000127536
0.000127536
0.000127536
0.000127536
0.000127536
0.000127536
0.000127536
0.000127536
0.000127536
0.000127536
0.000127536
0.000127536
0.000127536
0.000127536
0.000127536
0.000127536
0.000127536
0.000127536
0.000127536
0.000127536
0.000127536
0.000127536
0.000127536
0.000127536
0.000127536
0.000127536
0.000127536
0.000127536
0.000127536
0.000127536
0.000127536
0.000127536
0.000127536
0.000127536
0.000127536
0.000127536
0.000127536
0.000127536
0.000127536
0.000127536
0.000127536
0.000127536
0.000127536
0.000127536
0.000127536
0.000127536
0.000127536
0.000127536
0.000127536
0.000127536
0.000127536
0.000127536
0.000127536
0.000127536
0.000127536
0.000127536
0.000127536
0.000127536
0.000127536
0.000127536
0.000127536
0.000127536
0.000127536
0.000127536
0.000127536
0.000127536
0.000127536
0.000127536
0.000127536
0.000127536
0.000127536
0.000127536
0.000127536
0.000127536
0.000127536
0.000127536
0.000127536
0.000127536
0.000127536
0.000127536
0.000127536
0.000127536
0.000127536
0.000127536
0.000127536
0.000127536
0.000127536
0.000127536
0.000127536
0.000127536
0.000127536
0.000127536
0.000127536
0.000127536
0.000127536
0.000127536
0.000127536
0.000127536
0.000127536
0.000127536
0.000127536
0.000127536
0.000127536
0.000127536
0.000127536
0.000127536
0.000127536
0.000127536
0.000127536
0.000127536
0.000127536
0.000127536
0.000127536
0.000127536
0.000127536
0.000127536
0.000127536
0.000127536
0.000127536
0.000127536
0.000127536
0.000127536
0.000127536
0.000127536
0.000127536
0.000127536
0.000127536
0.000127536
0.000127536
0.000127536
0.000127536
0.000127536
0.000127536
0.000127536
0.000127536
0.000127536
0.000127536
0.000127536
0.000127536
0.000127536
0.000127536
0.000127536
0.000127536
0.000127536
0.000127536
0.000127536
0.000127536
0.000127536
0.000127536
0.000127536
0.000127536
0.000127536
0.000127536
0.000127536
0.000127536
0.000127536
0.000127536
0.000127536
0.000127536
0.000127536
0.000127536
0.000127536
0.000127536
0.000127536
0.000127536
0.000127536
0.000127536
0.000127536
0.000127536
0.000127536
0.000127536
0.000127536
0.000127536
0.000127536
0.000127536
0.000127536
0.000127536
0.000127536
0.000127536
0.000127536
0.000127536
0.000127536
0.000127536
0.000127536
0.000127536
0.000127536
0.000127536
0.000127536
0.000127536
0.000127536
0.000127536
0.000127536
0.000127536
0.000127536
0.000127536
0.000127536
0.000127536
0.000127536
0.000127536
0.000127536
0.000127536
0.000127536
0.000127536
0.000127536
0.000127536
0.000127536
0.000127536
0.000127536
0.000127536
0.000127536
0.000127536
0.000127536
0.000127536
0.000127536
0.000127536
0.000127536
0.000127536
0.000127536
0.000127536
0.000127536
0.000127536
0.000127536
0.000127536
0.000127536
0.000127536
0.000127536
0.000127536
0.000127536
0.000127536
0.000127536
0.000127536
0.000127536
0.000127536
0.000127536
0.000127536
0.000127536
0.000127536
0.000127536
0.000127536
0.000127536
0.000127536
0.000127536
0.000127536
0.000127536
0.000127536
0.000127536
0.000127536
0.000127536
0.000127536
0.000127536
0.000127536
0.000127536
0.000127536
0.000127536
0.000127536
0.000127536
0.000127536
0.000127536
0.000127536
0.000127536
0.000127536
0.000127536
0.000127536
0.000127536
0.000127536
0.000127536
0.000127536
0.000127536
0.000127536
0.000127536
0.000127536
0.000127536
0.000127536
0.000127536
0.000127536
0.000127536
0.000127536
0.000127536
0.000127536
0.000127536
0.000127536
0.000127536
0.000127536
0.000127536
0.000127536
0.000127536
0.000127536
0.000127536
0.000127536
0.000127536
0.000127536
0.000127536
0.000127536
0.000127536
0.000127536
0.000127536
0.000127536
0.000127536
0.000127536
0.000127536
0.000127536


0.00125126
0.00125126
0.00125126
0.00125126
0.00125126
0.00125126
0.00125126
0.00125126
0.00125126
0.00125126
0.00125126
0.00125126
0.00125126
0.00125126
0.0885342
0.0885342
0.00125126
0.00125126
0.00125126
0.00125126
0.0885342
0.00125126
0.00125126
0.00125126
0.00125126
0.0885342
0.0885342
0.27543
-0.741325
0.378216

0.021

