196.2
196.2
196.2
196.2
196.2
196.2
196.2
196.2
181.018
181.018
181.018
181.018
181.018
181.018
181.018
181.018
181.018
181.018
181.018
181.018
181.018
181.018
181.018
181.018
181.018
181.018
158.103
158.103
158.103
158.103
158.103
158.103
158.103
151.231
151.231
151.231
151.231
145.331
145.331
140.792
140.792
140.792
140.792
140.792
123.363
123.363
123.363
123.363
123.363
123.363
123.363
123.363
123.363
123.363
123.363
123.363
123.363
123.363
123.363
123.363
123.363
84.7609
84.7609
84.7609
84.7609
84.7609
84.7609
84.7609
84.7609
84.7609
81.4775
81.4775
81.4775
81.4775
81.4775
81.4775
81.4775
81.4775
81.4775
81.4775
81.4775
81.4775
81.4775
81.4775
81.4775
81.4775
81.4775
74.4957
74.4957
74.4957
74.4957
74.4957
74.4957
74.4957
74.4957
74.4957
74.4957
74.4957
74.4957
74.4957
74.4957
74.4957
74.4957
74.4957
74.4957
74.4957
74.4957
74.4957
74.4957
74.4957
74.4957
74.4957
74.4957
74.4957
74.4957
74.4957
74.4957
74.4957
74.4957
74.4957
74.4957
74.4957
74.4957
74.4957
74.4957
74.4957
74.4957
74.4957
74.4957
74.4957
74.4957
74.4957
74.4957
74.4957
74.4957
74.4957
72.6981
72.6981
72.6981
72.6981
72.6981
72.6981
72.6981
72.6869
72.6869
72.6869
67.1813
66.6684
66.6684
66.6684
66.6684
66.6684
66.6684
66.6684
66.6684
66.6684
66.6684
66.6684
66.6684
66.6684
66.6684
66.6684
66.6684
57.3576
57.3576
57.3576
57.3576
57.3576
57.3576
57.3576
57.3576
57.3576
57.3576
57.3576
57.3576
57.3576
57.3576
57.3576
57.3576
57.3576
57.3576
57.3576
57.3576
57.3576
57.3576
57.3576
57.3576
53.6928
53.6928
53.6928
53.6928
53.6928
53.6928
53.6928
53.6928
53.6928
53.6928
53.6928
53.6928
53.6928
53.6928
53.6928
53.6928
47.9923
47.9923
47.9923
47.9923
47.9923
47.9923
47.9923
47.9923
47.9923
47.9923
47.9923
47.9923
47.9923
47.6133
47.6133
47.6133
47.6133
47.6133
47.6133
47.6133
47.6133
47.6133
47.6133
47.6133
47.6133
47.6133
47.6133
46.8251
46.8251
45.2937
45.2937
45.2937
45.2937
45.2937
45.2937
43.3361
43.3361
43.3361
43.3361
43.3361
43.3361
42.3307
42.3307
42.3307
42.3307
42.3307
42.3307
42.3307
42.3307
42.3307
42.3307
42.3307
42.3307
41.1342
41.1342
41.1342
41.1342
41.1342
41.1342
41.1342
41.1342
41.1342
41.1342
41.1342
41.1342
41.1342
41.1342
41.1342
41.1342
41.1342
41.1342
41.1342
41.1342
41.1342
41.1342
41.1342
41.1342
41.1342
41.1342
36.9125
36.9125
36.9125
36.9125
33.07
33.07
33.07
33.07
33.07
33.07
33.07
33.07
33.07
33.07
33.07
33.07
33.07
33.07
33.07
33.07
33.07
28.4314
28.4314
28.4314
28.4314
28.4314
28.4314
28.4314
28.4314
28.4314
28.4314
28.4314
28.4314
28.4314
28.4314
28.4314
28.4314
28.4314
28.4314
28.4314
28.4314
28.4314
28.4314
28.2289
28.2289
28.2289
28.2289
28.2289
28.2289
28.2289
28.2289
28.2289
28.2289
28.2289
28.2289
27.4575
27.4575
27.4575
27.4575
27.4575
27.4575
27.4575
27.4575
27.4575
27.4575
27.4575
27.4575
27.3033
27.3033
27.3033
27.3033
27.3033
27.3033
27.3033
27.3033
27.3033
27.3033
27.3033
27.3033
27.3033
27.1599
27.1599
27.1599
27.1599
27.1599
26.0268
26.0268
26.0268
26.0268
26.0268
26.0268
26.0268
26.0268
26.0268
25.0529
25.0529
25.0529
25.0529
25.0529
25.0529
25.0529
25.0529
25.0529
25.0529
25.0529
25.0529
25.0529
25.0529
25.0529
25.0529
25.0529
24.3877
24.3877
24.3877
24.3877
24.3877
24.2334
24.2334
24.2334
24.2334
24.2334
24.2334
24.2334
24.2334
24.2334
24.2334
24.2334
24.0281
24.0281
24.0281
24.0281
24.0281
24.0281
24.0281
23.2595
23.2595
23.2595
23.2595
23.2595
23.2595
23.2595
23.2595
23.2595
23.2595
23.2595
23.2595
23.2595
23.2595
23.0352
23.0352
23.0352
23.0352
23.0352
23.0352
23.0352
23.0352
23.0352
23.0352
23.0352
23.0352
23.0352
21.8798
21.8798
21.8798
21.8798
21.8798
21.8798
21.8798
21.8798
21.8798
21.8798
21.8798
21.8798
21.8798
21.8798
21.8798
21.8798
21.8798
21.8798
21.8798
21.8798
21.8798
21.8798
21.8798
21.8798
21.8798
21.8798
21.8798
21.8798
21.8798
21.8798
21.8798
21.8798
21.8318
21.8318
21.8318
21.8318
21.6022
21.6022
21.6022
21.6022
21.6022
21.6022
21.6022
21.6022
21.6022
21.6022
21.6022
21.6022
21.6022
21.6022
21.6022
21.6022
21.1186
21.1186
21.1186
21.1186
21.1186
21.1186
20.8516
20.8516
20.8516
20.8516
20.8516
20.8516
20.8516
20.8516
20.8516
20.4316
20.4316
20.4316
20.4316
20.4316
18.044
18.044
18.044
18.044
18.044
18.044
18.044
18.044
18.044
18.044
18.044
18.044
18.044
18.044
18.044
18.044
18.044
16.9675
16.9675
16.9675
16.9675
16.9675
16.9675
16.9675
16.9675
16.9675
15.7693
15.7693
15.7693
15.7693
15.7693
15.7693
15.7693
15.7693
15.7693
15.7693
15.7693
15.7693
15.7693
15.7693
15.7693
15.7693
15.7693
15.7693
15.7693
15.7693
15.7693
15.7693
15.7693
15.7693
15.7693
15.7693
15.7693
15.7693
15.7693
15.7693
15.7693
15.7693
15.7693
15.7693
15.7693
15.7693
15.5624
15.5624
15.5624
15.5624
15.5624
15.5624
15.5624
15.5624
15.5624
15.5624
15.5624
15.5624
15.5624
15.5624
15.5624
15.5624
15.5624
13.2034
13.2034
13.2034
13.2034
9.78291
9.78291
9.78291
9.78291
9.78291
9.78291
9.78291
9.78291
9.78291
9.78291
9.78291
9.78291
9.78291
9.78291
9.78291
9.70685
9.70685
9.70685
9.70685
9.70685
9.70685
9.70685
9.70685
9.70685
9.70685
9.70685
9.70685
9.70685
9.70685
9.70685
9.70685
9.70685
9.70685
9.70685
9.70685
9.70685
9.70685
9.70685
9.70685
9.70685
9.70685
9.70685
9.70685
9.70685
9.70685
9.70685
9.70685
9.63348
9.63348
9.63348
9.63348
9.63348
9.63348
9.63348
9.63348
9.63348
9.63348
9.63348
9.62041
9.62041
9.62041
9.62041
9.62041
9.62041
9.55743
9.55743
9.55743
9.55743
9.55743
9.55743
9.55743
9.55743
9.55743
9.55743
9.55743
9.34638
9.34638
9.34638
9.34638
9.34638
9.34638
9.34638
9.34638
9.34638
7.67692
7.67692
7.67692
7.67692
7.67692
7.67692
7.67692
7.67692
7.67692
7.67692
7.67692
7.67692
7.67692
7.67692
7.67692
7.67692
7.67692
7.67692
7.67692
7.67692
7.67692
7.67692
7.67692
7.67692
7.67692
7.67692
7.67692
7.67692
7.67692
7.67692
7.67692
7.67692
7.67692
7.67692
7.67692
7.67692
7.67692
7.67692
7.2283
7.2283
7.2283
7.2283
7.2283
7.2283
7.2283
7.2283
7.2283
7.2283
7.2283
7.2283
7.2283
7.2283
7.2283
7.2283
7.2283
7.2283
7.2283
7.2283
7.1847
7.1847
7.1847
7.1847
7.1847
7.1847
7.1847
7.1847
6.93585
6.93585
6.93585
6.93585
6.93585
6.93585
6.93585
6.93585
6.93585
6.93585
6.93585
6.93585
6.93585
6.93585
6.93585
6.93585
6.93585
6.93585
6.93585
6.93585
6.93585
6.93585
6.93585
6.93585
6.93585
6.93585
6.93585
6.93585
6.93585
6.93585
6.93585
6.93585
6.93585
6.93585
6.93585
6.93585
6.93585
6.93585
6.93585
6.93585
6.93585
6.34573
6.34573
6.34573
6.34573
6.34573
6.34573
6.34573
6.34573
6.34573
6.34573
6.34573
6.34573
6.34573
6.34573
6.34573
6.34573
6.34573
6.34573
6.34573
6.34573
6.34573
6.34573
6.34573
6.34573
6.34573
6.34573
6.3212
6.3212
6.3212
6.3212
6.3212
6.3212
6.3212
6.08558
6.08558
6.08558
6.08558
6.08558
6.08558
6.08558
6.08558
6.08558
6.08558
6.08558
6.08558
6.08558
6.08558
4.97343
4.97343
4.97343
4.97343
4.97343
4.97343
4.97343
4.97343
4.97343
4.97343
4.97343
4.97343
4.18094
4.18094
4.18094
4.18094
4.18094
4.18094
4.18094
4.18094
4.18094
4.18094
4.18094
4.18094
4.18094
4.18094
4.18094
4.18094
4.18094
4.18094
4.18094
4.1574
4.1574
4.1574
4.1574
4.1574
4.1574
4.1574
4.1574
4.1574
4.1574
4.1574
4.1574
4.1574
4.1574
4.1574
4.1574
4.1574
4.1574
4.1574
4.1574
4.1574
4.1574
4.1574
4.1574
4.13287
4.13287
4.13287
4.13287
4.13287
4.13287
4.13287
4.13287
4.13287
4.13287
4.13287
4.13287
4.13287
4.13287
4.13287
4.13287
3.89725
3.89725
3.53379
3.53379
3.53379
3.53379
3.53379
3.53379
3.53379
3.53379
3.21734
3.21734
3.21734
3.21734
3.21734
2.96532
2.96532
2.92238
2.92238
2.68063
2.68063
2.68063
2.68063
2.68063
2.68063
2.68063
2.68063
2.68063
2.68063
2.68063
2.68063
2.68063
2.68063
2.68063
2.68063
2.68063
2.68063
2.68063
2.68063
2.68063
2.68063
2.68063
2.68063
2.68063
2.68063
2.68063
2.68063
2.68063
2.68063
2.68063
2.68063
2.29218
2.29218
2.29218
2.04946
2.04946
2.04946
2.04946
2.04946
2.04946
2.04946
2.04946
2.04946
2.04946
2.04946
2.04946
2.04946
2.04946
2.04946
2.01903
2.01903
2.01903
2.01903
2.01903
2.01903
2.01903
2.01903
2.01903
2.01903
2.01903
2.01903
2.01903
2.01903
2.00332
2.00332
2.00332
2.00332
2.00332
2.00332
2.00332
2.00332
2.00332
2.00332
1.75887
1.75887
1.75887
1.75887
1.75887
1.75887
1.75887
1.75887
1.75887
1.75887
1.75887
1.75887
1.75887
1.75887
1.75887
1.75887
1.75887
1.74761
1.74761
1.73017
1.73017
1.73017
1.73017
1.73017
1.73017
1.73017
1.73017
1.73017
1.73017
1.73017
1.73017
1.73017
1.73017
1.73017
1.73017
1.73017
1.73017
1.73017
1.73017
1.73017
1.73017
1.73017
1.73017
1.73017
1.73017
1.73017
1.73017
1.73017
1.73017
1.73017
1.73017
1.73017
1.73017
1.73017
1.73017
1.73017
1.73017
1.73017
1.73017
1.73017
1.73017
1.73017
1.73017
1.73017
1.73017
1.73017
1.73017
1.73017
1.73017
1.73017
1.73017
1.73017
1.73017
1.71718
1.71718
1.71718
1.71718
1.71718
1.71718
1.71718
1.71718
1.71718
1.71718
1.71718
1.71718
1.71718
1.71718
1.71718
1.71718
1.71718
1.71718
1.71718
1.71718
1.71718
1.71718
1.71718
1.71718
1.71718
1.71718
1.71718
1.71718
1.71718
1.71718
1.71718
1.71718
1.54172
1.54172
1.54172
1.54172
1.54172
1.54172
1.54172
1.54172
1.54172
1.54172
1.54172
1.50586
1.50586
1.49552
1.49552
1.49552
1.49552
1.49552
1.49552
1.49552
1.49552
1.49552
1.49552
1.49552
1.49552
1.49552
1.31741
1.31741
1.31741
1.31741
1.31741
1.31741
1.31741
1.31741
1.31741
1.31741
1.31741
1.31741
1.31741
1.31741
1.31741
1.31741
1.31741
1.31741
1.31741
1.31741
1.31741
1.31741
1.31741
1.31741
1.31741
1.16266
1.16266
1.16266
1.16266
1.16266
1.16266
1.16266
1.16266
1.16266
1.16266
1.16266
1.16266
1.16266
1.16266
1.16266
1.16266
1.16266
1.16266
1.16266
1.16266
1.16266
1.16266
1.16266
1.14966
1.14966
1.14966
1.14966
1.14966
1.14966
1.14966
1.14966
1.14966
1.14966
1.14966
0.974205
0.974205
0.974205
0.974205
0.974205
0.974205
0.974205
0.974205
0.974205
0.974205
0.974205
0.974205
0.974205
0.974205
0.974205
0.974205
0.974205
0.974205
0.974205
0.974205
0.974205
0.974205
0.974205
0.974205
0.974205
0.974205
0.974205
0.974205
0.974205
0.974205
0.93524
0.93524
0.93524
0.93524
0.935165
0.935165
0.935165
0.935165
0.935165
0.935165
0.935165
0.935165
0.935165
0.935165
0.935165
0.935165
0.935165
0.935165
0.935165
0.935165
0.935165
0.935165
0.935165
0.935165
0.935165
0.935165
0.935165
0.935165
0.935165
0.935165
0.935165
0.935165
0.935165
0.935165
0.935165
0.935165
0.935165
0.906537
0.906537
0.906537
0.906537
0.906537
0.906537
0.906537
0.906537
0.906537
0.906537
0.906537
0.906537
0.906537
0.8962
0.8962
0.8962
0.8962
0.8962
0.8962
0.8962
0.8962
0.8962
0.8962
0.8962
0.8962
0.8962
0.8962
0.8962
0.8962
0.8962
0.8962
0.8962
0.8962
0.8962
0.8962
0.8962
0.8962
0.8962
0.8962
0.8962
0.8962
0.8962
0.8962
0.8962
0.8962
0.895091
0.895091
0.895091
0.895091
0.895091
0.885862
0.885862
0.885862
0.885862
0.885862
0.885862
0.885862
0.883206
0.883206
0.883206
0.883206
0.883206
0.883206
0.883206
0.883206
0.883206
0.883206
0.867572
0.867572
0.867572
0.867572
0.867572
0.867572
0.867572
0.867572
0.867572
0.867572
0.867572
0.867572
0.867572
0.867572
0.867572
0.867572
0.857235
0.857235
0.857235
0.857235
0.857235
0.857235
0.857235
0.857235
0.857235
0.857235
0.857235
0.51403
0.51403
0.51403
0.51403
0.51403
0.51403
0.51403
0.51403
0.51403
0.501036
0.501036
0.501036
0.501036
0.501036
0.501036
0.501036
0.501036
0.501036
0.501036
0.501036
0.501036
0.501036
0.501036
0.501036
0.501036
0.501036
0.501036
0.501036
0.501036
0.501036
0.501036
0.501036
0.501036
0.501036
0.501036
0.501036
0.501036
0.501036
0.501036
0.501036
0.501036
0.501036
0.501036
0.49102
0.49102
0.49102
0.49102
0.49102
0.49102
0.488042
0.488042
0.488042
0.488042
0.488042
0.488042
0.488042
0.488042
0.488042
0.488042
0.488042
0.488042
0.488042
0.488042
0.488042
0.488042
0.488042
0.477769
0.477769
0.477769
0.477769
0.477769
0.477769
0.477769
0.477769
0.477769
0.477769
0.477769
0.477769
0.477769
0.477769
0.477769
0.477769
0.464454
0.464454
0.464454
0.464454
0.464454
0.464454
0.464454
0.464454
0.464454
0.464454
0.464454
0.464454
0.464454
0.464454
0.464454
0.464454
0.464454
0.464454
0.464454
0.464454
0.464454
0.464454
0.464454
0.464454
0.464454
0.464454
0.454181
0.454181
0.454181
0.454181
0.454181
0.454181
0.454181
0.454181
0.454181
0.454181
0.454181
0.454181
0.454181
0.454181
0.454181
0.454181
0.454181
0.454181
0.454181
0.454181
0.454181
0.454181
0.454181
0.432123
0.432123
0.432123
0.432123
0.432123
0.432123
0.432123
0.432123
0.432123
0.432123
0.432123
0.432123
0.432123
0.432123
0.432123
0.432123
0.432123
0.432123
0.432123
0.408535
0.408535
0.408535
0.408535
0.408535
0.408535
0.408535
0.408535
0.408535
0.408535
0.408535
0.408535
0.408535
0.408535
0.408535
0.408535
0.408535
0.408535
0.408535
0.408535
0.408535
0.408535
0.408535
0.408535
0.408535
0.408535
0.408535
0.408535
0.408535
0.408535
0.408535
0.408535
0.408535
0.408535
0.408535
0.408535
0.408535
0.408535
0.405558
0.405558
0.405558
0.405558
0.405558
0.405558
0.405558
0.405558
0.405558
0.405558
0.405558
0.405558
0.405558
0.405558
0.405558
0.405558
0.405558
0.405558
0.405558
0.405558
0.405558
0.405558
0.405558
0.405558
0.405558
0.405558
0.405558
0.405558
0.405558
0.405558
0.405558
0.382852
0.382852
0.382852
0.382852
0.382852
0.382852
0.382852
0.382852
0.382852
0.382852
0.382852
0.382852
0.382852
0.382852
0.379844
0.379844
0.379844
0.379844
0.379844
0.379844
0.379844
0.379844
0.354002
0.354002
0.354002
0.354002
0.354002
0.354002
0.354002
0.354002
0.354002
0.354002
0.354002
0.354002
0.354002
0.354002
0.354002
0.354002
0.354002
0.354002
0.354002
0.354002
0.354002
0.354002
0.354002
0.354002
0.354002
0.340751
0.340751
0.340751
0.340751
0.340751
0.340751
0.340751
0.340751
0.340751
0.340751
0.318046
0.318046
0.318046
0.318046
0.318046
0.318046
0.318046
0.318046
0.318046
0.318046
0.318046
0.318046
0.318046
0.318046
0.318046
0.318046
0.297436
0.297436
0.294458
0.294458
0.294458
0.294458
0.294458
0.294458
0.294458
0.294458
0.294458
0.294458
0.294458
0.294458
0.294458
0.26148
0.26148
0.26148
0.26148
0.26148
0.26148
0.26148
0.26148
0.26148
0.26148
0.26148
0.26148
0.26148
0.26148
0.26148
0.26148
0.26148
0.26148
0.26148
0.26148
0.26148
0.26148
0.26148
0.26148
0.26148
0.26148
0.26148
0.26148
0.26148
0.26148
0.26148
0.26148
0.26148
0.26148
0.26148
0.26148
0.26148
0.26148
0.26148
0.26148
0.26148
0.26148
0.26148
0.26148
0.26148
0.26148
0.26148
0.26148
0.26148
0.26148
0.26148
0.26148
0.26148
0.26148
0.26148
0.26148
0.26148
0.26148
0.26148
0.26148
0.26148
0.26148
0.26148
0.26148
0.26148
0.26148
0.26148
0.26148
0.26148
0.26148
0.26148
0.26148
0.26148
0.26148
0.245025
0.245025
0.245025
0.245025
0.245025
0.245025
0.245025
0.245025
0.245025
0.245025
0.245025
0.245025
0.245025
0.245025
0.245025
0.245025
0.244573
0.244573
0.244573
0.244573
0.244573
0.244573
0.244573
0.244573
0.244573
0.244573
0.244573
0.244573
0.244573
0.244573
0.238148
0.238148
0.238148
0.238148
0.238148
0.238148
0.238148
0.238148
0.238148
0.238148
0.238148
0.238148
0.238148
0.238148
0.238148
0.238148
0.238148
0.238148
0.238148
0.238148
0.238148
0.238148
0.238148
0.2343
0.2343
0.231579
0.231579
0.231579
0.221306
0.221306
0.221306
0.221306
0.221306
0.221306
0.221306
0.221306
0.221241
0.221241
0.221241
0.221241
0.221241
0.221241
0.221241
0.221241
0.221241
0.221241
0.221241
0.221241
0.221241
0.221241
0.221241
0.221241
0.221241
0.221241
0.221241
0.221241
0.221241
0.210968
0.210968
0.210968
0.210968
0.210968
0.210968
0.210968
0.210968
0.210968
0.210968
0.210968
0.210968
0.210968
0.210968
0.210968
0.210968
0.210968
0.210968
0.210968
0.210968
0.210968
0.210968
0.210968
0.210968
0.210968
0.210968
0.210968
0.210968
0.210968
0.210968
0.210968
0.210968
0.210968
0.210968
0.210968
0.210968
0.210968
0.210968
0.210968
0.210968
0.210968
0.210968
0.210968
0.210968
0.210968
0.210968
0.210968
0.210968
0.210968
0.210968
0.210968
0.210968
0.210968
0.210968
0.210968
0.210968
0.210968
0.210968
0.203854
0.203854
0.203854
0.203854
0.203854
0.203854
0.203854
0.203854
0.203854
0.203854
0.203854
0.203854
0.203854
0.203854
0.203854
0.203854
0.203854
0.203854
0.203854
0.203854
0.200631
0.200631
0.200631
0.200631
0.200631
0.200631
0.200631
0.200631
0.200631
0.200631
0.200631
0.200631
0.200631
0.200631
0.200631
0.200631
0.200631
0.200631
0.200631
0.200631
0.200631
0.200631
0.200631
0.200631
0.200631
0.200631
0.200631
0.200631
0.200631
0.200631
0.200631
0.200631
0.200631
0.190293
0.190293
0.190293
0.190293
0.190293
0.190293
0.190293
0.190293
0.190293
0.190293
0.190293
0.190293
0.190293
0.190293
0.190293
0.190293
0.190293
0.190293
0.190293
0.190293
0.190293
0.190293
0.190293
0.190293
0.190293
0.190293
0.179956
0.179956
0.179956
0.179956
0.179956
0.179956
0.179956
0.179956
0.179956
0.179956
0.179956
0.179956
0.179956
0.179956
0.179956
0.179956
0.179956
0.179956
0.179956
0.179956
0.179956
0.179956
0.179956
0.179956
0.179956
0.179956
0.179956
0.179956
0.172627
0.172627
0.172627
0.172627
0.172627
0.172627
0.172627
0.172627
0.172627
0.172627
0.172627
0.172627
0.172627
0.172627
0.172627
0.172627


0.0117191
0.0117191
0.0117191
0.0117191
0.102347
0.102347
0.102347
-0.0560955
-0.0560955
-0.0560955
0.00328135
0.00328135
0.00328135
0.00328135
0.00328135
0.00328135
0.00328135
0.00328135
-0.101409
-0.101409
-0.101409
-0.101409
-0.101409
-0.11516
-0.11516
-0.11516
-0.11516
-0.11516
-0.11516
0.0117191

0.023

