447380
447380
363506
333938
333938
333938
333938
325419
325419
325419
325419
325419
325419
324497
324497
317888
312832
312832
312832
312832
312832
283653
283653
283653
283653
280954
273589
273589
271859
271859
271859
271859
271711
266384
233701
233701
233701
233701
206270
206270
206270
206270
206270
206270
206270
206270
206270
206270
206270
206270
206270
206270
206270
206270
194155
194155
194155
194155
194155
192824
192824
192824
192594
188347
188347
188347
188347
164702
164702
164702
164702
164702
164702
161491
161491
161491
161491
161491
161491
161491
161491
161491
161491
161491
161491
161491
161204
161204
142705
142705
142705
142705
142705
142705
142705
142705
142705
142705
142705
142705
142705
140210
140210
140210
140210
140210
139313
139313
139313
139313
139313
139313
139313
139313
139313
137184
137184
137184
137184
137184
137095
137095
137095
137095
137095
135829
135829
135829
135829
135829
126096
126096
125334
125334
125334
125334
125334
125334
125334
125334
125334
125334
125334
125334
125334
125334
125334
125334
124527
124527
124527
107676
107676
107676
107676
107676
107676
107676
107676
107676
107676
107676
85739.2
85739.2
85739.2
85739.2
85739.2
85739.2
85739.2
85739.2
85739.2
84623
84623
84623
84623
84623
84623
84623
84623
84623
84623
84623
84623
84538.1
84538.1
84538.1
84538.1
84538.1
84538.1
84538.1
84538.1
69983
69983
69983
69983
69983
69983
69983
69983
69983
69983
69983
69983
69983
69983
68197.1
68197.1
68197.1
68197.1
63899
63899
63899
63899
63899
63899
63899
63899
63899
63899
63899
63899
35077.9
35077.9
35077.9
35077.9
35077.9
35077.9
35077.9
35077.9
35077.9
35077.9
35077.9
35077.9
35077.9
33537.4
33537.4
33537.4
33537.4
33537.4
33537.4
33537.4
33537.4
33467.4
33207.6
33207.6
33207.6
33207.6
33207.6
33207.6
33207.6
33207.6
33207.6
33207.6
33207.6
33207.6
31996.9
31996.9
31996.9
31996.9
31996.9
31526.8
31526.8
31526.8
31526.8
31526.8
31526.8
28879.3
28879.3
28879.3
28879.3
28879.3
28815.2
28815.2
28815.2
28815.2
28815.2
28815.2
28815.2
28815.2
28815.2
28815.2
28815.2
28815.2
28815.2
28815.2
28815.2
24366.2
24366.2
24366.2
24366.2
24366.2
21854.1
21854.1
21854.1
21854.1
21854.1
21854.1
21854.1
21854.1
21854.1
21808
21808
21808
21808
21808
21808
21808
21616.6
21616.6
21616.6
21616.6
21616.6
21616.6
21616.6
21616.6
21616.6
21175.4
21175.4
20582.3
20582.3
20582.3
20208.4
19819.2
19819.2
19819.2
19819.2
19819.2
19819.2
19819.2
19819.2
19819.2
19819.2
19819.2
19819.2
19819.2
19819.2
19819.2
19757.9
19757.9
19255.2
19255.2
19255.2
19255.2
18894.9
18894.9
18894.9
18894.9
18894.9
18894.9
18894.9
18894.9
18876.7
18833.5
18734.5
18734.5
18729.1
18729.1
18729.1
18568.7
18568.7
18568.7
18568.7
18568.7
18568.7
18568.7
18162.4
16202.8
16202.8
16202.8
16202.8
15770.8
15770.8
15770.8
15770.8
15770.8
15770.8
15770.8
15770.8
15770.8
15770.8
14119.8
14119.8
14119.8
14119.8
14119.8
14119.8
14119.8
13562.4
13562.4
13562.4
13562.4
13562.4
13195.5
13195.5
12638
12638
12638
12638
12638
12638
12638
12638
12638
12638
12638
12638
12638
12638
12638
12638
12638
12638
12638
12638
12638
12638
12638
12638
12638
12638
12638
12579.5
12579.5
12579.5
12579.5
12579.5
12579.5
12579.5
12566.7
12566.7
12566.7
12566.7
12566.7
12566.7
12508.1
12508.1
12508.1
12508.1
12508.1
12508.1
12508.1
11425.3
11425.3
11425.3
11425.3
11425.3
11425.3
11425.3
11425.3
11425.3
11425.3
11366.8
11366.8
11366.8
11366.8
11366.8
11366.8
11366.8
11366.8
11348.3
11348.3
11348.3
11348.3
11348.3
11348.3
11348.3
11348.3
11348.3
11348.3
11348.3
11348.3
11348.3
11348.3
11348.3
11348.3
10945.7
10945.7
10887.2
10887.2
10887.2
10887.2
10887.2
10887.2
10887.2
10887.2
10559.9
10559.9
10559.9
10559.9
10559.9
10559.9
10559.9
10559.9
10559.9
10559.9
10559.9
10559.9
10559.9
10559.9
10559.9
10559.9
10559.9
10559.9
10559.9
10559.9
10559.9
10559.9
10559.9
10559.9
10559.9
10559.9
10559.9
10559.9
10559.9
10559.9
10559.9
10559.9
10559.9
10559.9
10096.9
10096.9
10096.9
8422.62
8422.62
8422.62
8422.62
8422.62
8422.62
8422.62
8422.62
8422.62
8422.62
8422.62
8422.62
8422.62
8422.62
8422.62
8422.62
8422.62
8422.62
8422.62
8422.62
8422.62
8422.62
8422.62
8422.62
8422.62
8422.62
8422.62
8422.62
8422.62
8422.62
8418.58
8418.58
8418.58
8339.62
8339.62
8339.62
8339.62
8339.62
8339.62
8339.62
8339.62
8339.62
8339.62
8301.32
8301.32
8301.32
8301.32
8301.32
8301.32
8301.32
8301.32
8301.32
8301.32
8301.32
8301.32
8301.32
8301.32
8301.32
8186.41
8186.41
8186.41
8186.41
8186.41
8186.41
8186.41
8186.41
8186.41
8186.41
8186.41
8186.41
8186.41
8186.41
8186.41
8186.41
8186.41
8186.41
8186.41
8186.41
8186.41
8182.36
8182.36
8182.36
8182.36
8182.36
8182.36
8182.36
8182.36
8162.14
8162.14
8162.14
8162.14
8162.14
8162.14
8162.14
8162.14
8162.14
8130.91
8130.91
7647.62
7647.62
7647.62
7647.62
7647.62
7647.62
7647.62
7647.62
7647.62
7647.62
7647.62
7647.62
7647.62
7647.62
7647.62
7647.62
7647.62
7647.62
7647.62
7647.62
7643.58
7619.3
7619.3
7619.3
7619.3
7619.3
7619.3
7619.3
7619.3
7619.3
7619.3
7619.3
7619.3
7619.3
7619.3
7619.3
7619.3
7619.3
7619.3
7619.3
7619.3
7619.3
7619.3
7619.3
7619.3
7619.3
7619.3
7619.3
7619.3
7617.85
7290.24
7251.97
7251.97
7251.97
7250.51
7250.51
7127.1
7127.1
6939.63
6939.63
6939.63
6939.63
6939.63
6939.63
6939.63
6939.63
6939.63
6567.56
6567.56
6567.56
6489.44
6489.44
6489.44
6489.44
6489.44
6489.44
6489.44
6489.44
6489.44
6489.44
6484.33
6484.33
6484.33
6460.34
6460.34
6460.34
6460.34
6460.34
6460.34
6460.34
6460.34
6460.34
6460.34
6460.34
6460.34
6460.34
6460.34
6460.34
6460.34
6460.34
6460.34
6460.34
6460.34
6449.83
6420.72
6420.72
6420.72
6420.72
6420.72
6420.72
6420.72
6420.72
6420.72
6420.72
6198.03
6146.58
6146.58
6146.58
6146.58
5563.34
5563.34
5563.34
5563.34
5563.34
5563.34
5563.34
5563.34
5563.34
5563.34
5563.34
5563.34
5563.34
5541
5541
5541
5541
5541
5541
5541
5541
4975.03
4975.03
4945.92
4945.92
4945.92
4945.92
4945.92
4945.92
4945.92
4945.92
4945.92
4945.92
4945.92
4945.92
4945.92
4945.92
4945.92
4945.92
4945.92
4945.92
4945.92
4945.92
4945.92
4945.92
4945.92
4945.92
4945.92
4945.92
4945.92
4945.92
4945.92
4945.92
4945.92
4945.92
4944.47
4943.01
4943.01
4943.01
4943.01
4935.48
4935.48
4935.48
4935.48
4829.07
4829.07
4829.07
4829.07
4829.07
4827.61
4827.61
4827.61
4827.61
4827.61
4827.61
4827.61
4827.61
4827.61
4827.61
4827.61
4827.61
4827.61
4827.61
4827.61
4827.61
4827.61
3015.65
3015.65
3015.65
2983.63
2983.63
2983.63
2983.63
2983.63
2983.63
2983.63
2983.63
2983.63
2983.63
2983.63
2983.63
2983.63
2983.63
2983.63
2983.63
2983.63
2983.63
2983.63
2937.39
2937.39
2937.39
2937.39
2937.39
2937.39
2937.39
2937.39
2937.39
2937.39
2937.39
2937.39
2937.39
2937.39
2937.39
2937.39
2830.7
2830.7
2830.7
2830.7
2830.7
2798.68
2798.68
2798.68
2798.68
2798.68
2798.68
2798.68
2798.68
2798.68
2798.68
2797.23
2797.23
2797.23
2797.23
2797.23
2797.23
2797.23
2770.08
2765.21
2765.21
2765.21
2765.21
2765.21
2765.21
2765.21
2765.21
2765.21
2731.12
2731.12
2731.12
2731.12
2731.12
2731.12
2731.12
2731.12
2731.12
2731.12
2731.12
2731.12
2731.12
2731.12
2731.12
2731.12
2483.1
2483.1
2483.1
2483.1
2483.1
2483.1
2483.1
2483.1
2483.1
2483.1
2483.1
2483.1
2483.1
2483.1
2483.1
2483.1
2483.1
2483.1
2483.1
2483.1
2474.11
2474.11
2355.8
2355.8
2355.8
2355.8
2355.8
2355.8
2355.8
2355.8
2355.8
2322.33
2322.33
2322.33
2322.33
2322.33
2322.33
2322.33
2322.33
2322.33
2322.33
2322.33
2322.33
2322.33
2322.33
2322.33
2322.33
2322.33
2322.33
2322.33
2322.33
2322.33
2322.33
2322.33
2322.33
2322.33
2322.33
2322.33
2322.33
2322.33
2322.33
2320.88
2320.88
2285.95
2285.95
2285.95
2285.95
2285.95
2285.95
2285.95
2285.95
2285.95
2285.95
2285.95
2285.95
2279.38
2279.38
2279.38
2279.38
2279.38
2279.38
2279.38
2226.8
2226.8
2226.8
2226.8
2226.8
2226.8
2226.8
2130.4
2130.4
2130.4
2130.4
2130.4
2130.4
2130.4
2130.4
2130.4
2107.55
2107.55
2107.55
2107.55
1981.7
1981.7
1981.7
1981.7
1957.35
1957.35
1957.35
1957.35
1957.35
1957.35
1957.35
1957.35
1957.35
1957.35
1943.72
1943.72
1943.72
1943.72
1943.72
1715.17
1715.17
1715.17
1715.17
1715.17
1715.17
1715.17
1715.17
1715.17
1715.17
1715.17
1708.59
1708.59
1708.59
1708.59
1642.88
1642.88
1642.88
1642.88
1642.88
1642.88
1642.88
1642.88
1642.88
1642.88
1642.88
1642.88
1642.88
1642.88
1642.88
1642.88
1642.88
1642.88
1642.88
1642.88
1642.88
1642.88
1642.88
1642.88
1642.88
1642.88
1642.88
1642.88
1642.88
1642.88
1642.88
1642.88
1642.88
1642.88
1642.88
1642.88
1642.88
1642.88
1642.88
1642.88
1642.88
1642.88
1642.88
1642.88
1642.88
1642.88
1642.88
1642.88
1642.88
1642.88
1612.97
1612.97
1612.97
1612.97
1612.97
1612.97
1612.97
1608.86
1608.86
1608.86
1608.86
1577.18
1577.18
1547.27
1547.27
1537.96
1537.96
1537.96
1537.96
1537.96
1537.96
1537.96
1537.96
1537.96
1537.96
1537.96
1537.96
1537.96
1537.96
1537.96
1537.96
1534.87
1534.87
1534.87
1531.83
1531.83
1522.52
1522.52
1522.52
1522.52
1522.52
1522.52
1522.52
1522.52
1522.52
1522.52
1522.52
1522.52
1522.52
1522.52
1522.52
1488.87
1488.87
1488.87
1488.87
1488.87
1488.87
1488.87
1488.87
1488.87
1467.78
1467.78
1467.78
1467.78
1467.78
1467.78
1467.78
1467.78
1467.78
1467.78
1467.78
1467.78
1467.78
1467.78
1467.78
1467.78
1467.78
1467.78
1467.78
1467.78
1467.78
1467.78
1467.78
1467.78
1467.78
1467.78
1467.78
1467.78
1467.78
1467.78
1467.78
1467.78
1467.78
1467.78
1467.78
1467.78
1467.78
1467.78
1467.78
1467.78
1467.78
1467.78
1467.78
1467.78
1467.78
1467.78
1467.78
1467.78
1467.78
1467.78
1467.78
1467.78
1467.78
1467.78
1467.78
1467.78
1467.78
1467.78
1467.78
1467.78
1467.78
1326.04
1267.87
1195.59
1195.59
1195.59
1195.59
1195.59
1195.59
1195.59
1195.59
1195.59
1195.59
1195.59
1195.59
1195.59
1195.59
1195.59
1195.59
1195.59
1195.59
1195.59
1195.59
1195.59
1195.59
1195.59
1195.59
1195.59
1195.59
1195.59
1189.01
1189.01
1189.01
1189.01
1189.01
1189.01
1189.01
1189.01
1189.01
1189.01
1189.01
1189.01
1189.01
1189.01
1189.01
1189.01
1189.01
1189.01
1189.01
1189.01
1189.01
1189.01
1189.01
1189.01
1189.01
1189.01
1185.28
1185.28
1151.63
1151.63
1151.63
1151.63
1151.63
1151.63
1151.63
1151.63
1151.63
1151.63
1151.63
1151.63
1151.63
1151.63
1151.63
1151.63
1151.63
1151.63
1151.63
1145.05
1145.05
1145.05
1145.05
1145.05
1145.05
1145.05
1145.05
1145.05
1072.77
1072.77
1072.77
1072.77
1072.77
1072.77
1072.77
1072.77
1072.77
1072.77
1072.77
1072.77
1072.77
1072.77
1071.66
1071.66
1071.66
1071.66
1059.63
1059.63
1059.63
1043.89
1043.89
951.894
951.894
951.894
951.894
951.894
948.155
948.155
948.155
947.045
909.657
909.657
909.657
909.657
909.657
909.657
909.657
909.657
909.657
880.781
880.781
880.781
880.781
880.781
880.781
880.781
880.781
880.781
880.781
880.781
880.781
880.781
880.781
880.781
880.781
880.781
880.781
869.995
869.995
869.995
869.995
869.995
869.995
869.995
869.995
869.995
869.995
869.995
869.995
869.995
869.995
869.995
869.995
869.995
869.995
869.995
869.995
869.995
869.995
863.423
863.423
863.423
863.423
863.423
863.423
863.423
863.423
771.424
771.424
771.424
771.424
771.424
771.424
771.424
771.424
771.424
771.424
769.968
769.968
769.968
769.968
769.968
769.968
769.968
769.968
769.968
730.674
730.674
730.674
730.674
730.674
730.674
730.674
730.674
730.674
730.674
730.674
730.674
730.674
730.674
730.674
730.674
730.674
730.674
730.674
730.674
730.674
730.674
730.674
730.674
730.674
730.674
730.674
727.763
727.763
688.469
688.469
688.469
688.469
688.469
688.469
688.469
688.469
688.469
688.469
688.469
688.469
688.469
688.469
688.469
688.469
682.897
682.897
682.897
682.897
679.789
679.789
679.789
640.495
640.495
640.495
640.495
640.495
640.495
621.046
621.046
621.046
621.046
621.046
621.046
621.046
621.046
621.046
621.046
621.046
621.046
621.046
621.046
619.101
619.101
619.101
619.101
619.101
619.101
601.809
601.809
601.809
601.809
601.809
601.809
601.809
601.809
601.809
601.809
601.809
601.809
601.809
601.809
601.809
601.809
601.809
601.809
601.809
601.809
601.809
598.07
598.07
598.07
598.07
598.07
598.07
598.07
598.07
591.023
591.023
591.023
587.659
516.974
516.974
516.974
508.345
508.345
508.345
508.345
508.345
508.345
508.345
508.345
506.4
506.4
506.4
506.4
506.4
506.4
506.4
506.4
485.006
485.006
485.006
485.006
485.006
485.006
485.006
485.006
485.006
485.006
485.006
485.006
485.006
485.006
485.006
485.006
485.006
485.006
485.006
485.006
436.401
436.401
436.401
436.401
436.401
436.401
436.401
436.401
436.401
436.401
436.401
436.401
436.401
436.401
434.344
434.344
434.344
434.344
434.344
434.344
434.344
434.344
434.344
434.344
434.344
434.344
434.344
434.344
434.344
434.344
434.344
434.344
434.344
434.344
434.344
434.344
434.344
434.344
434.344
434.344
434.344
434.344
434.344
434.344
434.344
434.344
434.344
434.344
434.344
434.344
434.344
434.344
434.344
434.344
434.344
434.344
434.344
434.344
434.344
434.344
434.344
434.344
430.605
430.605
430.605
403.31
403.31
403.31
403.31
403.31
403.31
403.31
403.31
403.31
396.762
396.762
396.762
396.762
396.762
348.157
348.157
348.157
348.157
348.157
311.045
311.045
311.045
311.045
311.045
311.045
311.045
311.045
311.045
311.045
311.045
311.045
311.045
311.045
304.496
304.496
304.496
304.496
304.496
304.496
304.496
304.496
304.496
304.496
304.32
304.32
304.32
304.32
304.32
304.32
304.32
304.32
301.848
301.848
301.848
301.848
299.662
299.662
299.662
299.662
299.662
299.662
299.662
299.662
299.662
299.662
299.662
299.662
299.662
299.662
299.662
299.662
299.662
299.662
299.662
299.662
299.614
299.614
299.614
299.566
299.566
298.894
298.894
298.894
298.894
298.894
298.894
298.894
298.894
298.894
298.894
298.894
298.894
298.894
298.894
298.894
298.894
298.894
298.894
298.894
298.846
298.846
298.846
298.078
298.078
298.078
298.078
298.078
298.078
298.078
298.078
298.078
298.078
298.078
297.717
297.717
297.717
297.717
297.717
297.717
297.717
297.717
297.717
297.717
297.717
297.717
297.717
297.717
297.717
296.133
296.133
296.133
273.61
273.61
273.562
273.562
273.562
273.562
273.562
273.562
273.562
273.562
273.562
273.562
273.562
273.562
273.562
272.794
272.794
272.794
272.794
272.794
272.794
272.794
272.794
272.794
272.794
272.794
272.794
272.794
272.794
272.794
272.794
272.794
272.794
272.794
272.794
272.794
272.794
272.794
272.794
272.794
272.794
272.794
272.794
272.794
272.794
272.794
272.794
272.794
272.794
272.794
272.794
272.79
272.79
272.79
272.79
272.79
272.79
272.79
272.723
272.723
272.723
272.723
272.723
272.723
272.723
272.723
272.723
272.723
272.723
272.723
272.723
272.723
272.723
272.723
272.723
272.723
272.723
272.723
272.723
272.723
272.723
272.723
272.723
272.723
272.723
272.723
272.723
272.723
272.723
272.723
272.723
272.723
272.723
272.723
272.723
272.723
272.723
272.723
272.723
272.723
272.723
272.723
272.723
272.723
272.723
272.723
272.723
272.723
272.723
272.723
272.723
272.719
272.719
272.719
272.719
272.719
272.719
272.719
272.719
272.719
272.719
272.719
272.719
272.719
272.719
272.719
272.719
272.719
272.719
272.719
272.719
272.719
272.653
272.653
272.653
272.648
272.648
272.648
272.648
272.648
272.648
272.587
272.587
272.587
272.587
272.587
272.587
272.587
272.587
272.587
272.587
272.587
272.587
272.587
272.587
272.587
272.587
272.587
272.587
272.587
272.587
272.587
272.587
272.587
272.587
272.587
272.587
272.587
272.587
272.587
272.587
272.587
272.587
272.587
272.587
272.587
272.587
272.587
272.587
272.587
272.587
272.587
272.587
272.587
272.587
272.587
272.587
272.587
272.587
272.587
272.587
272.587
272.587
272.587
272.587
272.587
272.587
272.587
272.587
272.587
272.587
272.587
272.587
272.587
272.587
272.587
272.587
272.587
272.583
272.583
272.583
272.583
272.583
272.583
272.583
272.583
272.583
272.583
272.583
272.583
272.583
272.583
272.583
272.583
272.583
272.508
272.508
272.508
272.508
272.508
272.508
272.508
272.508
272.508
272.508
272.508
272.508
272.508
272.508
272.508
272.508
272.508
272.508


0.0940029
0.0940029
0.0940029
0.0940029
0.0940029
0.0940029
0.0940029
0.0940029
0.0940029
0.0940029
0.0700021
0.0700021
0.0700021
0.0700021
0.0700021
0.0700021
0.0700021
0.0700021
0.098003
0.098003
0.098003
1.39804
1.39804
-1.99006
-1.99006
2.00206
2.30607
2.73408
2.73408
-10.2903

0.048

