54.7422
54.7422
54.7422
54.7422
54.7422
54.7422
54.7422
54.7422
52.5728
51.4259
51.4259
51.4259
51.4259
51.4259
50.7993
50.7993
49.3256
49.3256
49.3256
49.3256
49.3256
49.3256
49.3256
49.3256
46.979
46.979
46.979
46.979
44.5802
44.5802
44.5802
44.5802
44.5802
44.5802
44.5802
44.5802
44.5802
44.4496
44.4496
44.4496
44.4496
44.4496
44.4496
41.3489
51.7626
50.8854
50.8854
50.8854
50.4111
50.4111
49.9927
49.9927
49.9927
42.2282
42.2282
42.2282
45.8632
45.8632
45.8632
45.8632
40.5845
43.1062
43.1062
43.1062
44.819
44.819
44.819
41.8669
41.8669
39.1412
39.1412
36.6747
46.2346
45.042
45.042
40.8081
40.8081
46.4979
44.8408
43.7833
43.7833
43.7833
43.7833
43.7833
43.7833
40.892
47.9748
47.9748
40.3635
40.3635
39.8682
39.8682
38.6129
38.6129
38.6129
40.9591
40.9591
42.0084
41.8652
41.8652
42.6627
42.6627
40.492
40.492
42.7619
42.7619
42.7619
42.7619
42.7619
43.1477
43.1477
39.56
38.9142
31.1765
31.1765
31.1765
41.2873
41.2873
41.2873
41.2873
41.2873
37.9113
38.8206
38.8206
38.6529
40.4492
40.4492
41.1798
41.1798
41.1798
36.9787
39.3825
29.6146
29.6146
29.6146
29.6146
29.6146
29.6146
29.6146
37.9659
37.9659
31.9028
38.3331
35.8458
35.8458
35.8458
35.8458
35.8458
35.8458
35.8458
38.3764
38.3764
38.3764
38.3764
39.2825
31.7579
39.382
39.382
39.0161
39.0161
35.3246
35.3246
33.3027
29.6033
29.6033
38.6566
38.6566
38.6566
38.6566
38.6566
38.6566
33.9866
33.9866
33.9866
33.9866
38.2388
38.2388
38.2388
38.2388
28.5018
28.5018
36.0768
34.3214
37.1917
37.1917
37.1917
36.156
37.875
37.875
37.875
37.875
34.9232
34.9232
34.9232
34.9232
34.9232
34.9232
34.9232
34.9232
33.6164
33.6164
30.1581
30.1581
30.1581
30.1581
30.1581
30.1581
29.6329
29.6329
35.9951
35.9951
37.2982
36.6414
34.9623
34.9623
38.0853
38.0853
38.0853
38.0853
38.0853
38.0853
38.0853
38.0853
35.1326
35.1326
35.1326
35.1326
35.1326
35.1326
35.1326
37.2423
37.2423
36.8383
36.8383
36.8383
36.8383
36.8383
36.8383
36.4844
35.8303
35.8303
35.8303
35.8303
34.3229
38.215
38.215
35.2492
35.2492
28.5662
28.5662
28.5662
28.5662
28.5662
32.147
34.0825
31.616
31.616
31.616
32.0167
32.0167
32.0167
32.0167
32.0167
32.0167
32.0167
32.0167
32.0167
32.0167
32.0167
32.0167
32.0167
32.0167
32.4436
31.3776
29.2419
29.2419
28.2818
28.2818
28.2818
29.2419
29.1354
28.7426
28.7426
28.7426
28.7426
28.7426
28.7426
29.7696
29.7696
29.7696
29.7696
30.2554
28.1848
28.1848
28.1848
28.2107
28.2107
28.2107
26.1534
26.1534
26.1534
26.1534
26.1534
25.1183
25.1183
28.3364
26.4052
26.4052
26.4052
26.4052
30.1785
30.1785
30.1785
22.4314
22.4314
22.4314
22.4314
22.4314
22.4314
29.7894
29.7894
27.2359
27.6214
27.6214
29.0704
29.0704
26.353
26.9964
26.9964
26.9964
26.9964
26.9964
26.5819
27.5314
27.5314
27.5314
27.5314
26.2206
25.5541
25.5541
23.697
24.8582
24.8582
27.6864
27.6864
27.6864
27.6864
25.6563
25.0304
25.0304
24.8799
24.8799
24.8799
24.1942
29.3585
20.032
20.032
20.032
20.032
29.1455
29.1455
25.6111
25.6111
26.4293
26.4293
26.4293
26.4293
24.4209
24.4209
26.4373
26.2453
26.2453
22.2266
22.2266
23.3833
23.3833
23.3833
22.4509
19.6457
19.6457
19.6457
19.6457
19.6457
19.6457
19.6457
19.6457
19.6457
19.6457
19.6457
20.658
25.9688
25.9688
25.9688
25.8235
25.8235
25.8235
24.4029
24.4029
25.9569
25.9569
23.4104
23.7709
23.7687
23.7687
22.8636
22.8636
22.8636
22.5239
22.5239
22.5239
23.477
22.8825
22.8825
22.8825
22.8825
24.5903
24.5903
24.5903
24.5903
24.5903
23.7394
23.7394
23.5078
25.0319
25.0319
25.3249
25.3249
25.3249
25.3249
25.3249
25.3249
24.0629
24.2561
20.6229
20.6229
23.9817
23.6976
23.6976
23.6976
23.6976
23.6976
23.6976
25.7228
22.1488
22.1488
21.3578
23.2234
23.2234
24.3117
24.3486
21.1869
21.1869
21.1869
21.1869
20.994
20.994
28.7191
28.7191
28.7191
28.7191
30.8936
30.8936
34.4777
32.6197
32.6197
34.0596
34.0596
34.0596
30.0888
30.0888
30.0888
32.4986
32.4986
34.2528
30.325
30.325
32.3237
32.3237
32.3237
32.3237
32.3237
32.3237
32.3881
32.3881
27.1398
21.6715
21.6715
21.6715
29.2923
29.2923
29.2923
29.2923
28.5418
28.5418
28.5418
28.5418
28.5418
25.9459
25.9459
25.9459
27.1023
23.4288
23.4288
25.8077
25.8077
25.8077
32.0142
32.0142
26.2508
25.5977
25.5977
28.4124
28.4124
26.946
26.946
26.946
28.6541
28.7976
28.7976
28.7976
28.7976
28.7976
28.7976
28.7976
28.7976
31.8934
31.8934
31.8934
31.8934
23.5084
23.5084
23.5084
22.9743
31.8934
31.8934
31.8934
31.8934
31.8934
31.8934
33.2929
26.4516
26.4516
26.4516
26.4516
26.4516
26.4516
29.3616
29.3616
29.3616
29.3616
30.6021
31.764
31.764
31.764
31.764
31.764
31.764
31.764
31.764
27.8719
23.9521
23.9521
23.9521
23.9521
21.1417
30.2576
30.2576
31.5305
27.8228
27.8228
32.0286
30.7776
30.7776
30.7776
30.7776
30.7776
30.7776
30.7776
30.7776
30.7776
29.812
29.812
29.812
29.812
29.812
29.812
30.5832
30.5832
23.3537
23.3537
20.6034
25.5318
23.4703
25.0038
25.0038
28.8998
28.8998
27.4548
27.4548
27.4548
27.4548
23.7214
23.7214
23.7214
23.7214
23.7214
23.7214
23.7214
23.7214
23.7214
23.7214
23.7214
23.7214
23.7214
29.6347
24.9425
24.9425
24.9425
24.9425
22.8095
22.8095
22.8095
22.8095
22.8095
23.4071
23.5078
23.5078
23.5078
27.1364
24.3513
24.3513
29.9799
29.9799
29.9799
21.5464
21.5464
30.6589
30.6589
30.6589
30.6589
28.1616
27.817
27.817
27.4053
27.4053
27.4053
27.4053
27.4053
24.7591
24.7591
24.7591
24.7591
24.7591
24.7591
24.7591
24.7591
31.2302
27.2903
27.2903
25.4259
21.0294
21.0294
25.7216
29.8904
24.4636
28.1353
28.1353
28.1353
28.9492
28.9492
28.9492
26.8975
26.8975
26.0082
27.1816
26.1568
26.1568
26.9268
25.9435
25.9435
24.0504
24.0504
24.0504
25.1515
25.1515
25.1515
25.1515
25.1515
25.1515
25.1515
25.1515
25.1515
22.5086
22.4674
27.3104
27.3104
27.3104
27.3104
27.3104
27.3104
27.3104
25.6056
27.3104
27.3104
27.3104
25.9801
25.9801
25.9801
25.9801
25.9801
20.654
25.5907
25.5907
28.4655
28.4655
28.4655
28.4655
24.5338
24.5338
24.5338
24.5338
27.6244
27.6244
27.6244
26.4602
26.4602
19.2059
19.2059
19.2059
19.2059
22.8581
22.8581
20.0452
20.0452
20.0452
20.0452
20.0452
20.0452
20.0452
20.0452
20.0452
20.0452
21.4197
21.4197
21.4197
21.4197
21.4197
21.4197
21.4197
22.3807
22.3807
22.3807
22.3807
22.3807
22.3807
22.3807
22.3807
22.3807
22.3807
22.3807
22.3807
22.3807
24.8735
21.297
21.297
20.7065
20.7065
22.79
17.5155
17.5155
17.5155
17.5155
22.3142
22.3142
15.3084
15.3084
15.3084
19.9609
19.9609
18.4506
24.301
24.301
22.2932
21.3541
21.3541
16.6533
17.3254
17.3254
21.6349
21.6349
18.2406
18.2406
18.2406
18.2406
18.2406
18.2406
19.1385
17.6138
17.6138
24.915
18.9987
18.9987
18.9987
18.9987
18.9987
18.9987
18.9987
18.9987
18.6029
18.6029
16.2642
15.3191
15.3191
20.062
20.062
18.3993
18.3993
18.1326
23.1623
23.1623
23.1623
21.3114
21.3114
21.3114
21.3114
23.9485
22.3615
19.8318
19.8318
19.8318
19.8318
19.8318
19.8318
19.8318
19.8318
19.8318
19.8318
19.8318
19.8318
19.8318
19.8318
19.8318
20.7251
20.7251
20.7251
20.7251
21.0584
21.8583
21.8583
21.8583
20.3677
20.0958
19.9252
19.9252
19.9252
18.1301
18.1301
16.7602
21.8036
21.8036
21.8036
21.8036
21.8036
21.8036
21.8036
21.8036
21.8036
21.8036
19.8569
19.5437
19.5437
19.5437
19.5437
19.5437
19.5437
19.5437
19.5437
19.2673
19.2673
19.2673
16.4818
16.4818
16.2407
16.2407
16.2407
21.8461
21.6706
21.6706
21.6706
21.6706
21.6706
21.9782
18.8931
18.8931
18.7869
20.3314
20.3314
20.3314
19.4589
20.3314
20.3314
20.3314
20.3314
20.3253
20.3253
20.3253
20.3253
16.6482
16.6482
15.9838
15.0594
15.0594
15.0594
15.0594
15.0594
15.0594
15.0594
15.0594
19.7241
21.746
21.746
17.8253
17.8253
21.3852
21.3852
21.3852
21.3852
21.1661
19.7153
19.7153
20.1004
20.1004
20.1004
18.0999
20.7868
20.7868
20.7868
17.6266
16.3616
19.5386
18.9389
18.9389
19.6582
19.3847
21.0764
21.0764
21.0764
18.6581
18.6581
18.6581
18.6581
18.6581
18.6581
18.6581
18.6581
18.6581
18.6581
18.6581
18.6581
18.6581
18.6581
18.6581
18.9206
18.038
18.038
16.9817
16.9817
17.0965
19.5248
18.243
18.46
17.8362
18.46
18.46
18.46
19.8825
18.8424
18.8424
18.9975
17.7227
17.7227
17.7227
17.7227
13.7184
16.1248
16.1248
16.1248
16.1248
16.1248
18.2604
16.5484
16.5484
16.5484
18.3657
16.0167
16.0167
16.0167
16.0167
16.0167
15.1393
15.1393
17.405
17.405
17.405
16.6613
18.0779
18.0779
18.0779
18.0779
15.4888
16.8404
16.8404
17.8967
17.8967
17.9318
17.9318
17.9318
17.9318
17.9318
16.7666
13.9735
13.9735
13.9735
17.1468
17.626
17.626
15.6664
15.6664
15.6664
15.2382
15.2382
15.2382
15.2382
15.2382
13.1706
14.0272
15.421
15.421
15.421
16.3009
16.3009
17.2796
16.1495
14.5137
15.6334
15.6334
18.8021
16.6433
16.9964
14.4066
14.4066
12.9225
12.9225
16.1766
16.1766
16.1766
16.1766
12.9109
12.9109
11.7347
11.7347
11.7347
13.0268
13.0268
10.7782
15.9377
15.9377
16.0512
16.0512
16.0512
15.6404
15.6404
15.6404
15.6404
15.6404
15.6404
14.5128
14.5128
14.5128
14.5128
13.4016
13.4016
14.7618
14.7618
14.7618
15.0154
15.0154
15.0154
15.1378
14.7639
14.7639
14.7639
14.7639
14.7639
14.7639
16.2993
15.3423
15.3423
15.7656
15.7656
16.5603
16.5603
15.3691
15.3691
14.0168
14.0168
14.0168
14.0168
14.0168
15.2339
15.2339
15.2339
15.2339
14.1633
13.9991
15.1854
16.6543
16.6543
14.5051
14.5051
14.5051
10.824
10.7465
10.7465
10.7465
14.6477
14.6477
14.6477
14.6477
14.6477
12.6225
10.6647
11.749
15.4671
15.4671
12.6301
12.6301
15.2379
15.2379
15.2379
15.2379
15.2379
15.2379
15.2379
14.1194
14.1194
14.1194
14.1194
14.1679
14.1679
14.1679
14.1679
16.2889
14.8775
14.8775
14.8775
14.4462
14.4462
14.4462
14.4462
13.7623
13.7623
15.3014
15.3014
15.3014
15.3014
15.3014
16.0366
16.0579
16.0579
16.0579
16.0579
14.337
14.337
14.337
14.337
14.337
14.337
14.337
14.337
15.4274
13.9103
13.2704
13.2704
13.2704
13.2704
13.2704
14.5177
14.5177
15.3423
15.4341
13.7394
12.7546
15.7656
15.7656
15.7656
15.7656
13.82
13.82
13.82
13.82
13.82
16.2535
16.2535
16.2535
16.2535
16.2535
13.8017
15.2376
15.2376
15.2376
15.2376
14.5662
14.5662
11.0041
11.0041
10.8994
10.8994
10.8994
10.8994
10.8994
13.0271
13.8108
13.7724
13.7724
13.7724
13.7724
14.5677
15.0258
15.0258
15.0258
13.8282
13.8282
13.8282
13.8282
13.2978
11.4081
14.7288
14.7288
13.6167
13.6167
13.766
13.766
12.754
12.754
12.754
12.754
12.754
12.754
14.5073
14.5073
14.5073
14.4185
13.2383
13.2383
14.7102
14.7102
12.0853
12.0853
12.0353
12.0353
14.6977
14.0315
14.0315
14.0315
13.751
13.751
13.751
13.751
12.9112
12.9112
12.9112
12.9112
12.6914
14.2653
14.2653
14.2653
14.2653
13.4199
13.4199
13.4199
14.2653
14.2653
14.2653
13.5667
11.5656
11.091
11.091
12.2727
12.6563
13.2749
13.2749
13.2749
13.2749
13.2749
14.1319
13.9363
12.0573
12.0573
9.38688
9.35575
9.35575
9.35575
9.35575
9.35575
11.6984
11.6984
13.9476
13.9476
13.9476
12.3383
12.9655
13.78
12.4354
12.4354
12.4354
13.498
13.498
11.9123
11.9123
11.9123
11.9123
12.0588
12.0588
12.0588
12.0588
12.0588
14.185
14.185
14.185
13.321
13.321
13.321
13.321
13.321
13.0222
13.0222
13.0222
13.0222
13.0222
13.0222
13.3122
12.682
12.5266
12.476
10.2475
12.0145
13.2725
13.2725
13.2725
13.2725
11.4667
11.4667
11.4667
11.4667
11.4667
11.4667
13.018
13.1242
10.8652
10.8652
10.8652
10.8652
10.8652
12.204
14.5631
14.564
12.0881
11.0074
11.0074
14.6321
13.2298
13.7913
13.7367
13.5405
13.7367
13.7367
10.954
12.2895
12.2895
12.6231
12.6231
12.6231
12.6231
12.6231
12.6231
12.6231
12.6231
12.4879
12.5553
12.6972
12.5492
12.4125
12.4125
12.4125
12.4125
12.4125
12.324
12.324
12.324
13.5203
13.5203
13.5203
13.5203
10.8609
10.8609
10.8609
11.3495
9.06308
9.06308
9.06308
13.0262
12.9066
12.9066
12.9066
11.4432
11.4432
11.4432
11.4432
10.4376
10.4376
10.4376
12.4003
12.4003
12.4003
9.65636
9.65636
11.355
11.355
11.7988
11.4408
11.4408
12.1641
12.1641
12.1641
12.1641
12.1641
13.6439
9.58678
9.58678
9.58678
11.7103
11.7103
11.7103
13.8179
13.8179
14.3367
14.3367
14.3367
14.3367
14.3367
13.7638
11.6791
8.32575
13.188
13.188
13.4632
13.4632
13.4632
13.4632
13.4632
13.4632
13.4632
13.4632
13.4632
11.753
11.753
11.753
11.753
11.753
11.753
11.753
10.6964
12.1696
11.3343
11.3343
11.3343
11.3343
11.3343
11.131
13.7605
13.7605
13.1135
13.1135
13.1135
13.824
11.9984
10.8045
11.4139
13.8389
13.8389
13.8389
13.8389
13.8389
13.2157
13.2157
11.4295
11.4295
9.90204
13.1388
10.6815
11.0822
11.9755
11.9755
11.9755
11.9755
11.3956
11.3956
10.0565
10.0565
10.0565
10.0565
10.0565
10.0565
10.0565
10.0565
10.0565
11.1744
11.1744
9.02585
9.02585
10.8316
10.8316
10.8316
10.8316
12.4433
12.4433
12.4433
12.4433
12.4433
9.89746
9.89746
9.89746
9.89746
12.5767
12.2877
9.77935
9.77935
10.051
10.051
7.63268
7.63268
11.3596
11.9285
11.9285
11.9285
7.80328
7.80328
7.80328
7.80328
11.8488
9.37132
9.37132
9.37132
13.0311
13.0311
13.0311
13.0311
13.0311
13.0311
12.4003
12.3273
11.5616
12.0853
12.0853
12.0853
12.0853
10.8136
10.8136
11.4264
11.4264
11.4264
10.9757
10.9757
10.9757
10.9757
9.79705
9.34416
9.34416
8.88516
8.88516
10.524
10.524
10.524
10.524
11.764
11.764
11.764
11.764
10.4178
10.4178
11.341
12.9649
12.0688
12.0688
12.0688
12.0688
12.8315
11.5058
11.5058
12.1482
12.1482
12.1482
12.1482
12.1482
10.7862
10.7862
10.7862
11.0773
12.7274
12.7274
10.7788
10.7788
10.7788
10.7788
11.7747
11.7747
11.6782
11.6782
11.6782
11.6782
11.6782
11.6782
11.3266
11.3266
11.3947
10.6037
10.6037
10.6037
11.5903
11.5903
10.0104
10.0104
10.7028
9.98383
9.98383
12.8291
12.8291
12.8291
12.8291
12.8291
12.8269
10.4602
10.4602
10.3073
10.3073
10.3073
10.3073
10.3073
10.3073
10.3073
10.3073
10.3073
10.3073
10.1788
9.17173
11.4472
11.4472
11.4472
11.4472
13.0842
13.0842
13.0842
13.0842
12.5208
11.7203
11.7203
11.7203
11.7203
9.21293
9.21293
9.21293
12.981
12.981
12.0511
12.0511
12.0511
12.0051
12.0051
12.0051
12.0051
12.0051
10.9455
10.9455
10.9455
10.9455
10.5567
10.5164
10.5164
10.5164
10.5164
12.3505
9.44487
10.4129
10.4129
10.4129
12.3505
10.5454
10.5454
9.62584
9.62584
10.6204
10.6204
10.6619
10.6619
10.6619
9.00388
9.00388
9.00388
11.2659
11.2659
12.1342
12.1342
12.1342
12.1342
12.1342
12.1342
12.1342
12.1342
12.1342
12.1342
12.7125
9.44609
9.44609
9.44609
11.1432
10.1569
10.4471
10.9461
10.9461
9.35026
11.6254
11.6254
10.5542
10.6705
10.6705
10.6705
10.7843
10.7843
10.7843
11.1975
11.1975
9.79217
9.79217
11.3804
10.7501
10.7501
11.3804
10.633
10.633
10.633
10.633
10.633
10.633
10.633
12.0698
11.9013
12.2404
12.2404
11.5519
11.5519
11.5519
11.5519
11.5519
11.5519
11.5519
11.5519
11.5525
11.5525
11.5525
11.5525
11.1051
11.1051
10.4291
10.4291
12.2285
11.698
8.85708
8.85708
9.66308
9.66308
9.66308
9.66308
9.66308
9.66308
9.66308
9.46959
9.46959
7.48711
9.50407
9.50407
9.66399
9.12015
9.96765
9.42137
9.42137
8.84152
8.31294
8.31294
8.31294
8.31294
7.38914
7.38914
7.38914
10.0626
10.6696
10.6696
9.52239
9.52239
8.43318
8.43318
8.43318
8.43318
8.43318
9.93744
9.93744
11.4594
11.4594
11.4594
9.74487
9.74487
9.14029
7.70348
7.70348
9.84893
8.17499
8.17499
9.37437
10.4575
10.4575
10.4575
7.9223
11.5213
10.2243
10.2243
11.0279
10.6876
10.6876
10.6876
10.6876
9.65575
9.65575
10.8231
10.8231
10.8231
11.1567
11.1567
11.1567
11.6288
10.3397
10.3397
10.3397
9.1345
9.93713
9.93713
8.26594
9.60936
9.60936
9.60936
9.60936
9.60936
9.9411
9.9411
10.3357
10.3357
10.3357
10.3357
10.3357
10.3357
9.98169
9.98169
8.27021
8.27021
10.0726
10.0726
10.0592
10.0592
7.03269
7.03269
9.61211
9.61211
9.14365
10.4065
10.4065
10.4065
8.89859
8.89859
8.89859
8.89859
8.07245
8.07245
7.13218
7.13218
7.58019
7.58019
7.58019
7.58019
7.58019
7.79015
7.79015
8.32881
8.32881
8.32881
8.62667
8.62667
8.62667
8.70327
8.70327
8.74447
8.74447
9.15555
9.71496
9.71496
9.71496
9.71496
9.71496
10.3409
9.58129
9.58129
9.58129
9.66613
8.29157
8.29157
9.317
9.317
9.317
9.97681
7.70562
8.78628
8.78628
8.78628
8.89615
8.89615
8.89615
8.89615
8.89615
7.7694
7.7694
9.15616
9.15616
9.15616
8.30226
8.92087
8.92087
8.98618
8.98618
8.98618
8.98618
8.98618
8.98618
8.46217
8.46217
8.46217
8.46217
8.46217
8.46217
8.46217
7.92138
9.89593
9.89593
9.85961
9.85961
7.6281
7.6281
7.6281
7.6281
8.88394
8.88394
8.88394
8.88394
8.88394
8.88394
8.88394
9.04935
9.87152
9.87152
7.04337
7.60674
10.6882
10.6882
10.6882
10.6156
9.8056
9.8056
9.8056
8.19697
9.92218
9.92218
9.12046
8.35261
9.84588
9.88006
9.88006
10.0085
10.0085
10.0085
8.37092
8.37092
8.37092
8.37092


-0.208289
0.245827
0.242164
0.0941496
-0.281228
0.392621
-0.00717185
-0.0636311
0.331889
0.175634
0.16129
-0.780206
0.604419
-0.09476
0.406964
-0.141758
0.0120548
0.123142
0.0962859
-0.0743126
0.113987
0.180822
0.000152593
-0.457625
-0.0267037
0.511643
0.464034
-0.285195
-0.0306711
0.424055

0.021

