498.038
498.038
498.038
405.726
210.59
210.59
210.59
210.59
210.59
210.59
201.006
201.006
201.006
165.768
165.768
165.768
165.768
165.768
165.768
165.768
146.517
146.517
146.517
146.517
210.59
210.59
210.59
210.59
210.59
165.62
137.459
137.459
133.352
133.352
133.352
133.352
133.352
133.352
133.352
133.352
133.352
80.8503
80.8503
107.152
107.152
107.152
107.152
107.152
107.152
107.152
107.152
107.152
103.964
103.964
103.964
103.964
91.1329
103.764
103.764
103.764
103.764
103.764
103.764
103.764
103.764
103.764
103.764
103.764
97.6657
97.6657
97.6657
97.6657
67.1687
67.1687
69.7669
87.0619
87.0619
88.0953
70.5759
70.5759
70.5759
70.5759
59.1176
59.1176
59.1176
59.1176
59.1176
59.1176
59.1176
53.7361
49.6902
49.6902
49.6902
49.6902
49.6902
49.6902
49.6902
49.6902
49.6902
49.6902
49.6902
49.6902
49.6902
47.8342
47.8342
47.8342
41.1982
41.1982
41.1982
41.1982
41.1982
41.1982
41.1982
41.1982
41.1982
41.1982
47.8342
47.8342
47.8342
51.2304
51.2304
51.2304
51.2304
51.2304
49.7664
49.7664
49.7664
49.7664
46.8317
46.8317
46.8317
46.8317
46.8317
46.8317
44.7861
32.3887
32.3887
32.3887
32.3887
33.8518
31.5344
31.5344
31.5344
31.5344
31.5344
31.5344
37.3191
37.3191
37.3191
37.3191
37.3191
37.1276
37.1276
37.1276
36.8797
36.8797
36.8797
36.8797
36.8797
36.8797
36.8797
36.8797
36.8797
36.8797
36.8797
33.7354
33.7354
33.7354
33.7354
33.7354
33.7354
33.7354
32.3733
32.3733
32.3051
32.3051
32.3051
29.797
29.797
26.1959
26.1959
26.1959
26.1959
26.1959
26.1959
26.1959
26.1959
26.1959
26.1959
26.1959
26.1959
26.1959
26.1959
26.1959
26.1959
26.1959
25.6192
25.6192
25.6192
25.6192
25.6192
25.6192
25.6192
25.6192
25.6192
28.2712
25.092
25.092
24.9738
24.9738
24.9738
24.9738
23.8518
23.8518
23.8518
23.8518
23.8518
23.8518
22.6669
22.6669
22.6669
22.6669
22.6669
22.6669
22.6669
22.6669
22.6669
22.6669
18.2451
18.2451
18.0281
18.0281
18.0281
18.0281
18.0281
18.0281
17.7788
17.7788
19.4888
19.4888
19.4888
19.4888
19.4888
19.4888
19.4888
19.4888
19.4888
19.4888
19.4888
19.4888
19.4888
15.8029
15.8029
15.7433
13.9769
14.7268
14.7268
14.7268
17.3785
17.3785
17.3785
18.4101
18.4101
18.4101
17.3848
17.3848
17.4002
17.4002
17.4002
17.4002
17.4002
17.4002
17.4002
17.4002
16.9031
16.9031
16.9031
16.9031
16.9031
16.9031
16.9031
17.9228
17.9228
18.3043
18.7843
18.7843
18.7843
18.7843
18.7843
16.9646
16.9646
16.9646
16.9646
16.9646
16.8841
16.8841
16.8841
16.3092
16.5587
16.5587
16.4556
16.6152
16.6152
16.6152
16.6152
16.6152
16.6152
16.6152
16.6152
16.6152
17.058
17.058
17.058
17.058
17.058
17.058
17.058
17.058
17.058
17.058
15.5809
15.5809
15.5809
16.4484
16.4484
16.4484
16.4484
16.4484
16.4484
16.4484
16.4484
16.4484
16.4484
16.4484
16.4484
16.4484
16.4484
16.4484
16.4484
16.4484
16.4484
16.4484
16.4484
16.4484
16.4484
16.4484
16.4484
16.4484
16.4484
16.4484
16.4484
16.4484
16.4484
16.4484
16.4484
16.4484
14.5212
14.5212
14.5212
14.5212
14.5212
14.5212
14.5212
14.5212
14.5212
15.7207
15.7207
17.1962
17.1962
17.1962
17.1962
17.1962
17.1962
17.1962
17.1962
17.1962
17.1962
17.1962
17.1962
17.4293
17.4293
17.4293
17.4293
17.3655
17.3655
13.6171
15.1823
15.1823
15.1823
15.1823
15.1823
14.8584
14.8584
14.8584
14.8584
14.8584
14.8584
14.8584
14.8584
14.8584
14.8584
14.8584
14.8584
14.8584
14.6085
14.6085
14.6085
14.6085
14.6085
14.6085
14.6097
14.6097
14.6097
14.6097
14.6097
14.6097
13.7365
13.8844
13.6149
13.6149
13.6149
13.8174
13.8174
13.8174
13.6197
13.6197
13.6197
13.6197
13.6197
13.4063
13.0178
13.0178
13.0178
13.0178
12.7595
12.7595
12.7595
12.7595
12.7595
12.7595
12.7595
12.7595
12.7595
12.7595
12.8246
12.8246
13.0846
13.0846
13.0846
13.0846
13.2729
13.2729
13.2729
13.2729
13.2729
13.2729
13.2729
13.3524
13.3524
13.3524
11.966
11.966
11.966
11.966
11.966
11.966
11.966
11.966
11.966
11.966
11.966
11.966
11.966
11.966
11.966
11.966
11.966
11.966
11.966
11.966
11.966
11.3793
11.3793
11.3793
11.435
12.2005
12.2005
11.2209
11.2209
11.2209
11.2209
11.2209
10.9301
10.9301
11.0933
11.0933
11.0933
11.0933
11.0933
11.0933
11.0933
11.0933
11.0933
11.0933
11.0933
11.0933
11.0933
11.8014
11.9943
11.0304
11.0304
11.0304
11.0304
11.0304
11.0304
11.0304
11.0304
11.0304
11.0304
11.0304
11.0304
11.0304
11.0304
11.0304
11.0304
11.0304
11.0304
11.0304
11.0304
11.4343
11.4763
11.4763
11.4763
11.4763
11.3116
11.3116
11.3116
11.138
11.138
11.2311
11.2311
11.2311
11.2311
11.1299
11.1299
11.6072
11.6072
11.6072
11.6072
11.6072
11.6072
11.6072
11.6072
11.6072
11.6072
11.6072
11.6072
11.6072
12.0814
12.0814
11.2522
11.2522
11.2522
11.2522
11.2522
11.2522
11.2522
11.2522
11.2522
11.2522
11.2522
11.2522
11.2522
10.0993
10.0993
10.0993
10.0993
10.1603
10.1603
10.1603
10.1603
10.1603
10.1603
10.1603
10.1603
10.1603
10.1603
10.1603
10.1603
9.68313
9.68313
10.7446
10.7446
10.7446
10.7446
10.7446
10.7446
10.7446
10.7446
10.7446
10.7446
10.7446
10.7446
10.7446
10.7446
10.7446
10.7446
10.7446
10.7446
10.7446
10.7446
10.5358
10.5358
10.5358
10.5358
10.5358
10.5358
10.5358
10.5358
10.5358
11.0126
11.0126
11.0126
11.0126
11.0126
11.0126
11.0126
11.0126
11.0126
11.0126
11.0126
11.0126
11.0126
11.0126
11.0126
11.0995
11.0995
11.0995
11.0995
11.0995
11.0995
10.6121
10.6121
10.6121
10.6121
10.6121
10.6121
10.6121
10.6121
10.6121
10.6121
10.6121
10.6121
10.6121
10.6121
10.619
10.619
10.619
10.619
10.619
10.619
10.619
10.619
10.619
10.619
10.619
10.619
10.619
10.619
10.619
10.619
10.619
10.619
10.619
10.619
10.619
10.619
10.619
10.619
10.619
10.619
10.1432
10.1432
9.93771
9.93771
9.93771
9.93771
9.93771
9.93771
9.93771
9.93771
9.93771
10.1432
10.1432
10.1432
10.1432
10.1432
10.1432
10.1432
10.1432
10.1432
10.1432
10.1432
10.1432
10.1432
10.1432
10.1432
10.1432
10.1432
10.1432
10.1432
10.1432
10.1432
10.1432
10.1432
10.1432
10.1432
10.1432
10.1432
10.1432
10.1432
10.1432
10.1432
9.53623
9.53623
9.53623
9.53623
9.53623
9.53623
9.53623
9.53623
9.53623
9.53623
9.53623
9.53623
9.53623
9.53623
9.53623
9.53623
9.53623
9.59119
9.59119
9.59119
9.59119
9.59119
9.59119
9.59119
9.59119
9.59119
9.59119
9.59119
9.59119
9.59119
9.68956
9.68956
10.032
10.032
10.032
10.032
10.032
10.032
10.032
10.032
10.032
10.032
10.032
10.032
10.032
10.032
10.032
10.032
10.032
10.032
10.032
10.032
10.032
10.032
10.032
10.032
10.3514
10.3514
10.3514
10.3514
10.3514
10.3514
10.3514
10.3514
10.3514
10.3514
10.3514
10.3514
10.3478
10.3478
10.3478
10.3478
10.3478
10.3478
10.3478
10.3478
10.3478
10.3478
10.3478
10.3478
10.3478
10.3478
10.3478
9.85321
9.20746
9.53471
9.53471
9.53471
9.53471
9.53471
9.53471
9.53471
9.53471
9.53471
9.53471
9.53471
9.53471
9.53471
9.53471
9.53471
9.53471
9.53471
9.53471
9.53471
9.53471
9.53471
9.53471
9.53471
9.53471
9.53471
9.53471
9.53471
9.53471
9.53471
9.0254
9.0254
9.0254
9.0254
9.0254
9.0254
9.0254
9.0254
9.0254
8.28771
8.91836
8.35416
8.35416
8.35416
8.35416
8.35416
8.35416
8.35416
8.35416
8.35416
8.35416
8.35416
8.35416
8.35416
8.35416
8.35416
8.35416
8.35416
8.35416
8.35416
8.35416
8.35416
8.35416
8.35416
8.35416
8.35416
8.35416
8.35416
8.20273
8.35416
8.35416
8.35416
8.35416
8.35416
8.35416
8.35416
8.35416
8.35416
8.35416
8.35416
8.35416
8.35416
8.35416
8.35416
8.35416
8.35416
8.35416
8.11347
8.11347
8.11347
8.11347
8.11347
8.11347
8.11347
8.11347
8.11347
8.11347
8.11347
8.11347
8.11347
8.11347
8.11347
8.11347
8.11347
8.11347
8.11347
8.11347
8.11347
7.64087
7.64087
7.64087
8.11347
8.11347
8.11347
8.11347
8.44744
8.44744
8.44744
8.44744
8.44744
8.44744
8.44744
8.44744
8.44744
8.44744
8.44744
8.44744
8.44744
8.14508
8.14508
8.14508
8.14508
8.14508
8.14508
8.14508
8.14508
8.14508
8.14508
8.14508
8.14508
8.14508
8.14508
8.14508
8.14508
8.14508
8.14508
8.14508
8.14508
8.14508
8.18207
8.18207
8.18207
8.18207
8.18207
8.37176
8.37176
8.26383
8.26383
8.26383
8.26383
8.26383
8.26383
8.26383
8.26383
8.26383
8.19193
8.19193
8.19193
8.22868
8.22868
8.22868
8.22868
8.22868
8.22868
8.22868
8.22868
8.22868
8.22868
8.22868
8.22868
8.22868
8.22868
8.22868
8.22868
8.21411
7.55776
7.55776
7.55776
7.55776
7.55776
7.55776
7.55776
7.55776
7.66488
7.66488
7.66488
7.66488
7.66488
7.66488
7.66488
7.66488
7.66488
7.66488
7.66488
7.66488
7.66488
7.66488
7.66488
7.66488
7.66488
7.66488
7.66488
7.66488
7.66488
7.66488
7.66488
7.66488
7.66488
7.66488
7.66488
7.54822
7.49391
7.49391
7.49391
7.44652
7.44652
7.44652
7.44652
7.44652
7.49391
7.49391
7.49391
7.49391
7.49391
7.56232
7.56232
7.56232
7.56232
7.56232
7.56232
7.56232
7.56232
7.56232
7.56232
7.56232
7.56232
7.56232
7.56232
7.56232
7.56232
7.47972
7.47972
7.47972
7.47972
7.47972
7.47972
7.47972
7.47972
7.47972
7.47972
7.33082
7.2239
7.2239
7.2239
7.2239
7.2239
7.2239
7.2239
7.2239
7.2239
7.2239
7.2239
7.2239
7.2239
7.2239
7.33082
7.33082
7.33082
7.33082
7.33082
7.33082
7.33082
7.33082
7.33082
7.33082
7.33082
7.33082
7.33082
7.33082
7.33082
7.33082
7.33082
7.33082
7.33082
7.33082
7.33082
7.41501
7.41501
7.41501
7.00767
7.00767
7.00767
7.00767
7.00767
7.00767
7.00767
6.75321
6.75321
6.75321
6.75321
6.75321
6.75321
6.70048
6.70048
6.912
6.912
6.912
6.912
6.912
6.912
6.912
6.912
6.912
6.912
6.912
6.912
6.912
6.912
6.912
6.912
6.912
6.912
6.912
6.56527
6.56527
6.56527
6.56527
6.56527
6.5774
6.5774
6.5774
6.5774
6.5774
6.5774
6.5774
6.5774
6.5774
6.5774
6.5774
6.5774
6.5774
6.5774
6.5774
6.5774
6.5774
6.5774
6.5774
6.5774
6.5774
5.9006
5.9006
5.9006
5.9006
5.9006
5.9006
5.9006
5.9006
6.05827
6.05827
6.05827
6.05827
6.05827
6.08399
6.08399
6.15053
6.15053
6.15053
6.15053
6.15053
6.15053
6.15053
6.15053
6.15053
6.15053
6.15053
6.15053
6.15053
6.15053
6.34135
6.47353
6.47353
6.47353
6.47353
6.47353
6.47353
6.47353
6.47353
6.47353
6.47353
6.47353
6.47353
6.47353
6.47353
6.47353
6.47353
6.47353
6.47353
6.47353
6.47353
6.47353
6.47353
6.47353
6.47353
6.47353
6.47353
6.47353
6.47353
6.47353
6.47353
6.47353
6.47353
6.29136
6.29136
6.29136
6.29136
6.29136
6.29136
6.29136
6.29136
6.29136
6.29136
6.29136
6.29136
6.29136
6.29136
6.29136
6.29136
6.29136
6.29136
6.29136
6.29136
6.29136
6.29136
6.29136
6.29136
6.31823
6.31823
6.31823
6.31823
6.31823
6.31823
6.31823
6.50264
6.44572
6.44572
6.44572
6.19487
6.19487
6.19487
6.19487
6.19487
6.19487
6.19487
6.19487
6.19487
6.19487
6.19487
6.19487
6.19487
6.19487
6.19487
6.19487
6.19487
6.19487
6.11973
6.11973
6.11973
6.11973
6.11973
6.11973
6.11973
6.11973
6.11973
6.11973
6.11973
6.11973
6.11973
6.11973
6.11973
6.11973
6.19277
6.19277
6.19277
6.19277
6.19277
6.19277
6.13892
6.13892
6.13892
6.13892
6.13892
6.13892
6.13892
6.13892
6.13892
6.13892
6.13892
6.13892
6.13892
6.13892
6.13892
6.13892
6.02105
6.02105
6.02105
6.02105
6.02105
6.02105
6.02105
6.02105
6.02105
6.02105
6.02105
6.02105
5.91961
5.91961
5.91961
5.91961
6.01862
6.01729
5.95866
5.95866
5.95866
5.95866
5.95866
5.95866
5.95866
5.95866
5.95866
5.95866
5.95866
5.95866
5.95866
5.95866
5.95866
5.97373
5.97373
6.00065
6.00065
6.00065
6.00065
6.00759
6.00759
6.00759
6.01862
6.01862
6.01662
5.91876
5.71484
5.71484
5.71484
5.71484
5.71484
5.71484
5.68831
5.68831
5.68831
5.74302
5.74302
5.74302
5.74302
5.74302
5.74302
5.74302
5.71734
5.71734
5.78435
5.78435
5.78435
5.78435
5.84235
5.84235
5.84235
5.84235
5.84235
5.84235
5.83946
5.83946
5.83946
5.83946
5.83946
5.83946
5.83946
5.83946
5.83946
5.83946
5.95387
5.95387
5.95387
5.95387
5.52642
5.52642
5.52642
5.52642
5.52642
5.52642
5.52642
5.52642
5.52642
5.52642
5.52642
5.52642
5.46903
5.46903
5.46903
5.46903
5.46903
5.46903
5.46903
5.46903
5.46903
5.65078
5.65078
5.65078
5.65078
5.65078
5.65078
5.65078
5.65078
5.65078
5.65078
5.65078
5.65078
5.65078
5.65078
5.65078
5.65078
5.65078
5.65078
5.65078
5.65078
5.56603
5.56603
5.56603
5.56603
5.56603
5.56603
5.56603
5.56603
5.56603
5.56603
5.69783
5.69783
5.7334
5.7334
5.7334
5.7334
5.73103
5.73103
5.73103
5.73103
5.73103
5.73103
5.73103
5.73103
5.73103
5.73103
5.73103
5.73103
5.73103
5.73103
5.73103
5.73103
5.69218
5.66739
5.66739
5.66739
5.66739
5.66739
5.66739
5.66739
5.55265
5.55265
5.55265
5.55265
5.55265
5.42469
5.42469
5.42469
5.42469
5.42469
5.55265
5.59884
5.59884
5.59884
5.59884
5.56756
5.56756
5.59884
5.59884
5.59884
5.59884
5.59884
5.59884
5.59884
5.59884
5.59884
5.35925
5.35925
5.35925
5.35925
5.35925
5.35925
5.35925
5.35925
5.35925
5.35925
5.35925
5.35925
5.35925
5.35925
5.35925
5.35925
5.35925
5.35925
5.35925
5.35925
5.35925
5.35925
5.10766
5.10766
5.10766
5.10766
5.10766
5.10766
5.10766
5.10766
5.10766
5.10766
5.10766
5.10766
5.10766
5.10766
5.10766
5.10766
5.10766
5.10766
5.10766
5.10766
5.10766
5.10766
5.10766
5.10766
5.10766
5.10766
5.10766
5.10766
5.10766
5.10766
5.10766
5.10766
5.10766
5.10766
5.10766
5.10766
5.10766
5.10766
5.10766
5.10766
5.10766
5.10766
5.46664
5.46664
5.46664
5.46664
5.46664
5.46664
5.46664
5.17136
5.17136
5.17136
5.17136
5.17136
5.17136
5.17136
5.17136
5.17136
5.17136
5.20871
5.20871
5.20871
5.10658
5.10658
5.10658
5.10658
5.10658
5.10658
5.10658
5.10532
5.10532
5.10532
5.10532
5.10532
5.10532
5.10532
5.10532
5.10532
5.10532
5.10532
5.10532
5.10532
5.10532
5.18212
5.18212
5.18212
5.18212
5.18212
5.18212
5.18212
5.18212
5.18212
5.18212
5.18212
5.18212
5.18212
5.18212
5.18212
5.1731
5.1731
5.1731
5.1731
5.1731
5.1731
5.1731
5.1731
5.1731
5.1731
5.1731
5.1731
5.1731
5.13986
5.13986
5.13986
5.13986
5.06197
5.06197
5.06197
5.13986
5.13986
5.13986
5.13986
5.13986
5.13986
5.13986
5.13986
5.13986
5.13986
5.13986
5.06512
5.057
5.057
5.057
5.057
5.057
5.057
5.057
5.057
5.057
5.057
5.057
5.057
5.057
5.057
5.057
5.057
5.057
5.057
4.99204
4.99204
4.99204
4.99204
4.99204
4.95302
4.95302
4.95302
4.95302
4.95302
4.95302
4.95302
4.95302
4.95302
4.95302
4.95302
4.95302
4.88219
4.88219
4.88219
4.88219
4.87657
4.73933
4.73933
4.73933
4.73933
4.73933
4.73933
4.73933
4.73933
4.73933
4.73933
4.73933
4.73933
4.73933
4.73933
4.73933
4.73933
4.73933
4.73933
4.73933
4.73933
4.73933
4.73933
4.73933
4.73933
4.73933
4.73933
4.73933
4.73933
4.73933
4.73933
4.73933
4.73933
4.73933
4.73933
4.73933
4.73933
4.73933
4.73933
4.73933
4.73933
4.73933
4.73933
4.62999
4.62999
4.58111
4.58111
4.58111
4.58111
4.58111
4.58111
4.58111
4.58111
4.58111
4.58111
4.58111
4.58111
4.53083
4.53083
4.53083
4.53083
4.53083
4.53083
4.53083
4.53083
4.53083
4.53083
4.53083
4.53083
4.53083
4.53083
4.53083
4.53083
4.53083
4.53083
4.53083
4.53083
4.53083
4.53083
4.53083
4.53083
4.53083
4.53083
4.53083
4.53083
4.53083
4.51402
4.51402
4.51402
4.51402
4.51402
4.51402
4.51402
4.51402
4.51402
4.51402
4.51402
4.51402
4.51402
4.51402
4.51402
4.51402
4.51402
4.51402
4.58111
4.58111
4.58111
4.58111
4.58111
4.58111
4.58111
4.58111
4.61754
4.61754
4.61754
4.61592
4.61754
4.61754
4.61754
4.61754
4.61754
4.61754
4.61754
4.61754
4.61754
4.61754
4.56353
4.56353
4.56353
4.56353
4.56353
4.56353
4.56353
4.56353
4.56353
4.56353
4.56353
4.56353
4.56353
4.56353
4.56353
4.56353
4.56353
4.56353
4.56353
4.56353
4.56353
4.56353
4.56353
4.56353
4.56353
4.56353
4.56353
4.56353
4.56353
4.41756
4.41756
4.41756
4.56627
4.56627
4.56627
4.56627
4.52227
4.52227
4.51862
4.51862
4.51862
4.51862
4.51862
4.51862
4.51862
4.52227
4.52227
4.52227
4.49767
4.49767
4.49767
4.49767
4.49767
4.49767
4.49767
4.49767
4.49767
4.49767
4.49767
4.49767
4.49767
4.458
4.458
4.458
4.458
4.458
4.46899
4.40029
4.35868
4.35868
4.35868
4.35868
4.35868
4.35868
4.35868
4.35868
4.35586
4.35586
4.35586
4.35586
4.43127
4.43127
4.43127
4.43127
4.43127
4.43127
4.42212
4.42212
4.43127
4.28881
4.28881
4.28881
4.28881
4.28881
4.28881
4.28881
4.28881
4.42985
4.42985
4.42985
4.42985
4.42985
4.42985
4.42985
4.42985
4.42985
4.42985
4.42985
4.42985
4.42985
4.42985
4.42985
4.42985
4.42985
4.42985
4.42985
4.42985
4.42985
4.42985
4.42985
4.42985
4.42985
4.42985
4.42985
4.42985
4.42985
4.42985
4.42985
4.42985
4.42985
4.42985
4.42985
4.42985
4.42985
4.42985
4.42985
4.42985
4.42985
4.42985
4.42985
4.42985
4.42985
4.39154
4.39154
4.39154
4.36131
4.36131
4.36131
4.36131
4.36131
4.36131
4.36131
4.36131
4.36131
4.36131
4.26567
4.26567
4.26567
4.26567
4.26567
4.26567
4.26567
4.26567
4.25071
4.26567
4.26567
4.26567
4.26567
4.26567


27.4839
7.5271
-4.05958
-22.7323
-19.681
-5.64783
5.45523
-5.44019
-0.965723
7.32985
-10.9057
-27.5892
-10.2824
9.88115
9.92487
-19.561
-34.2677
-34.6086
-20.4551
11.0898
19.0285
19.3092
26.7214
39.8684
37.8055
29.3038
6.5183
-8.54887
-16.6155
30.4673

0.028

