215.618
215.618
104.511
44.3533
44.3533
44.3533
44.3533
44.3533
44.3533
44.3533
44.3533
35.7959
35.4115
35.4115
35.4115
35.4115
35.4115
34.9788
34.9788
34.9788
31.9103
31.6145
31.6145
31.6145
31.6145
31.6145
31.6145
31.6145
31.6145
30.7002
30.7002
30.7002
30.5623
30.4547
30.4547
30.4547
30.4547
27.007
27.007
27.007
27.007
27.007
27.007
27.007
27.007
27.007
27.007
27.007
27.007
27.007
27.007
27.007
27.007
25.1731
25.1731
25.1731
25.1731
25.1731
25.1731
25.1731
25.1731
24.8829
24.1738
24.1738
24.1738
24.1738
24.1738
24.1738
24.1738
23.9158
23.9158
23.9158
23.2061
23.2061
23.2061
23.2061
23.2061
23.2061
23.2061
23.2061
23.2061
23.2061
23.2061
22.4022
22.4022
22.4022
22.4022
22.3262
22.3262
22.3262
22.3262
22.2934
22.2934
22.2934
22.2934
21.9555
21.9555
21.3221
20.3077
20.3077
20.3077
20.3077
20.3077
20.3077
20.3077
20.3077
20.3077
20.3077
20.3077
19.968
19.968
19.968
19.968
19.968
19.968
19.968
19.5097
19.5097
19.5097
19.5097
19.5097
19.5097
19.5097
19.5097
19.5097
19.5097
19.5097
19.3255
19.3255
18.6418
18.6418
18.6418
18.5879
18.5879
18.5879
18.451
18.451
18.2428
18.2428
17.8776
17.8776
17.8776
17.8776
17.8776
17.6991
17.6991
17.6991
17.6991
17.6991
17.6991
17.5564
17.5564
17.5564
17.5564
17.5564
17.5564
17.5186
17.5186
17.5186
17.5186
17.5186
17.5186
17.5186
17.4836
17.4836
17.4836
17.4255
17.4255
17.4255
17.4255
17.2893
17.2893
17.2893
17.2893
17.0356
17.0356
17.0356
17.0356
17.0356
17.0356
17.0356
17.0356
17.0356
17.0356
17.0356
17.0356
17.0356
17.0356
17.0356
17.0356
17.0356
17.0356
17.0356
17.0356
17.0356
17.0356
17.0356
17.0356
17.0356
17.0356
17.0356
17.0356
17.0356
16.9687
16.9687
16.9687
16.9687
16.9274
16.9239
15.8426
15.8426
15.8426
15.7927
15.7927
15.7927
15.7927
15.7927
14.7642
14.7642
14.7642
14.7642
14.7642
14.7642
14.7642
14.7642
14.7642
14.7642
14.7642
14.7642
14.7642
14.7642
14.7642
14.7642
14.7642
14.7642
14.7642
14.7642
14.7642
14.7642
14.7642
14.7642
14.7642
14.7642
14.7642
14.7642
14.7642
14.7642
14.7642
14.7642
14.7642
14.7642
14.7642
14.7642
14.7642
14.7125
14.7125
14.7125
14.7125
14.7125
14.7125
14.7125
14.7125
14.7125
14.7125
14.6259
14.2399
14.2399
14.2399
12.2377
12.2377
12.2377
12.2377
12.2377
12.2377
12.2377
12.2377
12.2377
12.2377
12.2377
12.2377
12.2377
12.2377
11.8653
11.8653
11.8653
11.8653
11.8653
11.8653
11.8653
11.8653
11.8653
11.8653
11.8653
11.8653
11.8653
11.8653
11.8653
11.8653
11.8653
11.8653
11.8653
11.8653
11.8653
11.853
11.853
11.853
11.853
11.853
11.8319
11.7723
11.5948
11.5948
11.5948
11.5948
11.5948
11.5948
11.5948
11.5948
11.5948
11.5948
11.5948
11.4576
11.4576
11.4576
11.4576
11.4576
11.4576
11.4576
10.6275
10.6275
10.6275
10.6275
10.6275
10.6275
10.6275
10.6275
10.6275
10.6275
10.6275
10.6275
10.6275
10.6275
10.6275
10.6201
10.6201
10.6201
10.6201
10.6201
10.6201
10.6201
10.6201
10.6201
10.6201
10.6201
10.6201
10.6201
10.6201
10.6201
10.6201
10.6201
10.6201
10.6201
10.6201
10.6091
10.6091
10.6091
10.6032
10.6032
10.6032
10.6032
10.6032
10.6032
10.6032
10.6032
10.6032
10.5937
10.5777
10.5777
10.5777
10.5777
10.5777
10.5777
10.5777
10.5777
10.5777
10.5777
10.5777
10.568
10.3893
10.3893
10.3893
10.3893
10.3893
10.3893
10.3893
10.3893
10.3893
10.3893
10.3893
10.3893
10.0565
10.0565
10.0565
10.0565
10.0565
10.0565
10.0565
10.0565
10.0565
10.0565
10.0565
10.0565
10.0565
10.0565
10.0495
10.0495
10.0495
10.0495
10.0495
10.0495
10.0495
10.0495
10.0495
10.0495
10.0495
10.0495
10.0495
9.86761
9.86761
9.86761
9.86761
9.86761
9.86761
9.86761
9.85013
9.85013
9.85013
9.85013
9.85013
9.85013
9.85013
9.85013
9.76569
9.76569
9.76569
9.76569
9.76569
9.76569
9.72979
9.72979
9.72979
9.72979
9.72979
9.7291
9.7291
9.7291
9.7291
9.7291
9.7291
9.71754
9.66636
9.66636
9.66636
9.66636
9.66636
9.66636
9.6326
9.6326
9.6326
9.6326
9.6326
9.6326
9.6326
9.6326
9.6326
9.6326
9.63015
9.63015
9.63015
9.63015
9.63015
9.63015
9.627
9.46599
9.46599
9.46599
9.46599
9.46599
9.46599
9.38827
9.38827
8.77258
8.77258
8.77258
8.77258
8.77258
8.77258
8.77258
8.77258
8.77258
8.77258
8.77258
8.77258
8.77258
8.77258
8.77258
8.77258
8.77258
8.77258
8.77258
8.77258
8.77258
8.77258
8.77258
8.77258
8.77258
8.61715
8.59991
8.59991
8.59991
8.59991
8.59991
8.59991
8.58168
8.58168
8.58168
7.72669
7.72669
7.72669
7.72669
7.72669
7.72669
7.72669
7.72669
7.72669
7.72669
7.72669
7.72669
7.72669
7.72669
7.72669
7.72669
7.60513
7.60513
7.60513
7.60513
7.5691
7.5691
7.5691
7.5691
7.5691
7.51513
7.51513
7.38747
7.38747
7.38747
7.38747
7.38747
7.38747
7.38747
7.38747
7.38747
7.38747
7.38747
7.38747
7.38747
7.26145
7.26145
7.26145
7.26145
7.26145
7.26145
7.26145
7.26145
7.26145
7.26145
7.26145
7.26145
7.26145
6.61409
6.61409
6.61409
6.61409
6.61409
6.61409
6.61409
6.61409
6.61409
6.61409
6.61409
6.61409
6.61409
6.61409
6.61409
6.61409
6.61409
6.61409
6.61409
6.60231
6.60231
6.60231
6.52291
6.52291
6.30175
6.30175
6.30175
6.30175
6.30175
6.25713
6.25713
6.25713
6.25713
6.25713
6.25713
6.25713
6.25713
6.25713
6.25713
6.25713
6.25713
6.25713
6.25713
6.25713
6.25713
6.23444
6.23444
6.23444
6.23444
6.23444
6.23444
5.83876
5.71765
5.71765
5.61681
5.61681
5.57528
5.57528
5.57528
5.57528
5.33234
5.33234
5.33234
5.33234
5.33234
5.33234
5.33234
5.33234
5.33234
5.33234
5.33234
5.33234
5.33234
5.33234
5.31083
5.31073
5.31073
5.31073
5.31073
5.31073
5.31073
5.31073
5.28996
5.28996
5.28996
5.28996
5.28996
5.28996
5.28996
5.28996
5.28996
5.28996
5.28996
5.28996
5.21144
5.21144
5.21144
5.21144
5.21144
5.21144
5.21144
5.17586
5.17586
5.16478
5.16478
5.16478
5.01606
5.01606
5.01606
5.01606
5.01606
5.01606
5.01606
5.01606
5.01606
5.01606
5.01606
5.01606
5.01606
5.01606
5.01606
5.01606
5.01606
5.01606
5.01606
5.01606
5.01606
5.01606
5.01606
5.01606
5.01606
5.01502
5.01502
5.01502
5.01502
5.01502
5.01502
5.01502
5.01502
5.00307
5.00307
5.00307
5.00307
5.00307
5.00307
5.00307
5.00307
5.00307
5.00307
5.00307
5.00072
4.99818
4.99818
4.99818
4.99276
4.99276
4.99276
4.99253
4.98899
4.9762
4.9762
4.9762
4.9762
4.9762
4.9762
4.9762
4.9762
4.96634
4.95649
4.95649
4.95649
4.95649
4.95649
4.95649
4.95649
4.94168
4.94168
4.94168
4.94168
4.94168
4.94168
4.94168
4.94168
4.94168
4.94168
4.94168
4.94168
4.93572
4.93572
4.93572
4.93572
4.93572
4.93568
4.93568
4.93548
4.93548
4.92748
4.92748
4.92748
4.92748
4.92474
4.92474
4.92474
4.92474
4.92474
4.92474
4.92474
4.92474
4.92474
4.92474
4.92474
4.92474
4.92474
4.87151
4.87151
4.87151
4.84471
4.84471
4.84471
4.84471
4.84471
4.82882
4.82882
4.82882
4.82882
4.82882
4.82882
4.82882
4.76847
4.76847
4.76847
4.76847
4.76847
4.76847
4.76847
4.76847
4.76847
4.76847
4.76847
4.76847
4.76847
4.76847
4.76847
4.76847
4.76847
4.58861
4.58861
4.58861
4.58861
4.58861
4.58861
4.58861
4.58861
4.58861
4.58861
4.55846
4.55846
4.55846
4.55846
4.53155
4.53155
4.53155
4.53155
4.53155
4.53155
4.53155
4.53155
4.53155
4.53155
4.53155
4.52637
4.47969
4.47969
4.47969
4.47969
4.47969
4.47969
4.47969
4.47969
4.47969
4.47746
4.4756
4.4756
4.4756
4.4756
4.4756
4.33733
4.33733
4.33733
4.33733
4.16857
4.16857
4.16857
4.16857
4.16857
4.16188
4.16188
4.16188
4.08401
4.08401
4.08401
4.08401
4.08401
4.08401
4.08401
4.08401
4.03473
4.03473
4.03473
4.02826
4.02826
4.02826
4.02826
4.02826
4.02826
4.02826
4.02826
3.95352
3.95352
3.95352
3.95352
3.95352
3.95352
3.95352
3.95352
3.95352
3.95352
3.95352
3.95352
3.95352
3.95352
3.95352
3.95352
3.95352
3.95352
3.94321
3.94321
3.8747
3.8747
3.8747
3.8747
3.8747
3.8747
3.8747
3.8747
3.8747
3.8747
3.83421
3.83421
3.83421
3.83421
3.83421
3.83421
3.83421
3.83421
3.83421
3.82332
3.82332
3.82332
3.82332
3.82332
3.82332
3.82332
3.81657
3.81657
3.81394
3.81394
3.81394
3.81394
3.81394
3.81394
3.81394
3.81394
3.81394
3.81394
3.81394
3.81394
3.81394
3.81394
3.81394
3.81394
3.81394
3.81193
3.81193
3.81193
3.81193
3.81193
3.81193
3.81193
3.81187
3.81084
3.81084
3.81064
3.81064
3.81064
3.8009
3.8009
3.78379
3.78379
3.71317
3.71317
3.71317
3.71317
3.71317
3.71317
3.71317
3.71317
3.71317
3.71049
3.71049
3.71049
3.71049
3.71049
3.70047
3.70047
3.70047
3.70047
3.70047
3.70047
3.678
3.5619
3.5619
3.5619
3.5619
3.5619
3.5619
3.5619
3.5619
3.5222
3.5222
3.5222
3.5222
3.5222
3.5222
3.5222
3.5222
3.5222
3.5222
3.5222
3.5222
3.5222
3.5222
3.5222
3.5222
3.5222
3.5222
3.5222
3.5222
3.5222
3.5222
3.5222
3.5222
3.48435
3.48435
3.48435
3.48435
3.46943
3.45323
3.36365
3.36365
3.36365
3.36365
3.36365
3.36365
3.36365
3.36365
3.36365
3.36365
3.36365
3.36365
3.36222
3.36222
3.36222
3.36222
3.36222
3.36222
3.36222
3.36222
3.26885
3.26885
3.26885
3.26885
3.26885
3.26885
3.26885
3.26885
3.25427
3.25427
3.25427
3.25427
3.25427
3.25427
3.25427
3.25427
3.25427
3.25427
3.25427
3.25236
3.25236
3.25236
3.25236
3.25236
3.25236
3.24367
3.24367
3.24367
3.23058
3.23058
3.23058
3.23058
3.23058
3.23058
3.23058
3.23058
3.22613
3.22613
3.22613
3.22613
3.22613
3.22613
3.22613
3.22613
3.22613
3.22613
3.22613
3.22613
3.22613
3.22613
3.22613
3.22613
3.22613
3.22613
3.22613
3.22613
3.22613
3.22613
3.22613
3.21839
3.21839
3.21839
3.21839
3.21839
3.21839
3.21839
3.21839
3.18096
3.18096
3.17843
3.17843
3.17843
3.17843
3.17843
3.10332
3.10332
3.10332
3.08535
3.08535
3.08535
3.08535
3.08535
3.08535
3.08535
3.08535
3.08535
3.08535
3.08535
3.08535
3.08535
3.08535
3.08535
3.08535
3.08535
3.08535
3.08535
3.08535
3.08535
3.08535
3.08281
3.08281
3.08281
3.08281
3.08281
3.08281
3.08281
3.08281
3.08281
3.08281
3.08281
3.08281
3.07889
3.07889
3.07889
3.07889
3.07889
3.07889
3.07889
3.07889
3.07889
3.07889
3.07889
3.07141
3.07141
3.07141
3.07141
3.07141
3.07141
3.07141
3.07141
3.07141
3.07141
3.07141
3.07141
3.06775
3.06775
3.06775
3.06346
3.06346
3.06346
3.05759
3.05759
3.05051
3.05051
3.05034
3.05034
3.05034
3.05034
3.05034
3.05034
3.05034
3.05034
3.05034
3.05034
3.05034
3.05034
3.0498
3.0498
3.0498
3.0498
3.0498
3.0498
3.0498
3.0498
3.0498
3.0498
3.0498
3.04623
3.04623
3.04623
3.04623
3.04623
3.04623
3.04623
3.04547
3.04547
3.04547
3.04449
3.04449
3.04449
3.04449
3.04449
3.04449
3.04449
3.04449
3.04449
3.04449
3.04449
3.04449
3.04449
3.04449
3.03143
3.03143
3.03143
3.03143
3.03143
3.03143
3.03143
3.03143
3.03094
3.03094
2.98644
2.98644
2.98644
2.98644
2.98644
2.98644
2.98644
2.98644
2.98644
2.96911
2.96911
2.96911
2.96911
2.96911
2.96911
2.96911
2.96911
2.96911
2.96911
2.96152
2.96152
2.95814
2.95814
2.95814
2.95814
2.95814
2.95814
2.89419
2.89419
2.89419
2.89419
2.89415
2.89415
2.89415
2.89415
2.89415
2.89415
2.89415
2.86862
2.86862
2.86862
2.86862
2.86862
2.86862
2.86862
2.86862
2.86826
2.85435
2.85435
2.85435
2.85435
2.85435
2.85435
2.85435
2.85435
2.85435
2.85435
2.85435
2.85435
2.85435
2.85435
2.84729
2.84673
2.84673
2.84665
2.83101
2.81365
2.81365
2.81365
2.81365
2.81365
2.81365
2.81365
2.81365
2.81365
2.81365
2.81365
2.81365
2.81365
2.81365
2.81365
2.81249
2.81249
2.79732
2.79732
2.79732
2.79732
2.79732
2.79732
2.79732
2.78675
2.78675
2.78675
2.78675
2.78675
2.78675
2.78675
2.78675
2.77446
2.77446
2.77446
2.77446
2.7638
2.74724
2.74724
2.74724
2.74724
2.74724
2.7037
2.7037
2.7037
2.7037
2.69367
2.69367
2.69367
2.64493
2.64493
2.64493
2.64493
2.64493
2.64493
2.64493
2.64493
2.64493
2.64493
2.64493
2.64493
2.64493
2.64493
2.64493
2.64493
2.64493
2.64493
2.64493
2.64493
2.64493
2.64493
2.64493
2.64493
2.64493
2.64493
2.64493
2.64493
2.64493
2.64493
2.64493
2.6096
2.6096
2.6096
2.6096
2.6096
2.6096
2.60483
2.60483
2.58921
2.58921
2.57967
2.57967
2.57967
2.57967
2.5541
2.5541
2.5541
2.5541
2.5541
2.5541
2.5541
2.55397
2.55201
2.54954
2.47248
2.47248
2.47248
2.47248
2.47248
2.47248
2.47248
2.47248
2.47248
2.45352
2.45352
2.45352
2.45352
2.45352
2.45352
2.45352
2.45352
2.45352
2.45352
2.45352
2.45352
2.45352
2.45352
2.45352
2.38648
2.38648
2.38648
2.38648
2.38648
2.38648
2.38648
2.32518
2.32518
2.31726
2.31726
2.31726
2.31726
2.31726
2.31726
2.31726
2.31726
2.31726
2.31726
2.31726
2.31726
2.31726
2.31726
2.31726
2.31726
2.31726
2.30895
2.27624
2.26382
2.26382
2.26382
2.26382
2.26382
2.26382
2.26382
2.26382
2.26382
2.26382
2.26382
2.26382
2.26382
2.26382
2.26382
2.26382
2.26382
2.23645
2.23645
2.23645
2.23645
2.23645
2.23645
2.23645
2.23645
2.23645
2.23645
2.23645
2.23645
2.23645
2.23645
2.23645
2.23645
2.23645
2.1725
2.1725
2.1725
2.1725
2.1725
2.1725
2.1725
2.1725
2.1725
2.1725
2.1725
2.1725
2.1725
2.1725
2.1725
2.1725
2.1725
2.1725
2.1725
2.15616
2.15616
2.15616
2.15616
2.15616
2.15616
2.15616
2.15616
2.15616
2.15486
2.1524
2.1524
2.07878
2.07878
2.07878
2.07878
2.07878
2.07878
2.07878
2.07878
2.07878
2.07878
2.07878
2.07878
2.07878
2.07878
2.07878
2.07878
2.07878
2.06049
2.06049
2.06049
2.057
2.057
2.057
2.0412
2.0412
2.0412
2.0412
2.0412
2.0412
2.0412
2.0412
2.0412
2.0412
2.02858
2.02858
2.02728
2.02728
2.02728
2.02728
2.02728
2.02728
1.9991
1.9991
1.9991
1.9991
1.9991
1.9991
1.98864
1.98864
1.98864
1.96778
1.96778
1.96778
1.96778
1.96778
1.96778
1.96778
1.96778
1.96778
1.96778
1.96778
1.96778
1.96778
1.96778
1.96778
1.96778
1.96778
1.96778
1.96778
1.96778
1.96778
1.96778
1.96778
1.96778
1.96778
1.96092
1.96092
1.96092
1.96092
1.96092
1.96092
1.96092
1.96092
1.96092
1.96092
1.95918
1.95918
1.95918
1.94818
1.94818
1.94818
1.94818
1.94818
1.94818
1.9447
1.9447
1.9447
1.9447
1.9447
1.9447
1.9447
1.9447
1.9447
1.9447
1.9447
1.9447
1.92237
1.92237
1.92237
1.92115
1.92115
1.92115
1.92115
1.92115
1.92115
1.92115
1.92115
1.92115
1.92115
1.91427
1.91427
1.91427
1.91427
1.91427
1.91427
1.91427
1.91427
1.91427
1.91427
1.91427
1.91427
1.90726
1.90726
1.90726
1.90726
1.90726
1.90726
1.90726
1.90726
1.90726
1.89678
1.89678
1.89678
1.89678
1.89678
1.89678
1.89678
1.89678
1.89678
1.89678
1.89678
1.89678
1.89236
1.89236
1.89236
1.89236
1.89236
1.87529
1.87529
1.87529
1.87529
1.87529
1.87529
1.87529
1.87529
1.87529
1.87529
1.85495
1.85495
1.85495
1.85495
1.85495
1.85495
1.85495
1.85495
1.85495
1.85495
1.85495
1.85495
1.85495
1.85495
1.85495
1.85495
1.85495
1.85495
1.85142
1.85142
1.85046
1.85046
1.85046
1.84817
1.84817
1.84817
1.84817
1.84817
1.84817
1.84817
1.84817
1.81881
1.81881
1.81881
1.81881
1.81881
1.81881
1.81881
1.81881
1.81881
1.81881
1.81881
1.81881
1.81881
1.81881
1.79146
1.79146
1.79146
1.79146
1.79146
1.79146
1.79146
1.79146
1.78785
1.78785
1.78785
1.78785
1.78785
1.77217
1.75898
1.75898
1.75898
1.75898
1.75898
1.75898
1.72746
1.72746
1.72746
1.72746
1.72746
1.72746
1.72746
1.72746
1.72746
1.72746
1.67635
1.67635
1.67635
1.67635
1.67635
1.65946
1.65946
1.63998
1.61736
1.61736
1.61736
1.61736
1.61736
1.61336
1.61336
1.61336
1.61336
1.61336
1.61336
1.61336
1.61336
1.61336
1.61336
1.61336
1.61336
1.61336
1.52785
1.52785
1.52785
1.52785
1.52785
1.52785
1.52785
1.52785
1.52785
1.52785
1.52785
1.52785
1.52785
1.52785
1.52785
1.52785
1.52785
1.52255
1.52255
1.52255
1.52255
1.48886
1.48886
1.48886
1.48886
1.48886
1.48886
1.48886
1.48886
1.48886
1.48856
1.48856
1.48856
1.48856
1.48856
1.48856
1.48856
1.48856
1.48856
1.48856
1.48856
1.47987
1.47987
1.47987
1.47987
1.47987
1.47987
1.47987
1.47987
1.47987
1.47833
1.47833
1.47833
1.47833
1.47833
1.47833
1.47833
1.47833
1.47833
1.47833
1.47833
1.47833
1.47833
1.47833
1.47833
1.47833
1.47279
1.47279
1.47279
1.47279
1.47279
1.47279
1.47279
1.43317
1.43317
1.43317
1.43317
1.43317
1.41989
1.41989
1.41989
1.41989
1.41989
1.41989
1.41989
1.41989
1.41989
1.41989
1.41989
1.41989
1.41989
1.41989
1.41989
1.41989
1.41989
1.41649
1.41649
1.41649
1.41649
1.41649
1.41649
1.39522
1.39522
1.39522
1.39522
1.39522
1.39522
1.39522
1.39522
1.39522
1.39522
1.39522
1.39522
1.39522
1.39522
1.3932
1.3932
1.3932
1.3932
1.3932
1.3932
1.3932
1.3932
1.3932
1.38099
1.38099
1.38099
1.38099
1.35326
1.35326
1.35326
1.35326
1.34768
1.34768
1.34768
1.33987
1.33987
1.33987
1.33987
1.33987
1.33987
1.33987
1.33987
1.33209
1.33209
1.33209
1.33209
1.33209
1.33209
1.33209
1.33209
1.33209
1.33209
1.33209
1.33209
1.33209
1.33209
1.31729
1.31729
1.31729
1.31729
1.31729
1.31729
1.31729
1.31729
1.31729
1.31729
1.31729
1.31729
1.31729
1.31729
1.31729
1.31729
1.31057
1.31057
1.29895
1.29895
1.29895
1.29895
1.29895
1.29895
1.29895
1.29895
1.29895
1.29895
1.29895
1.29895


0.152317
0.156368
0.103401
0.0291522
0.0233104
0.011625
0.00256801
0.0024342
0.00712042
0.00986437
0.0083303
0.136202
0.145677
0.0920116
0.0116298
0.00116053
0.00246839
-0.0256172
-0.0244635
-0.0264221
-0.0267189
-0.00400688
0.0495191
0.046174
0.013184
0.0270415
0.0102518
-0.000926253
-0.00224572
0.146735

0.018

