416372
381414
267772
267772
267772
267772
267772
267772
267772
260089
260089
260089
260089
260089
209763
209763
153853
153853
153853
153853
153853
153853
153853
153853
153853
153853
153853
153853
153853
153853
153853
153853
153853
153853
125263
125263
125263
125263
125263
125263
125263
125263
114713
114713
114713
114713
114713
114713
114713
114713
114713
114713
114713
114713
114713
114713
114713
114713
114713
114713
82864.6
82864.6
82864.6
82864.6
82864.6
82864.6
82864.6
82864.6
82864.6
82864.6
82864.6
82864.6
82864.6
58058.5
58058.5
58058.5
58058.5
58058.5
58058.5
58058.5
58058.5
58058.5
58058.5
58058.5
58058.5
58058.5
58058.5
58058.5
58058.5
58058.5
58058.5
58058.5
58058.5
58058.5
58058.5
58058.5
58058.5
58058.5
58058.5
58058.5
58058.5
58058.5
58058.5
58058.5
58058.5
58058.5
57055.1
53783.5
53783.5
53783.5
53783.5
53783.5
53783.5
53783.5
53783.5
53783.5
53783.5
53783.5
53783.5
53783.5
53783.5
53783.5
53783.5
53783.5
53783.5
41935.4
41935.4
41935.4
41935.4
41935.4
41935.4
41935.4
41935.4
41935.4
32775.3
32775.3
32775.3
32775.3
32775.3
32775.3
32775.3
32775.3
32775.3
32775.3
32775.3
32775.3
32775.3
32775.3
32775.3
32775.3
32775.3
32775.3
32775.3
32775.3
32775.3
32775.3
32775.3
32775.3
32775.3
32775.3
32775.3
32775.3
32775.3
32775.3
32775.3
32775.3
32775.3
32775.3
32775.3
32775.3
32775.3
32775.3
32775.3
32775.3
32775.3
32775.3
32775.3
32775.3
32775.3
32775.3
32775.3
32775.3
32775.3
32775.3
32775.3
28992.7
28992.7
28992.7
28992.7
28992.7
28992.7
28992.7
28992.7
28992.7
28992.7
28992.7
28992.7
28992.7
28992.7
28992.7
28992.7
28992.7
28992.7
28992.7
28992.7
28992.7
28992.7
28992.7
28992.7
28992.7
28992.7
28992.7
28992.7
28992.7
28814.4
28814.4
28814.4
28814.4
28814.4
28814.4
28814.4
28814.4
28814.4
28814.4
28814.4
28814.4
28814.4
28814.4
28814.4
28814.4
28814.4
28814.4
28814.4
28814.4
28814.4
28814.4
28814.4
28814.4
28814.4
28814.4
28814.4
28814.4
28814.4
28814.4
28814.4
28814.4
28814.4
28814.4
28814.4
28814.4
28814.4
28814.4
28814.4
28814.4
28814.4
28814.4
28814.4
28814.4
28814.4
28814.4
28814.4
28814.4
28814.4
28814.4
28814.4
28814.4
28814.4
28814.4
28814.4
28814.4
28814.4
28814.4
28814.4
28814.4
28814.4
28814.4
28814.4
28814.4
28814.4
28814.4
28814.4
28814.4
28814.4
28814.4
28814.4
28814.4
28814.4
28814.4
28814.4
28814.4
28814.4
28814.4
28814.4
28814.4
28814.4
28814.4
28814.4
28814.4
28814.4
28814.4
28814.4
28814.4
28814.4
28814.4
28814.4
28814.4
28814.4
28814.4
28814.4
28814.4
28814.4
28814.4
28814.4
28814.4
28814.4
26853.5
26853.5
26853.5
26853.5
26853.5
26853.5
26853.5
26853.5
26853.5
26853.5
26853.5
26853.5
26853.5
26853.5
26853.5
26853.5
26853.5
26853.5
26853.5
26853.5
26853.5
26853.5
26853.5
26853.5
26853.5
26853.5
26853.5
26853.5
26853.5
26853.5
26853.5
26853.5
26853.5
26853.5
26853.5
26853.5
26853.5
26853.5
26853.5
26853.5
26853.5
26853.5
26853.5
26853.5
26853.5
26853.5
26853.5
26853.5
26853.5
26853.5
26689.1
26689.1
26689.1
26689.1
26689.1
26689.1
26689.1
26689.1
26689.1
26689.1
26689.1
26689.1
26689.1
26689.1
26689.1
26650.2
26650.2
26650.2
26650.2
25762.5
25762.5
25762.5
25762.5
25762.5
25762.5
25762.5
25762.5
25762.5
25762.5
25762.5
25762.5
25762.5
25762.5
25762.5
25762.5
25762.5
25762.5
25762.5
25762.5
25762.5
25762.5
25762.5
25762.5
25762.5
25762.5
25762.5
25762.5
25762.5
25762.5
25762.5
25762.5
25762.5
25762.5
25762.5
25762.5
25762.5
25762.5
25762.5
25762.5
25762.5
25762.5
25762.5
25762.5
25762.5
25762.5
25762.5
25762.5
25762.5
25762.5
25762.5
24171.2
24171.2
24171.2
24171.2
24171.2
24171.2
24171.2
24171.2
24171.2
24171.2
24171.2
24171.2
24171.2
24153.6
24153.6
24153.6
24153.6
24153.6
24153.6
24153.6
24153.6
24153.6
22465.4
22465.4
22465.4
22465.4
22465.4
22465.4
22465.4
22465.4
22465.4
22465.4
22465.4
22465.4
22046.1
22046.1
22046.1
22046.1
22046.1
22046.1
22046.1
22046.1
22046.1
22046.1
22046.1
21897.2
21391.7
21391.7
21391.7
21391.7
21391.7
21391.7
21391.7
21391.7
21391.7
21081.6
21081.6
21081.6
21081.6
21081.6
21081.6
21081.6
21081.6
21081.6
21081.6
21068.3
21068.3
21068.3
21068.3
21068.3
21068.3
21068.3
21068.3
21068.3
21068.3
21068.3
21068.3
21068.3
20519.8
20519.8
20519.8
20519.8
20519.8
20519.8
20519.8
20519.8
20519.8
20519.8
20519.8
20519.8
20353.4
20353.4
20353.4
20353.4
20353.4
20353.4
20353.4
20353.4
20353.4
20353.4
20353.4
20353.4
20353.4
20353.4
20353.4
20241.5
19245.5
19245.5
19245.5
19245.5
19245.5
19245.5
19245.5
19245.5
19245.5
19245.5
19245.5
19245.5
19245.5
19245.5
19245.5
19245.5
19245.5
19245.5
19245.5
19245.5
19245.5
19245.5
19245.5
19245.5
19245.5
19245.5
19245.5
19245.5
19245.5
19245.5
19245.5
19245.5
19245.5
19245.5
19245.5
19245.5
19245.5
19245.5
19245.5
19245.5
19245.5
19245.5
19245.5
19245.5
19245.5
19245.5
19245.5
19245.5
19245.5
19245.5
19245.5
19245.5
19245.5
19245.5
19245.5
19130.2
19130.2
19130.2
19123.7
19123.7
19123.7
19123.7
19123.7
19063.9
19063.9
19063.9
19063.9
19063.9
19063.9
19063.9
19063.9
18946.4
18161.9
18161.9
18161.7
18161.7
18161.7
18161.7
18161.7
18161.7
18161.7
18161.7
18161.7
18161.7
18161.7
18161.7
18161.7
18161.7
18161.7
18161.7
18161.7
18161.7
18161.7
18161.7
18103.3
18103.3
18103.3
18103.3
18103.3
18103.3
18103.3
18103.3
18103.3
18103.3
18103.3
18103.3
18103.3
18103.3
18103.3
18103.3
18103.3
18103.3
18103.3
17859.7
17859.7
17859.7
17859.7
17859.7
17859.7
17859.7
17859.7
17859.7
17859.7
17859.7
17859.7
17859.7
17859.7
17859.7
17859.7
17859.7
17859.7
17859.7
17859.7
17859.7
17859.7
17859.7
17859.7
17859.7
17859.7
17859.7
17859.7
17859.7
17859.7
17859.7
17859.7
17859.7
17859.7
17859.7
17859.7
17859.7
17859.7
17859.7
17859.7
17859.7
17859.7
17859.7
17859.7
17859.7
17859.7
17859.7
17859.7
17859.7
17859.7
17859.7
17859.7
17859.7
17859.7
17859.7
17859.7
17859.7
17859.7
17859.7
17859.7
17859.7
17859.7
17859.7
17859.7
17859.7
17761.3
17761.3
17761.3
17761.3
17761.3
17761.3
17761.3
17761.3
17633.4
17633.4
17633.4
17633.4
17633.4
17633.4
17633.4
17633.4
17633.4
17633.4
17633.4
17633.4
17633.4
17633.4
17633.4
17633.4
17633.4
17632
17632
17632
17632
17632
17632
17614.8
17614.8
17591.7
17591.7
17591.7
17591.7
17591.7
17591.7
17591.7
17591.7
17591.7
17591.7
17591.7
17591.7
17591.7
17591.7
17591.7
17242.1
17242.1
17242.1
17242.1
17242.1
17158.5
17158.5
17158.5
17158.5
17158.5
17158.5
17158.5
17158.5
17158.5
17158.5
17158.5
17158.5
17158.5
17158.5
17158.5
17158.5
17158.5
17158.5
17158.5
17158.5
17158.5
17158.5
17158.5
17158.5
16932.6
16932.6
16932.6
16932.6
16932.6
16932.6
16932.6
16932.6
16932.6
16932.6
16932.6
16932.6
16932.6
16932.6
16932.6
16932.6
16932.6
16932.6
16932.6
16932.6
16932.6
16508.2
16508.2
16508.2
16508.2
16478.8
16478.8
16478.8
16478.8
16478.8
15610.8
15610.8
15610.8
15610.8
15610.8
15610.8
15610.8
15610.8
15610.8
15610.8
15610.8
15610.8
15610.8
15610.8
15610.8
15610.8
15610.8
15610.8
15610.8
15610.8
15610.8
15610.8
15610.8
15610.8
15610.8
15610.8
15610.8
15610.8
15610.8
15610.8
15610.8
15610.8
15610.8
15610.8
15610.8
15610.8
15610.8
15610.8
15610.8
15610.8
15610.8
15610.8
15610.8
15610.8
15610.8
15610.8
15610.8
15610.8
15610.8
15610.8
15610.8
15610.8
15610.8
15610.8
15610.8
15610.8
15610.8
15610.8
15610.8
15610.8
15610.8
15470.7
15470.7
15470.7
14882.1
14863
14863
14863
14863
14863
14863
14863
14863
14863
14863
14863
14863
14863
14863
14863
14189
14189
14189
14189
14189
14189
14189
14189
14189
14189
14189
14189
14189
14189
14189
14189
14189
14189
14189
14189
14189
14189
14189
14189
14189
14189
14189
14189
14189
14189
14189
14189
14189
14189
14189
14189
14189
14189
14189
14189
14189
14189
14189
14189
14189
14189
14189
14189
14189
14189
14189
14189
14189
14189
14189
14189
14189
14189
14189
14189
14189
14189
14189
14189
14189
14189
14189
14189
14189
14189
14189
14189
14189
14189
14189
14189
14189
14189
14189
14189
14189
14189
14189
14189
14189
14189
14189
14189
14189
14189
14189
14189
14189
14189
14189
14189
14189
14189
14189
14189
14189
14189
14189
14189
14189
14189
14189
14189
14189
14189
14189
14189
14189
14189
14189
14189
14189
14189
14189
14189
14189
14189
14189
14189
14189
14189
14189
14120.9
14120.9
14120.9
14120.9
14120.9
14120.9
14120.9
14120.9
14120.9
14120.9
14120.9
14120.9
14120.9
14120.9
14120.9
14120.9
14120.9
14120.9
14120.9
14120.9
14120.9
14120.9
14120.9
14120.9
14120.9
13301.9
13301.9
13301.9
13301.9
13301.9
13301.9
12550.8
12550.8
12550.8
12550.8
12550.8
12550.8
12550.8
12550.8
12550.8
12550.8
12550.8
12550.8
12550.8
12550.8
12550.8
12550.8
12550.8
12550.8
12550.8
12550.8
12550.8
12550.8
12550.8
12550.8
12550.8
12550.8
12550.8
12550.8
12550.8
12550.8
12550.8
12550.8
12550.8
12550.8
12550.8
12550.8
12550.8
12550.8
12550.8
12550.8
12550.8
12550.8
12550.8
12550.8
12550.8
12550.8
12550.8
12550.8
12550.8
12550.8
12550.8
12550.8
12550.8
12550.8
12550.8
12550.8
12550.8
12550.8
12550.8
12550.8
12550.8
12550.8
12550.8
12550.8
12550.8
12550.8
12550.8
12550.8
12550.8
12550.8
12550.8
12550.8
12550.8
12550.8
12550.8
12550.8
12550.8
12550.8
12550.8
12550.8
12550.8
12550.8
12550.8
12550.8
12550.8
12550.8
12550.8
12550.8
12383.6
12383.6
12383.6
12383.6
12383.6
12383.6
12383.6
12383.6
12383.6
12383.6
12383.6
12383.6
12383.6
12383.6
12383.6
12383.6
12383.6
12383.6
12383.6
12383.6
12383.6
12383.6
12383.6
12383.6
12383.6
12383.6
12383.6
12383.6
12383.6
12383.6
12383.6
12383.6
12354.4
12354.4
12194.3
12194.3
12194.3
12194.3
12194.3
12194.3
12194.3
12194.3
12194.3
12194.3
12194.3
12194.3
12194.3
12194.3
12194.3
12194.3
12194.3
12194.3
12194.3
12194.3
12194.3
12194.3
12194.3
12194.3
12194.3
12167.3
12160.2
12160.2
12160.2
12160.2
12160.2
12160.2
12160.2
12160.2
12160.2
12125
12125
12125
12125
12125
12125
12125
12125
12125
12125
12125
11639.8
11639.8
11639.8
11639.8
11639.8
11639.8
11639.8
11639.8
11639.8
11605.4
11605.4
11605.4
11605.4
11605.4
11605.4
11559.8
11559.8
11559.8
11559.8
11559.8
11559.8
11559.8
11559.8
11559.8
11559.8
11437.1
11437.1
11437.1
11437.1
11437.1
11437.1
11437.1
11437.1
11437.1
11437.1
11437.1
11437.1
11437.1
11402.2
11402.2
11402.2
11402.2
11148.5
11148.5
11148.5
11148.5
11148.5
11148.5
11148.5
11148.5
11148.5
11148.5
11148.5
11148.5
11148.5
11148.5
11148.5
11148.5
11148.5
11148.5
11148.5
11148.5
11148.5
11148.5
11148.5
11148.5
11148.5
11148.5
11148.5
11148.5
11148.5
11148.5
11148.5
11148.5
11148.5
11148.5
11148.5
11148.5
11148.5
11148.5
11148.5
10996.4
10996.4
10891.8
10891.8
10891.8
10891.8
10891.8
10891.8
10891.8
10891.8
10891.8
10891.8
10891.8
10891.8
10891.8
10891.8
10888.8
10888.8
10888.8
10888.8
10888.8
10888.8
10888.8
10888.8
10888.8
10888.8
10888.8
10888.8
10888.8
10752.9
10752.9
10752.9
10752.9
10752.9
10752.9
10752.9
10752.9
10592.8
10592.8
10592.8
10592.8
10592.8
10592.8
10592.8
10592.8
10592.8
10592.8
10592.8
10592.8
10592.8
10592.8
10592.8
10592.8
10592.8
10592.8
10592.8
10592.8
10592.8
10263.4
10263.4
10263.4
10263.4
10263.4
10263.4
10263.4
10263.4
10263.4
10263.4
10263.4
10263.4
10263.4
10263.4
10263.4
10263.4
10263.4
10263.4
10263.4
10263.4
10263.4
10263.4
10263.4
10263.4
10263.4
10263.4
10263.4
10263.4
10263.4
10263.4
10263.4
10263.4
10263.4
10263.4
10263.4
10263.4
10263.4
10200.7
10200.7
10200.7
10200.7
10200.7
10200.7
10200.7
10200.7
10200.7
10200.7
10200.7
10200.7
10200.7
10200.7
10200.7
10200.7
10200.7
10200.7
10200.7
10200.7
10200.7
10200.7
10200.7
10200.7
10200.7
10200.7
10200.7
10200.7
10200.7
10200.7
10200.7
10200.7
10200.7
10200.7
10056.2
10056.2
10056.2
10056.2
10056.2
10056.2
10056.2
10056.2
10056.2
10056.2
10056.2
10056.2
10056.2
10056.2
10056.2
10056.2
10056.2
10056.2
10056.2
10056.2
10056.2
10056.2
10056.2
10056.2
10056.2
10056.2
10056.2
10056.2
10056.2
10056.2
10056.2
10056.2
10056.2
10056.2
10056.2
9733.26
9733.26
9733.26
9733.26
9733.26
9733.26
9733.26
9733.26
9733.26
9733.26
9733.26
9733.26
9733.26
9733.26
9733.26
9733.26
9733.26
9733.26
9733.26
9733.26
9733.26
9733.26
9733.26
9733.26
9733.26
9733.26
9733.26
9733.26
9733.26
9733.26
9733.26
9733.26
9733.26
9733.26
9733.26
9733.26
9733.26
9733.26
9733.26
9733.26
9733.26
9733.26
9733.26
9733.26
9733.26
9733.26
9733.26
9733.26
9733.26
9733.26
9733.26
9733.26
9733.26
9733.26
9733.26
9733.26
9733.26
9733.26
9733.26
9733.26
9733.26
9733.26
9733.26
9733.26
9733.26
9733.26
9733.26
9733.26
9733.26
9733.26
9715.56
9715.56
9715.56
9715.56
9715.56
9715.56
9715.56
9715.56
9715.56
9715.56
9715.56
9715.56
9715.56
9715.56
9715.56
9715.56
9715.56
9715.56
9715.56
9715.56
9715.56
9715.56
9715.56
9715.56
9715.56
9715.56
9715.56
9715.56
9715.56
9715.56
9715.56
9715.56
9715.56
9715.56
9715.56
9715.56
9715.56
9715.56
9715.56
9715.56
9715.56
9715.56
9715.56
9715.56
9715.56
9715.56
9715.56
9715.56
9715.56
9715.56
9715.56
9715.56
9715.56
9715.56
9715.56
9715.56
9715.56
9715.56
9715.56
9715.56
9715.56
9715.56
9715.56
9715.56
9715.56
9715.56
9715.56
9715.56
9715.56
9715.56
9644.5
9644.5
9644.5
9644.5
9644.5
9644.5
9644.5
9644.5
9644.5
9644.5
9644.5
9644.5
9644.5
9644.5
9644.5
9644.5
9644.5
9644.5
9644.5
9644.5
9644.5
9644.5
9644.5
9644.5
9644.5
9644.5
9644.5
9644.5
9644.5
9644.5
9644.5
9644.5
9644.5
9644.5
9644.5
9644.5
9644.5
9644.5
9644.5
9644.5
9644.5
9644.5
9644.5
9644.5
9644.5
9644.5
9644.5
9644.5
9644.5
9644.5
9644.5
9644.5
9644.5
9576.04
9576.04
9576.04
9576.04
9576.04
9576.04
9576.04
9576.04
9576.04
9576.04
9576.04
9576.04
9576.04
9576.04
9576.04
9576.04
9576.04
9576.04
9576.04
9576.04
9576.04
9576.04
9576.04
9576.04
9576.04
9576.04
9576.04
9567.91
9567.91
9567.91
9567.91
9567.91
9567.91
9567.91
9567.91
9567.91
9567.91
9567.91
9567.91
9567.91
9567.91
9567.91
9567.91
9567.91
9567.91
9567.91
9567.91
9567.91
9567.91
9567.91
9567.91
9567.91
9567.91
9567.91
9567.91
9567.91
9567.91
9567.91
9567.91
9567.91
9567.91
9567.91
9567.91
9567.91
9567.91
9567.91
9567.91
9567.91
9567.91
9567.91
9567.91
9567.91
9567.91
9567.91
9567.91
9567.91
9567.91
9567.91
9567.91
9567.91
9567.91
9567.91
9567.91
9567.91
9567.91
9567.91
9567.91
9567.91
9567.91
9567.91
9567.91
9567.91
9567.91
9567.91
9565.8
9565.8
9565.8
9565.8
9565.8
9565.2
9565.2
9563.74
9563.74
9492.72
9492.72
9492.72
9492.72
9440.37
9440.37
9440.37
9440.37
9440.37
9440.37
9440.37
9440.37
9440.37
9440.37
9440.37
9440.37
9440.37
9440.37
9440.37
9440.37
9440.37
9440.37
9440.37
9440.37
9440.37
9312.27
9312.27
9312.27
9312.27
9312.27
9312.27
9312.27
9312.27
9312.27
9136.51
9136.51
9136.51
9136.51
9136.51
9136.51
9136.51
9136.51
9136.51
9136.51
9136.51
9136.51
9136.51
9136.51
9136.51
9136.51
9136.51
9136.51
9136.51
9136.51
9136.51
9136.51
9136.51
9136.51
9136.51
9136.51
9136.51
9136.51
9136.51
9136.51
9136.51
9136.51
9136.51
9136.51
9136.51
9136.51
9136.51
9136.51
9136.51
9136.51
9136.51
9136.51
9136.51
9136.51
9136.51
9136.51
9136.51
9136.51
9136.51
9136.51
9136.51
9136.51
9136.51
9136.51
9136.51
9136.51
9136.51
9136.51
9136.51
9136.51
9136.51
9136.51
9136.51
9136.51
9136.51
9136.51
9136.51
9136.51
9136.51
9136.51
9136.51
9136.51
9136.51
9136.51
9136.51
9136.51
9136.51
9136.51
9136.51
9136.51
9136.51
9136.51
9136.51
9136.51
9136.51
9136.51
9136.51
9136.51
9136.51
9136.51
9136.51
9136.51
9136.51
9136.51
9136.51
9136.51
9136.51
9136.51
9136.51
9136.51
9136.51
9136.51
9136.51
9136.51
9136.51
9136.51
9136.51
9136.51
9136.51
9136.51
9136.51
9136.51
9136.51
9136.51
9136.51
9136.51
9102.43
9102.43
9102.43
9102.43
9102.43
9102.43
9102.43
9102.43
9102.43
9102.43
9102.43
9102.43
9102.43
9102.43
9102.43
9102.43
9102.43
9102.43
9102.43
9102.43
9102.43
9102.43
9102.43
9102.43
9102.43
9102.43
9102.43
9102.43
9102.43
9102.43
9102.43
9102.43
9102.43
9102.43
9102.43
9102.43
9102.43
9102.43
9102.43
9102.43
9102.43
9102.43
9102.43
9102.43
9102.43
9102.43
9102.43
9046.09
9046.09
9046.09
9046.09
9046.09
9046.09
9046.09
9046.09
9046.09
9046.09
9046.09
9046.09
9046.09
9046.09
9046.09
9046.09
9046.09
9046.09
9046.09
8934.16
8934.16
8934.16
8934.16
8934.16
8934.16
8934.16
8934.16
8934.16
8934.16
8934.16


-7.85425
-5.25182
-6.86672
-1.78969
-0.561113
0.769163
-0.718203
-0.396142
-0.865826
0.222896
0.135352
0.3075
0.965091
1.9497
-0.868379
0.495936
-7.10794
-10.8211
-9.75789
3.21028
5.26004
4.3738
4.93393
3.92487
4.7006
4.43191
0.641935
-3.76411
-6.48189
-11.1864

0.053

