102.081
102.081
79.4438
79.4438
79.4438
79.4438
56.3156
56.3156
56.3156
47.9394
47.9394
47.9394
47.9394
47.9394
47.9394
47.9394
47.9394
47.2766
47.2766
47.2766
39.0555
39.0555
39.0555
39.0555
39.0555
38.3428
38.3428
38.3428
37.9531
37.8115
37.8115
35.9432
35.9432
35.9432
33.2737
33.2737
33.2737
33.2737
33.2737
33.2737
33.2737
33.2737
33.2737
30.7242
30.2414
30.2414
30.2414
30.2414
30.2414
30.2414
30.2414
30.2414
30.2414
30.2414
30.2414
30.2414
30.2414
30.2414
30.2414
28.1399
16.8291
16.8291
16.8291
16.8291
16.8291
16.8291
16.8291
16.8291
16.8291
16.8291
14.6153
12.3667
12.3667
12.3667
12.3667
12.3667
12.3667
11.5534
11.5534
11.5534
10.8469
10.8237
10.8237
10.6903
10.6903
10.6903
10.6903
10.6903
10.6903
10.6903
10.6903
10.6903
10.6903
10.6903
10.6903
10.6903
7.94977
7.94977
7.94977
7.94977
7.94977
7.94977
7.94977
7.02017
7.02017
7.02017
7.02017
6.28895
6.28895
6.28895
6.28895
6.28895
6.28895
6.28895
5.83972
5.83972
5.59496
5.59496
5.59496
5.59496
5.59496
5.59496
5.24461
5.11124
4.92172
4.92172
4.92172
4.92172
4.92172
4.92172
4.92172
4.89334
4.89334
4.89334
4.89334
4.89334
4.89334
4.89334
4.89334
4.89334
4.65682
4.65682
4.65682
4.65682
4.65682
4.65682
4.65682
4.59273
4.59273
4.59273
4.59273
4.59273
4.59273
4.55824
4.09375
4.09375
3.59844
3.1254
2.99966
2.99966
2.99966
2.99966
2.99966
2.99966
2.99356
2.99356
2.80251
2.38105
2.2541
2.2541
2.2541
2.2541
2.2541
2.2541
2.2541
2.2541
2.18513
2.18513
2.18513
2.05817
2.05817
2.05817
1.83264
1.80425
1.80425
1.80425
1.80425
1.80425
1.80425
1.80425
1.80425
1.80425
1.80425
1.80425
1.80425
1.80425
1.80425
1.80425
1.80425
1.59276
1.59276
1.59276
1.59276
1.59276
1.56438
1.56438
1.56438
1.56438
1.56438
1.56438
1.56438
1.536
1.43132
1.43132
1.43132
1.43132
1.43132
1.40294
1.40294
1.40294
1.40294
1.40294
1.40294
1.40294
1.40294
1.40294
1.40294
1.40294
1.40294
1.40294
1.40294
1.40294
1.40294
1.40294
1.40294
1.40294
1.40294
1.40294
1.40294
1.40294
1.37455
1.37455
1.34617
1.34617
1.34617
1.34617
1.34617
1.34617
1.34617
1.34617
1.34617
1.34617
1.34617
1.34617
1.34617
1.31779
1.31779
1.31779
1.31779
1.31779
1.28941
1.28941
1.28941
1.28941
1.28941
1.28941
1.26102
1.26102
1.26102
1.26102
1.26102
1.26102
1.26102
1.01444
1.01444
1.01444
1.01444
1.01444
1.01444
1.01444
1.01444
1.01444
1.01444
1.01444
1.01444
0.986053
0.986053
0.986053
0.986053
0.986053
0.986053
0.986053
0.986053
0.929289
0.929289
0.929289
0.929289
0.929289
0.929289
0.929289
0.929289
0.929289
0.929289
0.900906
0.900906
0.872524
0.872524
0.872524
0.872524
0.872524
0.872524
0.844142
0.844142
0.844142
0.844142
0.844142
0.844142
0.844142
0.844142
0.844142
0.844142
0.844142
0.844142
0.844142
0.844142
0.844142
0.844142
0.844142
0.844142
0.844142
0.844142
0.844142
0.81576
0.81576
0.81576
0.81576
0.81576
0.787378
0.787378
0.787378
0.787378
0.787378
0.787378
0.787378
0.787378
0.787378
0.787378
0.787378
0.787378
0.787378
0.787378
0.787378
0.787378
0.787378
0.787378
0.787378
0.787378
0.787378
0.787378
0.787378
0.787378
0.787378
0.787378
0.787378
0.787378
0.787378
0.787378
0.787378
0.787378
0.787378
0.787378
0.787378
0.787378
0.787378
0.787378
0.787378
0.787378
0.787378
0.787378
0.787378
0.787378
0.787378
0.758995
0.758995
0.758995
0.758995
0.758995
0.758995
0.758995
0.758995
0.758995
0.758995
0.758995
0.758995
0.758995
0.758995
0.758995
0.758995
0.758995
0.758995
0.758995
0.758995
0.758995
0.758995
0.758995
0.758995
0.758995
0.758995
0.758995
0.758995
0.758995
0.758995
0.758995
0.758995
0.758995
0.758995
0.758995
0.758995
0.758995
0.758995
0.758995
0.758995
0.758995
0.758995
0.758995
0.758995
0.758995
0.758995
0.758995
0.758995
0.758995
0.758995
0.758995
0.758995
0.758995
0.758995
0.758995
0.758995
0.758995
0.758995
0.758995
0.758995
0.758995
0.758995
0.758995
0.758995
0.758995
0.758995
0.758995
0.758995
0.758995
0.758995
0.758995
0.758995
0.758995
0.758995
0.758995
0.758995
0.758995
0.758995
0.758995
0.758995
0.758995
0.758995
0.758995
0.758995
0.758995
0.758995
0.758995
0.758995
0.758995
0.758995
0.758995
0.758995
0.758995
0.758995
0.758995
0.758995
0.758995
0.758995
0.758995
0.758995
0.758995
0.758995
0.758995
0.758995
0.758995
0.758995
0.758995
0.758995
0.758995
0.758995
0.758995
0.758995
0.758995
0.758995
0.758995
0.758995
0.758995
0.758995
0.758995
0.758995
0.758995
0.758995
0.758995
0.758995
0.758995
0.758995
0.758995
0.758995
0.758995
0.758995
0.758995
0.758995
0.758995
0.758995
0.758995
0.758995
0.758995
0.758995
0.758995
0.758995
0.758995
0.758995
0.758995
0.758995
0.758995
0.758995
0.758995
0.758995
0.758995
0.758995
0.758995
0.758995
0.758995
0.758995
0.758995
0.758995
0.758995
0.758995
0.758995
0.758995
0.758995
0.758995
0.758995
0.758995
0.758995
0.758995
0.758995
0.758995
0.758995
0.758995
0.758995
0.758995
0.758995
0.758995
0.758995
0.758995
0.758995
0.758995
0.758995
0.758995
0.758995
0.758995
0.758995
0.758995
0.758995
0.758995
0.758995
0.758995
0.758995
0.758995
0.758995
0.758995
0.758995
0.758995
0.758995
0.758995
0.758995
0.758995
0.758995
0.758995
0.758995
0.758995
0.758995
0.758995
0.758995
0.758995
0.758995
0.758995
0.758995
0.758995
0.758995
0.758995
0.758995
0.758995
0.758995
0.758995
0.758995
0.758995
0.758995
0.758995
0.758995
0.758995
0.758995
0.758995
0.758995
0.758995
0.758995
0.758995
0.758995
0.758995
0.758995
0.758995
0.758995
0.758995
0.758995
0.758995
0.758995
0.758995
0.758995
0.758995
0.758995
0.758995
0.758995
0.758995
0.758995
0.758995
0.758995
0.758995
0.758995
0.758995
0.758995
0.758995
0.758995
0.758995
0.758995
0.758995
0.758995
0.758995
0.758995
0.758995
0.758995
0.758995
0.758995
0.758995
0.758995
0.758995
0.758995
0.758995
0.758995
0.758995
0.758995
0.758995
0.758995
0.758995
0.758995
0.758995
0.758995
0.758995
0.758995
0.758995
0.758995
0.758995
0.758995
0.758995
0.758995
0.758995
0.758995
0.758995
0.758995
0.758995
0.758995
0.758995
0.758995
0.758995
0.758995
0.758995
0.758995
0.758995
0.758995
0.758995
0.758995
0.758995
0.758995
0.758995
0.758995
0.758995
0.758995
0.758995
0.758995
0.758995
0.758995
0.758995
0.758995
0.758995
0.758995
0.758995
0.758995
0.758995
0.758995
0.758995
0.758995
0.758995
0.758995
0.758995
0.758995
0.758995
0.758995
0.758995
0.758995
0.758995
0.758995
0.758995
0.758995
0.758995
0.758995
0.758995
0.758995
0.758995
0.758995
0.758995
0.758995
0.758995
0.758995
0.758995
0.758995
0.758995
0.758995
0.758995
0.758995
0.758995
0.758995
0.758995
0.758995
0.758995
0.758995
0.758995
0.758995
0.758995
0.758995
0.758995
0.758995
0.758995
0.758995
0.758995
0.758995
0.758995
0.758995
0.758995
0.758995
0.758995
0.758995
0.758995
0.758995
0.758995
0.758995
0.758995
0.758995
0.758995
0.758995
0.758995
0.758995
0.758995
0.758995
0.758995
0.758995
0.758995
0.758995
0.758995
0.758995
0.758995
0.758995
0.758995
0.758995
0.758995
0.758995
0.758995
0.758995
0.758995
0.758995
0.758995
0.758995
0.758995
0.758995
0.758995
0.758995
0.758995
0.758995
0.758995
0.758995
0.758995
0.758995
0.758995
0.758995
0.758995
0.758995
0.758995
0.758995
0.758995
0.758995
0.758995
0.758995
0.758995
0.758995
0.758995
0.758995
0.758995
0.758995
0.758995
0.758995
0.758995
0.758995
0.758995
0.758995
0.758995
0.758995
0.758995
0.758995
0.758995
0.758995
0.758995
0.758995
0.758995
0.758995
0.758995
0.758995
0.758995
0.758995
0.758995
0.758995
0.758995
0.758995
0.758995
0.758995
0.758995
0.758995
0.758995
0.758995
0.758995
0.758995
0.758995
0.758995
0.758995
0.758995
0.758995
0.758995
0.758995
0.758995
0.758995
0.758995
0.758995
0.758995
0.758995
0.758995
0.758995
0.758995
0.758995
0.758995
0.758995
0.758995
0.758995
0.758995
0.758995
0.758995
0.758995
0.758995
0.758995
0.758995
0.758995
0.758995
0.758995
0.758995
0.758995
0.758995
0.758995
0.758995
0.758995
0.758995
0.758995
0.758995
0.758995
0.758995
0.758995
0.758995
0.758995
0.758995
0.758995
0.758995
0.758995
0.758995
0.758995
0.758995
0.758995
0.758995
0.758995
0.758995
0.758995
0.758995
0.758995
0.758995
0.758995
0.758995
0.758995
0.758995
0.758995
0.758995
0.758995
0.758995
0.758995
0.758995
0.758995
0.758995
0.758995
0.758995
0.758995
0.758995
0.758995
0.758995
0.758995
0.758995
0.758995
0.758995
0.758995
0.758995
0.758995
0.758995
0.758995
0.758995
0.758995
0.758995
0.758995
0.758995
0.758995
0.758995
0.758995
0.758995
0.758995
0.758995
0.758995
0.758995
0.758995
0.758995
0.758995
0.758995
0.758995
0.758995
0.758995
0.758995
0.758995
0.758995
0.758995
0.758995
0.758995
0.758995
0.758995
0.758995
0.758995
0.758995
0.758995
0.758995
0.758995
0.758995
0.758995
0.758995
0.758995
0.758995
0.758995
0.758995
0.758995
0.758995
0.758995
0.758995
0.758995
0.758995
0.758995
0.758995
0.758995
0.758995
0.758995
0.758995
0.758995
0.758995
0.758995
0.758995
0.758995
0.758995
0.758995
0.758995
0.758995
0.758995
0.758995
0.758995
0.758995
0.758995
0.758995
0.758995
0.758995
0.758995
0.758995
0.758995
0.758995
0.758995
0.758995
0.758995
0.758995
0.758995
0.758995
0.758995
0.758995
0.758995
0.758995
0.758995
0.758995
0.758995
0.758995
0.758995
0.758995
0.758995
0.758995
0.758995
0.758995
0.758995
0.758995
0.758995
0.758995
0.758995
0.758995
0.758995
0.758995
0.758995
0.758995
0.758995
0.758995
0.758995
0.758995
0.758995
0.758995
0.758995
0.758995
0.758995
0.758995
0.758995
0.758995
0.758995
0.758995
0.758995
0.758995
0.758995
0.758995
0.758995
0.758995
0.758995
0.758995
0.758995
0.758995
0.758995
0.758995
0.758995
0.758995
0.758995
0.758995
0.758995
0.758995
0.758995
0.758995
0.758995
0.758995
0.758995
0.758995
0.758995
0.758995
0.758995
0.758995
0.758995
0.758995
0.758995
0.758995
0.758995
0.758995
0.758995
0.758995
0.758995
0.758995
0.758995
0.758995
0.758995
0.758995
0.758995
0.758995
0.758995
0.758995
0.758995
0.758995
0.758995
0.758995
0.758995
0.758995
0.758995
0.758995
0.758995
0.758995
0.758995
0.758995
0.758995
0.758995
0.758995
0.758995
0.758995
0.758995
0.758995
0.758995
0.758995
0.758995
0.758995
0.758995
0.758995
0.758995
0.758995
0.758995
0.758995
0.758995
0.758995
0.758995
0.758995
0.758995
0.758995
0.758995
0.758995
0.758995
0.758995
0.758995
0.758995
0.758995
0.758995
0.758995
0.758995
0.758995
0.758995
0.758995
0.758995
0.758995
0.758995
0.758995
0.758995
0.758995
0.758995
0.758995
0.758995
0.758995
0.758995
0.758995
0.758995
0.758995
0.758995
0.758995
0.758995
0.758995
0.758995
0.758995
0.758995
0.758995
0.758995
0.758995
0.758995
0.758995
0.758995
0.758995
0.758995
0.758995
0.758995
0.758995
0.758995
0.758995
0.758995
0.758995
0.758995
0.758995
0.758995
0.758995
0.758995
0.758995
0.758995
0.758995
0.758995
0.758995
0.758995
0.758995
0.758995
0.758995
0.758995
0.758995
0.758995
0.758995
0.758995
0.758995
0.758995
0.758995
0.758995
0.758995
0.758995
0.758995
0.758995
0.758995
0.758995
0.758995
0.758995
0.758995
0.758995
0.758995
0.758995
0.758995
0.758995
0.758995
0.758995
0.758995
0.758995
0.758995
0.758995
0.758995
0.758995
0.758995
0.758995
0.758995
0.758995
0.758995
0.758995
0.758995
0.758995
0.758995
0.758995
0.758995
0.758995
0.758995
0.758995
0.758995
0.758995
0.758995
0.758995
0.758995
0.758995
0.758995
0.758995
0.758995
0.758995
0.758995
0.758995
0.758995
0.758995
0.758995
0.758995
0.758995
0.758995
0.758995
0.758995
0.758995
0.758995
0.758995
0.758995
0.758995
0.758995
0.758995
0.758995
0.758995
0.758995
0.758995
0.758995
0.758995
0.758995
0.758995
0.758995
0.758995
0.758995
0.758995
0.758995
0.758995
0.758995
0.758995
0.758995
0.758995
0.758995
0.758995
0.758995
0.758995
0.758995
0.758995
0.758995
0.758995
0.758995
0.758995
0.758995
0.758995
0.758995
0.758995
0.758995
0.758995
0.758995
0.758995
0.758995
0.758995
0.758995
0.758995
0.758995
0.758995
0.758995
0.758995
0.758995
0.758995
0.758995
0.758995
0.758995
0.758995
0.758995
0.758995
0.758995
0.758995
0.758995
0.758995
0.758995
0.758995
0.758995
0.758995
0.758995
0.758995
0.758995
0.758995
0.758995
0.758995
0.758995
0.758995
0.758995
0.758995
0.758995
0.758995
0.758995
0.758995
0.758995
0.758995
0.758995
0.758995
0.758995
0.758995
0.758995
0.758995
0.758995
0.758995
0.758995
0.758995
0.758995
0.758995
0.758995
0.758995
0.758995
0.758995
0.758995
0.758995
0.758995
0.758995
0.758995
0.758995
0.758995
0.758995
0.758995
0.758995
0.758995
0.758995
0.758995
0.758995
0.758995
0.758995
0.758995
0.758995
0.758995
0.758995
0.758995
0.758995
0.758995
0.758995
0.758995
0.758995
0.758995
0.758995
0.758995
0.758995
0.758995
0.758995
0.758995
0.758995
0.758995
0.758995
0.758995
0.758995
0.758995
0.758995
0.758995
0.758995
0.758995
0.758995
0.758995
0.758995
0.758995
0.758995
0.758995
0.758995
0.758995
0.758995
0.758995
0.758995
0.758995
0.758995
0.758995
0.758995
0.758995
0.758995
0.758995
0.758995
0.758995
0.758995
0.758995
0.758995
0.758995
0.758995
0.758995
0.758995
0.758995
0.758995
0.758995
0.758995
0.758995
0.758995
0.758995
0.758995
0.758995
0.758995
0.758995
0.758995
0.758995
0.758995
0.758995
0.758995
0.758995
0.758995
0.758995
0.758995
0.758995
0.758995
0.758995
0.758995
0.758995
0.758995
0.758995
0.758995
0.758995
0.758995
0.758995
0.758995
0.758995
0.758995
0.758995
0.758995
0.758995
0.758995
0.758995
0.758995
0.758995
0.758995
0.758995
0.758995
0.758995
0.758995
0.758995
0.758995
0.758995
0.758995
0.758995
0.758995
0.758995
0.758995
0.758995
0.758995
0.758995
0.758995
0.758995
0.758995
0.758995
0.758995
0.758995
0.758995
0.758995
0.758995
0.758995
0.758995
0.758995
0.758995
0.758995
0.758995
0.758995
0.758995
0.758995
0.758995
0.758995
0.758995
0.758995
0.758995
0.758995
0.758995
0.758995
0.758995
0.758995
0.758995
0.758995
0.758995
0.758995
0.758995
0.758995
0.758995
0.758995
0.758995
0.758995
0.758995
0.758995
0.758995
0.758995
0.758995
0.758995
0.758995
0.758995
0.758995
0.758995
0.758995
0.758995
0.758995
0.758995
0.758995
0.758995
0.758995
0.758995
0.758995
0.758995
0.758995
0.758995
0.758995
0.758995
0.758995
0.758995
0.758995
0.758995
0.758995
0.758995
0.758995
0.758995
0.758995
0.758995
0.758995
0.758995
0.758995
0.758995
0.758995
0.758995
0.758995
0.758995
0.758995
0.758995
0.758995
0.758995
0.758995
0.758995
0.758995
0.758995
0.758995
0.758995
0.758995
0.758995
0.758995
0.758995
0.758995
0.758995
0.758995
0.758995
0.758995
0.758995
0.758995
0.758995
0.758995
0.758995
0.758995
0.758995
0.758995
0.758995
0.758995
0.758995
0.758995
0.758995
0.758995
0.758995
0.758995
0.758995
0.758995
0.758995
0.758995
0.758995
0.758995
0.758995
0.758995
0.758995
0.758995
0.758995
0.758995
0.758995
0.758995
0.758995
0.758995
0.758995
0.758995
0.758995
0.758995
0.758995
0.758995
0.758995
0.758995
0.758995
0.758995
0.758995
0.758995
0.758995
0.758995
0.758995
0.758995
0.758995
0.758995
0.758995
0.758995
0.758995
0.758995
0.758995
0.758995
0.758995
0.758995
0.758995
0.758995
0.758995
0.758995
0.758995
0.758995
0.758995
0.758995
0.758995
0.758995
0.758995
0.758995
0.758995
0.758995
0.758995
0.758995
0.758995
0.758995
0.758995
0.758995
0.758995
0.758995
0.758995
0.758995
0.758995
0.758995
0.758995
0.758995
0.758995
0.758995
0.758995
0.758995
0.758995
0.758995
0.758995
0.758995
0.758995
0.758995
0.758995
0.758995
0.758995
0.758995
0.758995
0.758995
0.758995
0.758995
0.758995
0.758995
0.758995
0.758995
0.758995
0.758995
0.758995
0.758995
0.758995
0.758995
0.758995
0.758995
0.758995
0.758995
0.758995
0.758995
0.758995
0.758995
0.758995
0.758995
0.758995
0.758995
0.758995
0.758995
0.758995
0.758995
0.758995
0.758995
0.758995
0.758995
0.758995
0.758995
0.758995
0.758995
0.758995
0.758995
0.758995
0.758995
0.758995
0.758995
0.758995
0.758995
0.758995
0.758995
0.758995
0.758995
0.758995
0.758995
0.758995
0.758995
0.758995
0.758995
0.758995
0.758995
0.758995
0.758995
0.758995
0.758995
0.758995
0.758995
0.758995
0.758995
0.758995
0.758995
0.758995
0.758995
0.758995
0.758995
0.758995
0.758995
0.758995
0.758995
0.758995
0.758995
0.758995
0.758995
0.758995
0.758995
0.758995
0.758995
0.758995
0.758995
0.758995
0.758995
0.758995
0.758995
0.758995
0.758995
0.758995
0.758995
0.758995
0.758995
0.758995
0.758995
0.758995
0.758995
0.758995
0.758995
0.758995
0.758995
0.758995
0.758995
0.758995
0.758995
0.758995
0.758995
0.758995
0.758995
0.758995
0.758995
0.758995
0.758995
0.758995
0.758995
0.758995
0.758995
0.758995
0.758995
0.758995
0.758995
0.758995
0.758995
0.758995
0.758995
0.758995
0.758995
0.758995
0.758995
0.758995
0.758995
0.758995
0.758995
0.758995
0.758995
0.758995
0.758995
0.758995
0.758995
0.758995
0.758995
0.758995
0.758995
0.758995
0.758995
0.758995
0.758995
0.758995
0.758995
0.758995
0.758995
0.758995
0.758995
0.758995
0.758995
0.758995
0.758995
0.758995
0.758995
0.758995
0.758995
0.758995
0.758995
0.758995
0.758995
0.758995
0.758995
0.758995
0.758995
0.758995
0.758995
0.758995
0.758995
0.758995
0.758995
0.758995
0.758995
0.758995
0.758995
0.758995
0.758995
0.758995
0.758995
0.758995
0.758995
0.758995
0.758995
0.758995
0.758995
0.758995
0.758995
0.758995
0.758995
0.758995
0.758995
0.758995
0.758995
0.758995
0.758995
0.758995
0.758995
0.758995
0.758995
0.758995
0.758995
0.758995
0.758995
0.758995
0.758995
0.758995
0.758995
0.758995
0.758995
0.758995
0.758995
0.758995
0.758995
0.758995
0.758995
0.758995
0.758995
0.758995
0.758995
0.758995
0.758995
0.758995
0.758995
0.758995
0.758995
0.758995
0.758995
0.758995
0.758995
0.758995
0.758995
0.758995
0.758995
0.758995
0.758995
0.758995
0.758995
0.758995
0.758995
0.758995
0.758995
0.758995
0.758995
0.758995
0.758995
0.758995
0.758995
0.758995
0.758995
0.758995
0.758995
0.758995
0.758995
0.758995
0.758995
0.758995
0.758995
0.758995
0.758995
0.758995
0.758995
0.758995
0.758995
0.758995
0.758995
0.758995
0.758995
0.758995
0.758995
0.758995
0.758995
0.758995
0.758995
0.758995
0.758995
0.758995
0.758995
0.758995
0.758995
0.758995
0.758995
0.758995
0.758995
0.758995
0.758995
0.758995
0.758995
0.758995
0.758995
0.758995
0.758995
0.758995
0.758995
0.758995
0.758995
0.758995
0.758995
0.758995
0.758995
0.758995
0.758995
0.758995
0.758995
0.758995
0.758995
0.758995
0.758995
0.758995
0.758995
0.758995
0.758995
0.758995
0.758995


-0.0129704
-0.0129704
-0.0129704
-0.0129704
-0.0129704
-0.0129704
-0.0129704
-0.0129704
-0.0129704
-0.0129704
-0.0129704
-0.0129704
-0.0129704
-0.0129704
-0.0129704
-0.0129704
-0.0129704
-0.0129704
-0.0129704
-0.0129704
-0.0129704
-0.0129704
-0.0129704
-0.0129704
-0.0129704
-0.0129704
-0.0129704
-0.0129704
-0.0129704
0.382855

0.022

