412.319
412.319
412.319
412.319
412.319
412.319
412.319
412.319
412.319
412.319
412.319
412.319
412.319
412.319
412.319
412.319
407
407
403.936
375.938
375.938
375.938
375.938
375.938
356.006
356.006
356.006
356.006
356.006
356.006
356.006
356.006
356.006
356.006
356.006
356.006
327.722
327.722
327.722
327.722
327.722
327.722
327.722
327.722
327.722
326.479
320.443
320.443
320.443
320.443
320.443
320.443
320.443
320.443
320.443
320.443
320.443
320.443
308.338
308.338
304.179
292.928
292.928
292.928
267.887
267.887
267.887
267.887
267.887
267.887
267.887
267.887
267.887
267.887
267.887
267.887
267.887
267.887
267.887
267.887
267.887
267.887
267.887
267.887
267.887
267.887
267.887
264.678
264.678
264.678
264.678
247.736
247.736
247.736
247.736
247.736
247.736
247.736
247.736
218.296
218.296
218.296
218.296
218.296
213.881
213.881
213.881
213.881
213.881
213.881
213.881
213.881
213.881
213.881
205.585
205.585
205.585
205.585
205.585
205.585
205.585
205.585
201.52
201.52
201.52
201.52
201.52
201.52
201.52
201.52
201.52
192.922
192.922
192.922
192.922
192.922
184.298
184.298
173.971
173.971
173.971
173.971
173.971
173.971
173.971
173.971
170.92
169.851
169.851
169.851
169.851
169.851
169.851
169.851
169.851
166.342
166.342
164.853
164.853
164.853
160.37
160.37
160.37
160.37
160.37
160.37
159.222
159.222
141.799
141.799
141.799
141.799
141.799
139.098
139.098
139.098
139.098
123.379
123.379
123.379
123.379
123.379
123.379
123.379
123.379
123.379
123.379
123.379
123.379
123.379
123.379
123.379
123.379
123.379
123.379
123.379
123.379
123.379
123.379
110.688
110.688
110.688
110.688
110.688
110.688
109.646
104.7
104.7
104.7
104.7
104.7
104.7
104.7
104.7
104.7
104.7
104.7
104.7
104.7
104.7
104.7
104.7
104.7
102.903
102.903
102.903
102.903
102.903
102.903
102.903
97.9572
97.9572
97.9572
97.9572
97.9572
97.9572
97.9572
97.9572
97.9572
97.9572
96.633
96.633
96.633
96.633
95.2627
95.2627
95.2627
95.2627
90.7508
90.7508
90.7508
90.7508
90.7508
90.7508
90.7508
90.7508
90.7508
90.7508
90.7508
90.7508
90.7508
90.7508
89.8143
89.8143
89.8143
89.8143
89.8143
89.8143
89.8143
89.8143
87.932
87.932
87.932
87.932
87.932
87.932
87.932
87.932
87.932
87.932
87.932
87.932
87.932
87.932
87.932
87.932
87.932
87.932
87.932
87.932
86.532
86.532
86.532
86.532
86.532
86.532
86.532
86.532
86.532
86.532
83.9132
83.9132
83.4497
83.4497
82.0498
82.0498
82.0498
82.0498
82.0498
82.0498
82.0498
82.0498
82.0498
82.0498
82.0498
82.0498
78.9255
78.9255
78.9255
78.9255
78.9255
78.9255
78.9255
78.9255
78.9255
77.5255
77.5255
77.5255
77.5255
77.5255
77.5255
77.5255
77.5255
76.1256
76.1256
76.1256
76.1256
76.1256
76.1256
76.1256
52.4437
52.4437
52.4437
52.4437
52.4437
52.4437
52.4437
52.4437
52.4437
52.4437
52.4437
52.4437
52.4437
52.4437
52.4437
52.4437
52.4437
52.4437
52.4437
52.4437
51.5072
51.5072
51.5072
51.5072
51.5072
51.5072
51.5072
49.6438
49.6438
49.6438
49.6438
49.6438
49.6438
49.6438
49.6438
49.6438
49.6438
48.7072
48.7072
48.7072
48.7072
48.7072
48.7072
48.7072
48.7072
48.7072
48.7072
48.7072
48.7072
48.7072
48.7072
48.7072
48.7072
48.7072
48.7072
48.7072
48.7072
48.7072
48.7072
48.7072
48.7072
48.7072
48.2438
48.2438
48.2438
48.2438
48.2438
48.2438
48.2438
48.2438
48.2438
48.2438
48.2438
48.2438
47.3169
47.3169
47.3169
47.3169
47.3169
47.3169
47.3169
47.3169
47.3169
47.3169
47.3169
47.3169
47.3169
47.3169
47.3169
47.3169
47.3169
46.8534
46.8534
46.39
46.39
46.39
46.39
46.39
46.39
46.39
46.39
46.39
46.39
46.39
46.39
46.39
46.39
46.39
46.39
46.39
46.39
46.39
46.39
46.39
46.39
46.39
46.39
46.39
46.39
46.39
46.39
46.39
46.39
46.39
46.39
46.39
46.39
46.39
46.39
46.39
46.39
46.39
46.39
46.39
46.39
46.39
46.39
46.39
46.39
46.39
46.39
46.39
46.39
46.39
46.39
46.39
46.39
46.39
46.39
46.39
46.39
46.39
46.39
46.39
46.39
46.39
46.39
46.39
46.39
46.39
46.39
46.39
46.39
46.39
46.39
46.39
46.39
46.39
46.39
46.39
46.39
46.39
46.39
46.39
46.39
46.39
46.39
46.39
46.39
46.39
46.39
46.39
44.99
44.99
44.99
44.99
44.99
44.99
44.99
44.99
44.99
44.99
44.99
44.99
44.99
44.99
44.99
44.99
44.99
44.99
44.99
44.99
44.99
44.99
44.99
44.99
44.99
44.99
44.99
44.99
44.99
44.99
44.99
44.99
44.99
44.99
44.99
44.99
44.99
44.99
44.99
44.99
44.99
44.99
44.99
44.99
44.99
44.99
44.99
44.99
44.99
44.99
44.99
44.99
44.99
44.99
44.99
44.99
44.99
44.99
44.99
44.99
44.99
44.99
44.99
44.99
44.99
44.99
44.99
44.99
44.99
44.99
44.99
44.99
44.99
44.99
44.99
44.99
44.99
44.99
44.99
44.99
44.99
44.99
44.99
44.99
44.99
44.99
44.99
44.99
44.99
44.99
44.99
44.99
44.99
44.99
44.99
44.99
44.99
44.99
44.99
44.99
44.99
44.99
44.99
44.99
44.99
44.99
44.99
44.99
44.99
44.99
44.99
44.99
44.99
44.99
44.99
44.99
44.99
44.99
44.99
44.99
44.99
44.99
44.99
44.99
44.99
44.99
44.99
44.99
44.99
44.99
44.99
44.99
44.99
44.99
44.99
44.99
44.99
44.99
44.99
44.99
44.99
44.99
44.99
44.99
44.99
44.99
44.99
44.99
44.99
44.99
44.99
44.99
44.99
44.99
44.99
44.99
44.99
44.99
44.99
44.99
44.99
44.99
44.99
44.99
44.99
44.99
44.99
44.99
44.99
44.99
44.99
44.99
44.99
44.99
44.99
44.99
44.99
44.99
44.99
44.99
44.99
44.99
44.99
44.99
44.99
44.99
44.99
44.99
44.99
44.99
44.99
44.99
44.99
44.99
44.99
44.99
44.99
44.99
44.99
44.99
44.99
44.99
44.99
44.99
44.99
44.99
44.99
44.99
44.99
44.99
44.99
44.99
44.99
44.99
44.99
44.99
44.99
44.99
44.99
44.99
44.99
44.99
44.99
44.99
44.99
44.99
44.99
44.99
44.99
44.99
44.99
44.99
44.99
44.99
44.99
44.99
44.99
44.99
44.99
44.99
44.99
44.99
44.99
44.99
44.99
44.99
44.99
44.99
44.99
44.99
44.99
44.99
44.99
44.99
44.99
44.99
44.99
44.99
44.99
44.99
44.99
44.99
44.99
44.99
44.99
44.99
44.99
44.99
44.99
44.99
44.99
44.99
44.99
44.99
44.99
44.99
44.99
44.99
44.99
44.99
44.99
44.99
44.99
44.99
44.99
44.99
44.99
44.99
44.99
44.99
44.99
44.99
44.99
44.99
44.99
44.99
44.99
44.99
44.99
44.99
44.99
44.99
44.99
44.99
44.99
44.99
44.99
44.99
44.99
44.99
44.99
44.99
44.99
44.99
44.99
44.99
44.99
44.99
44.99
44.99
44.99
44.99
44.99
44.99
44.99
44.99
44.99
44.99
44.99
44.99
44.99
44.99
44.99
44.99
44.99
44.99
44.99
44.99
44.99
44.99
44.99
44.99
44.99
44.99
44.99
44.99
44.99
44.99
44.99
44.99
44.99
44.99
44.99
44.99
44.99
44.99
44.99
44.99
44.99
44.99
44.99
44.99
44.99
44.99
44.99
44.99
44.99
44.99
44.99
44.99
44.99
44.99
44.99
44.99
44.99
44.99
44.99
44.99
44.99
44.99
44.99
44.99
44.99
44.99
44.99
44.99
44.99
44.99
44.99
44.99
44.99
44.99
44.99
44.99
44.99
44.99
44.99
44.99
44.99
44.99
44.99
44.99
44.99
44.99
44.99
44.99
44.99
44.99
44.99
44.99
44.99
44.99
44.99
44.99
44.99
44.99
44.99
44.99
44.99
44.99
44.99
44.99
44.99
44.99
44.99
44.99
44.99
44.99
44.99
44.99
44.99
44.99
44.99
44.99
44.99
44.99
44.99
44.99
44.99
44.99
44.99
44.99
44.99
44.99
44.99
44.99
44.99
44.99
44.99
44.99
44.99
44.99
44.99
44.99
44.99
44.99
44.99
44.99
44.99
44.99
44.99
44.99
44.99
44.99
44.99
44.99
44.99
44.99
44.99
44.99
44.99
44.99
44.99
44.99
44.99
44.99
44.99
44.99
44.99
44.99
44.99
44.99
44.99
44.99
44.99
44.99
44.99
44.99
44.99
44.99
44.99
44.99
44.99
44.99
44.99
44.99
44.99
44.99
44.99
44.99
44.99
44.99
44.99
44.99
44.99
44.99
44.99
44.99
44.99
44.99
44.99
44.99
44.99
44.99
44.99
44.99
44.99
44.99
44.99
44.99
44.99
44.99
44.99
44.99
44.99
44.99
44.99
44.99
44.99
44.99
44.99
44.99
44.99
44.99
44.99
44.99
44.99
44.99
44.99
44.99
44.99
44.99
44.99
44.99
44.99
44.99
44.99
44.99
44.99
44.99
44.99
44.99
44.99
44.99
44.99
44.99
44.99
44.99
44.99
44.99
44.99
44.99
44.99
44.99
44.99
44.99
44.99
44.99
44.99
44.99
44.99
44.99
44.99
44.99
44.99
44.99
44.99
44.99
44.99
44.99
44.99
44.99
44.99
44.99
44.99
44.99
44.99
44.99
44.99
44.99
44.99
44.99
44.99
44.99
44.99
44.99
44.99
44.99
44.99
44.99
44.99
44.99
44.99
44.99
44.99
44.99
44.99
44.99
44.99
44.99
44.99
44.99
44.99
44.99
44.99
44.99
44.99
44.99
44.99
44.99
44.99
44.99
44.99
44.99
44.99
44.99
44.99
44.99
44.99
44.99
44.99
44.99
44.99
44.99
44.99
44.99
44.99
44.99
44.99
44.99
44.99
44.99
44.99
44.99
44.99
44.99
44.99
44.99
44.99
44.99
44.99
44.99
44.99
44.99
44.99
44.99
44.99
44.99
44.99
44.99
44.99
44.99
44.99
44.99
44.99
44.99
44.99
44.99
44.99
44.99
44.99
44.99
44.99
44.99
44.99
44.99
44.99
44.99
44.99
44.99
44.99
44.99
44.99
44.99
44.99
44.99
44.99
44.99
44.99
44.99
44.99
44.99
44.99
44.99
44.99
44.99
44.99
44.99
44.99
44.99
44.99
44.99
44.99
44.99
44.99
44.99
44.99
44.99
44.99
44.99
44.99
44.99
44.99
44.99
44.99
44.99
44.99
44.99
44.99
44.99
44.99
44.99
44.99
44.99
44.99
44.99
44.99
44.99
44.99
44.99
44.99
44.99
44.99
44.99
44.99
44.99
44.99
44.99
44.99
44.99
44.99
44.99
44.99
44.99
44.99
44.99
44.99
44.99
44.99
44.99
44.99
44.99
44.99
44.99
44.99
44.99
44.99
44.99
44.99
44.99
44.99
44.99
44.99
44.99
44.99
44.99
44.99
44.99
44.99
44.99
44.99
44.99
44.99
44.99
44.99
44.99
44.99
44.99
44.99
44.99
44.99
44.99
44.99
44.99
44.99
44.99
44.99
44.99
44.99
44.99
44.99
44.99
44.99
44.99
44.99
44.99
44.99
44.99
44.99
44.99
44.99
44.99
44.99
44.99
44.99
44.99
44.99
44.99
44.99
44.99
44.99
44.99
44.99
44.99
44.99
44.99
44.99
44.99
44.99
44.99
44.99
44.99
44.99
44.99
44.99
44.99
44.99
44.99
44.99
44.99
44.99
44.99
44.99
44.99
44.99
44.99
44.99
44.99
44.99
44.99
44.99
44.99
44.99
44.99
44.99
44.99
44.99
44.99
44.99
44.99
44.99
44.99
44.99
44.99
44.99
44.99
44.99
44.99
44.99
44.99
44.99
44.99
44.99
44.99
44.99
44.99
44.99
44.99
44.99
44.99
44.99
44.99
44.99
44.99
44.99
44.99
44.99
44.99
44.99
44.99
44.99
44.99
44.99
44.99
44.99
44.99
44.99
44.99
44.99
44.99
44.99
44.99
44.99
44.99
44.99
44.99
44.99
44.99
44.99
44.99
44.99
44.99
44.99
44.99
44.99
44.99
44.99
44.99
44.99
44.99
44.99
44.99
44.99
44.99
44.99
44.99
44.99
44.99
44.99
44.99
44.99
44.99
44.99
44.99
44.99
44.99
44.99
44.99
44.99
44.99
44.99
44.99
44.99
44.99
44.99
44.99
44.99
44.99
44.99
44.99
44.99
44.99
44.99
44.99
44.99
44.99
44.99
44.99
44.99
44.99
44.99
44.99
44.99
44.99
44.99
44.99
44.99
44.99
44.99
44.99
44.99
44.99
44.99
44.99
44.99
44.99
44.99
44.99
44.99
44.99
44.99
44.99
44.99
44.99
44.99
44.99
44.99
44.99
44.99
44.99
44.99
44.99
44.99
44.99
44.99
44.99
44.99
44.99
44.99
44.99
44.99
44.99
44.99
44.99
44.99
44.99
44.99
44.99
44.99
44.99
44.99
44.99
44.99
44.99
44.99
44.99
44.99
44.99
44.99
44.99
44.99
44.99
44.99
44.99
44.99
44.99
44.99
44.99
44.99
44.99
44.99
44.99
44.99
44.99
44.99
44.99
44.99
44.99
44.99
44.99
44.99
44.99
44.99
44.99
44.99
44.99
44.99
44.99
44.99
44.99
44.99
44.99
44.99
44.99
44.99
44.99
44.99
44.99
44.99
44.99
44.99
44.99
44.99
44.99
44.99
44.99
44.99
44.99
44.99
44.99
44.99
44.99
44.99
44.99
44.99
44.99
44.99
44.99
44.99
44.99
44.99
44.99
44.99
44.99
44.99
44.99
44.99
44.99
44.99
44.99
44.99
44.99
44.99
44.99
44.99
44.99
44.99
44.99
44.99
44.99
44.99
44.99
44.99
44.99
44.99
44.99
44.99
44.99
44.99
44.99
44.99
44.99
44.99
44.99
44.99
44.99
44.99
44.99
44.99
44.99
44.99
44.99
44.99
44.99
44.99
44.99
44.99
44.99
44.99
44.99
44.99
44.99
44.99
44.99
44.99
44.99
44.99
44.99
44.99
44.99
44.99
44.99
44.99
44.99
44.99
44.99
44.99
44.99
44.99
44.99
44.99
44.99
44.99
44.99
44.99
44.99
44.99
44.99
44.99
44.99
44.99
44.99
44.99
44.99
44.99
44.99
44.99
44.99
44.99
44.99
44.99
44.99
44.99
44.99
44.99
44.99
44.99
44.99
44.99
44.99
44.99
44.99
44.99
44.99
44.99
44.99
44.99
44.99
44.99
44.99
44.99
44.99
44.99
44.99
44.99
44.99
44.99
44.99
44.99
44.99
44.99
44.99
44.99
44.99
44.99
44.99
44.99
44.99
44.99
44.99
44.99
44.99
44.99
44.99
44.99
44.99
44.99
44.99
44.99
44.99
44.99
44.99
44.99
44.99
44.99
44.99
44.99
44.99
44.99
44.99
44.99
44.99
44.99
44.99
44.99
44.99
44.99
44.99
44.99
44.99
44.99
44.99
44.99
44.99
44.99
44.99
44.99
44.99
44.99
44.99
44.99
44.99
44.99
44.99
44.99
44.99
44.99
44.99
44.99
44.99
44.99
44.99
44.99
44.99
44.99
44.99
44.99
44.99
44.99
44.99
44.99
44.99
44.99
44.99
44.99
44.99
44.99
44.99
44.99
44.99
44.99
44.99
44.99
44.99
44.99
44.99
44.99
44.99
44.99
44.99
44.99
44.99
44.99
44.99
44.99
44.99
44.99
44.99
44.99
44.99
44.99
44.99
44.99
44.99
44.99
44.99
44.99
44.99
44.99
44.99
44.99
44.99
44.99
44.99
44.99
44.99
44.99
44.99
44.99
44.99
44.99
44.99
44.99
44.99
44.99
44.99
44.99
44.99
44.99
44.99
44.99
44.99
44.99
44.99
44.99
44.99
44.99
44.99
44.99
44.99
44.99
44.99
44.99
44.99
44.99
44.99
44.99
44.99
44.99
44.99
44.99
44.99
44.99
44.99
44.99
44.99
44.99
44.99
44.99
44.99
44.99
44.99
44.99
44.99
44.99
44.99
44.99
44.99
44.99
44.99
44.99
44.99
44.99
44.99
44.99
44.99
44.99
44.99
44.99
44.99
44.99
44.99
44.99
44.99
44.99
44.99
44.99
44.99
44.99
44.99
44.99
44.99
44.99
44.99
44.99
44.99
44.99
44.99
44.99
44.99
44.99
44.99
44.99
44.99
44.99
44.99
44.99
44.99
44.99
44.99
44.99
44.99
44.99
44.99
44.99
44.99
44.99
44.99
44.99
44.99
44.99
44.99
44.99
44.99
44.99
44.99
44.99
44.99
44.99
44.99
44.99
44.99
44.99
44.99
44.99
44.99
44.99
44.99
44.99
44.99
44.99
44.99
44.99
44.99
44.99
44.99
44.99
44.99
44.99
44.99
44.99
44.99
44.99
44.99
44.99
44.99
44.99
44.99
44.99
44.99
44.99
44.99
44.99
44.99
44.99
44.99
44.99
44.99
44.99
44.99
44.99
44.99
44.99
44.99
44.99
44.99
44.99
44.99
44.99
44.99
44.99
44.99
44.99
44.99
44.99
44.99
44.99
44.99


0.0520328
0.0520328
0.0520328
0.0520328
0.0520328
0.0520328
0.0520328
0.0520328
0.0520328
0.0520328
0.0520328
0.0520328
0.0520328
0.0520328
0.0520328
0.0520328
0.0520328
0.0520328
0.0520328
0.0520328
0.0520328
0.0520328
0.0520328
0.0520328
0.0520328
0.0520328
0.0520328
0.0520328
0.0520328
4.27091

0.027

