476.674
476.674
476.674
476.674
461.859
461.859
461.859
426.806
426.806
400.293
400.293
400.293
400.293
393.992
393.992
393.992
393.992
393.992
393.992
393.992
393.992
393.992
373.825
373.825
372.411
372.411
372.411
372.411
372.411
372.411
372.411
372.411
338.092
338.092
338.092
338.092
338.092
338.092
338.092
338.092
338.092
338.092
338.092
338.092
338.092
338.092
338.092
338.092
338.092
338.092
334.548
334.548
319.848
299.399
299.399
299.399
299.399
299.399
299.399
299.399
299.399
299.399
299.399
299.399
299.399
299.399
299.399
294.201
294.201
294.201
294.201
281.67
281.67
281.67
275.401
275.401
275.401
268.445
268.445
268.445
268.445
265.531
264.637
264.637
250.599
250.599
250.599
250.599
250.599
250.599
250.599
250.599
250.599
250.599
250.599
243.419
243.419
243.419
243.419
243.419
243.419
243.419
243.419
237.155
237.155
237.155
237.155
237.155
237.155
237.155
237.155
237.155
237.155
237.155
237.155
237.101
237.101
237.101
237.101
231.601
231.601
210.81
210.81
210.81
210.81
210.81
210.81
210.81
210.81
210.81
210.81
210.81
210.81
210.81
210.81
202.424
202.424
202.424
202.424
202.424
202.424
202.424
202.424
202.424
202.424
202.424
202.424
202.424
202.424
202.424
200.549
200.549
200.549
197.689
197.689
197.689
197.689
197.689
197.689
197.689
197.689
197.689
197.689
197.689
197.689
191.216
191.216
191.216
191.216
191.216
191.216
191.216
191.216
191.216
191.216
190.198
190.198
190.198
190.198
190.198
190.198
190.198
190.198
190.198
190.198
190.198
190.198
190.198
190.198
190.198
190.198
190.198
190.198
187.612
187.612
187.612
187.612
187.612
187.612
187.612
187.612
187.612
187.612
187.427
187.427
187.427
186.077
186.077
179.936
179.936
179.936
179.936
179.936
179.936
179.936
179.936
179.936
179.936
179.936
179.936
179.936
179.936
179.936
179.936
179.936
175.778
175.778
175.778
175.778
175.778
175.778
175.778
175.778
173.241
173.241
173.241
173.241
173.241
173.241
173.241
173.241
173.241
173.241
173.241
173.241
173.241
173.241
173.241
173.241
172.295
172.295
172.295
172.295
172.295
172.295
167.149
167.149
167.149
167.149
167.149
167.149
167.149
167.149
167.149
167.149
167.149
167.149
167.149
167.149
167.149
167.149
167.149
167.149
167.149
167.149
167.149
167.149
167.149
167.149
167.149
167.149
165.713
165.713
165.713
165.713
165.713
165.713
165.713
165.713
165.713
165.713
165.713
165.713
165.713
164.349
164.349
164.349
162.921
162.645
162.645
151.189
151.189
151.189
151.189
151.189
151.189
151.189
151.189
151.189
151.189
151.189
151.189
151.189
151.189
151.189
149.221
149.221
149.221
149.221
149.221
149.221
149.221
149.221
144.76
144.76
144.76
144.76
144.76
144.76
144.76
144.76
144.76
144.76
144.76
144.76
144.76
144.76
144.76
144.76
144.76
144.76
144.76
144.76
144.76
144.76
144.76
144.76
144.76
144.76
144.76
140.99
140.99
136.27
136.27
136.27
136.27
136.27
136.27
136.27
136.27
136.27
134.957
134.957
134.957
134.957
134.957
134.957
133.858
133.858
133.858
133.858
133.858
133.858
133.858
133.858
133.858
133.858
133.858
133.858
133.858
133.858
133.858
133.858
133.858
133.858
133.858
133.858
133.858
119.328
119.328
119.328
119.328
119.328
119.328
119.328
119.328
119.328
119.328
119.328
119.328
119.328
119.328
119.328
119.328
119.328
119.328
114.203
111.616
111.616
111.616
111.616
111.616
111.616
111.616
111.616
111.616
111.616
111.616
111.616
111.616
111.616
111.616
111.616
111.616
111.616
111.616
111.616
111.616
111.616
111.616
108.241
108.241
108.241
108.241
108.241
108.241
108.241
108.241
108.241
108.241
108.241
108.241
108.241
108.241
108.241
108.241
108.241
108.241
108.241
108.241
108.241
108.241
108.241
108.241
108.241
108.241
108.241
108.241
108.241
108.241
108.241
108.241
108.241
108.241
108.241
108.241
108.241
108.241
105.767
105.767
105.767
105.767
105.767
105.767
105.767
105.767
105.767
105.767
105.767
105.767
105.767
105.767
105.767
105.767
105.767
105.767
105.767
105.767
105.767
105.767
105.767
105.767
105.767
105.767
105.767
105.767
105.653
105.653
105.653
105.653
105.653
105.653
105.653
105.653
105.653
105.653
102.667
102.667
102.667
102.667
102.667
102.667
100.556
100.556
100.556
100.556
100.397
100.397
100.397
100.397
100.397
100.397
100.397
100.397
100.397
100.397
100.397
100.397
100.397
100.397
100.397
100.397
100.397
100.397
97.1753
97.1753
97.1753
97.1753
97.1753
97.1753
97.1753
97.1753
97.1753
97.1753
97.1753
97.1753
95.0647
95.0647
95.0647
95.0647
95.0647
95.0647
95.0647
94.3182
94.3182
94.3182
94.3182
94.3182
94.3182
94.3182
94.3182
94.3182
94.3182
81.9633
81.9633
81.9633
81.9633
81.9633
81.9633
81.9633
81.9633
81.9633
81.9633
81.9633
81.9633
81.9633
81.9633
81.9633
81.9633
81.9633
80.9812
80.9812
80.9812
80.9812
80.9812
80.9812
80.9812
80.9812
80.9812
80.9812
80.9812
80.9812
80.9812
80.9812
80.9812
80.9812
80.9812
80.9812
80.9812
80.9812
80.9812
80.9812
80.9812
80.9812
80.9812
80.9812
80.9812
80.9812
80.9812
80.9812
80.9812
80.9812
80.9812
80.9812
80.9812
80.9812
80.9812
80.9812
80.9812
80.9812
80.9812
80.9812
80.9812
80.9812
80.9812
80.9812
80.9812
80.9812
80.9812
80.9812
80.9812
80.9812
80.9812
80.9812
80.9812
80.9812
80.9812
80.9812
80.9812
80.9812
80.9812
80.9812
80.9812
80.9812
80.9812
80.9812
80.9812
80.9812
80.9812
80.9812
80.9812
80.8672
80.8672
80.8672
80.8672
80.8672
80.8672
80.8672
80.8672
80.8672
80.8672
79.6135
79.6135
79.6135
79.6135
79.6135
79.6135
79.6135
79.6135
79.6135
79.6135
79.3729
79.3729
79.3729
79.3729
79.3729
79.3729
79.3729
79.3729
79.3729
79.3729
79.3729
79.3729
79.3729
79.3729
79.3729
79.3729
79.3729
79.3729
79.3729
79.3729
79.3729
79.3729
79.3729
79.3729
79.3729
79.3729
79.3729
79.3729
79.3729
79.3729
79.3729
79.3729
79.3729
79.3729
77.3617
77.3617
77.3617
77.3617
77.3617
77.3617
77.3617
77.3617
77.3617
77.3617
77.3617
77.3617
77.3617
77.3617
77.3617
77.3617
77.3617
77.3617
77.3617
77.3617
77.3617
77.3617
77.3617
77.3617
77.3617
77.3617
77.3617
77.3617
77.3617
77.3617
77.3617
77.1212
77.1212
77.1212
77.1212
77.1212
77.1212
77.1212
77.1212
77.1212
77.1212
77.1212
75.7535
75.7535
75.7535
75.7535
75.7535
75.7535
75.7535
75.7535
75.7535
75.7535
75.7535
75.7535
75.7535
75.7535
75.7535
75.7535
75.7535
75.7535
75.7535
75.7535
75.7535
75.7535
75.7535
75.7535
75.7535
75.7535
75.7535
75.7535
75.7535
75.7535
75.7535
75.7535
75.7535
75.7535
75.7535
75.7535
75.7535
75.7535
75.7535
71.7615
71.7615
71.7615
71.7615
71.7615
71.7615
71.7615
71.7615
71.7615
71.7615
71.7615
71.7615
70.1532
70.1532
70.1532
70.1532
70.1532
70.1532
66.4619
66.4619
65.2274
65.2274
65.2274
65.2274
65.2274
65.2274
65.2274
65.2274
65.2274
65.2274
65.2274
65.2274
65.2274
65.2274
65.2274
65.2274
65.2274
65.2274
65.2274
65.2274
65.2274
65.2274
65.2274
65.2274
65.2274
65.2274
65.2274
65.2274
65.2274
65.2274
65.2274
65.2274
65.2274
65.2274
65.2274
65.2274
65.2274
65.2274
65.2274
65.2274
65.2274
65.2274
65.2274
65.2274
65.2274
65.2274
65.2274
65.2274
65.2274
65.2274
65.2274
65.2274
65.2274
65.022
65.022
65.022
65.022
62.127
62.127
62.127
62.127
62.127
62.127
62.127
62.127
62.127
62.127
62.127
62.127
62.127
62.127
62.127
62.127
62.127
62.127
62.127
62.127
62.127
62.127
62.127
62.127
62.127
62.127
62.127
62.127
62.127
62.127
62.127
62.127
62.127
62.127
62.127
62.127
62.127
62.127
62.127
62.127
62.127
62.127
62.127
62.127
62.127
62.127
62.127
61.2811
61.2811
61.2811
61.2811
61.2811
61.2811
61.2811
61.2811
61.2811
61.2811
61.2811
61.2811
61.2811
61.2811
61.2811
61.2811
60.2429
60.2429
60.2429
60.2429
60.2429
60.2429
60.2429
60.2429
60.2429
60.2429
60.0465
60.0465
60.0465
60.0465
60.0465
59.4421
59.4421
59.4421
59.4421
59.4421
59.4421
59.4421
59.4421
58.0211
58.0211
58.0211
58.0211
58.0211
58.0211
58.0211
58.0211
58.0211
58.0211
58.0211
58.0211
58.0211
58.0211
58.0211
58.0211
58.0211
58.0211
58.0211
57.4167
57.4167
57.4167
57.4167
57.4167
57.4167
57.4167
57.4167
57.4167
57.4167
57.4167
57.4167
57.4167
57.4167
57.4167
57.4167
57.4167
57.4167
57.4167
57.4167
57.4167
57.4167
57.4167
57.4167
57.4167
57.4167
57.4167
57.4167
57.4167
57.4167
57.4167
57.4167
57.4167
57.4167
57.4167
57.4167
57.4167
57.4167
57.4167
57.4167
57.4167
57.4167
57.4167
57.4167
57.4167
57.4167
57.4167
57.4167
57.4167
57.4167
57.4167
57.4167
57.4167
57.4167
57.4167
57.4167
57.4167
57.4167
57.4167
57.4167
57.4167
57.4167
57.4167
57.4167
57.4167
57.4167
57.4167
57.4167
57.4167
57.4167
57.4167
57.4167
57.4167
57.4167
57.4167
57.4167
57.4167
57.4167
57.4167
57.4167
57.4167
57.4167
57.4167
57.4167
57.4167
57.4167
57.4167
57.4167
57.4167
57.4167
57.4167
57.4167
57.4167
57.4167
57.4167
57.4167
57.4167
57.4167
57.4167
57.4167
57.4167
57.4167
57.4167
57.4167
57.4167
57.4167
57.4167
57.4167
57.4167
57.4167
57.4167
57.4167
57.4167
57.4167
57.4167
57.4167
57.4167
57.4167
57.4167
57.4167
57.4167
57.4167
57.4167
57.4167
57.4167
57.4167
57.4167
57.4167
57.4167
57.4167
57.4167
57.4167
57.4167
57.4167
57.4167
57.4167
57.4167
57.4167
57.4167
57.4167
57.4167
57.4167
57.4167
57.4167
57.4167
57.4167
57.4167
57.4167
57.4167
57.4167
57.4167
57.4167
57.4167
57.4167
57.4167
57.4167
57.4167
57.4167
57.4167
57.4167
57.4167
57.4167
57.4167
57.4167
57.4167
57.4167
57.4167
57.4167
57.4167
57.4167
57.4167
57.4167
57.4167
57.4167
57.4167
57.4167
57.4167
57.4167
56.2654
56.2654
56.2654
56.2654
56.2654
56.2654
56.2654
56.2654
56.2654
56.2654
56.2654
56.2654
56.2654
56.2654
56.2654
56.2654
56.2654
56.2654
56.2654
56.2654
56.2654
56.2654
56.2654
56.2654
56.2654
56.2654
56.2654
56.2654
56.2654
56.258
56.258
56.258
56.258
56.258
56.258
56.258
56.258
56.258
56.258
56.258
56.258
56.258
56.258
56.258
56.258
56.258
56.258
56.258
56.258
56.258
56.258
56.258
56.258
56.258
56.258
56.258
56.258
56.258
56.258
56.258
56.258
56.258
56.258
56.258
56.258
56.258
56.258
56.258
56.258
56.258
56.258
56.258
56.258
56.258
56.258
56.258
56.258
56.258
56.258
56.258
56.258
56.258
56.258
56.258
56.258
56.258
56.258
56.258
56.258
56.258
56.258
56.258
56.258
56.258
56.258
56.258
56.258
56.258
56.258
56.258
56.258
56.258
56.258
56.258
56.258
56.258
56.258
56.258
56.258
56.258
56.258
56.258
56.258
56.258
56.258
56.258
56.258
56.258
56.258
56.258
56.258
53.7836
53.7836
53.7836
53.7836
53.7836
53.7836
53.7836
53.7836
53.7836
53.7836
53.7836
45.6694
45.6694
45.6694
45.6694
45.6694
45.6694
45.6694
45.6694
45.6694
45.6694
45.6694
45.6694
45.6694
45.6694
45.6694
45.6694
45.6694
45.6694
45.6694
45.6694
45.6694
45.6694
45.6694
45.6694
45.6694
45.6694
45.6694
45.6694
45.6694
44.3674
44.3674
44.3674
44.3674
44.3674
44.3674
44.3674
44.3674
44.3674
44.3674
44.3674
44.3674
44.3674
44.3674
44.3674
44.3674
44.3674
44.3674
44.3674
44.3674
44.3674
44.3674
44.3674
44.3674
44.3674
44.3674
44.3674
44.3674
44.3674
44.3674
44.3674
44.3674
44.3674
44.3674
44.3674
44.3674
44.3674
44.3674
44.3674
44.3674
44.3674
44.3674
44.3674
43.1963
43.1963
43.1963
43.1963
43.1963
43.1963
43.1963
43.1963
43.1963
43.1963
43.1963
43.1963
43.1963
43.1963
43.1963
43.1963
41.7367
41.7367
41.7367
41.7367
41.7367
41.7367
41.7367
41.7367
41.7367
41.7367
41.7367
41.7367
41.7367
41.7367
41.7367
41.7367
41.7367
41.7367
41.7367
41.7367
41.7367
41.7367
41.7367
41.7367
41.7367
41.7367
41.7367
41.7367
41.7367
41.7367
41.7367
41.7367
41.7367
41.7367
41.7367
41.7367
41.7367
41.7367
41.7367
41.7367
41.7367
41.7367
41.7367
41.7367
41.7367
41.7367
41.7367
41.7367
41.7367
41.7367
41.7367
41.7367
41.7367
41.7367
41.7367
41.7367
41.7367
41.7367
41.7367
41.7367
41.7367
41.7367
41.7367
41.7367
41.7367
41.7367
41.7367
41.7367
41.7367
41.7367
41.7367
41.7367
41.7367
41.7367
41.7367
41.7367
41.7367
41.7367
41.7367
41.7367
41.7367
41.7367
41.7367
41.7367
41.7367
41.7367
41.7367
41.7367
41.7367
41.7367
41.7367
41.7367
41.7367
41.7367
41.7367
41.7367
41.7367
41.7367
41.7367
41.7367
41.7367
41.7367
41.7367
41.7367
41.7367
41.7367
41.7367
41.7367
41.7367
41.7367
41.7367
41.7367
41.7367
41.7367
41.7367
41.7367
41.7367
41.7367
41.7367
41.7367
41.7367
41.7367
41.7367
41.7367
41.7367
41.7367
41.7367
41.7367
41.7367
41.7367
41.7367
41.7367
41.7367
41.7367
41.7367
41.7367
41.7367
41.7367
41.7367
41.7367
41.7367
41.7367
41.7367
41.7367
41.7367
41.7367
41.7367
41.7367
41.7367
41.7367
41.7367
41.7367
41.7367
41.7367
41.7367
41.7367
41.7367
41.7367
41.7367
41.7367
41.7367
41.7367
41.7367
41.7367
41.7367
41.7367
41.7367
41.7367
40.4834
40.4834
40.4834
40.4834
40.4834
40.4834
40.4834
40.4834
40.4834
40.4834
40.4834
40.4834
40.4834
40.4834
40.4834
40.4834
40.4834
40.4834
40.4834
40.4834
40.4834
40.4834
40.4834
40.4834
40.4834
40.4834
40.4834
40.4834
40.4834
40.4834
40.4834
40.4834
40.4834
40.4834
40.4834
40.4834
40.4834
40.4834
40.4834
40.4834
40.4834
40.4834
40.4834
40.4834
40.4834
40.4834
40.4834
40.4834
40.4834
40.4834
40.4834
40.4834
40.4834
40.4834
40.4834
40.4834
40.4834
40.4834
40.4834
40.4834
40.4834
40.4834
40.4834
40.4834
39.9474
39.9474
39.9474
39.9474
39.9474
39.9474
39.9474
39.9474
39.9474
39.9474
39.9474
39.9474
39.9474
39.9474
39.9474
39.9474
39.9474
39.9474
39.9474
39.557
39.557
39.557
39.557
39.557
39.557
39.557
39.557
39.557
39.557
39.557
39.557
39.557
39.557
39.557
39.557
39.557
39.557
39.557
39.557
39.557
39.557
39.557
39.557
39.557
39.557
39.557
39.557
39.557
39.557
39.557
39.557
39.557
39.557
39.557
39.557
39.557
39.557
39.557
39.557
39.557
39.557
39.557
39.557
39.557
38.5206
38.5206
38.5206
38.5206
38.5206
38.5206
38.5206
38.5206
38.5206
38.5206
38.5206
38.5206
38.5206
38.5206
38.5206
38.5206
38.5206
38.5206
38.5206
38.5206
38.5206
38.5206
38.5206
38.5206
38.5206
38.5206
38.5206
38.5206
38.5206
38.5206
38.5206
38.5206
38.5206
37.9828
37.9828
37.9828
37.9828
37.9828
37.9828
37.9828
37.9828
37.9828
37.9828
37.9828
37.9828
37.9828
37.9828
37.9828
37.9828
37.9828
37.9828
37.9828
37.9828
37.9828
37.9828
37.9828
37.9828
37.9828
37.9828
37.9828
37.9828
37.9828
37.9828
37.9828
37.9828
37.9828
37.9828
37.9828
37.9828
37.9828
37.9828
37.9828
37.9828
37.9828
37.9828
37.902
37.902
37.902
37.902
37.902
37.902
37.902
37.902
37.902
37.902
37.902
37.902
37.902
37.902
37.902
37.902
37.902
37.902
37.902
37.902
37.902
37.902
37.902
37.902
37.902
37.902
37.902
37.902
37.902
37.902
37.902
37.902
37.902
37.902
37.902
37.902
37.902
37.902
37.902
37.902
37.902
37.902
37.902
37.902
37.902
37.902
37.902
37.902
37.902
37.902
37.902
37.902
37.902
37.902
37.902
37.902
37.902
37.902
37.902
37.902
37.902
37.902
37.902
37.902
37.902
37.902
37.902
37.902
37.902
37.902
37.902
37.902
37.902
37.902
37.902
37.902
37.902
37.902
37.902
37.902
37.902
37.902
37.902
37.902
37.902
37.902
37.902
37.902
37.902
37.902
37.902
37.902
37.902
37.902
37.902
37.902
37.902
37.902
37.902
34.935
34.935
34.935
34.935
34.935
34.935
34.935
34.935
34.935
34.935
34.935
34.935
34.935
34.935
34.935
34.935
34.935
34.935
34.935
34.935
34.935
34.935
34.935
34.935
34.935
34.935
34.935
34.935
34.935
34.935
34.935
34.935
34.935
34.935
34.935
34.935
34.935
34.935
34.935
34.935
34.935
34.935
34.935
34.935
34.935
34.935
34.935
34.935
34.935
34.935
34.935
34.935
34.935
34.935
34.935
34.935
34.935
34.935
34.935
34.935
31.7384
31.7384
31.7384
31.7384
31.7384
31.7384
31.7384
31.7384
31.7384
31.7384
31.7384
31.7384
31.7384
31.7384
31.7384
31.7384
31.7384
31.7384
31.7384
31.7384
31.7384
31.7384
31.7384
31.7384
31.7384
31.7384
31.7384
31.7384
31.7384
31.7384
31.7384
31.7384
31.7384
31.7384
31.7384
31.7384
31.7384
31.7384
31.7384
31.7384
31.7384
31.7384
31.7384
31.7384
31.7384
31.7384
31.7384
31.7384
31.7384
31.7384
30.7591
30.7591
30.7591
30.7591
30.7591
30.7591
30.7591
27.5955
27.5955
27.5955
27.5955
27.5955
27.5955
27.5955
27.5955
27.5955
27.5955
27.5955
27.5955
27.5955
27.5955
27.5955
27.5955
27.5955
27.5955
27.5955
27.5955
27.5955
27.5955
27.5955
27.5955
27.5955
27.5955
27.5955
27.5955
27.5955
27.5955
27.5955
27.5955
27.5955
27.5955
27.5955
27.5955
27.5955
27.5955
27.5955
27.5955
27.5955
27.5955
27.5955
27.5955
27.5955
27.5955
27.3657


-0.0657833
-0.105784
0.0745335
1.07675
0.0932841
1.06456
-0.0445326
-0.00421888
-0.00765648
0.0354698
0.977374
-0.0248445
-0.983311
-1.0155
-0.0489077
0.0667208
-0.0320322
-0.0142192
0.00953154
-0.982999
0.998937
0.974874
-0.0292196
-1.04144
1.05925
0.981124
-0.0364074
-0.00890652
0.00578143
2.00553

0.026

