0.920277
0.903924
0.570167
0.367478
0.239549
0.174444
0.0945449
0.048039
0.048039
0.048039
0.048039
0.048039
0.048039
0.0366572
0.0366572
0.0366572
0.0366572
0.0313222
0.0313222
0.0313222
0.0313222
0.028898
0.028898
0.028898
0.028898
0.028898
0.028898
0.0117927
0.0117927
0.0117927
0.0117927
0.0117927
0.0037026
0.0037026
0.0037026
0.0037026
0.0037026
0.0037026
0.0037026
0.0037026
0.0037026
0.0037026
0.0037026
0.0033063
0.0033063
0.0033063
0.0033063
0.0033063
0.0033063
0.0033063
0.00302406
0.00203501
0.00203501
0.00203501
0.00203501
0.00203501
0.00203501
0.00203501
0.00203501
0.00203501
0.00120372
0.00120372
0.00115191
0.00113038
0.00109324
0.00109324
0.00109324
0.00109324
0.00109324
0.00109324
0.00109324
0.000881576
0.000881576
0.000881576
0.000881576
0.000881576
0.000881576
0.000869922
0.000869922
0.000869922
0.00085776
0.00085776
0.00085776
0.00085776
0.000854538
0.000854538
0.000854538
0.000854538
0.000854299
0.000854299
0.0003484
0.0003484
0.0003484
0.000332192
0.000332192
0.000332192
0.000332192
0.000332192
0.000332192
0.000332192
0.000332192
0.000332192
0.000332192
0.000332192
0.000332192
0.000332192
0.000332192
0.000332192
0.000332192
0.000332192
0.000332192
0.000332192
0.00025329
0.00025329
0.00025329
5.89261e-05
5.89261e-05
5.89261e-05
5.89261e-05
5.89261e-05
5.89261e-05
5.89261e-05
5.89261e-05
5.89261e-05
5.89261e-05
5.89261e-05
3.67725e-05
3.2604e-05
3.2604e-05
3.2604e-05
3.2604e-05
3.2604e-05
3.2604e-05
3.2604e-05
3.2604e-05
3.2604e-05
3.2604e-05
3.2604e-05
3.2604e-05
3.2604e-05
2.68963e-05
2.68963e-05
2.68963e-05
2.68963e-05
2.68963e-05
2.68963e-05
2.68963e-05
2.68963e-05
2.68963e-05
2.68963e-05
2.68963e-05
2.68963e-05
2.68963e-05
2.68963e-05
2.68963e-05
2.68963e-05
2.68963e-05
2.68963e-05
2.68963e-05
2.68963e-05
2.68963e-05
2.68963e-05
2.68963e-05
2.68963e-05
2.68963e-05
2.68963e-05
2.68963e-05
2.68963e-05
2.68963e-05
2.68963e-05
2.68963e-05
2.68942e-05
2.68942e-05
2.68942e-05
2.68942e-05
2.67997e-05
2.67997e-05
2.67997e-05
2.67997e-05
2.67997e-05
2.67997e-05
2.67997e-05
2.67997e-05
2.67997e-05
2.67997e-05
2.67997e-05
2.67997e-05
2.36319e-05
2.36319e-05
2.36319e-05
2.36319e-05
2.29794e-05
2.29794e-05
2.29794e-05
2.29794e-05
2.29794e-05
2.29794e-05
2.29794e-05
1.93648e-05
1.82758e-05
1.82758e-05
1.82758e-05
1.82758e-05
1.82758e-05
1.82758e-05
1.82758e-05
1.82758e-05
1.46385e-05
1.46385e-05
1.46385e-05
1.46385e-05
1.46385e-05
1.41991e-05
8.38319e-06
6.95727e-06
6.95727e-06
6.95727e-06
6.95727e-06
1.53291e-06
1.53291e-06
1.53291e-06
1.53291e-06
1.53291e-06
1.53291e-06
1.53291e-06
1.53291e-06
1.53291e-06
1.53291e-06
1.53291e-06
1.53291e-06
1.53291e-06
1.53291e-06
1.53291e-06
1.53291e-06
1.53291e-06
1.53291e-06
1.53291e-06
1.53291e-06
1.53291e-06
1.53291e-06
1.53291e-06
1.53291e-06
1.53291e-06
1.53291e-06
1.53291e-06
1.53291e-06
1.53173e-06
1.53173e-06
1.53173e-06
1.52553e-06
1.52553e-06
1.52553e-06
1.52553e-06
1.52553e-06
1.52553e-06
1.52553e-06
1.52553e-06
1.52553e-06
1.52553e-06
1.52553e-06
1.52553e-06
1.52553e-06
1.52553e-06
1.52553e-06
1.52553e-06
1.52553e-06
1.51076e-06
1.51076e-06
1.41027e-06
1.41027e-06
1.41027e-06
1.41027e-06
1.41027e-06
1.41027e-06
1.26571e-06
1.26571e-06
1.26571e-06
1.26571e-06
1.21688e-06
1.21688e-06
1.13716e-06
1.13716e-06
1.13716e-06
1.13716e-06
1.13716e-06
1.13716e-06
1.13716e-06
1.13716e-06
1.13716e-06
1.13716e-06
1.13716e-06
1.13716e-06
1.13716e-06
1.13716e-06
1.13716e-06
1.13716e-06
1.13716e-06
1.13716e-06
1.13716e-06
1.13716e-06
1.13716e-06
1.13716e-06
1.13716e-06
1.13716e-06
1.13019e-06
1.13019e-06
1.13019e-06
1.13019e-06
1.13019e-06
1.13019e-06
1.13019e-06
1.13019e-06
1.13019e-06
1.13019e-06
1.13019e-06
1.13019e-06
1.13019e-06
1.13019e-06
1.13019e-06
1.13019e-06
1.13019e-06
1.12489e-06
1.12489e-06
1.12489e-06
1.12489e-06
1.12489e-06
1.12489e-06
1.12489e-06
1.12489e-06
1.12489e-06
1.12489e-06
1.12484e-06
1.12484e-06
1.1245e-06
1.1245e-06
1.1245e-06
1.11378e-06
1.11378e-06
1.11378e-06
1.11378e-06
1.11378e-06
1.10382e-06
1.10382e-06
1.10382e-06
1.10382e-06
1.10382e-06
1.10382e-06
1.10382e-06
1.10382e-06
1.10382e-06
1.10382e-06
1.10382e-06
1.10382e-06
1.10382e-06
1.10382e-06
1.10382e-06
1.10382e-06
1.10382e-06
1.10382e-06
1.10199e-06
1.10199e-06
1.08541e-06
1.08541e-06
1.08541e-06
1.08541e-06
1.08255e-06
1.08255e-06
1.08255e-06
1.08255e-06
1.08255e-06
1.08255e-06
1.08255e-06
1.08255e-06
1.08255e-06
1.08255e-06
1.08255e-06
1.08255e-06
1.08255e-06
1.08255e-06
1.08255e-06
1.08255e-06
1.08255e-06
1.08255e-06
1.08255e-06
1.08255e-06
1.08255e-06
1.08255e-06
1.08255e-06
1.08255e-06
1.08255e-06
1.08255e-06
1.08255e-06
1.08255e-06
1.08255e-06
1.08255e-06
1.08255e-06
1.08255e-06
1.08255e-06
1.08001e-06
1.08001e-06
1.08001e-06
1.08001e-06
1.08001e-06
1.08001e-06
1.08001e-06
1.08001e-06
1.08001e-06
1.08001e-06
1.08001e-06
1.08001e-06
1.08001e-06
1.08001e-06
1.08001e-06
1.08001e-06
1.08001e-06
1.08001e-06
1.08001e-06
1.08001e-06
1.08001e-06
1.08001e-06
1.08001e-06
1.08001e-06
1.08001e-06
1.08001e-06
1.08001e-06
1.08001e-06
1.08001e-06
1.08001e-06
1.08001e-06
1.08001e-06
1.08001e-06
1.08001e-06
1.08001e-06
1.08001e-06
1.08001e-06
1.08001e-06
1.08001e-06
1.08001e-06
1.08001e-06
1.08001e-06
1.08001e-06
1.08001e-06
1.08001e-06
1.07976e-06
1.07976e-06
1.07976e-06
1.07976e-06
1.07976e-06
1.07976e-06
1.07966e-06
1.07966e-06
1.07966e-06
1.07966e-06
1.07966e-06
1.07966e-06
1.07966e-06
1.07966e-06
1.07966e-06
1.07966e-06
1.07966e-06
7.77897e-07
7.77897e-07
7.77897e-07
7.77897e-07
7.77897e-07
7.77897e-07
7.77897e-07
7.77897e-07
7.77897e-07
7.77897e-07
4.13804e-07
4.13804e-07
4.13804e-07
4.13804e-07
1.1897e-07
1.1897e-07
1.1897e-07
1.1897e-07
1.1897e-07
1.1897e-07
1.1897e-07
1.1897e-07
1.16682e-07
1.16682e-07
1.16682e-07
1.16682e-07
1.16682e-07
1.16682e-07
1.16682e-07
1.16682e-07
1.16682e-07
1.16682e-07
1.14723e-07
1.14723e-07
1.14723e-07
1.14723e-07
1.14723e-07
1.14723e-07
1.14723e-07
1.14723e-07
1.14723e-07
1.14723e-07
1.14723e-07
1.14723e-07
1.14723e-07
1.14723e-07
1.14723e-07
1.14723e-07
1.14723e-07
1.14723e-07
1.14723e-07
1.14723e-07
1.14723e-07
1.14723e-07
1.14723e-07
1.14723e-07
1.14723e-07
1.14723e-07
1.14723e-07
1.14723e-07
1.14723e-07
1.14723e-07
1.14723e-07
1.14723e-07
1.14723e-07
1.14723e-07
1.14723e-07
1.14723e-07
1.14723e-07
1.14723e-07
1.10523e-07
1.10523e-07
1.10523e-07
1.10523e-07
1.10523e-07
1.10523e-07
1.10523e-07
1.10523e-07
1.10523e-07
1.10523e-07
1.10523e-07
1.10523e-07
1.10523e-07
1.10523e-07
1.10523e-07
1.10523e-07
1.10523e-07
1.08623e-07
1.08623e-07
1.08623e-07
1.08623e-07
1.08623e-07
1.08152e-07
1.08152e-07
1.08152e-07
1.08152e-07
1.08152e-07
1.08152e-07
1.08152e-07
1.08152e-07
1.07883e-07
1.06864e-07
1.06599e-07
1.06599e-07
1.06599e-07
1.06599e-07
1.06599e-07
1.06599e-07
1.06599e-07
1.06599e-07
8.85089e-08
8.85089e-08
8.85089e-08
8.85089e-08
8.85089e-08
7.90952e-08
7.7667e-08
7.7667e-08
7.7667e-08
7.71091e-08
7.68722e-08
7.68722e-08
7.68722e-08
7.68722e-08
7.68722e-08
7.68722e-08
7.68722e-08
7.68722e-08
7.68722e-08
7.67198e-08
7.67198e-08
7.67198e-08
7.67198e-08
7.67198e-08
7.67198e-08
7.67198e-08
7.67198e-08
7.67198e-08
7.67198e-08
7.67198e-08
7.67198e-08
7.67198e-08
7.67198e-08
7.67198e-08
7.67198e-08
7.67198e-08
7.67198e-08
7.67198e-08
7.63408e-08
7.63408e-08
7.63408e-08
7.53877e-08
7.53877e-08
7.53877e-08
7.53877e-08
7.53877e-08
7.53877e-08
7.53877e-08
7.53877e-08
7.53877e-08
7.53877e-08
7.53877e-08
7.53877e-08
7.53877e-08
7.53877e-08
7.53877e-08
7.42623e-08
7.42623e-08
7.38505e-08
7.38505e-08
7.31747e-08
7.31747e-08
7.31747e-08
7.31747e-08
7.31747e-08
7.31747e-08
7.31747e-08
7.31747e-08
7.31747e-08
7.31747e-08
7.31747e-08
7.31747e-08
7.31747e-08
7.31747e-08
7.31747e-08
7.31747e-08
7.31747e-08
7.31747e-08
7.31747e-08
7.31396e-08
7.31396e-08
7.31396e-08
7.31396e-08
4.09283e-08
4.09283e-08
4.09283e-08
4.09283e-08
4.09283e-08
4.09283e-08
4.09283e-08
4.09283e-08
4.09283e-08
4.09283e-08
4.09283e-08
4.09283e-08
4.09283e-08
4.09283e-08
4.09283e-08
4.09283e-08
3.90405e-08
3.90405e-08
3.90405e-08
3.90405e-08
3.90405e-08
3.90405e-08
3.90405e-08
3.90405e-08
3.90405e-08
3.90405e-08
3.90405e-08
3.90405e-08
3.90405e-08
3.90405e-08
3.90405e-08
3.90405e-08
3.8235e-08
3.8235e-08
3.8235e-08
3.8235e-08
3.8235e-08
3.8235e-08
3.8235e-08
3.8235e-08
3.59099e-08
3.59099e-08
3.59099e-08
3.59099e-08
3.57934e-08
3.57934e-08
3.57934e-08
3.57438e-08
3.57438e-08
3.55566e-08
3.55566e-08
3.4545e-08
3.4545e-08
3.4545e-08
3.4545e-08
3.45189e-08
3.44063e-08
3.44063e-08
3.44063e-08
3.44063e-08
3.44063e-08
3.44063e-08
3.44063e-08
3.44063e-08
3.44063e-08
3.44063e-08
3.44063e-08
3.44063e-08
3.44063e-08
3.40834e-08
3.40834e-08
3.40834e-08
3.40834e-08
3.40834e-08
3.40834e-08
3.40834e-08
3.40834e-08
3.40834e-08
3.40834e-08
3.40834e-08
3.40834e-08
3.40834e-08
3.40671e-08
3.39016e-08
3.39016e-08
3.39016e-08
3.39016e-08
3.39016e-08
3.39016e-08
3.39016e-08
3.39016e-08
3.39016e-08
3.39016e-08
3.39016e-08
3.39016e-08
3.39016e-08
3.39016e-08
3.39016e-08
3.37911e-08
3.37911e-08
3.37911e-08
3.37472e-08
3.37472e-08
3.37472e-08
3.37472e-08
3.37472e-08
3.37086e-08
3.37086e-08
3.37086e-08
3.37086e-08
3.37086e-08
3.37086e-08
3.37086e-08
3.37086e-08
3.37086e-08
3.37086e-08
3.37086e-08
3.37086e-08
3.37086e-08
3.37086e-08
3.37086e-08
3.37086e-08
3.36986e-08
3.36986e-08
3.36736e-08
3.36736e-08
3.36736e-08
3.36736e-08
3.36736e-08
3.36673e-08
3.36673e-08
3.36533e-08
3.36533e-08
3.36533e-08
3.36533e-08
3.36533e-08
3.36533e-08
3.36533e-08
3.36533e-08
3.36533e-08
3.36533e-08
3.36533e-08
3.36533e-08
3.36533e-08
3.36533e-08
3.36533e-08
3.36533e-08
3.3547e-08
3.3547e-08
3.3547e-08
3.3547e-08
3.3547e-08
3.3547e-08
3.3547e-08
3.3547e-08
3.3547e-08
3.3547e-08
3.3547e-08
3.3547e-08
3.3547e-08
3.3547e-08
3.34414e-08
3.34414e-08
3.34414e-08
3.34414e-08
3.34414e-08
3.34414e-08
3.34414e-08
3.34414e-08
3.34414e-08
3.34414e-08
3.34414e-08
3.34414e-08
3.34379e-08
3.34379e-08
3.34379e-08
3.34379e-08
3.34379e-08
3.34379e-08
3.34379e-08
3.34367e-08
3.34367e-08
3.34367e-08
3.34367e-08
3.34367e-08
3.34367e-08
3.34367e-08
3.33587e-08
3.33587e-08
3.33587e-08
3.33587e-08
3.33472e-08
3.33472e-08
3.33472e-08
3.33472e-08
3.33472e-08
3.33472e-08
3.33472e-08
3.33472e-08
3.33472e-08
3.33472e-08
3.33472e-08
3.33472e-08
3.33472e-08
3.33472e-08
3.33472e-08
3.33472e-08
3.33472e-08
3.33472e-08
3.33472e-08
3.33472e-08
3.33472e-08
3.33472e-08
3.33472e-08
3.33472e-08
3.33472e-08
3.33472e-08
3.33472e-08
3.33472e-08
3.33472e-08
3.33472e-08
3.33472e-08
3.33472e-08
3.33472e-08
3.33472e-08
3.33472e-08
3.33472e-08
3.33472e-08
3.33472e-08
3.33472e-08
3.33472e-08
3.33472e-08
3.33472e-08
3.33472e-08
3.33472e-08
3.33472e-08
3.33472e-08
3.33472e-08
3.33472e-08
3.33472e-08
3.33472e-08
3.33435e-08
3.33435e-08
3.33435e-08
3.33435e-08
3.33429e-08
3.33429e-08
3.33429e-08
3.33429e-08
3.33429e-08
3.33429e-08
3.33429e-08
3.33429e-08
3.33429e-08
3.33429e-08
3.33429e-08
3.33429e-08
3.33429e-08
3.33429e-08
3.33429e-08
3.33427e-08
3.33229e-08
3.33229e-08
3.33229e-08
3.33229e-08
3.33229e-08
3.33229e-08
3.33126e-08
3.33126e-08
3.33126e-08
3.33126e-08
3.33126e-08
3.33126e-08
3.33126e-08
3.33126e-08
3.33126e-08
3.33126e-08
3.33126e-08
3.33126e-08
3.33126e-08
3.33126e-08
3.33126e-08
3.33126e-08
3.33126e-08
3.33126e-08
3.33126e-08
3.33126e-08
3.33126e-08
3.33126e-08
3.33126e-08
3.33126e-08
3.33126e-08
3.33126e-08
3.33126e-08
3.33126e-08
3.33126e-08
3.33126e-08
3.33126e-08
3.33126e-08
3.33126e-08
3.33031e-08
3.33031e-08
3.33031e-08
3.33031e-08
3.33031e-08
3.33031e-08
3.33031e-08
3.33025e-08
3.19386e-08
3.19386e-08
3.19386e-08
3.19386e-08
3.19386e-08
3.19386e-08
3.19386e-08
3.19386e-08
3.19386e-08
3.19386e-08
3.19386e-08
3.19386e-08
3.19386e-08
3.19386e-08
3.19386e-08
3.19362e-08
3.19362e-08
3.19362e-08
3.19362e-08
3.19362e-08
3.19362e-08
3.19362e-08
3.19362e-08
3.19362e-08
3.19362e-08
3.19362e-08
3.19362e-08
3.1934e-08
3.1934e-08
3.1934e-08
3.1934e-08
3.1934e-08
3.1934e-08
3.1934e-08
3.1934e-08
3.1934e-08
3.1934e-08
3.1934e-08
3.1934e-08
3.1934e-08
3.1934e-08
3.1934e-08
3.1934e-08
3.1934e-08
3.1934e-08
3.1934e-08
3.1934e-08
3.1934e-08
3.19272e-08
3.19272e-08
3.19272e-08
3.19272e-08
3.19257e-08
3.19257e-08
3.19257e-08
3.19257e-08
3.19257e-08
3.19257e-08
3.19257e-08
3.19257e-08
3.19257e-08
3.1921e-08
3.1921e-08
3.1921e-08
3.19205e-08
3.19205e-08
3.19205e-08
3.19205e-08
3.19205e-08
3.19205e-08
3.19205e-08
3.19205e-08
3.19205e-08
3.19205e-08
3.19205e-08
3.19205e-08
3.19205e-08
3.19205e-08
3.19205e-08
3.19205e-08
3.19205e-08
3.19205e-08
3.19205e-08
3.19205e-08
3.19205e-08
3.19205e-08
3.19205e-08
3.19205e-08
3.19194e-08
3.19194e-08
3.19194e-08
3.19194e-08
3.19194e-08
3.19194e-08
3.19194e-08
3.19194e-08
3.19194e-08
3.19194e-08
3.19194e-08
3.19194e-08
3.19194e-08
3.19194e-08
3.19194e-08
3.19194e-08
3.19194e-08
3.19194e-08
3.19194e-08
3.19194e-08
3.19194e-08
3.19194e-08
3.19194e-08
3.19194e-08
3.19194e-08
3.19191e-08
3.19191e-08
3.19191e-08
3.19191e-08
3.19191e-08
3.19191e-08
3.19191e-08
3.19181e-08
3.19181e-08
3.19181e-08
3.19181e-08
3.19181e-08
3.19181e-08
3.19181e-08
3.19181e-08
3.19181e-08
3.19181e-08
3.19181e-08
3.19181e-08
3.19181e-08
3.19181e-08
3.19181e-08
3.19181e-08
3.19181e-08
3.19181e-08
3.19181e-08
3.1917e-08
3.1917e-08
3.1917e-08
3.1917e-08
3.1917e-08
3.1917e-08
3.1917e-08
3.1917e-08
3.1917e-08
3.1917e-08
3.1917e-08
3.1917e-08
3.1917e-08
3.1917e-08
3.1917e-08
3.1917e-08
3.1917e-08
3.1917e-08
3.1917e-08
3.1917e-08
3.1917e-08
3.1917e-08
3.1917e-08
3.1917e-08
3.1917e-08
3.1917e-08
3.1917e-08
3.1917e-08
3.1917e-08
3.1917e-08
3.1917e-08
3.19167e-08
3.19167e-08
3.19167e-08
3.19167e-08
3.19167e-08
3.19167e-08
3.19167e-08
3.19167e-08
3.19167e-08
3.19167e-08
3.19167e-08
3.19167e-08
3.19167e-08
3.19167e-08
3.19167e-08
3.19167e-08
3.19167e-08
3.19167e-08
3.19167e-08
3.19167e-08
3.19167e-08
3.19167e-08
3.19167e-08
3.19165e-08
3.19165e-08
3.19165e-08
3.19164e-08
3.19164e-08
3.19164e-08
3.19164e-08
3.19164e-08
3.19164e-08
3.19164e-08
3.19164e-08
3.19163e-08
3.19163e-08
3.19163e-08
3.19163e-08
3.19163e-08
3.19163e-08
3.19163e-08
3.19163e-08
3.19163e-08
3.19163e-08
3.19163e-08
3.19163e-08
3.19163e-08
3.19163e-08
3.19163e-08
3.19163e-08
3.19163e-08
3.19163e-08
3.19163e-08
3.19163e-08
3.19163e-08
3.19163e-08
3.19163e-08
3.19163e-08
3.19163e-08
3.19163e-08
3.19163e-08
3.19163e-08
3.19163e-08
3.19163e-08
3.19163e-08
3.19163e-08
3.19163e-08
3.19163e-08
3.19163e-08
3.19163e-08
3.19163e-08
3.19163e-08
3.19163e-08
3.19163e-08
3.19163e-08
3.19163e-08
3.19163e-08
3.19162e-08
3.19162e-08
3.19162e-08
3.19162e-08
3.19162e-08
3.19162e-08
3.19162e-08
3.19162e-08
3.19162e-08
3.19162e-08
3.19162e-08
3.19162e-08
3.19162e-08
3.19162e-08
3.19162e-08
3.19162e-08
3.19162e-08
3.19162e-08
3.19162e-08
3.19162e-08
3.19162e-08
3.19162e-08
3.19162e-08
3.19162e-08
3.19162e-08
3.19162e-08
3.19162e-08
3.19162e-08
3.19162e-08
3.19162e-08
3.19162e-08
3.19162e-08
3.19162e-08
3.19162e-08
3.19162e-08
3.19162e-08
3.19162e-08
3.19162e-08
3.19162e-08
3.19162e-08
3.19162e-08
3.19162e-08
3.19162e-08
3.19162e-08
3.19161e-08
3.19161e-08
3.19161e-08
3.19161e-08
3.19161e-08
3.19161e-08
3.19161e-08
3.19161e-08
3.1916e-08
3.1916e-08
3.1916e-08
3.1916e-08
3.1916e-08
3.1916e-08
3.1916e-08
3.1916e-08
3.1916e-08
3.1916e-08
3.1916e-08
3.1916e-08
3.19159e-08
3.19159e-08
3.19159e-08
3.19159e-08
3.19159e-08
3.19159e-08
3.19159e-08
3.19159e-08
3.19159e-08
3.19159e-08
3.19159e-08
3.19159e-08
3.19159e-08
3.19159e-08
3.19159e-08
3.19159e-08
3.19159e-08
3.19159e-08
3.19159e-08
3.19159e-08
3.19159e-08
3.19159e-08
3.19159e-08
3.19159e-08
3.19159e-08
3.19159e-08
3.19159e-08
3.19159e-08
3.19159e-08
3.19159e-08
3.19159e-08
3.19159e-08
3.19159e-08
3.19159e-08
3.19159e-08
3.19159e-08
3.19159e-08
3.19159e-08
3.19159e-08
3.19159e-08
3.19159e-08
3.19159e-08
3.19159e-08
3.19159e-08
3.19159e-08
3.19159e-08
3.19159e-08
3.19159e-08
3.19159e-08
3.19159e-08
3.19096e-08
3.19096e-08
3.19096e-08
3.19096e-08
3.19096e-08
3.19096e-08
3.19096e-08
3.19096e-08
3.19096e-08
3.19096e-08
3.19096e-08
3.19096e-08
3.19096e-08
3.19096e-08
3.19096e-08
3.19096e-08
3.19096e-08
3.19096e-08
3.19096e-08
3.19096e-08
3.19096e-08
3.19096e-08
3.19096e-08
3.19096e-08
3.19096e-08
3.19096e-08
3.19096e-08
3.19096e-08
3.19096e-08
3.19096e-08
3.19096e-08
3.19096e-08
3.19096e-08
3.19096e-08
3.19096e-08
3.19096e-08
3.19096e-08
3.19096e-08
3.19096e-08
3.19096e-08
3.19096e-08
3.19096e-08
3.19096e-08
3.19096e-08
3.19096e-08
3.19096e-08
3.19096e-08
3.19096e-08
3.19096e-08
3.19096e-08
3.19096e-08
3.19096e-08
3.19096e-08
3.19096e-08
3.19096e-08
3.19096e-08
3.19096e-08
3.19096e-08
3.19096e-08
3.19096e-08
3.19096e-08
3.19096e-08
3.19096e-08
3.19096e-08
3.19096e-08
3.19096e-08
3.19096e-08
3.19096e-08
3.19096e-08
3.19096e-08
3.19096e-08
3.19096e-08
3.19096e-08
3.19096e-08
3.19096e-08
3.19096e-08
3.19096e-08
3.19096e-08
3.19096e-08
3.19096e-08
3.19096e-08
3.19096e-08
3.19096e-08
3.19096e-08
3.19096e-08
3.19096e-08
3.19096e-08
3.19096e-08
3.19096e-08
3.19096e-08
3.19096e-08
3.19095e-08
3.19094e-08
3.19094e-08
3.19094e-08
3.19094e-08
3.19094e-08
3.19094e-08
3.19094e-08
3.19094e-08
3.19094e-08
3.19094e-08
3.19094e-08
3.19094e-08
3.19094e-08
3.19094e-08
3.19094e-08
3.19094e-08
3.19094e-08
3.19094e-08
3.19094e-08
3.19094e-08
3.19094e-08
3.19094e-08
3.19094e-08
3.19094e-08
3.19094e-08
3.19094e-08
3.19094e-08
3.19094e-08
3.19094e-08
3.19094e-08
3.19094e-08
3.19094e-08
3.19094e-08
3.19094e-08
3.19094e-08
3.19094e-08
3.19094e-08
3.19094e-08
3.19093e-08
3.19092e-08
3.19092e-08
3.19092e-08
3.19092e-08
3.19092e-08
3.19092e-08
3.19092e-08
3.19092e-08
3.19092e-08
3.19092e-08
3.19092e-08
3.19092e-08
3.19092e-08
3.19092e-08
3.19092e-08
3.19092e-08
3.19092e-08
3.19092e-08
3.19092e-08
3.19092e-08
3.19092e-08
3.19092e-08
3.19092e-08
3.19092e-08
3.19092e-08
3.19092e-08
3.19092e-08
3.19092e-08
3.19092e-08
3.19092e-08
3.19092e-08
3.19092e-08
3.19092e-08
3.19092e-08
3.19092e-08
3.19092e-08
3.19092e-08
3.19092e-08
3.19092e-08
3.19092e-08
3.19092e-08
3.19092e-08
3.19092e-08
3.19092e-08
3.19092e-08
3.19092e-08
3.19092e-08
3.19092e-08
3.19092e-08
3.19092e-08
3.19092e-08
3.19092e-08
3.19092e-08
3.19092e-08
3.19092e-08
3.19092e-08
3.19092e-08
3.19092e-08
3.19092e-08
3.19092e-08
3.19092e-08
3.19092e-08
3.19092e-08
3.19092e-08
3.19092e-08
3.19092e-08
3.19092e-08
3.19092e-08
3.19092e-08
3.19092e-08
3.19092e-08
3.19092e-08
3.19092e-08
3.19092e-08
3.19092e-08
3.19092e-08
3.19092e-08
3.19092e-08
3.19092e-08
3.1798e-08
3.1798e-08
3.1798e-08
3.1798e-08
3.1798e-08
3.1798e-08
3.1798e-08
3.1798e-08
3.1798e-08
3.1798e-08
3.1798e-08
3.1798e-08
3.1798e-08
3.1798e-08
3.1798e-08
3.1798e-08
3.1798e-08
3.1798e-08
3.1798e-08
3.1798e-08
3.1798e-08
3.1798e-08
3.1798e-08
3.1798e-08
3.1798e-08
3.1798e-08
3.1798e-08
3.1798e-08
3.1798e-08
3.1798e-08
3.1798e-08
3.1798e-08
3.1798e-08
3.1798e-08
3.1798e-08
3.1798e-08
3.17963e-08
3.17963e-08
3.17963e-08
3.17963e-08
3.17963e-08
3.17963e-08
3.17963e-08
3.17963e-08
3.17963e-08
3.17963e-08
3.17963e-08
3.17963e-08
3.17963e-08
3.17963e-08
3.17963e-08
3.17924e-08
3.17924e-08
3.17924e-08
3.17914e-08
3.17914e-08
3.17914e-08
3.17914e-08
3.17914e-08
3.17914e-08
3.17914e-08
3.1791e-08
3.1791e-08
3.1791e-08
3.1791e-08
3.1791e-08
3.17909e-08
3.17908e-08
3.17905e-08
3.17897e-08
3.17897e-08
3.17897e-08
3.17897e-08
3.17897e-08
3.17897e-08
3.17897e-08
3.17897e-08
3.17897e-08
3.17897e-08
3.17897e-08
3.17897e-08
3.17897e-08
3.17897e-08
3.17897e-08
3.17897e-08
3.17897e-08
3.17897e-08
3.17897e-08
3.17897e-08
3.17897e-08
3.17897e-08
3.17897e-08
3.17897e-08
3.17897e-08
3.17897e-08
3.17897e-08
3.17897e-08
3.17897e-08
3.17897e-08
3.17897e-08
3.17897e-08
3.17897e-08
3.17897e-08
3.17897e-08
3.17897e-08
3.17897e-08
3.17897e-08
3.17897e-08
3.17897e-08
3.17897e-08
3.17897e-08
3.17897e-08
3.17897e-08
3.17897e-08
3.17897e-08
3.17897e-08
3.17897e-08
3.17897e-08
3.17897e-08
3.17897e-08
3.17897e-08
3.17897e-08
3.17897e-08
3.17897e-08
3.17897e-08
3.17897e-08
3.17897e-08
3.17897e-08
3.17897e-08
3.17897e-08
3.17897e-08
3.17897e-08
3.17897e-08
3.17897e-08
3.17897e-08
3.17897e-08
3.17897e-08
3.17897e-08
3.17897e-08
3.17897e-08
3.17897e-08
3.17897e-08
3.17897e-08
3.17897e-08
3.17896e-08
3.17896e-08
3.17896e-08
3.17896e-08
3.17896e-08
3.17896e-08
3.17896e-08
3.17896e-08
3.17895e-08
3.17895e-08
3.17895e-08
3.17895e-08
3.17895e-08
3.17895e-08
3.17895e-08
3.17895e-08
3.17895e-08
3.17895e-08
3.17894e-08
3.17894e-08
3.17894e-08
3.17894e-08
3.17894e-08
3.17894e-08
3.17894e-08
3.17894e-08
3.17894e-08
3.17894e-08
3.17894e-08
3.17894e-08
3.17894e-08
3.17894e-08
3.17894e-08
3.17894e-08
3.17894e-08
3.17894e-08
3.17894e-08
3.17894e-08
3.17894e-08
3.17894e-08
3.17894e-08
3.17894e-08
3.17894e-08
3.17894e-08
3.17894e-08
3.17894e-08
3.17894e-08
3.17894e-08
3.17894e-08
3.17894e-08
3.17894e-08
3.17894e-08
3.17894e-08
3.17894e-08
3.17894e-08
3.17894e-08
3.17894e-08
3.17894e-08
3.17894e-08
3.17894e-08
3.17894e-08
3.17894e-08
3.17894e-08
3.17894e-08
3.17893e-08
3.17893e-08
3.17893e-08
3.17893e-08
3.17893e-08
3.17893e-08
3.17893e-08
3.17893e-08
3.17893e-08
3.17893e-08
3.17893e-08
3.17893e-08
3.17893e-08
3.17893e-08
3.17893e-08
3.17893e-08
3.17893e-08
3.17893e-08
3.17893e-08
3.17893e-08
3.17893e-08
3.17893e-08
3.17893e-08
3.17893e-08
3.17893e-08
3.17893e-08
3.17893e-08
3.17893e-08
3.17893e-08
3.17893e-08
3.17893e-08
3.17893e-08
3.17893e-08
3.17893e-08
3.17893e-08
3.17893e-08
3.17893e-08
3.17893e-08
3.17893e-08
3.17893e-08
3.17893e-08
3.17893e-08
3.17893e-08
3.17893e-08
3.17893e-08
3.17893e-08
3.17893e-08
3.17893e-08
3.17893e-08
3.17893e-08
3.17893e-08
3.17893e-08
3.17893e-08
3.17893e-08
3.17893e-08
3.17893e-08
3.17893e-08
3.17893e-08
3.17893e-08
3.17893e-08
3.17893e-08
3.17893e-08
3.17893e-08
3.17893e-08
3.17893e-08
3.17893e-08
3.17893e-08
3.17893e-08
3.17893e-08
3.17893e-08
3.17893e-08
3.17893e-08
3.17893e-08
3.17893e-08
3.17893e-08
3.17893e-08
3.17893e-08
3.17893e-08
3.17893e-08
3.17893e-08
3.17893e-08
3.17893e-08
3.17893e-08
3.17893e-08
3.17893e-08
3.17893e-08
3.17893e-08
3.17893e-08
3.17893e-08
3.17893e-08
3.17893e-08
3.17893e-08
3.17893e-08
3.17893e-08
3.17893e-08
3.17893e-08
3.17893e-08
3.17893e-08
3.17893e-08
3.17893e-08
3.17893e-08
3.17893e-08
3.17893e-08
3.17893e-08
3.17893e-08
3.17893e-08
3.17893e-08
3.17893e-08
3.17893e-08
3.17893e-08
3.17893e-08
3.17893e-08
3.17893e-08
3.17893e-08
3.17893e-08
3.17893e-08
3.17893e-08
3.17893e-08
3.17893e-08
3.17893e-08
3.17893e-08
3.17893e-08
3.17893e-08
3.17893e-08
3.17893e-08
3.17893e-08
3.17893e-08
3.17893e-08
3.17883e-08
3.17883e-08
3.17883e-08
3.17883e-08
3.17883e-08
3.17883e-08
3.17883e-08
3.17883e-08
3.17883e-08
3.17883e-08
3.17883e-08
3.17883e-08
3.17883e-08
3.17883e-08
3.17883e-08
3.17883e-08
3.17883e-08
3.17883e-08
3.17883e-08
3.17883e-08
3.17883e-08
3.17883e-08
3.17883e-08
3.17883e-08
3.17883e-08
3.17883e-08
3.17883e-08
3.17883e-08
3.17883e-08
3.17883e-08
3.17883e-08
3.17883e-08
3.17883e-08
3.17883e-08
3.17883e-08
3.17883e-08
3.17883e-08
3.17883e-08
3.17883e-08
3.17883e-08
3.17883e-08
3.17883e-08
3.17883e-08
3.17883e-08
3.17883e-08
3.17883e-08
3.17883e-08
3.17883e-08
3.17883e-08
3.17883e-08
3.17883e-08
3.17883e-08
3.17883e-08
3.17883e-08
3.17883e-08
3.17883e-08
3.17883e-08
3.17883e-08
3.17883e-08
3.17883e-08
3.17883e-08
3.17883e-08
3.17883e-08
3.17883e-08
3.17883e-08
3.17883e-08
3.17883e-08
3.17883e-08
3.17883e-08
3.17883e-08
3.17883e-08
3.17883e-08
3.17883e-08
3.17883e-08
3.17883e-08
3.17883e-08
3.17883e-08
3.17883e-08
3.17883e-08
3.17883e-08
3.17883e-08
3.17883e-08
3.17883e-08
3.17883e-08
3.17883e-08
3.17883e-08
3.17883e-08
3.17883e-08
3.17883e-08
3.17883e-08
3.17883e-08
3.17883e-08
3.17883e-08
3.17883e-08
3.17883e-08
3.17883e-08
3.17883e-08
3.17883e-08
3.17883e-08
3.17883e-08
3.17883e-08
3.17883e-08
3.17883e-08
3.17883e-08
3.17883e-08
3.17883e-08
3.17883e-08
3.17883e-08
3.17883e-08
3.17883e-08
3.17883e-08
3.17883e-08
3.17883e-08
3.17883e-08
3.17883e-08
3.17883e-08
3.17883e-08
3.17883e-08
3.17883e-08
3.17883e-08
3.17883e-08
3.17883e-08
3.17883e-08
3.17883e-08
3.17883e-08
3.17883e-08
3.17883e-08
3.17883e-08
3.17883e-08
3.17883e-08
3.17882e-08
3.17882e-08


2.86954e-05
-0.00287288
-0.00917781
-0.010683
0.0158918
0.02279
0.0228499
0.0231558
0.0224417
-0.0359589
0.00127188
-0.0511218
-0.0103372
-0.0105069
0.0493476
0.0665829
0.0668048
0.0917722
0.100547
0.0990816
0.0913248
0.0842787
-0.00316599
0.0290531
0.0768174
0.0702012
0.0713478
0.0616186
0.0987187
0.160038

0.021

