639.894
567.427
567.427
549.913
510.767
358.473
358.473
358.473
358.473
358.473
358.473
253.897
253.897
253.897
205.931
205.931
200.615
200.615
200.615
200.615
200.615
150.713
150.713
150.713
120.094
120.094
120.094
95.4475
95.4475
78.1434
78.1434
78.1434
78.1434
85.5695
85.5695
85.5695
85.5695
85.5695
85.5695
85.5695
85.5695
85.5695
85.5695
85.5695
85.5695
85.5695
85.5695
85.5695
85.5695
85.5695
85.5695
85.5695
85.5695
102.283
89.1249
89.1249
89.1249
79.3251
79.3251
79.3251
79.3251
79.3251
68.7835
68.7835
68.7835
68.7835
68.7835
68.7835
77.7217
77.7217
77.7217
77.7217
69.7978
69.7978
69.7978
69.7978
69.7978
69.7978
69.7978
69.7978
69.7978
69.7978
69.7978
69.7978
69.7978
69.7978
69.7978
69.7978
70.9352
70.9352
70.9352
70.9352
70.9352
70.3519
70.3519
70.3519
67.3863
66.3315
66.3315
66.3315
66.3315
66.3315
66.3315
66.3315
63.4274
63.4274
63.4274
63.4274
63.4274
58.9328
58.9328
58.9328
58.9328
58.9328
58.9328
58.9328
58.9328
58.9328
58.9328
58.9328
58.9328
56.8356
56.8356
56.8356
56.8356
56.8356
56.8356
56.8356
56.8356
56.8356
56.8356
56.8356
56.8356
53.3002
53.3002
53.3002
48.7601
48.7601
48.7601
48.7601
48.7601
48.7601
48.7601
48.7601
48.7601
48.7601
48.7601
48.7601
48.7601
48.7601
48.7601
48.7601
48.7601
48.7601
48.7601
48.7601
48.7601
48.7601
48.7601
48.7601
53.3002
53.3002
53.3002
53.3002
53.3002
53.3002
53.3002
53.3002
53.3002
53.3002
53.3002
53.3002
51.4471
51.4471
51.4471
51.4471
48.4414
48.4414
48.4414
46.4049
46.4049
46.4049
46.4049
46.4049
46.4049
45.1966
45.1966
45.1966
45.1966
45.1966
45.1966
45.1966
45.1966
45.1966
45.1966
45.1966
45.1966
45.1966
45.1966
45.1966
45.1966
45.1966
45.1966
45.1966
45.1966
47.038
47.038
47.038
41.7786
35.0719
35.0719
35.0719
35.0719
35.0719
35.0719
35.0719
35.0719
35.0719
35.0719
35.0719
35.0719
35.0719
35.0719
35.0719
35.0719
35.0719
35.0719
45.2472
45.2472
45.2472
45.2472
45.2472
45.2472
45.2472
45.2472
45.2472
45.2472
45.2472
37.5063
37.5063
37.5063
37.5063
37.5063
37.5063
37.5063
37.5063
37.5063
37.5063
37.5063
37.5063
37.5063
37.5063
37.5063
37.5063
37.5063
37.5063
37.5063
37.5063
37.5063
37.5063
37.5063
37.5063
37.5063
37.5063
37.5063
37.5063
37.5063
37.5063
37.5063
37.5063
37.5063
37.5063
37.5063
37.5063
37.5063
37.5063
37.5063
37.5063
37.5063
37.5063
37.5063
37.5063
37.5063
37.5063
37.5063
37.5063
37.5063
37.5063
37.5063
37.5063
37.5063
37.5063
39.2421
39.2421
39.2421
39.2421
39.2421
39.2421
39.2421
39.2421
39.2421
39.2421
39.2421
33.5901
33.5901
33.5901
33.5901
33.5901
33.5901
33.5901
33.5901
33.5901
33.5901
33.5901
33.5901
33.5901
33.5901
33.5901
34.9175
34.9175
34.9175
34.9175
34.9175
34.9175
34.9175
34.9175
34.9175
34.9175
34.9175
34.9175
34.9175
34.9175
33.9947
33.9947
33.9947
33.9947
33.9947
33.9947
33.9947
33.9947
33.9947
33.9947
33.9947
33.9947
33.9947
33.9947
33.9947
33.9947
33.9947
33.9947
33.9947
33.9947
33.9947
33.9947
34.2451
34.2451
34.2451
34.2451
34.2451
34.2451
34.2451
34.2451
34.2451
34.2451
34.2451
34.2451
34.2451
34.2451
34.2451
34.2451
35.2973
35.2973
35.2973
35.2973
35.2973
35.2973
35.2973
35.2973
35.2973
35.2973
35.2973
35.2973
35.2973
35.2973
35.2973
33.0105
33.0105
33.0105
33.0105
33.0105
33.0105
33.0105
33.0105
33.0105
33.0105
33.0105
33.0105
32.1861
32.1861
32.1861
32.1861
32.1861
32.1861
32.1861
32.1861
32.1861
32.1861
32.1861
28.61
28.61
28.61
28.61
28.61
28.61
28.61
28.8479
28.8479
28.8479
28.8479
28.8479
28.8479
28.8479
28.8479
28.8479
28.8479
28.8479
28.8479
28.8479
28.8479
28.8479
28.8479
28.8479
28.8479
28.8479
28.8479
28.8479
31.5242
31.5242
31.9144
31.9144
31.9144
31.9144
31.9144
31.9144
31.9144
31.9144
31.9144
31.9144
31.9144
31.9144
31.9144
31.9144
31.9144
31.9144
31.9144
31.9144
31.9144
31.9144
31.9144
31.9144
31.9144
31.9144
32.3026
32.3026
32.3026
32.3026
32.3026
32.3026
32.3026
32.3026
32.3026
32.3026
32.3026
32.3026
32.3026
32.3026
32.3026
32.3026
32.3026
30.4473
30.4473
30.4473
30.4473
30.4473
30.4473
30.4473
30.4473
30.4473
30.4473
30.4473
30.4473
30.4473
30.4473
30.4473
30.4473
30.4473
30.4473
30.0683
30.0683
30.0683
30.0683
30.0683
30.0683
30.0683
30.0683
30.0683
30.0683
30.0683
30.0683
30.0683
30.0683
30.0683
30.0683
30.0683
30.0683
30.0683
30.0683
30.0683
30.0683
30.0683
29.9654
29.9654
29.9654
29.9654
29.9654
29.9654
29.9654
29.9654
29.9654
29.9654
29.9654
29.9654
29.9654
29.9654
29.9654
29.9654
29.9654
29.9654
29.9654
29.9654
30.1696
30.1696
30.1696
30.1696
30.1696
30.1696
30.1696
30.1696
30.1696
30.1696
30.1696
29.4566
29.4566
29.4566
29.4566
29.4566
29.4566
29.4566
29.4566
29.4566
29.4566
29.4566
29.4566
29.4566
29.4566
29.4566
29.4566
29.4566
29.4566
29.4566
29.4566
29.4566
29.4566
29.4566
29.4566
28.6843
28.6843
28.6843
28.6843
28.6843
28.6843
26.9611
26.9611
26.9611
26.9611
26.9611
26.9611
26.9611
26.9611
26.9611
26.9611
26.9611
26.9611
26.9611
26.9611
26.9611
26.9611
26.9611
26.9611
26.9611
26.9611
26.9611
26.9611
26.9611
26.9611
26.9611
26.9611
26.9611
26.9611
26.9611
26.9611
26.9611
26.9611
26.9611
26.9611
26.9611
26.9611
26.9611
26.9611
26.9611
26.9611
26.9611
26.9611
26.9611
26.9611
26.9611
26.9611
26.9611
26.9611
26.9611
26.9611
26.9611
26.9611
24.7679
24.7679
24.7679
24.7679
24.7679
24.7679
24.7679
24.7679
24.7679
24.7679
24.7679
24.7679
24.7679
24.7679
24.7679
24.7679
24.7679
24.7679
24.7679
24.7679
24.7679
24.7679
24.7679
24.7679
24.7679
24.7679
24.7679
24.7679
24.7679
24.5816
24.5816
24.5816
24.5816
24.5816
24.5816
24.5816
24.5816
24.5816
24.5816
24.5816
24.5816
24.5816
24.5816
24.5816
24.5816
24.5816
24.5816
24.5816
24.5816
24.5816
24.5816
24.5816
24.5816
24.5816
24.5816
24.5816
24.5816
24.5816
24.5816
24.5816
24.5816
24.5816
24.5816
24.5816
24.8245
24.8245
24.8245
24.8245
24.8245
24.8245
24.8245
24.8245
24.8245
24.8245
24.8118
24.8118
24.8118
24.8118
24.8118
24.8118
24.8118
24.8118
24.0818
24.0818
24.0818
24.0818
24.0818
24.0818
24.0818
24.0818
24.0818
24.0818
24.0818
24.0818
24.0818
21.2109
21.2109
21.2109
21.2109
23.983
23.983
23.983
23.983
23.983
23.983
23.7488
23.7488
23.7488
23.7488
23.7488
23.7488
23.7488
23.7488
23.7488
22.1496
22.1496
22.1496
22.1496
22.1496
22.1496
22.1496
22.1496
22.1496
22.1496
22.1496
22.1496
22.1496
22.1496
22.1496
22.1496
22.1496
22.1496
22.1496
22.1496
22.1496
22.1496
22.1496
22.1496
22.1496
22.1496
22.1496
22.1496
22.1496
22.1496
22.1496
22.1496
22.1496
22.1496
22.1496
22.1496
22.1496
22.1496
22.1496
22.1496
22.1496
22.1496
22.1496
22.1496
22.1496
22.1496
22.1496
22.1496
22.1496
22.1496
22.1496
22.1496
22.1496
22.1496
22.1496
22.1496
22.1496
22.1496
22.1496
22.1496
22.1496
22.1496
22.1496
22.1496
22.1496
22.1496
22.1496
22.1496
22.1496
22.1496
22.1496
22.1496
22.1496
22.1496
22.1496
22.1496
22.1496
22.1496
22.1496
22.1496
22.1496
22.1357
22.1357
22.1357
22.1357
22.1357
22.1357
22.1357
22.1357
22.1357
22.1357
22.1357
22.1357
22.1357
22.1357
22.1357
22.1357
22.1357
22.0649
22.0649
22.0649
22.0649
22.0649
22.0649
22.0649
22.0649
22.0649
22.0649
22.0649
22.0649
22.0649
22.0649
19.7559
19.7559
19.7559
19.7559
19.7559
19.7559
19.7559
19.7559
19.7559
20.93
20.4517
20.4517
20.4517
20.4517
20.4517
20.4517
20.3637
20.3637
20.3637
20.3637
20.3637
20.3637
20.3452
20.3368
20.3368
20.3368
19.9547
19.9547
19.9547
19.9547
19.9547
19.9547
19.9547
19.9547
19.9547
19.9547
20.0615
20.0615
20.0615
20.0615
20.0615
20.0615
20.0615
20.0615
20.0615
20.0615
20.0615
20.0615
20.0615
20.0615
20.0615
20.0615
20.0615
20.0615
20.0615
20.0615
20.0615
20.0615
20.0615
20.0615
20.0615
20.0615
20.0615
19.3053
19.3053
19.3053
19.3053
19.3053
19.3053
19.3053
19.3053
19.3053
19.3053
19.1946
19.1946
19.1946
19.1946
19.1946
19.1946
19.1946
19.1946
19.3053
19.3053
19.3053
19.3053
19.3053
19.3053
19.3053
19.3053
19.3053
19.3053
19.3053
19.3053
19.3053
19.3053
19.3053
19.3053
18.9954
18.9954
18.9954
18.9954
18.9954
18.9954
15.367
15.367
15.367
15.367
15.367
15.367
15.3206
15.3206
15.3206
15.3206
15.3206
14.9162
14.9162
14.9162
14.9162
14.9162
14.9162
15.3206
15.3206
15.3206
15.3206
15.3206
15.3206
14.7268
14.7268
14.7268
14.7268
14.7268
14.7268
14.7268
14.7268
14.7268
14.7268
14.7268
14.7268
14.7268
14.7268
14.7268
14.7268
14.7268
14.7268
14.7268
14.7268
14.7268
15.6681
15.6681
15.6681
15.6681
15.6473
15.6473
15.6473
15.6473
15.6473
15.6473
15.6473
15.6473
15.6473
15.5465
15.5465
14.5325
14.0066
14.0066
14.0066
14.0066
14.0066
14.0066
14.0066
14.0066
14.0066
14.0066
14.0066
14.0066
14.0066
14.0066
14.0066
14.0066
14.0066
14.0066
14.0066
14.0066
14.0066
14.5325
14.5325
14.5325
14.5325
14.5325
14.5325
14.5325
14.5325
14.5325
14.5046
14.5046
14.2169
14.2169
14.2169
14.2169
14.2169
14.2169
14.2169
14.2169
14.2169
14.2169
14.2169
14.2169
14.2169
14.2169
14.2169
14.2169
14.2169
14.2169
14.2169
14.2169
14.2169
14.2169
14.2169
14.2169
14.2169
14.2169
14.2169
14.2169
14.2169
14.2169
14.2169
14.2169
12.8039
12.8039
12.8039
12.8039
12.8039
12.8039
12.2383
12.2383
12.2383
12.2383
12.2383
12.2383
12.2383
12.2383
12.2383
12.2383
12.2383
12.2383
12.2383
12.2383
12.2383
12.2383
12.2383
12.2383
12.2383
12.2383
12.2383
12.2383
12.2383
12.2383
12.2383
12.2383
12.2383
12.2383
12.2383
12.2383
12.2383
12.2383
12.2383
12.2383
12.2383
12.2383
12.2383
12.2383
12.2383
12.2383
12.2383
12.2383
12.2383
12.2383
12.2383
12.2383
12.2383
12.2383
12.2383
12.2383
12.2383
12.2383
12.2383
12.2383
12.2383
12.2383
12.2383
12.2383
12.2383
12.2383
13.9778
13.9778
13.9778
13.9778
13.9778
13.9778
13.9778
12.2824
12.2824
12.2824
11.7406
11.7406
11.7406
11.7406
11.7406
11.7406
11.7406
11.7406
11.7406
11.7406
11.7406
11.7406
11.7406
11.7406
11.7406
11.7406
11.7406
11.7406
11.7406
11.7406
11.7406
11.7406
11.7406
11.7406
11.7406
11.7406
12.2824
12.2824
12.2824
12.2824
12.2824
12.6304
12.6304
12.6304
12.6304
12.6304
12.6304
12.6304
12.6304
12.6304
12.6304
12.6304
12.6304
12.6304
12.6304
12.6304
12.6304
12.6304
12.6304
12.6304
12.6304
12.6304
12.6304
12.6304
12.6304
12.6304
12.6304
12.6304
12.6304
12.6304
12.6304
12.6304
12.6304
12.6304
12.6304
12.6304
12.6304
12.6304
12.6304
12.6304
12.6304
12.6304
12.6304
12.9164
12.9164
12.9164
12.9164
12.9164
12.9164
12.9164
12.9164
12.9164
12.9164
12.9164
13.213
13.213
13.213
13.213
13.213
13.213
13.213
13.213
11.9978
11.9978
11.9978
11.9978
11.9978
11.9978
11.9978
11.9978
11.9978
11.9978
12.987
12.9496
12.9496
12.9496
12.9496
12.9496
12.9496
12.8256
12.8256
12.1629
12.1629
12.1629
12.1629
12.1629
12.7691
12.7691
12.987
12.987
12.987
12.987
12.987
12.987
12.987
12.987
12.987
12.987
12.987
12.987
12.987
12.987
12.987
12.987
12.987
12.987
12.987
12.987
12.987
12.987
12.987
12.987
12.987
12.987
12.987
12.987
12.987
12.987
12.987
14.0206
14.0206
14.0206
14.0206
14.0206
14.0206
14.0206
14.0206
14.0206
14.0206
14.0206
14.0206
14.0206
12.9231
12.9231
12.9231
12.9231
12.9231
12.9231
12.9231
12.9231
12.9231
12.9231
12.9231
12.9231
12.9231
12.9231
13.8289
13.8289
13.8289
13.8289
13.5313
13.5313
13.5313
13.5313
13.5313
13.5313
13.5313
13.5313
13.5313
13.5313
13.5313
13.5313
13.5313
13.5313
13.5313
13.5313
13.5313
13.5313
13.5313
13.5313
13.5313
12.866
12.866
12.866
12.866
12.866
12.866
12.866
12.866
12.866
12.866
12.866
12.866
12.866
12.866
10.6268
10.6268
10.6268
10.6268
10.6268
10.6268
10.6268
10.6268
10.6268
10.6268
10.6268
10.6268
10.6268
11.4865
11.4865
11.4865
11.4865
11.4865
11.4865
11.4865
11.4865
11.4865
11.4865
11.4865
11.4865
11.4865
11.4865
11.4865
11.4865
11.4865
11.4865
11.4865
11.4865
11.4865
11.4865
11.4865
11.4865
11.4865
11.4865
11.4865
11.4865
13.9687
13.9687
13.9687
13.9687
13.9687
13.9687
13.9687
13.9687
13.9687
13.9687
13.9687
13.9687
13.9687
13.9687
13.9687
13.9687
13.9687
13.9687
13.9496
13.9496
13.9496
13.9496
13.9496
13.9496
13.9496
13.2626
13.2626
13.2626
13.2626
13.2626
12.6521
12.6521
12.6521
12.6521
12.6521
12.6521
10.4704
10.4704
10.4704
10.4704
10.4704
10.4704
10.4704
10.1223
10.1223
10.1223
10.1223
10.1223
9.66097
9.66097
9.66097
9.66097
9.66097
9.66097
9.66097
9.66097
9.66097
9.66097
9.66097
9.66097
9.66097
9.66097
9.66097
9.66097
9.66097
9.66097
9.66097
9.66097
9.66097
9.66097
9.66097
11.0399
11.0399
11.0399
11.0399
11.0399
11.0399
11.0399
11.0399
11.1299
11.1299
11.1299
11.1299
11.1299
11.1299
11.1299
11.1299
9.97666
9.97666
9.97666
9.97666
9.97666
9.97666
9.97666
9.97666
9.97666
9.97666
9.97666
9.97666
9.97666
9.97666
9.97666
9.97666
9.97666
9.97666
9.97666
9.97666
9.97666
9.97666
9.97666
9.97666
9.97666
9.97666
9.97666
9.97666
9.97666
9.84914
9.84914
9.84914
9.84914
9.84914
9.84914
9.84914
9.84914
9.84914
9.84914
9.84914
9.84914
9.84914
10.3765
10.3765
10.3765
10.3632
10.3632
10.3632
10.3632
10.3632
10.3632
10.3632
10.3632
10.3632
10.1893
10.1893
10.1893
10.1893
10.1893
10.1893
10.1893
9.79577
9.79577
9.79577
9.79577
9.79577
9.79577
9.79577
9.79577
9.79577
9.79577
9.79577
9.79577
9.79577
9.79577
9.79577
9.79577
9.79577
9.79577
9.79577
9.79577
9.79577
9.79577
9.79577
9.79577
9.79577
9.79577
9.79577
9.79577
9.79577
9.79577
9.79577
9.79577
9.79577
9.79577
9.79577
9.79577
9.79577
9.79577
9.79577
9.79577
9.79577
11.4447
11.4447
11.4447
11.4447
11.4447
11.4447
11.4447
11.4447
11.4447
11.4447
11.4447
11.4447
11.4447
11.685
11.685
11.685
11.685
10.9439
10.9439
10.9439
10.9439
10.9439
10.9439
10.9439
10.9439
10.9439
10.9439
11.5014
11.5014
11.5014
11.5014
11.5014
11.4075
11.4075
11.4075
11.4075
11.2898
11.2898
11.2898
11.2898
11.0945
11.0945
11.0945
11.0945
11.0945
11.0945
11.0945
11.5014
11.5014
11.5014
11.5014
11.5014
11.5014
11.5014
11.5014
11.5014
11.5014
11.5014
10.3013
10.3013
10.3013
10.3013
10.3013
10.3013
10.3013
10.3013
10.3013
10.3013
10.3013
10.3013
10.3013
10.3013
10.3013
10.3013
10.3013
10.3013
10.3013
10.3013
10.3013
10.3013
10.3013
10.3013
10.3013
10.3013
11.7026
11.7026
11.7026
11.7026
11.7026
11.7026
11.7026
11.7026
11.7026
11.7026
11.7026
11.7026
11.7026
11.6726
11.6726
11.6726
11.6726
11.6726
11.6726
11.6726
11.6726
11.6726
11.6726
11.6726
11.6726
11.6726
11.6726
11.6726
11.6726
11.6726
11.6726
11.6726
11.6335
11.6335
11.6335
11.6335
11.6335
11.6335
11.6335
11.6335
11.6335
11.6335
11.6335
11.6335
11.6335
11.6335
11.6335
11.6335
11.6335
10.6978
10.6978
10.6978
10.6978
10.6978
10.6978
10.6978
10.6978
10.6978
10.6978
10.6978
10.6978
10.2395
10.2395
10.2395
10.2395
10.2395
10.2395
10.2395
10.2395
9.49559
9.49559
9.49559
9.49559
9.49559
9.49559
9.49559
9.49559
9.49559
9.49559
9.49559
9.49559
9.49559
9.49559
9.49559
9.49559
9.49559
9.49559
9.49559
9.49559
9.49559
9.49559
9.49559
9.63386
9.63386
9.63386
9.61436
9.61436
9.0567
9.0567
9.0567
9.0567
9.0567
9.0567
9.0567
9.0567
9.0567
9.0567
8.58659
8.58659
8.58659
8.58659
8.58659
8.58659
8.58659
8.58659
8.58659
8.58659
8.58659
8.58659
8.58659
8.58659
8.58659
8.58659
8.58659
8.58659
8.58659
8.58659
8.58659
8.58659
8.58659
8.58659
8.58659
8.58659
9.5588
9.5588
9.5588
9.5588
9.5588
9.5588
9.5588
10.5267
10.5267
10.5267
10.5267
10.5267
10.5267
10.5267
10.5267
11.5728
11.5728
11.5728
11.5728
11.5728
11.5728
11.3727
11.3727
11.3727
11.1729
11.1729
11.1729
11.1729
11.1729
10.4152
10.4152
10.4152
10.4152
10.4152
10.4152
10.4152
10.4152
10.4152
10.4152
10.4152
10.4152
10.4152
10.4152
10.4152
10.4152
10.4152
10.4152
10.4152
10.4152
10.4152
10.4152
10.4152
10.4152
10.4152
10.4152
10.4152
9.29453
9.29453
9.29453
9.29453
9.29453
9.29453
9.29453
9.29453
9.22764
9.22764
9.22764
9.22764
9.22764
9.22764
9.22764
9.22764
9.22764
9.22764
9.22764
9.22764
9.22764
9.22764
9.22764
9.22764
9.22764
9.22764
9.22764
9.22764
9.38253
9.08949
9.08949
9.08949
9.08949
9.08949
8.68721
8.68721
8.68721
8.68721
8.68721
7.65075
7.55018
7.55018
7.55018
7.55018
7.55018
7.55018
7.55018
7.55018
7.55018
7.55018
7.55018
7.55018
7.55018
7.55018
7.55018
7.55018
8.39164
8.39164
8.39164
8.39164
8.39164
8.39164
8.39164
8.39164
8.39164
8.39164
8.39164
8.39164
8.39164
8.39164
8.39812
8.39812
8.39812
8.39812
9.49176
9.49176
9.49176
9.49176
9.49176
9.49176
9.49176
9.49448
9.46559
9.46559
9.46559
9.46559
9.46559
9.15756
9.15756
9.15756
9.15756
9.15756
9.15756
9.15756
9.15756
9.15756
9.15756
9.15756
9.15756
9.15756
9.15756
9.15756
9.15756
8.68141
8.68141
8.68141
8.68141
8.68141
8.68141
8.68141
8.68141
8.68141
8.68141
8.68141
8.68141
8.68141
8.68141
8.68141
8.68141
8.68141


-63.4526
20.7308
-21.0001
10.7027
12.7769
28.2174
12.0892
-46.3767
12.3015
-45.5994
-20.2531
6.71732
-19.5559
48.7646
-31.165
-8.06323
9.47176
-15.1945
2.07223
-15.0396
45.3943
-35.5584
-4.32504
9.86894
-1.66707
-35.9123
33.6771
68.5153
-7.63619
16.6924

0.026

