0.598059
0.598059
0.598059
0.598059
0.598059
0.598059
0.598059
0.598059
0.598059
0.598059
0.506297
0.506297
0.506297
0.506297
0.506297
0.506297
0.506297
0.506161
0.506161
0.506161
0.506161
0.506161
0.234692
0.234692
0.234692
0.234692
0.234692
0.108965
0.108965
0.108965
0.108965
0.108965
0.108965
0.108965
0.108965
0.108965
0.108956
0.108956
0.108956
0.108933
0.108933
0.108933
0.108933
0.108933
0.10893
0.10893
0.10893
0.10893
0.10893
0.10893
0.10893
0.10893
0.108928
0.108928
0.108928
0.108928
0.108928
0.108928
0.108928
0.108928
0.108928
0.108928
0.108928
0.108928
0.108928
0.108928
0.108928
0.108928
0.108928
0.108928
0.108928
0.108928
0.108928
0.108928
0.108928
0.108928
0.108928
0.108792
0.108792
0.108792
0.108792
0.108792
0.108792
0.108792
0.108792
0.108792
0.108792
0.108792
0.108792
0.108792
0.108792
0.108792
0.108792
0.108792
0.108792
0.108792
0.108792
0.108792
0.108575
0.108575
0.108575
0.108575
0.108575
0.108575
0.093196
0.0931949
0.0931949
0.0931949
0.0931949
0.0931949
0.0931949
0.0931949
0.0505036
0.0505036
0.0505036
0.0505036
0.0505036
0.0505036
0.0505036
0.0505036
0.0505036
0.0505036
0.0380556
0.0380556
0.0380556
0.0380556
0.0380556
0.0380556
0.0380556
0.0380556
0.0380556
0.0380556
0.0380348
0.0380348
0.0380348
0.0332166
0.0332166
0.0332166
0.0332166
0.0332166
0.0328427
0.0328427
0.0328427
0.0328427
0.0328427
0.0328427
0.0328427
0.0328427
0.0328427
0.0328427
0.0328427
0.0328427
0.0328319
0.0328319
0.0328319
0.0328319
0.0328319
0.0328319
0.0328319
0.0328319
0.0328129
0.0328129
0.0328129
0.0328036
0.0111254
0.0111254
0.0111241
0.0111241
0.0111241
0.00587207
0.00587207
0.00587207
0.00587207
0.00587207
0.00587207
0.00583293
0.00583293
0.00583293
0.00583293
0.00583293
0.00583293
0.00583293
0.00583293
0.00583293
0.00583169
0.00583169
0.00583169
0.00583169
0.00583169
0.00583169
0.00583169
0.00583169
0.00583169
0.00583169
0.00583169
0.00583169
0.00583169
0.00583169
0.00580642
0.00580642
0.00580642
0.00580642
0.00580642
0.00580642
0.00580642
0.00580642
0.00580642
0.00580642
0.00580642
0.00580642
0.00580642
0.00580642
0.00580642
0.00580642
0.00580642
0.00580642
0.00580642
0.00580642
0.00580642
0.00580642
0.00580642
0.00580642
0.00580642
0.00580642
0.00580642
0.00580642
0.00578743
0.00577005
0.00577005
0.00577005
0.00577005
0.00577005
0.00577005
0.00577005
0.00577005
0.00571639
0.00571639
0.00571639
0.00571639
0.00571639
0.00571639
0.00571639
0.00571639
0.00571639
0.00571639
0.00571639
0.00571639
0.00571639
0.00571639
0.00571639
0.00571639
0.00571639
0.00571639
0.00571639
0.00571639
0.00571639
0.00571639
0.00571639
0.00571639
0.00571639
0.00571639
0.00571639
0.00571639
0.00571639
0.00571639
0.00571639
0.00571639
0.00571639
0.0056974
0.0056974
0.0056974
0.0056974
0.0056974
0.0056974
0.0056974
0.0056974
0.0056974
0.0056974
0.0056974
0.0056974
0.0056789
0.0056789
0.0056789
0.0056789
0.0056702
0.0056702
0.0056702
0.0056702
0.0056702
0.0056702
0.0056702
0.0056702
0.0056702
0.0056702
0.0056702
0.0056702
0.0056702
0.0056702
0.0056702
0.0056702
0.0056702
0.0056702
0.0056702
0.0056702
0.0056702
0.0056702
0.0056702
0.0056702
0.0056702
0.0056702
0.0056702
0.0056702
0.0056702
0.0056702
0.0056702
0.0056702
0.0056702
0.0056702
0.0056702
0.0056702
0.0056702
0.0056702
0.0056702
0.0056702
0.0056702
0.0056702
0.0056702
0.0056702
0.0056702
0.0056702
0.0056702
0.0056702
0.00566801
0.00566801
0.00566801
0.00553475
0.00553475
0.00553475
0.00553475
0.00553475
0.00553475
0.00553475
0.00553475
0.00553475
0.00553475
0.00553475
0.00553475
0.00553475
0.00553475
0.00553475
0.00553475
0.00553475
0.00553475
0.00553475
0.00553475
0.00553475
0.00544473
0.00544473
0.00544473
0.00544473
0.00544473
0.00544473
0.00544473
0.00544473
0.00544473
0.00544473
0.00544473
0.00544473
0.00544473
0.00544473
0.00544473
0.00528158
0.00528158
0.00528158
0.00528158
0.00528158
0.00528158
0.00528158
0.00528158
0.00528158
0.00528158
0.00528158
0.00528158
0.00528158
0.00528158
0.00528158
0.00528158
0.00528158
0.00514542
0.00514542
0.00514542
0.00514542
0.00514542
0.00514542
0.00514542
0.00514542
0.00514542
0.00514542
0.00514542
0.00514542
0.00514542
0.00514542
0.00514542
0.00514542
0.00514542
0.00514542
0.00514542
0.00514542
0.00514542
0.00514542
0.00514542
0.00514542
0.00514542
0.00514542
0.00514542
0.00505022
0.00505022
0.00505022
0.00505022
0.00495676
0.00495676
0.00495676
0.00495676
0.00495676
0.00495676
0.00495676
0.00474023
0.00474023
0.00474023
0.00474023
0.00166728
0.00166728
0.00166728
0.00166728
0.00166728
0.00166728
0.00166728
0.00166728
0.00166728
0.00166728
0.00140521
0.00140521
0.00140521
0.00140521
0.00123873
0.00123873
0.00123873
0.00122021
0.00122021
0.00122021
0.00122021
0.00122021
0.00122021
0.00122021
0.00122021
0.00122021
0.00122021
0.00100916
0.00100916
0.00100916
0.00100916
0.00100916
0.00100916
0.000995463
0.000995463
0.000995463
0.000995463
0.000976854
0.000976854
0.000976854
0.000947833
0.000947833
0.000947833
0.000755282
0.000755282
0.000755247
0.000755247
0.000755247
0.000755247
0.000755247
0.000755247
0.000755247
0.000755247
0.000755247
0.000755201
0.000755201
0.000755201
0.000755201
0.000755201
0.000755201
0.000755201
0.000755201
0.000755201
0.000755201
0.000755201
0.000755201
0.000744309
0.000744309
0.000737982
0.000737982
0.000737982
0.000737982
0.000737982
0.000737982
0.000737982
0.000737982
0.000736831
0.000736703
0.000736703
0.000736703
0.000736703
0.000736703
0.000736703
0.000736703
0.000736703
0.000723142
0.000723142
0.000723142
0.000723142
0.000723142
0.000723142
0.000723142
0.000723142
0.000723142
0.000723142
0.000723142
0.000723142
0.000723142
0.000723142
0.000723142
0.000723142
0.000723142
0.000723142
0.000723142
0.000723142
0.000723142
0.000723142
0.000723142
0.000723142
0.000723142
0.000723142
0.000721884
0.000721884
0.000721884
0.000703306
0.000703306
0.000703306
0.000703306
0.000703306
0.000703306
0.000703306
0.000703306
0.000703306
0.00070276
0.00070276
0.000702759
0.000702759
0.000702759
0.000702759
0.000702759
0.000702759
0.000702759
0.000702759
0.000702759
0.000702759
0.000702759
0.000702759
0.000702759
0.000702759
0.000702759
0.000702759
0.000702759
0.000702759
0.000702759
0.000702759
0.000702759
0.000702759
0.000702759
0.000702759
0.000702759
0.000702759
0.000702759
0.000702759
0.000702759
0.000702759
0.000702759
0.000702759
0.000702759
0.000702759
0.000702759
0.000702759
0.000702759
0.000702759
0.000702759
0.000702759
0.000702759
0.000702759
0.000702759
0.000702759
0.000702759
0.000702759
0.000702759
0.000702759
0.000702759
0.000702759
0.000702759
0.000702759
0.000702759
0.000702759
0.000702759
0.000702759
0.000702759
0.000702759
0.000702759
0.000702759
0.000702759
0.000702759
0.000702759
0.000702759
0.000702759
0.000702759
0.000702759
0.000698702
0.000698702
0.000698702
0.000698702
0.000698702
0.000698702
0.000698701
0.000696817
0.000696817
0.000696817
0.000696817
0.000696817
0.000696817
0.000696817
0.000696817
0.000696817
0.000696817
0.000696817
0.000696817
0.000696817
0.000696817
0.000696817
0.000696817
0.000696817
0.000696817
0.000696817
0.000696817
0.000696817
0.000696817
0.000683255
0.000683255
0.000683255
0.000683255
0.000683255
0.000683255
0.000683255
0.000683255
0.000683255
0.000683255
0.000683255
0.000683255
0.000683255
0.000677313
0.000677313
0.000677313
0.000677313
0.000677313
0.000677313
0.000677313
0.000677313
0.000677313
0.000677313
0.000677313
0.000677313
0.000677313
0.000677313
0.000677313
0.000677313
0.000677313
0.000677313
0.000677313
0.000677313
0.000677313
0.000677313
0.000677313
0.000677313
0.000677313
0.000677313
0.000677313
0.000677313
0.000677313
0.000677313
0.000677313
0.000677313
0.000677313
0.000677313
0.000677313
0.000677313
0.000677313
0.000677313
0.000677313
0.000677313
0.000677313
0.000677313
0.000677313
0.000677313
0.000677313
0.000677313
0.000677313
0.000677313
0.000677313
0.000677312
0.000677312
0.000677312
0.000677312
0.000677312
0.000677312
0.000677312
0.000677312
0.000677312
0.000677312
0.000677312
0.000677312
0.000677312
0.000677312
0.000677312
0.000677312
0.000677312
0.000677312
0.000677312
0.000677312
0.000677312
0.000677312
0.000677312
0.000677312
0.000677312
0.000677312
0.000677312
0.000677312
0.000677312
0.000677312
0.000677312
0.000677312
0.000677312
0.000633151
0.000633151
0.000613646
0.000613646
0.000613646
0.000613646
0.000613646
0.000613646
0.000613646
0.000613646
0.000613646
0.000613646
0.000613646
0.000613646
0.000613646
0.000613646
0.000613646
0.000613646
0.000613646
0.000613646
0.000613646
0.000613646
0.000613646
0.000613646
0.000613646
0.000613646
0.000613646
0.000613646
0.000613646
0.000613646
0.000613646
0.000613646
0.000613646
0.000613646
0.000613646
0.000613646
0.000613646
0.000613646
0.000613646
0.000613646
0.000613646
0.000613646
0.000613646
0.000613646
0.000613646
0.000613646
0.000613646
0.000613646
0.000613646
0.000613646
0.000613645
0.000613645
0.000613644
0.000613644
0.000613644
0.000613644
0.000613644
0.000613644
0.000613644
0.000613644
0.000613644
0.000613644
0.000613644
0.000613644
0.000613644
0.000613644
0.000613644
0.000613644
0.000613644
0.000613644
0.000613644
0.000613644
0.000613644
0.000613643
0.000613643
0.000613643
0.000613643
0.000613643
0.000613643
0.000613643
0.000613643
0.000613643
0.000613643
0.000613643
0.000613643
0.000613643
0.000613643
0.000613643
0.000613643
0.000613643
0.000613643
0.000613639
0.000613639
0.000613639
0.000613639
0.000613639
0.000613639
0.000613639
0.000613639
0.000613639
0.000613639
0.000613639
0.000613639
0.000613639
0.000613639
0.000613639
0.000613639
0.000613639
0.000613639
0.000613639
0.000613639
0.000613639
0.000613639
0.000613639
0.000613639
0.000613639
0.000613639
0.000613639
0.000613639
0.000613639
0.000613639
0.000613639
0.000613639
0.000613639
0.000613638
0.000613638
0.000613638
0.000613638
0.000613638
0.000613638
0.000613638
0.000613638
0.000613638
0.000613638
0.000613638
0.000613638
0.000613638
0.000613638
0.000613638
0.000613638
0.000613638
0.000613638
0.000613638
0.000613638
0.000613638
0.000613638
0.000613638
0.000613638
0.000613638
0.000613637
0.000613637
0.000613636
0.000613636
0.000613636
0.000613636
0.000613636
0.000613636
0.000613636
0.000613636
0.000613636
0.000613636
0.000613636
0.000613636
0.000613636
0.000613636
0.000613636
0.000613636
0.000613635
0.000613635
0.000613635
0.000613635
0.000613634
0.000613634
0.000613634
0.000613634
0.000613634
0.000613634
0.000613634
0.000613634
0.000613634
0.000613634
0.000613634
0.000613634
0.000613634
0.000613634
0.000613634
0.000613634
0.000613634
0.000613634
0.000613634
0.000613634
0.000613634
0.000613634
0.000613634
0.000613634
0.000613634
0.000613634
0.000613634
0.000613634
0.000613634
0.000613634
0.000613634
0.000613609
0.000613609
0.000613609
0.000613609
0.000613609
0.000613609
0.000613609
0.000613609
0.000613609
0.000613609
0.000613609
0.000613609
0.000613609
0.000613609
0.000613609
0.000613609
0.000613609
0.000613609
0.000613609
0.000613609
0.000613609
0.00061348
0.00061348
0.00061348
0.00061348
0.00061348
0.00061348
0.00061348
0.00061348
0.00061348
0.00061348
0.00061348
0.00061348
0.00061348
0.00061348
0.00061348
0.00061348
0.00061348
0.00061348
0.00061348
0.00061348
0.00061348
0.00061348
0.00061348
0.00061348
0.00061348
0.00061348
0.000613446
0.000613446
0.000613446
0.000613446
0.000613446
0.000613446
0.000613446
0.000613446
0.000613446
0.000613445
0.000613445
0.000613445
0.000613445
0.000613445
0.000613445
0.000613445
0.000613445
0.000613437
0.000613437
0.000613437
0.000613437
0.00061287
0.00061287
0.00061287
0.00061287
0.00061287
0.00061287
0.00061287
0.00061287
0.000612863
0.000612863
0.000612863
0.000612863
0.000612863
0.000612863
0.000612863
0.000612863
0.000612863
0.000612863
0.000612863
0.000612863
0.000612863
0.000612863
0.000612863
0.000612862
0.000612862
0.000612862
0.000612862
0.000612862
0.000612862
0.000612862
0.000612862
0.000612836
0.000612828
0.000612828
0.000612828
0.000612828
0.000612828
0.000612828
0.000612828
0.000612828
0.000612828
0.000612706
0.000612667
0.000612665
0.00060994
0.00060994
0.00060994
0.00060994
0.00060994
0.00060994
0.00060994
0.00060994
0.00060994
0.00060994
0.00060994
0.00060994
0.00060994
0.000609939
0.000609939
0.000609939
0.000609939
0.000609939
0.000609939
0.000609939
0.000609939
0.000609939
0.000609939
0.000609939
0.000609939
0.000609939
0.000609939
0.000609939
0.0006092
0.0006092
0.000609004
0.000609004
0.000609004
0.000609004
0.000609004
0.000609004
0.000609004
0.000609004
0.000609004
0.000609004
0.000609004
0.000609004
0.000609004
0.000609004
0.000609004
0.000609004
0.000609004
0.000609004
0.000609004
0.000609004
0.000609004
0.000609004
0.000609004
0.000609004
0.000609004
0.000609004
0.000609004
0.000609004
0.000609004
0.000609004
0.000609004
0.000609004
0.000609004
0.000609004
0.000609004
0.000609004
0.000609004
0.000609004
0.000609004
0.000609004
0.000609004
0.000609004
0.000609004
0.000609004
0.000609004
0.000609004
0.000609004
0.000609004
0.000609004
0.000609004
0.000609004
0.000609004
0.000609004
0.000609004
0.000609004
0.000609004
0.000609004
0.000609004
0.000609004
0.000609004
0.000609004
0.000609004
0.000609004
0.000609004
0.000609004
0.000609004
0.000609004
0.000609004
0.000609004
0.000609004
0.000609004
0.000609004
0.000609004
0.000609004
0.000609004
0.000609004
0.000609004
0.000609004
0.000609004
0.000609004
0.000609004
0.000609004
0.000609004
0.000609004
0.000609004
0.000609004
0.000609003
0.000609003
0.000609003
0.000609003
0.000609003
0.000609003
0.000609003
0.000609003
0.000609003
0.000609003
0.000609003
0.000609003
0.000609003
0.000609003
0.000609003
0.000609003
0.000609003
0.000609003
0.000609003
0.000609003
0.000609003
0.000609003
0.000609003
0.000609003
0.000609003
0.000609003
0.000609003
0.000609003
0.000609003
0.000609003
0.000609003
0.000609003
0.000609003
0.000609003
0.000609003
0.000609003
0.000609003
0.000609003
0.000609003
0.000609003
0.000609003
0.000609003
0.000609003
0.000607261
0.000607261
0.000607261
0.000607261
0.000607261
0.000607261
0.000607261
0.000607261
0.000607261
0.000607261
0.000607261
0.000607261
0.000607261
0.000607261
0.000607261
0.000607261
0.000607261
0.000607261
0.000607261
0.000607261
0.000607261
0.000607261
0.000607261
0.000607261
0.000607261
0.000607261
0.00060726
0.00060726
0.00060726
0.00060726
0.00060726
0.00060726
0.00060726
0.00060726
0.000606912
0.000606912
0.000606912
0.000606912
0.000606912
0.000606912
0.000606912
0.000606912
0.000606912
0.000606912
0.000606912
0.000606912
0.000606912
0.000606912
0.000606912
0.000606912
0.000606912
0.000606912
0.000606912
0.000606912
0.000606912
0.000606912
0.000606912
0.000606912
0.000606912
0.000606912
0.000606912
0.000606912
0.000606912
0.000606912
0.000606912
0.000606912
0.000606912
0.000606912
0.000606912
0.000606912
0.000606912
0.000606912
0.000606912
0.000606912
0.000606912
0.000606912
0.000606912
0.000606912
0.000606912
0.000606912
0.000606912
0.000606912
0.000606912
0.000606912
0.000606912
0.000606912
0.000606912
0.000606912
0.000606912
0.000606912
0.000606912
0.000606912
0.000606912
0.000606912
0.000606912
0.000606912
0.000606912
0.000606912
0.000606912
0.000606912
0.000606912
0.000606912
0.000606912
0.000606912
0.000606912
0.000606912
0.000606912
0.000606912
0.000606912
0.000606912
0.000606912
0.000606912
0.000606912
0.000606912
0.000606912
0.000606912
0.000606912
0.000606912
0.000606912
0.000606912
0.000606912
0.000606912
0.000606912
0.000606912
0.000606912
0.000606912
0.000606912
0.000606912
0.000606912
0.000606912
0.000606912
0.000606912
0.000606912
0.000606912
0.000606912
0.000606912
0.000606912
0.000606912
0.000606912
0.000606912
0.000606912
0.000606912
0.000606912
0.000606912
0.000606912
0.000606912
0.000606912
0.000606912
0.000606912
0.000606912
0.000606912
0.000606912
0.000606912
0.000606912
0.000606912
0.000606912
0.000606912
0.000606912
0.000606912
0.000606912
0.000606912
0.000606912
0.000606912
0.000606912
0.000606912
0.000606912
0.000606912
0.000606912
0.000606912
0.000606912
0.000606912
0.000606912
0.000606912
0.000606912
0.000606912
0.000606912
0.000606912
0.000606912
0.000606912
0.000606912
0.000606912
0.000606912
0.000606912
0.000606912
0.000606912
0.000606912
0.000606912
0.000606912
0.000606912
0.000606912
0.000606912
0.000606912
0.000606912
0.000606912
0.000606912
0.000606912
0.000606912
0.000606912
0.000606912
0.000606912
0.000606912
0.000606912
0.000606912
0.000606912
0.000606912
0.000606912
0.000606912
0.000606912
0.000606912
0.000606912
0.000606912
0.000606912
0.000606912
0.000606912
0.000606912
0.000606912
0.000606912
0.000606912
0.000606912
0.000606912
0.000606912
0.000606912
0.000606912
0.000606912
0.000606912
0.000606912
0.000606912
0.000606912
0.000606912
0.000606912
0.000606912
0.000606912
0.000606912
0.000606912
0.000606912
0.000606912
0.000606912
0.000606912
0.000606912
0.000606912
0.000606912
0.000606912
0.000606912
0.000606912
0.000606912
0.000606912
0.000606912
0.000606912
0.000606912
0.000606912
0.000606912
0.000606912
0.000606912
0.000606912
0.000606912
0.000606912
0.000606912
0.000606912
0.000606912
0.000606912
0.000606912
0.000606912
0.000606912
0.000606912
0.000606912
0.000606912
0.000606912
0.000606912
0.000606912
0.000606912
0.000606912
0.000606912
0.000606912
0.000606912
0.000606912
0.000606912
0.000606912
0.000606912
0.000606912
0.000606912
0.000606912
0.000606912
0.000606912
0.000606912
0.000606912
0.000606912
0.000606912
0.000606912
0.000606912
0.000606912
0.000606912
0.000606912
0.000606912
0.000606912
0.000606912
0.000606912
0.000606912
0.000606912
0.000606912
0.000606912
0.000606912
0.000606912
0.000606912
0.000606912
0.000606912
0.000606912
0.000606912
0.000606912
0.000606912
0.000606912
0.000606912
0.000606912
0.000606912
0.000606912
0.000606912
0.000606912
0.000606912
0.000606912
0.000606912
0.000606912
0.000606912
0.000606912
0.000606912
0.000606912
0.000606912
0.000606912
0.000606912
0.000606912
0.000606912
0.000606912
0.000606912
0.000606912
0.000606912
0.000606912
0.000606912
0.000606912
0.000606912
0.000606912
0.000606912
0.000606912
0.000606912
0.000606912
0.000606912
0.000606912
0.000606912
0.000606912
0.000606912
0.000606912
0.000606912
0.000606912
0.000606912
0.000606912
0.000606912
0.000606912
0.000606912
0.000606912
0.000606912
0.000606912
0.000606912
0.000606912
0.000606912
0.000606912
0.000606912
0.000606912
0.000606912
0.000606912
0.000606912
0.000606912
0.000606912
0.000606912
0.000606912
0.000606912
0.000606912
0.000606912
0.000606912
0.000606912
0.000606912
0.000606912
0.000606912
0.000606912
0.000606912
0.000606912
0.000606912
0.000606912
0.000606912
0.000606912
0.000606912
0.000606912
0.000606912
0.000606912
0.000606912
0.000606912
0.000606912
0.000606912
0.000606912
0.000606912
0.000606912
0.000606912
0.000606912
0.000606912
0.000606912
0.000606912
0.000606912
0.000606912
0.000606912
0.000606912
0.000606912
0.000606912
0.000606912
0.000606912
0.000606912
0.000606912
0.000606912
0.000606912
0.000606912
0.000606912
0.000606912
0.000606912
0.000606912
0.000606912
0.000606912
0.000606912
0.000606912
0.000606912
0.000606912
0.000606912
0.000606912
0.000606912
0.000606912
0.000606912
0.000606912
0.000606912
0.000606912
0.000606912
0.000606912
0.000606912
0.000606912
0.000606912
0.000606912
0.000606912
0.000606912
0.000606912
0.000606912
0.000606912
0.000606912
0.000606912
0.000606912
0.000606912
0.000606912
0.000606912
0.000606912
0.000606912
0.000606912
0.000606912
0.000606912
0.000606912
0.000606912
0.000606912
0.000606912
0.000606912
0.000606912
0.000606912
0.000606912
0.000606912
0.000606912
0.000606912
0.000606912
0.000606912
0.000606912
0.000606912
0.000606912
0.000606912
0.000606912
0.000606912
0.000606912
0.000606912
0.000606912
0.000606912
0.000606912
0.000606912
0.000606912
0.000606912
0.000606912
0.000606912
0.000606912
0.000606912
0.000606912
0.000606912
0.000606912
0.000606912
0.000606912
0.000606912
0.000606912
0.000606912
0.000606912
0.000606912
0.000606912
0.000606912
0.000606912
0.000606912
0.000606912
0.000606912
0.000606912
0.000606912
0.000606912
0.000606912
0.000606912
0.000606912
0.000606912
0.000606912
0.000606912
0.000606912
0.000606912
0.000606912
0.000606912
0.000606912
0.000606912
0.000606912
0.000606912
0.000606912
0.000606912
0.000606912
0.000606912
0.000606912
0.000606912
0.000606912
0.000606912
0.000606912
0.000606912
0.000606912
0.000606912
0.000606912
0.000606912
0.000606912
0.000606912
0.000606912
0.000606912
0.000606912
0.000606912
0.000606912
0.000606912
0.000606912
0.000606912
0.000606912
0.000606912
0.000606912
0.000606912
0.000606912
0.000606912
0.000606912
0.000606912
0.000606912
0.000606912
0.000606912
0.000606912
0.000606912
0.000606912
0.000606912
0.000606912
0.000606912
0.000606912
0.000606912
0.000606912
0.000606912
0.000606912
0.000606912
0.000606912
0.000606912
0.000606912
0.000606912
0.000606912
0.000606912
0.000606912
0.000606912
0.000606912
0.000606912
0.000606912
0.000606912
0.000606912
0.000606912
0.000606912
0.000606912
0.000606912
0.000606912
0.000606912
0.000606912
0.000606912
0.000606912
0.000606912
0.000606912
0.000606912
0.000606912
0.000606912
0.000606912
0.000606912
0.000606912
0.000606912
0.000606912
0.000606912
0.000606912
0.000606912
0.000606912
0.000606912
0.000606912
0.000606912
0.000606912
0.000606912
0.000606912
0.000606912
0.000606912
0.000606912
0.000606912
0.000606912
0.000606912
0.000606912
0.000606912
0.000606912
0.000606912
0.000606912
0.000606912
0.000606912
0.000606912
0.000606912
0.000606912
0.000606912
0.000606912
0.000606912
0.000606912
0.000606912
0.000606912
0.000606912
0.000606912
0.000606912
0.000606912
0.000606912
0.000606912
0.000606912
0.000606912
0.000606912
0.000606912
0.000606912
0.000606912
0.000606912
0.000606912
0.000606912
0.000606912
0.000606912
0.000606912
0.000606912
0.000606912
0.000606912
0.000606912
0.000606912
0.000606912
0.000606912
0.000606912
0.000606912
0.000606912
0.000606912
0.000606912
0.000606912
0.000606912
0.000606912
0.000606912
0.000606912
0.000606912
0.000606912
0.000606912
0.000606912
0.000606912
0.000606912
0.000606912
0.000606912
0.000606912
0.000606912
0.000606912
0.000606912
0.000606912
0.000606912
0.000606912
0.000606912
0.000606912
0.000606912
0.000606912
0.000606912
0.000606912
0.000606912
0.000606912
0.000606912
0.000606912
0.000606912
0.000606912
0.000606912
0.000606912
0.000606912
0.000606912
0.000606912
0.000606912
0.000606912
0.000606912
0.000606912
0.000606912
0.000606912
0.000606912
0.000606912
0.000606912
0.000606912
0.000606912
0.000606912
0.000606912
0.000606912
0.000606912
0.000606912
0.000606912
0.000606912
0.000606912
0.000606912
0.000606912
0.000606912
0.000606912
0.000606912
0.000606912
0.000606912
0.000606912
0.000606912
0.000606912
0.000606912
0.000606912
0.000606912
0.000606912
0.000606912
0.000606912
0.000606912
0.000606912
0.000606912
0.000606912
0.000606912
0.000606912
0.000606912
0.000606912
0.000606912
0.000606912
0.000606912
0.000606912
0.000606912
0.000606912
0.000606912
0.000606912
0.000606912
0.000606912
0.000606912
0.000606912
0.000606912
0.000606912
0.000606912
0.000606912
0.000606912
0.000606912
0.000606912
0.000606912
0.000606912
0.000606912
0.000606912
0.000606912
0.000606912
0.000606912
0.000606912
0.000606912
0.000606912
0.000606912
0.000606912
0.000606912
0.000606912
0.000606912
0.000606912
0.000606912
0.000606912
0.000606912
0.000606912
0.000606912
0.000606912


0.0243233
0.0243233
0.0243233
0.0243233
0.0243233
0.124912
0.124912
0.124912
0.124912
-0.032075
0.124912
-0.032075
-0.032075
-0.032075
-0.032075
-0.032075
-0.032075
-0.032075
-0.032075
0.112156
0.299051
0.299051
0.299051
-0.156774
0.299051
-0.156774
-0.156774
-0.156774
-0.156774
-0.225013

0.021

