1.7565e+09
1.7565e+09
1.7565e+09
1.7565e+09
1.7565e+09
1.7565e+09
1.7565e+09
1.7565e+09
1.7565e+09
1.7565e+09
1.7565e+09
1.7565e+09
1.7565e+09
1.7565e+09
1.7565e+09
1.7565e+09
1.7565e+09
1.7565e+09
1.7565e+09
1.7565e+09
1.7565e+09
1.39744e+09
1.39744e+09
1.39744e+09
1.39744e+09
1.39744e+09
1.39744e+09
1.39744e+09
1.39744e+09
1.39744e+09
1.39744e+09
1.39744e+09
1.39744e+09
1.39744e+09
4.72362e+08
4.72362e+08
4.72362e+08
4.72362e+08
4.72362e+08
4.72362e+08
4.72362e+08
4.72362e+08
4.72362e+08
4.72362e+08
4.72362e+08
4.72362e+08
4.72362e+08
4.72362e+08
4.72362e+08
4.72362e+08
4.72362e+08
4.72362e+08
4.72362e+08
4.72362e+08
4.72362e+08
4.72362e+08
4.72362e+08
4.72362e+08
4.72362e+08
4.72362e+08
4.72362e+08
4.72362e+08
4.72362e+08
4.72362e+08
4.72362e+08
4.72362e+08
4.72362e+08
4.72362e+08
4.72362e+08
4.72362e+08
4.72362e+08
4.72362e+08
4.72362e+08
4.72362e+08
4.72362e+08
4.72362e+08
4.72362e+08
4.72362e+08
4.72362e+08
4.72362e+08
4.72362e+08
4.72362e+08
4.72362e+08
4.72362e+08
4.72362e+08
4.72362e+08
4.72362e+08
4.72362e+08
4.72362e+08
4.72362e+08
4.72362e+08
4.72362e+08
4.72362e+08
4.72362e+08
4.72362e+08
4.72362e+08
4.72362e+08
4.72362e+08
4.72362e+08
4.72362e+08
4.72362e+08
4.72362e+08
4.72362e+08
4.72362e+08
4.72362e+08
4.72362e+08
4.72362e+08
4.72362e+08
4.72362e+08
4.72362e+08
4.72362e+08
4.72362e+08
4.72362e+08
4.72362e+08
4.72362e+08
4.72362e+08
4.72362e+08
4.72362e+08
4.72362e+08
4.72362e+08
4.72362e+08
4.72362e+08
4.72362e+08
4.72362e+08
4.72362e+08
4.72362e+08
4.72362e+08
4.72362e+08
4.72362e+08
4.72362e+08
4.72362e+08
4.72362e+08
4.72362e+08
4.72362e+08
4.72362e+08
4.72362e+08
4.72362e+08
4.72362e+08
4.72362e+08
4.72362e+08
4.72362e+08
4.72362e+08
4.72362e+08
4.72362e+08
4.72362e+08
2.40413e+08
2.40413e+08
2.40413e+08
2.40413e+08
2.40413e+08
2.40413e+08
2.40413e+08
2.40413e+08
2.40413e+08
2.40413e+08
2.40413e+08
2.40413e+08
2.40413e+08
2.40413e+08
2.40413e+08
2.40413e+08
2.40413e+08
2.40413e+08
2.40413e+08
2.40413e+08
2.40413e+08
2.40413e+08
2.40413e+08
2.40413e+08
2.40413e+08
2.40413e+08
2.40413e+08
2.40413e+08
2.40413e+08
2.40413e+08
2.40413e+08
2.40413e+08
2.40413e+08
2.40413e+08
2.40413e+08
2.40413e+08
1.14157e+08
1.14157e+08
1.14157e+08
1.14157e+08
1.14157e+08
1.14157e+08
1.14157e+08
1.14157e+08
1.14157e+08
1.14157e+08
1.14157e+08
1.14157e+08
1.14157e+08
1.14157e+08
1.14157e+08
1.14157e+08
1.14157e+08
1.14157e+08
1.14157e+08
1.14157e+08
1.14157e+08
1.14157e+08
1.14157e+08
1.14157e+08
1.14157e+08
1.14157e+08
1.14157e+08
1.14157e+08
1.14157e+08
1.14157e+08
1.14157e+08
1.14157e+08
1.14157e+08
1.14157e+08
1.14157e+08
1.14157e+08
1.14157e+08
1.14157e+08
1.14157e+08
1.14157e+08
1.14157e+08
1.14157e+08
1.14157e+08
1.14157e+08
1.14157e+08
1.14157e+08
1.14157e+08
1.14157e+08
1.14157e+08
1.14157e+08
1.14157e+08
1.14157e+08
1.14157e+08
1.14157e+08
1.14157e+08
1.14157e+08
1.14157e+08
1.14157e+08
1.14157e+08
1.14157e+08
1.14157e+08
1.14157e+08
1.14157e+08
1.14157e+08
1.14157e+08
1.14157e+08
1.14157e+08
1.14157e+08
1.14157e+08
1.14157e+08
1.14157e+08
1.14157e+08
1.14157e+08
1.14157e+08
1.14157e+08
1.14157e+08
1.14157e+08
1.14157e+08
1.14157e+08
1.14157e+08
1.14157e+08
1.14157e+08
1.14157e+08
1.14157e+08
1.14157e+08
1.14157e+08
1.14157e+08
1.14157e+08
1.14157e+08
1.14157e+08
1.14157e+08
1.14157e+08
1.14157e+08
1.14157e+08
1.14157e+08
1.14157e+08
1.14157e+08
1.14157e+08
1.14157e+08
1.14157e+08
1.14157e+08
1.14157e+08
1.14157e+08
1.14157e+08
1.14157e+08
1.14157e+08
1.14157e+08
1.14157e+08
1.11941e+08
1.11941e+08
6.21107e+07
6.21107e+07
6.21107e+07
6.21107e+07
6.21107e+07
6.21107e+07
6.21107e+07
6.21107e+07
6.21107e+07
6.21107e+07
6.21107e+07
6.21107e+07
1.92602e+07
1.92602e+07
1.92602e+07
1.92602e+07
1.38012e+06
1.38012e+06
1.38012e+06
1.38012e+06
1.38012e+06
1.38012e+06
1.38012e+06
1.38012e+06
1.38012e+06
1.38012e+06
1.38012e+06
1.38012e+06
1.38012e+06
1.38012e+06
1.38012e+06
1.38012e+06
1.38012e+06
1.38012e+06
1.38012e+06
1.38012e+06
1.38012e+06
1.38012e+06
1.38012e+06
1.38012e+06
1.38012e+06
1.38012e+06
1.38012e+06
1.38012e+06
1.38012e+06
1.38012e+06
1.38012e+06
1.38012e+06
1.38012e+06
1.38012e+06
1.38012e+06
1.38012e+06
1.38012e+06
1.38012e+06
1.38012e+06
1.38012e+06
1.38012e+06
1.38012e+06
1.38012e+06
1.38012e+06
1.38012e+06
1.38012e+06
1.38012e+06
1.38012e+06
1.38012e+06
1.38012e+06
1.38012e+06
1.38012e+06
1.38012e+06
1.38012e+06
1.38012e+06
1.38012e+06
1.38012e+06
1.38012e+06
1.38012e+06
1.38012e+06
1.38012e+06
1.38012e+06
1.38012e+06
1.38012e+06
1.38012e+06
1.38012e+06
1.38012e+06
1.38012e+06
1.38012e+06
1.38012e+06
1.38012e+06
1.38012e+06
1.38012e+06
1.38012e+06
1.38012e+06
1.38012e+06
1.38012e+06
1.38012e+06
1.38012e+06
1.38012e+06
1.38012e+06
1.38012e+06
1.38012e+06
1.38012e+06
1.38012e+06
1.38012e+06
1.38012e+06
1.38012e+06
1.38012e+06
1.38012e+06
1.38012e+06
1.38012e+06
1.38012e+06
1.38012e+06
1.38012e+06
1.38012e+06
1.38012e+06
1.38012e+06
1.38012e+06
1.38012e+06
1.38012e+06
1.38012e+06
1.38012e+06
1.38012e+06
1.38012e+06
1.38012e+06
1.38012e+06
1.38012e+06
1.38012e+06
1.38012e+06
1.38012e+06
1.38012e+06
1.38012e+06
1.38012e+06
1.38012e+06
1.38012e+06
1.38012e+06
1.38012e+06
1.38012e+06
1.38012e+06
1.38012e+06
1.38012e+06
1.38012e+06
1.38012e+06
1.38012e+06
1.38012e+06
1.38012e+06
38744.6
38744.6
38744.6
38744.6
38744.6
38744.6
38744.6
38744.6
38744.6
38744.6
38744.6
38744.6
38744.6
38744.6
38744.6
38744.6
38744.6
38744.6
38744.6
38744.6
38744.6
38744.6
38744.6
38744.6
38744.6
38744.6
38744.6
38744.6
38744.6
38744.6
38744.6
38744.6
38744.6
38744.6
38744.6
38744.6
38744.6
38744.6
38744.6
38744.6
38744.6
38744.6
38744.6
38744.6
38744.6
38744.6
38744.6
38744.6
38744.6
38744.6
38744.6
38744.6
38744.6
38744.6
38744.6
38744.6
38744.6
38744.6
38744.6
38744.6
20907.7
20907.7
20907.7
20907.7
20907.7
20907.7
20907.7
20907.7
20907.7
20907.7
20907.7
20907.7
20907.7
20907.7
20907.7
20907.7
20907.7
20907.7
20907.7
20907.7
20907.7
20907.7
20907.7
20907.7
20907.7
20907.7
20907.7
20907.7
20907.7
7959.17
7959.17
7959.17
7959.17
7959.17
7959.17
7959.17
7959.17
7959.17
7959.17
7959.17
7959.17
7959.17
7959.17
7959.17
7959.17
7959.17
7959.17
7959.17
7959.17
7959.17
7959.17
7959.17
7959.17
7959.17
7959.17
7959.17
7959.17
246.857
246.857
246.857
246.857
246.857
246.857
246.857
246.857
246.857
246.857
246.857
246.857
246.857
246.857
246.857
240.933
240.933
240.933
240.933
240.933
240.933
240.933
240.933
240.933
240.933
240.933
240.933
240.933
240.933
240.933
240.933
240.933
240.933
240.933
240.933
240.933
240.933
240.933
240.933
240.933
240.933
240.933
240.933
240.933
240.933
240.933
240.933
240.933
240.933
240.933
240.933
240.933
240.933
240.933
240.933
240.933
196.829
196.829
196.829
196.829
196.829
196.829
196.829
196.829
196.829
196.829
196.829
196.829
196.829
196.829
193.906
193.906
193.906
193.906
193.906
193.906
193.906
193.906
193.906
193.906
193.906
193.906
193.906
193.906
193.906
193.906
193.906
193.906
193.906
193.906
193.906
193.906
193.906
193.906
193.906
193.906
193.906
193.906
193.906
193.906
193.906
193.906
193.906
193.906
193.906
193.906
178.074
178.074
178.074
178.074
178.074
178.074
178.074
178.074
178.074
178.074
178.074
178.074
178.074
178.074
178.074
178.074
178.074
178.074
178.074
178.074
178.074
178.074
178.074
178.074
178.074
178.074
178.074
178.074
178.074
178.074
178.074
178.074
178.074
178.074
178.074
178.074
178.074
178.074
178.074
178.074
178.074
178.074
178.074
178.074
178.074
178.074
178.074
178.074
178.074
178.074
178.074
178.074
178.074
178.074
178.074
178.074
178.074
178.074
178.074
178.074
178.074
178.074
178.074
178.074
178.074
178.074
178.074
178.074
178.074
178.074
178.074
178.074
178.074
178.074
178.074
178.074
178.074
178.074
178.074
178.074
178.074
178.074
178.074
178.074
178.074
178.074
178.074
178.074
178.074
178.074
178.074
178.074
178.074
178.074
178.074
178.074
178.074
178.074
178.074
178.074
178.074
178.074
178.074
178.074
178.074
178.074
178.074
178.074
178.074
178.074
178.074
178.074
178.074
178.074
178.074
178.074
178.074
178.074
178.074
178.074
178.074
178.074
178.074
178.074
178.074
178.074
178.074
178.074
178.074
178.074
178.074
178.074
178.074
178.074
178.074
178.074
178.074
178.074
178.074
178.074
178.074
178.074
178.074
178.074
178.074
178.074
178.074
178.074
178.074
178.074
178.074
178.074
178.074
178.074
178.074
178.074
178.074
178.074
178.074
178.074
178.074
178.074
178.074
178.074
178.074
178.074
178.074
178.074
178.074
178.074
178.074
178.074
178.074
178.074
178.074
178.074
178.074
178.074
178.074
178.074
178.074
178.074
178.074
178.074
178.074
178.074
178.074
178.074
178.074
178.074
178.074
178.074
178.074
178.074
178.074
178.074
178.074
178.074
178.074
178.074
178.074
178.074
178.074
178.074
178.074
178.074
178.074
178.074
178.074
178.074
178.074
178.074
178.074
178.074
178.074
178.074
178.074
178.074
178.074
178.074
178.074
178.074
178.074
178.074
178.074
178.074
178.074
178.074
178.074
178.074
178.074
178.074
178.074
177.459
177.459
177.459
177.459
177.459
177.459
177.459
177.459
177.459
177.459
177.459
177.459
177.459
177.459
177.459
177.459
177.459
170.651
170.651
170.651
170.651
170.651
170.651
170.651
170.651
170.651
170.651
170.651
170.651
170.651
170.651
170.651
170.651
170.651
170.651
170.651
170.651
170.651
170.651
170.651
170.651
170.651
170.651
170.651
170.651
170.651
170.651
170.651
170.651
170.651
170.651
170.651
170.651
170.651
170.651
170.651
170.651
170.651
170.651
170.651
170.651
170.651
170.651
170.651
170.651
170.651
170.651
170.651
170.651
170.651
170.651
170.651
170.651
170.651
170.651
170.651
170.651
170.651
170.651
170.651
170.651
170.651
170.651
170.651
170.651
170.651
170.651
170.651
170.651
170.651
170.651
170.651
170.651
170.651
170.651
170.651
170.651
170.651
170.651
170.651
170.651
170.651
170.651
170.651
170.651
170.651
170.651
170.651
170.651
170.651
170.651
170.651
170.651
170.651
170.651
170.651
170.651
170.651
170.651
170.651
170.651
170.651
170.651
170.651
170.651
170.651
170.651
170.651
170.651
170.651
170.651
170.651
170.651
170.651
170.651
170.651
170.651
170.651
170.651
170.651
170.651
170.651
170.651
170.651
170.651
170.651
170.651
170.651
170.651
170.651
170.651
170.651
170.651
170.651
170.651
170.651
170.651
170.651
170.651
170.651
170.651
170.651
170.651
170.651
170.651
170.651
170.651
170.651
170.651
170.651
170.651
170.651
170.651
170.651
170.651
170.651
170.651
170.651
170.651
170.651
170.651
170.651
170.651
170.651
170.651
170.651
170.651
170.651
170.651
170.651
170.651
170.651
170.651
170.651
170.651
170.651
170.651
170.651
170.651
170.651
170.651
170.651
170.651
170.651
170.651
170.651
170.651
170.651
170.651
170.651
170.651
170.651
170.651
170.651
170.651
170.651
170.651
170.651
170.651
170.651
170.651
170.651
170.651
170.651
170.651
170.651
170.651
170.651
170.651
170.651
170.651
170.651
170.651
170.651
170.651
170.651
170.651
170.651
170.651
170.651
170.651
170.651
170.651
170.651
170.651
170.651
170.651
170.651
170.651
170.651
170.651
170.651
170.651
170.651
170.651
170.651
170.651
170.651
170.651
170.651
170.651
170.651
170.651
170.651
170.651
170.651
170.651
170.651
170.651
170.651
170.651
170.651
170.651
170.651
170.651
170.651
170.651
170.651
170.651
170.651
170.651
170.651
170.651
170.651
170.651
170.651
170.651
170.651
170.651
170.651
170.651
170.651
170.651
170.651
170.651
170.651
170.651
170.651
170.64
170.64
170.64
170.64
170.64
170.64
170.64
170.64
170.64
170.64
170.64
170.64
170.64
170.64
170.64
170.639
170.639
170.639
170.639
170.639
170.639
170.639
170.639
170.639
170.639
170.639
170.639
170.639
170.639
170.639
170.639
170.639
170.639
170.639
170.639
170.639
170.639
170.639
170.639
170.639
170.639
170.639
170.639
170.639
170.639
170.639
170.639
170.639
170.639
170.639
170.639
170.639
170.639
170.639
170.639
170.639
170.639
170.639
170.639
170.639
170.639
170.639
170.639
170.639
170.639
170.639
170.639
170.639
170.639
170.639
170.639
170.639
170.639
170.639
170.639
170.639
170.639
170.639
170.639
170.639
170.639
170.639
170.639
170.639
170.639
170.639
170.639
170.639
170.639
170.639
170.639
170.639
170.639
170.639
170.639
170.639
170.639
170.639
170.639
170.639
170.639
170.639
170.639
170.639
170.639
170.639
170.639
170.639
170.639
170.639
170.639
170.639
170.639
170.639
170.639
170.639
170.639
170.639
170.639
170.639
170.639
170.639
170.639
170.639
170.639
170.639
170.639
170.639
170.639
170.639
170.639
170.639
170.639
170.639
170.639
170.639
170.639
170.639
170.639
170.639
170.639
170.639
170.639
170.639
170.639
170.639
170.639
170.639
170.639
170.639
170.639
170.639
170.639
170.639
170.639
170.639
170.639
170.639
170.639
170.639
170.639
170.639
170.639
170.639
170.639
170.639
170.639
170.639
170.639
170.639
170.639
170.639
170.639
170.639
170.639
170.639
170.639
170.639
170.639
170.639
170.639
170.639
170.639
170.639
170.639
170.639
170.639
170.639
170.639
170.639
170.639
170.639
170.639
170.639
170.639
170.639
170.639
170.639
170.639
170.639
170.639
170.639
170.639
170.639
170.639
170.639
170.639
170.639
170.639
170.639
170.639
170.639
170.639
170.639
170.639
170.639
170.639
170.639
170.639
170.639
170.639
170.639
170.639
170.639
170.639
170.639
170.639
170.639
170.639
170.639
170.639
170.639
170.639
170.639
170.639
170.639
170.639
170.639
170.639
170.639
170.639
170.639
170.639
170.639
170.639
170.639
170.639
170.639
170.639
170.639
170.639
170.639
170.639
170.639
170.639
170.639
170.639
170.639
170.639
170.639
170.639
170.639
170.639
170.639
170.639
170.639
170.639
170.639
170.639
170.639
170.639
170.639
170.639
170.639
170.639
170.639
170.639
170.639
170.639
170.639
170.639
170.639
170.639
170.639
170.639
170.639
170.639
170.639
170.639
170.639
170.639
170.639
170.639
170.639
170.639
170.639
170.639
170.639
170.639
170.639
170.639
170.639
170.639
170.639
170.639
170.639
170.639
170.639
170.639
170.639
170.639
170.639
170.639
170.639
170.639
170.639
170.639
170.639
170.639
170.639
170.639
170.639
170.639
170.639
170.639
170.639
170.639
170.639
170.639
170.639
170.639
170.639
170.639
170.639
170.639
170.639
170.639
170.639
170.639
170.639
170.639
170.639
170.639
170.639
170.639
170.639
170.639
170.639
170.639
170.639
170.639
170.639
170.639
170.639
170.639
170.639
170.639
170.639
170.639
170.639
170.639
170.639
170.639
170.639
170.639
170.639
170.639
170.639
170.639
170.639
170.639
170.639
170.639
170.639
170.639
170.639
170.639
170.639
170.639
170.639
170.639
170.639
170.639
170.639
170.639
170.639
170.639
170.639
170.639
170.639
170.639
170.639
170.639
170.639
170.639
170.639
170.639
170.639
170.639
170.639
170.639
170.639
170.639
170.639
170.639
170.639
170.639
170.639
170.639
170.639
170.639
170.639
170.639
170.639
170.639
170.639
170.639
170.639
170.639
170.639
170.639
170.639
170.639
170.639
170.639
170.639
170.639
170.639
170.639
170.639
170.639
170.639
170.639
170.639
170.639
170.639
170.639
170.639
170.639
170.639
170.639
170.639
170.639
170.639
170.639
170.639
170.639
170.639
170.639
170.639
170.639
170.639
170.639
170.639
170.639
170.639
170.639
170.639
170.639
170.639
170.639
170.639
170.639
170.639
170.639
170.639
170.639
170.639
170.639
170.572
170.568
170.568
162.789
162.789
162.789
162.789
162.789
162.789
162.789
162.789
162.789
162.789
162.789
162.789
162.789
162.789
162.789
162.789
162.789
162.789
162.789
162.789
162.789
162.789
162.789
162.789
162.789
162.789
162.789
162.789
162.789
162.789
162.789
162.789
162.789
162.789
162.789
162.789
162.789
162.789
162.789
162.789
162.789
162.789
162.789
162.789
162.789
162.789
162.789
162.789
162.789
162.789
162.789
162.789
162.789
162.789
162.789
162.789
162.789
162.789
162.789
162.573
162.573
162.573
162.573
162.573
162.573
162.573
162.426
162.426
162.426
162.426
162.426
162.426
162.426
162.426
162.426
162.426
162.426
162.426
162.426
162.426
162.426
162.426
162.426
162.426
162.426
162.426
162.426
162.426
162.426
162.426
162.426
162.426
162.426
162.426
162.328
162.328
162.328
162.328
162.328
162.328
162.328
162.328
162.328
162.328
162.328
162.328
162.328
162.328
162.328
162.328
162.328
162.328
162.328
162.328
162.328
162.328
162.328
162.328
162.328
162.328
162.328
162.328
162.328
162.328
162.328
162.328
162.328
162.328
162.328
162.328
162.328
162.328
162.221
162.221
162.221
162.221
162.221
162.221
162.221
162.221
162.221
162.221
162.221
162.221
162.221
162.221
162.221
162.221
162.221
162.221
162.221
162.221
162.221
162.221
162.221
162.221
162.221
162.221
162.221
162.221
162.221
162.221
162.221
162.221
162.221
162.221
162.221
162.221
162.221
162.221
162.221
162.221
162.221
162.221
162.221
162.221
162.221
162.221
162.221
162.221
162.221
162.221
162.221
162.221
162.221
162.221
162.221
162.221
162.221
162.221
162.221
162.221
162.221
162.221
162.221
162.221
162.221
162.221
162.221
162.221
162.221
162.221
162.221
162.221
162.221
162.221
162.221
162.221
162.221
162.221
162.221
162.221
162.221
162.221
162.221
162.221
162.221
162.221
162.221
162.221
161.972
161.972
161.972
161.972
161.972
161.972
161.972
161.972
161.972
161.972
161.972
161.972
161.972
161.972
161.972
161.972
161.972
161.972
161.972
161.972
161.972
161.972
161.972
161.972
161.972
161.972
161.972
161.972
161.972
161.972
161.972
161.972
161.972
161.972
161.972
161.972
161.972
161.972
161.972
161.972
161.972
161.972
161.972
161.972
161.972
161.972
161.972
161.972
161.972
161.972
161.972
161.972
161.972
161.972
161.972
161.972
161.972
161.972
161.972
161.972
161.972
161.972
161.972
161.972
161.972
161.972
161.972
161.972
161.972
161.972
161.972
161.972
161.972
161.972
161.972
161.972
161.972
161.972
161.972
161.972
161.972
161.972
161.972
161.972
161.972
161.972
161.972
161.972
161.972
161.972
161.972
161.972
161.972
161.972
161.972
161.972
161.972
161.972
161.972
161.972
161.972
161.972
161.972
161.972
161.972
161.972
161.972
161.972
161.972
161.972
161.972
161.972
161.972
161.972
161.972
161.972
161.972
161.972
161.972
161.972


0.689633
0.496223
0.421709
2.71671
2.07055
-1.5209
1.34156
-2.26687
0.885819
2.77663
5.61575
1.9472
-1.11882
-0.488686
5.73279
-1.15487
-1.68076
-2.93255
1.37793
0.138514
1.0237
0.0857389
-2.90609
-3.13513
-1.41583
-1.70151
-0.477387
-1.46072
-0.181781
4.54665

0.03

