1135
1135
1135
1135
269.32
269.32
269.32
269.32
269.32
269.32
41.1695
41.1695
41.1695
41.1695
41.1695
41.1695
40.1462
40.1462
40.1462
40.1462
40.1462
40.1462
40.1462
37.043
33.6642
30.9061
30.9061
30.9061
30.9061
30.9061
30.9061
30.9061
30.9061
30.9061
30.9061
26.4851
26.4851
26.4851
26.4851
26.4851
26.4851
26.4851
26.1615
26.1615
26.1615
26.1615
26.1615
26.1615
26.1615
26.1615
26.1615
26.1615
26.1615
26.1615
26.1615
25.9789
25.9789
25.9789
25.9789
25.9789
25.019
25.019
25.019
25.019
24.0071
24.0071
24.0071
24.0071
24.0071
24.0071
24.0071
22.9144
21.112
21.112
21.112
21.112
21.112
21.112
21.112
21.112
21.112
21.112
21.112
21.112
21.112
20.4933
20.4933
20.4933
20.4933
20.4933
20.4933
20.4933
20.4933
20.4933
20.4558
20.4558
20.4558
20.4558
20.4558
20.287
20.287
20.287
20.287
20.287
20.287
20.287
20.287
20.287
20.287
20.287
20.287
20.287
19.9948
19.9948
19.9948
18.7546
18.7546
18.7546
18.7546
18.7546
18.7546
18.7546
18.7546
18.5345
18.5345
18.5345
18.5345
18.5345
18.5345
18.5345
18.5345
18.5345
18.5345
18.5345
18.5345
18.5345
17.9659
17.9659
17.9659
17.9659
17.9659
17.9659
17.9659
17.9659
17.9659
17.9659
17.9659
16.7596
16.7596
16.7596
16.7596
16.7596
16.7596
16.7596
16.7596
16.7596
16.7596
16.7596
16.7596
16.7596
16.7596
16.7596
16.7596
16.7596
16.7596
16.7596
16.7596
16.7596
16.6579
16.6579
16.6579
16.6579
16.6579
16.6579
16.6579
16.6579
16.6579
16.6579
16.6579
16.6579
16.4938
16.4737
16.2888
16.2888
16.2888
16.2888
16.2888
16.2888
16.2888
16.2888
16.2888
16.2888
16.2888
16.2888
15.9911
15.7299
15.2982
15.2982
15.2982
15.2982
15.2982
15.2982
15.2982
15.2982
15.2982
15.2982
15.2982
15.2982
15.2982
15.2982
15.2982
15.2982
15.2982
15.0747
15.0747
15.0747
14.9346
14.9346
14.9346
14.859
14.859
14.859
14.859
14.859
14.859
14.859
14.859
14.859
14.859
14.859
14.859
14.859
14.7339
14.7339
14.7339
14.7306
14.7306
14.7306
14.7306
14.7306
14.7306
14.7306
14.5923
14.5923
14.3593
14.3593
14.3593
14.3593
14.2115
14.2115
14.2115
14.0472
14.0472
14.0472
14.0472
14.0472
14.0472
13.9913
13.9913
13.9913
13.9913
13.9913
13.8269
13.8269
13.8269
13.8269
13.8269
13.8269
13.8269
13.8269
13.7975
13.7975
13.4796
13.4796
13.4796
13.4796
13.4796
13.4796
13.4796
13.4796
13.4796
13.4796
13.4796
13.4796
13.4796
13.4796
13.4796
13.4796
13.4796
13.4796
13.4796
13.4796
13.4796
13.4796
13.4796
12.9424
12.9424
12.9424
12.9424
12.9424
12.9424
12.9424
12.9424
12.845
12.845
12.845
12.845
12.845
12.845
12.845
12.845
12.845
12.845
12.845
12.845
12.845
12.845
12.7935
12.7935
12.7935
12.7432
12.7432
12.7432
12.3659
12.3659
12.3659
12.3659
12.3659
12.3659
12.3659
12.3659
12.3659
12.3659
12.3659
12.3659
12.3659
12.3659
12.3659
12.3659
12.3659
12.3659
12.3659
12.3659
12.3659
12.3659
12.3659
12.3659
12.3632
12.1167
12.1167
12.1167
12.1167
12.0936
11.9605
11.9605
11.9605
11.9605
11.9605
11.9605
11.9605
11.9605
11.9605
11.9605
11.9605
11.9605
11.9605
11.9605
11.9605
11.9605
11.9605
11.938
11.938
11.938
11.938
11.938
11.938
11.938
11.938
11.938
11.938
11.938
11.938
11.938
11.938
11.938
11.5465
11.5465
11.5465
11.5465
11.5465
11.5465
11.5465
11.5465
11.09
11.09
11.09
11.09
11.09
11.09
11.09
11.09
11.09
11.09
11.09
11.09
11.09
11.09
11.09
11.09
11.09
11.09
11.09
11.09
11.09
11.09
11.09
11.09
11.09
11.09
11.09
11.09
11.09
11.09
11.09
11.09
11.09
11.09
11.09
11.09
11.09
11.09
11.09
11.09
11.0844
11.0844
11.0844
11.0844
11.0844
11.0844
11.0844
11.0844
11.0844
11.0844
11.0844
11.0844
11.0844
11.0844
11.0844
11.0844
11.0844
10.7863
10.7863
10.7863
10.7863
10.7863
10.7863
10.7863
10.6984
10.6984
10.6984
10.6984
10.6984
10.6984
10.6984
10.6984
10.6984
10.6984
10.6984
10.6984
10.6984
10.6984
10.6984
10.6984
10.6984
10.6984
10.6984
10.6984
10.6984
10.6984
10.4747
10.4747
10.4747
10.4747
10.4747
10.4747
10.4747
10.4747
10.4747
10.4747
10.4747
10.4747
10.157
10.0807
10.0807
10.0807
10.0807
10.0807
10.0807
10.0807
10.0807
10.0807
10.0807
10.0807
10.0807
10.0807
10.0807
10.0807
10.0807
10.0807
10.0807
10.0807
10.0807
10.0807
10.0807
10.0807
9.9331
9.9331
9.9331
9.9331
9.9331
9.9331
9.9331
9.9331
9.9331
9.9331
9.9331
9.9331
9.9331
9.9331
9.9331
9.9331
9.9331
9.9331
9.9331
9.9331
9.9331
9.9331
9.9331
9.9331
9.9331
9.9331
9.9331
9.9331
9.9331
9.9331
9.9331
9.9331
9.8999
9.8999
9.8999
9.8999
9.8999
9.8999
9.8999
9.89671
9.89671
9.89671
9.88484
9.88484
9.88484
9.80338
9.80338
9.80338
9.80338
9.80338
9.80338
9.80338
9.7444
9.7444
9.7444
9.7444
9.7444
9.7444
9.7444
9.7444
9.7444
9.7444
9.7444
9.56023
9.56023
9.56023
9.56023
9.56023
9.56023
9.56023
9.56023
9.56023
9.56023
9.49922
9.49922
9.49922
9.49922
9.49922
9.49922
9.49922
9.49922
9.49922
9.49922
9.49922
9.49922
9.2855
9.2855
9.2855
9.2855
9.2855
9.2855
9.2855
9.2855
9.09719
9.09719
9.09719
9.09719
9.09719
9.09719
9.09719
9.09719
9.09719
9.09719
9.09719
9.09719
9.09719
9.09719
9.09719
9.08712
9.08712
9.08712
9.08712
9.08712
9.08712
9.06836
9.06836
9.06836
9.06836
9.06836
9.06836
8.80564
8.80564
8.80564
8.80564
8.80564
8.80564
8.80564
8.80564
8.80564
8.80564
8.80564
8.80564
8.80564
8.80564
8.80564
8.80564
8.80564
8.80564
8.80564
8.80564
8.80564
8.80564
8.80564
8.80564
8.80564
8.75591
8.75591
8.75591
8.75354
8.75354
8.75354
8.75354
8.75354
8.75354
8.75354
8.75354
8.75354
8.75354
8.75354
8.75354
8.75354
8.75354
8.3163
8.3163
8.3163
8.3163
8.3163
8.3163
8.3163
8.3163
8.3163
8.3163
8.3163
8.3163
8.3163
8.3163
8.3163
8.3163
8.3163
8.3163
8.3163
8.3163
8.3163
8.3163
8.3163
7.88801
7.88801
7.88801
7.88801
7.88801
7.88801
7.88801
7.88801
7.88801
7.88801
7.88801
7.88801
7.88801
7.88801
7.88801
7.88801
7.88801
7.88801
7.88801
7.88801
7.88801
7.88801
7.88801
7.88801
7.88801
7.88801
7.88801
7.88801
7.88801
7.88801
7.88801
7.88801
7.88801
7.88801
7.88801
7.88801
7.88801
7.76481
7.76481
7.76481
7.76481
7.74735
7.67836
7.67836
7.67836
7.67836
7.67836
7.67836
7.67836
7.65411
7.65411
7.65411
7.65411
7.65411
7.65411
7.65411
7.65411
7.64883
7.64883
7.64883
7.64883
7.64883
7.52312
7.52312
7.52312
7.52312
7.48572
7.48572
7.48572
7.48572
7.3043
7.3043
7.3043
7.3043
7.3043
7.3043
7.3043
7.3043
7.3043
7.3043
7.3043
7.3043
7.3043
7.3043
7.3043
7.3043
7.3043
7.3043
7.3043
7.3043
7.25521
7.25521
7.25521
7.25521
7.25521
7.25521
7.25521
7.25521
6.84763
6.84763
6.84763
6.84763
6.84763
6.84763
6.84763
6.84763
6.84763
6.84763
6.82642
6.82642
6.82642
6.82642
6.82642
6.82642
6.82642
6.82642
6.82642
6.82642
6.82642
6.82642
6.82642
6.82642
6.82642
6.82642
6.82642
6.82642
6.82642
6.82642
6.82642
6.82642
6.82642
6.82642
6.82642
6.82597
6.82597
6.82597
6.82597
6.82597
6.82597
6.82597
6.82597
6.82597
6.82597
6.81584
6.81584
6.81584
6.80147
6.80147
6.80147
6.80147
6.80147
6.80147
6.80147
6.80147
6.80147
6.78992
6.77602
6.77602
6.75842
6.75842
6.75842
6.75842
6.75842
6.72289
6.72289
6.72289
6.72289
6.72289
6.72289
6.72289
6.72289
6.72289
6.72289
6.72289
6.72289
6.72289
6.72289
6.69391
6.69391
6.69391
6.69391
6.69391
6.69391
6.69359
6.69359
6.69359
6.69359
6.69359
6.69359
6.69359
6.69359
6.69359
6.69359
6.69359
6.69359
6.69359
6.69359
6.62871
6.62871
6.62871
6.62871
6.62871
6.62871
6.62871
6.62871
6.62871
6.62871
6.62871
6.62871
6.62871
6.62871
6.62871
6.62201
6.62201
6.62201
6.62136
6.62136
6.60277
6.60277
6.60277
6.60277
6.60277
6.60277
6.60277
6.60277
6.57866
6.46641
6.46641
6.46641
6.46641
6.46641
6.46641
6.46641
6.46641
6.46641
6.24416
6.24416
6.24416
6.24416
6.24416
6.24416
6.24416
6.24416
6.24416
6.24416
6.24416
6.24416
6.24416
6.24416
6.24416
6.24416
6.24416
6.24416
6.24416
6.24416
6.24416
6.24416
6.24416
6.24416
6.20649
6.20649
6.20649
6.20649
6.20649
6.20649
6.20649
6.20649
6.20206
6.20206
6.20206
6.20206
6.20206
6.20206
6.15767
6.15767
6.15767
6.15767
6.15767
6.15767
6.15767
6.15767
6.15767
6.15767
6.15767
6.15767
6.15767
6.15767
6.15767
6.15767
6.15767
6.15767
6.15767
6.15767
6.15767
6.15767
6.15767
6.15767
6.15767
6.15767
6.15767
6.15767
6.12365
6.12365
6.12365
6.08569
6.08569
6.08569
6.08569
6.08569
6.08569
6.08569
6.08569
6.08569
6.08569
6.08569
6.04387
6.04387
6.04387
6.04387
6.04387
6.04387
6.04387
6.04387
6.04387
6.04387
6.04387
6.04387
6.04387
6.04387
6.04387
5.98761
5.98761
5.98761
5.98761
5.98761
5.98761
5.98761
5.98761
5.98761
5.78445
5.78445
5.78445
5.78445
5.76726
5.76726
5.76726
5.76726
5.76726
5.76726
5.76726
5.76726
5.76726
5.76726
5.76726
5.76726
5.76726
5.76726
5.76726
5.76726
5.76726
5.76726
5.76726
5.76726
5.72252
5.72252
5.72252
5.72252
5.72252
5.72252
5.72252
5.72252
5.72252
5.72252
5.72252
5.72252
5.72252
5.72252
5.72252
5.72252
5.72252
5.72252
5.72252
5.72252
5.72252
5.72252
5.72252
5.72252
5.72252
5.72252
5.72198
5.72198
5.72198
5.72198
5.72198
5.72198
5.72198
5.72198
5.72198
5.72198
5.72198
5.7177
5.57227
5.57227
5.57227
5.57227
5.57227
5.57227
5.57227
5.57227
5.57227
5.57227
5.57227
5.57227
5.57227
5.57227
5.57227
5.57227
5.49752
5.49752
5.49752
5.49752
5.49752
5.49752
5.49752
5.49752
5.49752
5.49752
5.49752
5.49752
5.49752
5.49752
5.49752
5.49752
5.49752
5.49752
5.49752
5.49752
5.49752
5.49752
5.49752
5.49752
5.34842
5.34842
5.34842
5.34842
5.34842
5.34842
5.34842
5.34842
5.34842
5.34842
5.34842
5.34842
5.34842
5.34842
5.34842
5.34842
5.34842
5.34842
5.34842
5.34842
5.34842
5.34842
5.34842
5.335
5.14753
5.14753
5.14753
5.14753
5.14753
5.14753
5.14753
4.96759
4.96759
4.96759
4.96759
4.96759
4.96759
4.96759
4.96759
4.96759
4.96759
4.96759
4.96759
4.96759
4.96759
4.96759
4.96759
4.96759
4.96759
4.96759
4.96759
4.96759
4.96759
4.96759
4.96759
4.96759
4.96759
4.96759
4.96759
4.96759
4.96759
4.96759
4.96759
4.96759
4.96759
4.96759
4.96759
4.96759
4.96759
4.90284
4.90284
4.90284
4.90284
4.90284
4.90284
4.90284
4.90284
4.90284
4.90284
4.90284
4.90284
4.90284
4.90284
4.90284
4.90284
4.90284
4.90284
4.90284
4.90284
4.90284
4.90284
4.90284
4.90284
4.90284
4.90284
4.90284
4.90284
4.90284
4.90284
4.89592
4.89592
4.88169
4.88169
4.88169
4.86726
4.86726
4.86188
4.86188
4.84273
4.84273
4.84273
4.84273
4.84273
4.84273
4.84273
4.84273
4.83818
4.83818
4.83818
4.83818
4.83818
4.83818
4.83818
4.83273
4.83273
4.83273
4.77234
4.77234
4.77234
4.77234
4.77234
4.77234
4.76533
4.76533
4.76533
4.76533
4.76533
4.76533
4.76533
4.76533
4.76533
4.76533
4.75785
4.75767
4.73787
4.73787
4.73787
4.73787
4.73787
4.73369
4.73369
4.73369
4.72321
4.72321
4.67389
4.67389
4.67389
4.67389
4.67389
4.67389
4.67389
4.67389
4.67389
4.67389
4.67389
4.67389
4.57458
4.57458
4.57458
4.57458
4.57458
4.57458
4.57458
4.57458
4.57458
4.57458
4.57458
4.57458
4.57314
4.57314
4.57314
4.57314
4.57121
4.57121
4.57121
4.57121
4.57121
4.57121
4.57121
4.57121
4.57121
4.56483
4.56483
4.56483
4.56483
4.5632
4.5632
4.5632
4.48635
4.48635
4.48635
4.48635
4.48635
4.48635
4.44501
4.44501
4.44501
4.38698
4.38698
4.38698
4.38698
4.38698
4.38698
4.38698
4.38698
4.38698
4.3796
4.3796
4.3796
4.3796
4.3796
4.3796
4.3796
4.3796
4.3796
4.3796
4.3796
4.3796
4.3796
4.3796
4.3796
4.3796
4.3796
4.3796
4.3796
4.3796
4.3796
4.3796
4.3796
4.3796
4.3796
4.3796
4.3796
4.3796
4.3796
4.3796
4.3796
4.3796
4.3796
4.3796
4.3796
4.3796
4.3796
4.3796
4.3796
4.3796
4.3796
4.3796
4.37885
4.37885
4.34458
4.34458
4.34458
4.34458
4.34458
4.34458
4.34458
4.34458
4.34458
4.34458
4.34458
4.34458
4.34458
4.34458
4.34458
4.34458
4.34458
4.34458
4.34458
4.34458
4.34458
4.34458
4.34458
4.29106
4.29106
4.22828
4.22828
4.22828
4.22828
4.22828
4.22828
4.22828
4.22828
4.22828
4.22828
4.22828
4.22828
4.22828
4.22828
4.22828
4.22828
4.22828
4.22828
4.22828
4.22828
4.22828
4.22828
4.22828
4.22828
4.22828
4.22828
4.22828
4.22828
4.22828
4.22828
4.22828
4.22828
4.22828
4.22828
4.22828
4.22828
4.22645
4.22645
4.22645
4.22645
4.22645
4.22645
4.22645
4.22645
4.21099
4.21099
4.21099
4.21099
4.21099
4.21099
4.20504
4.20504
4.20504
4.19192
4.19192
4.19192
4.19192
4.18843
4.18843
4.18843
4.18843
4.18843
4.18843
4.18843
4.18843
4.18843
4.18843
4.18843
4.18843
4.18843
4.18843
4.18843
4.18843
4.18843
4.18843
4.18582
4.17559
4.17559
4.17559
4.17559
4.15203
4.15203
4.15203
4.15203
4.15203
4.15203
4.15203
4.15203
4.15203
4.15203
4.15203
4.15203
4.15203
4.15203
4.15203
4.11441
4.11441
4.11441
4.11441
4.11441
4.11441
4.11441
4.11441
4.11441
4.11441
4.07512
4.07512
4.07512
4.07512
4.07512
4.07512
4.07512
4.07512
4.07512
4.07512
4.07512
4.07512
4.074
4.074
4.074
4.074
4.074
4.07316
4.07316
4.07316
4.07316
4.07316
4.07316
4.07316
4.07316
4.07316
4.07316
4.07316
4.07316
4.06353
4.06353
4.06353
4.06353
4.06353
4.06353
4.06353
4.06353
4.0492
4.0492
4.0492
4.0492
4.0492
4.0492
4.0492
4.0492
4.0492
4.0492
4.0492
4.0492
3.94918
3.94918
3.94918
3.94918
3.94918
3.94918
3.94918
3.94918
3.94918
3.94918
3.94918
3.94918
3.94918
3.94918
3.94918
3.94918
3.94918
3.94918
3.94918
3.94918
3.94918
3.94918
3.94918
3.94918
3.94918
3.94107
3.94107
3.94107
3.94107
3.94107
3.94107
3.94107
3.92779
3.92779
3.92779
3.8827
3.8827
3.8827
3.8827
3.8827
3.8827
3.8827
3.8827
3.8827
3.8827
3.8827
3.8827
3.8827
3.8827
3.8827
3.8827
3.8827
3.8827
3.8827
3.8827
3.8273
3.8273
3.8273
3.8273
3.8273
3.8273
3.8273
3.8273
3.8273
3.8273
3.8273
3.8273
3.8273
3.8273
3.8273
3.8273
3.8273
3.8273
3.8273
3.8273
3.8273
3.8273
3.8273
3.8273
3.8273
3.8273
3.8273
3.75565
3.75565
3.75565
3.75565
3.75565
3.75565
3.75565
3.75565
3.75565
3.75565
3.75565
3.75565
3.75565
3.75565
3.75565
3.75565
3.75565
3.75565
3.75565
3.75565
3.75565
3.75565
3.75565
3.75565
3.75565
3.7512
3.7512
3.7512
3.7512
3.7512
3.7512
3.7512
3.7512
3.74855
3.74855
3.74855
3.74855
3.74855
3.74855
3.74855
3.74855
3.74855
3.74855
3.72291
3.72291
3.72291
3.72291
3.72291
3.72291
3.72291
3.72291
3.72291
3.72291
3.72291
3.72291
3.72291
3.72291
3.72291
3.72291
3.72291
3.72291
3.72291
3.72291
3.72291
3.72291
3.72291
3.72291
3.72291
3.72291
3.64173
3.64173
3.64173
3.64173
3.64173
3.64173
3.64173
3.64173
3.64173
3.64173
3.64173
3.64173
3.62004
3.61952
3.61952
3.61952
3.61952
3.61952
3.60975
3.60975
3.60975
3.60975
3.60975
3.60975
3.60975
3.60975
3.60787
3.60787
3.60787
3.60787
3.56671
3.56671
3.56671
3.54797
3.54797
3.54797
3.54797
3.54797
3.54797
3.52521
3.41774
3.41774
3.41774
3.41774
3.41774
3.41774
3.41774
3.41774
3.41774
3.41774
3.41774
3.41774
3.41774
3.41774
3.41774
3.41774
3.41774
3.41774
3.41774
3.41774
3.41774
3.41774
3.41774
3.41774
3.41774
3.41774
3.41774
3.41774
3.41774
3.41774
3.41774
3.41774
3.41774
3.41774
3.41774
3.41774
3.41774
3.41774
3.41774
3.41774
3.41774
3.41774
3.41774
3.41774
3.41774
3.41774
3.41774
3.40115
3.40115
3.31826
3.31826
3.31826
3.31826
3.31826
3.31826
3.31826
3.31826
3.31826
3.31826
3.31826
3.31826
3.31826
3.31826
3.31826
3.31826
3.31826
3.31826
3.31826
3.31826
3.31826
3.31826
3.31826
3.31826
3.31826
3.31826
3.31826
3.31826
3.31826
3.31826
3.31826
3.31826
3.31826
3.31826
3.31826
3.31826
3.31826
3.31826
3.31826
3.31826
3.31826
3.31826
3.31826
3.31826
3.31826
3.31826
3.31826
3.31826
3.31826
3.31826
3.31826
3.31826
3.31826
3.31826
3.31826
3.31826
3.31826
3.31264
3.31264
3.31264
3.31264
3.31264
3.31264
3.31264
3.31264
3.31264
3.31264
3.31264
3.31264
3.31264
3.31264
3.31264
3.3101
3.3101
3.3101
3.3101
3.3101
3.3101
3.3101
3.3101
3.3101
3.3101
3.3101
3.3101
3.3101
3.3101
3.3101
3.3101
3.30378
3.30378
3.30378
3.30378
3.30378
3.30378
3.30378
3.30378
3.30378
3.18387
3.18387
3.04687
3.04687
3.04687
3.04687
3.04687
3.04687
3.04687
3.04687
3.04687
3.04687
3.04687
3.04687
3.04687
3.04687
3.04687
3.04687
3.03207
3.03207
3.03207
3.03207
3.03207
3.03207
3.03207
3.03207
3.03207
3.03207
3.03207
3.03207
3.03207
3.03207
3.03207
3.03207
3.03207
3.03207
3.01682
3.01682
3.01682
2.93714
2.93714
2.93714
2.93714
2.93714
2.93714
2.93714
2.93714
2.93714
2.93714
2.93714
2.93714
2.93714
2.93714
2.93714
2.93714
2.93714
2.93714
2.93714
2.93714
2.93714
2.93714
2.93714
2.93714
2.93714
2.93714
2.93714
2.93714
2.93714
2.93714
2.93714
2.93714
2.93714
2.93714
2.92624
2.92624
2.92624
2.92624
2.92624
2.92624
2.92624
2.92624
2.89299
2.89299


0.038855
0.0292584
0.0113454
0.0148374
0.0622334
0.053795
-0.00206297
4.71584e-06
-0.0842796
-0.132274
-0.208474
-0.471686
-0.558484
-0.545525
-0.125003
-0.127478
0.0333485
0.0336781
0.0605397
0.0574063
0.00937546
0.0077081
0.00786287
0.0454056
0.0577709
0.0350678
0.000415293
-0.00256728
-0.0225234
0.0537198

0.02

