449888
449888
449888
459817
452839
452839
455638
455638
455638
455638
455638
455638
455638
455638
455638
510649
468444
481696
446503
446503
418665
418665
418665
497143
497143
497143
497143
497143
497143
497143
497143
497143
485761
485761
485761
485761
485761
485761
413931
413931
413931
413920
413920
479968
385222
385222
385222
385222
385222
385222
385222
385222
385222
343313
343313
343313
343313
343313
343313
343313
343313
343313
343313
343313
343313
343313
380338
380338
380338
380338
380338
380338
380338
298922
298922
287784
287784
287784
288018
288018
318757
346607
346607
340320
340320
340320
340320
340320
340320
340320
340320
340320
340320
340320
340320
340320
339502
339502
300556
296812
296812
296812
296812
296812
296200
296200
296200
296200
254741
254741
296200
278577
278577
278577
278577
278577
278577
336511
336511
336511
336511
336511
336511
336511
336511
364111
378799
378799
378799
378799
378799
378799
378799
378799
378799
339160
339160
339160
339160
339160
339160
339160
339160
337716
337716
337716
337716
337716
347655
347655
356468
356468
391136
391136
385047
385047
348718
348718
342552
342552
342552
342552
342552
342552
321309
321309
343753
279314
279314
279314
279314
279314
279314
279314
279314
279314
279314
279314
279314
279314
279314
321089
321089
250039
239190
239190
239190
239190
239190
239190
342236
342236
342236
342236
342236
342236
412656
306636
306636
306636
306636
306636
341979
341979
378680
378680
414634
420474
417176
417176
390266
396179
396179
396179
396179
396179
358282
358282
358282
358282
358282
358282
358282
358282
358282
358282
358282
358282
352707
351043
351043
351043
351043
351043
351043
351043
358282
358282
358282
319093
319093
302558
302558
302558
302558
302558
302558
268965
268965
268965
268965
268965
268965
268965
268965
268965
268965
362818
362818
362818
418617
418617
418617
418617
418617
419543
343866
343866
343866
342000
342000
342000
342000
342000
342000
375293
375293
375293
348018
348018
348018
347254
347254
347254
347254
386792
379122
379122
379122
373584
373584
373584
373584
373584
373584
297564
301945
301945
301945
301945
301945
326754
326754
326742
326742
326742
326742
326742
326742
326742
326742
326742
347419
330615
330615
330615
330615
330615
278691
278691
334326
252719
252719
252719
252719
275021
244416
244416
244416
244416
244416
244416
248612
230699
230699
230699
230699
230699
230699
230699
230699
230699
230699
230699
230699
230699
230699
230699
230699
265953
265953
238959
238959
238959
238666
238666
238666
238666
238666
238666
238666
238666
238666
238509
238509
238509
327175
327175
292670
292670
292670
317190
317190
306515
306515
343590
343590
340050
340050
353647
353647
353647
352845
352845
352845
312649
312649
312649
312649
312649
312649
312649
352845
352845
352845
352845
352845
352845
261958
261958
261958
261958
261958
261958
261958
261958
261958
261958
261958
261958
354227
354227
354227
354227
354227
354227
354227
354227
354227
354227
354227
354227
351762
351762
351762
351762
351762
351762
351762
354227
354227
354227
354227
354227
331231
358072
358072
358072
358072
358072
358072
358072
409559
409559
409559
409559
409559
409559
409559
389867
386085
386085
290055
290055
290055
290055
290055
290055
290055
253570
253570
253570
253570
253570
253570
253570
253570
253570
246346
246606
246606
246606
246606
246606
246606
246606
246606
246606
246606
246606
246606
246606
246606
246606
246606
246606
246606
260105
260105
260105
260507
260507
260507
260507
260507
260507
260507
260507
260507
292980
292980
292980
292980
288450
288450
288450
288450
288450
223387
241878
241878
228487
228487
228487
228487
228487
228487
228487
228487
228487
228487
228487
228487
228487
228487
228487
228487
237329
237329
237329
237329
237329
237192
342640
342640
328213
342640
358771
358771
352687
348443
348443
348443
341569
341569
341569
293027
293027
293027
293027
293027
337180
337180
337180
302318
254555
254288
254288
254288
254288
254288
254288
254011
302318
302318
302318
302318
302318
302318
309113
309113
309113
309113
309113
309113
309113
295710
295710
295710
324721
305703
331890
331890
331890
321403
321403
321403
321403
321403
324434
324434
324434
285053
285053
285053
285053
285053
285053
285053
285053
285053
286856
286856
330546
323925
330546
330546
330546
330546
324901
324901
324901
308379
308379
308379
308379
308823
283966
283966
283966
283966
283966
294228
291026
291026
291026
291026
291026
291026
291026
291026
291026
284242
284242
284242
284242
284242
284242
284242
231839
231839
231839
231839
231839
231839
231839
231839
231839
231839
231839
231839
231839
285581
203333
203333
203333
203333
203333
201349
201349
201349
201349
201349
274906
274906
274906
224877
224877
286857
266962
266962
266962
266962
266962
266962
266962
266446
266446
266446
234357
223566
228246
228246
228246
313681
315166
315166
306038
237834
181729
181729
181729
181729
181729
181729
181729
181729
237834
236806
236806
236806
226242
226242
226242
226242
236806
244248
244248
263470
263470
253086
253086
263470
256209
256209
256209
256209
256209
256209
256209
256209
256209
256209
256209
256209
256209
256209
256209
256209
256209
256209
248750
248750
248750
248750
248750
248750
248750
202992
202992
202992
202992
202992
202992
258780
258780
258780
191044
191044
191044
191044
191044
195038
195038
195038
195038
195038
195038
195038
195038
217932
217932
217932
217932
217932
217932
217932
217932
217932
217932
217932
217932
197161
197161
197161
197161
217932
220180
220180
218870
178899
178899
178899
267164
242532
242532
242532
242532
242532
215204
215204
226593
167492
167492
199847
199847
199847
199847
199847
199847
199847
199847
199847
199847
176876
176876
176876
219215
219215
219215
202851
202851
202851
202851
202851
210004
210004
219215
219215
219215
219215
219215
219215
219215
219215
221248
221248
245497
245497
245497
231313
231313
231313
231313
231313
231313
231313
228813
228813
228813
228813
228867
228867
228867
228867
228867
210181
210181
186560
186560
186560
145498
145498
145498
145498
188895
191872
191872
191872
191872
191872
219319
219319
219319
229184
229184
229184
229184
229184
229184
229184
205081
205081
205081
238805
238805
238805
238805
238805
238805
238805
238805
239615
239615
239615
239615
239615
239615
239615
239615
239615
239615
239615
239615
251879
251879
251879
251879
251879
251879
251879
251879
251879
251879
219869
251879
251879
239473
239473
228575
228575
193495
192322
192322
192322
192322
192322
192322
192322
192322
192322
192322
192322
192322
192322
192322
192322
192322
192322
196922
196922
251093
251093
251093
251093
251093
251093
252693
252693
252693
252693
252693
250092
250092
250092
250092
250092
250092
250092
250092
250092
252693
252693
252693
252693
252693
252693
252693
252600
254941
254941
254941
254941
258600
268919
268919
270997
274736
274736
274736
274736
274736
252545
245959
245959
245959
229329
220226
229329
229329
185190
185190
199391
199391
199391
215842
215842
215842
215842
215842
215842
234304
238666
228259
228259
228259
228259
228259
192720
192720
192720
192720
192720
192720
192720
192720
192720
192720
222311
221056
221056
221056
204947
212902
212902
212902
212902
201682
201682
208199
208199
208199
208199
208199
208199
208199
208199
208199
208199
208199
190193
190193
202175
202175
188398
188398
188398
188398
188398
188398
188398
188398
188398
188398
188398
188398
188398
196539
196539
196539
196539
196686
196686
196686
196686
196686
196686
196686
196686
196686
196686
196686
213581
213581
213581
213841
219516
219516
219516
219516
219516
219516
227186
196566
195992
170639
170639
170639
173479
176815
176815
176815
176815
176815
171712
171712
171297
171297
171297
171297
171297
175027
175027
175027
175027
175027
156810
175027
175027
175027
175027
175027
175027
175027
175027
177348
177348
177348
177348
177348
148930
148930
172959
172959
177348
177348
177348
177348
177348
218212
218212
218212
212190
220183
220183
220183
220183
220183
220183
220183
220183
220183
199721
220183
208934
208934
208934
208934
180595
180595
208934
208934
208934
198977
198977
198977
198977
198977
198977
166491
176847
176847
204557
180732
180732
159021
159021
148397
148397
148397
148759
148759
148759
148759
152813
152813
158704
153109
153109
153109
153109
153109
153109
153109
153567
153567
153567
153567
153567
153567
153567
153567
153567
153567
153567
142351
142351
142351
142351
152485
196262
192667
192667
192667
192667
192667
196262
196262
196262
196262
196262
221094
221094
221094
221094
230464
230464
230464
230464
230464
229481
229481
223655
231254
232467
232467
232467
175633
199872
199872
199872
199872
199872
199872
199872
199872
191379
183851
183851
183851
183851
183851
183851
183851
183851
183851
183851
183851
183851
183851
183851
183851
183851
183851
183851
188734
171120
171120
171120
171120
171120
171214
171214
171214
171214
171214
171214
171214
171214
171214
155593
140242
154360
154360
154360
154360
154360
154360
154360
154360
154360
154360
154360
154360
174537
174537
174537
174537
174537
175859
175859
206544
206544
206544
206544
206544
206806
201370
201415
201677
201677
169643
169643
169643
170322
124598
124598
124598
124598
146487
146487
146487
146487
146487
146487
146487
146487
146487
149417
149417
176506
176506
179540
185867
185867
185867
185867
185867
173208
173208
159210
159210
159210
159210
148352
140540
148352
148352
148352
148352
148352
148352
155236
155236
115038
115038
115038
115038
115038
115038
115038
115038
115038
115038
115038
115038
115038
114392
123746
123746
123746
124171
124171
124171
124171
124171
124171
124171
124171
124171
124171
124171
124171
124171
124171
124171
124171
124171
124171
124171
124171
124171
124171
124171
124171
124171
124171
201740
201740
201740
201740
201740
201740
201740
201740
201740
201740
201740
201740
210385
210385
210385
210385
209197
209197
209197
209197
172687
172687
172687
172687
172687
172687
209197
209197
209197
209197
209197
209197
199206
209197
209197
204869
204869
204869
192468
204869
204869
160803
158089
158089
158089
158089
168651
168651
168651
168651
168651
168651
168651
168651
216073
153451
153451
153451
153451
173766
173766
169538
169538
169743
169743
169743
173766
173766
173766
173766
173766
176123
168666
168666
168666
168666
168666
168666
168666
168666
168666
168666
168666
168666
217898
204087
214391
214391
214391
214391
214391
214391
214391
214391
205550
205550
205550
205550
205550
205550
209338
209338
220257
220257
220257
220257
220257
220257
220257
220257
220257
220257
220257
186548
186548
186601
186601
186601
186601
186601
186601
194465
194465
155384
155384
155384
155384
155384
155384
155384
155384
155384
155384
155384
155384
155384
155384
158008
158008
152729
152729
152729
152729
152729
152729
152729
152729
171055
171055
171055
171055
171055
171055
171055
171055
171055
171055
171801
171801
171131
171131
171131
171131
171131
171131
171131
171131
171131
171131
171131
171131
192007
192007
192007
192007
192007
165560
165560
165560
163200
163200
163200
163200
154595
154595
154595
154595
154595
228912
228912
228912
241179
241179
162996
162996
202334
202334
255980
274214
246773
246773
246773
246773
246773
246773
246773
254964
254964
254964
278642
278642
278642
278642
278642
278642
278642
287272
287272
265918
265918
265918
265918
265918
264071
264071
264071
264071
264071
264071
264071
264071
264071
268512
268512
284489
274802
274802
293864
251257
251257
251257
251257
251257
251257
251257
251257
251257
251257
251257
251257
251257
251257
251257
218130
218130
218130
218130
218130
218130
218130
218130
218130
272964
272964
257126
257126
269790
269790
258487
241807
241807
241807
241807
241807
241807
241807
241807
241807
241807
241807
241807
241807
241807
241807
269377
269377
269377
269377
269377
238288
238288
238288
238288
238288
238288
238288
236144
188737
188737
188737
250147
250147
250147
250147
223825
223825
223825
223825
223825
217533
217533
217533
217533
207175
207175
207175
207175
207175
232244
180325
180325
180325
180325
180325
180325
180325
180325
180325
190962
190962
123816
123816
123816
123816
123816
187607
187607
137299
137299
137299
137299
137299
139038
139038
139038
171778
171778
197519
197519
197519
169144
167457
167457
167457
167457
167457
167457
167457
167457
167457
167457
167457
147076
147076
147076
147076
147076
147076
147076
147076
147076
197177
197177
197177
197177
197177
197206
197609
197609
193193
193193
193193
193193
193193
193193
193193
193193
165842
165842
165842
220508
220508
220508
220508
220508
220508
202768
192981
202768
202768
202768
202773
202773
202773
202773
138017
173368
173368
173368
173368
173368
173368
173368
173368
173368
173368
173368
173368
185371
204737
204737
244107
259389
254734
184927
184927
184927
184927
184927
205216
205216
205216
205216
238673
238673
242196
243162
227297
227297
243162
243162
243162
243162
256036
265383
244321
244321
244321
244321
240727
240727
240727
240727
271359
271359
271359
271359
271359
271359
271359
271359
271359
271359
271359
271359
271359
272570
272570
272570
252704
233774
258883
258883
258883
239436
239436
239436
239436
258883
258883
258883
258157
258883
258883
240355
240355
240355
240355
258883
258883
241539
241539
241539
249812
263680
259232
259232
263906
232863
232863
232863
232863
232863
232863
232863
232863
232863
237777
237777
237777
237777
242809
224651
224651
224651
267470
267470
267470
267470
267470
267470
267470
267470
210021
210021
209296
209296
209296
209296
209296
209296
209296
209296
209296
209296
209296
209296
209296
209296
209296
209296
221267
221267
221267
221267
221267
221267
221267
221267
221267
221267
221267
221267
221267
224633
221085
221085
221085
221085
221085
221085
167655
167655
167655
169450
169450
214020
214020
228054
228054
228054
235867
235867
235867
235867
235867
235867
235867
235867
235867
235867
235867
235867
235867
235867
235867
235867
235867
235867
235867
236442
236442
216430
216430
216430
216430
216430
216430
216430
189740
189740
189740
189740
189740
189740
189740
189740
189740
189740
189740
189740
189740
189740
189740
174104
174104
174104
174104
181910
181910
181910
181910
181910


6.31419
8.88227
-9.7103
-9.7103
-22.8027
7.68223
7.68223
-9.02628
-17.7545
-5.94618
-22.0027
-3.3341
-6.5622
27.1628
-34.9031
-3.66211
8.24225
5.58217
8.24225
33.163
-23.7827
1.83006
0.0300009
-23.8227
-8.53826
15.9385
-19.3586
-42.7913
-32.635
-45.7994

0.049

