0.213408
0.185012
0.185012
0.185012
0.185012
0.00280555
0.00280555
0.00280555
0.00280555
0.00280555
0.00280555
0.00280555
0.00280555
0.00280555
0.00280555
0.00280555
0.00280555
0.00280555
0.00280555
0.00280555
0.00280555
0.00280555
0.00280555
0.00280555
0.00280555
0.00280555
0.00280555
0.00280555
0.00196044
0.00196044
0.00196044
0.00196044
0.00196044
0.00196044
0.00196044
0.00196044
0.00196044
0.00196044
0.00196044
0.00196044
0.00196044
0.00196044
0.00195539
0.00195539
0.00195539
0.00195539
0.00195539
0.00195539
0.00195539
0.00195539
0.00195539
0.00195539
0.00195539
0.00195539
0.0019177
0.0019177
0.0019177
0.0019177
0.0019177
0.0019177
0.0019177
0.0019177
0.0019177
0.0019177
0.0019177
0.0019177
0.0019177
0.0019177
0.0019177
0.0019177
0.00190227
0.00190227
0.00190227
0.00190227
0.00190227
0.00190227
0.00190227
0.00190227
0.00190227
0.00190227
0.00190227
0.00190227
0.00190227
0.00190227
0.00190227
0.00190227
0.00190227
0.00190227
0.00190227
0.00190227
0.00190227
0.00190227
0.00190227
0.00190227
0.00190227
0.00190227
0.00190227
0.00190227
0.00190227
0.00190227
0.00190227
0.00190227
0.00190227
0.00190227
0.00190227
0.00189438
0.00189438
0.00189438
0.00189438
0.00189438
0.00189438
0.00189438
0.00189438
0.00189438
0.00180993
0.00180993
0.00180993
0.00180993
0.00180993
0.00180993
0.00180993
0.00180993
0.00180993
0.00180993
0.00180993
0.00180993
0.00180993
0.00180993
0.00180993
0.00180993
0.00180993
0.00180993
0.00180993
0.00180993
0.00180993
0.00180993
0.00180993
0.00180993
0.00180993
0.0018099
0.0018099
0.0018099
0.0018099
0.0018099
0.0018099
0.0018099
0.0018099
0.0018099
0.00180969
0.00180969
0.00180969
0.00180969
0.00180969
0.00180969
0.00180969
0.00180967
0.00180967
0.00180967
0.00180967
0.00180944
0.00180905
0.00180905
0.00180905
0.00180905
0.00180905
0.00180905
0.00180905
0.00180905
0.00180903
0.00180903
0.00180903
0.00180901
0.00180901
0.00180901
0.00180901
0.00180901
0.00180901
0.00180901
0.00180901
0.00180901
0.00180901
0.00180901
0.00180901
0.00180901
0.00180901
0.00180901
0.00180899
0.00180899
0.00180899
0.00180899
0.00180898
0.00180898
0.00180898
0.00180898
0.00180898
0.00180743
0.00150139
0.00150139
0.00150139
0.00150139
0.00150139
0.00150139
0.00150139
0.00150139
0.00150139
0.00150139
0.00150139
0.00150139
0.00150139
0.00150133
0.00150133
0.00150133
0.00150133
0.00150133
0.00150133
0.00150133
0.00150133
0.00150133
0.00150133
0.00150133
0.00150133
0.00150133
0.00150133
0.00150133
0.00150128
0.00150128
0.00150128
0.00150128
0.00150128
0.00150128
0.0014996
0.0014996
0.0014996
0.0014996
0.0014996
0.00149899
0.00149899
0.00149899
0.00149899
0.00149899
0.00149899
0.00149898
0.00149898
0.0014989
0.0014989
0.0014989
0.0014989
0.0014989
0.0014989
0.0014989
0.0014989
0.00149862
0.00149862
0.00149862
0.00149862
0.00149862
0.00149862
0.00149862
0.00149862
0.00149862
0.00149862
0.00149862
0.00149862
0.00149862
0.00149862
0.00149862
0.0014979
0.0014979
0.0014979
0.0014979
0.0014979
0.0014979
0.0014979
0.0014979
0.0014979
0.0014979
0.0014979
0.00149785
0.00149785
0.00149785
0.00149785
0.00149785
0.00149785
0.00149785
0.00149785
0.0014975
0.0014975
0.0014975
0.0014975
0.0014975
0.0014975
0.0014975
0.0014975
0.0014975
0.0014975
0.0014975
0.0014975
0.0014975
0.0014975
0.0014975
0.0014975
0.0014975
0.0014975
0.0014975
0.00149749
0.00149749
0.00149749
0.00149749
0.00149749
0.00149747
0.00149747
0.00149747
0.00149747
0.00149747
0.00149747
0.00149747
0.00149747
0.00149747
0.00149747
0.00149747
0.00149747
0.00149747
0.00149747
0.00149747
0.00149747
0.00149747
0.00149747
0.00149747
0.00149747
0.00149747
0.00149747
0.00149747
0.00149747
0.00149747
0.00149747
0.00149747
0.00149747
0.00149747
0.00149747
0.00149747
0.00149747
0.00149747
0.00149747
0.00149747
0.00149747
0.00149747
0.00149747
0.00149747
0.00149747
0.00149747
0.00149747
0.00149747
0.00149747
0.00149747
0.00149747
0.00149747
0.00149747
0.00149747
0.00149747
0.00149747
0.00149747
0.00149747
0.00149747
0.00149747
0.00149747
0.00149747
0.00149747
0.00149747
0.00149747
0.00149747
0.00149747
0.00149747
0.00149747
0.00149747
0.00149747
0.00149747
0.00149747
0.00149747
0.00149747
0.00149747
0.00149747
0.00149747
0.00149747
0.00149747
0.00149747
0.00149747
0.00149747
0.00149747
0.00149747
0.00149747
0.00149747
0.00149722
0.00149722
0.00149722
0.00149722
0.00149722
0.00149722
0.00149722
0.00149699
0.00149697
0.00149697
0.00149697
0.00149697
0.00149697
0.00149697
0.00149697
0.00149697
0.00149697
0.00149697
0.00149697
0.00149697
0.00149697
0.00149697
0.00149697
0.00149697
0.00149697
0.00149697
0.00149697
0.00149697
0.00149697
0.00149697
0.00149697
0.00149697
0.00149697
0.00149697
0.00149697
0.00149697
0.00149697
0.00149697
0.00149697
0.00149697
0.00149697
0.00149697
0.00149697
0.00149697
0.00149697
0.00149697
0.00149697
0.00149697
0.00149697
0.00149697
0.00149697
0.00149697
0.00149697
0.00149697
0.00149697
0.00149697
0.00149697
0.00149697
0.00149695
0.00149695
0.00149695
0.00149695
0.00149695
0.00149695
0.00149695
0.00149695
0.00149695
0.00149695
0.00149695
0.00149695
0.00149695
0.00149695
0.00149693
0.00149693
0.00149693
0.00149693
0.00149693
0.00149693
0.00149693
0.00149693
0.00149693
0.00149693
0.00149693
0.00149693
0.00149693
0.00149689
0.00149484
0.00149484
0.00149484
0.00149484
0.00149484
0.00149484
0.00149484
0.00149484
0.00149484
0.00149484
0.00149484
0.00149484
0.00149484
0.00149484
0.00149484
0.00149484
0.00149484
0.00149484
0.00149484
0.00149484
0.00149484
0.00149484
0.00149484
0.00149484
0.00149484
0.00149484
0.00149484
0.00149484
0.00149484
0.00149484
0.00149484
0.00149484
0.00149484
0.00149484
0.00149484
0.00149484
0.00149484
0.000511916
0.000511916
0.000511916
0.000511549
0.000511549
0.000511549
0.000511549
0.000511549
0.000511549
0.000511549
0.000511549
0.000511549
0.000511549
0.000511549
0.000511549
0.000511549
0.000511549
0.000511549
0.000511549
0.000511549
0.000511549
0.000511549
0.000511549
0.000511549
0.000511549
0.000511549
0.000511549
0.000511549
0.000511549
0.000511549
0.00051152
0.00051152
0.00051152
0.00051152
0.00051152
0.00051152
0.00051152
0.00051152
0.00051152
0.00051152
0.00051152
0.00051152
0.00051152
0.00051152
0.00051152
0.00051152
0.00051152
0.00051152
0.00051152
0.00051152
0.00051152
0.00051152
0.00051152
0.000511507
0.000511507
0.000511466
0.000511466
0.000511456
0.000511456
0.000511456
0.000511456
0.000511456
0.000511456
0.000511456
0.000511456
0.000511456
0.000511456
0.000511456
0.000511456
0.000511456
0.000511456
0.000511455
0.000511455
0.000511455
0.000511455
0.000511455
0.000511455
0.000511455
0.000511455
0.000511455
0.000511455
0.000511455
0.000511455
0.000511455
0.000511455
0.000511455
0.000511455
0.000511455
0.000511455
0.000511455
0.000511455
0.000511455
0.000511455
0.000511455
0.000511455
0.000511455
0.000511455
0.000511455
0.000511455
0.000511455
0.000511455
0.000511455
0.000511455
0.000511455
0.000511455
0.000511455
0.000511455
0.000511455
0.000511455
0.000511455
0.000511455
0.000511455
0.000511455
0.000511455
0.000511455
0.000511455
0.000511455
0.000511455
0.000511455
0.000511455
0.000511455
0.000511455
0.000511455
0.000511455
0.000511455
0.000511455
0.000511455
0.000511455
0.000511455
0.000511455
0.000511455
0.000511455
0.000511455
0.000511455
0.000511455
0.000511455
0.000511455
0.000511455
0.000511455
0.000511455
0.000511455
0.000511455
0.000511455
0.000511455
0.000511455
0.000511455
0.000511455
0.000511455
0.000511455
0.000511455
0.000511455
0.000511455
0.000511455
0.000511455
0.000511455
0.000511455
0.000511455
0.000511455
0.000511455
0.000511455
0.000511455
0.000511455
0.000511451
0.000511451
0.000511451
0.000511449
0.000511449
0.000511449
0.000511449
0.000511449
0.000511449
0.000511449
0.000511449
0.000511449
0.000511449
0.000511449
0.000511449
0.000511449
0.000511449
0.000511449
0.000511449
0.000511449
0.000511449
0.000511449
0.000511449
0.000511449
0.000511449
0.000511449
0.000511449
0.000511448
0.000511448
0.000511448
0.000511448
0.000511448
0.000511448
0.000511448
0.000511448
0.000511448
0.000511448
0.000511448
0.000511448
0.000511448
0.000511448
0.000511448
0.000511448
0.000511448
0.000511448
0.000511448
0.000511448
0.000511448
0.000511448
0.000511448
0.000511448
0.000511448
0.000511448
0.000511448
0.000511448
0.000511448
0.000511448
0.000511448
0.000511448
0.000511448
0.000511448
0.000511448
0.000511448
0.000511448
0.000511448
0.000511448
0.000511448
0.000511448
0.000511448
0.000511448
0.000511448
0.000511448
0.000511448
0.000511448
0.000511448
0.000511448
0.000511448
0.000511448
0.000511448
0.000511448
0.000511448
0.000511448
0.000511448
0.000511448
0.000511448
0.000511448
0.000511448
0.000511448
0.000511448
0.000511448
0.000511448
0.000511448
0.000511448
0.000511448
0.000511448
0.000511448
0.000511448
0.000511401
0.000511401
0.000511401
0.000511401
0.000511401
0.000511401
0.000511401
0.000511401
0.000511401
0.000511401
0.000511401
0.000511401
0.000511401
0.000511401
0.000511401
0.000511401
0.000511401
0.000511401
0.000511401
0.000511401
0.000511401
0.000511401
0.000511401
0.000511401
0.000511401
0.000511401
0.000511401
0.000511401
0.000511401
0.000511401
0.000511401
0.000511401
0.000511401
0.000511401
0.000511401
0.000511401
0.000511401
0.000511401
0.000511401
0.000511401
0.000511401
0.000511401
0.000511401
0.000511401
0.000511401
0.000511401
0.000511401
0.000511401
0.000511401
0.000511401
0.000511401
0.000511401
0.000511401
0.000511401
0.000511401
0.000511401
0.000511401
0.000511401
0.000511401
0.000511401
0.000511401
0.000511401
0.000511401
0.000511401
0.000511401
0.000511401
0.000511401
0.000511401
0.000511401
0.000511401
0.000511401
0.000511401
0.000511401
0.000511401
0.000511401
0.000511401
0.000511401
0.000511401
0.000511401
0.000511401
0.000511401
0.000511401
0.000511401
0.000511401
0.000511401
0.000511401
0.000511401
0.000511401
0.000511401
0.000511401
0.000511401
0.000511401
0.000511401
0.000511401
0.000511401
0.000511401
0.000511401
0.000511401
0.000511401
0.000511401
0.000511401
0.000511401
0.000511401
0.000511401
0.000511401
0.000511401
0.000511401
0.000511401
0.000511401
0.000511401
0.000511401
0.000511401
0.000511401
0.000511401
0.000511401
0.000511401
0.000511401
0.000511401
0.000511401
0.000511401
0.000511401
0.000511401
0.000511401
0.000511401
0.000511401
0.000511401
0.000511401
0.000511401
0.000511401
0.000511401
0.000511401
0.000511401
0.000511401
0.000511401
0.000511401
0.000511401
0.000511401
0.000511401
0.000511401
0.000511401
0.000511401
0.000511401
0.000511401
0.000511401
0.000511401
0.000511401
0.000511401
0.000511401
0.000511401
0.000511401
0.000511401
0.000511401
0.000511401
0.000511401
0.000511401
0.000511401
0.000511401
0.000511401
0.000511401
0.000511401
0.000511401
0.000511401
0.000511401
0.000511401
0.000511401
0.000511401
0.000511401
0.000511401
0.000511401
0.000511401
0.000511401
0.000511401
0.000511401
0.000511401
0.000511401
0.000511401
0.000511401
0.000511401
0.000511401
0.000511401
0.000511401
0.000511401
0.000511401
0.000511401
0.000511401
0.000511401
0.000511401
0.000184487
0.000184487
0.000184487
0.000184487
0.000184487
0.000184487
2.08324e-05
2.08324e-05
2.08324e-05
2.08324e-05
2.08324e-05
2.08324e-05
2.08324e-05
2.08324e-05
2.08324e-05
2.08324e-05
2.08324e-05
2.08324e-05
2.08324e-05
2.08324e-05
2.08324e-05
2.08324e-05
2.08324e-05
2.08324e-05
2.08324e-05
2.08324e-05
2.08324e-05
2.08324e-05
1.01672e-05
1.01672e-05
1.01672e-05
1.01672e-05
1.01672e-05
1.01672e-05
1.01672e-05
1.01672e-05
1.01672e-05
1.01672e-05
1.01672e-05
1.0053e-05
1.0053e-05
1.0053e-05
1.0053e-05
1.0053e-05
1.0053e-05
8.24979e-06
8.24979e-06
8.24979e-06
8.24979e-06
8.24979e-06
8.24979e-06
8.24979e-06
8.24979e-06
8.24979e-06
8.24979e-06
8.24979e-06
8.24979e-06
8.24979e-06
8.24979e-06
8.24979e-06
8.24979e-06
8.24979e-06
8.24979e-06
8.24979e-06
8.24979e-06
8.24979e-06
8.24979e-06
8.24979e-06
8.24979e-06
8.24706e-06
8.24706e-06
8.24706e-06
8.24706e-06
8.24706e-06
8.24706e-06
8.24706e-06
8.24706e-06
8.24706e-06
8.24706e-06
8.24706e-06
8.24706e-06
8.24706e-06
8.24706e-06
8.24706e-06
8.24706e-06
8.24706e-06
8.24706e-06
8.24706e-06
8.24706e-06
8.24706e-06
8.24706e-06
8.24706e-06
8.24706e-06
8.24706e-06
8.24706e-06
8.24706e-06
8.24706e-06
8.24706e-06
8.24706e-06
8.24706e-06
8.24706e-06
8.24706e-06
8.24706e-06
8.24706e-06
8.24706e-06
8.24644e-06
8.24644e-06
8.24644e-06
8.24644e-06
8.24644e-06
8.24644e-06
8.24644e-06
8.24644e-06
8.24644e-06
8.24644e-06
8.24644e-06
8.24644e-06
8.24644e-06
8.24644e-06
8.24644e-06
8.24644e-06
8.24644e-06
8.24644e-06
8.24644e-06
8.24644e-06
8.24644e-06
8.24644e-06
8.24644e-06
8.24644e-06
8.24644e-06
8.24644e-06
8.24644e-06
8.24644e-06
8.24644e-06
8.24644e-06
8.24644e-06
8.24644e-06
8.24644e-06
8.24644e-06
8.24644e-06
8.24644e-06
8.24644e-06
8.24644e-06
8.24644e-06
8.24644e-06
8.24644e-06
8.24644e-06
8.24644e-06
8.24644e-06
8.24644e-06
8.24643e-06
8.24643e-06
8.24643e-06
8.24643e-06
8.24643e-06
8.24643e-06
8.24643e-06
8.24643e-06
8.24643e-06
8.24643e-06
8.24643e-06
8.24643e-06
8.24643e-06
8.24643e-06
8.24643e-06
8.24643e-06
8.24643e-06
8.24643e-06
8.24643e-06
8.24643e-06
8.24643e-06
8.24643e-06
8.24643e-06
8.24643e-06
8.24643e-06
8.24643e-06
8.24643e-06
8.24643e-06
8.24643e-06
8.24643e-06
8.24643e-06
8.24643e-06
8.24643e-06
8.24643e-06
8.24643e-06
8.24643e-06
8.24643e-06
8.24643e-06
8.24643e-06
8.24643e-06
8.24643e-06
8.24643e-06
8.24643e-06
8.24643e-06
8.24643e-06
8.24643e-06
8.24643e-06
8.24643e-06
8.24643e-06
8.24643e-06
8.24643e-06
8.24643e-06
8.24643e-06
8.24643e-06
8.24643e-06
8.24643e-06
8.24643e-06
8.24643e-06
8.24643e-06
8.24643e-06
8.24643e-06
8.24643e-06
8.24643e-06
8.24643e-06
8.24643e-06
8.24643e-06
8.24643e-06
8.24643e-06
8.24643e-06
8.24643e-06
8.24643e-06
8.24643e-06
8.24643e-06
8.24643e-06
8.24643e-06
8.24643e-06
8.24643e-06
8.24643e-06
8.24643e-06
8.24643e-06
8.24643e-06
8.24643e-06
8.24643e-06
8.24643e-06
8.24643e-06
8.24643e-06
8.24643e-06
8.24643e-06
8.24643e-06
8.24643e-06
8.24643e-06
8.24643e-06
8.24643e-06
8.24643e-06
8.24643e-06
8.24643e-06
8.24643e-06
8.24643e-06
8.24643e-06
8.24643e-06
8.24643e-06
8.24643e-06
8.24643e-06
8.24643e-06
8.24643e-06
8.24643e-06
8.24643e-06
8.24643e-06
8.24643e-06
8.24643e-06
8.24643e-06
8.24643e-06
8.24643e-06
8.24643e-06
8.24643e-06
8.24643e-06
8.24643e-06
8.24643e-06
8.24643e-06
8.24643e-06
8.24643e-06
8.24641e-06
8.24641e-06
8.24641e-06
8.24641e-06
8.24641e-06
8.24641e-06
8.24641e-06
8.24641e-06
8.24641e-06
8.24641e-06
8.24641e-06
8.24641e-06
8.24641e-06
8.24641e-06
8.24641e-06
8.24641e-06
8.24641e-06
8.24641e-06
8.24641e-06
8.24641e-06
8.24641e-06
8.24641e-06
8.24641e-06
8.24641e-06
8.24641e-06
8.24641e-06
8.24641e-06
8.24641e-06
8.24641e-06
8.24641e-06
8.24641e-06
8.24641e-06
8.24641e-06
8.24641e-06
8.24641e-06
8.24641e-06
8.24641e-06
8.24641e-06
8.24641e-06
8.24641e-06
8.24641e-06
8.24641e-06
8.24641e-06
8.24641e-06
8.24641e-06
8.24641e-06
8.24641e-06
8.24641e-06
8.24641e-06
8.24641e-06
8.24641e-06
8.24641e-06
8.24641e-06
8.24641e-06
8.24641e-06
8.24641e-06
8.24641e-06
8.24641e-06
8.24641e-06
8.24641e-06
8.24641e-06
8.24641e-06
8.24641e-06
8.24641e-06
8.24641e-06
8.24637e-06
8.24637e-06
8.24637e-06
8.24637e-06
8.24637e-06
8.24637e-06
8.24637e-06
8.24637e-06
8.24637e-06
8.24637e-06
8.24637e-06
8.24637e-06
8.24637e-06
8.24637e-06
8.24637e-06
8.24637e-06
8.24637e-06
8.24637e-06
8.24637e-06
8.24637e-06
8.24637e-06
8.24637e-06
8.24637e-06
8.24637e-06
8.24637e-06
8.24637e-06
8.24637e-06
8.24637e-06
8.24637e-06
8.24637e-06
8.24637e-06
8.24637e-06
8.24637e-06
8.24637e-06
8.24637e-06
8.24637e-06
8.24637e-06
8.24637e-06
8.24637e-06
8.24637e-06
8.24637e-06
8.24637e-06
8.24637e-06
8.24637e-06
8.24637e-06
8.24637e-06
8.24637e-06
8.24637e-06
8.24637e-06
8.24637e-06
8.24637e-06
8.24637e-06
8.24637e-06
8.24637e-06
8.24637e-06
8.24637e-06
8.24637e-06
8.24637e-06
8.24637e-06
8.24637e-06
8.24637e-06
8.24637e-06
8.24637e-06
8.24637e-06
8.24637e-06
8.24637e-06
8.24637e-06
8.24637e-06
8.24637e-06
8.24637e-06
8.24637e-06
8.24637e-06
8.24637e-06
8.24637e-06
8.24637e-06
8.24637e-06
8.24637e-06
8.24637e-06
8.24637e-06
8.24637e-06
8.24637e-06
8.24637e-06
8.24637e-06
8.24637e-06
8.24637e-06
8.24637e-06
8.24637e-06
8.24637e-06
8.24637e-06
8.24637e-06
8.24637e-06
8.24637e-06
8.24637e-06
8.24637e-06
8.24637e-06
8.24637e-06
8.24637e-06
8.24637e-06
8.24637e-06
8.24637e-06
8.24637e-06
8.24637e-06
8.24637e-06
8.24637e-06
8.24637e-06
8.24637e-06
8.24637e-06
8.24637e-06
8.24637e-06
8.24637e-06
8.24637e-06
8.24637e-06
8.24637e-06
8.24637e-06
8.24637e-06
8.24637e-06
8.24637e-06
8.24637e-06
8.24637e-06
8.24637e-06
8.24637e-06
8.24637e-06
8.24637e-06
8.24637e-06
8.24637e-06
8.24637e-06
8.24637e-06
8.24637e-06
8.24637e-06
8.24637e-06
8.24637e-06
8.24637e-06
8.24637e-06
8.24637e-06
8.24637e-06
8.24637e-06
8.24637e-06
8.24637e-06
8.24637e-06
8.24637e-06
8.24637e-06
8.24637e-06
8.24637e-06
8.24637e-06
8.24637e-06
8.24637e-06
8.24637e-06
8.24637e-06
8.24637e-06
8.24637e-06
8.24637e-06
8.24637e-06
8.24637e-06
8.24637e-06
8.24637e-06
8.24637e-06
8.24637e-06
8.24637e-06
8.24637e-06
8.24637e-06
8.24637e-06
8.24637e-06
8.24637e-06
8.24637e-06
8.24637e-06
8.24637e-06
8.24637e-06
8.24637e-06
8.24637e-06
8.24637e-06
8.24637e-06
8.24637e-06
8.24637e-06
8.24637e-06
8.24637e-06
8.24637e-06
8.24637e-06
8.24637e-06
8.24637e-06
8.24637e-06
8.24637e-06
8.24637e-06
8.24637e-06
8.24637e-06
8.24637e-06
8.24637e-06
8.24637e-06
8.24637e-06
8.24637e-06
8.24637e-06
8.24637e-06
8.24637e-06
8.24637e-06
8.24637e-06
8.24637e-06
8.24637e-06
8.24637e-06
8.24637e-06
8.24637e-06
8.24637e-06
8.24637e-06
8.24637e-06
8.24637e-06
8.24637e-06
8.24637e-06
8.24637e-06
8.24637e-06
8.24637e-06
8.24637e-06
8.24637e-06
8.24637e-06
8.24637e-06
8.24637e-06
8.24637e-06
8.24637e-06
8.24637e-06
8.24637e-06
8.24637e-06
8.24637e-06
8.24637e-06
8.24637e-06
8.24637e-06
8.24637e-06
8.24637e-06
8.24637e-06
8.24637e-06
8.24637e-06
8.24637e-06
8.24637e-06
8.24637e-06
8.24637e-06
8.24637e-06
8.24637e-06
8.24637e-06
8.24637e-06
8.24637e-06
8.24637e-06
8.24637e-06
8.24637e-06
8.24637e-06
8.24637e-06
8.24637e-06
8.24637e-06
8.24637e-06
8.24637e-06
8.24637e-06
8.24637e-06
8.24637e-06
8.24637e-06
8.24637e-06
8.24637e-06
8.24637e-06
8.24637e-06
8.24637e-06
8.24637e-06
8.24637e-06
8.24637e-06
8.24637e-06
8.24637e-06
8.24637e-06
8.24637e-06
8.24637e-06
8.24637e-06
8.24637e-06
8.24637e-06
8.24637e-06
8.24637e-06
8.24637e-06
8.24637e-06
8.24637e-06
8.24637e-06
8.24637e-06
8.24637e-06
8.24637e-06
8.24637e-06
8.24637e-06
8.24637e-06
8.24637e-06
8.24637e-06
8.24637e-06
8.24637e-06
8.24637e-06
8.24637e-06
8.24637e-06
8.24637e-06
8.24637e-06
8.24637e-06
8.24637e-06
8.24637e-06
8.24637e-06
8.24637e-06
8.24637e-06
8.24637e-06
8.24637e-06
8.24637e-06
8.24637e-06
8.24637e-06
8.24637e-06
8.24637e-06
8.24637e-06
8.24637e-06
8.24637e-06
8.24637e-06
8.24637e-06
8.24637e-06
8.24637e-06
8.24637e-06
8.24637e-06
8.24637e-06
8.24637e-06
8.24637e-06
8.24637e-06
8.24637e-06
8.24637e-06
8.24637e-06
8.24637e-06
8.24637e-06
8.24637e-06
8.24637e-06
8.24637e-06
8.24637e-06
8.24637e-06
8.24637e-06
8.24637e-06
8.24637e-06
8.24637e-06
8.24637e-06
8.24637e-06
8.24637e-06
8.24637e-06
8.24637e-06
8.24637e-06
8.24637e-06
8.24637e-06
8.24637e-06
8.24637e-06
8.24637e-06
8.24637e-06
8.24637e-06
8.24637e-06
8.24637e-06
8.24637e-06
8.24637e-06
8.24637e-06
8.24637e-06
8.24637e-06
8.24637e-06
8.24637e-06
8.24637e-06
8.24637e-06
8.24637e-06
8.24637e-06
8.24637e-06
8.24637e-06
8.24637e-06
8.24637e-06
8.24637e-06
8.24637e-06
8.24637e-06
8.24637e-06
8.24637e-06
8.24637e-06
8.24637e-06
8.24637e-06
8.24637e-06
8.24637e-06
8.24637e-06
8.24637e-06
8.24637e-06
8.24637e-06
8.24636e-06
8.24636e-06
8.24636e-06
8.24636e-06
8.24636e-06
8.24636e-06
8.24636e-06
8.24636e-06
8.24636e-06
8.24636e-06
8.24636e-06
8.24636e-06
8.24636e-06
8.24636e-06
8.24636e-06
8.24636e-06
8.24636e-06
8.24636e-06
8.24636e-06
8.24636e-06
8.24636e-06
8.24636e-06
8.24636e-06
8.24636e-06
8.24636e-06
8.24636e-06
8.24636e-06
8.24636e-06
8.24636e-06
8.24636e-06
8.24636e-06
8.24636e-06
8.24636e-06
8.24636e-06
8.24636e-06
8.24636e-06
8.24636e-06
8.24636e-06
8.24636e-06
8.24636e-06
8.24636e-06
8.24636e-06
8.24636e-06
8.24636e-06
8.24636e-06
8.24636e-06
8.24636e-06
8.24636e-06
8.24636e-06
8.24636e-06
8.24636e-06
8.24636e-06
8.24636e-06
8.24636e-06
8.24636e-06
8.24636e-06
8.24636e-06
8.24636e-06
8.24636e-06
8.24636e-06
8.24636e-06
8.24636e-06
8.24636e-06
8.24636e-06
8.24636e-06
8.24636e-06
8.24636e-06
8.24636e-06
8.24636e-06
8.24636e-06
8.24636e-06
8.24636e-06
8.24636e-06
8.24636e-06
8.24636e-06
8.24636e-06
8.24636e-06
8.24636e-06
8.24636e-06
8.24636e-06
8.24636e-06
8.24636e-06
8.24636e-06
8.24636e-06
8.24636e-06
8.24636e-06
8.24636e-06
8.24636e-06
8.24636e-06
8.24636e-06
8.24636e-06
8.24636e-06
8.24636e-06
8.24636e-06
8.24636e-06
8.24636e-06
8.24636e-06
8.24636e-06
8.24636e-06
8.24636e-06
8.24636e-06
8.24636e-06
8.24636e-06
8.24636e-06
8.24636e-06
8.24636e-06
8.24636e-06
8.24636e-06
8.24636e-06
8.24636e-06
8.24636e-06
8.24636e-06
8.24636e-06
8.24636e-06
8.24636e-06
8.24636e-06
8.24636e-06
8.24636e-06
8.24636e-06
8.24636e-06
8.24636e-06
8.24636e-06
8.24636e-06
8.24636e-06
8.24636e-06
8.24636e-06
8.24636e-06
8.24636e-06
8.24636e-06
8.24636e-06
8.24636e-06
8.24636e-06
8.24636e-06
8.24636e-06
8.24636e-06
8.24636e-06
8.24636e-06
8.24636e-06
8.24636e-06
8.24636e-06
8.24636e-06
8.24636e-06
8.24636e-06
8.24636e-06
8.24636e-06
8.24636e-06
8.24636e-06
8.24636e-06
8.24636e-06
8.24636e-06
8.24636e-06
8.24636e-06
8.24636e-06
8.24636e-06
8.24636e-06
8.24636e-06
8.24636e-06
8.24636e-06
8.24636e-06
8.24636e-06
8.24636e-06
8.24636e-06
8.24636e-06
8.24636e-06
8.24636e-06
8.24636e-06
8.24636e-06
8.24636e-06
8.24636e-06
8.24636e-06
8.24636e-06
8.24636e-06
8.24636e-06
8.24636e-06
8.24636e-06
8.24636e-06
8.24636e-06
8.24636e-06
8.24636e-06
8.24636e-06
8.24636e-06
8.24636e-06
8.24636e-06
8.24636e-06
8.24636e-06
8.24636e-06
8.24636e-06
8.24636e-06
8.24636e-06
8.24636e-06
8.24636e-06
8.24636e-06
8.24636e-06
8.24636e-06
8.24636e-06
8.24636e-06
8.24636e-06
8.24636e-06
8.24636e-06
8.24636e-06
8.24636e-06
8.24636e-06
8.24636e-06
8.24636e-06
8.24636e-06
8.24636e-06
8.24636e-06
8.24636e-06
8.24636e-06
8.24636e-06
8.24636e-06
8.24636e-06
8.24636e-06
8.24636e-06
8.24636e-06
8.24636e-06
8.24636e-06
8.24636e-06
8.24636e-06
8.24636e-06
8.24636e-06
8.24636e-06
8.24636e-06
8.24636e-06
8.24636e-06
8.24636e-06
8.24636e-06
8.24636e-06
8.24636e-06
8.24636e-06
8.24636e-06
8.24636e-06
8.24636e-06
8.24636e-06
8.24636e-06
8.24636e-06
8.24636e-06
8.24636e-06
8.24636e-06
8.24636e-06
8.24636e-06
8.24636e-06
8.24636e-06
8.24636e-06
8.24636e-06
8.24636e-06
8.24636e-06
8.24636e-06
8.24636e-06
8.24636e-06
8.24636e-06
8.24636e-06
8.24636e-06
8.24636e-06
8.24636e-06
8.24636e-06
8.24636e-06
8.24636e-06
8.24636e-06
8.24636e-06
8.24636e-06
8.24636e-06
8.24636e-06
8.24636e-06
8.24636e-06
8.24636e-06
8.24636e-06
8.24636e-06
8.24636e-06
8.24636e-06
8.24636e-06
8.24636e-06
8.24636e-06
8.24636e-06
8.24636e-06
8.24636e-06
8.24636e-06
8.24636e-06
8.24636e-06
8.24636e-06
8.24636e-06
8.24636e-06
8.24636e-06
8.24636e-06
8.24636e-06
8.24636e-06
8.24636e-06
8.24636e-06
8.24636e-06
8.24636e-06
8.24636e-06
8.24636e-06
8.24636e-06
8.24636e-06
8.24636e-06
8.24636e-06
8.24636e-06
8.24636e-06
8.24636e-06
8.24636e-06
8.24636e-06
8.24636e-06
8.24636e-06
8.24636e-06
8.24636e-06
8.24636e-06
8.24636e-06
8.24636e-06
8.24636e-06
8.24636e-06
8.24636e-06
8.24636e-06
8.24636e-06
8.24636e-06
8.24636e-06
8.24636e-06
8.24636e-06
8.24636e-06
8.24636e-06
8.24636e-06
8.24636e-06
8.24636e-06
8.24636e-06
8.24636e-06
8.24636e-06
8.24636e-06
8.24636e-06
8.24636e-06
8.24636e-06
8.24636e-06
8.24636e-06
8.24636e-06
8.24636e-06
8.24636e-06


-3.85031e-06
-0.00539056
0.0533314
0.000666
0.0137136
0.0166113
-0.0145573
0.00907802
0.00397156
0.0455031
0.0129096
-0.0219048
-0.0158002
0.0052078
-0.0515747
-0.0344244
0.0640038
-0.0860259
0.0469266
0.0228627
-0.00630024
0.0524632
0.0956083
0.119968
-0.136923
0.0664207
-0.125833
0.113147
0.133852
0.25586

0.02

