0.399446
0.399446
0.399446
0.399446
0.321409
0.163576
0.163576
0.163576
0.163576
0.163576
0.163576
0.163576
0.163576
0.163576
0.163576
0.154121
0.154121
0.154121
0.154121
0.154121
0.154121
0.143206
0.143206
0.143206
0.143206
0.143206
0.12162
0.12162
0.12162
0.0825613
0.0825613
0.0825613
0.0825613
0.0750059
0.0750059
0.0750059
0.0750059
0.0750059
0.0750059
0.0579353
0.0579353
0.0579353
0.0579353
0.0579353
0.0579353
0.0579353
0.0579353
0.0501668
0.0501668
0.0501668
0.0477133
0.0477133
0.0477133
0.0466033
0.0462517
0.0462517
0.0462517
0.0462517
0.0441617
0.0441617
0.0441617
0.0441223
0.0441158
0.0441158
0.0441158
0.0441158
0.0441158
0.0441037
0.0441037
0.0441037
0.0441037
0.0441037
0.0441037
0.0441037
0.0441037
0.0441037
0.0441037
0.0441037
0.0441037
0.0441037
0.0441037
0.0440889
0.0440889
0.0440889
0.0440889
0.0440889
0.0440889
0.0440631
0.0440631
0.0440631
0.043165
0.043165
0.043165
0.043165
0.043165
0.043165
0.043165
0.0431047
0.0431047
0.0431047
0.0431047
0.0431047
0.0381928
0.0381928
0.0381928
0.0381928
0.0381928
0.0381928
0.0381928
0.0381928
0.0381928
0.0381928
0.0381928
0.0381928
0.0381928
0.0381928
0.0381928
0.0381928
0.0381928
0.0381928
0.0381928
0.0381928
0.0379928
0.0379928
0.0379928
0.0379928
0.0379928
0.0379928
0.0379928
0.0379928
0.0379928
0.0379133
0.0379133
0.0379133
0.0379133
0.0379133
0.0379133
0.0379133
0.0379133
0.0379133
0.0379133
0.0379127
0.0379127
0.0379127
0.0379127
0.0379127
0.0379127
0.0379127
0.0379127
0.0379127
0.0379127
0.0379108
0.0379108
0.0379108
0.0379108
0.0379092
0.0379092
0.0379092
0.0379092
0.0379092
0.0379092
0.0379092
0.0379092
0.0379092
0.0379092
0.0367152
0.0340405
0.0340405
0.0340405
0.0340182
0.0340182
0.0340182
0.0340182
0.0132421
0.0132421
0.0087295
0.0087295
0.0087295
0.0087295
0.0087295
0.0087295
0.0087295
0.0087295
0.00758496
0.00758496
0.00758496
0.00758496
0.00758496
0.00758496
0.00758496
0.00758496
0.00758496
0.00758496
0.00758496
0.00758496
0.00758496
0.00758496
0.00758496
0.00758496
0.00758496
0.00758496
0.00758496
0.00758496
0.00751094
0.00751094
0.00751094
0.00751094
0.00751094
0.00751094
0.00751094
0.0075021
0.0075021
0.0075021
0.0075021
0.0075021
0.00448185
0.00448185
0.00448185
0.00448185
0.00448185
0.00448169
0.00448169
0.00204012
0.00204012
0.00204012
0.00204012
0.00204012
0.00193117
0.00193117
0.00193117
0.00193117
0.00100935
0.00100935
0.00100935
0.00100935
0.000875731
0.000875731
0.000875731
0.000875731
0.000875731
0.000875731
0.000875731
0.000875731
0.000875731
0.000875731
0.000875731
0.000875731
0.000875731
0.000875731
0.000875731
0.000875731
0.000875731
0.000875731
0.000875731
0.000875731
0.000870689
0.000870689
0.000870689
0.000870689
0.000870689
0.000870689
0.000870689
0.000870689
0.000870689
0.000870689
0.000870689
0.000870689
0.000870689
0.000870689
0.000863812
0.000863812
0.000863812
0.000863812
0.000863812
0.000863812
0.000863812
0.000863812
0.000863812
0.000863812
0.000863812
0.000863812
0.000863712
0.000863712
0.000863712
0.000863712
0.000863712
0.000863712
0.000863712
0.000863712
0.000400971
0.000400971
0.000400971
0.000400971
0.000400971
0.000400971
0.000400971
0.000393975
0.000393975
0.000393975
0.000393975
0.000393975
0.000393975
0.000393975
0.000393975
0.000393975
0.000393975
0.000393975
0.000393975
0.000393975
0.000393975
0.000393975
0.000393975
0.000393975
0.000393975
0.000393975
0.000393975
0.000393975
0.000393975
0.000264412
0.000264412
0.000264412
0.000264412
0.000264412
0.000264412
0.000264412
0.000264412
0.000264412
0.000264412
0.000264412
0.000264412
0.000264412
0.000264412
0.000264412
0.000264412
0.000264412
0.000264412
0.000264412
0.000253253
0.000253253
0.000253253
0.000253253
0.000253253
0.000253253
0.000253253
0.000253253
0.000253253
0.000253253
0.000253253
0.000253253
0.000253253
0.000253253
0.000253253
0.000253253
0.000253253
0.000253253
0.000253253
0.000253253
0.000253253
0.000253253
0.000253253
0.000253253
0.000253253
0.000253253
0.000253253
0.000253253
0.000253253
0.000253253
0.000253253
0.000253253
0.000253253
0.000253253
0.000253253
0.000253253
0.000253253
0.000253253
0.000253253
0.000253253
0.000253253
0.000253253
0.000253253
0.000253253
0.000253253
0.000253253
0.000245489
0.000245489
0.000244997
0.000244997
0.000244997
0.000244997
0.00024432
0.00024432
0.00024432
0.00024432
0.00024432
0.00024432
0.00024432
0.00024432
0.00024432
0.00024432
0.00024432
0.00024432
0.00024432
0.00024432
0.00024432
0.00024432
0.00024432
0.00024432
0.00024432
0.00024432
0.00024432
0.00024432
0.00024432
0.00024432
0.00024432
0.00024432
0.00024432
0.00024432
0.00024432
0.00024432
0.00024432
0.00024432
0.00024432
0.00024432
0.00024432
0.00024432
0.00024432
0.00024432
0.00024432
0.00024432
0.00024432
0.00024432
0.00024432
0.00024432
0.00024432
0.00024432
0.00024432
0.00024432
0.00024432
0.00024432
0.00024432
0.00024432
0.00024432
0.00024432
0.00024432
0.00024432
0.00024432
0.00024432
0.00024432
0.000239796
0.000239796
0.000239731
0.000239731
0.000239731
0.000239731
0.000239731
0.000239731
0.000239731
0.000239731
0.000239731
0.000239713
0.000239713
0.000239713
0.000239713
0.000239713
0.000239713
0.000239713
0.000239713
0.000239713
0.000239713
0.000239713
0.000239713
0.000239713
0.000239713
0.000239713
0.000239713
0.000239713
0.000239713
0.000239713
0.000239713
0.000239713
0.000239713
0.000239713
0.000239713
0.000239713
0.000239713
0.000239713
0.000239713
0.000239713
0.000239713
0.000239713
0.000239713
0.000239713
0.000239713
0.000239713
0.000239713
0.000239713
0.000239713
0.000239713
0.000239713
0.000239713
0.000239713
0.000239713
0.000239712
0.000239712
0.000239712
0.000239712
0.000239712
0.000239712
0.000239712
0.000239712
0.000239712
0.000239712
0.000239712
0.000239712
0.000239712
0.000239712
0.000239712
0.000239712
0.000239712
0.000239712
0.000239712
0.000239712
0.000239712
0.000239712
0.000239712
0.000239712
0.000239683
0.000239683
0.000239683
0.000239683
0.000239683
0.000239683
0.000239683
0.000239683
0.000239668
0.000239668
0.000239668
0.000239656
0.000239656
0.000239656
0.000239656
0.000239656
0.000239656
0.000239656
0.000239656
0.000239656
0.000239656
0.000239656
0.000239656
0.000239656
0.000239656
0.000239655
0.000239655
0.000239655
0.000239655
0.000239655
0.000239655
0.000239655
0.000239655
0.000239655
0.000239655
0.000239655
0.000239655
0.000239655
0.000239655
0.000239655
0.000239655
0.000235583
0.000235583
0.000235583
0.000235583
0.000235583
0.000235583
0.000235583
0.000235583
0.000235583
0.000235583
0.000235583
0.000235583
0.000235583
0.000235583
0.000235583
0.000235583
0.000235583
0.000235583
0.000235583
0.000235583
0.000235583
0.000235583
0.000235583
0.000235583
0.000235583
0.000235583
0.000235583
0.000235583
0.000235583
0.000235583
0.000235583
0.000235583
0.000235583
0.000235583
0.000235583
0.000235582
0.000235582
0.000235582
0.000235582
0.000235582
0.000235582
0.000235582
0.000235582
0.000235582
0.000235582
0.000235582
0.000235582
0.000235582
0.000235582
0.000235582
0.000235582
0.000235582
0.000235582
0.000235582
0.000235582
0.000235582
0.000235582
0.000235582
0.000235582
0.000235582
0.000235582
0.000235582
0.000235582
0.000235582
0.000235582
0.000235582
0.000235582
0.000235582
0.000235582
0.000235582
0.000235582
0.000235582
0.000235582
0.000235582
0.000235582
0.000235582
0.000235582
0.000235582
0.000235582
0.000235582
0.000235582
0.000235582
0.000235582
0.000235582
0.000235582
0.000235582
0.000235582
0.000235582
0.000235582
0.000235582
0.000235582
0.000235582
0.000235582
0.000235582
0.000235582
0.000235582
0.000235582
0.000235582
0.000235582
0.000235582
0.000235582
0.000235582
0.000235582
0.000235582
0.000235582
0.000235582
0.000235582
0.00019739
0.00019739
0.00019739
0.00019739
0.00019739
0.00019739
0.00019739
0.00019739
0.00019739
0.00019739
0.00019739
0.00019739
0.00019739
0.00019739
0.00019739
0.00019739
0.00019739
0.00019739
0.00019739
0.00019739
0.00019739
0.00019739
0.00019739
0.00019739
0.00019739
0.00019739
0.00019739
0.00019739
0.00019739
0.00019739
0.00019739
0.00019739
0.00019739
0.00019739
0.00019739
0.00019739
0.00019739
0.00019739
0.00019739
0.00019739
0.00019739
0.00019739
0.00019739
0.00019739
0.00019739
0.00019739
0.00019739
0.00019739
0.00019739
0.00019739
0.00019739
0.00019739
0.00019739
0.00019739
0.00019739
0.00019739
0.00019739
0.00019739
0.00019739
0.00019739
0.00019739
0.00019739
0.00019739
0.00019739
0.00019739
0.00019739
0.00019739
0.00019739
0.00019739
0.00019739
0.00019739
0.00019739
0.00019739
0.00019739
0.00019739
0.00019739
0.00019739
0.00019739
0.00019739
0.00019739
0.00019739
0.00019739
0.00019739
0.00019739
0.00019739
0.00019739
0.00019739
0.00019739
0.00019739
0.00019739
0.00019739
0.00019739
0.00019739
0.00019739
0.00019739
0.00019739
0.00019739
0.00019739
0.00019739
0.00019739
0.00019739
0.00019739
0.00019739
0.00019739
0.00019739
0.00019739
0.00019739
0.00019739
0.00019739
0.00019739
0.00019739
0.00019739
0.00019739
0.00019739
0.00019739
0.00019739
0.00019739
0.00019739
0.00019739
0.00019739
0.00019739
0.00019739
0.00019739
0.00019739
0.000118659
0.000118659
0.000118659
0.000118659
0.000118659
0.000118659
0.000118659
0.000118659
0.000118659
0.000118659
0.000118659
0.000118659
0.000118659
0.000118659
0.000118659
0.000118659
0.000118659
0.000118659
0.000118659
0.000118659
0.000118659
0.000118659
0.000118659
0.000118659
0.000118659
0.000118659
0.000118659
0.000118659
0.000118659
0.000118515
0.000118515
0.000118515
0.000118515
0.000118515
0.000118515
0.00011847
0.00011847
0.00011847
0.000118449
0.000118449
0.000118449
0.000118449
0.000118449
0.000118449
0.000118449
0.000118449
0.000118449
0.000118449
0.000118449
0.000118449
0.000118449
0.000118449
0.000118449
0.000118449
0.000118449
0.000118449
0.000118449
0.000118449
0.000118449
0.000118449
0.000118449
0.000118449
0.000118449
0.000118449
0.000118449
0.000118449
0.000118449
0.000118449
0.000118449
0.000118449
0.000118449
0.000118449
0.000118449
0.000118449
0.000118449
0.000118449
0.000118449
0.000118449
0.000118449
0.000118449
0.000118449
0.000118449
0.000118449
0.000118449
0.000118449
0.000118449
0.000118449
0.000118449
0.000118449
0.000118449
0.000118449
0.000118449
0.000118449
0.000118449
0.000118449
0.000118449
0.000118449
0.000118449
0.000118449
0.000118449
0.000118449
0.000118449
0.000118449
0.000118449
0.000118449
0.000118449
0.000118449
0.000118449
0.000118449
0.000118449
0.000118449
0.000118449
0.000118449
0.000118449
0.000118449
0.000118449
0.000118449
0.000118449
0.000118449
0.000118449
0.000118449
0.000118449
0.000118449
0.000118449
0.000118449
0.000118449
0.000118449
0.000118449
0.000118449
0.000118449
0.000118449
0.000118449
0.000118449
0.000118449
0.000118449
0.000118449
0.000118449
0.000118449
0.000118449
0.000118449
0.000118449
0.000118449
0.000118449
0.000118449
0.000118449
0.000118449
0.000118449
0.000118449
0.000118449
0.000118449
0.000118449
0.000118449
0.000118449
0.000118449
0.000118449
0.000118449
0.000118449
0.000118449
0.000118449
0.000118449
0.000118449
0.000118449
0.000118449
0.000118449
0.000118449
0.000118449
0.000118449
0.000118449
0.000118449
0.000118449
0.000118449
0.000118449
0.000118449
0.000118449
0.000118449
0.000118449
0.000118449
0.000118449
0.000118449
0.000118449
0.000118449
0.000118449
0.000118449
0.000118449
0.000118449
0.000118449
0.000118449
0.000118449
0.000118449
0.000118449
0.000118449
0.000118449
0.000118449
0.000118449
0.000118449
0.000118449
0.000118449
0.000118449
0.000118449
0.000118449
0.000118449
0.000118449
0.000118449
0.000118449
3.9023e-06
3.9023e-06
3.9023e-06
3.9023e-06
3.9023e-06
3.9023e-06
3.9023e-06
3.9023e-06
3.9023e-06
3.9023e-06
3.9023e-06
3.9023e-06
3.9023e-06
3.9023e-06
3.9023e-06
3.9023e-06
3.9023e-06
3.9023e-06
3.9023e-06
3.9023e-06
3.9023e-06
3.9023e-06
3.9023e-06
3.9023e-06
3.9023e-06
3.9023e-06
3.9023e-06
3.9023e-06
3.9023e-06
3.9023e-06
3.9023e-06
3.9023e-06
3.9023e-06
3.9023e-06
3.9023e-06
3.9023e-06
3.9023e-06
3.9023e-06
3.9023e-06
3.9023e-06
3.9023e-06
3.9023e-06
3.9023e-06
3.9023e-06
3.9023e-06
3.9023e-06
3.9023e-06
3.9023e-06
3.9023e-06
3.9023e-06
3.9023e-06
3.90229e-06
3.90229e-06
3.90229e-06
3.90229e-06
3.90229e-06
3.90229e-06
3.90229e-06
3.90229e-06
3.90229e-06
3.90229e-06
3.90229e-06
3.90229e-06
3.90229e-06
3.90229e-06
3.90229e-06
3.90229e-06
3.90229e-06
3.90229e-06
3.90229e-06
3.90229e-06
3.90229e-06
3.90229e-06
3.90229e-06
3.90229e-06
3.90229e-06
3.90229e-06
3.90229e-06
3.90229e-06
3.90229e-06
3.90229e-06
3.90229e-06
3.90229e-06
3.90229e-06
3.90229e-06
3.90229e-06
3.90229e-06
3.90229e-06
3.90229e-06
3.90228e-06
3.90228e-06
3.90228e-06
3.90228e-06
3.90228e-06
3.90228e-06
3.90228e-06
3.90228e-06
3.90228e-06
3.90228e-06
3.90228e-06
3.90228e-06
3.90228e-06
3.90228e-06
3.90228e-06
3.90228e-06
3.90228e-06
3.90228e-06
3.90228e-06
3.90228e-06
3.90228e-06
3.90228e-06
3.90228e-06
3.90223e-06
3.90223e-06
3.90223e-06
3.90223e-06
3.90223e-06
3.90223e-06
3.90223e-06
3.90223e-06
3.90223e-06
3.90223e-06
3.90223e-06
3.90223e-06
3.90223e-06
3.90223e-06
3.90223e-06
3.90223e-06
3.90223e-06
3.90223e-06
3.90223e-06
3.90223e-06
3.90223e-06
3.90223e-06
3.90223e-06
3.90223e-06
3.90223e-06
3.90223e-06
3.90223e-06
3.90223e-06
3.90223e-06
3.90223e-06
3.90223e-06
3.90223e-06
3.90223e-06
3.90223e-06
3.90223e-06
3.90223e-06
3.90223e-06
3.90223e-06
3.90223e-06
3.90223e-06
3.90223e-06
3.90223e-06
3.90223e-06
3.90223e-06
3.90223e-06
3.90223e-06
3.90223e-06
3.90223e-06
3.90223e-06
3.90223e-06
3.90223e-06
3.90223e-06
3.90223e-06
3.90223e-06
3.90223e-06
3.90223e-06
3.90223e-06
3.90223e-06
3.90223e-06
3.90223e-06
3.90223e-06
3.90223e-06
3.90223e-06
3.90223e-06
3.90223e-06
3.90223e-06
3.90223e-06
3.90223e-06
3.90223e-06
3.90223e-06
3.90223e-06
3.90223e-06
3.90223e-06
3.90223e-06
3.90223e-06
3.90223e-06
3.90223e-06
3.90223e-06
3.90223e-06
3.90223e-06
3.90223e-06
3.90223e-06
3.90223e-06
3.90223e-06
3.90223e-06
3.90223e-06
3.90223e-06
3.90223e-06
3.90223e-06
3.90223e-06
3.90223e-06
3.90223e-06
3.90223e-06
3.90223e-06
3.90223e-06
3.90223e-06
3.90223e-06
3.90223e-06
3.90223e-06
3.90223e-06
3.90223e-06
3.90223e-06
3.90223e-06
3.90223e-06
3.90223e-06
3.90223e-06
3.90223e-06
3.90223e-06
3.90223e-06
3.90223e-06
3.90223e-06
3.90223e-06
3.90223e-06
3.90223e-06
3.90223e-06
3.90223e-06
3.90223e-06
3.90223e-06
3.90223e-06
3.90223e-06
3.90223e-06
3.90223e-06
3.90223e-06
3.90223e-06
3.90223e-06
3.90223e-06
3.90223e-06
3.90223e-06
3.90223e-06
3.90223e-06
3.90223e-06
3.90223e-06
3.90223e-06
3.90223e-06
3.90223e-06
3.90223e-06
3.90223e-06
3.90223e-06
3.90223e-06
3.90223e-06
3.90223e-06
3.90223e-06
3.90223e-06
3.90223e-06
3.90223e-06
3.90223e-06
3.90223e-06
3.90223e-06
3.90223e-06
3.90223e-06
3.90223e-06
3.90223e-06
3.90223e-06
3.90223e-06
3.90223e-06
3.90223e-06
3.90223e-06
3.90223e-06
3.90223e-06
3.90223e-06
3.90223e-06
3.90223e-06
3.90223e-06
3.90223e-06
3.90223e-06
3.90223e-06
3.90223e-06
3.90223e-06
3.90223e-06
3.90223e-06
3.90223e-06
3.90223e-06
3.90223e-06
3.90223e-06
3.90223e-06
3.90223e-06
3.90223e-06
3.90223e-06
3.90223e-06
3.90223e-06
3.90223e-06
3.90223e-06
3.90223e-06
3.90223e-06
3.90223e-06
3.90223e-06
3.90223e-06
3.90223e-06
3.90223e-06
3.90223e-06
3.90223e-06
3.90223e-06
3.90223e-06
3.90223e-06
3.90223e-06
3.90223e-06
3.90223e-06
3.90223e-06
3.90223e-06
3.90223e-06
3.90223e-06
3.90223e-06
3.90223e-06
3.90223e-06
3.90223e-06
3.90223e-06
3.90223e-06
3.90223e-06
3.90223e-06
3.90223e-06
3.90223e-06
3.90223e-06
3.90223e-06
3.90223e-06
3.90223e-06
3.90223e-06
3.90223e-06
3.90223e-06
3.90223e-06
3.90223e-06
3.90223e-06
3.90223e-06
3.90223e-06
3.90223e-06
3.90223e-06
3.90223e-06
3.90223e-06
3.90223e-06
3.90223e-06
3.90223e-06
3.90223e-06
3.90223e-06
3.90223e-06
3.90223e-06
3.90223e-06
3.90223e-06
3.90223e-06
3.90134e-06
3.90134e-06
3.90134e-06
3.90134e-06
3.90134e-06
3.90134e-06
3.90134e-06
3.90134e-06
3.90134e-06
3.90134e-06
3.90134e-06
3.90134e-06
3.90134e-06
3.90134e-06
3.90134e-06
3.90134e-06
3.90134e-06
3.90134e-06
3.90134e-06
3.90134e-06
3.90134e-06
3.90134e-06
3.90134e-06
3.90134e-06
3.90134e-06
3.90134e-06
3.90134e-06
3.90134e-06
3.90134e-06
3.90134e-06
3.90134e-06
3.90134e-06
3.90134e-06
3.90134e-06
3.90134e-06
3.90134e-06
3.90134e-06
3.90134e-06
3.90134e-06
3.90134e-06
3.90134e-06
3.90134e-06
3.90134e-06
3.90134e-06
3.90134e-06
3.90134e-06
3.90134e-06
3.90134e-06
3.90134e-06
3.90134e-06
3.90134e-06
3.90134e-06
3.90134e-06
3.90134e-06
3.90134e-06
3.90134e-06
3.90134e-06
3.90134e-06
3.90134e-06
3.90134e-06
3.90134e-06
3.90134e-06
3.90134e-06
3.90134e-06
3.90134e-06
3.90134e-06
3.90134e-06
3.90134e-06
3.90134e-06
3.90134e-06
3.90134e-06
3.90134e-06
3.90134e-06
3.90134e-06
3.90134e-06
3.90134e-06
3.90134e-06
3.90134e-06
3.90134e-06
3.90134e-06
3.90134e-06
3.90134e-06
3.90134e-06
3.90134e-06
3.90134e-06
3.90134e-06
3.90134e-06
3.90134e-06
3.90134e-06
3.90134e-06
3.90134e-06
3.90134e-06
3.90134e-06
3.90134e-06
3.90134e-06
3.90134e-06
3.90134e-06
3.90134e-06
3.90134e-06
3.90134e-06
3.90134e-06
3.90134e-06
3.90134e-06
3.90134e-06
3.90134e-06
3.90134e-06
3.90134e-06
3.90134e-06
3.90134e-06
3.90134e-06
3.90134e-06
3.90134e-06
3.90134e-06
3.90134e-06
3.90134e-06
3.90134e-06
3.90134e-06
3.90134e-06
3.90134e-06
3.90134e-06
3.90134e-06
3.90134e-06
3.90134e-06
3.90134e-06
3.90134e-06
3.90134e-06
3.90134e-06
3.90134e-06
3.90134e-06
3.90134e-06
3.90134e-06
3.90134e-06
3.90134e-06
3.90134e-06
3.90134e-06
3.90134e-06
3.90134e-06
3.90134e-06
3.90134e-06
3.90134e-06
3.90134e-06
3.90134e-06
3.90134e-06
3.90134e-06
3.90134e-06
3.90134e-06
3.90134e-06
3.90134e-06
3.90134e-06
3.90134e-06
3.90134e-06
3.90134e-06
3.90134e-06
3.90134e-06
3.90134e-06
3.90134e-06
3.90134e-06
3.90134e-06
3.90134e-06
3.90134e-06
3.90134e-06
3.90134e-06
3.90134e-06
3.90134e-06
3.90134e-06
3.90134e-06
3.90134e-06
3.90134e-06
3.90134e-06
3.90134e-06
3.90134e-06
3.90134e-06
3.90134e-06
3.90134e-06
3.90134e-06
3.90134e-06
3.90134e-06
3.90134e-06
3.90134e-06
3.90134e-06
3.90134e-06
3.90134e-06
3.90134e-06
3.90134e-06
3.90134e-06
3.90134e-06
3.90134e-06
3.90134e-06
3.90134e-06
3.90134e-06
3.90134e-06
3.90134e-06
3.90134e-06
3.90134e-06
3.90134e-06
3.90134e-06
3.90134e-06
3.90134e-06
3.90134e-06
3.90134e-06
3.90134e-06
3.90134e-06
3.90134e-06
3.90134e-06
3.90134e-06
3.90134e-06
3.90134e-06
3.90134e-06
3.90134e-06
3.90134e-06
3.90134e-06
3.90134e-06
3.90134e-06
3.90134e-06
3.90134e-06
3.90134e-06
3.90134e-06
3.90134e-06
3.90134e-06
3.90134e-06
3.90134e-06
3.90134e-06
3.90134e-06
3.90134e-06
3.90134e-06
3.90134e-06
3.90134e-06
3.90134e-06
3.90134e-06
3.90134e-06
3.90134e-06
3.90134e-06
3.90134e-06
3.90134e-06
3.90134e-06
3.90134e-06
3.90134e-06
3.90134e-06
3.90134e-06
3.90134e-06
3.90134e-06
3.90134e-06
3.90134e-06
3.90134e-06
3.90134e-06
3.90134e-06
3.90134e-06
3.90134e-06
3.90134e-06
3.90134e-06
3.90134e-06
3.90134e-06
3.90134e-06
3.90134e-06
3.90134e-06
3.90134e-06
3.90134e-06
3.90134e-06
3.90134e-06
3.90134e-06
3.90134e-06
3.90134e-06
3.90134e-06
3.90134e-06
3.90134e-06
3.90134e-06
3.90134e-06
3.90134e-06
3.90134e-06
3.90134e-06
3.90134e-06
3.90134e-06
3.90134e-06
3.90134e-06
3.90134e-06
3.90134e-06
3.90134e-06
3.90134e-06
3.90134e-06
3.90134e-06
3.90134e-06
3.90134e-06
3.90134e-06
3.90134e-06
3.90134e-06
3.90134e-06
3.90134e-06
3.90134e-06
3.90134e-06
3.90134e-06
3.90134e-06
3.90134e-06
3.90134e-06
3.90134e-06
3.90134e-06
3.90134e-06
3.90134e-06
3.90134e-06
3.90134e-06
3.90134e-06
3.90134e-06
3.90134e-06
3.90134e-06
3.90134e-06
3.90134e-06
3.90134e-06
3.90134e-06
3.90134e-06
3.90134e-06
3.90134e-06
3.90134e-06
3.90134e-06
3.90134e-06
3.90134e-06
3.90134e-06
3.90134e-06
3.90134e-06
3.90134e-06
3.90134e-06
3.90134e-06
3.90134e-06
3.90134e-06
3.90134e-06
3.90134e-06
3.90134e-06
3.90134e-06
3.90134e-06
3.90134e-06
3.90134e-06
3.90134e-06
3.90134e-06
3.90134e-06
3.90134e-06
3.90134e-06
3.90134e-06
3.90134e-06
3.90134e-06
3.90134e-06
3.90134e-06
3.90134e-06
3.90134e-06
3.90134e-06
3.90134e-06
3.90134e-06
3.90134e-06
3.90134e-06
3.90134e-06
3.90134e-06
3.90134e-06
3.90134e-06
3.90134e-06
3.90134e-06
3.90134e-06
3.90134e-06
3.90134e-06
3.90134e-06
3.90134e-06
3.90134e-06
3.90134e-06
3.90134e-06
3.90134e-06
3.90134e-06
3.90134e-06
3.90134e-06
3.90134e-06
3.90134e-06
3.90134e-06
3.90134e-06
3.90134e-06
3.90134e-06
3.90134e-06
3.90134e-06
3.90134e-06
3.90134e-06
3.90134e-06
3.90134e-06
3.90134e-06
3.90134e-06
3.90134e-06
3.90134e-06
3.90134e-06
3.90134e-06
3.90134e-06
3.90134e-06
3.90134e-06
3.90134e-06
3.90134e-06
3.90134e-06
3.90134e-06
3.90134e-06
3.90134e-06
3.90134e-06
3.90134e-06
3.90134e-06
3.90134e-06
3.90134e-06
3.90134e-06
3.90134e-06
3.90134e-06
3.90134e-06
3.90134e-06
3.90134e-06
3.90134e-06
3.90134e-06
3.90134e-06
3.90134e-06
3.90134e-06
3.83793e-06
3.83793e-06
3.83793e-06
3.83793e-06
3.83793e-06
3.83793e-06
3.83793e-06
3.83793e-06
3.83793e-06
3.83793e-06
3.83793e-06
3.83793e-06
3.83793e-06
3.83793e-06
3.83793e-06
3.83793e-06
3.83793e-06
3.83793e-06
3.83793e-06
3.83793e-06
3.83793e-06
3.83793e-06
3.83793e-06
3.83793e-06
3.83793e-06
3.83793e-06
3.83793e-06
3.83793e-06
3.83793e-06
3.83793e-06
3.83793e-06
3.83793e-06
3.83793e-06
3.83793e-06
3.83793e-06
3.83793e-06
3.83793e-06
3.83793e-06
3.83793e-06
3.83793e-06
3.83793e-06
3.83793e-06
3.83793e-06
3.83793e-06
3.83793e-06
3.83793e-06
3.83793e-06
3.83793e-06
3.83793e-06
3.83793e-06
3.83793e-06
3.83793e-06
3.83793e-06
3.83793e-06
3.83793e-06
3.83793e-06
3.83793e-06
3.83793e-06
3.83793e-06
3.83793e-06
3.83793e-06
3.83793e-06
3.83793e-06
3.83793e-06
3.83793e-06
3.83793e-06
3.83793e-06
3.83793e-06
3.83793e-06
3.83793e-06
3.83793e-06
3.83793e-06
3.83793e-06
3.83793e-06
3.83793e-06
3.83793e-06
3.83793e-06
3.83793e-06
3.83793e-06
3.83793e-06
3.83793e-06
3.83793e-06
3.83793e-06
3.83793e-06
3.83793e-06
3.83793e-06
3.83793e-06
3.83793e-06
3.83793e-06
3.83793e-06
3.83793e-06
3.83793e-06
3.83793e-06
3.83793e-06
3.83793e-06
3.83793e-06
3.83793e-06
3.83793e-06
3.83793e-06
3.83793e-06
3.83793e-06
3.83793e-06
3.83793e-06
3.83793e-06
3.83793e-06
3.83793e-06
3.83793e-06
3.83793e-06
3.83793e-06
3.83793e-06
3.83793e-06
3.83793e-06
3.83793e-06
3.83793e-06
3.83793e-06
3.83793e-06
3.83793e-06
3.83793e-06
3.83793e-06
3.83793e-06
3.83793e-06
3.83793e-06
3.83793e-06
3.83793e-06
3.83793e-06
3.83793e-06
3.83793e-06
3.83793e-06
3.83793e-06
3.83793e-06
3.83793e-06
3.83793e-06
3.83793e-06
3.83793e-06
3.83793e-06
3.83793e-06
3.83793e-06
3.83793e-06
3.83793e-06
3.83793e-06
3.83793e-06
3.83793e-06
3.83793e-06
3.83793e-06
3.83793e-06
3.83793e-06
3.83793e-06
3.83793e-06
3.83793e-06
3.83793e-06
3.83793e-06
3.83793e-06
3.83793e-06
3.83793e-06
3.83793e-06
3.83793e-06
3.83793e-06
3.83793e-06
3.83793e-06
3.83793e-06
3.83793e-06
3.83793e-06
3.83793e-06
3.83793e-06
3.83793e-06
3.83793e-06
3.83793e-06
3.83793e-06
3.83793e-06
3.83793e-06
3.83793e-06
3.83793e-06
3.83793e-06
3.83793e-06
3.83793e-06
3.83793e-06
3.83793e-06
3.83793e-06
3.83793e-06
3.83793e-06
3.83793e-06
3.83793e-06
3.83793e-06
3.83793e-06
3.83793e-06
3.83793e-06
3.83793e-06
3.83793e-06
3.83793e-06
3.83793e-06
3.83793e-06
3.83793e-06
3.83793e-06
3.83793e-06
3.83793e-06
3.83793e-06
3.83793e-06
3.83793e-06
3.83793e-06
3.83793e-06
3.83793e-06
3.83793e-06
3.83793e-06
3.83793e-06
3.83793e-06
3.83793e-06
3.83793e-06
3.83793e-06
3.83793e-06
3.83793e-06
3.83793e-06
3.83793e-06
3.83793e-06
3.83793e-06
3.83793e-06
3.83793e-06
3.83793e-06
3.83793e-06
3.83793e-06
3.83793e-06
3.83793e-06
3.83793e-06
3.83793e-06
3.83793e-06
3.83793e-06
3.83793e-06
3.83793e-06
3.83793e-06
3.83793e-06
3.83793e-06
3.83793e-06
3.83793e-06
3.83793e-06
3.83793e-06
3.83793e-06
3.83793e-06
3.83793e-06
3.83793e-06
3.83793e-06
3.83793e-06
3.83793e-06
3.83793e-06


1.58083e-05
-0.015656
-0.00350963
-0.00977044
-0.00610053
0.000706332
0.00108411
-0.0152287
0.0434887
0.0266427
0.0188574
-0.044716
-0.0361777
-0.0339671
-0.0316131
0.00743029
0.048711
0.0374628
-0.063724
-0.0625669
0.0730689
-0.0728377
0.131192
-0.0166807
-0.110381
0.112228
0.0160848
0.175934
0.128742
-0.201676

0.022

