397.715
397.715
397.715
397.715
397.715
397.715
397.715
397.715
397.715
397.715
238.051
238.051
238.051
238.051
238.051
218.987
191.436
190.187
190.187
190.187
190.187
190.187
133.411
133.411
133.411
133.411
133.411
133.411
133.411
133.411
133.411
133.411
133.411
133.411
133.411
133.411
133.411
133.411
133.411
133.411
133.411
133.411
123.965
123.965
123.965
123.965
72.0549
70.533
70.533
70.533
70.533
70.533
70.533
70.533
70.533
70.533
70.533
70.533
70.533
70.533
70.533
70.533
70.533
70.533
70.533
57.9044
57.9044
57.9044
57.9044
57.9044
57.9044
57.9044
57.9044
57.9044
57.9044
57.9044
57.9044
57.9044
57.9044
57.9044
57.9044
57.9044
57.9044
57.9044
57.9044
57.9044
57.9044
57.9044
57.9044
57.9044
54.215
54.215
53.6345
53.6345
53.6345
53.6345
53.6345
53.6345
53.6345
53.6345
53.6345
53.6345
53.6345
53.6345
51.7234
51.7234
51.7234
51.7234
51.7234
51.7234
51.7234
51.7234
51.7234
51.7234
51.7234
45.792
40.9354
40.9354
40.9354
40.9354
40.9354
40.9354
40.9354
40.9354
40.9354
40.9354
40.9354
40.9354
40.9354
40.9354
40.9354
40.9354
40.9354
40.9354
40.9354
40.9354
40.9354
40.9354
40.9354
40.9354
40.9354
40.9354
40.9354
40.9354
35.3553
35.3553
35.3553
35.3553
35.3553
35.3553
35.3553
33.6127
33.6127
33.6127
33.6127
33.6127
33.6127
33.2455
33.2455
33.2455
33.2455
33.2455
33.0306
33.0306
33.0306
33.0306
33.0306
33.0306
33.0306
33.0306
33.0306
33.0306
33.0306
33.0306
33.0306
33.0306
33.0306
32.9452
32.9452
32.9452
32.9452
32.9452
32.9452
32.9452
32.9452
32.9452
32.9452
32.9452
32.9452
32.9452
32.9452
32.9452
32.9452
32.9452
32.9452
32.9452
32.9452
32.9452
32.9452
32.9452
32.9452
32.9452
32.9452
32.9452
32.9452
32.9452
32.9452
32.9452
32.9452
32.9452
32.8846
32.8846
32.8846
31.2851
31.2851
31.2851
31.2851
31.2851
31.2851
31.2851
31.2851
31.2851
31.2851
31.2851
31.2851
31.2851
31.2851
31.2851
30.4179
30.4179
30.4179
30.4179
30.4179
30.4179
30.4179
30.4179
30.4179
30.3559
30.3559
30.3559
29.9369
29.9369
29.9369
29.9369
29.9369
29.9369
29.9369
29.9369
23.6161
23.6161
23.6161
23.6161
23.6161
23.6161
23.6161
23.6161
23.6161
23.6161
23.6161
23.6161
23.6161
23.6161
23.6161
23.6161
23.6161
23.6161
23.6161
23.6161
23.6161
23.6161
23.6161
23.6161
23.6161
23.6161
23.6161
23.6161
23.6161
23.6161
23.6161
23.6161
23.6161
23.6161
23.6161
23.6161
23.6161
23.6161
23.6161
23.6161
23.6161
23.6161
23.6161
23.6161
23.6161
23.6161
23.6161
23.6161
23.6161
22.552
22.552
22.552
22.552
22.552
22.552
22.552
22.552
22.552
22.552
22.552
22.552
22.552
22.552
22.552
22.552
22.552
22.552
22.552
22.552
22.552
22.552
22.552
22.552
22.552
22.552
22.552
22.552
22.552
22.552
22.552
22.552
22.552
22.552
22.552
22.552
22.552
22.552
22.552
22.552
22.552
22.552
22.552
22.552
22.552
22.552
22.552
22.552
22.552
22.552
22.552
22.552
22.552
22.552
22.552
22.552
22.552
22.552
22.552
22.552
22.552
22.552
22.552
22.552
22.552
22.552
22.552
22.552
22.552
22.552
22.552
22.552
22.552
22.552
22.552
22.552
22.552
22.552
22.552
22.552
22.552
22.552
22.552
22.552
22.552
22.552
22.552
22.552
22.552
22.552
22.552
22.552
22.552
22.552
22.552
22.552
22.552
22.552
22.552
22.552
22.5434
22.5434
22.5434
22.5434
22.5434
22.5434
22.5434
22.5434
22.5434
22.5434
22.5434
22.5434
22.5434
22.5434
22.5434
22.5434
22.5434
22.5434
22.5434
22.5434
22.5434
22.5434
22.5211
22.5211
22.5211
22.5211
21.6516
21.6516
21.6516
21.6516
21.6516
21.6516
21.6516
21.6516
21.6516
21.6516
21.6516
21.6516
21.6516
21.6516
21.6516
21.6516
21.6516
21.6516
21.6516
21.6516
21.6516
21.4427
21.4427
21.4427
21.4427
21.4427
21.4427
21.4427
21.3468
21.3468
21.3468
21.3468
21.3468
21.3468
21.3468
21.3468
21.3468
21.2579
21.2579
21.2579
21.2579
21.2579
21.2579
21.2579
21.2579
20.127
20.127
20.127
20.127
20.127
20.127
20.127
20.127
20.127
20.127
20.127
20.127
20.127
20.127
20.127
20.127
20.127
20.127
20.127
20.127
20.127
20.127
20.127
20.127
20.127
20.127
20.127
20.127
20.127
20.127
20.127
20.127
20.127
20.127
20.127
20.127
20.127
20.127
20.127
20.127
20.127
20.127
20.127
20.127
20.127
20.127
20.127
20.127
20.127
20.127
20.127
20.127
20.127
20.127
20.127
20.127
20.127
20.127
20.127
20.127
20.127
20.127
20.127
20.127
20.127
20.127
20.127
20.127
20.127
20.127
20.127
20.127
20.127
20.127
20.127
20.127
20.127
20.127
20.127
20.127
20.127
20.127
20.127
20.127
20.127
20.127
20.127
20.127
20.127
20.127
20.127
20.127
20.127
20.127
20.127
20.127
19.7653
19.7653
19.7653
19.7653
19.7653
19.7653
19.7653
19.7653
19.7653
19.7653
19.7653
19.7653
19.7653
19.7653
19.7653
19.7653
19.7653
19.7653
19.6365
19.6365
19.6365
19.6365
19.6365
19.6365
19.6365
18.8829
18.8829
18.8829
18.8829
18.8829
18.8829
18.8829
18.8829
18.8829
18.8829
18.8829
18.8829
18.8829
18.8829
18.8829
18.8829
18.8829
18.8829
18.8829
18.8829
18.8829
18.8829
18.8829
18.8829
18.8829
18.8829
18.8829
18.1909
18.1909
18.1909
18.1909
18.1909
18.1909
18.1909
18.1909
18.1909
18.1909
18.1909
18.1909
18.1909
18.1909
18.1909
18.1909
18.1909
18.1909
17.885
17.885
17.885
17.885
17.885
17.885
17.885
17.885
17.885
17.885
17.885
17.885
17.885
17.885
17.885
17.885
17.885
17.885
17.885
17.885
17.7918
17.7918
17.7918
17.7918
17.7918
17.7918
17.7918
17.7918
17.7918
17.7918
17.4827
17.4827
17.4827
17.4827
17.4827
17.4827
17.4827
17.4827
17.4827
17.4827
17.4827
17.4827
17.4827
17.4827
17.4827
17.4827
17.4827
17.4827
17.4827
17.4827
16.7761
16.7761
16.7761
16.7761
16.7761
16.7761
16.7761
16.7761
16.7761
16.7761
16.7761
16.7761
16.7761
16.7761
16.7761
16.7761
16.7761
16.7761
16.7761
16.7761
16.7761
16.7761
16.7761
16.7761
16.7761
16.7761
16.7761
16.7761
16.7761
16.7761
16.7761
16.7761
16.7761
16.7761
16.7761
16.7761
16.7761
16.7039
16.7039
16.7039
16.7039
16.7039
16.7039
16.7039
16.7039
16.7039
16.7039
16.7039
16.7039
16.7039
16.7039
16.7039
16.7039
16.7039
16.7039
16.7039
16.7039
16.7039
16.7039
16.7039
16.7039
16.7039
16.7039
16.7039
16.7039
16.7039
16.7039
16.7039
16.7039
16.7039
16.7039
16.7039
16.7039
16.7039
16.7039
16.7039
16.7039
16.7039
16.7039
16.7039
16.7039
16.7039
16.7039
16.7039
16.7039
16.7039
16.7039
16.7039
16.7039
16.7039
16.7039
16.7039
16.7039
16.7039
16.7039
16.7039
16.7039
16.7039
16.7039
16.7039
16.7039
16.7039
16.7039
16.7039
16.7039
16.7039
16.7039
16.7039
16.7039
16.7039
16.7039
16.7039
16.7039
16.7039
16.7039
16.7039
16.7039
16.7039
16.6902
16.6902
16.6902
16.6902
16.6902
16.6902
16.1678
16.1678
16.1678
16.1678
16.1678
16.1678
16.1678
16.1678
16.1678
16.1678
16.1678
16.1678
16.1678
16.1678
15.5889
15.5889
15.5889
15.5889
15.5889
15.5889
15.5889
15.5889
15.5889
15.5889
15.5889
15.5889
15.5889
15.5889
15.5889
15.5889
15.5889
15.5889
15.5889
15.5889
15.5889
15.5889
15.5889
15.5889
15.5889
15.5889
15.5889
15.5889
15.5889
15.5889
15.5889
15.5889
15.5889
15.5889
15.5889
15.5889
15.5889
15.5889
15.5889
15.5889
15.5889
15.5889
15.5889
15.5889
15.5889
15.5889
15.5889
15.5889
15.5889
15.5889
15.5889
15.5889
15.5889
15.5889
15.5889
15.5889
15.5889
15.5889
15.5889
15.5889
15.5889
15.5889
15.5889
15.5889
15.5889
15.5889
15.5889
15.5118
15.5118
15.5118
15.5118
15.5118
15.5118
15.5118
15.5118
15.5118
15.5118
15.5118
15.5118
15.5118
15.5118
15.5118
15.5118
15.5118
15.4702
15.4702
15.4702
15.4702
15.4702
15.4702
15.4702
15.4702
15.4702
15.4702
15.4702
15.4702
15.4702
15.4702
15.4702
15.4702
15.4702
15.4702
15.4702
15.2941
15.2941
15.2941
15.2941
15.2941
15.2941
15.2941
15.2941
15.2941
15.2941
15.2941
15.2941
15.2941
15.2941
15.2941
15.2941
15.2941
15.2941
15.2941
15.2941
15.2941
15.2941
15.2941
15.2941
15.2941
15.2941
15.2941
15.2941
15.2941
15.2941
15.2941
15.2941
15.2941
15.2941
15.2941
15.2941
15.2941
15.2941
15.2941
15.2941
15.2941
15.2941
15.2941
15.2941
15.2941
15.2941
15.2941
14.9088
14.9088
14.9088
14.9088
14.9088
14.9088
14.9088
14.9088
14.9088
14.9088
14.9088
14.9088
14.9088
14.9088
14.9088
14.9088
14.9088
14.9088
14.9088
14.9088
14.9088
14.9088
14.9088
14.9088
14.7608
14.7608
14.7608
14.7608
14.7608
14.7608
14.7608
14.7608
14.7608
14.5454
14.5454
14.5454
14.5454
14.5454
14.5454
14.5454
14.5454
14.5454
14.5454
14.5454
14.5454
14.5454
14.5454
14.5454
14.5454
14.5454
14.5454
14.5454
14.5454
14.5454
14.5454
14.5454
14.5454
14.5454
14.5454
14.5454
13.576
13.576
13.576
13.576
13.576
13.576
13.576
13.576
13.576
13.576
13.576
13.576
13.576
13.576
13.576
13.576
13.576
13.576
13.576
13.576
13.576
13.576
13.576
13.576
13.576
13.576
13.576
13.576
13.576
13.4937
13.4937
13.4937
13.4937
13.4937
13.4937
13.4937
13.4937
13.4937
13.4937
13.4937
13.4937
13.4937
13.4937
13.4937
13.4937
13.4937
13.4937
13.4937
13.4937
13.4937
13.4937
13.4937
13.4937
13.4937
13.4937
13.4937
13.4937
13.4937
13.4937
13.4937
13.4937
13.4937
13.4937
13.4937
13.4937
13.4937
13.4937
13.4937
13.4937
13.4937
13.4937
13.4937
13.4937
13.4731
13.4731
13.4731
13.4731
13.4731
13.4731
13.4731
13.4731
13.4731
13.4731
13.4731
13.4731
13.4731
13.4731
13.4731
13.4731
13.4731
13.4731
13.4731
13.4731
12.591
12.591
12.591
12.591
12.591
12.591
12.591
12.591
12.591
12.5229
12.5229
12.5229
12.5229
12.5229
12.5229
12.5229
12.5229
12.5229
12.5229
12.5229
12.5229
12.5229
12.5229
12.5229
12.5229
12.5229
12.5229
12.5229
12.5229
12.5229
12.439
12.439
12.439
12.439
12.439
12.439
12.439
12.439
11.552
11.552
11.552
11.552
11.552
11.552
11.552
11.552
11.552
11.552
11.552
11.552
11.552
11.552
11.552
11.552
11.552
11.552
11.552
11.552
11.4825
11.4825
11.4825
11.4825
11.4825
11.4825
11.4825
11.4825
11.4825
11.4825
11.4825
11.4825
11.4825
11.4825
11.4825
11.4825
11.4825
11.4811
11.4811
11.4811
11.4811
11.4811
11.4811
11.4811
11.4811
11.4811
11.4811
11.4811
11.4811
11.4811
11.4186
11.4186
11.4186
11.4186
11.4186
11.4186
11.4186
11.4186
11.4186
11.4186
11.4186
11.4186
11.4186
11.4186
11.4186
11.4186
11.2894
11.2894
11.2894
11.2894
11.2894
11.2894
11.2894
11.2894
11.2894
11.2894
11.2894
11.2894
11.2894
11.2894
11.2894
11.2894
11.2894
11.2894
11.2894
11.2894
11.2894
11.2894
11.2894
11.2894
11.2894
11.2894
11.2894
11.2894
11.2894
11.2894
11.2894
11.2894
11.2894
11.2894
11.2894
11.2894
11.2894
11.2894
11.2894
11.2894
11.2894
11.2894
11.2894
11.2894
11.2894
11.2894
11.2894
11.2894
11.2894
11.2894
11.2894
11.2894
11.2894
11.2894
11.2894
11.2894
11.2894
11.2894
11.2894
11.2894
11.2894
11.2894
11.2894
11.2894
11.2894
11.2894
11.2532
11.2532
11.2532
11.2532
11.2532
11.2532
11.2532
11.2532
11.2532
11.2532
11.2532
11.2532
11.2532
11.2532
11.2532
11.2532
11.2532
11.2532
11.2532
11.2532
11.2532
11.0274
11.0274
11.0274
11.0274
11.0274
11.0274
11.0274
11.0274
11.0274
11.0274
11.0274
11.0274
11.0274
11.0274
11.0274
11.0274
11.0274
11.0274
11.0274
11.0274
11.0274
11.0274
11.0274
11.0274
11.0274
11.0274
11.0274
11.0274
11.0274
11.0274
11.0274
11.0274
11.0274
11.0274
11.0274
11.0274
11.0274
11.0274
11.0274
11.0274
11.0274
11.0274
11.0274
11.0274
11.0274
11.0274
11.0274
11.0274
11.0274
11.0274
11.0274
11.0274
11.0274
11.0274
11.0274
11.0274
11.0274
11.0274
11.0274
11.0274
11.0274
11.0274
11.0274
11.0274
11.0274
11.0274
11.0274
11.0274
11.0274
11.0274
11.0274
11.0274
11.0274
11.0274
11.0274
11.0274
11.0274
11.0274
11.0274
11.0274
11.0274
11.0274
11.0274
11.0274
11.0274
11.0274
10.7841
10.7841
10.7841
10.7841
10.7841
10.7841
10.7841
10.7841
10.7841
10.7841
10.7841
10.7841
10.7742
10.7742
10.7742
10.7742
10.7742
10.7742
10.7742
10.7742
10.7742
10.7742
10.7742
10.7742
10.7742
10.7742
10.7386
10.7386
10.7386
10.7386
10.7386
10.7386
10.7386
10.6504
10.6504
10.6504
10.6504
9.98643
9.98643
9.98643
9.98643
9.98643
9.98643
9.98643
9.98643
9.98643
9.98643
9.80497
9.80497
9.80497
9.80497
9.80497
9.80497
9.80497
9.80497
9.80497
9.80497
9.80497
9.80497
9.80497
9.80497
9.80497
9.80497
9.80497
9.80497
9.80497
9.80497
9.80497
9.80497
9.80497
9.80497
9.80497
9.80497
9.80497
9.80497
9.80497
9.80497
9.80497
9.80497
9.80497
9.80497
9.80497
9.80497
9.80497
9.2083
9.2083
9.2083
9.2083
9.2083
9.2083
9.2083
9.2083
9.2083
9.2083
9.2083
9.2083
9.2083
9.2083
9.2083
9.2083
9.2083
9.2083
9.2083
9.2083
9.2083
9.2083
9.2083
9.2083
9.2083
9.2083
9.2083
9.2083
9.2083
9.2083
9.2083
9.2083
9.2083
9.2083
9.2083
9.2083
9.2083
9.2083
9.2083
9.2083
9.2083
9.2083
9.2083
9.2083
9.2083
9.2083
9.2083
9.2083
9.2083
9.2083
9.2083
9.2083
9.2083
9.2083
9.2083
9.2083
9.2083
9.2083
9.2083
9.2083
9.2083
9.2083
9.2083
9.2083
9.2083
9.2083
9.2083
9.2083
9.2083
9.2083
9.2083
9.2083
9.2083
9.2083
9.2083
9.2083
9.2083
9.2083
9.2083
9.2083
9.2083
9.2083
9.2083
9.2083
9.2083
9.2083
9.2083
9.2083
9.2083
9.2083
9.2083
9.2083
9.2083
9.2083
9.2083
9.2083
9.11002
9.11002
9.11002
9.11002
9.11002
9.11002
9.11002
9.11002
9.11002
9.11002
9.11002
9.11002
9.11002
9.11002
9.11002
9.11002
9.11002
9.11002
9.11002
9.11002
9.11002
9.11002
9.11002
9.11002
9.11002
9.11002
9.11002
9.11002
9.11002
9.11002
9.11002
9.11002
9.11002
9.11002
9.11002
9.11002
9.11002
9.11002
9.11002
9.11002
9.11002
9.11002
9.11002
9.11002
9.11002
9.11002
9.11002
9.11002
9.11002
9.11002
9.11002
9.11002
9.11002
9.11002
9.11002
9.11002
9.11002
9.11002
9.11002
9.11002
9.11002
9.11002
9.11002
9.11002
9.11002
9.11002
9.11002
9.11002
9.11002
9.11002
9.11002
9.11002
9.11002
9.10096
9.10096
9.10096
9.10096
9.10096
9.10096
9.10096
9.10096
9.10096
9.10096
9.10096
9.10096
9.10096
9.10096
9.10096
9.10096
9.10096
8.96331
8.96331
8.96331
8.96331
8.96331
8.96331
8.96331
8.96331
8.96331
8.96331
8.96331
8.96331
8.96331
8.96331
8.96331
8.93442
8.93442
8.93442
8.93442
8.93442
8.93442
8.93442
8.93442
8.93442
8.93442
8.93442
8.93442
8.93442
8.93442
8.93442
8.93442
8.93442
8.93442
8.93442
8.93442
8.78108
8.78108
8.78108
8.78108
8.78108
8.78108
8.78108
8.78108
8.78108
8.78108
8.78108
8.78108
8.78108
8.78108
8.78108
8.78108
8.66047
8.66047
8.66047
8.66047
8.66047
8.66047
8.66047
8.66047
8.66047
8.66047
8.66047
8.66047
8.66047
8.66047
8.66047
8.66047
8.66047
8.66047
8.66047
8.66047
8.66047
8.66047
8.66047
8.66047
8.66047
8.66047
8.66047
8.66047
8.66047
8.66047
8.66047
8.66047
8.66047
8.66047
8.66047
8.66047
8.66047
8.66047
8.66047
8.66047
8.66047
8.66047
8.66047
8.66047
8.66047
8.66047
8.58572
8.58572
8.58572
8.58572
8.58572
8.58572
8.58572
8.58572
8.58572
8.58572
8.58572
8.58572
8.58572
8.58572
8.58572
8.58572
8.58572
8.58572
8.58572
8.58572
8.58572
8.58572
8.58572
8.58572
8.58572
8.58572
8.58572
8.58572
8.58572
8.58572
8.58572
8.58572
8.58572
8.58572
8.58572
8.58572
8.58572
8.58572
8.58572
8.58572
8.58572
8.58572
8.58572
8.58572
8.58572
8.58572
8.58572
8.58572
8.58572
8.58572
8.58572
8.58572
8.58572
8.58572
8.58572
8.58572
8.58572
8.58572
8.58572
8.58572
8.58572
8.58572
8.58572
8.58572
8.58572
8.58572
8.58572
8.58572
8.58572
8.58572
8.58572
8.58572
8.58572
8.58572
8.58572
8.58572
8.58572
8.58572
8.58572
8.58572
8.58572
8.58572
8.58572
8.58572
8.58572
8.58572
8.58572
8.58572
8.58572
8.58572
8.58572
8.58572
8.58572
8.58572
8.58572
8.58572
8.58572
8.58572
8.54035
8.54035
8.44231
8.44231
8.44231
8.44231
8.44231
8.44231
8.44231
8.44231
8.44231
8.44231
8.44231
8.44231
8.44231
8.44231
8.44231
8.44231
8.44231
8.44231
8.44231
8.44231
8.44231
8.44231
8.44231
8.44231
8.44231
8.44231
8.44231
8.44231
8.44231
8.44231
8.44231
8.44231
8.44231
8.44231
8.44231
8.44231
8.44231
8.44231
8.44231
8.44231
8.44231
8.44231
8.44231
8.44231
8.44231
8.44231
8.44231
8.44231
8.44231
8.44231
8.44231
8.44231
8.44231
8.44231
8.44231
8.44231
8.44231
8.44231
8.44231
8.44231
8.44231
8.29416
8.29416
8.29416
8.29416
8.29416
8.29416
8.29416
8.29416
8.29416
8.29416
8.29416
8.29416
8.06547
8.06547
8.06547
8.06547
8.06547
8.06547
8.06547
8.06547
8.06547
8.06547
8.06547
8.06547
8.06547
7.51685
7.51685
7.51685
7.51685
7.51685
7.51685
7.51685
7.51685
7.51685
7.51685
7.51685
7.51685
7.51685
7.51685
7.51685
7.51685
7.51685
7.51685
7.51685
7.51685
7.51685
7.51685
7.51685
7.51685
7.51685
7.51685
7.51685
7.51685
7.51685
7.51685
7.51685
7.51685
7.51685
7.51685
7.51685
7.51685
7.51685
7.51685
7.51685
7.51685
7.42186
7.42186
7.42186
7.42186
7.42186


-43.3024
-16.5431
-45.0706
-17.3867
-3.41576
-5.83219
12.9952
-17.274
14.4443
31.7328
17.7771
-28.0893
1.03615
-3.76223
5.38507
22.2715
-28.8841
-30.0955
5.07587
-1.97626
30.9519
50.2774
-51.3288
6.24712
8.21765
-8.48921
-20.6452
22.5384
10.2801
-93.3941

0.028

