572.746
572.746
485.058
485.058
352.499
352.499
352.499
352.499
352.499
318.582
189.187
189.187
129.455
129.155
129.155
129.155
129.155
129.155
129.155
129.155
79.1841
79.1841
74.0177
74.0177
61.0946
59.3407
59.3407
57.9589
57.9589
51.7446
51.7446
51.7446
51.7446
43.5724
43.5724
43.5724
43.5724
43.5724
43.5724
43.5724
43.5724
43.5724
43.5724
43.5724
43.5724
45.8623
45.8623
45.8623
39.1799
39.1799
39.1799
39.1799
39.1799
39.1799
38.9611
32.1938
32.1938
32.1938
32.1938
32.1938
32.1938
32.1938
32.1938
32.1938
32.1938
32.1938
32.1938
30.1885
30.1885
30.1885
30.1885
30.1885
30.1885
30.1885
25.5881
25.5881
25.5881
25.5881
25.5881
24.9417
24.5272
24.5272
24.5272
24.5272
24.5272
20.3532
20.3532
20.3532
20.3532
20.3532
20.3532
20.3532
20.3532
20.3532
20.3532
20.3532
20.3532
20.3532
20.3532
20.3532
20.3532
20.3532
20.3532
19.9775
19.9775
19.9775
19.9775
19.9775
19.9775
19.9554
19.9554
19.9554
19.8901
19.8901
19.8901
19.6409
19.6409
19.6409
19.6409
19.6409
19.6409
19.6409
19.6409
19.4837
18.6429
18.6429
18.6429
18.6429
17.4344
17.4344
17.4344
17.4344
17.4344
17.4344
17.4344
17.4344
17.4344
17.4344
17.3161
17.3161
17.3161
17.3161
17.3161
17.3161
17.3161
17.3161
17.3161
17.2423
17.2423
17.2423
17.2423
17.2423
17.2423
17.2423
17.2423
17.2423
17.2423
17.2423
17.2423
17.2423
17.2423
17.2423
17.2423
17.2423
17.2423
17.2423
17.2423
17.2423
17.2423
16.7322
16.6784
16.6784
16.6784
16.2467
16.2467
15.6187
15.3886
15.3886
15.3886
15.3886
15.3886
14.6541
14.0924
14.0924
14.0924
14.0924
14.0924
14.0924
14.0924
14.0924
13.8783
13.8783
12.989
12.989
12.989
12.989
12.989
12.989
12.989
12.989
12.989
12.989
12.989
12.989
12.989
12.989
12.989
12.989
12.989
12.989
12.989
12.7637
12.7637
12.7637
12.7637
12.7637
12.7637
12.7637
12.7637
12.7637
12.7637
12.7637
12.7637
12.7637
12.7637
12.7637
12.7637
12.7637
12.7637
12.7637
12.7637
12.7637
12.7637
12.7637
12.7637
12.7637
12.7637
12.7637
12.7637
12.7637
12.7637
12.7637
12.7637
12.7637
12.7637
12.7637
12.7637
12.585
12.585
12.585
12.585
12.585
12.3473
12.3473
12.3473
12.3303
12.3303
12.3303
12.3303
12.3303
12.3303
11.8045
11.8045
11.8045
11.704
11.704
11.704
11.704
11.704
11.704
11.704
11.704
11.704
11.704
11.704
11.704
11.0112
11.0112
11.0112
10.9667
10.9667
10.9667
10.9667
10.9667
10.9667
10.9667
10.9667
10.9667
10.9667
10.9667
10.9667
10.9667
10.9667
10.9667
10.9667
10.9667
10.9667
10.9667
10.9667
10.771
10.771
10.771
10.771
10.771
10.771
10.771
10.771
10.771
10.771
10.771
10.771
10.771
10.771
10.771
10.771
10.771
10.771
10.771
10.771
10.771
10.771
10.771
10.771
10.771
10.771
10.771
10.718
10.718
10.7037
10.7037
10.7037
10.7037
10.675
10.675
10.675
10.675
10.675
10.675
10.675
10.675
10.675
10.675
10.675
10.675
10.675
10.675
10.675
10.675
10.675
10.675
10.675
10.675
10.675
10.6509
10.6509
10.6509
10.6509
10.6509
10.6509
10.6509
10.6509
10.6509
10.6509
10.6509
10.6509
10.6509
10.6509
10.6509
10.6509
10.6509
10.6509
10.5872
10.5872
10.5872
10.5872
10.5872
10.5872
10.5872
10.5872
10.5872
10.5872
10.5872
10.5793
10.5793
10.5793
10.5793
10.5793
10.5793
10.5793
10.5793
10.5793
10.5793
10.5793
10.5793
10.5793
10.5793
10.5793
10.5776
10.5776
10.5776
10.5744
10.5744
10.5744
10.5744
10.5744
10.5622
10.5622
10.5622
10.5622
10.5622
10.5622
10.5622
10.5622
10.5622
10.5622
10.5622
10.5622
10.5625
10.4097
10.4097
10.4097
10.4097
10.3775
10.3775
10.3775
10.3775
10.3858
10.3858
10.3858
10.3858
10.3858
10.3858
10.3858
10.3858
10.3858
10.3858
10.3858
10.3858
10.3858
10.3858
10.3858
10.3858
10.3858
10.3858
10.3858
10.3858
10.3858
10.3858
10.3858
10.3858
10.3858
10.3858
10.3858
10.3858
10.3858
10.3858
10.3672
10.3672
10.3672
10.3672
10.3672
10.3672
10.3672
10.3672
10.3265
10.3156
10.3156
10.3156
10.3156
10.3156
10.3156
10.3156
10.3156
10.3156
10.3109
10.3109
10.3109
10.3025
10.3025
10.3025
10.3025
10.3025
10.3025
10.3025
10.3025
10.2899
10.2899
10.2899
10.2899
10.2899
10.2899
10.2899
10.2899
10.2483
10.2483
10.2483
10.2483
10.2483
10.2483
10.2483
10.2483
10.2483
10.2483
10.2483
10.2483
10.2478
10.2478
10.2478
10.2395
10.2395
10.2395
10.2395
10.2395
10.2395
10.2395
10.2382
10.2382
10.2356
10.2356
10.2356
10.2356
10.2334
10.2334
10.2334
10.2334
10.2334
10.2334
10.2334
10.2334
10.2334
10.2334
10.2334
10.2334
10.2221
10.2221
10.2221
10.2221
10.2221
10.2221
10.2221
10.2221
10.2221
10.2221
10.212
10.212
10.212
10.212
10.212
10.212
10.2127
10.2127
10.2127
10.2127
10.2127
10.2127
10.2127
10.2127
10.2127
10.2127
10.2045
10.2045
10.2045
10.2045
10.2045
10.2045
10.2045
10.2045
10.2045
10.2045
10.2045
10.2045
10.2045
10.2045
10.2045
10.2045
10.2045
10.2045
10.2045
10.2045
10.2045
10.2045
10.2045
10.2045
10.2045
10.2045
10.2045
10.2045
10.2045
10.2022
10.2022
10.2022
10.2022
10.1627
10.1627
10.0971
10.0971
10.044
10.044
10.044
10.044
10.044
10.044
10.044
10.044
10.044
10.044
9.96818
9.96818
9.96818
9.96818
9.96818
9.96818
9.96818
9.96818
9.96818
9.96818
9.96818
9.96818
9.96818
9.96818
9.96818
9.96818
9.96749
9.96749
9.96749
9.96749
9.96749
9.96749
9.96749
9.96749
9.96749
9.96749
9.96749
9.96749
9.96749
9.96749
9.96749
9.96749
9.96749
9.96022
9.96022
9.96022
9.96022
9.94977
9.94977
9.94977
9.94977
9.94977
9.94977
9.94977
9.92548
9.92548
9.92548
9.92548
9.92548
9.92548
9.91928
9.91928
9.91928
9.91928
9.91356
9.91356
9.91356
9.91356
9.91356
9.91356
9.91356
9.91356
9.91356
9.91356
9.91356
9.91356
9.91356
9.91356
9.91356
9.90477
9.90441
9.90441
9.90441
9.90441
9.90441
9.90441
9.89687
9.89045
9.89045
9.89045
9.89045
9.89045
9.89045
9.89045
9.88996
9.88996
9.88996
9.88996
9.88996
9.88996
9.8859
9.8859
9.8859
9.8859
9.8859
9.8859
9.8859
9.88062
9.88062
9.87752
9.87752
9.87752
9.87752
9.87752
9.87752
9.87752
9.87752
9.87752
9.87752
9.87752
9.87752
9.87752
9.87752
9.87752
9.87752
9.87752
9.87752
9.87752
9.87752
9.87752
9.87752
9.87752
9.42944
9.42944
9.42944
9.42944
9.42944
9.42944
9.42944
9.42944
9.42944
9.42944
9.42944
9.42944
9.42944
9.42944
9.42944
9.37304
9.37304
9.37304
9.37304
9.37304
9.37304
9.37304
9.37304
9.37304
9.37304
9.37304
9.37304
9.37304
9.37304
9.37304
9.37304
9.37304
9.37304
9.37304
9.37506
9.37506
9.37506
9.37506
9.37506
9.37506
9.37506
9.37506
9.37506
9.37506
9.37506
9.37506
9.37506
9.36489
9.36489
9.36489
9.36489
9.36489
9.36489
9.36489
9.36489
9.36489
9.36489
9.36489
9.36489
9.36489
9.36489
9.36489
9.36489
9.36489
9.36489
9.35273
9.35273
9.35273
9.35273
9.35273
9.35273
9.34722
9.34722
9.34722
9.34722
9.31606
9.31606
9.31606
9.31606
9.31606
9.31606
9.31606
9.31606
9.31606
9.31606
9.31606
9.31606
9.31606
9.31606
9.31606
9.31606
9.31606
9.31606
9.31606
9.31606
9.31606
9.31606
9.31606
9.31606
9.31606
9.31606
9.31606
9.31606
9.31606
9.31606
9.31606
9.31606
9.31606
9.31606
9.31606
9.31606
9.3053
9.3053
9.3053
9.3053
9.3053
9.3053
9.3053
9.3053
9.30567
9.30567
9.30567
9.27053
9.27053
9.25552
9.25552
9.25552
9.25552
9.25552
9.25552
9.25552
9.25552
9.24639
9.24639
9.24639
9.24639
9.24639
9.24639
9.24639
9.24639
9.24639
9.24639
9.24639
9.24639
9.24639
9.24639
9.24639
9.24639
9.24639
9.24639
9.24639
9.24639
9.24639
9.2402
9.2402
9.2402
9.2402
9.2402
9.2402
9.2402
9.2402
9.2402
9.2402
9.2402
9.2402
9.2402
9.2402
9.2402
9.2402
9.2402
9.2402
9.2402
9.2402
9.2402
9.2402
9.2402
9.2402
9.2402
9.2402
9.2402
9.2402
9.2402
9.21501
9.21501
9.21501
9.21501
9.21501
9.21501
9.21501
9.21501
9.21501
9.23114
9.23114
9.23114
9.22468
9.22468
9.22468
9.22468
9.22468
9.22468
9.22468
9.22468
9.22468
9.22468
9.22468
9.22468
9.22468
9.224
9.224
9.224
9.224
9.224
9.22131
9.22131
9.22131
9.22131
9.22131
9.22131
9.22131
9.22131
9.22131
9.22131
9.22131
9.21894
9.2128
9.2128
9.21264
9.21264
9.21264
9.21264
9.21264
9.21264
9.21264
9.21264
9.21264
9.21264
9.21264
9.21264
9.21264
9.21264
9.21264
9.21264
9.21264
9.21264
9.21264
9.21264
9.20734
9.20734
9.20734
9.20734
9.20734
9.20734
9.20734
9.20734
9.20734
9.20734
9.20734
9.20734
9.20734
9.20734
9.20734
9.20734
9.20734
9.20734
9.20734
9.20734
9.20734
9.20702
9.20702
9.20702
9.20517
9.20517
9.20517
9.20517
9.2051
9.20478
9.20407
9.20407
9.20407
9.20407
9.20407
9.2035
9.2035
9.2024
9.2024
9.2024
9.2024
9.2024
9.2024
9.2024
9.2024
9.2024
9.2024
9.2024
9.2024
9.20181
9.19819
9.19778
9.19778
9.19778
9.19778
9.19778
9.19778
9.19778
9.19778
9.19778
9.19778
9.19778
9.19778
9.19778
9.19778
9.19778
9.19778
9.19778
9.19778
9.19778
9.19756
9.19733
9.19733
9.19589
9.19589
9.19589
9.19584
9.19584
9.19584
9.19584
9.19575
9.19575
9.19575
9.19575
9.19575
9.19575
9.19575
9.19575
9.19575
9.19575
9.19575
9.19575
9.19575
9.19499
9.19499
9.19499
9.19499
9.19499
9.19499
9.19499
9.19499
9.19499
9.19499
9.19499
9.19499
9.19499
9.19499
9.19499
9.19499
9.19499
9.19499
9.19499
9.19499
9.19499
9.19499
9.19499
9.19499
9.19499
9.19499
9.19459
9.19459
9.19459
9.19459
9.19459
9.19459
9.19459
9.19459
9.19459
9.19459
9.19459
9.19459
9.19459
9.19459
9.19459
9.19459
9.19459
9.19459
9.19459
9.19459
9.19459
9.19459
9.19459
9.19459
9.19459
9.19459
9.19459
9.19386
9.19386
9.19386
9.19386
9.19386
9.19386
9.19386
9.19386
9.19386
9.19386
9.19386
9.19386
9.19386
9.19386
9.19386
9.19386
9.1937
9.1937
9.1937
9.1937
9.19333
9.19333
9.19333
9.19333
9.19333
9.19333
9.19333
9.19333
9.19323
9.19302
9.19302
9.19302
9.19301
9.19301
9.19301
9.19301
9.19229
9.19183
9.19183
9.19183
9.19183
9.19183
9.19183
9.19183
9.19183
9.19183
9.19183
9.19183
9.19183
9.19183
9.19183
9.19183
9.19183
9.19183
9.19183
9.19183
9.19179
9.19179
9.19177
9.19177
9.19177
9.19177
9.19153
9.19153
9.19153
9.19144
9.19144
9.19144
9.19144
9.19144
9.19144
9.19143
9.19143
9.19143
9.19143
9.19143
9.19143
9.19143
9.19143
9.19143
9.19136
9.19136
9.19136
9.19136
9.19136
9.19136
9.19136
9.19136
9.19136
9.19136
9.19136
9.1913
9.1913
9.1913
9.1913
9.1913
9.1913
9.1913
9.1913
9.1913
9.1913
9.1913
9.1913
9.1913
9.1913
9.1913
9.1913
9.1913
9.1913
9.19127
9.19127
9.19127
9.19127
9.19127
9.19127
9.19127
9.19127
9.19127
9.19127
9.19127
9.19127
9.19127
9.19127
9.19127
9.19127
9.19127
9.19127
9.19127
9.19127
9.19127
9.19127
9.19127
9.19127
9.19127
9.19128
9.19128
9.19128
9.19128
9.19128
9.19127
9.19127
9.19125
9.19125
9.19125
9.19117
9.19117
9.19117
9.19114
9.19114
9.19114
9.19113
9.19113
9.19113
9.19113
9.19113
9.19112
9.19112
9.19112
9.19112
9.1911
9.1911
9.1911
9.1911
9.1911
9.1911
9.1911
9.1911
9.1911
9.1911
9.1911
9.1911
9.1911
9.19108
9.19108
9.19108
9.19108
9.19108
9.19108
9.19108
9.19108
9.19108
9.19108
9.19108
9.19108
9.19101
9.19101
9.19101
9.19101
9.19101
9.19101
9.19101
9.19101
9.19101
9.19103
9.19103
9.19103
9.19103
9.18906
9.18906
9.18906
9.18906
9.18906
9.18906
9.18906
9.18906
9.18906
9.18906
9.18906
9.18906
9.18906
9.18906
9.18906
9.02428
9.02428
9.02428
9.02428
9.02428
9.02428
9.02428
9.02428
9.02428
9.02428
9.02428
9.02428
9.02428
9.02428
9.02428
9.02428
8.99174
8.99174
8.99174
8.99174
8.99174
8.99174
8.99174
8.99174
8.99174
8.99174
8.99174
8.99174
8.99174
8.99174
8.99174
8.99174
8.99174
8.99174
8.99174
8.99174
8.99174
8.99174
8.99174
8.99174
8.99174
8.99174
8.99174
8.99174
8.99174
8.99174
8.99174
8.99174
8.99174
8.99174
8.99174
8.99174
8.99174
8.99174
8.99174
8.99174
8.99174
8.99174
8.99174
8.98846
8.98846
8.98846
8.98846
8.98846
8.94541
8.94541
8.94541
8.94541
8.94541
8.94541
8.93108
8.93108
8.93108
8.93108
8.93108
8.93108
8.93108
8.93108
8.93108
8.93108
8.93108
8.93108
8.93108
8.93108
8.93108
8.93108
8.93108
8.93108
8.93108
8.93108
8.93108
8.93108
8.93108
8.93108
8.93108
8.93108
8.93108
8.93108
8.93108
8.93108
8.93108
8.93108
8.93108
8.93108
8.93108
8.93108
8.93108
8.93108
8.85502
8.85502
8.85502
8.85502
8.85502
8.85502
8.85553
8.85553
8.85553
8.85553
8.85553
8.85553
8.85553
8.85553
8.85553
8.85553
8.85553
8.85553
8.85553
8.85553
8.85553
8.85553
8.85553
8.85553
8.85553
8.85553
8.85553
8.85553
8.85553
8.85553
8.85553
8.85553
8.85553
8.85553
8.85553
8.85553
8.85553
8.85553
8.85553
8.85553
8.85553
8.85553
8.85553
8.85553
8.85553
8.85553
8.85553
8.85553
8.85553
8.85553
8.85553
8.85553
8.85553
8.85553
8.85553
8.84981
8.84981
8.84981
8.84981
8.83543
8.83543
8.83543
8.83543
8.83543
8.83543
8.83543
8.83543
8.83543
8.83543
8.83543
8.83543
8.83543
8.83543
8.83543
8.83543
8.83543
8.83543
8.83543
8.83543
8.83543
8.83543
8.83543
8.83543
8.83543
8.83543
8.83543
8.83543
8.83543
8.83543
8.83543
8.83543
8.83484
8.83484
8.83484
8.83484
8.83484
8.83484
8.83018
8.83018
8.83018
8.83018
8.83018
8.83018
8.83018
8.83018
8.83018
8.83018
8.83018
8.83018
8.83018
8.83018
8.83018
8.83018
8.83018
8.83018
8.82439
8.82439
8.82439
8.82439
8.82439
8.82439
8.82439
8.82439
8.82439
8.82439
8.82439
8.82439
8.82439
8.82439
8.82439
8.82439
8.82439
8.82439
8.82439
8.82439
8.82439
8.82439
8.82439
8.82439
8.82439
8.82439
8.82439
8.82439
8.82439
8.82439
8.82439
8.82439
8.82439
8.82439
8.82439
8.82186
8.82186
8.82186
8.82186
8.82186
8.82186
8.82186
8.82186
8.82186
8.82186
8.82186
8.82186
8.82186
8.82186
8.81909
8.81909
8.81909
8.81909
8.81909
8.81909
8.81909
8.81909
8.81909
8.81909
8.81909
8.81909
8.81909
8.81909
8.81909
8.81909
8.81909
8.81909
8.81909
8.81909
8.81909
8.81909
8.81909
8.8186
8.8186
8.8186
8.8186
8.8186
8.8186
8.81822
8.81822
8.81822
8.81822
8.81822
8.81822
8.81822
8.81822
8.81822
8.81822
8.81822
8.81822
8.81822
8.81822
8.81822
8.81822
8.81822
8.81822
8.81822
8.81822
8.81822
8.81822
8.81822
8.81822
8.81822
8.81822
8.81822
8.81822
8.81822
8.81822
8.81822
8.81822
8.81822
8.81822
8.81822
8.81822
8.81822
8.81822
8.81822
8.81822
8.81822
8.81822
8.81822
8.81822
8.81822
8.81822
8.81822
8.81822
8.81822
8.81822
8.81822
8.81822
8.81822
8.81822
8.81822
8.81822
8.81822
8.81822
8.81802
8.81802
8.81802
8.81801
8.81801
8.81796
8.81796
8.81796
8.81796
8.81796
8.81796
8.81796
8.81796
8.81796
8.8179
8.8179
8.8179
8.8179
8.8179
8.8179
8.8179
8.8179
8.8179
8.8179
8.8179
8.8179
8.8179
8.8179
8.8179
8.81785
8.81785
8.81785
8.81779
8.81779
8.81779
8.81779
8.81779
8.81779
8.81779
8.81779
8.81779
8.81779
8.81779
8.81779
8.81779
8.81779
8.81779
8.81779
8.81779
8.81779
8.81779
8.81773
8.81773
8.81773
8.81773
8.81773
8.81773
8.81773
8.81773
8.81773
8.81773
8.81773
8.81773
8.81773
8.81732
8.81714
8.81714
8.81714
8.81714
8.81714
8.81714
8.81714
8.81714
8.81714
8.8171
8.8171
8.8171
8.81697
8.81697
8.81697
8.81697
8.81697
8.81697
8.81697
8.81697
8.81697
8.81697
8.81697
8.81697
8.81697
8.81697
8.81697
8.81697
8.81697
8.81697
8.81697
8.81697
8.81697
8.81697
8.81697
8.81697
8.81697
8.81697
8.81697
8.81697
8.81697
8.81697
8.81697
8.81697
8.81697
8.81697
8.81697
8.81697
8.81697
8.81697
8.81697
8.81694
8.81694
8.81694
8.81694
8.81694
8.81694
8.81694
8.81694
8.81694
8.81694
8.81694
8.81685
8.81685
8.81685
8.81685
8.81685
8.81679
8.81679
8.81673
8.81673
8.81671
8.81671
8.81671
8.81671
8.81671
8.81671
8.81671
8.81671
8.81671
8.81666
8.81666
8.81666
8.81666
8.81666
8.81666
8.81666
8.81665
8.81665
8.81665
8.81665
8.81665
8.81665
8.81665
8.81665
8.81665
8.81665
8.81665
8.81665
8.81665
8.81665
8.81665
8.81665
8.81665
8.81665
8.81665
8.81665
8.81665
8.81665
8.81665
8.81665
8.81665
8.81665
8.81665
8.81665
8.81665
8.81665
8.81659
8.81659
8.81659
8.81659
8.81659
8.81659
8.81659
8.81659
8.81659
8.81659
8.81659
8.81659
8.81659
8.81659
8.81659
8.81659
8.81659
8.81659
8.81659
8.81659
8.81659
8.81659
8.81659
8.81659
8.81659
8.81659
8.81659
8.81659
8.81659
8.81659
8.81657
8.81657
8.81657
8.81657
8.81657
8.81657
8.81657
8.81657
8.81657
8.81657
8.81657
8.81657
8.81657
8.81657
8.81657
8.81657
8.81657
8.81657
8.81657
8.81656
8.81656
8.81656
8.81656
8.81656
8.81656
8.81656
8.81656
8.81656
8.81656
8.81656
8.81656
8.81656
8.81656
8.81656
8.81656
8.81656
8.81655
8.81655
8.81655
8.81655
8.81655
8.81655
8.81655
8.81655
8.81655
8.81655
8.81655
8.81655
8.81655
8.81653
8.81653
8.81653
8.81653
8.81653
8.81653
8.81653
8.81653
8.81653
8.81653
8.81653
8.81649
8.81649
8.81646
8.81646
8.81646
8.81646
8.81646
8.81645
8.81645
8.81645
8.81645
8.81644
8.81644
8.81644
8.81644
8.81644
8.81644
8.81644
8.81644
8.81644
8.81644
8.81644
8.81644
8.81644
8.81644
8.81644
8.81644
8.81644
8.81644
8.81644
8.81644
8.81643
8.81643
8.81643
8.81643
8.81642
8.81642


-33.2305
-32.7474
-32.747
-32.7996
-32.864
-32.805
-32.7249
-32.8921
-32.7611
-32.8061
-32.7648
-32.7941
-32.8293
-32.7709
-32.8013
-32.7668
-32.8175
-32.7914
-32.9616
-32.7288
-32.8907
-32.9645
-32.8365
-32.6605
-32.8507
-32.9151
-32.8694
-32.6887
-32.9308
-3.57677

0.026

