176275
176275
176275
176275
176275
176275
176275
161807
161807
161807
156923
156923
156923
115662
115662
115662
115662
100576
100576
100576
100576
100576
86583.4
86583.4
86583.4
71265.8
61907.3
61907.3
57518
57518
57518
57518
55622.7
55622.7
55622.7
52065.3
52065.3
52065.3
52065.3
52065.3
52065.3
52065.3
52065.3
50916.6
50916.6
50916.6
50916.6
50916.6
50916.6
43596.8
43596.8
43596.8
43596.8
43596.8
42188
42188
40535.2
40535.2
40535.2
40535.2
40535.2
40535.2
40535.2
40535.2
40535.2
40535.2
40535.2
40535.2
40535.2
38265.2
33961.2
33961.2
33961.2
33961.2
33961.2
33961.2
33961.2
33961.2
33961.2
33961.2
33961.2
33961.2
33959.6
33959.6
31172.8
22951.7
22951.7
22951.7
22951.7
22951.7
22951.7
22951.7
22951.7
22951.7
22951.7
22951.7
22951.7
22951.7
22951.7
22091.5
22091.5
21974
21974
21974
21825.3
21825.3
21825.3
21825.3
20590.3
20590.3
20590.3
20590.3
20590.3
19534
18392
18392
18392
18392
18392
17883.7
17845.7
17845.7
17845.7
17845.7
17845.7
17845.7
16945
16945
16945
16945
16945
16945
16945
16945
16713.7
14352.2
14352.2
14352.2
14352.2
14352.2
14352.2
14352.2
13762.2
13762.2
13762.2
13762.2
13762.2
13762.2
13762.2
13762.2
13762.2
13762.2
13762.2
13762.2
13762.2
13762.2
13762.2
13762.2
13762.2
13762.2
13762.2
13687
13687
13687
13687
13687
13439.9
13439.9
13116
13116
13116
12706
12706
12685
12685
11161.7
11161.7
11161.7
11161.7
11161.7
11161.7
11161.7
11161.7
11161.7
11161.7
11161.7
11161.7
11161.7
11161.7
11161.7
11161.7
11161.7
11104.4
10751.3
10751.3
10135.9
9467.23
9467.23
9467.23
9467.23
9467.23
8875.81
8832.91
8832.91
8832.91
8832.91
8832.91
8832.91
8832.91
8832.91
8832.91
8832.91
8832.91
8832.91
8832.91
8832.91
8832.91
8832.91
8832.91
8832.91
8832.91
8832.91
8832.91
8832.91
8534.33
8534.33
8534.33
8534.33
8534.33
8534.33
8534.33
8534.33
8534.33
8426.83
8426.83
8222.18
8222.18
8222.18
8222.18
8123.83
8123.83
8123.83
8123.83
7943.55
7943.55
7943.55
7871.85
7871.85
7871.85
7871.85
7871.85
7871.85
7871.85
7838.5
7838.5
7838.5
7838.5
7838.5
7838.5
7838.5
7707.48
7673.39
7673.39
7673.39
7673.39
7673.39
7673.39
7673.39
7673.39
7673.39
7673.39
7673.39
7673.39
7673.39
7503.42
7503.42
7503.42
7293.62
7293.62
7293.62
7293.62
7293.62
7293.62
7293.62
7293.62
7293.62
7293.62
7293.62
7293.07
7293.07
7293.07
7293.07
7293.07
7293.07
7286.99
7286.99
7286.99
7286.99
7286.99
7286.99
7286.99
7171.41
7171.41
7166.4
7166.4
7166.4
7166.4
7166.4
7110.81
7110.81
7110.49
7110.49
7110.49
7072.23
7072.23
7072.23
7072.23
7072.23
7072.23
6958.21
6958.21
6958.21
6958.21
6958.21
6958.21
6958.21
6958.21
6958.21
6907.02
6902.07
6902.07
6902.07
6902.07
6902.07
6902.07
6902.07
6854.9
6830.42
6830.42
6830.42
6830.42
6830.42
6830.42
6748.28
6635.67
6635.67
6635.67
6590.95
6436.39
6343.76
6178.91
6178.91
6153.82
6153.82
6153.82
6153.82
6153.82
6153.82
6153.82
6153.82
6020.2
6020.2
6020.2
6020.2
6020.2
4474.11
4474.11
4474.11
4474.11
4474.11
4474.11
4474.11
4474.11
4474.11
4470.07
4470.07
4470.07
4470.07
4470.07
3911.62
3911.62
3911.62
3911.62
3911.62
3911.62
3911.62
3780.75
3780.75
3780.75
3519.3
3519.3
3519.3
3519.3
3519.3
3519.3
3519.3
3519.3
3519.3
3519.3
3345.34
3345.34
3345.34
3345.34
3345.34
3345.34
3345.34
3345.34
3345.34
3345.34
3345.34
3345.34
3345.34
3345.34
3243.97
3243.97
3243.97
3243.97
3243.97
3243.97
3243.97
3243.97
3100.69
3100.69
3072.15
3072.15
3072.15
3072.15
3072.15
3072.15
3072.15
3049.39
2896.82
2896.82
2896.82
2896.82
2896.82
2896.82
2896.82
2896.82
2896.82
2896.82
2896.82
2896.82
2896.82
2896.82
2896.82
2896.82
2896.82
2896.82
2896.82
2805.53
2805.53
2805.53
2805.53
2805.53
2805.53
2805.53
2796.58
2777.12
2777.12
2777.12
2777.12
2777.12
2777.12
2653.01
2653.01
2653.01
2653.01
2653.01
2653.01
2653.01
2653.01
2653.01
2653.01
2554.79
2554.79
2554.79
2554.79
2554.79
2554.79
2554.79
2481.85
2481.85
2481.85
2481.85
2481.85
2481.85
2424.85
2424.85
2424.85
2424.85
2424.85
2424.85
2424.85
2402.94
2397.35
2340
2340
2340
2340
2313.53
2313.53
2313.53
2313.53
2313.53
2313.53
2313.53
2313.53
2313.53
2313.53
2313.53
2313.53
2175.96
2175.96
2175.96
2175.96
2175.96
2175.96
2175.96
2175.96
2175.96
2175.96
2175.96
2175.96
2175.96
2085.49
1947.65
1828.39
1828.39
1828.39
1828.39
1828.39
1828.39
1828.39
1828.39
1828.39
1828.39
1828.39
1828.39
1828.39
1818.1
1818.1
1818.1
1818.1
1818.1
1815.65
1809.29
1809.29
1809.29
1809.29
1809.29
1809.29
1809.29
1809.29
1801.12
1785.92
1785.92
1785.92
1785.92
1740.78
1740.78
1740.78
1740.78
1740.78
1740.78
1740.78
1676.75
1676.75
1676.75
1676.75
1676.75
1530.57
1530.57
1529.45
1529.45
1525.74
1525.74
1525.74
1525.74
1525.74
1525.74
1525.74
1525.74
1525.74
1525.74
1525.74
1525.74
1518.75
1518.75
1486.37
1486.37
1486.37
1486.37
1465.26
1465.26
1465.26
1465.26
1465.26
1465.26
1465.26
1465.26
1465.26
1465.26
1465.26
1456.2
1456.2
1456.2
1401.95
1401.95
1401.95
1401.95
1401.95
1401.95
1401.95
1401.95
1401.95
1401.95
1401.95
1401.95
1401.95
1401.95
1401.95
1401.95
1401.83
1401.83
1315.65
1315.65
1315.65
1315.65
1315.65
1315.65
1315.65
1315.65
1315.65
1315.65
1305.35
1305.35
1305.35
1305.35
1305.35
1305.35
1305.35
1305.35
1305.35
1305.35
1305.35
1280.19
1280.19
1280.19
1280.19
1280.19
1235.62
1235.62
1235.62
1235.62
1216.37
1172.4
1172.4
1172.4
1170.43
1170.43
1170.43
1170.43
1170.43
1170.43
1170.43
1150.42
1150.42
1150.42
1150.42
1149.73
1149.73
1149.73
1149.73
1149.73
1149.73
1149.73
1149.73
1082.4
1082.4
1082.4
1066.62
1066.62
1066.62
1066.62
1066.62
1066.62
1066.62
1066.62
1066.62
1065.76
1065.76
1065.76
1065.76
1065.76
1049.49
1049.49
1049.49
1049.49
1049.49
1048.73
1048.73
1048.73
1048.73
1048.73
1048.73
1048.73
1048.73
1048.73
1048.73
1048.73
1048.73
1048.73
1048.73
1030.51
1030.51
1030.51
1030.51
1030.51
1028.52
1028.52
1028.52
1028.52
1028.52
1022.34
1022.34
1022.34
1018.57
1018.57
1018.57
1018.57
1018.57
1018.57
1018.57
1018.57
971.137
971.137
971.137
971.137
970.248
968.799
968.799
968.799
968.799
968.799
916.035
916.035
916.035
916.035
916.035
916.035
916.035
916.035
916.035
916.035
911.553
911.553
911.553
911.553
911.553
911.553
907.372
907.372
907.372
907.372
905.573
905.573
905.573
900.319
884.951
884.951
884.951
884.951
884.951
875.904
852.512
852.512
852.512
852.512
852.512
844.94
844.94
844.94
844.94
844.94
844.94
844.94
844.94
844.94
839.737
839.737
839.737
839.737
839.737
839.737
839.737
839.737
839.737
839.737
839.737
839.737
839.737
839.737
839.737
839.737
839.737
839.737
839.737
839.737
827.806
827.806
827.806
827.806
827.806
827.806
818.844
818.844
818.844
803.814
803.814
784.902
784.902
784.902
784.902
779.159
779.159
779.159
779.159
779.159
779.159
737.373
737.373
737.373
737.373
737.373
737.373
737.373
737.373
737.373
737.373
737.373
737.373
737.373
737.373
737.373
737.373
737.373
737.373
737.373
737.373
729.421
729.421
729.421
729.421
729.421
729.421
724.949
724.949
724.949
706.635
706.635
697.24
697.24
661.739
661.739
661.739
661.739
661.739
661.739
661.739
661.739
661.739
661.739
661.739
661.739
661.739
661.739
661.739
661.739
661.739
652.765
652.765
622.103
622.103
622.103
622.103
622.103
622.103
622.103
622.103
622.103
622.103
622.103
622.103
622.103
622.103
622.103
622.103
622.103
622.103
622.103
622.103
622.103
622.103
622.103
622.103
622.103
613.885
613.885
613.885
610.485
608.006
582.738
582.738
582.738
582.738
573.926
573.926
573.843
573.843
573.843
573.843
573.843
573.843
573.843
566.976
566.976
548.571
548.571
548.571
548.571
548.571
548.571
548.571
548.014
548.014
548.014
548.014
547.317
547.317
547.317
547.317
547.317
546.867
546.867
536.405
534.84
534.84
534.84
534.84
534.84
534.84
534.84
534.84
534.84
534.84
534.84
531.411
528.542
528.542
528.542
528.542
528.542
528.542
528.542
528.542
528.542
528.542
528.542
528.542
528.542
513.396
513.396
513.396
513.396
513.396
513.396
513.396
513.396
513.396
513.396
513.396
513.396
513.396
513.396
513.396
513.396
513.396
513.396
513.396
513.396
513.396
513.396
513.396
506.028
506.028
506.028
506.028
506.028
506.028
506.028
506.028
505.969
505.969
505.969
505.861
501.087
501.087
500.363
500.363
500.363
500.205
495.576
495.576
495.576
495.576
495.576
495.576
495.576
495.576
495.576
487.178
487.178
487.178
481.666
481.666
481.666
478.196
478.196
478.196
478.196
478.196
478.196
478.196
476.05
476.05
461.728
461.728
461.728
461.728
461.728
461.728
461.728
461.728
461.728
461.728
461.728
461.728
461.728
459.296
459.296
459.296
459.296
459.296
459.296
459.296
459.296
459.296
459.296
459.296
459.296
459.296
459.296
459.296
459.296
459.296
459.296
459.296
459.296
458.616
458.616
458.616
458.616
458.616
458.616
457.493
457.493
457.493
451.212
450.289
446.617
446.617
446.617
446.617
446.617
446.617
446.038
446.038
446.038
445.823
445.823
445.823
444.88
444.88
444.88
444.88
444.88
444.88
444.88
444.88
443.904
443.904
428.955
428.955
428.955
428.955
428.955
428.955
428.955
428.955
428.955
428.955
427.706
427.706
427.706
427.706
427.706
427.516
427.516
427.516
427.516
424.523
424.523
424.523
419.981
419.981
419.981
416.758
413.264
413.264
413.264
413.264
413.264
413.264
413.264
413.264
413.264
413.264
413.264
413.264
413.264
413.264
413.264
413.264
413.264
413.264
389.896
389.896
389.896
389.896
389.896
389.896
389.896
388.518
387.861
387.861
373.588
373.588
373.588
373.588
373.588
373.588
373.588
373.588
373.588
373.588
373.588
373.588
361.383
361.383
361.383
361.383
361.383
361.079
361.079
361.079
361.079
361.079
361.079
361.079
357.642
357.642
357.642
357.642
357.642
356.437
356.437
356.437
356.437
356.437
354.534
354.534
354.534
354.534
348.928
348.928
348.928
348.928
348.928
348.928
348.928
319.525
319.525
319.525
319.159
319.159
319.159
319.159
319.159
319.159
319.159
319.159
319.159
312.302
312.302
312.302
310.24
310.24
310.24
310.24
310.24
310.24
310.24
310.24
310.24
310.24
310.24
310.24
310.24
310.24
310.24
310.24
310.24
310.24
310.24
310.24
310.24
310.24
310.24
310.24
310.24
310.24
310.24
310.24
310.24
307.485
307.485
307.485
307.485
307.485
307.485
307.485
307.485
307.485
305.924
301.365
301.365
301.365
301.365
301.365
301.365
301.365
301.365
301.365
301.365
301.365
296.188
296.188
296.188
296.188
296.188
294.246
294.246
294.246
294.246
294.246
294.246
294.246
294.246
294.246
293.492
293.492
293.492
293.492
293.492
292.804
292.804
292.804
289.48
289.48
289.48
289.48
289.48
289.393
289.393
289.393
289.393
289.393
289.393
289.393
289.393
289.393
289.393
289.393
289.393
289.393
289.393
289.393
289.393
289.393
288.874
288.874
282.513
282.513
282.513
280.232
280.232
280.232
280.232
280.232
280.232
280.232
280.232
280.232
280.232
280.232
280.232
280.232
280.232
280.232
280.232
280.232
280.232
280.232
280.232
280.232
280.232
280.232
280.232
280.046
280.046
280.046
280.046
280.046
280.046
280.046
280.046
280.046
280.046
280.046
270.327
270.327
270.327
270.327
270.327
270.327
270.327
270.327
270.327
270.327
270.327
270.327
270.327
269.633
269.633
269.633
269.633
269.633
269.633
269.173
269.173
269.173
269.173
269.173
269.173
269.173
264.078
264.078
264.078
264.078
264.078
264.078
264.078
264.078
264.078
264.078
264.078
264.078
264.078
263.637
263.637
263.637
263.637
263.637
263.637
263.637
263.258
263.258
263.258
263.258
263.258
261.351
261.351
261.351
261.351
261.351
261.351
261.351
261.351
261.351
261.351
261.351
261.351
261.272
260.471
260.471
260.471
260.471
260.471
256.443
256.443
253.196
253.196
253.196
253.196
253.196
251.911
251.911
251.911
251.911
251.911
251.911
251.911
251.826
251.826
251.826
251.826
251.826
251.826
251.826
251.826
251.826
251.826
251.826
251.826
251.826
251.826
251.826
251.826
251.826
251.826
251.825
251.825
251.825
251.38
251.38
251.38
251.38
250.503
250.503
250.503
250.503
250.503
250.503
245.297
245.297
245.297
245.297
245.297
245.297
245.297
245.297
245.297
245.297
245.113
245.113
244.833
244.833
244.833
244.833
244.833
244.833
243.654
242.862
242.862
242.862
242.671
242.671
242.671
242.671
242.671
242.303
242.303
242.303
242.303
242.303
242.303
242.303
242.303
241.286
241.286
238.92
238.631
238.631
238.631
238.631
235.044
235.044
235.044
231.958
231.958
231.958
231.958
231.958
231.958
231.958
231.958
231.958
231.958
231.958
231.958
231.958
231.958
231.958
231.958
231.958
231.958
231.958
231.958
231.958
231.958
231.958
231.958
231.958
231.896
231.896
231.806
231.806
230.951
230.951
230.089
229.639
229.639
225.462
225.462
225.462
225.462
225.462
225.462
225.462
225.462
225.462
225.462
225.462
225.462
225.462
225.462
225.462
225.457
225.026
225.026
225.026
225.026
225.026
222.974
222.974
222.974
222.974
222.974
222.974
222.974
222.974
222.974
216.572
216.572
216.572
216.572
216.572
216.572
216.572
216.572
216.572
216.572
216.572
216.198
216.198
216.198
214.275
214.275
214.275
214.275
214.275
214.275
214.275
214.275
214.275
214.275
214.275
214.275
214.275
214.275
214.275
214.275
213.603
213.603
213.603
213.603
212.782
212.782
212.782
212.782
212.782
210.883
210.883
210.883
210.883
210.883
210.883
210.883
208.846
208.846
208.846
208.846
208.846
208.846
208.846
205.98
205.98
205.98
205.98
205.98
205.98
205.98
205.98
205.726
205.726
205.726
204.278
204.278
204.278
204.278
204.278
204.278
204.278
204.278
204.235
204.235
204.235
204.235
204.235
204.235
204.235
202.595
202.595
202.595
202.595
202.595
202.595
202.595
202.595
202.039
200.951
200.951
200.951
200.951
200.951
200.951
200.296
200.296
200.296
199.398
199.398
198.679
198.679
198.679
198.099
198.099
197.839
197.839
197.839
197.839
197.839
197.839
197.839
197.839
195.987
195.334
195.334
195.334
195.334
195.334
195.334
195.334
194.499
194.499
194.499
194.499
194.122
194.122
194.122
194.122
194.122
194.122
194.122
194.122
193.124
193.124
193.124
193.124
193.124
193.124
193.124
193.124
192.525
192.525
192.525
192.525
192.525
192.525
192.525
192.525
192.525
191.944
191.944
191.944
191.944
191.944
191.783
191.513
191.513
191.513
191.513
191.513
189.498
189.498
189.498
189.498
189.498
189.498
189.498
189.498
189.498
189.498
189.498
189.498
189.498
189.498
189.498
189.498
189.498
189.498
189.498
189.498
189.026
187.01
187.01
185.507
185.507
185.507
185.507
185.507
185.507
185.507
185.507
185.507
185.507
185.507
185.507
185.507
185.507
185.507
185.507
185.507
185.507
183.998
183.998
183.998
183.704
183.704
183.704
183.704
183.704
183.704
183.704
183.046
182.903
182.903
182.903
182.447
182.447
182.447
181.45
181.45
181.45
181.45
181.45
181.45
181.45
181.45
181.13
181.13
181.13
181.13
181.13
181.13
181.13
181.13
181.13
181.13
180.836
180.836
180.836
180.812
180.812
180.812
180.812
180.812
180.812
180.812
180.812
180.812
180.812
180.812
180.72
180.571
180.571
180.571
180.532
180.532
180.523
180.523
180.523
180.523
180.523
179.761
179.761
179.761
179.761
179.761
179.761
179.761
179.761
179.761
179.761
179.761
179.761
179.761
179.717
179.717
179.717
179.717
179.717
179.717
179.451
179.451
179.451
179.451
179.451
179.451
179.451
179.451
179.451
179.451
179.451
179.278
179.278
179.278
179.219
179.219
179.219
179.219
179.219
179.164
179.164
179.164
179.164
179.164
179.164
179.164
179.164
178.866
178.866
178.866
178.866
178.866
178.866
178.866
178.784
178.784
177.508
177.508
177.508
177.508
177.508
177.508
177.508
177.508
177.508
177.508
177.508
177.508
177.508
177.508
177.508
177.508
177.508
177.508
177.508
177.508
177.508
177.508
177.508
177.508
177.508
177.02
177.02
177.02
177.02
177.02
177.02
177.02
177.02
177.02
177.02
177.02
177.02
177.02
177.02
177.02
177.02
177.02
177.02
177.02
177.02
177.02
177.02
176.917
176.917
176.628
176.628
176.628
176.628
176.628
176.574
176.574
176.574
176.574
176.574
176.423
176.423
176.423
176.423
176.423
176.423
176.423
176.423
176.423
176.423
176.423
176.423
176.423
176.423
176.423
176.423
176.423
176.423
176.423
176.423
176.423
176.423
176.423
176.423
176.423
176.423
176.423
176.306
174.542
174.542
174.542
174.542
174.542
174.542
174.542
174.542
174.542
174.542
174.542
174.542
174.542
174.542
174.542
174.542
174.542
174.542
174.542
174.542
174.542
174.542
174.542
174.542


0.18428
0.143794
0.0140213
-0.0439988
-0.111698
-0.053718
0.245428
0.298369
0.492056
0.483517
0.240409
0.145491
-0.0262393
-0.129556
-0.296305
-0.302681
-0.169729
0.0115385
0.172256
0.145363
0.0454125
-0.0833762
-0.103238
-0.050063
0.391022
0.425608
1.47553
1.542
-8.02695
-2.52926

0.049

