717.819
717.819
745.201
693.003
634.7
634.7
666.924
652.792
652.792
608.353
608.353
608.353
608.353
608.353
633.288
633.288
666.924
666.924
600.848
600.848
603.733
603.733
603.733
637.007
643.025
643.025
612.546
612.546
612.546
612.546
612.546
612.546
625.877
625.877
627.375
588.464
600.524
600.524
534.537
534.537
534.537
534.537
551.78
551.78
551.78
551.78
551.78
551.78
551.78
551.78
551.78
551.78
551.78
571.271
571.271
548.119
548.119
548.119
548.119
548.119
548.119
548.119
611.799
611.799
611.799
554.394
560.794
561.04
561.04
561.04
600.628
600.628
600.628
567.61
567.61
567.61
567.61
567.61
567.61
567.61
567.61
567.61
567.61
535.934
601.333
610.908
610.908
610.908
568.536
646.288
652.407
642.786
652.407
652.407
589.873
560.151
560.151
560.151
628.267
645.156
645.156
568.44
565.229
565.229
546.251
534.514
651.242
607.798
651.242
644.429
650.753
650.753
650.753
650.753
670.253
670.253
670.253
683.92
683.92
631.393
631.393
613.555
629.3
630.795
630.795
621.252
638.569
638.569
601.096
601.096
650.966
650.966
650.966
650.966
593.734
593.734
593.734
593.734
593.734
593.734
593.734
593.734
582.119
519.164
519.164
582.119
522.816
522.816
522.816
522.816
522.816
522.816
528.989
621.821
621.821
638.116
666.569
666.569
666.569
666.569
666.569
666.569
666.569
583.971
531.082
583.971
583.971
583.971
639.18
639.18
639.18
639.18
639.18
639.18
639.18
639.18
639.18
639.18
639.18
639.18
639.18
615.11
543.757
535.515
535.515
535.515
535.515
535.515
669.764
669.764
669.764
669.764
701.727
701.727
701.727
701.727
701.727
701.727
696.104
701.727
701.727
643.374
643.374
643.374
643.374
643.374
643.374
643.374
643.374
643.374
643.374
643.374
643.374
643.374
643.374
643.374
643.374
643.374
643.374
643.374
643.374
623.985
623.985
623.985
643.374
627.895
677.233
615.999
615.999
615.999
615.999
615.999
615.999
615.999
615.999
615.999
615.999
615.999
615.999
615.999
646.965
564.009
564.009
564.009
564.009
564.009
564.009
564.056
574.286
432.216
432.216
449.764
449.764
481.734
481.734
481.734
531.297
531.297
531.297
531.297
459.735
459.735
459.735
515.301
498.019
498.019
498.019
498.019
498.019
498.019
498.019
498.019
446.502
446.502
539.12
539.12
539.12
516.449
516.449
537.117
537.117
539.12
539.12
539.12
539.12
500.154
463.853
463.853
463.853
463.853
463.853
463.853
463.853
514.236
514.236
514.236
514.236
514.236
488.8
514.236
642.774
599.32
595.212
566.932
599.32
599.32
553.585
550.925
550.925
550.925
550.925
550.925
532.868
532.769
532.769
532.769
532.769
532.868
532.868
617.059
617.059
617.059
638.494
638.494
638.494
605.327
605.327
605.327
605.327
605.327
596.838
578.256
578.256
632.252
632.252
632.252
598.916
598.916
598.916
542.658
561.78
633.946
633.946
624.256
624.256
624.256
558.585
558.585
558.585
558.585
558.585
558.585
558.585
558.585
558.585
558.585
558.585
548.147
548.147
548.147
548.147
548.147
591.448
591.448
564.97
605.888
605.888
605.888
605.888
605.888
599.664
599.664
599.664
599.664
674.814
674.814
674.814
674.814
674.814
674.814
674.814
674.814
674.814
674.814
674.814
684.533
684.533
684.533
684.533
684.533
684.533
684.533
684.533
726.739
725.397
725.397
726.739
726.739
726.739
726.739
726.739
687.605
687.605
687.605
687.605
721.237
721.237
721.237
721.237
721.237
713.448
713.448
713.448
571.338
571.338
571.338
571.338
571.338
571.338
571.338
571.338
571.338
609.862
609.862
609.862
609.862
609.862
609.862
609.862
609.862
609.862
609.862
609.862
609.862
609.862
609.862
609.862
609.862
697.392
697.392
712.206
712.206
712.206
712.206
730.9
730.533
730.533
730.533
730.533
711.013
718.109
649.029
649.029
742.427
742.427
742.427
748.351
748.351
759.226
759.226
759.226
759.226
759.226
527.626
607.116
607.116
706.048
706.048
706.048
706.048
706.048
706.048
641.719
641.719
641.719
641.719
641.719
675.142
690.789
690.789
690.789
690.789
655.033
690.789
675.374
675.374
634.048
634.048
634.048
634.048
634.048
634.048
634.048
634.048
655.714
655.714
756.96
564.922
564.922
564.922
564.922
672.485
672.485
705.34
705.34
615.705
542.427
542.427
542.427
647.461
647.461
647.461
647.461
654.916
654.916
654.916
663.079
663.079
737.77
737.77
737.77
746.894
746.894
710.583
710.583
710.583
754.486
747.092
708.941
758.946
772.895
753.603
753.603
753.603
753.603
753.603
753.603
753.603
753.603
727.72
727.72
727.72
727.72
727.72
719.6
719.6
571.073
571.073
571.073
571.073
615.014
668.527
695.647
695.647
695.647
695.647
726.661
742.653
742.653
673.73
673.73
673.73
673.73
673.73
673.73
655.406
655.406
655.406
655.406
655.406
655.652
657.941
577.147
577.147
577.147
577.147
577.147
697.6
697.6
697.6
697.6
697.6
697.6
697.6
723.259
723.259
723.259
723.259
723.259
723.259
700.033
700.033
700.033
678.857
546.595
546.595
611.438
572.487
572.487
572.487
639.493
639.493
639.493
639.493
639.493
639.493
639.493
639.493
666.545
666.545
682.49
640.476
640.476
640.476
617.154
593.496
593.496
719.212
708.763
682.364
670.304
670.304
670.304
670.304
670.304
670.304
670.304
670.304
684.968
684.968
684.968
664.384
640.969
725.464
676.745
676.745
725.464
725.464
725.464
758.362
671.3
724.874
724.874
715.312
715.312
715.312
707.601
645.489
692.858
692.858
692.858
692.858
692.858
692.858
692.858
692.858
692.858
693.194
715.312
757.785
757.785
757.785
669.096
669.096
669.096
669.096
669.096
669.096
669.096
669.096
581.147
581.147
581.147
581.147
581.147
581.147
581.147
581.147
581.147
581.147
597.057
597.057
597.057
597.057
597.057
597.057
597.057
597.057
597.057
671.07
676.824
676.824
676.824
676.824
676.824
712.374
611.137
611.137
611.137
611.137
611.137
611.137
673.742
671.271
671.271
556.044
556.044
556.044
533.363
533.363
532.25
532.25
532.25
532.25
532.25
532.25
532.25
628.067
628.067
628.067
628.067
762.888
762.888
762.888
762.888
762.888
762.888
692.798
692.798
692.798
758.355
736.358
736.358
736.358
726.862
726.862
726.862
726.862
726.862
726.862
749.961
749.961
727.225
665.319
665.319
665.319
665.319
665.319
657.93
570.495
570.495
570.495
570.495
570.495
570.495
570.495
570.495
570.495
570.495
570.495
570.495
570.495
570.495
727.612
727.612
727.612
763.711
763.711
777.813
783.267
783.267
783.267
783.267
783.267
633.092
730.805
820.571
820.571
820.571
820.571
820.571
828.232
828.232
828.232
828.232
828.232
828.232
828.232
828.232
830.845
830.845
782.94
782.94
782.94
782.94
782.94
782.94
818.676
818.676
818.676
824.302
842.493
842.493
842.493
850.021
850.021
882.528
870.26
882.528
851.547
851.547
851.547
851.547
827.478
827.478
827.478
827.478
827.478
844.953
844.953
844.953
844.953
844.953
844.953
844.953
844.953
844.953
844.953
844.953
844.953
844.953
844.953
784.679
784.679
784.679
784.679
848.194
848.194
841.965
867.342
867.342
867.342
850.399
850.399
819.785
819.785
819.785
819.785
819.785
819.785
819.785
819.785
819.785
819.785
819.785
750.329
750.329
750.329
750.329
750.329
750.329
750.329
750.329
688.169
688.169
688.169
688.169
688.169
688.169
616.256
667.499
667.499
667.499
632.055
632.055
632.055
632.055
632.055
632.055
632.055
632.055
778.513
778.513
745.093
745.093
745.093
745.093
727.767
727.767
727.767
727.767
727.767
705.179
705.179
705.179
705.179
705.179
705.179
705.179
705.179
839.33
809.305
809.305
809.305
809.305
809.305
809.305
699.542
653.631
651.891
633.657
633.657
633.657
633.657
633.657
633.657
633.657
633.657
633.657
633.657
621.39
621.39
621.39
621.39
621.39
645.564
645.564
645.564
645.564
645.564
664.755
756.499
756.499
756.522
756.522
756.522
756.522
756.522
756.522
756.522
756.522
756.522
756.522
756.522
756.522
752.408
813.816
813.816
813.816
666.52
666.52
666.52
746.665
746.665
746.984
746.984
746.984
746.984
746.984
746.984
746.984
727.475
727.475
727.475
727.475
727.475
727.475
727.475
850.709
839.23
839.23
839.23
839.23
727.501
727.501
694.825
694.825
742.736
742.736
742.736
742.736
742.736
742.736
742.736
742.736
716.761
806.889
806.889
803.981
803.981
803.981
803.981
803.981
803.981
761.761
761.761
761.761
761.761
761.761
761.761
795.665
795.665
795.665
823.297
823.297
803.325
803.325
803.325
803.325
741.603
741.603
849.013
823.283
836.545
826.119
791.886
791.886
791.886
791.886
791.886
791.886
826.119
826.119
840.8
840.8
840.8
826.049
849.882
849.882
849.882
849.882
849.882
849.882
849.882
849.882
849.882
849.882
849.882
849.882
903.438
903.438
903.438
903.438
940.388
940.388
961.839
961.839
961.839
961.839
874.203
874.203
910.317
910.317
910.317
961.839
961.839
961.839
930.286
930.286
989.208
989.208
989.208
989.208
1002.01
1002.01
1002.01
1019.71
866.928
866.928
866.928
897.03
962.938
962.938
989.966
879.641
879.641
879.641
821.116
821.116
821.116
821.116
821.116
821.116
821.116
821.116
821.116
821.116
821.116
888.392
898.665
927.039
927.039
907.344
907.344
907.344
907.344
907.344
907.344
907.344
829.818
974.11
974.11
974.11
974.11
974.11
974.11
974.11
974.11
910.554
813.614
813.614
800.785
800.785
800.785
875.97
868.906
882.599
940.903
940.903
925.721
925.721
925.721
925.721
897.688
897.688
897.688
897.688
897.688
899.661
899.661
899.661
899.661
899.661
899.661
899.661
899.661
899.661
899.661
899.661
899.661
909.712
867.668
901.107
855.91
875.841
875.841
804.603
804.603
894.386
876.859
876.859
876.859
876.859
880.498
880.498
880.498
880.498
880.498
880.498
880.498
935.602
909.602
935.602
935.602
935.602
935.602
935.602
935.602
942.879
957.15
854.662
854.662
946.629
1027.28
1027.28
1022.93
1022.93
945.442
907.646
907.646
907.646
942.397
1001.23
870.523
870.523
963.088
933.554
862.377
862.377
816.964
816.964
816.964
816.964
816.964
816.964
816.964
882.821
897.799
897.799
897.799
883.455
883.455
883.455
764.472
764.472
725.179
700.192
700.192
826.808
879.282
830.768
830.768
830.768
890.41
890.41
890.41
929.489
929.489
929.489
929.489
929.489
929.489
929.489
978.015
978.015
978.015
868.119
868.119
868.119
868.119
868.119
868.119
868.119
868.119
831.871
868.119
868.119
868.119
868.119
868.119
868.119
868.119
796.194
796.194
922.439
922.439
922.439
922.439
922.439
922.439
967.635
967.635
967.635
967.635
967.635
981.734
965.489
965.489
1051.69
1051.69
1051.69
1016.6
994.192
994.192
994.192
815.445
815.445
815.445
815.445
815.445
815.445
815.445
815.445
767.587
930.464
939.989
939.989
939.989
939.989
939.989
870.958
942.368
967.863
967.863
907.185
907.185
931.523
931.523
940.139
967.594
967.594
967.594
967.594
967.594
969.781
969.781
825.047
734.191
734.191
734.191
734.191
684.604
772.226
772.226
772.226
741.555
741.555
741.555
741.555
741.555
741.555
741.555
741.555
741.555
803.785
785.603
785.603
785.603
745.009
745.009
711.079
711.079
711.079
711.079
711.079
676.012
676.012
726.534
726.534
726.534
726.534
726.534
726.534
726.534
758.049
743.961
718.955
718.955
833.471
798.039
770.417
770.417
770.417
728.524
770.417
783.431
783.431
783.431
783.431
783.431
783.431
863.667
918.776
849.841
849.841
839.971
821.259
821.259
657.95
657.95
657.95
739.767
681.705
681.705
681.705
681.705
681.705
681.705
694.107
694.107
744.981
734.21
744.981
744.981
744.981
744.981
744.981
744.981
744.981
744.981
744.981
744.981
744.981
744.981
744.981
744.981
772.476
772.476
772.476
651.077
651.077
651.077
651.077
651.077
651.077
651.077
651.077
651.077
651.077
651.077
733.694
733.694
733.694
733.694
733.694
733.694
733.694
733.694
733.694
759.772
759.772
719.178
729.269
729.269
779.243
831.11
798.489
798.489
798.489
798.489
798.489
798.489
853.801
853.801
853.801
853.801
853.801
853.801
853.801
841.844
841.844
841.844
841.844
853.801
853.801
932.793
913.35
913.35
927.041
949.928
935.23
912.332
912.332
886.15
886.15
886.15
863.922
863.922
772.299
772.299
772.299
772.299
795.593
878.517
878.517
849.958
878.96
878.96
878.96
801.438
780.982
780.982
780.982
780.982
780.982
780.982
780.982
780.982
780.982
780.982
780.982
780.982
780.982
780.982
780.982
780.982
768.97
708.211
768.97
768.97
768.97
768.97
789.614
789.614
804.838
804.838
804.838
804.838
804.838
804.838
804.838
804.838
804.838
804.838
829.239
829.239
829.239
829.239
821.792
833.654
833.654
833.654
833.654
833.654
833.654
833.654
833.654
833.654
833.654
839.396
839.396
839.396
839.396
797.081
797.081
866.148
866.148
866.148
866.148
835.386
899.754
899.754
899.754
849.542
849.542
849.542
849.542
798.518
831.939
831.939
847.516
847.516
847.516
847.516
847.516
847.516
847.516
837.187
847.516
847.516
804.421
804.421
804.421
804.421
804.421
765.435
765.435
741.48
715.534
715.534
714.626
714.626
714.626
693.994
714.626
714.626
734.005
734.005
734.005
708.046
708.046
708.046
714.569
714.569
714.569
714.569
714.569
721.962
721.962
721.962
721.962
793.533
793.533
781.728
709.312
689.519
689.519
689.519
781.728
781.728
781.728
807.697
807.697
807.924
807.924
807.924
807.924
807.924
807.924
764.808
764.808
764.808
770.274
772.133
772.133
772.133
727.648
727.648
709.623
709.623
709.623
774.806
798.562
798.562
817.661
817.661
830.169
848.704
848.704
848.704
848.704
848.704
848.704
882.897
882.897
804.886
804.886
804.886
804.886
747.543
747.543
747.543
747.543
747.543
823.617
823.617
823.617
823.617
804.015
741.851
741.851
639.147
742.564
668.571
668.571
668.571
699.689
716.625
742.564
742.564
742.564
583.204
583.204
583.204
583.204
583.204
583.204
583.204
583.204
583.204
583.204
583.204
583.204
583.204
677.591
677.591
723.776
723.776
723.776
723.776
723.776
723.776
723.776
723.776
723.776
723.776
723.776
723.776
723.776
723.776
723.776
723.776
723.776
746.283
811.413
811.413
811.413
649.372
649.372
649.372
649.372
661.614
684.42
693.946
693.946
693.946
693.946
693.946
693.946
693.946
693.946
693.946
592.137
579.836
579.836
579.836
617.322
617.322
617.322
533.603
533.603
533.603
533.603
533.603
533.603
533.603
533.603
533.603
533.603
533.603
533.603
554.595
554.595
552.845
552.845
552.845
552.845
552.845
552.845
552.845
552.845
552.845
625.741
625.741
655.719
657.52
657.52
657.52
657.52
657.52
635.874
654.508
666.618
666.618
666.618
666.618
733.824
733.824
733.824
733.824
733.824
733.824
733.824
733.824
733.824
733.824
733.824
733.824
733.824
712.255
712.255
705.425
705.425
705.425
705.425
705.425
705.425
744.042
744.042
755.204
726.827
726.827
726.827
726.827
726.827
707.775
707.775
707.775
707.775
707.775
707.775
707.775
707.775
707.775
748.779
748.779
748.779
656.142
656.142
677.085
677.085
651.231
603.023
603.023
603.023
603.023
603.023
602.892
602.892
602.892
602.892
597.264
597.264
597.264
597.264
597.264
597.264
597.264
623.379
623.379
623.379
623.379
623.379
623.379
623.379
640.702
640.702
640.702
640.702
640.702
640.702
640.702
640.702
640.702
640.702
619.908
619.908
639.539
639.539
689.733
755.313
755.313
755.313
754.788
754.788
680.832
680.832
611.982
611.982
617.65
617.65
617.65
617.65
617.65
617.65
645.58
645.58
645.58
656.324
656.324
656.324
662.452
662.452
667.613
667.613
667.613
667.613
667.613
667.613
661.105
661.105
661.105
661.105
661.105
690.642
690.642
690.642
792.692
759.172
759.172
759.172
759.172
756.384
759.172
759.172
759.172
792.768
792.768
792.768
792.768
792.768
792.768
793.536
835.812
803.347
803.347
803.347
803.347
754.105
744.981
731.249
731.249
803.119
803.119
803.119
803.119
803.119
803.119
651.441
651.441
753.267
670.542
649.195
670.542
670.542
544.963
715.728
715.728
715.728
757.598
757.598
757.598
757.598
757.598
696.249
763.482
763.482
671.842
671.842
671.842
671.842
671.842
671.842
691.123
691.123
691.123
691.123
691.123
632.342
632.342
638.812
638.812
724.945
724.945
724.945
724.945
724.945
724.945
724.945
724.945
724.945
724.945
724.945
724.945
737.736
726.875
726.875
726.875
798.862
743.818
732.889
767.827
650.051
650.051
650.051
650.051
627.612
627.612
627.612
627.612
627.612
627.612
627.612
646.105
646.105
646.105
646.105
646.105
646.105
658.183
829.319
908.295
884.69
869.61
869.61
786.24
786.24
748.968
762.954
739.943
739.943
739.943
700.443
700.443
700.443
700.443
700.443
700.443
700.443
700.443
700.443
700.443
700.443
711.983
711.983
748.779
567.119
567.119
567.119
567.119
567.119
567.119
567.119
567.119
567.119
762.761
762.761
762.761
779.12
707.897


63.9973
-109.592
196.973
-7.23289
160.607
386.822
-153.392
-66.451
-164.635
353.496
444.649
157.054
-255.385
249.232
389.019
-106.552
-90.0357
140.684
-146.507
237.989
-180.969
-79.4153
1.26347
-103.623
-250.478
241.615
-306.583
-223.341
-235.389
570.849

0.027

