20.796
20.796
20.796
20.7209
20.7209
20.5026
20.5026
20.3373
20.3373
20.3373
20.3373
20.3373
20.3373
20.1304
20.1304
20.1304
20.1304
20.1304
20.0422
20.0422
20.0422
20.0422
20.0422
20.0422
20.0422
19.2381
19.2381
19.2381
19.2381
19.2381
19.1676
19.1676
19.1676
19.1676
19.1676
19.1676
18.7049
18.6971
18.6971
18.6971
18.571
18.571
18.571
18.571
17.9971
17.9971
17.9971
17.8186
17.8186
17.8186
17.8186
17.8186
17.8186
17.8186
17.8186
17.8186
17.8186
17.7503
17.7503
17.7503
17.7503
16.9263
16.9263
16.9263
16.9263
16.9263
16.9263
16.9263
16.9263
16.9263
16.9263
16.9141
16.9141
16.9141
16.9141
16.9141
16.9141
16.6496
16.6496
16.6496
16.6496
16.6496
16.4349
16.4349
16.3516
16.2547
16.2547
16.2547
16.2547
16.2547
16.1609
16.1609
16.1609
16.1609
15.7375
15.7375
15.7375
15.7375
15.7375
15.7375
15.7375
15.7375
15.7375
15.7375
14.8731
14.8731
14.3163
14.3163
14.3163
14.3163
14.3163
14.3163
14.3163
14.3163
14.3163
14.3163
14.3163
14.3163
14.3163
14.3163
14.3163
14.2662
14.2662
14.2662
14.2662
14.2662
14.2662
14.2662
14.2662
14.2662
14.2662
14.2662
14.2662
14.2662
14.2662
14.1833
14.1833
14.1833
14.1833
14.1833
14.1833
14.1833
14.1833
14.1833
14.1833
14.1833
14.1833
14.1833
14.1833
14.1833
13.8713
13.8713
13.8713
13.8713
13.8713
13.8713
13.8713
13.8713
13.8713
13.8713
13.8713
13.2218
13.2218
13.2218
13.2218
13.2218
13.2218
13.2218
13.2218
13.2218
13.2218
13.2218
13.2218
13.2218
13.2218
13.2218
13.2218
13.2218
13.2218
13.2218
13.2218
13.2218
13.2218
13.2218
13.2218
13.0726
13.0726
13.0726
13.0726
13.0726
13.0097
13.0097
13.0097
13.0097
11.9725
11.9725
11.8944
11.8944
11.8944
11.8944
11.8944
11.8944
11.8944
11.8944
11.8944
11.8944
11.8944
11.8944
11.8944
11.8944
11.8944
11.8944
11.8944
11.8944
11.8944
11.8944
11.8944
11.8944
11.8944
11.8211
11.8211
11.8211
11.8211
11.4569
11.4569
11.4569
11.4569
11.4569
11.4569
11.351
11.351
11.351
11.3231
10.9303
10.9303
10.9303
10.9303
10.9303
10.9303
10.9303
10.9303
10.9303
10.9303
10.6642
10.6642
10.6642
10.6642
10.6642
10.6642
10.558
10.558
10.558
10.558
10.558
10.558
10.558
10.558
10.558
10.558
10.558
10.5316
10.5316
10.5316
10.5316
10.5316
10.5316
10.2523
10.2523
10.2523
10.2523
10.2523
10.2523
10.2523
10.2523
10.2523
10.2523
10.2523
10.2523
10.2523
10.2523
10.2523
10.2523
10.2523
10.2523
10.2523
10.2523
10.2523
10.2523
10.2523
10.2523
10.2125
10.2125
10.2125
10.2125
10.2125
10.2125
10.2125
10.2125
10.2125
10.2125
9.95563
9.95563
9.95563
9.95563
9.24756
9.24756
9.24756
9.24756
9.24756
9.19714
9.19714
9.19714
9.19714
9.19714
9.19714
9.19714
9.19714
9.19714
9.19714
9.19714
9.19714
9.19714
9.19714
9.19714
9.19714
9.19714
9.19714
9.10959
9.10959
9.10959
9.10959
9.10959
9.10959
9.10959
9.10959
9.10959
9.05728
9.05728
9.05728
9.05728
9.05728
9.05728
9.04516
9.04516
8.99149
8.99149
8.99149
8.99149
8.99149
8.93812
8.93812
8.93812
8.93812
8.93812
8.93812
8.93812
8.93812
8.93812
8.93812
8.93812
8.79129
8.79129
8.79129
8.71296
8.71296
8.71296
8.71296
8.71296
8.71296
8.71296
8.70506
8.70506
8.70506
8.70506
8.70506
8.70506
8.70506
8.70506
8.70506
8.70506
8.70506
8.70506
8.70506
8.70506
8.70506
8.70506
8.70506
8.70506
8.70506
8.70506
8.70506
8.70506
8.70506
8.70506
8.70506
8.70506
8.57754
8.57754
8.57754
8.57754
8.57754
8.57754
8.57754
8.57754
8.57754
8.57754
8.57754
8.57754
8.57754
8.57754
8.57754
8.57754
8.57754
8.57754
8.57754
8.57754
8.57754
8.57754
8.57754
8.57754
8.57754
8.57754
8.57754
8.57754
8.57754
8.57754
8.57754
8.57754
8.57754
8.57754
8.57754
8.57754
8.57754
8.57754
8.57754
8.57754
8.57754
8.57754
8.57754
8.57754
8.57754
8.57754
8.57754
8.57754
8.57754
8.57754
8.57754
8.57754
8.57754
8.57754
8.41645
8.41645
8.41645
8.41645
8.41645
8.41645
8.41645
8.41645
8.41645
8.41645
8.41645
8.41645
8.41645
8.41645
8.41645
8.29721
8.29721
8.29721
8.29721
8.29721
8.29721
8.29721
8.29721
8.29721
8.17467
8.17467
8.17467
8.17467
8.17467
8.11041
8.11041
8.11041
8.11041
8.11041
8.11041
8.11041
8.11041
8.11041
8.11041
8.11041
8.09278
8.09278
8.09278
8.09278
8.09278
8.09278
8.09278
8.09278
8.09278
8.037
8.037
8.037
7.91743
7.91743
7.91743
7.91743
7.91743
7.91743
6.97057
6.97057
6.97057
6.97057
6.97057
6.97057
6.97057
6.97057
6.97057
6.70438
6.70438
6.70438
6.41235
6.41235
6.41235
6.41235
6.41235
6.41235
6.41235
6.41235
6.41235
6.41235
6.41235
6.41235
6.41235
6.41235
6.41235
6.41235
6.41235
6.03846
6.03846
6.03846
6.03846
6.03846
6.03846
6.03846
6.03846
6.03846
6.03846
6.03846
6.03846
6.03846
6.03846
6.03846
6.03846
6.03846
6.03846
6.03846
6.03846
6.03846
6.03846
6.03846
6.03846
6.03846
6.01172
6.01172
6.01172
6.01172
6.01172
6.01172
6.01172
6.01172
6.01172
6.01172
6.01172
6.01172
5.98899
5.98899
5.98899
5.98899
5.98899
5.98899
5.98899
5.98899
5.98899
5.98899
5.98899
5.98899
5.98899
5.92218
5.92218
5.92218
5.92218
5.92218
5.92218
5.92218
5.92218
5.92218
5.92218
5.92218
5.92218
5.92218
5.92218
5.92218
5.87278
5.87278
5.87278
5.87278
5.87278
5.87278
5.87278
5.87278
5.87278
5.87278
5.87278
5.87278
5.82465
5.82465
5.82465
5.82465
5.82465
5.82465
5.82465
5.82465
5.82465
5.82465
5.82465
5.82465
5.82465
5.82465
5.82465
5.82465
5.82465
5.82465
5.82465
5.8087
5.8087
5.8087
5.8087
5.8087
5.76003
5.76003
5.76003
5.76003
5.76003
5.76003
5.76003
5.76003
5.76003
5.76003
5.74057
5.74057
5.74057
5.74057
5.74057
5.74057
5.74057
5.74057
5.74057
5.74057
5.74057
5.65953
5.65953
5.61785
5.61785
5.61785
5.61785
5.61785
5.61785
5.61785
5.61785
5.61785
5.61785
5.60206
5.60206
5.60206
5.60206
5.60206
5.60206
5.60206
5.60206
5.56383
5.56383
5.56383
5.56383
5.56383
5.56383
5.56383
5.56383
5.56383
5.56383
5.56383
5.56383
5.56383
5.56383
5.56383
5.56383
5.56383
5.56383
5.56383
5.56383
5.56383
5.56383
5.56383
5.56383
5.56383
5.56383
5.56383
5.56383
5.56383
5.56383
5.56383
5.56383
5.56383
5.56383
5.56383
5.56383
5.56383
5.56383
5.56383
5.56383
5.56383
5.56383
5.56383
5.56383
5.56383
5.56383
5.56383
5.56383
5.56383
5.56383
5.56383
5.56383
5.56383
5.56383
5.56383
5.56383
5.56383
5.56383
5.56383
5.56383
5.56383
5.56383
5.56383
5.56383
5.56383
5.56383
5.56383
5.56383
5.56383
5.56383
5.56383
5.56383
5.56383
5.56383
5.56383
5.56383
5.56383
5.56383
5.56383
5.56383
5.56383
5.56383
5.56383
5.56383
5.56383
5.56383
5.56383
5.56383
5.43669
5.43669
5.43669
5.43669
5.43669
5.43669
5.43669
5.43669
5.43669
5.43669
5.43669
5.43669
5.43669
5.43669
5.43669
5.43669
5.43669
5.43669
5.43669
5.43669
5.43669
5.43669
5.43669
5.43669
5.43669
5.43669
5.43669
5.43669
5.43669
5.43669
5.43669
5.43669
5.43669
5.43669
5.43669
5.43669
5.43669
5.43669
5.43669
5.43669
5.43669
5.43669
5.4127
5.38874
5.38874
5.38874
5.38874
5.38874
5.38874
5.38874
5.38874
5.38874
5.38874
5.38874
5.38874
5.38874
5.38874
5.38874
5.38874
5.33414
5.33414
5.33414
5.33414
5.33414
5.33414
5.33414
5.33414
5.33414
5.33414
5.33414
5.33414
5.33414
5.33414
5.33414
5.33414
5.33414
5.33414
5.33414
5.33414
5.33414
5.33414
5.33414
5.33414
5.33414
5.33414
5.33414
5.33414
5.33414
5.33414
5.33414
5.33414
5.33414
5.33414
5.1988
5.1988
5.1988
5.1988
5.1988
5.1988
5.1988
5.1988
5.1988
5.1988
5.1988
5.1988
5.1988
5.1988
5.1988
5.1988
5.1988
5.1988
5.16242
5.16242
5.16242
5.16242
5.16242
5.16242
5.16242
5.16242
5.11766
5.11766
5.11766
5.11766
5.11766
5.11766
5.11766
5.11766
5.11766
5.11766
5.04619
5.04619
5.04619
5.04619
5.04619
5.04619
5.04619
5.04619
5.04619
5.04619
5.04619
5.04619
5.04619
5.04619
5.04619
5.04619
5.04619
5.04619
5.04619
5.04619
5.04619
5.04619
5.04619
5.04619
5.04619
5.04619
5.04619
5.04619
5.04619
5.04619
5.04619
5.04619
5.04619
5.04619
5.04619
5.04619
5.04619
5.04619
5.04619
5.04619
5.04619
5.04619
5.04619
5.04619
5.04619
5.04619
5.04619
5.04619
5.04619
5.04619
5.04619
5.04619
4.9001
4.9001
4.9001
4.9001
4.9001
4.9001
4.9001
4.9001
4.9001
4.9001
4.9001
4.9001
4.9001
4.9001
4.9001
4.9001
4.9001
4.9001
4.9001
4.9001
4.9001
4.9001
4.9001
4.9001
4.9001
4.9001
4.9001
4.9001
4.9001
4.9001
4.9001
4.9001
4.9001
4.9001
4.9001
4.9001
4.9001
4.9001
4.9001
4.9001
4.9001
4.9001
4.9001
4.9001
4.9001
4.9001
4.9001
4.9001
4.9001
4.9001
4.9001
4.9001
4.9001
4.9001
4.9001
4.9001
4.9001
4.9001
4.9001
4.9001
4.9001
4.9001
4.9001
4.9001
4.9001
4.9001
4.9001
4.9001
4.9001
4.9001
4.9001
4.9001
4.9001
4.72062
4.72062
4.72062
4.72062
4.72062
4.56437
4.56437
4.56437
4.56437
4.56437
4.56437
4.56437
4.56437
4.56437
4.56437
4.56437
4.56437
4.56437
4.56437
4.56437
4.56437
4.56437
4.56437
4.56437
4.56437
4.56437
4.56437
4.56437
4.56437
4.56437
4.56437
4.56437
4.56437
4.56437
4.56437
4.56437
4.56437
4.56437
4.40223
4.40223
4.40223
4.40223
4.40223
4.40223
4.40223
4.40223
4.40223
4.40223
4.40223
4.40223
4.40223
4.40223
4.40223
4.40223
4.40223
4.29163
4.29163
4.29163
4.29163
4.29163
4.29163
4.29163
4.29163
4.29163
4.29163
4.29163
4.29163
4.29163
4.29163
4.29163
4.29163
4.29163
4.29163
4.29163
4.29163
4.29163
4.29163
4.29163
4.29163
4.29163
4.29163
4.29163
4.29163
4.29163
4.29163
4.29163
4.29163
4.29163
4.29163
4.29163
4.29163
4.29163
4.29163
4.29163
4.29163
4.29163
4.29163
4.29163
4.29163
4.29163
4.29163
4.29163
4.29163
4.29163
4.29163
4.29163
4.29163
4.29163
4.29163
4.29163
4.29163
4.29163
4.29163
4.29163
4.29163
4.29163
4.29163
4.29163
4.29163
4.29163
4.29163
4.29163
4.29163
4.29163
4.29163
4.29163
4.29163
4.29163
4.29163
4.29163
4.29163
4.29163
4.29163
4.29163
4.29163
4.29163
4.29163
4.29163
4.29163
4.29163
4.29163
4.29163
4.29163
4.29163
4.29163
4.29163
4.29163
4.29163
4.29163
4.29163
4.29163
4.29163
4.29163
4.29163
4.29163
4.29163
4.29163
4.29163
4.29163
4.29163
4.29163
4.29163
4.29163
4.29163
4.29163
4.29163
4.29163
4.29163
4.29163
4.29163
4.29163
4.29163
4.29163
4.29163
4.29163
4.29163
4.29163
4.29163
4.29163
4.29163
4.29163
4.29163
4.29163
4.29163
4.29163
4.29163
4.29163
4.29163
4.29163
4.29163
4.29163
4.29163
4.29163
4.29163
4.29163
4.29163
4.29163
4.29163
4.29163
4.29163
4.29163
4.29163
4.29163
4.29163
4.29163
4.29163
4.29163
4.29163
4.29163
4.29163
4.29163
4.29163
4.29163
4.29163
4.29163
4.29163
4.29163
4.29163
4.29163
4.29163
4.29163
4.29163
4.29163
4.29163
4.29163
4.29163
4.29163
4.29163
4.29163
4.29163
4.29163
4.29163
4.29163
4.29163
4.29163
4.29163
4.29163
4.29163
4.29163
4.29163
4.29163
4.29163
4.29163
4.29163
4.29163
4.29163
4.29163
4.29163
4.29163
4.29163
4.29163
4.29163
4.29163
4.29163
4.29163
4.29163
4.29163
4.29163
4.29163
4.29163
4.29163
4.29163
4.29163
4.29163
4.29163
4.29163
4.29163
4.29163
4.29163
4.29163
4.29163
4.29163
4.29163
4.29163
4.29163
4.29163
4.29163
4.29163
4.29163
4.29163
4.29163
4.29163
4.29163
4.29163
4.29163
4.29163
4.29163
4.29163
4.29163
4.29163
4.29163
4.29163
4.29163
4.29163
4.29163
4.29163
4.29163
4.29163
4.29163
4.29163
4.29163
4.29163
4.29163
4.29163
4.29163
4.29163
4.29163
4.29163
4.29163
4.29163
4.29163
4.29163
4.29163
4.29163
4.29163
4.29163
4.29163
4.29163
4.29163
4.29163
4.29163
4.29163
4.29163
4.29163
4.29163
4.29163
4.29163
4.29163
4.29163
4.29163
4.29163
4.29163
4.29163
4.29163
4.29163
4.29163
4.29163
4.29163
4.29163
4.29163
4.29163
4.29163
4.29163
4.29163
4.29163
4.29163
4.29163
4.29163
4.29163
4.29163
4.29163
4.29163
4.29163
4.29163
4.29163
4.29163
4.29163
4.29163
4.29163
4.29163
4.29163
4.29163
4.29163
4.29163
4.29163
4.29163
4.29163
4.29163
4.29163
4.29163
4.29163
4.29163
4.29163
4.29163
4.29163
4.29163
4.29163
4.29163
4.29163
4.29163
4.29163
4.29163
4.29163
4.29163
4.29163
4.29163
4.29163
4.29163
4.29163
4.29163
4.29163
4.29163
4.29163
4.29163
4.29163
4.29163
4.29163
4.29163
4.29163
4.29163
4.29163
4.29163
4.29163
4.29163
4.29163
4.29163
4.29163
4.29163
4.29163
4.29163
4.29163
4.29163
4.29163
4.29163
4.29163
4.29163
4.29163
4.29163
4.29163
4.29163
4.29163
4.29163
4.29163
4.29163
4.29163
4.29163
4.29163
4.29163
4.29163
4.29163
4.29163
4.29163
4.29163
4.29163
4.29163
4.29163
4.29163
4.29163
4.29163
4.29163
4.29163
4.29163
4.29163
4.29163
4.29163
4.29163
4.29163
4.29163
4.29163
4.29163
4.29163
4.29163
4.29163
4.29163
4.29163
4.29163
4.29163
4.29163
4.29163
4.29163
4.29163
4.29163
4.29163
4.29163
4.29163
4.29163
4.29163
4.29163
4.29163
4.29163
4.29163
4.29163
4.29163
4.29163
4.29163
4.29163
4.29163
4.29163
4.29163
4.29163
4.29163
4.29163
4.29163
4.29163
4.29163
4.29163
4.29163
4.29163
4.29163
4.29163
4.29163
4.29163
4.29163
4.29163
4.29163
4.29163
4.29163
4.29163
4.29163
4.29163
4.29163
4.29163
4.29163
4.29163
4.29163
4.29163
4.29163
4.29163
4.29163
4.29163
4.29163
4.29163
4.29163
4.29163
4.29163
4.29163
4.29163
4.29163
4.29163
4.29163
4.29163
4.29163
4.29007
4.29007
4.29007
4.29007
4.29007
4.29007
4.29007
4.29007
4.29007
4.29007
4.29007
4.29007
4.29007
4.29007
4.29007
4.29007
4.29007
4.29007
4.29007
4.29007
4.29007
4.29007
4.29007
4.29007
4.29007
4.29007
4.29007
4.29007
4.29007
4.29007
4.29007
4.29007
4.29007
4.29007
4.29007
4.29007
4.29007
4.29007
4.29007
4.29007
4.29007
4.29007
4.29007
4.29007
4.29007
4.29007
4.29007
4.29007
4.29007
4.29007
4.29007
4.29007
4.26088
4.26088
4.26088
4.26088
4.26088
4.26088
4.26088
4.26088
4.26088
4.26088
4.26088
4.26088
4.26088
4.07433
4.07433
4.03966
4.03966
4.03966
4.03966
4.03966
4.03966
4.03966
4.03966
4.03966
4.03966
4.03966
4.03966
4.03966
4.03966
4.03966
4.00799
4.00799
4.00799
4.00799
4.00799
4.00799
4.00799
4.00799
4.00799
4.00799
4.00799
4.00799
4.00799
4.00799
4.00799
4.00647
4.00647
4.00647
4.00647
4.00647
4.00647
4.00647
4.00647
4.00647
4.00647
4.00647
4.00647
3.91249
3.91249
3.91249
3.91249
3.91249
3.91249
3.91249
3.91249
3.91249
3.87461
3.82999
3.82999
3.82999
3.82999
3.82999
3.82999
3.82999
3.82999
3.82999
3.82999
3.82999
3.82999
3.82999
3.82999
3.82999
3.82999
3.78306
3.78306
3.78306
3.78306
3.78306
3.78306
3.78306
3.78306
3.78306
3.74823
3.74823
3.74823
3.74823
3.74823
3.74823
3.73773
3.73773
3.73773
3.73773
3.73773
3.73773
3.73773
3.73773
3.73773
3.69956
3.69956
3.69956
3.69956
3.69956
3.69956
3.69956
3.69956
3.69956
3.69956
3.69956
3.69956
3.69956
3.69956
3.69956
3.69956
3.69956
3.69956
3.69956
3.69956
3.69956
3.69956
3.69956
3.69956
3.69956
3.69956
3.69956
3.69956
3.69956
3.69956
3.69956
3.69956
3.69956
3.69956
3.69956
3.69956
3.69956
3.69956
3.69956
3.69956
3.69956
3.69956
3.69956
3.69956
3.69956
3.69956
3.69956
3.69956
3.69956
3.69956
3.69956
3.69956
3.69956
3.69956
3.69956
3.69956
3.69956
3.65936
3.65936
3.65936
3.65936
3.65936
3.65936
3.65936
3.65936
3.65936
3.65936
3.65936
3.65936
3.65936
3.65936
3.65936
3.65936
3.65936
3.65936
3.65936
3.65936
3.65936
3.65936
3.65936
3.65936
3.65936
3.65936
3.65936
3.65936
3.65936
3.65936
3.65936
3.65936
3.65936
3.65936
3.65936
3.65936
3.65936
3.65936
3.65936
3.65936
3.65936
3.65936
3.65936
3.65936
3.65936
3.65936
3.65936
3.65936
3.65936
3.65936
3.65936
3.65936
3.65936
3.65936
3.65936
3.65936
3.65936
3.65936
3.65936
3.65936
3.65936
3.65936
3.65936
3.65936
3.65936
3.65936
3.65936
3.65936
3.65936
3.65936
3.65936
3.65936
3.65936
3.65936
3.65936
3.65936
3.65936
3.65936
3.65936
3.65936
3.65936
3.65936
3.65936
3.65936
3.65936
3.65936
3.65936
3.65936
3.65936
3.65936
3.65936
3.65936
3.65936
3.65936
3.65936
3.65936
3.65936
3.65936
3.65936
3.65936
3.65936
3.65936
3.65936
3.65936
3.65936
3.65936
3.65936
3.65936
3.65936
3.65936
3.65936
3.65936
3.65936
3.65936
3.65936
3.65936
3.65936
3.65936
3.65936
3.65936
3.65936
3.65936
3.65936
3.65936
3.65936
3.65936
3.65936
3.65936
3.65936
3.65936
3.65936
3.65936
3.65936
3.65936
3.65936
3.65936
3.65936
3.65936
3.65936
3.65936
3.65936
3.65936
3.65936
3.6384
3.6384
3.6384
3.6384
3.6384
3.6384
3.6384
3.6384
3.6384
3.6384
3.6384
3.6384
3.6384
3.6384
3.6384
3.6384
3.6384
3.6384
3.6384
3.6384
3.6384
3.6384
3.6384
3.6384
3.6384
3.6384
3.6384
3.6384
3.6384
3.6384
3.6384
3.6384
3.6384
3.6384
3.6384
3.6384
3.6384
3.6384
3.6384
3.6384
3.6384
3.6384
3.6384
3.6384
3.6384
3.6384
3.6384
3.6384
3.6384
3.6384
3.6384
3.6384
3.6384
3.6384
3.6384
3.6384
3.6384
3.6384
3.6384
3.6384
3.6384
3.6384
3.6384
3.63693
3.63693
3.63693
3.63693
3.63693
3.63693
3.63693
3.63693
3.63693
3.63693
3.63693
3.63693
3.63693
3.63693
3.63693
3.61573
3.61573
3.61573
3.61573
3.61573
3.61573
3.61573
3.61573
3.61573
3.61573
3.61573
3.61573
3.61573
3.61573
3.61573
3.61573
3.61573
3.61573
3.61573
3.61573


0.191006
0.191006
-0.887027
-0.887027
-0.66102
-0.66102
0.109003
0.109003
-0.115004
-0.949029
0.169005
0.169005
-0.949029
-0.949029
-0.949029
0.155005
0.067002
0.067002
0.155005
0.155005
0.155005
-0.269008
-0.269008
0.143004
0.143004
0.143004
-1.95306
0.353011
-1.95306
0.191006

0.03

