420.298
420.298
420.298
420.298
420.298
398.767
398.767
398.767
398.767
398.767
398.767
398.767
398.767
398.767
398.767
398.767
419.765
383.166
383.166
383.166
383.423
383.423
383.423
414.091
409.596
409.596
409.596
400.097
400.097
359.989
359.989
359.989
359.989
359.989
359.989
359.989
386.433
386.433
386.433
386.433
386.433
386.433
386.433
386.433
386.433
387.107
387.107
387.107
410.926
410.926
410.926
410.926
410.926
392.248
392.248
392.248
393.136
393.136
393.136
393.136
393.136
393.136
393.136
393.136
402.425
402.425
402.425
398.932
398.932
394.94
394.94
394.94
394.94
394.94
373.533
399.134
399.134
387.682
387.682
345.719
345.719
380.65
380.65
380.65
380.65
380.65
380.65
380.65
380.65
386.279
386.279
361.004
361.004
361.004
361.004
361.004
361.004
361.004
361.004
361.004
361.004
361.004
361.004
361.004
361.004
361.004
375.972
375.972
375.972
375.972
375.972
375.972
375.972
375.972
430.978
430.978
402.646
402.646
402.646
402.646
418.483
418.483
418.724
418.724
428.603
428.603
428.603
428.603
428.603
428.603
418.685
418.685
404.705
404.705
404.705
404.705
404.705
404.705
446.261
439.719
439.719
446.261
446.261
435.393
435.393
435.06
428.614
428.614
428.614
428.614
428.614
409.839
412.831
404.073
370.057
370.057
370.057
370.057
385.125
385.125
385.125
385.125
385.125
385.125
385.125
385.125
385.125
385.125
341.256
312.695
333.823
333.823
333.823
333.823
333.823
333.823
333.823
333.823
333.823
333.823
333.823
333.823
333.823
333.823
377.466
377.466
377.466
377.466
365.903
365.903
347.547
347.547
347.547
336.914
336.914
336.914
356.383
333.658
333.658
333.658
333.658
333.658
333.658
333.658
309.641
338.113
338.113
325.55
325.55
325.55
325.55
325.55
325.55
325.55
325.55
325.55
325.55
358.438
358.438
416.227
416.227
416.227
416.227
372.065
372.065
372.065
372.065
416.227
393.694
393.694
393.694
396.799
396.799
396.799
396.799
396.799
396.799
396.799
396.799
396.799
396.799
396.799
396.799
396.799
396.799
396.799
396.799
396.799
396.799
388.047
388.047
388.047
393.673
393.673
393.673
393.673
337.934
337.934
337.934
337.934
337.934
341.955
341.955
341.955
395.255
395.255
395.255
395.255
405.189
383.577
383.577
383.577
383.577
383.577
383.577
383.577
383.577
383.577
402.684
402.684
408.349
408.349
388.666
388.666
388.666
388.666
388.666
388.666
388.666
388.666
388.666
401.4
401.4
401.4
401.4
401.4
384.658
384.658
384.658
384.658
391.747
391.747
391.747
392.458
392.458
392.458
392.458
392.458
392.458
392.458
413.722
413.722
413.722
413.722
413.722
413.722
393.444
393.444
381.982
381.982
381.982
381.982
393.444
397.285
371.116
371.116
371.116
371.116
371.116
371.116
371.116
371.116
371.116
383.274
329.677
396.821
419.583
419.583
419.583
414.454
369.031
364.328
364.328
364.328
364.328
364.328
370.444
370.444
370.444
370.444
370.444
397.528
370.045
370.045
370.045
370.045
370.045
370.045
370.045
391.571
354.573
354.573
354.573
354.573
354.573
393.687
393.687
393.687
393.687
393.687
384.117
384.117
376.994
405.006
422.223
422.223
422.223
414.616
414.616
420.549
420.549
436.261
436.261
436.261
431.395
431.395
431.395
431.395
421.742
421.742
421.742
421.742
421.742
421.742
421.742
421.742
421.742
421.742
421.742
421.742
429.148
429.148
403.219
392.609
392.609
392.609
392.609
376.22
331.294
376.22
395.445
391.501
391.501
391.501
395.445
396.522
396.522
396.522
407.764
407.764
407.764
407.764
384.264
384.264
384.264
371.759
371.759
371.759
371.759
371.759
371.759
417.247
409.902
409.902
409.902
419.203
419.203
418.808
418.808
418.808
418.808
418.808
418.808
419.203
419.203
419.203
415.766
415.766
415.766
398.143
398.143
398.143
398.143
369.706
369.706
367.28
367.28
369.706
369.706
369.706
369.706
369.706
369.706
369.706
369.706
369.706
369.706
369.706
369.706
369.706
369.706
369.706
369.706
369.706
373.498
373.498
373.498
373.498
373.498
402.708
402.708
402.708
402.708
402.708
390.445
390.445
390.445
390.445
390.445
394.357
394.357
394.357
394.357
394.357
394.357
394.357
394.357
394.357
399.024
377.451
399.024
399.024
399.024
399.024
401.151
401.151
374.743
374.743
367.849
367.849
367.849
367.849
367.849
358.347
358.347
343.976
351.926
351.926
351.926
355.13
368.589
368.589
368.589
368.589
416.909
416.909
416.909
416.909
416.909
416.909
416.909
416.909
416.909
416.909
416.909
397.026
416.909
416.909
416.909
400.527
408.138
408.138
408.138
408.138
408.138
408.138
408.138
408.138
408.138
408.138
408.138
416.2
416.2
416.2
406.879
406.879
406.879
406.879
393.518
393.518
393.518
366.873
366.873
350.562
350.562
408.738
408.738
416.2
416.2
416.2
416.2
363.871
391.671
391.671
391.671
391.671
400.651
417.74
406.979
406.979
406.979
406.979
406.979
406.979
363.987
363.987
363.987
363.987
363.987
363.987
363.987
363.987
363.987
363.987
389.346
317.573
317.573
331.89
331.89
331.89
352.253
352.253
352.253
352.253
352.253
352.253
352.253
352.253
352.253
352.253
352.253
352.253
352.253
396.736
396.736
396.736
396.736
396.736
396.736
396.736
396.736
369.534
396.736
350.709
362.941
394.681
394.681
394.681
394.681
394.681
394.681
394.681
394.681
394.681
394.681
394.681
394.681
356.688
352.798
352.798
352.798
352.798
352.798
392.346
386.584
431.495
425.666
425.666
368.919
368.919
368.919
357.031
357.031
357.031
365.911
365.911
354.223
354.223
354.223
354.223
354.223
354.223
354.223
360.948
360.948
360.948
360.948
360.948
360.948
360.948
360.948
360.948
360.948
360.948
360.948
360.948
360.948
360.948
360.948
356.226
367.566
367.566
367.566
335.373
335.373
335.373
335.373
335.373
335.373
335.373
335.373
335.373
335.373
335.373
335.373
335.373
335.373
335.373
335.373
335.373
335.373
335.373
369.884
369.884
369.884
369.884
369.884
369.884
356.042
356.042
356.042
369.884
377.846
377.846
313.909
313.909
313.909
313.909
313.909
313.909
313.909
313.909
313.909
313.909
313.909
313.909
313.909
300.152
300.152
300.152
300.152
300.152
300.152
300.152
300.152
300.152
321.989
321.989
364.386
364.386
364.386
364.386
364.386
364.386
364.386
364.386
364.386
364.386
364.386
376.544
378.211
385.876
402.848
402.848
402.848
402.848
408.255
408.255
421.093
421.093
421.093
421.093
407.008
355.524
355.524
355.524
355.524
370.311
370.311
386.963
380.545
380.545
374.763
374.763
380.545
380.545
380.545
380.545
380.545
391.577
391.577
391.577
411.307
411.307
411.307
411.307
420.101
420.101
420.101
377.619
377.619
377.619
377.619
377.619
377.619
377.619
377.619
377.619
377.619
396.079
396.079
396.079
396.079
396.079
396.079
403.167
395.244
395.244
395.244
395.244
395.244
395.244
395.244
384.705
384.705
371.685
321.91
321.91
325.579
325.579
325.579
325.579
325.579
325.579
325.579
325.579
325.579
325.579
310.14
310.14
310.14
347.12
364.639
364.639
364.639
355.51
355.51
355.51
355.51
355.51
355.51
355.51
355.51
355.51
355.51
355.51
355.51
355.51
355.51
355.51
355.51
355.51
301.39
301.39
301.39
301.39
301.39
353.332
353.332
375.347
375.347
386.878
386.797
386.797
382.148
382.148
368.09
368.09
368.09
368.09
368.09
368.09
368.09
368.09
368.09
368.09
342.638
342.638
342.638
342.638
342.638
331.174
331.174
331.174
331.174
331.174
357.272
357.272
346.694
346.694
346.694
346.694
327.914
327.914
327.914
327.914
327.914
353.79
357.272
357.272
357.272
357.272
350.742
361.944
361.944
361.944
361.944
361.944
361.944
398.05
398.05
398.05
385.536
385.536
385.536
385.536
385.536
385.536
383.314
385.536
385.536
385.536
385.536
385.536
360.679
360.679
369.304
369.304
369.304
369.304
369.304
369.304
369.304
369.304
369.304
369.304
369.304
369.304
369.304
369.304
369.304
369.304
369.304
390.233
390.233
390.233
390.233
390.233
390.233
390.233
390.233
390.233
390.233
407.546
407.546
407.546
407.546
407.546
407.546
407.546
414.401
414.401
432.84
432.84
432.84
428.514
424.468
424.468
424.468
424.468
424.468
424.468
424.468
414.752
412.316
412.316
412.316
398.8
398.8
406.473
412.316
412.316
425.252
425.252
425.252
425.252
425.252
425.252
416.624
410.938
410.938
410.938
410.938
410.938
410.938
410.938
410.938
410.938
410.938
404.567
404.431
330.247
330.247
410.938
410.938
410.938
410.938
410.938
410.938
368.339
368.339
368.339
368.339
366.458
368.339
368.339
368.339
396.381
413.22
402.512
402.512
402.512
402.512
402.512
402.512
407.887
407.887
407.887
398.225
398.225
407.887
407.887
400.69
400.69
400.69
400.69
395.071
395.071
395.071
395.071
395.071
395.071
395.071
405.487
405.487
405.487
404.756
405.487
381.033
381.033
381.033
354.619
354.619
354.619
354.619
354.619
354.619
354.619
354.619
354.619
354.619
354.619
364.3
364.3
402.86
402.86
412.605
412.605
412.605
412.605
397.942
397.942
397.942
397.942
397.942
397.942
390.104
390.104
390.104
390.104
416.067
366.367
366.367
366.367
359.158
331.879
331.879
331.879
300.716
360.681
399.91
399.91
399.279
399.279
399.279
399.91
399.91
399.91
350.562
350.562
350.562
350.562
350.562
350.562
350.562
350.562
350.562
369.046
369.046
374.629
374.629
374.629
374.629
374.629
374.629
374.629
374.629
374.629
374.629
368.127
368.127
368.127
368.127
368.127
368.127
368.127
368.127
368.127
368.127
368.127
331.422
331.422
331.422
331.422
331.422
331.422
331.422
331.422
331.422
331.422
331.422
380.547
380.547
380.547
380.547
380.547
380.547
380.547
380.547
380.547
380.547
380.547
380.547
380.547
348.021
348.021
348.021
348.021
372.411
372.411
372.411
372.411
372.411
372.411
372.411
372.411
372.411
372.411
372.411
387.238
387.238
398.895
398.895
398.895
398.895
401.002
401.002
387.705
387.705
387.705
387.705
387.705
387.705
389.461
389.461
389.461
389.461
391.26
391.26
400.051
400.051
400.051
400.051
400.051
404.559
404.559
404.559
404.559
367.938
404.559
404.559
404.559
404.559
355.654
355.654
355.654
355.654
355.912
355.912
355.912
406.341
406.341
406.341
406.341
406.341
406.341
406.341
406.341
432.246
434.998
422.195
402.702
402.702
402.702
402.702
402.702
402.702
402.702
402.702
358.372
358.372
358.372
358.372
358.372
358.372
358.372
358.372
386.723
386.723
386.723
386.723
386.723
386.723
386.723
386.723
386.723
386.723
386.723
386.723
386.723
402.834
402.834
393.485
393.485
393.485
340.148
340.148
299.906
299.906
299.906
299.906
299.906
299.906
377.762
377.762
377.762
377.762
377.762
383.96
383.96
381.408
398.833
412.313
412.313
412.313
412.313
412.313
385.198
385.198
385.198
385.198
385.198
385.198
385.198
385.198
412.478
412.478
412.478
412.478
412.478
345.151
345.151
345.151
345.151
345.151
397.632
386.218
397.632
397.632
397.632
397.632
397.632
390.951
390.951
390.951
390.951
390.951
390.951
390.951
390.951
390.951
390.951
390.951
390.951
390.951
390.951
390.951
390.951
390.951
390.951
390.951
390.951
390.951
390.951
390.951
390.951
390.951
390.951
390.951
373.536
373.536
369.158
369.158
339.207
339.207
404.391
404.391
404.391
404.391
404.391
404.391
394.885
375.938
394.885
375.802
375.802
375.802
359.96
359.96
359.96
359.96
390.082
390.082
390.082
390.082
390.082
390.082
390.082
390.082
431.351
431.351
417.758
431.351
431.351
431.351
431.351
419.857
419.857
408.166
386.951
386.951
386.951
386.951
419.857
423.399
423.399
423.399
407.265
407.265
407.265
407.265
407.265
407.265
407.265
407.265
407.265
407.265
407.265
407.265
415.193
409.133
409.133
409.133
382.559
382.559
371.452
371.452
371.452
371.452
371.452
371.452
371.452
371.452
359.571
387.274
387.274
387.274
389.08
389.08
389.08
389.08
389.08
389.08
389.08
389.08
389.08
389.08
389.08
389.08
389.08
389.08
389.08
389.08
389.08
389.08
389.08
379.911
405.35
405.35
405.35
405.35
395.351
395.351
405.35
405.35
395.727
395.727
395.727
403.27
403.27
403.27
369.397
417.267
372.626
419.605
419.605
419.605
419.605
419.605
419.605
388.457
388.457
387.173
387.173
387.173
388.457
388.457
388.457
388.457
388.457
388.457
388.457
415.145
415.145
415.145
421.375
428.671
322.092
352.955
352.955
407.115
407.115
407.115
413.494
384.509
384.509
384.509
384.509
415.587
335.289
387.323
387.323
387.323
387.323
387.323
387.323
387.323
387.323
356.94
356.94
356.94
379.642
379.642
397.545
397.545
397.545
397.545
393.904
393.904
393.904
393.904
393.904
393.904
393.904
393.904
393.904
393.904
393.904
366.269
388.52
341.345
341.345
341.345
341.345
289.79
289.79
289.79
340.27
340.27
340.27
340.27
340.27
340.27
340.27
340.27
340.27
340.27
340.27
359.941
359.941
359.941
359.941
359.941
359.941
359.941
329.817
329.817
329.817
347.321
347.321
347.321
347.321
347.321
347.321
347.321
347.321
347.321
347.321
347.321
347.321
347.321
347.321
347.321
373.442
373.442
395.049
395.049
395.049
395.049
388.741
388.115
388.115
377.926
362.643
362.643
362.643
362.643
362.643
337.087
337.087
337.087
297.035
345.776
345.776
345.776
345.776
345.776
345.776
345.776
345.776
345.776
345.776
393.397
393.397
393.397
393.397
390.247
390.247
390.247
390.247
375.83
375.83
362.724
362.724
393.29
393.29
398.665
386.989
386.989
386.989
386.989
386.989
386.989
423.438
422.021
403.791
403.791
352.515
352.515
352.515
352.515
379.388
339.239
339.239
339.239
339.239
339.239
339.239
374.625
374.625
374.625
374.625
374.625
374.625
335.259
335.259
335.259
335.259
362.886
362.886
372.064
372.064
372.064
372.064
372.064
372.064
372.064
372.064
372.064
372.064
372.064
372.064
372.064
372.064
320.014
320.014
320.014
349.978
342.174
342.174
342.174
342.174
332.091
332.091
332.091
332.091
332.091
332.091
332.091
332.091
332.091
349.978
349.978
332.8
332.8
332.8
332.8
332.8
332.8
334.859
349.207
349.207
349.207
349.207
349.207
349.207
349.207
349.207
349.207
349.207
349.207
394.646
394.646
375.302
375.302
375.302
375.302
375.302
375.302
375.302
375.302
382.884
382.884
382.884
382.884
382.884
391.287
391.287
391.287
391.287
295.481
295.481
295.481
295.481
295.481
295.481
295.481
295.481
295.481
325.239
325.239
325.239
387.478
387.478
387.478
387.478
387.478
387.478
387.478
388.825
388.825
388.825
388.825
388.825
388.825
388.825
388.825
388.825
388.825
388.825
388.825
381.132
381.132
381.132
381.132
381.132
381.132
381.132
368.308
368.308
378.571
378.571
388.825
388.825
388.825
388.825
388.825
388.825
388.825
388.825
397.333
388.06
388.06
388.06
388.06
388.06
398.021
398.021
398.021
398.021
398.021
398.021
314.098
314.098
314.098
314.098
314.098
314.098
314.098
314.098
342.846
342.846
342.846
374.276
374.276
374.276
374.276
374.276
368.495
433.685
433.685
427.931
433.685
433.685
341.866
373.292
373.292
373.292
373.292
373.292
373.292
376.246
403.36
403.36
403.36
403.36
397.14
397.14
397.14
371.855
371.855
371.855
371.855
371.855
403.968
399.808
399.808
399.808
399.808
399.808
399.808
399.808
399.808
399.808
400.99
400.99
400.99
400.99
400.99
400.99
400.99
400.99
392.135
392.135
392.135
392.135
392.135
392.135
392.135
392.135
392.135
392.135
392.135
392.135
392.135
392.135
400.99
361.151
361.151
361.151
355.937
355.937
355.937
355.937
355.937
355.937
355.937
355.937
355.937
355.937
355.937
400.339
400.339
400.339
400.339
400.339
400.339
400.339
400.339
400.339
400.339
400.339
400.339
400.339
403.066
403.066
403.066
403.066
397.147
394.883
397.147
397.147
397.147
397.147
403.135
403.135
403.135
403.135
403.135
403.135
403.135
403.135
401.448
357.873
357.873
357.873
357.873
358.555
358.555
380.79
380.79
380.79
367.928
367.928
391.306
391.306
377.633
418.091
423.286
423.286
423.286
423.286
413.594
423.286
423.286
387.707
387.707
384.809
384.809
384.809
384.809
384.809
384.809
384.809
384.809
391.464
391.464
391.464
391.464
391.464
376.36
331.513
331.513
331.513
331.513
331.513
331.513
331.513
379.644
379.644
379.644
392.296
392.296
392.296
392.296
337.137
396.332
396.332
353.493
353.493
353.493
353.493
353.493
353.493
353.493
353.493
353.493
353.493
359.32
359.32
359.32
359.32
379.51
379.51
369.929
369.929
369.929
369.929
369.929
369.929
369.929
369.929
369.929
369.929
369.929
369.929
369.929
369.929
369.929
280.991
280.991
280.991
280.991
280.991
369.929
369.929
369.929
369.929
369.929
367.725
317.015
317.015
317.015
317.015
317.015
317.015
317.015
317.015
317.015
317.015
317.015
317.015
374.839
372.568
372.568
365.28
365.28
372.568
372.568
403.196


-1.01925
0.807368
-3.27244
-4.96031
-1.05206
-2.06334
-1.10488
0.176412
-2.13741
-0.907059
-0.316728
-0.945498
-0.664864
0.118597
3.06994
-1.64521
-1.00144
0.0785961
0.28204
0.685177
-0.997687
1.55458
0.942998
-1.03238
-0.936122
-1.43833
-3.3187
2.84649
2.19991
3.05337

0.028

