-0.0343744
-0.0343744
-0.0452728
-0.0452728
-0.117251
-0.117251
-0.117251
-0.117251
-0.117251
-0.117251
-0.117251
-0.117251
-0.271037
-0.271037
-0.271037
-0.351568
-0.351568
-0.351568
-0.351568
-0.351568
-0.351568
-0.351568
-0.351568
-0.351568
-0.351568
-0.351568
-0.351568
-0.351568
-0.351568
-0.445823
-0.445823
-0.445823
-0.445823
-0.445823
-0.473833
-0.473833
-0.473833
-0.473833
-0.473833
-0.473833
-0.476114
-0.476114
-0.476114
-0.59624
-0.59624
-0.59624
-0.59624
-0.59624
-0.59624
-0.59624
-0.59624
-0.59624
-0.602406
-0.602406
-0.602406
-0.635591
-0.635591
-0.635591
-0.635591
-0.635591
-0.635591
-0.635591
-0.635591
-0.635591
-0.635591
-0.635591
-0.635591
-0.635591
-0.635591
-0.635591
-0.635591
-0.635591
-0.635591
-0.636651
-0.636651
-0.639942
-0.639942
-0.639942
-0.639942
-0.639942
-0.639942
-0.639942
-0.639942
-0.639942
-0.641261
-0.641261
-0.641261
-0.641261
-0.641261
-0.641261
-0.641261
-0.641261
-0.643337
-0.643337
-0.643337
-0.643337
-0.643337
-0.643337
-0.643337
-0.646656
-0.646656
-0.646656
-0.646656
-0.646656
-0.651512
-0.651512
-0.651512
-0.651512
-0.651512
-0.651512
-0.651512
-0.661189
-0.661189
-0.661189
-0.661189
-0.661189
-0.661189
-0.661189
-0.661189
-0.661189
-0.661189
-0.661189
-0.661189
-0.661189
-0.661189
-0.661189
-0.661189
-0.661189
-0.661189
-0.661189
-0.661189
-0.661189
-0.661189
-0.661189
-0.661189
-0.661189
-0.66624
-0.666282
-0.666282
-0.721562
-0.721562
-0.721562
-0.721562
-0.721562
-0.721562
-0.721562
-0.721562
-0.721562
-0.721562
-0.721562
-0.721562
-0.721562
-0.721562
-0.721562
-0.721562
-0.721562
-0.721562
-0.721562
-0.721562
-0.721562
-0.721562
-0.721562
-0.721562
-0.721562
-0.721562
-0.721562
-0.721562
-0.721562
-0.721562
-0.721562
-0.728463
-0.728463
-0.728463
-0.728463
-0.728463
-0.734718
-0.734718
-0.734718
-0.734718
-0.734718
-0.734718
-0.734718
-0.740686
-0.740686
-0.740686
-0.740686
-0.740686
-0.740686
-0.759329
-0.759329
-0.759329
-0.759329
-0.759329
-0.759329
-0.759329
-0.759329
-0.759329
-0.759329
-0.759329
-0.759329
-0.759329
-0.759329
-0.759329
-0.759329
-0.759329
-0.759329
-0.759329
-0.767576
-0.767576
-0.767576
-0.767576
-0.767576
-0.767576
-0.767576
-0.767576
-0.767576
-0.767576
-0.767576
-0.767576
-0.767576
-0.767576
-0.768386
-0.768386
-0.768386
-0.768386
-0.768386
-0.76843
-0.76843
-0.76843
-0.76843
-0.76843
-0.774801
-0.774801
-0.774801
-0.774801
-0.774801
-0.774801
-0.774801
-0.774801
-0.774801
-0.774801
-0.780723
-0.780723
-0.780723
-0.780723
-0.780723
-0.780723
-0.780723
-0.780723
-0.780723
-0.780723
-0.780723
-0.780723
-0.783343
-0.787572
-0.787572
-0.787572
-0.787572
-0.787572
-0.787572
-0.787572
-0.787572
-0.787572
-0.788311
-0.788311
-0.788311
-0.788311
-0.788311
-0.788311
-0.788311
-0.788311
-0.789515
-0.789515
-0.789515
-0.789515
-0.789515
-0.789515
-0.789515
-0.789515
-0.789515
-0.789515
-0.789515
-0.789515
-0.789515
-0.792293
-0.792293
-0.792293
-0.792293
-0.792293
-0.792293
-0.792293
-0.792293
-0.792293
-0.792293
-0.793691
-0.793691
-0.793691
-0.793691
-0.793691
-0.793691
-0.793691
-0.793691
-0.811142
-0.811142
-0.811142
-0.811142
-0.811142
-0.811142
-0.811142
-0.811142
-0.811142
-0.811142
-0.811142
-0.811142
-0.811142
-0.813141
-0.813141
-0.813141
-0.813141
-0.813141
-0.813141
-0.813141
-0.813141
-0.813141
-0.813141
-0.813141
-0.813141
-0.813141
-0.813141
-0.813141
-0.813141
-0.813141
-0.813141
-0.813141
-0.813141
-0.813141
-0.813141
-0.813141
-0.813141
-0.813141
-0.813141
-0.813141
-0.813141
-0.813141
-0.813141
-0.813141
-0.813141
-0.815188
-0.81743
-0.81743
-0.81743
-0.81743
-0.81743
-0.81743
-0.81743
-0.81743
-0.81743
-0.81743
-0.81743
-0.81743
-0.81743
-0.829364
-0.829364
-0.829364
-0.829364
-0.829364
-0.829364
-0.829364
-0.829364
-0.829364
-0.829364
-0.829364
-0.829364
-0.829364
-0.829364
-0.829364
-0.829364
-0.829364
-0.829364
-0.829364
-0.829364
-0.829364
-0.829364
-0.829364
-0.829364
-0.829364
-0.830033
-0.830033
-0.830033
-0.830573
-0.830573
-0.830573
-0.830573
-0.834404
-0.834404
-0.834404
-0.834404
-0.834404
-0.834404
-0.834404
-0.834404
-0.834404
-0.834404
-0.834404
-0.834404
-0.834404
-0.834404
-0.834404
-0.834404
-0.834404
-0.834404
-0.834404
-0.834404
-0.834404
-0.834404
-0.834404
-0.834404
-0.834404
-0.834404
-0.834404
-0.834404
-0.834404
-0.834404
-0.834404
-0.834404
-0.834404
-0.834404
-0.834404
-0.834404
-0.834404
-0.834404
-0.834404
-0.834404
-0.834404
-0.83485
-0.83485
-0.83485
-0.83485
-0.83485
-0.83485
-0.83485
-0.83485
-0.83485
-0.83485
-0.83485
-0.83485
-0.83485
-0.83485
-0.83485
-0.83485
-0.83485
-0.83485
-0.83485
-0.83485
-0.83485
-0.83485
-0.83485
-0.83485
-0.83485
-0.83485
-0.83485
-0.834858
-0.834858
-0.834858
-0.834858
-0.834858
-0.838638
-0.838638
-0.838638
-0.838638
-0.838638
-0.838638
-0.838638
-0.838989
-0.838989
-0.838989
-0.838989
-0.838989
-0.838989
-0.838989
-0.839233
-0.839233
-0.839316
-0.839316
-0.839316
-0.839316
-0.839316
-0.839316
-0.839316
-0.839316
-0.839316
-0.839316
-0.839316
-0.839316
-0.839316
-0.839316
-0.839316
-0.839316
-0.839316
-0.839316
-0.839316
-0.839316
-0.839316
-0.839316
-0.845882
-0.845949
-0.845949
-0.845949
-0.845949
-0.845949
-0.845949
-0.845949
-0.845949
-0.845949
-0.845949
-0.845949
-0.845949
-0.847167
-0.847167
-0.847167
-0.847167
-0.847167
-0.847167
-0.847812
-0.847812
-0.847812
-0.847812
-0.847812
-0.847812
-0.847812
-0.847812
-0.847812
-0.847812
-0.847812
-0.847812
-0.847812
-0.847812
-0.847812
-0.847812
-0.847812
-0.850845
-0.850845
-0.850845
-0.850845
-0.850845
-0.850845
-0.850845
-0.850845
-0.850845
-0.850845
-0.850845
-0.850845
-0.85197
-0.85197
-0.85197
-0.85197
-0.85197
-0.85197
-0.85197
-0.85197
-0.85197
-0.85197
-0.85197
-0.85197
-0.85197
-0.85197
-0.85197
-0.85197
-0.85197
-0.85197
-0.85197
-0.85197
-0.85197
-0.85197
-0.85197
-0.85197
-0.85197
-0.85197
-0.85197
-0.85197
-0.85197
-0.85197
-0.85197
-0.85197
-0.85197
-0.85197
-0.85197
-0.85197
-0.85197
-0.852154
-0.852154
-0.852154
-0.852154
-0.852154
-0.852154
-0.852154
-0.852154
-0.852154
-0.852154
-0.852154
-0.852154
-0.852154
-0.852154
-0.852154
-0.852154
-0.852154
-0.852154
-0.852154
-0.852154
-0.852154
-0.852154
-0.852851
-0.852851
-0.852851
-0.852851
-0.852851
-0.852851
-0.852995
-0.852995
-0.852995
-0.852995
-0.853117
-0.853117
-0.853117
-0.853117
-0.853117
-0.853117
-0.853117
-0.853117
-0.853117
-0.853117
-0.853582
-0.853582
-0.853582
-0.85471
-0.85471
-0.85471
-0.85471
-0.85471
-0.855387
-0.855387
-0.855387
-0.855387
-0.855387
-0.855387
-0.855622
-0.855622
-0.856037
-0.856831
-0.856831
-0.856831
-0.856831
-0.856831
-0.856831
-0.856831
-0.856831
-0.856831
-0.856831
-0.856831
-0.856831
-0.856831
-0.856831
-0.856831
-0.856831
-0.856831
-0.856831
-0.856831
-0.856831
-0.856831
-0.856831
-0.85744
-0.85744
-0.85744
-0.858032
-0.858032
-0.858032
-0.858032
-0.858032
-0.858032
-0.858032
-0.858897
-0.858897
-0.858897
-0.858897
-0.858897
-0.858897
-0.858897
-0.858897
-0.858897
-0.858897
-0.859226
-0.859226
-0.859226
-0.859226
-0.859226
-0.859226
-0.859226
-0.859226
-0.859226
-0.859226
-0.859226
-0.859226
-0.859226
-0.859226
-0.859226
-0.859226
-0.859768
-0.859768
-0.859768
-0.859768
-0.859768
-0.859768
-0.859768
-0.859768
-0.859768
-0.859768
-0.859768
-0.859768
-0.859768
-0.859768
-0.859768
-0.859768
-0.859768
-0.859768
-0.859795
-0.859795
-0.859795
-0.859795
-0.859795
-0.859795
-0.859795
-0.859795
-0.859795
-0.859795
-0.859795
-0.859795
-0.859795
-0.859795
-0.859835
-0.859835
-0.859835
-0.859835
-0.859835
-0.859876
-0.859876
-0.859876
-0.859876
-0.859876
-0.859876
-0.859876
-0.859876
-0.859876
-0.859876
-0.859876
-0.859986
-0.860026
-0.860026
-0.860026
-0.860026
-0.860026
-0.860026
-0.860026
-0.860026
-0.860026
-0.860026
-0.860026
-0.860026
-0.860026
-0.860074
-0.860074
-0.860074
-0.860074
-0.860074
-0.860074
-0.860074
-0.860074
-0.860074
-0.860074
-0.860074
-0.860074
-0.860074
-0.860074
-0.860074
-0.860074
-0.860074
-0.860074
-0.860074
-0.860074
-0.860074
-0.860074
-0.860074
-0.860074
-0.860074
-0.860074
-0.860074
-0.860074
-0.860261
-0.860261
-0.860261
-0.860261
-0.860261
-0.860261
-0.860261
-0.860261
-0.861818
-0.861818
-0.861818
-0.861818
-0.861818
-0.861818
-0.864827
-0.864827
-0.864827
-0.864827
-0.864827
-0.864827
-0.864827
-0.864827
-0.864827
-0.864827
-0.864827
-0.864827
-0.864827
-0.864827
-0.864827
-0.864827
-0.864827
-0.864827
-0.864827
-0.864827
-0.864827
-0.864827
-0.864827
-0.864827
-0.864827
-0.864827
-0.864827
-0.864827
-0.864827
-0.864827
-0.864827
-0.864827
-0.864827
-0.864827
-0.864827
-0.864827
-0.864827
-0.864827
-0.864827
-0.864827
-0.864827
-0.864827
-0.864827
-0.864827
-0.864827
-0.864827
-0.864827
-0.864827
-0.864827
-0.864827
-0.864827
-0.864827
-0.864827
-0.864827
-0.864827
-0.864827
-0.864827
-0.864827
-0.864827
-0.864827
-0.864827
-0.864827
-0.865344
-0.865344
-0.865344
-0.865344
-0.865344
-0.865344
-0.865764
-0.865764
-0.865764
-0.865764
-0.865764
-0.865764
-0.865764
-0.865764
-0.865764
-0.865764
-0.865787
-0.865787
-0.865787
-0.865787
-0.865787
-0.865787
-0.865787
-0.865787
-0.865787
-0.865787
-0.865787
-0.865787
-0.865787
-0.865787
-0.865787
-0.865787
-0.865787
-0.865787
-0.865787
-0.865787
-0.865787
-0.865787
-0.865787
-0.865787
-0.865787
-0.865787
-0.865787
-0.865787
-0.865787
-0.871284
-0.871284
-0.871284
-0.871284
-0.871509
-0.871509
-0.871509
-0.871509
-0.871767
-0.871767
-0.871767
-0.871767
-0.871767
-0.871767
-0.871767
-0.871767
-0.871767
-0.872273
-0.872273
-0.872273
-0.872273
-0.872273
-0.872626
-0.87341
-0.87341
-0.87341
-0.87341
-0.87341
-0.87443
-0.87443
-0.875602
-0.875602
-0.875602
-0.875602
-0.875602
-0.875602
-0.875602
-0.875602
-0.875626
-0.875626
-0.875626
-0.875626
-0.875626
-0.875626
-0.875626
-0.875626
-0.875626
-0.875626
-0.875626
-0.875626
-0.875626
-0.875626
-0.875626
-0.877396
-0.877396
-0.877396
-0.877396
-0.877396
-0.877396
-0.877396
-0.877396
-0.877396
-0.877396
-0.877396
-0.877396
-0.877396
-0.877396
-0.877396
-0.877396
-0.877396
-0.877396
-0.877396
-0.877396
-0.877396
-0.877396
-0.877396
-0.877396
-0.877396
-0.877396
-0.877396
-0.877396
-0.877396
-0.877396
-0.877396
-0.877396
-0.877396
-0.877396
-0.877396
-0.877396
-0.877396
-0.877396
-0.877396
-0.877396
-0.877999
-0.878138
-0.878138
-0.878138
-0.878138
-0.878138
-0.878138
-0.878138
-0.878138
-0.878138
-0.878138
-0.878138
-0.878138
-0.878138
-0.878138
-0.878138
-0.878138
-0.878138
-0.878138
-0.878138
-0.878138
-0.878138
-0.878138
-0.878138
-0.878138
-0.878138
-0.878138
-0.878138
-0.878138
-0.878138
-0.878138
-0.878138
-0.878138
-0.878138
-0.878138
-0.878345
-0.878345
-0.878345
-0.878345
-0.878345
-0.878345
-0.878345
-0.878345
-0.878345
-0.878345
-0.878345
-0.878345
-0.878345
-0.878345
-0.878345
-0.878345
-0.878345
-0.878345
-0.878345
-0.878345
-0.878345
-0.878345
-0.878722
-0.878722
-0.878722
-0.878722
-0.878722
-0.878772
-0.878772
-0.878772
-0.878772
-0.878772
-0.879014
-0.879339
-0.879339
-0.879339
-0.879358
-0.879406
-0.879406
-0.879406
-0.879406
-0.879406
-0.879406
-0.879406
-0.879406
-0.879406
-0.879406
-0.879406
-0.879406
-0.879406
-0.879664
-0.879664
-0.879664
-0.879664
-0.883139
-0.883139
-0.883139
-0.883139
-0.883139
-0.883139
-0.883139
-0.883139
-0.883139
-0.883139
-0.883139
-0.883139
-0.883139
-0.883139
-0.883139
-0.883139
-0.883139
-0.883139
-0.883139
-0.883139
-0.883139
-0.883139
-0.883139
-0.883139
-0.883139
-0.883139
-0.883139
-0.883139
-0.883139
-0.883139
-0.883139
-0.883139
-0.883139
-0.883139
-0.883139
-0.883139
-0.883139
-0.883139
-0.883139
-0.883139
-0.883139
-0.883139
-0.883139
-0.883139
-0.883139
-0.883589
-0.883589
-0.883589
-0.883589
-0.883589
-0.883589
-0.883589
-0.883589
-0.883589
-0.883589
-0.883589
-0.883589
-0.883589
-0.883589
-0.883589
-0.883589
-0.883589
-0.883589
-0.883589
-0.883589
-0.883589
-0.883589
-0.883589
-0.883589
-0.883589
-0.883589
-0.883589
-0.883589
-0.883589
-0.883589
-0.883589
-0.883589
-0.883589
-0.883589
-0.883589
-0.883589
-0.883589
-0.883589
-0.883589
-0.883589
-0.88387
-0.88387
-0.88387
-0.88387
-0.88387
-0.88387
-0.88387
-0.88387
-0.88387
-0.88387
-0.88387
-0.88387
-0.88387
-0.88387
-0.88387
-0.88387
-0.88387
-0.88387
-0.88387
-0.88387
-0.88387
-0.88387
-0.884465
-0.884465
-0.884465
-0.884465
-0.884465
-0.884465
-0.884584
-0.884599
-0.884599
-0.884599
-0.884599
-0.884599
-0.884599
-0.884944
-0.884944
-0.884944
-0.884944
-0.884944
-0.884944
-0.884944
-0.884944
-0.884944
-0.884944
-0.885616
-0.885616
-0.885616
-0.885616
-0.885766
-0.885766
-0.885766
-0.885766
-0.885766
-0.885766
-0.885766
-0.885766
-0.886125
-0.886125
-0.886125
-0.886125
-0.886125
-0.886125
-0.886125
-0.886125
-0.886125
-0.886125
-0.886125
-0.886125
-0.886125
-0.886125
-0.886125
-0.886125
-0.886125
-0.886125
-0.886125
-0.886212
-0.886212
-0.886212
-0.886212
-0.886212
-0.886212
-0.886212
-0.886212
-0.886212
-0.886212
-0.886212
-0.886212
-0.886212
-0.886212
-0.886212
-0.886212
-0.886212
-0.886212
-0.886212
-0.886212
-0.886212
-0.886212
-0.886212
-0.886212
-0.886212
-0.88622
-0.88622
-0.886271
-0.886271
-0.886271
-0.886271
-0.886271
-0.886271
-0.886271
-0.886271
-0.886271
-0.886271
-0.88628
-0.88628
-0.88628
-0.886291
-0.886291
-0.886291
-0.886291
-0.886291
-0.887335
-0.887498
-0.887498
-0.887498
-0.887498
-0.887698
-0.887698
-0.887698
-0.887698
-0.887698
-0.887826
-0.887826
-0.887826
-0.887826
-0.887826
-0.887826
-0.887826
-0.887826
-0.887826
-0.887826
-0.887826
-0.887826
-0.887826
-0.887826
-0.887826
-0.887826
-0.887826
-0.887826
-0.887826
-0.887826
-0.887826
-0.887826
-0.888641
-0.888641
-0.888641
-0.888641
-0.888641
-0.888641
-0.888641
-0.888641
-0.888641
-0.888641
-0.888641
-0.888641
-0.888641
-0.888641
-0.888641
-0.888641
-0.888641
-0.888641
-0.888641
-0.888641
-0.888641
-0.888641
-0.888641
-0.888641
-0.888641
-0.888641
-0.888641
-0.888641
-0.888641
-0.888641
-0.888641
-0.888731
-0.888731
-0.888731
-0.888731
-0.888731
-0.888731
-0.888731
-0.888731
-0.888731
-0.888863
-0.888956
-0.888956
-0.888956
-0.888956
-0.888956
-0.889446
-0.889446
-0.889446
-0.889446
-0.889446
-0.889446
-0.889446
-0.889446
-0.889446
-0.889446
-0.889446
-0.889479
-0.889479
-0.889523
-0.889523
-0.889523
-0.889736
-0.889736
-0.889736
-0.889736
-0.889736
-0.889736
-0.889736
-0.889736
-0.889736
-0.889736
-0.889736
-0.889736
-0.889736
-0.889736
-0.889736
-0.889736
-0.889736
-0.889736
-0.889736
-0.889736
-0.889736
-0.889736
-0.889736
-0.889736
-0.889736
-0.889736
-0.889736
-0.889736
-0.889736
-0.889736
-0.889736
-0.889998
-0.889998
-0.889998
-0.889998
-0.889998
-0.889998
-0.889998
-0.889998
-0.889998
-0.889998
-0.889998
-0.889998
-0.889998
-0.889998
-0.889998
-0.889998
-0.889998
-0.889998
-0.889998
-0.889998
-0.889998
-0.889998
-0.889998
-0.889998
-0.889998
-0.889998
-0.889998
-0.889998
-0.889998
-0.889998
-0.889998
-0.889998
-0.890018
-0.890018
-0.890018
-0.890018
-0.890018
-0.890018
-0.890018
-0.890018
-0.890018
-0.890018
-0.890154
-0.890154
-0.890154
-0.890154
-0.890154
-0.890154
-0.890154
-0.890154
-0.890154
-0.890154
-0.890154
-0.890154
-0.890154
-0.890154
-0.890154
-0.890154
-0.890154
-0.890154
-0.890154
-0.890154
-0.890154
-0.890154
-0.890408
-0.890408
-0.890408
-0.890408
-0.890408
-0.890408
-0.892376
-0.892376
-0.892376
-0.892376
-0.893298
-0.893298
-0.893298
-0.893298
-0.893298
-0.893298
-0.893298
-0.893298
-0.893298
-0.893298
-0.893298
-0.893298
-0.893298
-0.893298
-0.893298
-0.893298
-0.893298
-0.893298
-0.893298
-0.893298
-0.893298
-0.893298
-0.893298
-0.893298
-0.893298
-0.893298
-0.893301
-0.893301
-0.893301
-0.893306
-0.893306
-0.893499
-0.893499
-0.893499
-0.893499
-0.893861
-0.893861
-0.893861
-0.893861
-0.893861
-0.893861
-0.893861
-0.893861
-0.893861
-0.893861
-0.893861
-0.893861
-0.893861
-0.893861
-0.893861
-0.893861
-0.893861
-0.893861
-0.893861
-0.893861
-0.894061
-0.894061
-0.894061
-0.894061
-0.894061
-0.894061
-0.894061
-0.894061
-0.894061
-0.894061
-0.894061
-0.894061
-0.894061
-0.894061
-0.894061
-0.894061
-0.894877
-0.894877
-0.894877
-0.894877
-0.894877
-0.894877
-0.894877
-0.894877
-0.894877
-0.894877
-0.894877
-0.894877
-0.894877
-0.894877
-0.894877
-0.895004
-0.895004
-0.895004
-0.895004
-0.895004
-0.895004
-0.895004
-0.895004
-0.895004
-0.895004
-0.895118
-0.895118
-0.895118
-0.895378
-0.895378
-0.895378
-0.895378
-0.895378
-0.895378
-0.895378
-0.895378
-0.895378
-0.895378
-0.895378
-0.895378
-0.895378
-0.895378
-0.895378
-0.895378
-0.895378
-0.895378
-0.895378
-0.895378
-0.895378
-0.895378
-0.895378
-0.895378
-0.895378
-0.895378
-0.895378
-0.895378
-0.895378
-0.895378
-0.895378
-0.895378
-0.895378
-0.895378
-0.895378
-0.895378
-0.895378
-0.895378
-0.895378
-0.895378
-0.895378
-0.895381
-0.895381
-0.895381
-0.895411
-0.895411
-0.895411
-0.895411
-0.895411
-0.895411
-0.895411
-0.895411
-0.895411
-0.895411
-0.895417
-0.8955
-0.8955
-0.8955
-0.8955
-0.8955
-0.8955
-0.8955
-0.8955
-0.8955
-0.8955
-0.8955
-0.8955
-0.8955
-0.8955
-0.8955
-0.8955
-0.8955
-0.8955
-0.8955
-0.8955
-0.8955
-0.8955
-0.8955
-0.8955
-0.8955
-0.8955
-0.8955
-0.8955
-0.8955
-0.8955
-0.8955
-0.8955
-0.8955
-0.8955
-0.895592
-0.895592
-0.895592
-0.895592
-0.895592
-0.895592
-0.895912
-0.895912
-0.895912
-0.895912
-0.896025
-0.896025
-0.896025
-0.896025
-0.896025
-0.896025
-0.896025
-0.896025
-0.896025
-0.896025
-0.896025
-0.896025
-0.896025
-0.896025
-0.896025
-0.896025
-0.896025
-0.896025
-0.896025
-0.896025
-0.896025
-0.896025
-0.896025
-0.896025
-0.896025
-0.896025
-0.896056
-0.896056
-0.896056
-0.896538
-0.896538
-0.896538
-0.896538
-0.896538
-0.896538
-0.896538
-0.896538
-0.896538
-0.896538
-0.896538
-0.896538
-0.896538
-0.896538
-0.896538
-0.896538
-0.896538
-0.896538
-0.896538
-0.896538
-0.896538
-0.896538
-0.896538
-0.896538
-0.896538
-0.896568
-0.896568
-0.896568
-0.896568
-0.896568
-0.896568
-0.896568
-0.896945
-0.896945
-0.896945
-0.896945
-0.896945
-0.896945
-0.896945
-0.896945
-0.896945
-0.896945
-0.896945
-0.897069
-0.897069
-0.897069
-0.897069
-0.897099
-0.897099
-0.897099
-0.897099
-0.897099
-0.897099
-0.897099
-0.897099
-0.897099
-0.897099
-0.897099
-0.897099
-0.897099
-0.897099
-0.897099
-0.897099
-0.89727
-0.89727
-0.89727
-0.89727
-0.89727
-0.89727
-0.89727
-0.89727
-0.897932
-0.897932
-0.897932
-0.897932
-0.897932
-0.897932
-0.897932
-0.897932
-0.897932
-0.897932
-0.897932
-0.897932
-0.897932
-0.897932
-0.897932
-0.897932
-0.897932
-0.897932
-0.897932
-0.897932
-0.897932
-0.897932
-0.898186
-0.898241
-0.898241
-0.898241
-0.898437
-0.898437
-0.898437
-0.898437
-0.898437
-0.898437
-0.898437
-0.898437
-0.898437
-0.898437
-0.898437
-0.898437
-0.898437
-0.898437
-0.898437
-0.898437
-0.898437
-0.898437
-0.898437
-0.898437
-0.898437
-0.898437
-0.898437
-0.898437
-0.898437
-0.898437
-0.898437
-0.898437
-0.898437
-0.898437
-0.898437
-0.898437
-0.898646
-0.898646
-0.898646
-0.898826
-0.898826
-0.898826
-0.898826
-0.898826
-0.898826
-0.898826
-0.898826
-0.898826
-0.898826
-0.898826
-0.898826
-0.898826
-0.898826
-0.898826
-0.898826
-0.898826
-0.898826
-0.898826
-0.898826
-0.898826
-0.898826
-0.898826
-0.898826
-0.898826
-0.898826
-0.898826
-0.898842
-0.898842
-0.898842
-0.898842
-0.898842
-0.89942
-0.89942
-0.89942
-0.89942
-0.89942
-0.89942
-0.89942
-0.89942
-0.89942
-0.89942
-0.89942
-0.89942
-0.89942
-0.89942
-0.89942
-0.89942
-0.89942
-0.89942
-0.89942
-0.89942
-0.89942
-0.89942
-0.89942
-0.89942
-0.89942
-0.89944
-0.899979
-0.899979
-0.899979
-0.899979
-0.899979
-0.899979
-0.899979
-0.899996
-0.899996
-0.899996
-0.899996
-0.899996
-0.899996
-0.899996
-0.899996
-0.899996
-0.899996
-0.899996
-0.899996
-0.899996
-0.899996
-0.899996
-0.899996
-0.899996
-0.899996
-0.899996
-0.899996
-0.899996
-0.899996
-0.899996
-0.899996
-0.900045
-0.900045
-0.900045
-0.900045
-0.900045
-0.900045
-0.900045
-0.900045
-0.900045
-0.900045
-0.900045
-0.900045
-0.900045
-0.900045
-0.900045
-0.90006
-0.90006
-0.90006
-0.90006
-0.900108
-0.900108
-0.900108
-0.900108
-0.900108
-0.900108
-0.900108
-0.900108
-0.900229
-0.900229
-0.900229
-0.900229
-0.900229
-0.900229
-0.900229
-0.900292
-0.900292
-0.900292
-0.900292
-0.900338
-0.900338
-0.900338
-0.900338
-0.900338
-0.900338
-0.900338
-0.900338
-0.900338
-0.900338


0.0763926
0.0861911
0.0463879
0.0228257
-0.0135188
-0.00114492
-0.0157254
0.0212628
0.0137019
0.0186836
0.0258102
-0.0100623
-0.04516
-0.0374081
-0.0167952
-0.00625529
0.0363739
0.066931
0.0681928
0.0718237
0.0653728
0.0576827
0.0546058
0.0942432
0.108583
0.155326
0.192335
0.191271
0.180893
0.103884

0.025

