70132.4
70132.4
70132.4
70132.4
70132.4
70132.4
70132.4
70132.4
70132.4
70132.4
70132.4
70132.4
70132.4
70132.4
70132.4
70132.4
70132.4
70132.4
1236.18
1236.18
1236.18
1236.18
1236.18
1236.18
1236.18
1236.18
1236.18
1236.18
1236.18
1236.18
1236.18
796.499
796.499
796.499
796.499
796.499
295.783
295.783
295.783
295.783
295.783
295.783
295.783
295.783
295.783
295.783
295.783
295.783
295.783
295.783
295.783
295.783
295.783
295.783
295.783
295.783
295.783
295.783
295.783
295.783
295.783
295.783
295.783
295.783
295.783
295.783
295.783
295.783
295.783
295.783
295.783
295.783
295.783
295.783
295.783
295.783
295.783
295.783
295.783
295.783
295.783
295.783
295.783
295.783
295.783
295.783
295.783
295.783
272.635
272.635
272.635
272.635
272.635
272.635
272.635
272.635
272.635
272.635
272.635
271.741
271.741
271.741
271.741
271.741
271.741
271.741
271.741
271.741
271.741
271.741
271.741
271.741
271.741
271.741
271.741
271.741
271.741
271.741
271.741
271.741
271.741
271.741
271.741
271.741
271.741
271.741
271.741
271.741
271.293
271.293
271.293
271.293
271.293
271.293
271.293
271.293
271.293
271.293
271.293
271.293
271.293
271.293
271.293
271.293
271.293
271.293
271.293
271.293
271.293
271.293
271.293
271.293
271.293
271.293
271.293
271.293
271.293
271.293
271.293
271.293
271.293
271.293
271.293
271.293
271.293
271.293
271.293
271.293
271.293
271.293
271.293
271.293
271.293
271.293
271.293
271.293
271.293
271.293
271.293
271.293
271.293
271.293
262.954
262.954
262.954
262.954
262.954
262.954
262.954
260.428
260.428
260.428
260.428
260.428
260.428
260.428
260.306
260.306
260.306
260.306
259.991
259.991
259.991
259.991
259.991
259.991
259.799
259.799
259.799
259.799
259.799
259.799
259.799
259.799
259.799
259.799
259.799
259.799
259.799
259.799
259.799
259.799
259.799
259.799
259.799
259.799
255.376
255.376
255.376
255.376
255.376
255.376
255.376
255.376
255.376
255.376
255.376
255.376
255.376
255.376
255.376
255.376
255.376
255.376
255.376
255.376
255.376
255.376
255.376
255.376
255.376
255.376
255.376
255.376
255.376
255.376
255.376
255.376
255.376
255.376
255.376
255.376
255.376
255.376
255.376
255.376
255.376
255.376
255.376
255.376
255.376
255.376
255.376
255.376
255.376
255.376
255.376
255.376
255.376
255.376
255.376
255.376
255.376
255.376
255.376
255.376
255.376
255.376
255.376
255.376
250.936
250.936
250.936
250.936
250.936
250.936
250.936
250.936
250.936
250.936
250.936
250.936
250.936
250.936
250.936
250.936
250.936
250.936
250.936
250.936
250.936
250.936
250.936
250.936
250.936
250.936
250.936
250.936
250.936
250.936
250.936
250.936
250.936
250.936
250.936
250.936
250.936
250.936
250.936
250.936
250.936
250.936
250.936
248.837
248.837
248.837
248.837
248.837
248.837
248.837
248.837
248.837
248.837
248.837
248.837
248.837
248.837
248.837
248.837
248.837
248.837
248.837
248.837
248.837
248.837
248.837
248.837
248.837
248.837
248.837
248.837
248.837
248.837
248.837
248.837
248.837
248.837
248.837
248.837
248.837
248.837
248.837
248.837
248.837
248.837
248.837
248.837
248.837
248.837
248.837
248.837
248.837
248.837
248.837
248.837
248.837
248.837
248.837
248.837
248.837
248.837
248.837
245.378
245.378
245.378
245.378
245.378
245.378
245.378
245.378
245.378
245.378
245.378
245.378
245.378
245.378
245.378
245.378
245.378
245.378
245.378
245.378
245.378
245.378
245.378
245.378
245.37
245.37
245.37
245.37
245.37
245.37
245.37
245.37
245.37
245.37
245.37
245.37
245.37
245.37
245.37
245.37
245.37
245.37
245.37
245.37
245.37
245.37
245.37
245.37
245.37
245.37
245.37
245.369
245.369
245.369
245.369
245.369
245.369
245.369
245.369
245.369
245.369
245.369
245.369
245.369
245.369
245.369
245.369
245.369
245.369
245.369
245.369
245.369
245.369
245.369
245.369
245.369
245.369
245.369
245.369
245.369
245.369
245.369
245.369
245.369
245.369
245.369
245.369
245.369
245.369
245.369
245.369
245.369
233.836
233.836
233.836
233.836
233.836
233.836
233.836
233.836
233.836
233.836
233.836
233.836
233.836
233.836
233.836
233.836
233.836
233.836
233.836
233.836
233.836
233.836
233.836
233.836
233.836
233.836
233.836
233.836
233.836
233.836
233.836
233.836
233.836
233.836
233.836
233.836
233.836
233.836
233.836
233.836
233.836
233.836
233.836
233.836
233.836
233.836
233.836
233.836
233.836
233.836
233.836
233.836
233.836
233.836
233.836
233.836
233.836
233.836
233.836
233.836
233.836
233.836
233.836
233.836
233.836
233.836
233.836
233.836
233.836
233.836
233.836
233.836
233.836
233.836
233.836
233.836
233.836
233.836
233.836
233.836
233.836
227.365
227.365
227.365
227.365
227.365
227.365
227.365
227.365
227.365
227.365
227.365
227.365
227.365
227.365
227.365
227.365
227.365
227.365
227.365
227.365
227.365
227.365
227.365
227.365
227.365
227.365
227.365
227.365
227.365
227.365
227.365
227.365
227.365
227.365
227.365
227.365
227.365
227.365
227.365
227.365
227.365
227.365
227.365
227.365
227.365
227.365
227.365
227.365
227.365
227.365
227.365
227.365
227.365
227.365
227.365
227.365
227.365
227.365
227.365
227.365
227.365
227.365
227.365
227.365
227.365
227.365
227.365
227.365
227.365
227.365
227.365
227.365
227.365
227.365
227.365
227.365
227.365
227.365
227.365
227.365
227.365
227.188
227.188
227.188
227.176
227.176
227.176
227.176
227.176
227.176
227.176
227.176
227.176
227.176
227.176
227.176
227.176
227.176
227.176
227.176
227.153
227.153
227.153
227.153
227.153
227.153
227.153
227.153
227.153
227.153
227.153
227.153
227.153
227.153
227.153
227.153
227.153
227.153
227.153
227.153
227.153
227.153
227.153
227.153
227.153
227.153
227.153
227.153
227.153
227.153
227.153
227.153
227.153
227.153
227.153
227.153
227.153
227.153
227.153
227.153
227.153
227.153
227.153
227.153
227.153
227.153
227.153
227.153
227.153
227.153
227.153
227.153
227.153
227.153
227.153
227.153
227.153
227.153
227.153
227.153
227.153
227.153
227.153
227.153
227.153
227.153
227.153
227.153
227.153
227.153
227.153
227.153
227.153
227.153
227.153
227.153
227.153
227.153
227.153
227.153
227.153
227.153
227.153
227.153
227.153
227.153
227.153
227.153
227.153
227.153
227.153
227.153
227.153
227.153
227.153
227.153
227.153
227.153
227.153
227.153
227.153
227.153
227.153
227.153
227.153
227.153
227.153
227.153
227.153
227.153
227.153
227.153
227.153
227.153
227.153
227.153
227.153
227.153
227.153
227.153
227.153
227.153
227.153
227.153
227.153
227.153
227.153
227.153
227.153
227.153
227.153
227.153
227.153
227.153
227.153
227.153
227.153
227.153
227.153
227.153
227.153
227.153
225.541
225.541
225.541
225.541
225.541
225.541
225.541
225.541
225.541
225.541
225.541
225.541
225.541
225.541
225.54
225.54
224.071
224.071
224.071
224.071
224.071
224.071
224.071
224.071
224.071
224.061
224.061
224.061
224.061
224.061
224.061
224.061
224.061
224.061
224.061
224.061
224.061
224.061
224.061
224.061
224.061
224.06
224.06
224.06
224.06
224.06
224.06
224.06
224.06
224.06
224.06
224.06
224.06
224.06
224.06
224.06
224.06
224.06
224.06
224.06
224.06
224.06
224.06
224.06
224.06
224.058
224.053
224.053
224.053
224.053
224.053
224.053
224.053
224.053
224.053
224.053
224.053
224.053
224.053
224.053
224.053
224.053
224.053
224.053
224.053
224.053
224.053
224.053
224.053
224.053
224.053
224.053
224.053
224.053
224.053
224.053
224.053
224.053
224.053
224.053
224.053
224.053
224.053
224.053
224.053
224.053
224.053
224.053
224.053
224.053
224.053
224.053
224.053
224.053
224.053
224.053
224.053
224.053
224.053
224.053
224.053
224.053
224.053
224.053
224.053
224.053
224.053
224.053
224.053
224.053
224.053
224.053
224.053
224.053
224.053
224.053
224.053
224.053
224.053
224.053
224.053
224.053
224.053
224.053
224.053
224.053
224.053
224.053
224.053
224.053
224.053
224.053
224.053
224.053
224.053
224.053
224.053
224.053
224.053
224.053
224.053
224.053
224.053
224.053
224.053
224.053
224.053
224.053
224.053
224.053
224.053
223.468
223.468
223.468
223.208
223.208
223.208
223.208
223.208
223.208
223.208
222.836
222.836
222.836
222.836
222.836
222.836
222.833
222.833
222.833
222.833
222.833
222.831
222.831
222.831
222.831
222.831
222.086
222.086
222.086
222.086
222.086
222.086
222.086
222.086
222.086
222.086
222.086
222.086
222.086
222.086
222.086
222.086
222.086
222.086
222.086
222.086
222.086
222.086
222.086
222.086
222.086
222.086
222.086
222.086
222.086
222.086
222.086
222.086
221.625
221.625
221.625
221.625
221.625
221.625
221.625
221.625
221.625
221.047
221.047
221.047
221.047
221.047
221.047
221.047
221.047
221.047
221.047
221.047
221.047
221.047
221.047
221.047
221.047
221.047
221.047
221.047
221.047
221.047
221.047
221.047
221.047
221.047
221.047
221.047
221.047
221.047
221.047
221.047
221.047
221.047
221.047
221.047
221.047
221.047
221.047
221.047
221.047
221.047
221.047
221.047
221.047
221.047
221.047
221.047
221.047
221.047
221.047
221.047
221.047
221.047
221.047
221.047
221.047
221.047
221.047
221.047
221.047
221.047
221.047
221.047
221.047
221.047
221.047
221.047
221.047
221.047
221.047
221.047
221.047
221.047
221.047
221.047
221.047
221.047
221.047
221.047
221.047
221.047
221.047
221.047
221.047
221.047
221.047
221.047
221.047
221.047
221.047
221.047
221.047
221.047
221.047
221.047
221.047
221.047
221.047
221.047
221.047
221.047
221.047
221.047
221.047
221.047
221.047
221.047
221.047
221.047
221.047
221.047
221.047
221.047
221.047
221.047
221.047
221.047
221.047
221.047
221.047
221.047
221.047
221.047
221.047
221.047
221.047
221.047
221.047
221.047
221.047
221.047
221.047
221.047
221.047
221.047
221.047
221.047
221.047
221.047
221.047
221.047
221.047
221.047
221.047
221.047
221.047
221.047
221.047
221.047
221.047
221.047
221.047
221.047
221.047
221.047
221.047
221.047
221.047
221.047
221.047
221.047
221.047
221.047
221.047
221.047
221.047
221.047
221.047
221.047
221.047
221.047
221.047
221.047
221.047
221.047
221.047
221.047
221.047
221.047
221.047
221.047
221.047
221.047
221.047
221.047
221.047
221.047
221.047
221.047
221.047
221.047
221.047
221.047
221.047
221.047
221.047
221.047
221.047
221.047
221.047
221.047
221.047
221.047
221.047
221.047
220.919
220.919
220.919
220.919
220.919
220.919
220.919
220.919
220.919
220.919
220.919
220.919
220.919
220.919
220.919
220.919
220.919
220.919
220.919
220.919
220.919
220.919
220.919
220.919
220.919
220.919
220.919
220.919
220.919
220.919
220.919
220.919
219.228
219.228
219.228
219.228
219.228
219.228
219.228
219.228
219.228
219.228
219.228
219.228
219.228
219.228
219.228
219.228
219.228
219.228
219.228
219.228
219.228
219.228
219.228
219.228
219.228
219.228
219.228
219.228
219.228
219.228
219.228
219.228
219.228
219.228
219.228
219.228
219.228
219.228
219.228
219.228
219.228
219.228
219.228
219.228
219.228
219.228
219.228
219.228
219.228
219.228
219.228
219.228
219.228
219.228
219.228
219.228
219.228
219.228
219.228
219.228
219.228
219.228
219.228
219.228
219.228
219.228
219.228
219.228
219.228
219.228
219.228
219.228
219.228
219.228
219.228
219.228
219.228
219.228
219.228
219.228
219.228
219.228
219.228
219.228
219.228
219.228
219.228
219.228
219.228
219.228
219.228
219.228
219.228
219.228
219.228
219.228
219.228
219.228
219.228
219.228
219.228
219.228
219.228
219.228
219.228
219.228
219.228
219.228
219.228
219.228
219.228
219.228
219.228
219.228
219.228
219.228
219.228
219.228
219.228
219.228
219.228
219.228
219.228
219.228
219.228
219.228
219.228
219.228
219.228
219.228
219.228
219.228
219.228
219.228
219.228
219.228
219.228
219.228
219.228
219.228
219.228
219.228
219.228
219.228
219.228
219.228
177.366
173.813
173.813
173.813
173.813
173.813
173.813
173.325
173.325
173.325
173.325
173.325
173.325
173.325
173.325
173.325
169.753
169.753
169.753
169.753
169.753
169.753
169.753
169.753
169.753
169.753
169.753
169.753
169.753
169.753
169.753
169.753
169.753
169.753
169.753
169.753
169.753
169.753
169.753
169.753
169.753
169.753
169.753
169.753
169.753
169.753
169.753
169.753
169.753
169.753
169.753
169.753
169.753
169.753
169.753
169.753
169.753
169.753
169.753
169.753
169.753
169.753
169.753
169.753
169.753
169.753
169.753
169.753
169.753
169.753
169.753
169.75
169.75
169.75
169.75
169.75
169.75
169.75
169.75
169.75
169.75
169.75
169.75
169.75
169.75
169.75
169.75
169.75
169.75
169.75
169.75
169.75
169.75
169.75
169.75
169.75
169.75
169.75
169.75
169.75
169.75
169.75
169.75
169.75
169.75
169.75
169.75
169.75
169.75
169.75
169.75
169.376
169.376
169.376
169.376
169.376
169.376
169.376
169.376
169.376
169.376
169.376
169.376
169.376
169.376
169.376
169.376
169.376
169.376
169.376
169.376
169.376
169.376
169.376
169.376
169.376
169.376
169.376
169.376
169.376
169.376
169.376
169.376
169.376
169.376
169.376
169.376
169.376
169.376
169.376
169.376
169.376
169.376
169.376
169.376
169.376
169.376
169.376
169.376
169.376
169.376
169.376
169.376
169.376
169.376
169.376
169.376
169.376
169.376
169.376
169.376
169.376
169.376
169.376
169.376
169.376
169.376
169.376
169.376
169.376
169.376
169.376
169.376
169.376
169.376
169.376
169.376
169.376
169.376
169.376
169.376
169.376
169.376
169.376
169.376
169.376
169.376
169.376
169.376
169.376
169.376
169.376
169.376
169.376
169.376
169.376
169.376
169.376
169.376
169.376
169.376
169.376
169.376
169.376
169.376
169.376
169.376
169.376
169.376
169.376
169.376
169.376
169.376
169.376
169.376
169.376
169.376
169.376
169.376
169.376
169.376
169.376
169.376
169.376
169.376
169.376
169.376
169.376
169.376
169.376
169.376
169.376
169.376
169.376
169.376
169.376
169.376
169.376
169.376
169.376
169.376
169.376
169.376
169.376
169.376
169.376
169.376
169.376
169.376
169.376
169.376
169.376
169.376
169.376
169.376
169.376
169.376
169.376
169.376
169.376
169.376
169.376
169.376
169.376
169.376
169.376
169.376
169.376
169.376
169.376
169.376
169.376
169.376
169.376
169.376
169.376
169.376
169.376
169.376
169.376
169.376
169.376
169.376
169.376
169.376
169.376
169.376
169.376
169.376
169.376
169.376
169.376
169.376
169.376
169.376
169.376
169.376
169.376
169.376
169.376
169.376
169.376
169.376
169.376
169.376
169.376
169.376
169.376
169.376
169.376
169.376
169.376
169.376
169.376
169.376
169.376
169.376
169.376
169.376
169.376
169.376
169.376
169.376
169.376
169.376
169.376
169.376
169.376
169.359
169.359
169.359
169.359
169.359
169.359
169.359
169.359
169.359
169.359
169.359
169.359
169.359
169.359
169.359
169.359
169.359
169.359
169.359
169.359
169.359
169.359
169.359
169.359
169.359
169.359
169.359
169.359
169.359
169.359
169.359
169.359
169.359
169.359
169.359
169.359
169.359
169.359
169.359
169.359
169.359
169.359
169.359
169.359
169.359
169.359
169.359
169.359
169.359
169.359
169.359
169.359
169.359
169.359
169.359
169.359
169.359
169.359
169.359
169.359
169.359
169.359
169.359
169.359
169.359
169.359
169.359
169.359
169.359
169.359
169.359
169.359
169.359
169.359
169.359
169.359
169.359
169.359
169.359
169.359
169.359
169.359
169.359
169.359
169.359
169.359
169.359
169.359
169.359
169.359
169.359
169.359
169.359
169.359
169.359
169.359
169.359
169.359
169.359
169.359
169.359
169.359
169.359
169.359
169.359
169.359
169.359
169.359
169.359
169.359
169.359
169.359
169.359
169.359
169.359
169.359
169.359
169.359
169.359
169.359
169.359
169.359
169.359
169.359
169.359
169.359
169.359
169.359
169.359
169.359
169.359
169.359
169.359
169.359
169.359
169.359
169.359
169.359
169.359
169.359
169.359
169.359
169.359
169.359
169.359
169.359
169.359
169.359
169.359
169.359
169.359
169.359
169.359
169.359
169.359
169.359
169.359
169.359
169.359
169.359
169.359
169.359
169.359
169.359
169.359
169.359
169.359
169.359
169.359
169.359
169.359
169.359
169.359
169.359
169.359
169.359
169.359
169.359
169.359
169.359
169.359
169.359
169.359
169.359
169.359
169.359
169.359
169.359
169.359
169.359
169.359
169.359
169.359
169.359
169.359
169.359
169.359
169.359
169.359
169.359
169.359
169.359
169.359
169.359
169.359
147.184
147.184
147.184
147.184
147.184
147.184
147.184
147.184
147.184
147.184
147.184
147.184
147.184
147.184
147.184
147.184
147.184
147.184
147.184
147.184
147.184
147.184
147.184
147.184
147.184
147.184
147.184
147.184
147.184


0.217029
-0.131993
-0.147397
4.45464
-0.988952
-1.24321
1.43477
5.22126
-0.329846
-1.28358
1.2882
-0.0322143
2.71905
-0.770135
2.20343
3.79482
2.55944
2.66663
2.42698
-0.0286341
-4.13366
-0.530003
2.49336
-1.86387
-0.648825
-0.019837
-0.986751
-0.878445
-3.60891
-1.71056

0.022

