3.32889e+09
3.32889e+09
2.07671e+06
1.66082e+06
1.66082e+06
1.66082e+06
1.66082e+06
1.48852e+06
1.48852e+06
1.48852e+06
1.48852e+06
1.48852e+06
1.48852e+06
1.87469e+06
1.96834e+06
1.96834e+06
1.7398e+06
1.85037e+06
1.85037e+06
1.85037e+06
1.85037e+06
1.85037e+06
1.2922e+06
7.96767e+08
7.96767e+08
6.10916e+08
3.63171e+07
3.63171e+07
3.92755e+07
3.92755e+07
3.91118e+07
5.45698e+08
1.4394e+09
1.34938e+09
2.71962e+06
2.31152e+06
2.31152e+06
2.31152e+06
2.31152e+06
2.31152e+06
2.31152e+06
2.31152e+06
2.31152e+06
2.31152e+06
2.34858e+06
2.34858e+06
2.34858e+06
1.89452e+06
1.89452e+06
1.89452e+06
1.89452e+06
1.89452e+06
1.89452e+06
1.72255e+06
1.72255e+06
1.72255e+06
1.72255e+06
1.72255e+06
1.72255e+06
1.72255e+06
2.64308e+06
4.17245e+06
4.17245e+06
1.34938e+09
1.34938e+09
1.38241e+09
589183
614283
614283
429445
429445
429445
429445
429445
429445
429445
429445
246705
246705
246705
145969
145969
145969
189309
189309
189309
189309
189309
387230
364195
364195
364195
146584
146584
146584
146584
146584
146584
146584
141839
141839
141839
141839
141839
141839
141839
141839
141839
141839
141839
127956
127956
127956
153109
153109
153109
153109
157945
247151
247151
247151
335603
366015
366015
366015
366015
366015
366015
366015
366015
244386
233520
263853
263853
263853
191140
191140
417256
417256
598321
598321
598321
598321
598321
829188
829188
1.41175e+06
1.41175e+06
1.34936e+06
1.34936e+06
970391
970391
970391
1.45003e+06
1.52598e+06
1.52598e+06
906130
906130
906130
906130
906130
906130
816489
816489
816489
844174
844174
844174
844174
844174
844174
844174
844174
844174
844174
3.19607e+06
3.19607e+06
3.19607e+06
3.19607e+06
3.19607e+06
2.77268e+06
2.77268e+06
2.77268e+06
2.9294e+06
2.9294e+06
2.9294e+06
2.9294e+06
2.31484e+06
2.27834e+06
2.27834e+06
2.27834e+06
2.27834e+06
2.27834e+06
3.20404e+06
3.20404e+06
3.63966e+06
3.63966e+06
3.46678e+06
3.46678e+06
3.46678e+06
3.19559e+06
3.19559e+06
3.19559e+06
2.08493e+06
2.08493e+06
2.08493e+06
2.08493e+06
1.70688e+06
1.70688e+06
1.70688e+06
1.1418e+06
1.1418e+06
1.1418e+06
1.1418e+06
1.42367e+06
1.39184e+06
1.39184e+06
1.39184e+06
1.39184e+06
1.39184e+06
1.41708e+06
1.41708e+06
1.41708e+06
1.41708e+06
1.41708e+06
1.41708e+06
1.41708e+06
1.41708e+06
1.91483e+06
1.91483e+06
1.91483e+06
2.34881e+06
2.34881e+06
2.34881e+06
2.34881e+06
2.34881e+06
2.34881e+06
2.34881e+06
2.34881e+06
2.34881e+06
2.34881e+06
2.34881e+06
2.34881e+06
2.34881e+06
2.34881e+06
2.34881e+06
2.34881e+06
2.34881e+06
2.34881e+06
1.37196e+06
1.37196e+06
1.79228e+06
1.62773e+06
1.62773e+06
1.62773e+06
1.62773e+06
1.62773e+06
1.62773e+06
1.62773e+06
1.62773e+06
1.62773e+06
1.62773e+06
2.34766e+06
2.34766e+06
2.34766e+06
2.34766e+06
2.72222e+06
2.60467e+06
2.60467e+06
2.60467e+06
2.60467e+06
2.60467e+06
2.60467e+06
2.72222e+06
2.72222e+06
2.72222e+06
2.72222e+06
2.72222e+06
2.57395e+06
2.57395e+06
3.35541e+06
3.35541e+06
3.35541e+06
3.35541e+06
3.35541e+06
4.57814e+06
4.57814e+06
4.57814e+06
4.02124e+06
4.02124e+06
4.02124e+06
5.03478e+06
4.35022e+06
4.35022e+06
4.35022e+06
4.35022e+06
4.35022e+06
3.17516e+06
4.16694e+06
4.16694e+06
4.0049e+06
4.0049e+06
4.0049e+06
4.19742e+06
4.19742e+06
3.06401e+06
2.61692e+06
2.61692e+06
3.58958e+06
3.58958e+06
2.9885e+06
2.9885e+06
2.9885e+06
3.00227e+06
2.13259e+06
2.13259e+06
2.59206e+06
2.59206e+06
2.29605e+06
2.3607e+06
2.30064e+06
2.30064e+06
1.61169e+06
1.61169e+06
1.61169e+06
1.59285e+06
1.59285e+06
1.59285e+06
1.59285e+06
1.59285e+06
1.59285e+06
1.59285e+06
1.17639e+06
1.17639e+06
1.17639e+06
1.17639e+06
1.17639e+06
1.17639e+06
1.72654e+06
1.72654e+06
1.72654e+06
1.72654e+06
2.20595e+06
2.20595e+06
2.20595e+06
2.4121e+06
2.4121e+06
2.4121e+06
2.4121e+06
2.5231e+06
2.08538e+06
2.08538e+06
2.08538e+06
2.08538e+06
2.08538e+06
1.60681e+06
1.35084e+06
968157
968157
714977
714977
714977
714977
714977
714977
714977
714977
714977
640696
529530
733467
706667
706667
706667
706667
706667
706667
706667
706667
706667
706667
706667
706667
706667
508569
508569
508569
596002
596002
596002
596002
480161
680393
480161
432306
363937
363937
554174
554174
554174
611698
773809
773809
773809
773809
906587
906587
906587
906587
906587
906587
900981
900981
600904
600904
600904
600904
563354
563354
336394
1.21332e+07
1.50989e+07
1.50989e+07
1.50989e+07
1.50989e+07
1.50989e+07
1.50989e+07
1.50989e+07
1.33311e+07
1.33311e+07
1.33311e+07
1.33311e+07
1.33311e+07
1.41155e+07
1.41155e+07
1.41155e+07
1.41155e+07
1.25522e+07
1.525e+07
1.525e+07
1.525e+07
1.525e+07
1.525e+07
1.45088e+07
1.57876e+07
1.57876e+07
1.57876e+07
1.57876e+07
1.57876e+07
1.57876e+07
1.41578e+07
1.41578e+07
1.41578e+07
1.45739e+07
1.33703e+07
1.33703e+07
1.3569e+07
1.37955e+07
1.37955e+07
1.37955e+07
1.37955e+07
1.37955e+07
1.31879e+07
1.29689e+07
1.31879e+07
1.49416e+07
1.41227e+07
1.41227e+07
1.41227e+07
1.41227e+07
1.41982e+07
1.41982e+07
1.41982e+07
1.41982e+07
1.41982e+07
1.41982e+07
1.41982e+07
1.41982e+07
1.79086e+07
1.79086e+07
2.01539e+07
1.52491e+07
1.52491e+07
1.52491e+07
1.52491e+07
1.52491e+07
1.52491e+07
1.49632e+07
1.6829e+07
1.6566e+07
2.17737e+07
2.27936e+07
2.56983e+07
2.56983e+07
2.56983e+07
2.56983e+07
2.56983e+07
2.56983e+07
2.56983e+07
2.56983e+07
2.56983e+07
2.56983e+07
779523
779523
1.53278e+06
1.53278e+06
1.88194e+06
1.88194e+06
2.7438e+06
2.7438e+06
3.73489e+06
3.73489e+06
2.64256e+06
2.64256e+06
2.18196e+06
2.18196e+06
1.46204e+06
1.46204e+06
1.46204e+06
2.45348e+06
2.45348e+06
2.45348e+06
2.02538e+06
2.93366e+06
2.93366e+06
2.93366e+06
2.93366e+06
2.93366e+06
2.93366e+06
2.93366e+06
2.93366e+06
2.93366e+06
4.23355e+06
2.78432e+06
2.78432e+06
2.78432e+06
2.45956e+06
2.61346e+06
2.61346e+06
2.61346e+06
2.61346e+06
2.72601e+06
2.56713e+06
2.56713e+06
2.56713e+06
2.56713e+06
2.56713e+06
3.52909e+06
3.52909e+06
3.43918e+06
4.66548e+06
3.39567e+06
2.495e+06
2.495e+06
2.495e+06
2.495e+06
3.51257e+06
3.51257e+06
3.51257e+06
3.51257e+06
3.51257e+06
3.51257e+06
3.51257e+06
3.51257e+06
3.51257e+06
3.51257e+06
4.49091e+06
4.49091e+06
5.64849e+06
4.41778e+06
4.41778e+06
4.41778e+06
4.41778e+06
5.1905e+06
5.1905e+06
5.1905e+06
5.1905e+06
5.1905e+06
4.95722e+06
4.95722e+06
4.95722e+06
4.95722e+06
4.95722e+06
4.95722e+06
4.95722e+06
4.95722e+06
4.95722e+06
6.74609e+06
5.17777e+06
5.17777e+06
5.17777e+06
5.17777e+06
4.89339e+06
3.57552e+06
3.57552e+06
3.57552e+06
3.57552e+06
3.57552e+06
2.70966e+06
2.70966e+06
2.70966e+06
2.70966e+06
2.70966e+06
2.70966e+06
2.70966e+06
1.75825e+06
1.75825e+06
1.75825e+06
1.75825e+06
1.75825e+06
2.80522e+06
2.80522e+06
2.80522e+06
2.99315e+06
2.99315e+06
2.80672e+06
3.69238e+06
3.69238e+06
3.69238e+06
3.69238e+06
3.69238e+06
3.69238e+06
3.10623e+06
4.29722e+06
4.29722e+06
4.53042e+06
4.53042e+06
4.53042e+06
4.53042e+06
4.53042e+06
3.77299e+06
3.77299e+06
3.5491e+06
3.5491e+06
2.28807e+06
2.28807e+06
3.18478e+06
3.78177e+06
4.45849e+06
4.45849e+06
4.45849e+06
4.45849e+06
4.45849e+06
4.45849e+06
4.45849e+06
4.45849e+06
4.45849e+06
4.45849e+06
6.48473e+06
6.48473e+06
6.48473e+06
6.48473e+06
6.48473e+06
6.48473e+06
6.48473e+06
6.48473e+06
6.48473e+06
5.86754e+06
5.86754e+06
5.86754e+06
5.86754e+06
5.86754e+06
6.48473e+06
6.48473e+06
6.48473e+06
6.48473e+06
6.48473e+06
6.83548e+06
4.60594e+06
4.60594e+06
4.60594e+06
4.60594e+06
4.60594e+06
4.60594e+06
6.70197e+06
6.84601e+06
6.84601e+06
6.84601e+06
6.84601e+06
6.84601e+06
6.84601e+06
8.30713e+07
8.30713e+07
8.30713e+07
2.38151e+09
2.38151e+09
2.38151e+09
7.36133e+09
7.36133e+09
7.36133e+09
5.1731e+09
3.37649e+09
3.37649e+09
3.37649e+09
4.18083e+09
7.47156e+08
7.47156e+08
7.47156e+08
7.47156e+08
7.47156e+08
2.93623e+09
3.44983e+09
3.44983e+09
3.44983e+09
3.03744e+09
3.09245e+09
3.09245e+09
7.30662e+08
1.14087e+09
1.14087e+09
8.63382e+07
8.63382e+07
8.63382e+07
9.95238e+07
8.88741e+07
8.88741e+07
8.3877e+07
7.44101e+07
7.44101e+07
7.44101e+07
7.44101e+07
8.64104e+07
8.64104e+07
8.64104e+07
8.64104e+07
8.64104e+07
24509.3
24509.3
18264.9
18264.9
18264.9
18264.9
46165.9
46165.9
35039.1
35039.1
35039.1
35039.1
35039.1
35039.1
35039.1
34907.2
34907.2
34907.2
34907.2
34907.2
40267.8
40267.8
24291.2
24291.2
38907.2
59603
59603
74531.4
74531.4
104286
104286
104561
104561
7.20219e+07
7.20219e+07
7.20219e+07
7.20592e+07
7.71766e+07
7.71766e+07
7.71766e+07
7.71766e+07
7.71766e+07
6.48596e+07
6.48596e+07
6.48596e+07
6.48596e+07
6.48596e+07
6.63243e+07
6.63243e+07
6.63243e+07
6.63243e+07
6.63243e+07
5.98542e+07
5.98542e+07
6.63243e+07
6.63243e+07
6.63243e+07
6.63243e+07
6.63243e+07
6.63243e+07
6.63243e+07
6.63243e+07
6.74638e+09
7.33257e+09
7.33257e+09
7.68724e+09
1.74802e+09
1.74802e+09
1.44468e+07
1.44468e+07
1.99822e+07
1.99822e+07
2.22719e+07
2.22719e+07
2.22719e+07
2.22719e+07
1.99822e+07
1.27416e+07
1.27416e+07
1.27416e+07
1.27416e+07
1.27416e+07
1.27416e+07
1.27416e+07
1.27416e+07
1.27416e+07
1.12551e+07
1.12551e+07
1.12551e+07
1.12551e+07
1.12551e+07
1.32651e+07
1.32651e+07
1.32651e+07
1.32651e+07
1.32651e+07
1.30323e+07
1.32651e+07
1.32651e+07
1.32651e+07
1.36161e+07
1.15654e+07
1.01594e+07
1.01594e+07
1.01594e+07
1.01594e+07
1.01594e+07
1.0627e+07
1.01594e+07
1.01594e+07
1.01594e+07
6.89802e+06
6.89802e+06
6.89802e+06
6.03345e+06
7.30598e+06
7.30598e+06
5.75243e+06
5.75243e+06
5.75243e+06
3.10196e+08
1.12045e+09
1.12045e+09
1.12045e+09
1.12045e+09
1.12045e+09
1.14568e+09
1.14568e+09
1.14568e+09
1.14568e+09
1.14568e+09
1.61881e+08
1.82784e+08
2.34066e+08
4.42909e+08
4.42909e+08
4.59483e+08
4.59483e+08
5.65543e+08
5.65543e+08
5.65543e+08
5.65543e+08
5.65543e+08
4.9003e+08
6.13956e+08
2.89752e+08
6.13956e+08
5.664e+08
1.25352e+06
920473
920473
920473
920473
920473
920473
920473
1.24719e+06
1.24719e+06
1.24719e+06
1.51502e+06
1.51502e+06
1.51502e+06
1.51502e+06
1.54857e+06
1.54857e+06
1.54857e+06
1.54857e+06
1.54857e+06
1.54857e+06
1.54857e+06
1.54857e+06
1.54857e+06
1.54857e+06
1.54857e+06
1.54857e+06
891991
1.5297e+06
1.52017e+06
1.52017e+06
1.52017e+06
1.52017e+06
2.47372e+06
1.91792e+06
1.91792e+06
1.91792e+06
2.11609e+06
2.11609e+06
2.11609e+06
2.11609e+06
2.11609e+06
2.11609e+06
2.11609e+06
2.11609e+06
2.14396e+06
2.07521e+06
1.60509e+06
1.60509e+06
1.60509e+06
1.60509e+06
1.60509e+06
1.60509e+06
1.60509e+06
1.58267e+06
8.33976e+06
7.01006e+06
7.01006e+06
6.94222e+06
5.41991e+06
5.41991e+06
5.35502e+06
5.35502e+06
5.35502e+06
6.23038e+06
6.23038e+06
6.23038e+06
7.44993e+06
6.78753e+06
6.78753e+06
6.78753e+06
6.78753e+06
6.78753e+06
6.62385e+06
6.62385e+06
6.62385e+06
6.62385e+06
6.38256e+06
6.38256e+06
6.38256e+06
6.38256e+06
6.38256e+06
6.38256e+06
6.38256e+06
4.94757e+06
4.94757e+06
4.94757e+06
4.94757e+06
4.94757e+06
3.61337e+06
2.77711e+06
2.77711e+06
1.63509e+06
1.63509e+06
1.15477e+06
1.15477e+06
1.15477e+06
2.0511e+06
2.0511e+06
2.0511e+06
6.95994e+06
6.95994e+06
6.95994e+06
6.95994e+06
6.95994e+06
6.95994e+06
8.70548e+06
8.70548e+06
8.70548e+06
8.70548e+06
8.70548e+06
8.70548e+06
8.70548e+06
8.70548e+06
1.00674e+07
1.00674e+07
1.00674e+07
1.08647e+07
1.08647e+07
1.08647e+07
1.08647e+07
1.08647e+07
1.07196e+07
1.27088e+07
1.27088e+07
1.27088e+07
1.27088e+07
1.27088e+07
1.27088e+07
1.27088e+07
1.27088e+07
1.27088e+07
1.24464e+07
1.24464e+07
1.24464e+07
1.24464e+07
1.24464e+07
1.04888e+07
1.04888e+07
1.04888e+07
1.04888e+07
1.04888e+07
1.04888e+07
8.35811e+06
8.35811e+06
8.35811e+06
8.35811e+06
8.35811e+06
8.35811e+06
8.35811e+06
8.35811e+06
8.35811e+06
8.35811e+06
8.35811e+06
8.35811e+06
8.35811e+06
8.35811e+06
6.67046e+06
6.67046e+06
6.26447e+06
6.26447e+06
6.26447e+06
6.98217e+06
6.98217e+06
6.98217e+06
6.98217e+06
6.98217e+06
6.98217e+06
6.98217e+06
6.17554e+06
6.17554e+06
6.17554e+06
6.17554e+06
6.17554e+06
6.17554e+06
6.17554e+06
8.8116e+06
8.8116e+06
7.31343e+06
7.31343e+06
7.33224e+06
7.07175e+06
7.07175e+06
7.07175e+06
7.07175e+06
7.07175e+06
7.07175e+06
6.34706e+06
6.55243e+06
6.55243e+06
6.55243e+06
6.55243e+06
6.55243e+06
9.43947e+06
6.55243e+06
6.55243e+06
6.55243e+06
6.55243e+06
6.94705e+06
5.46964e+06
5.46964e+06
5.46964e+06
5.47379e+06
5.47379e+06
3.59271e+06
29260.4
33497
35427.5
35427.5
35427.5
35427.5
35427.5
35427.5
54234.5
64976.1
64976.1
64976.1
64976.1
64976.1
64976.1
64976.1
272827
263708
263708
263708
420047
346609
346609
346609
428435
428435
311190
311190
311190
311190
189300
126656
126656
126656
113370
106820
106820
106820
106820
137860
137860
137860
137860
137860
106820
106820
190779
127502
127502
127502
127502
80840.6
80840.6
80840.6
21326.4
39441.4
39441.4
39441.4
39441.4
39441.4
39441.4
39441.4
39441.4
39441.4
39441.4
59663.3
59663.3
59663.3
59663.3
59663.3
59663.3
59663.3
27389.8
27389.8
27389.8
15668.4
15668.4
15668.4
15668.4
15668.4
2696.95
3237.03
14319.8
14319.8
62000
62000
62000
62000
82864.6
75318.5
140276
140276
128854
128854
186762
186762
186762
186762
186762
186762
186762
201826
201826
201826
160107
351781
351781
270382
270382
269949
251162
251162
269949
192627
108732
121612
121612
121612
121612
121612
131629
131629
130711
131629
131629
179922
179922
179922
179922
179922
179922
179922
179922
179922
139761
139761
139761
139761
139761
139761
139761
139761
139761
102518
102518
102518
147407
147407
72123.7
72123.7
72123.7
72123.7
72283.7
72283.7
34169.1
34169.1
34169.1
34169.1
34169.1
34169.1
34169.1
34169.1
4232.72
4232.72
721.885
721.885
721.885
721.885
721.885
766.701
766.701
766.701
766.701
766.701
766.701
766.701
766.701
766.701
1403.34
1403.34
832.546
832.546
832.546
832.546
832.546
832.546
656.49
656.49
656.49
724.127
656.9
656.9
656.9
656.9
992.728
992.728
662.887
662.887
662.887
655.637
655.637
655.637
655.637
655.637
689.521
689.521
689.521
689.521
689.521
689.521
689.521
689.521
689.521
689.521
689.521
689.521
689.521
689.521
1034.82
1034.82
1034.82
1034.82
1034.82
1034.82
1034.82
730.563
730.563
730.563
656.89
656.89
656.89
656.89
656.89
656.89
656.89
663.414
663.414
663.414
663.414
663.414
663.414
1179.61
3964.79
3964.79
3964.79
669.791
669.791
669.791
1392.5
764.149
657.83
657.83
655.708
655.708
696.127
696.127
725.044
725.044
725.044
725.044
725.044
725.044
725.044
659.022
659.022
664.985
664.985
664.985
737.109
737.109
725.56
658.729
658.729
658.729
658.729
658.729
665.308
665.308
665.308
665.119
665.119
665.119
665.119
665.119
665.119
665.119
665.119
658.961
658.961
734.905
927.399
927.399
927.399
927.399
927.399
658.588
658.588
741.055
741.055
662.226
5622.2
5622.2
31048.2
34927.3
610142
610142
467045
467045
467045
467045
467045
583420
583420
271456
271456
160048
160048
361787
141303
45302
45302
45302
45302
45302
53609.2
53609.2
53609.2
53609.2
53609.2
53609.2
53609.2
53609.2
53609.2
53609.2
33508.2
33508.2
33508.2
33508.2
33508.2
33508.2
33508.2
33508.2
33508.2
33508.2
33508.2
33508.2
33508.2
20268.1
20268.1
20268.1
20268.1
42238.4
134007
134007
136172
136172
136172
136172
136172
187386
187386
350292
393047
393047
393047
393047
393047
393047
177093
87262.6
67179.7
190579
190579
81566.7
81391.3
81566.7
81566.7
68758.4
68758.4
68758.4
91193.3
91193.3
91193.3
91193.3
91193.3
91193.3
91193.3
91193.3
744.108
744.108
744.108
744.108
744.108
744.108
1164.01
1164.01
1164.01
1164.01
2488.4
2488.4
2488.4
2488.4
2488.4
2488.4
2488.4
2488.4
2488.4
190047
190047
190047
190047
190047
190047
190047
190047
274248
274248
274248
274248
294307
294307
294307
263602
263602
263602
263602
263602
542846
542846
542846
542846
542846
1.17068e+06
971789
971789
2.0282e+06
2.07353e+06
2.07353e+06
2.07353e+06
2.07353e+06
2.07353e+06
2.07353e+06
2.07353e+06
2.07353e+06
2.07353e+06
2.07863e+06
2.07863e+06
1.69862e+09
1.3565e+06
1.3565e+06
1.09577e+06
1.09577e+06
1.09577e+06
1.09577e+06
1.09577e+06
599753
599753
599753
599753
438289
438289
438289
356006
356006
400599
400599
284611
171592
171592
171592
171592
171592
171592
171592
171592
171592
253964
138669
138669
138669
138669
138669
196757
196757
196757
153563
153563
153563
153563
153563
153563
153563
153563
153563
69101.4
110044
110044
110044
8.32969e+07
8.32969e+07
8.78114e+07
8.78114e+07
9.89114e+07
9.89114e+07
2.46414e+06
2.46414e+06
3.12794e+06
2.93109e+06
2.70749e+06
2.70749e+06
2.70749e+06
1.31472e+08
1.31472e+08
1.19985e+08
1.19985e+08
1.19985e+08
1.1235e+08
9.84183e+07
3.61152e+08
3.61152e+08
3.61152e+08
19717.4
65177
12018
1457.45
1457.45
1457.45
1457.45
1457.45
562.241
657.425
557.309
557.309
557.309
557.309
557.309
638.14
546.925
546.925
546.925
826.711
826.711
826.711
826.711
826.711
544.306
544.306
825.025
825.025
825.025
13537.6
35446.7
133326
80470.1
133326
133326
133326
103294
33728.2
19106.8
19106.8
47384.9
47384.9
47384.9
4875.29
4875.29
4875.29
4875.29
4875.29
1260.66
1260.66
1260.66
1260.66
1260.66
1260.66
1260.66
10643.4
10643.4
76976.3
76976.3
76976.3
115627
115627
115627
115627
115627
115627
115627
115627
57529.6
57529.6
57529.6
57529.6
57529.6
57529.6
57529.6
57529.6
57529.6
6678.25
743.667
743.667
743.667
743.667
548.02
548.02
548.02
548.02
548.02
548.02
548.02
548.02
2359.74
18265.4
18265.4
36929.1
36929.1
36929.1
36929.1
36929.1
36929.1
18265.4
26005.5
26005.5
26005.5
26005.5
26005.5
26005.5
26005.5
26005.5
26005.5
26005.5
26005.5
26005.5
26005.5
67274.7
67274.7
123420
123420
123420
96133.6
64119.4
64119.4
64119.4
64119.4
64119.4
64119.4
21918
21918
21918
21918
74615.8
74615.8
74615.8
74615.8
74615.8
74615.8
74615.8
74615.8
74615.8
74615.8
74615.8
245168
245168
170908
294528
294528
159730
159730
159730
1.05908e+08
1.05916e+08
1.32029e+08
1.46385e+08
1.00104e+07
1.00104e+07
1.19015e+07
1.19015e+07
1.19015e+07
1.19015e+07
1.30687e+07
1.30687e+07
1.67531e+07
1.67531e+07
1.67531e+07
2.21756e+07
2.21756e+07
2.21756e+07
55536.8
142863
142863
142863
142863
142863
362184
362184
362184
362184
362184
438998
120336
33816.5
33816.5
33816.5
17817.6
25400.2
25400.2
25400.2
25400.2
25400.2
17124.1
17124.1
3197.67
3197.67
3197.67
3377.41
2651.97
2651.97
2651.97
2651.97
2651.97
1909.7
1456.31
572.759
543.157
543.157
1867.89
1867.89
543.157
572.759
572.759
572.759
572.759
572.759
572.759
572.759
572.759
572.759
572.759
572.759
572.759
572.759
7542.63
7542.63
7421.66
7421.66
3.7293e+06
3.7293e+06
3.7293e+06
3.36962e+06
3.36962e+06
3.36962e+06
3.36962e+06
3.00484e+06
3.56267e+06
3.56267e+06
3.56267e+06
3.56267e+06
3.78845e+06
3.78845e+06
3.78845e+06
3.78845e+06
3.78845e+06
3.78845e+06
3.78845e+06
3.78845e+06
3.78845e+06
3.78845e+06
3.78845e+06
4.22143e+06
4.22143e+06
4.22143e+06
4.22143e+06
481.433
481.433
412.329
412.329
412.329
2342.36
2342.36
2342.36
2342.36
2342.36
2342.36
1086.77
2660.85
29087.6
29087.6
75484.5
75484.5
75484.5
75484.5
75484.5
126283
126283
126283
238235
238235
238235
238235
238235
238235
238235
340723
340723
361170
253895
253895
151343
151343
151343
151343
89811.2
133057
42254.5
33176.7
33176.7
33176.7
17267.6
39117.5
13693.3
6040.92
6040.92
1711.5
1711.5
1711.5
1711.5
1711.5
1711.5
1711.5
1711.5
1711.5
1711.5
4689.01
4689.01
4689.01
14128.1
14128.1
14128.1
14128.1
14128.1
40702.1
40702.1
28469.3
28469.3
28469.3
28469.3
28407.9
40621.5
93140.4
93140.4
93140.4
40621.5
40621.5
21806
47435.4
47435.4
69593.8
69593.8
69593.8
69593.8
112245
112245
112245
162362
150622
150622
239203
239203
239203
239203
239203
239203
550311
550311
1.05084e+06
1.39677e+06
1.39677e+06
1.39677e+06
1.39677e+06
1.39677e+06
1.39677e+06
1.39677e+06
1.39677e+06
1.76405e+06
1.76405e+06
1.76405e+06
1.76405e+06
1.76405e+06
1.76405e+06
1.76405e+06
1.76405e+06
1.76405e+06
1.76405e+06
1.76405e+06
1.76405e+06
1.76405e+06
1.76405e+06
1.29227e+06
1.29227e+06
966606
966606
966606
498758
498758
211860
211860
211860
211860
211860
150113
88981.4
58197.7
58197.7
58197.7
58197.7
58197.7
58197.7
58197.7
26753.8
53216.7
53216.7


2.04108
6.60878
-2.07846
-2.80267
-2.09265
-4.49965
0.36195
-4.47768
1.91977
-0.760521
2.78817
4.10611
-1.35151
-3.72372
-0.228584
-4.76333
3.3581
1.73437
-0.62273
4.64171
-3.31629
0.0492874
-2.40211
-4.36964
7.85257
2.3217
5.24323
-1.33869
-4.32432
-1.61565

0.023

