1.41813e+08
1.41813e+08
1.41813e+08
1.41813e+08
1.41813e+08
1.41813e+08
1.41813e+08
1.41813e+08
1.41813e+08
5.11473e+06
5.11473e+06
5.11473e+06
5.11473e+06
5.11473e+06
4.93683e+08
4.93683e+08
4.93683e+08
4.93683e+08
7.00782e+08
21076
21076
21076
21076
21076
5.35922e+08
1.27328e+08
1.27328e+08
9.50277e+06
9.50277e+06
9.50277e+06
9.50277e+06
844048
844048
1.27057e+06
1.27057e+06
1.27057e+06
546338
14866.3
14866.3
14866.3
14866.3
14866.3
14866.3
14866.3
14866.3
14866.3
14866.3
14866.3
14866.3
14866.3
14866.3
17563.6
17563.6
17563.6
17563.6
3.64108e+06
3.64108e+06
457434
1.67582e+07
1.67582e+07
1.67582e+07
1.67582e+07
1.67582e+07
1.67582e+07
3.03255e+07
3.03255e+07
3.03255e+07
3.03255e+07
3.03255e+07
3.03255e+07
3.03255e+07
6.96983e+06
6.96983e+06
6.96983e+06
3.48256e+08
3.48256e+08
3.48256e+08
694.096
694.096
694.096
694.096
694.096
694.096
694.096
694.096
694.096
694.096
694.096
694.096
694.096
694.096
694.096
694.096
694.096
694.096
694.096
694.096
694.096
694.096
694.096
694.096
694.096
694.096
1.20131e+07
1.20131e+07
1.20131e+07
1.2941e+07
1.2941e+07
1.2941e+07
1.2941e+07
1.2941e+07
1.2941e+07
1.2941e+07
1.2941e+07
1.10801e+06
1.10801e+06
1.10801e+06
1.10801e+06
1.10801e+06
1.10801e+06
471.072
471.072
1.10801e+06
1.10801e+06
1.10801e+06
1.10801e+06
1.10801e+06
1.10801e+06
3.62837e+07
1.31806e+07
1.31806e+07
1.00948e+06
1.00948e+06
1.82661e+06
1.82661e+06
1.82661e+06
1.82661e+06
60944.1
1.82661e+06
1.82661e+06
1.82661e+06
2.82757e+06
2.82757e+06
2.82757e+06
149617
149617
149617
149617
159313
6.66378e+07
7.06871e+07
7.06871e+07
790.667
790.667
790.667
790.667
668.6
668.6
668.6
668.6
668.6
668.6
668.6
668.6
668.6
668.6
668.6
668.6
57021.3
2.07198e+06
2.07198e+06
2.07198e+06
2.07198e+06
2.07198e+06
2.07198e+06
2.07198e+06
2.07198e+06
2.07198e+06
1.01416e+07
1.53212e+07
1.53212e+07
1.53212e+07
9.22266e+07
288606
288606
288606
288606
288606
288606
1.08538e+08
1.08538e+08
1.08538e+08
1.08538e+08
1.08538e+08
1.08538e+08
1.08538e+08
1.11796e+08
1.92766e+09
1.92766e+09
8.55196e+08
8.55196e+08
2.39155e+07
1.5574e+07
128328
128328
3.3655e+06
2.17753e+06
2.17753e+06
2.17753e+06
2.17753e+06
2.17753e+06
262595
262595
262595
681.427
681.427
681.427
681.427
681.427
15113.9
15113.9
15113.9
15113.9
15113.9
15113.9
15113.9
15113.9
1.12931e+07
1.12931e+07
9.54448e+06
9.54448e+06
9.54448e+06
9.54448e+06
654142
654142
654142
654142
293204
293204
293204
293204
5.81807e+06
5.81807e+06
7.3853e+06
7.3853e+06
7.3853e+06
7.3853e+06
7.3853e+06
7.3853e+06
7.3853e+06
7.3853e+06
7.3853e+06
9.33389e+06
9.33389e+06
9.33389e+06
9.33389e+06
6.2753e+06
6.2753e+06
6.2753e+06
8.46462e+07
8.46462e+07
8.46462e+07
8.46462e+07
4.27391e+07
4.27391e+07
4.27391e+07
3.18254e+06
4.27391e+07
4.27391e+07
1.21452e+07
1.21452e+07
1.21452e+07
1.21452e+07
1.21452e+07
1.21452e+07
1.21452e+07
1.21452e+07
1.21452e+07
1.21452e+07
1.21452e+07
1.21452e+07
1.21452e+07
1.21452e+07
1.21452e+07
1.21452e+07
1.21452e+07
1.21452e+07
1.21452e+07
1.21452e+07
1.21452e+07
610128
1.21452e+07
1.21452e+07
1.21452e+07
1.21452e+07
1.21452e+07
5.77664e+07
5.77664e+07
5.77664e+07
5.77664e+07
3.92698e+07
3.92698e+07
3.92698e+07
3.92698e+07
3.92698e+07
3.92698e+07
1.06239e+08
1.06239e+08
1.06239e+08
1.06239e+08
1.06239e+08
1.06239e+08
1.50365e+08
1.50365e+08
1.50365e+08
1.50365e+08
1.50365e+08
1.50365e+08
1.50365e+08
1.50365e+08
1.50365e+08
1.50365e+08
1.50365e+08
1.50365e+08
1.50365e+08
1.50365e+08
1.50365e+08
1.5037e+09
1.5037e+09
9.08737e+08
7.04789e+08
2.37352e+08
2.37352e+08
2.37352e+08
2.37352e+08
2.37352e+08
2.37352e+08
2.37352e+08
2.37352e+08
2.37352e+08
2.37352e+08
2.37352e+08
2.37352e+08
2.37352e+08
2.37352e+08
2.37352e+08
2.37352e+08
2.37352e+08
2.37352e+08
2.37352e+08
2.37352e+08
9.08737e+08
9.08737e+08
9.08737e+08
9.08737e+08
9.08737e+08
2.77722e+08
2.77722e+08
3.3752e+08
3.3752e+08
2.85632e+09
2.85632e+09
2.85632e+09
2.85632e+09
2.85632e+09
2.85632e+09
1.65008e+09
1.65008e+09
1.65008e+09
1.76056e+09
1.76056e+09
1.76056e+09
1.76056e+09
1.76056e+09
1.76056e+09
1.76056e+09
2.71903e+09
6.21077e+09
6.21077e+09
6.21077e+09
6.21077e+09
6.21077e+09
6.21077e+09
6.21077e+09
6.21077e+09
2.5395e+09
2.5395e+09
2.5395e+09
5.32474e+09
4.66236e+09
4.66236e+09
3.84191e+09
4.43139e+09
4.40165e+09
4.40165e+09
4.40165e+09
4.40165e+09
4.40165e+09
4.40165e+09
3.44963e+09
1.61527e+09
6.65459e+08
1.3488e+08
1.3488e+08
1.3488e+08
1.3488e+08
4.35478e+07
4.35478e+07
2.45545e+07
2.45545e+07
2.45545e+07
2.45545e+07
2.45545e+07
50246.6
50246.6
50246.6
50246.6
50246.6
50246.6
50246.6
50246.6
50246.6
50246.6
4.12894e+06
4.12894e+06
4.12894e+06
4.12894e+06
4.12894e+06
4.12894e+06
1.45529e+09
1.45529e+09
1.45529e+09
3.45963e+09
3.45963e+09
1.91115e+09
1.91115e+09
1.91115e+09
1.86397e+08
1.86397e+08
5.27465e+08
5.27465e+08
5.27465e+08
5.27465e+08
5.27465e+08
5.27465e+08
2.96407e+08
2.96407e+08
2.96407e+08
594.066
594.066
594.066
594.066
594.066
594.066
594.066
594.066
493711
493711
493711
493711
493711
493711
493711
493711
493711
493711
493711
493711
493711
1.51991e+08
1.51991e+08
1.01075e+09
1.01075e+09
1.01075e+09
1.01075e+09
2.53479e+09
2.53479e+09
2.53479e+09
2.53479e+09
2.53479e+09
2.53479e+09
3.80417e+09
3.80417e+09
3.80417e+09
3.7597e+09
3.7597e+09
3.7597e+09
5.3718e+08
5.3718e+08
5.3718e+08
4.04928e+08
1.37896e+09
1.37896e+09
4.62132e+08
1.37896e+09
1.22848e+08
3.78657e+09
3.78657e+09
3.78657e+09
2.82941e+09
2.82941e+09
2.82941e+09
2.97442e+08
2.97442e+08
2.97442e+08
3.50683e+08
3.50683e+08
3.50683e+08
4.92192e+08
2.83585e+09
2.05242e+09
2.05242e+09
2.05242e+09
2.05242e+09
2.05242e+09
2.05242e+09
2.05242e+09
2.86938e+09
2.86938e+09
2.86938e+09
2.86938e+09
1.82246e+09
1.08615e+09
2.79111e+08
3.45649e+06
4.09265e+06
3.85496e+06
3.85496e+06
4.20338e+06
4.20338e+06
4.20338e+06
4.20338e+06
4.20338e+06
4.20338e+06
1.44336e+06
1.44336e+06
1.44336e+06
1.44336e+06
1.44336e+06
1.44336e+06
1.44336e+06
1.44336e+06
1.44336e+06
4.20338e+06
7.53912e+06
7.53912e+06
403302
403302
403302
403302
403302
403302
403302
403302
403302
403302
403302
403302
403302
403302
6875.22
9001.08
540390
670440
670440
670440
670440
670440
670440
4.85561e+07
4.85561e+07
314.345
314.345
2.23724e+06
2.23724e+06
2.23724e+06
2.23724e+06
2.23724e+06
2.23724e+06
2.23724e+06
2.23724e+06
2.23724e+06
2.23724e+06
2.13483e+06
2.13483e+06
2.13483e+06
4.82921e+06
258880
258880
258880
258880
1.63618e+08
4.19086e+07
4.19086e+07
4.19086e+07
3.59314e+07
4.11425e+06
4.11425e+06
4.11425e+06
4.11425e+06
4.11425e+06
4.11425e+06
4.11425e+06
4.11425e+06
4.32595e+06
4.32595e+06
4.32595e+06
4.32595e+06
2.95396e+06
2.95396e+06
2.95396e+06
2.95396e+06
2.95396e+06
4.32595e+06
4.32595e+06
823.064
823.064
823.064
823.064
823.064
2136.38
2136.38
3.45734e+06
3.45734e+06
3.45734e+06
3.45734e+06
3.45734e+06
2.14763e+06
2.14763e+06
2.14763e+06
2.14763e+06
2.14763e+06
2.14763e+06
2.14763e+06
5.7919e+06
5.7919e+06
5.7919e+06
5.7919e+06
5.7919e+06
5.7919e+06
5.7919e+06
5.7919e+06
5.7919e+06
5.7919e+06
5.7919e+06
5.86018e+07
6.21843e+07
3.92523e+06
3.92523e+06
8.07973e+07
8.07973e+07
6.78483e+07
6.78483e+07
4.46027e+07
2.73852e+07
8.04646e+06
2.73852e+07
2.73852e+07
18520.7
18520.7
18520.7
18520.7
18520.7
1.19899e+07
1.2174e+07
1.2174e+07
1.2174e+07
1.2174e+07
1.2174e+07
1.2174e+07
1.2174e+07
104491
104491
104491
104491
104491
104491
104491
104491
9.90156e+06
9.90156e+06
9.90156e+06
9.90156e+06
6728.49
6728.49
6728.49
6728.49
6728.49
6728.49
6728.49
3.61868e+06
297710
297710
297710
297710
297710
297710
297710
297710
297710
1.38766e+07
1.38766e+07
1.63466e+08
1.0488e+06
1.0488e+06
2.46628e+06
2.46628e+06
2.46628e+06
2.46628e+06
2.46628e+06
2.46628e+06
2.46628e+06
2.46628e+06
2.46628e+06
2.46628e+06
2.46628e+06
2.46628e+06
2.46628e+06
2.46628e+06
2.46628e+06
2.46628e+06
2.46628e+06
2.46628e+06
492850
492850
492850
492850
492850
492850
492850
492850
25898.6
25898.6
25898.6
492850
492850
303141
375575
492850
492850
492850
308.342
670738
670738
670738
670738
3.52308e+07
3.52308e+07
3.52308e+07
41007.5
5.96124e+06
5.96124e+06
5.96124e+06
5.96124e+06
5.96124e+06
1.06641e+06
1.06641e+06
3.39316e+06
3228.73
3228.73
99418.7
99418.7
99418.7
99418.7
99418.7
99418.7
158541
158541
158541
158541
158541
158541
158541
448.083
448.083
448.083
448.083
35457.3
35457.3
35457.3
35457.3
35457.3
158541
259247
259247
259247
259247
72990.4
72990.4
72990.4
72990.4
72990.4
72990.4
72990.4
293.572
293.572
293.572
293.572
293.572
293.572
293.572
293.572
293.572
27976.7
27976.7
27976.7
27976.7
1.61637e+07
1.61637e+07
2.71189e+07
2.71189e+07
2.71189e+07
2.71189e+07
2.71189e+07
2.71189e+07
322233
2.71189e+07
4.89056e+06
4.89056e+06
4.89056e+06
4.89056e+06
4.89056e+06
4.89056e+06
4.89056e+06
4.89056e+06
4.89056e+06
4.89056e+06
4.89056e+06
4.89056e+06
4.89056e+06
4.89056e+06
4.89056e+06
4.89056e+06
4.89056e+06
4.89056e+06
4.89056e+06
4.89056e+06
4.89056e+06
4.89056e+06
4.89056e+06
1.63072e+08
2.97206e+07
2.97206e+07
2.97206e+07
2.97206e+07
1.67611e+06
1.67611e+06
1.67611e+06
1.67611e+06
1.67611e+06
1.67611e+06
362503
362503
362503
362503
5975.61
5975.61
5975.61
5975.61
5975.61
5975.61
5975.61
5975.61
5975.61
5975.61
5975.61
5975.61
5975.61
5975.61
5975.61
292.592
292.592
209286
209286
209286
209286
209286
209286
209286
209286
209286
7.28419e+06
7.28419e+06
7.28419e+06
7.28419e+06
4.8426e+08
4.8426e+08
4.8426e+08
4.8426e+08
4.8426e+08
4.8426e+08
2.33823e+08
2.33823e+08
2.33823e+08
2.33823e+08
1.39007e+08
1.39007e+08
85650.3
85650.3
85650.3
85650.3
85650.3
85650.3
732054
732054
732054
732054
732054
7.93383e+07
7.93383e+07
7.93383e+07
7.93383e+07
7.93383e+07
2.70304e+09
2.70304e+09
2.70304e+09
1.90527e+09
1.90527e+09
1.90527e+09
1.02532e+09
1.02532e+09
1.02532e+09
7120.39
7120.39
7120.39
7120.39
7120.39
5.84222e+07
1166.67
1166.67
1166.67
1166.67
1166.67
1166.67
1166.67
1166.67
1166.67
1166.67
1166.67
1166.67
1166.67
1166.67
1166.67
255503
255503
255503
2.16326e+07
2.16326e+07
1.0993e+06
1.0993e+06
1.0993e+06
1.0993e+06
1.0993e+06
1.0993e+06
1.0993e+06
1.0993e+06
1.0993e+06
4.47902e+07
4.22128e+08
4.42501e+08
4.42501e+08
4.42501e+08
4.42501e+08
4.42501e+08
4.42501e+08
4.42501e+08
4.42501e+08
4.42501e+08
4.42501e+08
4.42501e+08
1.13455e+09
6.05279e+08
6.05279e+08
6.05279e+08
1.13455e+09
1.58397e+09
1.58397e+09
1.58397e+09
1.58397e+09
1.58397e+09
2.67173e+08
2.67173e+08
2.67173e+08
2.67173e+08
2.67173e+08
7.33369e+07
7.33369e+07
7.33369e+07
7.33369e+07
7.33369e+07
7.33369e+07
3.00435e+08
3.00435e+08
1.12658e+07
1.12658e+07
1.37579e+07
1.37579e+07
1.37579e+07
1.37579e+07
1.37579e+07
1.37579e+07
1.07794e+06
1.07794e+06
1.07794e+06
1.07794e+06
1.07794e+06
1.07794e+06
1.07794e+06
1.07794e+06
1.07794e+06
1.07794e+06
1.07794e+06
1.07794e+06
1.07794e+06
1.07794e+06
1.07794e+06
1.07794e+06
4.12539e+08
4.12539e+08
4.12539e+08
4.12539e+08
4.12539e+08
4.12539e+08
4.12539e+08
4.12539e+08
1.00924e+09
2.09112e+09
2.09112e+09
2.09112e+09
3.25568e+09
3.25568e+09
3.25568e+09
3.25568e+09
3.25568e+09
3.25568e+09
1.72246e+09
1.72246e+09
1.72246e+09
1.72246e+09
3.32163e+09
3.32163e+09
3.32163e+09
3.32163e+09
3.32163e+09
3.32163e+09
3.32163e+09
3.32163e+09
3.32163e+09
3.32163e+09
3.32163e+09
3.32163e+09
3.32163e+09
3.60424e+09
3.60424e+09
3.60424e+09
3.60424e+09
3.60424e+09
3.60424e+09
3.60424e+09
3.60424e+09
3.60424e+09
3.60424e+09
3.60424e+09
3.60424e+09
3.60424e+09
3.60424e+09
3.60424e+09
3.60424e+09
8.35407e+08
3.60424e+09
4.66386e+08
3.97107e+07
3.97107e+07
3.97107e+07
3.97107e+07
3.97107e+07
3.97107e+07
3.97107e+07
3.97107e+07
3.97107e+07
3.97107e+07
3.97107e+07
3.4433e+08
3.4433e+08
3.4433e+08
3.4433e+08
3.52354e+07
3.52354e+07
3.52354e+07
3.52354e+07
3.52354e+07
3.52354e+07
3.52354e+07
2.21106e+07
2.21106e+07
2.21106e+07
2.21106e+07
2.21106e+07
2.21106e+07
2.21106e+07
2.21106e+07
2.21106e+07
2.21106e+07
2.21106e+07
2.21106e+07
2.21106e+07
2.21106e+07
2.21106e+07
2.21106e+07
2.21106e+07
3.67137e+08
3.67137e+08
3.67137e+08
3.67137e+08
3.89931e+08
3.89931e+08
1.94506e+08
1.3069e+08
1.3069e+08
1.3069e+08
1.32887e+08
1.32887e+08
1.32887e+08
3.39913e+08
3.39913e+08
1.15229e+09
1.15229e+09
1.15229e+09
1.15229e+09
1.15229e+09
1.15229e+09
1.15229e+09
1.15229e+09
9.80831e+08
9.80831e+08
1.20452e+09
1.20452e+09
1.20452e+09
1.21116e+08
1.21116e+08
1.21116e+08
1.21116e+08
1.21116e+08
1.21116e+08
1.21116e+08
1.21116e+08
1.21116e+08
2.09972e+08
2.09972e+08
2.09972e+08
2.09972e+08
2.09972e+08
2.09972e+08
2.09972e+08
2.09972e+08
2.09972e+08
2.09972e+08
2.09972e+08
2.09972e+08
1.02134e+09
1.02134e+09
9.13212e+08
9.13212e+08
9.13212e+08
9.13212e+08
9.13212e+08
9.13212e+08
9.13212e+08
9.13212e+08
9.13212e+08
1.87743e+09
1.87743e+09
1.87743e+09
1.87743e+09
1.87743e+09
1.87743e+09
1.87743e+09
1.87743e+09
1.87743e+09
1.87743e+09
1.87743e+09
2.80736e+09
2.80736e+09
2.80736e+09
3.12406e+09
3.12406e+09
3.12406e+09
3.12406e+09
3.12406e+09
3.12406e+09
3.12406e+09
3.12406e+09
3.12406e+09
1.63964e+09
1.63964e+09
2.47802e+09
1.26561e+09
1.26561e+09
1.26561e+09
1.26561e+09
1.26561e+09
3.52457e+08
3.52457e+08
3.52457e+08
3.52457e+08
3.52457e+08
3.52457e+08
3.52457e+08
3.52457e+08
3.52457e+08
3.52457e+08
3.52457e+08
3.52457e+08
3.52457e+08
3.52457e+08
3.52457e+08
9.71528e+08
1.08997e+09
1.08997e+09
1.08997e+09
1.08997e+09
1.08997e+09
3.75922e+09
3.75922e+09
2.87035e+08
2.87035e+08
2.87035e+08
2.87035e+08
5.90545e+08
5.90545e+08
5.90545e+08
5.90545e+08
5.90545e+08
5.90545e+08
6.83572e+08
6.83572e+08
6.83572e+08
6.83572e+08
7.16661e+08
7.16661e+08
7.16661e+08
9.97509e+08
9.97509e+08
9.97509e+08
9.97509e+08
9.97509e+08
9.97509e+08
9.97509e+08
9.97509e+08
9.97509e+08
9.97509e+08
9.97509e+08
9.97509e+08
9.97509e+08
9.29314e+07
9.97509e+08
3.83495e+08
3.83495e+08
3.83495e+08
4.27677e+08
4.27677e+08
4.27677e+08
4.27677e+08
6.30815e+07
6.30815e+07
6.30815e+07
6.30815e+07
6.30815e+07
6.30815e+07
6.30815e+07
6.30815e+07
6.46215e+08
6.46215e+08
6.46215e+08
6.46215e+08
6.46215e+08
6.46215e+08
6.46215e+08
2.08601e+06
2.08601e+06
2.08601e+06
6911.13
6911.13
6911.13
6911.13
6911.13
6911.13
521581
521581
521581
521581
521581
521581
521581
521581
521581
521581
521581
521581
521581
521581
521581
521581
521581
521581
4.00369e+08
4.00369e+08
4.00369e+08
4.00369e+08
4.00369e+08
4.00369e+08
4.00369e+08
1.43146e+08
3.51942e+08
3.51942e+08
3.51942e+08
3.51942e+08
3.51942e+08
3.51942e+08
3.51942e+08
3.51942e+08
3.49682e+08
1.82496e+08
1.82496e+08
1.82496e+08
1.04818e+09
1.04818e+09
1.04818e+09
1.04818e+09
1.04818e+09
1.30388e+09
1.30388e+09
1.30388e+09
3.96877e+08
3.96877e+08
3.96877e+08
3.96877e+08
1.30388e+09
6.02498e+06
6.02498e+06
6.02498e+06
6.02498e+06
6.02498e+06
6.02498e+06
6.02498e+06
6.02498e+06
1.68104e+07
1.68104e+07
6.73528e+06
6.73528e+06
6.73528e+06
6.73528e+06
6.73528e+06
6.73528e+06
6.73528e+06
6.73528e+06
6.73528e+06
2.13509e+08
2.13509e+08
1.60229e+08
1.60229e+08
1.60229e+08
1.60229e+08
3.8755e+06
3.36577e+07
3.36577e+07
3.36577e+07
3.36577e+07
3.36577e+07
3.36577e+07
686.713
2.59136e+07
2.59136e+07
2.59136e+07
2.59136e+07
2.59136e+07
2.59136e+07
2.59136e+07
2.59136e+07
2.59136e+07
2.59136e+07
2.59136e+07
2.59136e+07
2.59136e+07
2.59136e+07
2.59136e+07
2.59136e+07
2.59136e+07
2.59136e+07
2.59136e+07
2.59136e+07
2.59136e+07
2.59136e+07
2.59136e+07
2.59136e+07
2.59136e+07
2.59136e+07
2.59136e+07
2.59136e+07
2.59136e+07
3.42035e+09
3.42035e+09
2.7225e+09
2.16124e+09
2.16124e+09
6.79567e+08
4.40557e+08
4.40557e+08
1.33591e+08
1.33591e+08
1.33591e+08
1.08157e+07
1.08157e+07
7572.79
7572.79
7572.79
7572.79
7572.79
7572.79
7572.79
7572.79
7572.79
5155.66
5155.66
5155.66
21405.2
21405.2
21405.2
21405.2
21405.2
21405.2
1.53114e+08
1.53114e+08
1.53114e+08
1.53114e+08
1.15694e+08
1.15694e+08
1.15694e+08
4.89815e+06
4.89815e+06
1.15694e+08
1.15694e+08
2789.76
2789.76
2.24298e+06
2.24298e+06
2.24298e+06
2.24298e+06
292535
292535
292535
292535
292535
292535
358421
358421
2.24298e+06
2.24298e+06
2.24298e+06
2.24298e+06
2.24298e+06
2.24298e+06
2.24298e+06
2.24298e+06
2.24298e+06
2.24298e+06
2.24298e+06
2.24298e+06
2.33133e+06
2.33133e+06
1.71034e+07
1.71034e+07
1.71034e+07
1.71034e+07
1.71034e+07
1.71034e+07
7.89263e+06
7.89263e+06
4.12289e+06
4.12289e+06
1.27149e+06
1.27149e+06
1.27149e+06
1.27149e+06
227111
17710.4
17710.4
17710.4
5168.29
5168.29
5168.29
5168.29
5168.29
13708
13708
13708
18823.2
18823.2
18823.2
18823.2
18823.2
18823.2
18823.2
18823.2
18823.2
18823.2
18823.2
18823.2
18823.2
18823.2
18823.2
13166.8
13166.8
18823.2
11202.3
11202.3
11202.3
11202.3
111690
111690
111690
111690
111690
111690
111690
111690
111690
111690
116392
116392
116392
116392
321.267
321.267
321.267
321.267
321.267
321.267
321.267
321.267
321.267
321.267
321.267
321.267
321.267
321.267
321.267
321.267
321.267
1.2507e+07
1.2507e+07
1.2507e+07
1.2507e+07
1.2507e+07
1.2507e+07
1.2507e+07
1.2507e+07
1.2507e+07
1.2507e+07
1.2507e+07
3.80325e+06
3.80325e+06
3.80325e+06
3.80325e+06
3.80325e+06
5.31847e+06
5.31847e+06
5.31847e+06
5.31847e+06
5.31847e+06
5.31847e+06
5.31847e+06
3.77233e+06
3.77233e+06
3.77233e+06
3.77233e+06
5.31847e+06
5.31847e+06
545.525
545.525
4.02366e+07
4.02366e+07
4.02366e+07
2.32467e+08
2.32467e+08
2.32467e+08
3.47763e+08
4.46886e+08
4.46886e+08
4.46886e+08
4.59604e+08
4.59604e+08
4.59604e+08
4.59604e+08
4.59604e+08
4.59604e+08
4.59604e+08
4.59604e+08
6.1666e+08
8.06235e+07
8.06235e+07
8.06235e+07
8.06235e+07
8.06235e+07
8.06235e+07
108325
195.817
195.817
195.817
195.817
195.817
195.817
195.817
195.817
195.817
195.817
5189.03
5189.03
5189.03
1.7146e+06
519880
519880
519880
519880
519880
519880
519880
519880
11681.5
11681.5
11681.5
11681.5
15676.7
9067.6
9067.6
9067.6
283184
283184
283184
283184
283184
283184
283184
283184
2.56263e+07
1.66308e+07
1.66308e+07
4.49305e+06
4861.83
4861.83
4861.83
4861.83
4861.83
4861.83
2.56263e+07
2.56263e+07
2.56263e+07
2.56263e+07
2.56263e+07
2.56263e+07
2.56263e+07
2.56263e+07
2.56263e+07
2.56263e+07
2.56263e+07
2.56263e+07
2.56263e+07
6.16231e+06
6.16231e+06
6.16231e+06
6.16231e+06
6.16231e+06
6.16231e+06
6.16231e+06
6.16231e+06
6.16231e+06
6.16231e+06
6.16231e+06
6.16231e+06
6.16231e+06
6.16231e+06
6.16231e+06
6.16231e+06
6.16231e+06
6.16231e+06
6.16231e+06
3.41703e+07
3.41703e+07
3.41703e+07
423809
423809
423809
423809
423809
552612
552612
552612
8.99685e+06
8.99685e+06
8.99685e+06
8.99685e+06
8.99685e+06
8.99685e+06
8.99685e+06
8.99685e+06
8.99685e+06
8.99685e+06
8.99685e+06
251.229
251.229
251.229
251.229
251.229
251.229
251.229
257.861
257.861
257.861
257.861
257.861
257.861
29059.3
48111.4
48111.4
48111.4
48111.4
48111.4
48111.4
48111.4
48111.4
48111.4
2.14777e+06
2.14777e+06
2.14777e+06
1.37009e+06
1.37009e+06
1.37009e+06
1.37009e+06
911045
2.14777e+06
2.14777e+06
2.14777e+06
2.14777e+06
988032
988032
988032
988032
988032
988032
988032
988032
988032
988032
988032
988032
988032
988032
988032
988032
988032
988032
988032
9.0372e+06
9.0372e+06
623256
9.0372e+06
9.0372e+06
9.0372e+06
6.33755e+06
6.33755e+06
6.33755e+06
6.33755e+06
6.33755e+06
6.33755e+06
6.33755e+06
6.33755e+06
6.33755e+06
2.27361e+07
2.27361e+07
2.27361e+07
2.27361e+07
2.27361e+07
2.27361e+07
2.27361e+07
2.27361e+07
2.27361e+07
2.27361e+07
2.27361e+07
2.27361e+07
2.27361e+07
2.06101e+06
2.06101e+06
2.06101e+06
2.06101e+06
2.06101e+06
2.06101e+06
2.06101e+06
2.06101e+06
1.69486e+07
886027
886027
3.53698e+06
1.60287e+06
1.60287e+06
1.60287e+06
1.60287e+06
1.60287e+06
1.60287e+06
1.60287e+06
1.60287e+06
1.60287e+06
1.60287e+06
5.51225e+06
5.51225e+06
922314
922314
922314
922314
922314
922314
922314
922314
7.14463e+06
7.14463e+06
7.14463e+06
19826.7
19826.7
1.78543e+06
1.78543e+06
1.78543e+06
1.78543e+06
1.78543e+06
1.78543e+06
1.78543e+06
1.78543e+06
1.78543e+06
1.78543e+06
1.78543e+06
1.78543e+06
2.8482e+07
4.58935e+07
8.83249e+06
8.83249e+06
2.08007e+08
2.11822e+06
2.11822e+06
362532
84047.5
84047.5
75933.2
75933.2
75933.2
75933.2
75933.2
2.09348e+06
2.09348e+06
2.09348e+06
2.09348e+06
2.09348e+06
2.09348e+06
2.09348e+06
2.09348e+06
2.09348e+06
1.00524e+08
1936.4
1936.4
1936.4
1936.4
1936.4
1936.4
1936.4
1936.4
1936.4
1936.4
1936.4
3.86335e+07
3.86335e+07
7.56907e+07
7.56907e+07
7.56907e+07
2.21032e+07
2.21032e+07
5.5444e+07
5.5444e+07
5.5444e+07
2.87189e+07
2.87189e+07
2.87189e+07
2.87189e+07
2.87189e+07
2.87189e+07
1.36602e+08
1.36602e+08
1.36602e+08
1.36602e+08
1.36602e+08
1.36602e+08
1.36602e+08
1.36602e+08
1.36602e+08
1.36602e+08
1.36602e+08
1.36602e+08
1.36602e+08
1.36602e+08
1.36602e+08
1.36602e+08
1.20692e+08
1.41229e+08
1.41229e+08
1.41229e+08
2.5417e+08
2.5417e+08
2.5417e+08
2.5417e+08
2.5417e+08
2.5417e+08
2.5417e+08
2.5417e+08
9.63532e+08
9.63532e+08
9.63532e+08
9.63532e+08
6.4718e+08
6.4718e+08
6.4718e+08
6.4718e+08
9.71362e+07
9.71362e+07
9.71362e+07
9.71362e+07
9.71362e+07
9.71362e+07
9.71362e+07
9.71362e+07
9.71362e+07
9.71362e+07
3.57025e+08
1.08451e+09
1.04828e+09
1.04828e+09
1.04828e+09
1.04828e+09
1.23368e+09
1.23368e+09
5.99425e+08
5.99425e+08
1.23368e+09
1.23368e+09
1.70135e+09
9.15609e+08
9.15609e+08
9.15609e+08
9.15609e+08
9.15609e+08
9.15609e+08
9.15609e+08
5.13664e+08
4.88466e+08
2.62059e+08
2.31874e+08
7.10844e+08
7.10844e+08
7.10844e+08
7.10844e+08
7.10844e+08
7.10844e+08
3.63091e+08
5.09466e+08
5.09466e+08
1.6643e+09
1.71039e+09
1.71039e+09
1.71039e+09
1.09767e+08
4.8996e+08
4.8996e+08
4.8996e+08
4.8996e+08
4.8996e+08
4.8996e+08
4.8996e+08
4.8996e+08
7.38374e+08
2.88336e+09
2.88336e+09
2.88336e+09
2.88336e+09
2.88336e+09
2.88336e+09
2.88336e+09
2.88336e+09
2.88336e+09
2.88336e+09
2.88336e+09
1.06842e+09
1.06842e+09
1.06842e+09
1.06842e+09
1.06842e+09


6.4124
-4.22361
3.85205
-2.06793
-4.63424
-0.375072
1.67074
1.67074
1.6213
-0.75457
0.128941
-2.02261
0.801416
-2.07205
-3.39915
-0.12009
-0.655232
5.02945
-0.595721
2.03421
2.03421
2.46406
-0.436415
-1.79601
-1.79601
0.849025
-1.79601
0.757927
2.50526
-2.97021

0.024

