3.73599e+06
5.44387e+07
5.44387e+07
5.44387e+07
2.71618e+08
2.71618e+08
2.71618e+08
2.71618e+08
2.71618e+08
2.71618e+08
2.71618e+08
2.71618e+08
2.71618e+08
2.71618e+08
2.71618e+08
4.28598e+09
4.28598e+09
4.28598e+09
4.28598e+09
4.28598e+09
4.28598e+09
2.15306e+10
2.1906e+10
2.72504e+09
2.61353e+09
2.61353e+09
2.61353e+09
3.14305e+09
3.14305e+09
3.14305e+09
3.14305e+09
3.14305e+09
3.14305e+09
3.14305e+09
3.14305e+09
1.7847e+10
1.7847e+10
1.7847e+10
1.01706e+10
2.92798e+09
2.92798e+09
2.92798e+09
2.92798e+09
1.57662e+09
1.57662e+09
1.57662e+09
1.57662e+09
1.57662e+09
1.57662e+09
2.74451e+08
2.74451e+08
2.74451e+08
2.74451e+08
2.74451e+08
4.55037e+08
4.55037e+08
4.55037e+08
4.55037e+08
4.55037e+08
4.55037e+08
4.55037e+08
4.55037e+08
4.55037e+08
4.55037e+08
1.09523e+08
4.56158e+09
1.46145e+07
1.46145e+07
1.46145e+07
1.46145e+07
1.46145e+07
9.26037e+07
9.26037e+07
1.07924e+08
4.62549e+06
4.62549e+06
4.62549e+06
4.62549e+06
4.62549e+06
7.57863e+08
6.84364e+07
6.84364e+07
6.84364e+07
6.84364e+07
6.84364e+07
1.0936e+06
1.0936e+06
1.0936e+06
1.0936e+06
1.0936e+06
1.0936e+06
1.0936e+06
1.0936e+06
1.0936e+06
1.0936e+06
1.0936e+06
1.0936e+06
1.0936e+06
1.0936e+06
1.0936e+06
1.0936e+06
4.22792e+07
5.39698e+07
2.87723e+07
2.87723e+07
2.87723e+07
5.39698e+07
4.9744e+06
4.9744e+06
87853.3
4.9744e+06
4.9744e+06
4.9744e+06
4.67596e+07
29144.5
29144.5
29144.5
29144.5
29144.5
29144.5
29144.5
427.151
427.151
427.151
2.25303e+08
2.25303e+08
2.25303e+08
2.25303e+08
2.25303e+08
2.06285e+08
4.28301e+08
4.28301e+08
4.28301e+08
4.28301e+08
4.28301e+08
4.28301e+08
4.28301e+08
4.28301e+08
4.28301e+08
1.15811e+09
1.15811e+09
1.15811e+09
1.15811e+09
1.15811e+09
1.08242e+08
1.08242e+08
1.08242e+08
1.08242e+08
1.08242e+08
1.08242e+08
1.08242e+08
1.08242e+08
1.08242e+08
1.08242e+08
1.08242e+08
1.08242e+08
1.0829e+08
1.0829e+08
1.0829e+08
1.0829e+08
1.0829e+08
1.0829e+08
1.89675e+07
1.49506e+07
1.49506e+07
217836
217836
534841
494473
494473
2.7395e+07
165119
165119
197602
197602
197602
197602
311088
311088
705186
2.85616e+07
2.85616e+07
2.85616e+07
2.85616e+07
54392.6
54392.6
54392.6
54392.6
3.64636e+06
3.64636e+06
17008.3
17008.3
17008.3
17008.3
17008.3
17008.3
17008.3
90922.2
85267.3
85267.3
85267.3
85267.3
85267.3
85267.3
85267.3
90922.2
90922.2
90922.2
1.49387e+06
1.49387e+06
42822.1
1.49387e+06
1.49387e+06
1.49387e+06
1.49387e+06
1.27832e+06
1.27832e+06
1.27832e+06
1.27832e+06
475321
475321
475321
475321
475321
475321
475321
475321
475321
9.23973e+06
9.23973e+06
9.23973e+06
9.23973e+06
9.23973e+06
9.23973e+06
9.23973e+06
9.23973e+06
9.23973e+06
9.23973e+06
1.81146e+07
1.81146e+07
1.81146e+07
473.426
473.426
1.1995e+06
1.40588e+07
1.40588e+07
2.32348e+06
2.32348e+06
2.32348e+06
2.32348e+06
2.32348e+06
2.32348e+06
2.32348e+06
2.32348e+06
2.32348e+06
2.32348e+06
1.40588e+07
1.40588e+07
3.44794e+07
3.44794e+07
2.63261e+07
2.63261e+07
2.63261e+07
2.63261e+07
4.6209e+06
2.62884e+06
3.5063e+06
3.5063e+06
3.5063e+06
3.5063e+06
16221.7
16221.7
16221.7
16221.7
3.72933e+07
3.72933e+07
3.72933e+07
3.72933e+07
3.72933e+07
3.72933e+07
3.72933e+07
3.72933e+07
277437
277437
1.16835e+07
538.077
538.077
538.077
538.077
6.00902e+06
6.00902e+06
6.00902e+06
6.00902e+06
6.00902e+06
6.00902e+06
6.00902e+06
6.00902e+06
1.84441e+06
1.84441e+06
2.47733e+06
2.47733e+06
2.47733e+06
2.47733e+06
2.47733e+06
5.90998e+06
5.90998e+06
5.90998e+06
5.90998e+06
5.90998e+06
742198
742198
742198
742198
543.126
742198
742198
742198
742198
742198
742198
1.05162e+06
8.5934e+06
8.5934e+06
1.92871e+07
1.92871e+07
1.92871e+07
4.35669e+06
4.35669e+06
4.35669e+06
4.35669e+06
4.35669e+06
9.21168e+06
9.21168e+06
9.21168e+06
9.21168e+06
9.21168e+06
9.21168e+06
9.21168e+06
8.49403e+06
8.49403e+06
8.49403e+06
2.11645e+08
2.11645e+08
2.11645e+08
2.11645e+08
2.92792e+08
2.92792e+08
2.92792e+08
2.92792e+08
2.92792e+08
2.92792e+08
2.92792e+08
2.92792e+08
2.92792e+08
4.88452e+08
4.88452e+08
6.28315e+08
6.28315e+08
37940.9
2.62724e+08
2.62724e+08
2.62724e+08
6.28315e+08
6.28315e+08
6.28315e+08
6.28315e+08
4.09409e+07
4.09409e+07
5.49529e+08
6.3812e+08
6.3812e+08
6.3812e+08
6.3812e+08
6.3812e+08
6.90562e+08
6.90562e+08
2.23962e+09
2.23962e+09
2.23962e+09
2.23962e+09
2.23962e+09
2.23962e+09
2.23962e+09
2.23962e+09
2.23962e+09
2.23962e+09
2.23962e+09
2.23962e+09
2.23962e+09
2.23962e+09
2.23962e+09
1.47165e+09
1.47165e+09
1.47165e+09
1.47165e+09
1.47165e+09
1.47165e+09
5.35731e+08
5.35731e+08
5.35731e+08
1.04482e+06
1.04482e+06
1.04482e+06
1.04482e+06
1.04482e+06
5.35731e+08
5.35731e+08
5.35731e+08
1.47165e+09
1.47165e+09
1.47165e+09
1.47165e+09
1.47165e+09
1.47165e+09
1.47165e+09
1.10442e+08
1.10442e+08
1.10442e+08
1.10442e+08
1.10442e+08
1.10442e+08
1.10442e+08
1.10442e+08
1.10442e+08
1.22515e+08
1.22515e+08
1.22515e+08
1.22515e+08
1.22515e+08
1.22515e+08
1.22515e+08
1.22515e+08
1.22515e+08
1.22515e+08
1.22515e+08
1.22515e+08
1.22515e+08
1.22515e+08
1.22515e+08
3.58778e+08
3.06413e+07
3.06413e+07
17014.1
17014.1
17014.1
3.29209e+06
3.29209e+06
3.29209e+06
1.3542e+07
75096.1
1.3542e+07
1.3542e+07
1.3542e+07
1.3542e+07
1.3542e+07
3.76154e+07
3.76154e+07
3.76154e+07
3.76154e+07
3.76154e+07
3.76154e+07
3.76154e+07
662.85
662.85
662.85
662.85
257756
257756
1.21667e+06
1.21667e+06
1.21667e+06
1.21667e+06
1.21667e+06
2.37907e+07
2.37907e+07
2.37907e+07
2.37907e+07
2.37907e+07
2.37907e+07
2.37907e+07
2.37907e+07
2.37907e+07
2.37907e+07
2.37907e+07
2.37907e+07
2.37907e+07
2.37907e+07
2.24771e+08
2.24771e+08
4.97204e+08
4.63898e+06
4.63898e+06
4.63898e+06
4.63898e+06
4.63898e+06
4.63898e+06
3168.64
3168.64
3168.64
3168.64
3168.64
5.01168e+06
5.01168e+06
5.01168e+06
318374
318374
318374
318374
318374
318374
318374
318374
318374
2.76227e+08
2.03793e+09
2.03793e+09
2.03793e+09
2.03793e+09
1.92395e+09
1.92395e+09
2.35145e+09
3.44154e+09
5.47236e+08
5.47236e+08
5.47236e+08
1.00115e+07
1.00115e+07
1.00115e+07
1.00115e+07
5.47236e+08
5.47236e+08
5.47236e+08
5.47236e+08
5.47236e+08
5.47236e+08
5.47236e+08
5.47236e+08
5.47236e+08
5.47236e+08
5.47236e+08
5.47236e+08
5.47236e+08
5.10506e+07
5.10506e+07
7.36519e+07
7.36519e+07
7.36519e+07
2.88711e+08
2.88711e+08
7.36423e+07
7.36423e+07
7.36423e+07
2.03585e+08
2.03585e+08
5.65863e+09
5.65863e+09
5.65863e+09
5.65863e+09
5.65863e+09
5.65863e+09
5.65863e+09
5.65863e+09
5.65863e+09
5.65863e+09
5.65863e+09
2.05351e+07
2.05351e+07
5.02455e+08
5.02455e+08
1.06614e+10
1.06614e+10
1.06614e+10
6.55285e+09
4.17873e+09
3.63293e+09
3.63293e+09
1.73936e+09
1.73936e+09
1.73936e+09
1.73936e+09
1.73936e+09
1.73936e+09
1.73936e+09
4.64849e+09
4.64849e+09
4.64849e+09
4.64849e+09
2.83619e+09
2.83619e+09
2.83619e+09
2.83619e+09
4.23541e+09
4.23541e+09
4.23541e+09
4.23541e+09
4.23541e+09
4.23541e+09
4.23541e+09
2.48523e+09
2.48523e+09
8.48608e+08
8.48608e+08
8.48608e+08
8.48608e+08
8.48608e+08
5.72002e+07
5.72002e+07
8.48608e+08
8.48608e+08
8.48608e+08
8.48608e+08
8.48608e+08
8.48608e+08
2.29577e+09
2.29577e+09
2.29577e+09
1.91092e+09
1.91092e+09
2.23984e+06
2.23984e+06
2.23984e+06
3.87577e+08
3.87577e+08
3.87577e+08
13822.3
13822.3
5415.4
5415.4
5415.4
1.96749e+09
1.96749e+09
1.96749e+09
1.96749e+09
1.96749e+09
2.36651e+09
2.36651e+09
2.36651e+09
2.36651e+09
2.36651e+09
3.26863e+08
3.26863e+08
3.26863e+08
3.26863e+08
3.26863e+08
3.26863e+08
3.26863e+08
3.26863e+08
3.26863e+08
2.95628e+08
2.95628e+08
2.95628e+08
2.95628e+08
2.95628e+08
6.84794e+09
6.84794e+09
6.84794e+09
6.84794e+09
6.84794e+09
6.93274e+09
6.93274e+09
9.86658e+09
9.86658e+09
1.51748e+09
1.51748e+09
1.51748e+09
1.51748e+09
1.44968e+09
1.44968e+09
1.44968e+09
1.44968e+09
1.44968e+09
6.74564e+08
6.74564e+08
6.74564e+08
6.74564e+08
6.74564e+08
6.74564e+08
6.74564e+08
1.44968e+09
2.85797e+09
2.85797e+09
2.85797e+09
2.85797e+09
2.85797e+09
2.85797e+09
2.85797e+09
2.85797e+09
2.85797e+09
2.2827e+07
2.2827e+07
3.07675e+08
3.07675e+08
3.07675e+08
3.07675e+08
1.04531e+09
1.04531e+09
3.97547e+08
3.97547e+08
3.97547e+08
3.97547e+08
3.97547e+08
3.97547e+08
3.97547e+08
2.15473e+08
3.97547e+08
4.22708e+08
4.22708e+08
4.22708e+08
6.06899e+08
6.06899e+08
6.06899e+08
6.06899e+08
6.06899e+08
6.06899e+08
6.06899e+08
6.06899e+08
6.06899e+08
6.06899e+08
6.06899e+08
5.56943e+08
5.25732e+09
5.25732e+09
5.25732e+09
5.25732e+09
669648
669648
669648
2.7897e+06
928.563
928.563
928.563
928.563
928.563
928.563
928.563
928.563
928.563
928.563
928.563
1.36396e+06
6568.68
6568.68
1.36396e+06
1.36396e+06
1.8011e+06
1.8011e+06
1.95282e+07
1.95282e+07
1.95282e+07
858070
5.00333e+06
8.92728e+06
8.92728e+06
8.92728e+06
8.92728e+06
108666
108666
108666
108666
108666
108666
569944
569944
569944
569944
569944
1.30427e+06
1.30427e+06
242267
242267
242267
242267
242267
242267
242267
1.58638e+08
5.89955e+06
5.89955e+06
5.89955e+06
5.89955e+06
5.89955e+06
5.89955e+06
5.89955e+06
5.89955e+06
5.89955e+06
5.89955e+06
3.66561e+06
3.66561e+06
3.66561e+06
3.66561e+06
3.66561e+06
3.66561e+06
3.66561e+06
4.39083e+06
4.39083e+06
4.39083e+06
4.39083e+06
4.39083e+06
4.39083e+06
4.39083e+06
4.39083e+06
4.39083e+06
4.39083e+06
4.39083e+06
4.39083e+06
4.39083e+06
4.39083e+06
4.39083e+06
4.39083e+06
4.39083e+06
4.39083e+06
4.39083e+06
1.01663e+08
1.41272e+08
1.41272e+08
1.41272e+08
1.41272e+08
1.41272e+08
1.41272e+08
9.11937e+07
9.11937e+07
9.11937e+07
9.11937e+07
9.11937e+07
9.11937e+07
8.26593e+08
7.59962e+07
6.24877e+08
6.24877e+08
6.24877e+08
6.24877e+08
6.24877e+08
6.24877e+08
6.24877e+08
6.24877e+08
6.24877e+08
6.24877e+08
6.24877e+08
6.24877e+08
6.24877e+08
6.24877e+08
6.24877e+08
6.24877e+08
6.24877e+08
6.24877e+08
6.24877e+08
6.24877e+08
6.24877e+08
1.59704e+08
1.59704e+08
1.59704e+08
6.24877e+08
6.24877e+08
5.77858e+07
2.52711e+07
451.184
451.184
451.184
451.184
451.184
451.184
451.184
451.184
120373
120373
120373
2.15443e+07
2.15443e+07
4.18269e+06
4.18269e+06
4.18269e+06
4.18269e+06
4.18269e+06
4.18269e+06
4.18269e+06
4.18269e+06
4.18269e+06
4.18269e+06
4.18269e+06
4.18269e+06
2.02697e+08
2.02697e+08
2.02697e+08
2.02697e+08
2.02697e+08
2.02697e+08
758001
758001
758001
758001
758001
758001
758001
758001
758001
758001
2.45686e+06
9.28821e+06
9.28821e+06
1.2487e+09
1.2487e+09
1.41433e+09
1.41433e+09
1.69013e+09
1.69013e+09
1.23867e+09
1.23867e+09
1.23867e+09
1.23867e+09
1.23867e+09
1.23867e+09
1.90939e+07
1.90939e+07
1.90939e+07
1.90939e+07
3.78082e+07
2.13181e+06
2.13181e+06
2.13181e+06
2.13181e+06
2.13181e+06
7.68398e+06
7.68398e+06
3.89974e+06
3.89974e+06
3.89974e+06
3.89974e+06
3.89974e+06
3.89974e+06
3.89974e+06
3.89974e+06
3.89974e+06
3.89974e+06
3.89974e+06
2.04761e+08
2.04761e+08
2.04761e+08
2.04761e+08
2.04761e+08
2.04761e+08
2.04761e+08
2.04761e+08
7.97609e+06
7.97609e+06
7.97609e+06
7.97609e+06
7.97609e+06
7.97609e+06
1.05958e+08
1.05958e+08
1.05958e+08
1.05958e+08
1.05958e+08
1.05958e+08
1.05958e+08
672.165
672.165
672.165
672.165
672.165
672.165
672.165
28098
28098
1.01409e+07
1.01409e+07
1.01409e+07
4.13218e+07
4.13218e+07
4.13218e+07
4.13218e+07
4.13218e+07
3.07518e+09
3.07518e+09
1.71089e+09
6.14417e+08
6.14417e+08
2.38065e+08
2.38065e+08
2.38065e+08
2.38065e+08
2.38065e+08
6.14417e+08
6.14417e+08
6.14417e+08
6.14417e+08
6.14417e+08
7.88691e+07
7.88691e+07
7.88691e+07
7.88691e+07
5992.44
5992.44
5992.44
4.94968e+09
4.94968e+09
7.63333e+09
2.10209e+09
1.64284e+10
1.55574e+10
9.08757e+09
9.08757e+09
9.08757e+09
9.08757e+09
9.08757e+09
9.08757e+09
3.85169e+09
3.63366e+07
3.63366e+07
3.63366e+07
3.63366e+07
3.63366e+07
3.63366e+07
3.63366e+07
3.63366e+07
3.63366e+07
3.63366e+07
3.63366e+07
3.63366e+07
6.73695e+08
6.73695e+08
6.73695e+08
6.73695e+08
6.73695e+08
6.73695e+08
6.73695e+08
6.73695e+08
6.73695e+08
6.73695e+08
2.20346e+09
2.20346e+09
2.20346e+09
2.20346e+09
1.59894e+09
1.59894e+09
1.59894e+09
1.59894e+09
1.59894e+09
390796
2.20346e+09
2.20346e+09
2.20346e+09
2.20346e+09
2.20346e+09
2.20346e+09
2.20346e+09
2.20346e+09
2.20346e+09
2.20346e+09
2.20346e+09
2.20346e+09
2.20346e+09
2.20346e+09
2.20346e+09
2.20346e+09
2.20346e+09
2.34678e+06
2.34678e+06
2.34678e+06
2.34678e+06
9.26441e+06
9.26441e+06
9.26441e+06
9.26441e+06
9.26441e+06
9.26441e+06
9.26441e+06
9.26441e+06
9.26441e+06
9.26441e+06
9.26441e+06
9.26441e+06
9.26441e+06
5.7355e+09
5.7355e+09
5.7355e+09
5.7355e+09
5.7355e+09
5.7355e+09
6.19244e+09
6.19244e+09
6.19244e+09
6.19244e+09
6.19244e+09
1.10755e+10
1.18529e+10
1.18529e+10
1.18529e+10
1.18529e+10
1.18529e+10
1.18529e+10
1.18529e+10
4.13926e+09
4.13926e+09
4.13926e+09
4.13926e+09
4.13926e+09
4.13926e+09
477.407
477.407
1.90469e+06
1.90469e+06
2.40814e+07
2.40814e+07
2.40814e+07
2.40814e+07
2.40814e+07
2.40814e+07
2.40814e+07
2.40814e+07
2.40814e+07
2.40814e+07
2.40814e+07
2.40814e+07
4.14465e+06
4.14465e+06
4.14465e+06
4.14465e+06
4.14465e+06
4.14465e+06
4.14465e+06
4.14465e+06
7.732e+08
7.732e+08
1.74403e+09
1.74403e+09
1.74403e+09
1.74403e+09
3.85561e+09
3.85561e+09
3.85561e+09
6.69969e+08
6.69969e+08
6.69969e+08
6.69969e+08
42041.9
42041.9
42041.9
42041.9
42041.9
222116
222116
222116
222116
222116
1.9636e+08
1.1654e+08
1.1654e+08
1.87773e+07
1.87773e+07
1.87773e+07
1.87773e+07
2.69499e+07
52756.3
52756.3
52756.3
52756.3
52756.3
52756.3
52756.3
52756.3
52756.3
52756.3
52756.3
1.65258e+07
1.65258e+07
1.65258e+07
1.65258e+07
1.65258e+07
1.88785e+06
1.88785e+06
1.88785e+06
1.88785e+06
1.88785e+06
1.88785e+06
1.88785e+06
1.88785e+06
1.88785e+06
1.88785e+06
1.88785e+06
1.88785e+06
1.88785e+06
1.88785e+06
1.88785e+06
1.88785e+06
2.27183e+07
2.27183e+07
2.27183e+07
2.27183e+07
2.27183e+07
2.27183e+07
2.27183e+07
2.27183e+07
2.27183e+07
2.27183e+07
2.27183e+07
2.27183e+07
2.27183e+07
3.64978e+08
3.64978e+08
3.64978e+08
3.64978e+08
3.64978e+08
7.67719e+09
4.90981e+09
1.51158e+09
1.51158e+09
1.51158e+09
1.51158e+09
1.51158e+09
1.51158e+09
1.51158e+09
1.55994e+09
1.55994e+09
7.58131e+08
7.58131e+08
7.58131e+08
7.58131e+08
7.58131e+08
2.41119e+08
2.41119e+08
479692
479692
479692
13966.8
13966.8
13966.8
13966.8
13966.8
13966.8
9.16959e+08
9.16959e+08
9.16959e+08
9.16959e+08
9.16959e+08
9.16959e+08
9.16959e+08
9.16959e+08
9.16959e+08
9.16959e+08
9.16959e+08
9.16959e+08
3.80357e+07
3.80357e+07
3.80357e+07
1.57932e+09
1.47927e+09
1.47927e+09
3.63862e+07
3.63862e+07
3.63862e+07
2.17788e+08
2.17788e+08
2.17788e+08
2.17788e+08
2.17788e+08
2.17788e+08
2.17788e+08
2.17788e+08
3.48426e+07
3.48426e+07
3.48426e+07
3.48426e+07
3.48426e+07
3.48426e+07
306111
2.56628e+07
2.56628e+07
2.56628e+07
2.56628e+07
2.56628e+07
2.56628e+07
2.56628e+07
2.56628e+07
2.56628e+07
2.56628e+07
2.88875e+08
8.67865e+06
9.10841e+06
9.10841e+06
9.10841e+06
9.10841e+06
9.10841e+06
9.10841e+06
4.91691e+06
4.91691e+06
4.91691e+06
4.91691e+06
4.91691e+06
4.91691e+06
1061.16
1061.16
3.54539e+08
3.54539e+08
3.54539e+08
78547
78547
78547
78547
78547
78547
78547
78547
78547
78547
78547
78547
78547
78547
78547
78547
78547
78547
78547
78547
78547
78547
78547
78547
78547
78547
78547
78547
78547
78547
78547
78547
78547
78547
78547
78547
78547
78547
78547
78547
78547
78547
979.827
979.827
979.827
979.827
979.827
979.827
979.827
979.827
979.827
979.827
979.827
1607.64
1607.64
1607.64
1607.64
1607.64
1607.64
1607.64
1607.64
3.5636e+08
4.68074e+08
4.68074e+08
4.68074e+08
4.68074e+08
4.68074e+08
4.68074e+08
4.68074e+08
2.91627e+09
1.25347e+08
1.25347e+08
1.25347e+08
1.25347e+08
1.21724e+06
1.21724e+06
1.21724e+06
1.21724e+06
5.36622e+08
7.93878e+07
7.93878e+07
7.93878e+07
7.93878e+07
7.93878e+07
7.93878e+07
1891.93
1891.93
1891.93
1891.93
1891.93
1891.93
1.61982e+06
1.61982e+06
1.61982e+06
1.61982e+06
1.61982e+06
1.62615e+06
1.19747e+07
1.19747e+07
1.19747e+07
1.19747e+07
9.29138e+07
9.29138e+07
1.3345e+08
1.3345e+08
1.3345e+08
1.3345e+08
1.3345e+08
1.3345e+08
1.3345e+08
1.3345e+08
1.3345e+08
1.3345e+08
1.3345e+08
1.3345e+08
102600
10917.6
1.3345e+08
1.3345e+08
1.3345e+08
1.3345e+08
1.3345e+08
1.3345e+08
1.3345e+08
1.3345e+08
1.03917e+08
1.03917e+08
1.35932e+08
1.35932e+08
1.35932e+08
1.35932e+08
1.35932e+08
1.35932e+08
1.35932e+08
444231
1.03038e+07
2.58436e+07
2.58436e+07
2.58436e+07
2.58436e+07
2.04548e+07
2.04548e+07
2.04548e+07
2.04548e+07
2.04548e+07
5.53287e+06
5.53287e+06
5.53287e+06
3.25217e+06
3.25217e+06
46198.4
46198.4
46198.4
46198.4
9.62581e+07
9.62581e+07
9.62581e+07
5.26395e+06
5.26395e+06
5.26395e+06
542.782
542.782
542.782
3.03144e+08
1.87482e+09
1.87482e+09
8.97684e+09
5.81642e+07
5.81642e+07
5.81642e+07
5.34603e+07
1.16486e+09
1.16486e+09
1.16486e+09
1.16486e+09
1.14204e+09
1.14204e+09
1.14204e+09
6.7198e+07
6.82437e+07
1.30153e+09
1.30153e+09
2.25326e+09
2.25326e+09
2.25326e+09
1.34246e+09
1.34246e+09
1.34246e+09
1.34246e+09
6.39281e+09
6.39281e+09
7.73561e+09
7.73561e+09
7.73561e+09
7.73561e+09
1.34796e+09
1.34796e+09
1.06341e+07
1.06341e+07
1.06341e+07
3.04001e+09
7.5369e+09
7.5369e+09
7.5369e+09
7.5369e+09
7.5369e+09
7.5369e+09
7.5369e+09
7.5369e+09
7.5369e+09
7.5369e+09
7.5369e+09
2.95656e+09
1.28522e+09
1.28522e+09
1.28522e+09
3.12902e+09
3.12902e+09
3.12902e+09
3.12902e+09
3.12902e+09
4.64996e+09
4.64996e+09
4.64996e+09
4.64996e+09
4.64996e+09
5.18297e+08
5.18297e+08
5.18297e+08
5.18297e+08
5.18297e+08
5.18297e+08
5.18297e+08
5.18297e+08
5.18297e+08
5.18297e+08
5.18297e+08
2.08059e+08
2.08059e+08
2.08059e+08
2.08059e+08
2.08059e+08
2.08059e+08
2.08059e+08
2.08059e+08
2.08059e+08
2.08059e+08
2.08059e+08
2.08059e+08
2.08059e+08
473097
473097
473097
473097
473097
19189.5
19189.5
19189.5
19189.5
19189.5
19189.5
19189.5
19189.5
10257.9
10257.9
10257.9
10257.9
4413.03
4413.03
4413.03
4413.03
4413.03
4413.03
4413.03
4413.03
4413.03
4413.03
4413.03
1.89829e+09
3.67552e+09
3.67552e+09
3.70524e+09
3.70524e+09
3.70524e+09
1.61993e+09
4.77626e+09
4.77626e+09
4.77626e+09
4.77626e+09
4.77626e+09
4.77626e+09
4.77626e+09
4.77626e+09
3.9012e+09
4.18101e+09
4.18101e+09
4.18101e+09
4.18101e+09
4.18101e+09
4.18101e+09
7.80319e+09
7.80319e+09
7.80319e+09
2.88456e+10
2.88456e+10
2.88456e+10
2.88456e+10
8.39243e+08
8.39243e+08
8.39243e+08
8.39243e+08
8.39243e+08
8.39243e+08
7.35733e+08
7.35733e+08
7.35733e+08
7.35733e+08
7.35733e+08
7.35733e+08
7.35733e+08
7.35733e+08
7.35733e+08
7.35733e+08
9.47693e+08
9.47693e+08
3.55425e+09
3.55425e+09
3.55425e+09
3.56611e+09
3.56611e+09
3.56611e+09
3.56611e+09
2.9403e+09
3.56611e+09
3.56611e+09
3.56611e+09
3.56611e+09
3.56611e+09
3.56611e+09
3.56611e+09
3.56611e+09
3.56611e+09
3.56611e+09
3.56611e+09
4.38837e+08
4.38837e+08
4.65777e+07
4.65777e+07
4.65777e+07
4.65777e+07
4.65777e+07
7.57827e+07
7.57827e+07
7.57827e+07
7.57827e+07
7.57827e+07
7.57827e+07
7.57827e+07
7.57827e+07
7.57827e+07
7.57827e+07
7.57827e+07
5.7406e+09
5.7406e+09
42519.4
42519.4
42519.4
2.36547e+09
2.36547e+09
2.36547e+09
2.36547e+09
2.36547e+09
2.36547e+09
6.02714e+09
6.02714e+09
6.02714e+09
6.02714e+09
6.02714e+09
6.02714e+09
6.02714e+09
6.02714e+09
6.02714e+09
6.02714e+09
9.95697e+09
9.95697e+09
9.95697e+09
7.58969e+09
7.58969e+09
7.58969e+09
7.58969e+09
7.58969e+09
7.58969e+09
9.82819e+06
9.82819e+06
9.82819e+06
3.88294e+09
3.88294e+09
3.88294e+09
7.03771e+09
7.09542e+09
7.09542e+09
7.09542e+09
7.09542e+09
1.07765e+10
1.07765e+10
1.07765e+10
1.07765e+10
1.07765e+10
1.07765e+10
1.07765e+10
1.07765e+10
1.07765e+10
1.07765e+10
1.07765e+10
9.91574e+09
9.91574e+09
9.91574e+09
9.91574e+09
9.91574e+09
9.91574e+09
9.91574e+09
9.91574e+09
9.91574e+09
9.91574e+09
9.91574e+09
2.08406e+09
2.08406e+09
2.08406e+09
2.08406e+09
2.08406e+09
2.08406e+09
2.08406e+09
6.81303e+09
6.81303e+09
3.9531e+09
3.9531e+09
3.9531e+09
3.9531e+09
3.63265e+08
3.63265e+08
3.63265e+08
3.63265e+08
3.63265e+08
3.63265e+08
3.63265e+08
3.63265e+08
3.63265e+08
3.30077e+08
3.30077e+08
3.30077e+08
1.96484e+10
2.04714e+10
5.91699e+10
5.91699e+10
4.77817e+10
4.77817e+10
2.56687e+10
2.56687e+10
2.56687e+10
2.56687e+10
2.56687e+10
2.56687e+10
2.56687e+10
2.46378e+10
2.25291e+09
2.25291e+09
2.25291e+09
2.25291e+09
2.25291e+09
5.7965e+10
5.7965e+10
5.7965e+10
5.7965e+10
5.7965e+10
5.53039e+10
5.53039e+10
5.53039e+10
5.03355e+10
5.03355e+10
3.71714e+10
3.71714e+10
3.71714e+10
3.71714e+10
7.5314e+10
5.01944e+10
7.5314e+10
7.89113e+10
7.89113e+10
2.12031e+10
4.52403e+10
4.52403e+10
4.52403e+10
4.60625e+10
4.60625e+10
4.60625e+10
4.00199e+10
4.00199e+10
4.00199e+10
1.2386e+10
1.2386e+10
1.2386e+10
1.2386e+10
8.23498e+09
8.23498e+09
8.23498e+09
8.23498e+09
8.23498e+09
8.23498e+09
1.39584e+09
1.39584e+09
1.39584e+09
1.39584e+09
1.39584e+09
1.39584e+09
1.39584e+09
1.39584e+09
1.39584e+09
1.56831e+10
1.56831e+10
1.56831e+10
1.56831e+10
1.56831e+10
1.56831e+10
1.56831e+10
1.56831e+10
9.58082e+09
9.58082e+09
9.58082e+09
9.58082e+09
9.58082e+09
9.58082e+09
9.58082e+09
1.56831e+10
3.73977e+10
3.73977e+10
3.73977e+10
3.73977e+10
3.20869e+10
1.07374e+09
1.07374e+09
1.07374e+09
1.07374e+09
1.07374e+09
1.07374e+09
3.94551e+10
4.00168e+10
4.00168e+10
4.00168e+10
4.00168e+10
4.00168e+10
4.00168e+10
9.48259e+09
9.48259e+09
9.48259e+09
9.48259e+09
9.48259e+09
9.48259e+09
9.48259e+09
9.48259e+09
4.36545e+09
7.59317e+09
9.48259e+09
9.48259e+09
9.48259e+09
3.81605e+08
3.81605e+08
3.81605e+08
3.81605e+08
3.81605e+08
3.81605e+08
3.81605e+08
3.81605e+08
3.81605e+08
3.81605e+08
1.97002e+09
1.97002e+09
1.97002e+09
1.97002e+09
1.97002e+09
1.35711e+09
1.35711e+09
1.35711e+09
1.35711e+09
1.35711e+09
1.35711e+09
1.35711e+09
1.35711e+09
1.35711e+09
1.35711e+09
1.35711e+09
1.35711e+09
1.35711e+09
5.51095e+08
5.51095e+08
5.51095e+08
5.51095e+08
5.51095e+08
5.51095e+08
5.51095e+08
5.51095e+08
5.51095e+08
5.51095e+08
5.51095e+08
5.51095e+08
5.51095e+08
5.51095e+08
5.51095e+08
5.51095e+08
5.51095e+08
5.51095e+08
5.51095e+08
5.51095e+08
4.51438e+09
4.51438e+09
4.51438e+09
4.51438e+09
1.5166e+08
1.5166e+08
1.5166e+08
1.5166e+08
1.5166e+08
2.17371e+09
2.17371e+09
2.17371e+09
2.17371e+09
2.17371e+09
2.17371e+09
2.17371e+09
2.17371e+09
2.17371e+09
2.17371e+09
7.91112e+09
7.91112e+09
7.91112e+09
7.91112e+09
7.91112e+09
8.15166e+09
1.67183e+10
1.67183e+10
3.73116e+10
3.73116e+10
3.73116e+10
3.73116e+10
3.73116e+10
3.73116e+10
3.73116e+10
3.73116e+10
3.73116e+10
3.73116e+10
3.73116e+10
3.73116e+10
3.73116e+10
3.73116e+10
2.39349e+10
2.39349e+10
2.39349e+10
2.39349e+10
2.39349e+10
2.39349e+10
2.39349e+10
3.66177e+10
3.66177e+10
3.66177e+10
3.66177e+10
3.66177e+10
3.66177e+10
3.66177e+10
1.28788e+10
1.28788e+10
1.28788e+10
1.28788e+10
3.66177e+10
1.76006e+10
1.79076e+10
1.79076e+10
1.79076e+10
1.79076e+10
1.79076e+10
1.79076e+10
1.79076e+10
1.79076e+10
1.79076e+10
1.79076e+10
1.79076e+10
1.79076e+10
1.79076e+10
1.79076e+10
1.79076e+10
1.79076e+10
1.79076e+10
1.79076e+10
1.79076e+10
1.79076e+10
1.79076e+10
1.79076e+10
1.79076e+10
2.46101e+10
4.75245e+10
4.75245e+10
4.76673e+10
1.7661e+10
1.7661e+10
1.7661e+10
1.7661e+10
1.7661e+10


-2.59621
4.04019
-1.35243
7.3925
-1.3094
8.9169
6.70217
1.88955
2.87194
4.46547
4.61608
0.518509
-4.98901
3.6607
-4.39573
0.895718
-1.5804
4.07682
2.73919
-4.33256
-0.0701926
-2.25883
3.42952
3.42952
-0.314646
-1.97546
-3.87341
-3.87341
-0.603961
-1.13681

0.024

