439480
332694
332694
332694
332694
328163
328163
328163
328163
328163
328163
328163
328163
327315
327315
308607
308607
308607
304616
227041
227041
227041
227041
227041
227041
227041
227041
227041
196140
196140
195006
195006
195006
195006
195006
195006
195006
195006
192240
138871
138871
138871
138871
128913
115010
115010
115010
115010
115010
55549.8
55549.8
55549.8
55549.8
46689.4
46689.4
46689.4
44845.7
44845.7
44845.7
44845.7
44845.7
44845.7
44845.7
44845.7
44845.7
44845.7
44845.7
44845.7
44845.7
44845.7
44845.7
55549.8
55549.8
55549.8
44667.9
44667.9
44667.9
37822.3
37822.3
37822.3
37822.3
44667.9
44667.9
44667.9
44667.9
44667.9
44667.9
54722
38636.8
38636.8
38636.8
38636.8
38636.8
38636.8
37809.7
32097.1
32097.1
32097.1
32097.1
32097.1
31971.8
31971.8
31971.8
31971.8
25913.1
25913.1
25771
25771
20478.4
20478.4
20478.4
20478.4
20478.4
20478.4
20478.4
20478.4
20478.4
20478.4
20478.4
20478.4
20478.4
20478.4
20478.4
20880.3
20880.3
20880.3
20880.3
20880.3
20880.3
20880.3
20880.3
20880.3
20880.3
20880.3
18535.4
18429.1
18429.1
18429.1
18429.1
18326.7
18326.7
18326.7
18326.7
18326.7
18326.7
18326.7
18326.7
18326.7
18326.7
18326.7
18326.7
18326.7
18326.7
18326.7
18326.7
18326.7
18326.7
18326.7
17632.8
17632.8
17632.8
17632.8
17632.8
17632.8
17632.8
17632.8
16437.8
16437.8
16437.8
16437.8
16437.8
16437.8
16437.8
16437.8
16437.8
16437.8
16437.8
16437.8
16437.8
16437.8
16437.8
16437.8
16437.8
16437.8
16437.8
16437.8
16437.8
16437.8
16437.8
15070.4
15070.4
15070.4
15070.4
15070.4
15070.4
15070.4
15070.4
15070.4
15070.4
15070.4
15070.4
15070.4
15070.4
15115.9
15115.9
15196.7
14787.6
14787.6
14787.6
14787.6
14787.6
14787.6
14787.6
14787.6
14787.6
14787.6
14787.6
14787.6
14787.6
14787.6
14787.6
14787.6
14787.6
15115.9
15115.9
15115.9
15115.9
14771.2
14771.2
14771.2
14771.2
14771.2
14657.7
14657.7
14627.3
14627.3
14627.3
14627.3
14627.3
14627.3
14627.3
14627.3
14171.5
14171.5
14171.5
14171.5
14171.5
14171.5
14171.5
14171.5
14171.5
14171.5
14059.4
14059.4
14059.4
14059.4
13744
13744
13685.5
13685.5
13685.5
13685.5
13685.5
13685.5
13577
13478.1
13478.1
13478.1
13478.1
13478.1
13478.1
13478.1
13478.1
13478.1
13410.9
13008.3
12232.3
12232.3
12232.3
12232.3
12232.3
12232.3
12232.3
12232.3
12232.3
12232.3
12232.3
12232.3
12232.3
12232.3
12232.3
12232.3
12232.3
12056.2
12056.2
12056.2
12056.2
12056.2
12056.2
12056.2
12056.2
12056.2
12056.2
12056.2
12056.2
12056.2
12056.2
11829.6
11829.6
11829.6
11829.6
11829.6
11829.6
11829.6
11829.6
11829.6
11829.6
11829.6
11829.6
12013.7
12013.7
12013.7
12013.7
12013.7
12013.7
12013.7
11365.1
11365.1
11365.1
11365.1
11365.1
11365.1
11365.1
11365.1
11365.1
11568
11568
11568
11242.1
11242.1
11242.1
11242.1
11242.1
11242.1
11242.1
10937.8
10937.8
10937.8
10937.8
10937.8
10937.8
10937.8
10937.8
10937.8
10937.8
10937.8
10937.8
10937.8
10937.8
10937.8
10937.8
10937.8
10937.8
10937.8
10937.8
10937.8
10937.8
10937.8
10937.8
10963
10963
10963
10963
10752.1
10752.1
10752.1
10752.1
10752.1
10752.1
10752.1
10752.1
10752.1
10752.1
10752.1
10752.1
10752.1
10630
10630
10630
10630
10630
10630
10630
10630
10630
10630
10630
10521.3
10485.1
10485.1
10485.1
10485.1
10452.2
10452.2
10452.2
10452.2
10452.2
10452.2
10452.2
10452.2
10452.2
10452.2
10452.2
10452.2
10452.2
10452.2
10452.2
10452.2
10452.2
10485.6
10450.2
10309.1
10309.1
10309.1
10309.1
10309.1
10309.1
10309.1
10238.1
10238.1
10181.5
10181.5
10181.5
10181.5
10093.3
10093.3
10093.3
10093.3
10093.3
10093.3
10093.3
10093.3
10093.3
10093.3
10093.3
10093.3
10093.3
10093.3
10093.3
10093.3
10181.1
10181.1
10181.1
10181.1
10016.5
10016.5
10016.5
10016.5
10016.5
10016.5
10016.5
10016.5
10016.5
10016.5
10016.5
10016.5
10038.9
10038.9
10038.9
9845.87
9845.87
9845.87
9845.87
9845.87
9845.87
9845.87
9845.87
9845.87
9845.87
9845.87
9845.87
9845.87
9845.87
9845.87
9845.87
9845.87
9845.87
9712.87
9712.87
9712.87
9712.87
9712.87
9712.87
9712.87
9712.87
9712.87
9712.87
9712.87
9670.32
9670.32
9670.32
9712.87
9712.87
9712.87
9712.87
9593.63
9528.24
9528.24
9528.24
9528.24
9528.24
9528.24
9528.24
9528.24
9528.24
9528.24
9528.24
9528.24
9529.37
9529.37
9529.37
9529.37
9515.16
9515.16
9515.16
9515.16
9515.16
9515.16
9515.16
9515.16
9515.16
9515.16
9515.16
9515.16
9507.39
9507.39
9507.39
9507.39
9507.39
9507.39
9507.39
9507.39
9507.39
9507.39
9507.39
9515.16
9480.55
9480.55
9480.55
9480.55
9480.55
9480.55
9480.55
9480.55
9480.55
9480.55
9480.55
9480.55
9480.55
9480.55
9480.55
9480.55
9480.55
9480.55
9480.55
9441.66
9401
9340.63
9340.63
9340.63
9340.63
9340.63
9340.63
9340.63
9340.63
9340.63
9340.63
9340.63
9340.63
9340.63
9340.63
9340.63
9340.63
9340.63
9340.63
9340.63
9340.63
9340.63
9340.63
9297.22
9297.22
9297.22
9297.22
9297.22
9297.22
9297.22
9297.22
9297.22
9264.09
9264.09
9264.09
9264.09
9264.09
9264.09
9264.09
9255.97
9249.36
9205.79
9205.79
9205.79
9205.79
9205.79
9205.79
9205.79
9205.79
9130.03
9130.03
9130.03
9102.8
9102.8
9102.8
9102.8
9102.8
9102.8
9102.8
9102.8
9102.8
9102.8
9102.8
9102.8
9102.8
9102.8
9102.8
9102.8
9102.8
8991.73
8991.73
8991.73
8991.73
8991.73
8991.73
8991.73
8991.73
8991.73
8991.73
8991.73
8991.73
8760.9
8760.9
8760.9
8760.9
8760.9
8760.9
8760.9
8760.9
8760.9
8760.9
8760.9
8760.9
8760.9
8760.9
8760.9
8760.9
8760.9
8760.9
8760.9
8760.9
8760.9
8760.9
8760.9
8760.9
8743.58
8743.58
8743.58
8743.58
8743.58
8743.58
8743.58
8743.58
8743.58
8743.58
8743.58
8743.58
8743.58
8722.38
8704.47
8704.47
8704.47
8704.47
8704.47
8704.47
8649.44
8649.44
8649.44
8649.44
8649.44
8649.44
8647.04
8647.04
8647.04
8647.04
8647.04
8647.04
8647.04
8631.49
8631.49
8631.49
8631.49
8631.49
8627.67
8627.67
8616.92
8616.92
8616.92
8601.13
8601.13
8601.13
8601.13
8601.13
8601.13
8601.13
8601.13
8601.13
8601.13
8601.13
8601.13
8601.13
8601.13
8601.13
8601.13
8601.13
8601.13
8601.13
8583.7
8583.7
8583.7
8576.37
8576.37
8576.37
8424.94
8424.94
8424.94
8424.94
8424.94
8416.89
8416.89
8416.89
8416.89
8416.89
8416.89
8416.89
8424.94
8364.91
8364.91
8364.91
8242.04
8242.04
8242.04
8237.48
8202.44
8202.44
8202.44
8202.44
8202.44
8202.44
8202.44
8202.44
8202.44
8202.44
8202.44
8099.3
8099.3
8099.3
8100.85
7937.04
7937.04
7937.04
7937.04
7937.04
7937.04
7937.04
7937.04
7937.04
7937.04
7937.04
7937.04
7767.89
7767.89
7767.89
7767.89
7767.89
7767.89
7760.77
7760.77
7760.77
7760.77
7760.77
7760.77
7760.77
7571.71
7571.71
7571.71
7571.71
7571.71
7571.71
7571.71
7571.71
7571.71
7696.37
7696.37
7656.14
7656.14
7656.14
7696.37
7696.37
7696.37
7696.37
7696.37
7696.37
7696.37
7696.37
7696.37
7696.37
7743.38
7743.38
7743.38
7743.38
7703.7
7703.7
7703.7
7703.7
7703.7
7703.7
7698.73
7657.17
7657.17
7657.17
7493.24
7493.24
7493.24
7493.24
7493.24
7493.24
7493.24
7493.24
7493.24
7493.24
7493.24
7444.43
7444.43
7444.43
7444.43
7444.43
7444.43
7444.43
7444.43
7444.43
7444.43
7444.43
7444.43
7444.43
7444.43
7493.24
7493.24
7493.24
7493.24
7439.76
7439.76
7439.76
7439.76
7439.76
7439.76
7439.76
7439.76
7439.76
7439.76
7439.76
7439.76
7439.76
7439.76
7439.76
7439.76
7439.76
7439.76
7439.76
7439.76
7439.76
7439.76
7439.76
7439.76
7474.79
7474.79
7474.79
7474.79
7474.79
7481.69
7481.69
7481.69
7481.69
7500.59
7500.59
7500.59
7500.59
7440.54
7440.54
7440.54
7440.54
7440.54
7440.54
7440.54
7438.5
7438.5
7438.5
7438.5
7432.6
7432.6
7432.6
7432.6
7432.6
7432.6
7431.78
7431.78
7431.78
7419.49
7400.28
7400.28
7383.41
7383.41
7383.41
7383.41
7383.41
7383.41
7383.41
7383.41
7383.41
7383.41
7383.41
7383.41
7383.41
7383.41
7304.14
7304.14
7304.14
7304.14
7304.14
7304.14
7304.14
7227.21
7227.21
7227.21
7227.21
7227.21
7227.21
7227.21
7227.21
7227.21
7193.76
7193.76
7193.76
7193.76
7193.76
7193.76
7193.76
7193.76
7193.76
7193.76
7193.76
7193.76
7193.76
7193.76
7193.76
7193.76
7187.68
7187.68
7187.68
7187.68
7187.68
7187.68
7187.68
7187.68
7187.68
7187.68
7187.68
7187.68
7187.68
7187.68
7187.68
7187.68
7187.68
7187.68
7187.68
7187.68
7187.68
7187.68
7114
7114
7114
7114
7114
7114
7114
7114
7114
7114
7114
7114
7114
7114
7114
7114
7114
7059.86
7059.86
7059.86
7029.03
7029.03
7029.03
7007.67
7007.67
7007.67
7007.67
7007.67
7007.67
7007.67
6998.86
6998.86
6998.86
6998.86
6998.86
6998.86
6998.86
6998.86
6998.86
6998.86
6998.86
6998.86
6998.86
6998.86
6998.86
6998.86
6998.86
6996.56
6996.56
6996.56
6996.56
6996.56
6996.56
6996.56
6996.56
6996.56
6990.86
6990.86
6990.86
6989.59
6989.59
6989.59
6989.59
6989.59
6989.59
6989.59
6989.59
6989.59
6989.59
6989.59
6989.59
6989.59
6989.59
6989.59
6989.59
6989.59
6975.44
6975.44
6975.44
6975.44
6975.44
6975.44
6878.41
6878.41
6878.41
6878.41
6878.41
6878.41
6835.63
6835.63
6835.63
6835.63
6835.63
6835.63
6870.23
6870.23
6870.23
6870.23
6870.23
6870.23
6801.21
6801.21
6801.21
6801.21
6854.39
6854.39
6854.39
6854.39
6854.39
6854.39
6854.39
6801.21
6801.21
6801.21
6801.21
6801.21
6801.21
6801.21
6801.21
6854.39
6854.39
6854.39
6854.39
6854.39
6854.39
6854.39
6854.39
6854.39
6854.39
6854.39
6854.39
6854.39
6854.39
6854.39
6856.46
6856.46
6856.46
6856.46
6856.46
6867.18
6850.81
6850.81
6850.81
6850.81
6850.81
6836.33
6836.33
6775.1
6775.1
6775.1
6775.1
6775.1
6775.1
6767.53
6767.53
6767.53
6728.15
6650.6
6650.6
6650.6
6650.6
6623.09
6623.09
6623.09
6623.09
6650.6
6650.6
6650.6
6650.6
6650.6
6650.6
6650.6
6650.6
6650.6
6650.6
6650.6
6650.6
6650.6
6650.6
6650.6
6650.6
6650.6
6650.6
6650.6
6650.6
6650.6
6650.6
6650.6
6623.09
6623.09
6623.09
6623.09
6623.09
6580.34
6580.34
6580.34
6556.2
6556.2
6556.2
6556.2
6556.2
6556.2
6556.2
6556.2
6556.2
6556.2
6556.2
6556.2
6556.2
6556.2
6556.2
6556.2
6556.2
6556.2
6556.2
6580.34
6580.34
6580.34
6580.34
6580.34
6580.34
6580.34
6578.62
6578.62
6578.62
6578.62
6578.62
6578.62
6578.62
6578.62
6578.62
6578.62
6578.62
6578.62
6578.62
6578.62
6578.62
6578.62
6578.62
6561.21
6561.21
6561.21
6561.21
6561.21
6561.21
6561.21
6561.21
6561.21
6554.91
6554.91
6554.91
6554.91
6554.91
6554.91
6546.19
6546.19
6546.19
6546.19
6546.19
6546.19
6546.19
6546
6546
6546
6546
6546
6546
6546
6546
6545.49
6545.49
6545.49
6503.04
6503.04
6503.04
6503.04
6503.04
6503.04
6503.04
6503.04
6503.04
6503.04
6503.04
6503.04
6503.04
6503.04
6503.04
6503.04
6503.04
6503.04
6503.04
6502.73
6502.73
6502.73
6465.15
6465.15
6465.15
6465.15
6465.15
6465.15
6465.15
6465.15
6465.15
6439.18
6439.18
6429.29
6429.29
6429.29
6429.29
6429.29
6429.29
6429.29
6429.29
6429.29
6429.29
6429.29
6429.29
6429.29
6429.29
6429.29
6429.29
6429.29
6429.29
6429.29
6429.29
6429.29
6429.29
6429.29
6429.29
6429.29
6429.29
6429.29
6429.29
6423.91
6423.91
6423.91
6423.91
6423.91
6423.91
6423.91
6423.91
6423.91
6423.91
6353.94
6353.94
6353.94
6353.94
6353.94
6353.94
6353.94
6353.94
6353.94
6353.94
6346.33
6346.33
6346.33
6346.33
6346.33
6346.33
6346.33
6346.33
6346.33
6346.33
6346.33
6346.33
6346.33
6346.33
6346.33
6346.33
6330.5
6330.5
6330.5
6313.78
6313.78
6313.78
6313.78
6313.78
6313.78
6313.78
6313.78
6313.78
6313.78
6313.78
6313.78
6313.78
6313.78
6313.78
6313.78
6313.78
6313.78
6313.78
6313.78
6277.9
6277.9
6277.9
6277.9
6277.9
6277.9
6277.9
6277.9
6277.9
6277.9
6277.9
6277.9
6277.9
6277.9
6277.9
6277.9
6277.9
6277.9
6276.34
6276.34
6276.34
6276.34
6276.34
6276.34
6276.34
6276.34
6276.34
6276.34
6276.34
6268.36
6268.36
6268.36
6268.36
6268.36
6268.36
6268.36
6268.36
6268.36
6274.9
6274.9
6274.9
6274.9
6274.9
6228.11
6228.11
6228.11
6228.11
6228.11
6228.11
6228.11
6228.11
6228.11
6228.11
6228.11
6228.11
6228.11
6228.11
6228.11
6228.11
6228.11
6228.11
6228.11
6228.11
6228.11
6228.11
6228.11
6228.11
6228.11
6228.11
6228.11
6228.11
6228.11
6228.11
6228.11
6228.11
6228.11
6226.91
6226.91
6217.89
6217.89
6217.89
6217.89
6217.89
6217.89
6217.89
6217.89
6217.89
6217.89
6217.89
6194.79
6194.71
6194.71
6194.71
6194.71
6194.71
6194.71
6191.18
6191.18
6191.18
6191.18
6191.18
6191.18
6191.18
6191.18
6191.18
6179.48
6179.48
6179.48
6179.48
6179.48
6179.48
6175.72
6175.72
6175.72
6175.72
6167.21
6167.21
6167.21
6167.21
6167.21
6167.21
6052.22
6052.22
6052.22
6052.22
6052.22
6052.22
6052.22
6052.22
6052.22
6052.22
6052.22
6052.22
6052.22
6052.22
6052.22
6052.22
6052.22
6052.22
6052.22
6052.22
6052.22
6050.65
6050.65
6050.65
6050.65
6050.65
6050.65
6050.65
6050.65
6050.65
6050.65
6050.65
6050.65
6050.65
6050.65
6050.65
6050.65
6050.65
6050.65
6045.56
6045.56
6045.56
6045.56
6045.56
6045.56
6024.07
6024.07
6024.07
6024.07
6024.07
6024.07
6024.07
6024.07
6024.07
6024.07
6024.07
6024.07
6024.07
6024.07
6024.07
6024.07
6024.07
6024.07
6024.07
6024.07
6007.49
6007.49
6007.49
6001.24
6001.24
6001.24
6001.24
6001.24
6000.63
6000.63
6000.63
6000.63
6000.63
6000.63
6000.63
6000.63
6000.63
6007.49
6007.49
6007.49
6007.49
6007.49
6007.49
6007.49
6007.49
5975.73
5975.73
5975.73
5975.73
5975.73
5949.76
5949.76
5949.76
5949.76
5949.76
5949.76
5949.76
5949.76
5949.76
5949.76
5949.76
5949.76
5949.76
5949.76
5949.76
5949.76
5949.76
5949.76
5949.76
5949.76
5949.76
5949.76
5949.76
5949.76
5949.76
5949.76
5949.76
5949.76
5949.76
5949.76
5949.76
5949.76
5949.76
5949.76
5949.76
5946.37
5946.37
5946.37
5946.37
5946.37
5946.37
5946.37
5946.37
5946.37
5924.66
5924.66
5924.66
5924.66
5924.66
5924.66
5924.66
5924.66
5924.66
5924.66
5924.66
5922.89
5922.89
5922.89
5922.89
5922.89
5922.89
5922.89
5922.89
5922.89
5922.89
5922.89
5922.89
5922.89
5922.89
5922.89
5922.89
5917.44
5917.44
5917.44
5917.44
5917.44
5917.44
5915.96
5915.96
5889.25
5889.25
5889.25
5889.25
5889.25
5889.25
5889.25
5883.59
5883.59
5883.59
5883.59
5883.59
5883.59
5883.59
5883.59
5883.59
5883.59
5883.59
5883.59
5883.59
5864.59
5864.59
5864.59
5864.59
5864.59
5864.59
5864.59
5864.59
5859.13
5859.13
5859.13
5859.13
5835.52
5835.52
5835.52
5835.52
5835.52
5835.52
5835.52
5835.52
5835.52
5835.52
5835.52
5835.52
5835.52
5807.14
5807.14
5807.14
5807.14
5803.06
5803.06
5803.06
5803.06
5803.06
5803.06
5803.06
5803.06
5803.06
5803.06
5803.06
5803.06
5803.06
5803.06
5822.73
5822.73
5822.73
5774.28
5745.92
5745.92
5745.92
5745.92
5745.92
5745.92
5745.92
5745.92
5745.92
5745.92
5745.92
5774.28
5760.7
5760.7
5760.7
5760.7
5760.7
5760.7
5760.7
5760.7
5760.7
5760.7
5760.7
5760.7
5760.7
5760.7
5774.28
5774.28
5770.1
5770.1
5770.1
5770.1
5770.1
5770.1
5770.1
5770.1
5770.1
5770.1
5770.1
5770.1
5770.1
5770.1
5770.1
5770.1
5770.1
5770.1
5759.66
5759.66
5741.45
5741.45
5696.51
5696.51
5696.51
5696.51
5696.51
5696.51
5696.51
5696.51
5696.51
5696.51
5696.51
5696.51
5696.51
5696.51
5696.51
5696.51
5695.95
5695.95
5695.95
5695.95
5695.95
5695.95
5695.95
5695.95
5695.95
5695.95
5695.95
5695.95
5695.95
5695.95
5694.04
5694.04
5694.04
5694.04
5694.04
5694.04
5694.04
5690.32
5690.32
5690.32
5690.32
5690.32
5690.32
5690.32
5690.32
5690.32
5685.3
5685.3
5685.36
5682.63
5682.63
5682.63
5682.63
5672.27
5672.27
5672.27
5663.31
5663.31
5663.31
5663.31
5663.31
5663.31
5663.31
5663.31
5663.31
5663.31
5663.31
5663.31
5660.22
5660.22
5660.22
5660.22
5660.22
5660.22
5656.63
5653.47
5653.47
5653.47
5653.47
5653.47
5643.43
5643.43
5643.43
5643.43
5643.43
5643.43
5643.43
5643.17
5643.17
5643.17
5643.17
5643.17
5643.17
5643.17
5643.17
5643.17
5643.17
5617.2
5617.2
5617.2
5617.2
5617.2
5617.2
5612.15
5612.15
5612.15
5612.15
5612.15
5612.15
5612.15
5612.15
5612.15
5612.15
5612.15
5612.15
5612.15
5612.15
5612.15
5612.15
5612.15
5612.15
5611.18
5611.18
5611.18
5611.12
5611.12
5611.12
5611.12
5611.12
5611.12
5611.12
5611.12
5611.12
5611.12
5611.12
5611.12
5611.12
5611.12
5611.12
5611.12
5611.12
5611.12
5607.39
5607.39
5607.39
5607.39
5607.39
5607.39
5607.39
5607.39
5597.51
5597.51
5597.51
5597.51
5597.51
5597.51
5597.51
5597.51
5597.51
5597.51
5597.51
5597.51
5559.74
5559.74
5559.74
5559.74
5559.74
5559.74
5559.74
5559.74
5559.74
5559.74
5559.74
5559.74
5559.74
5559.74
5559.74
5559.74
5559.74
5559.74
5544.66
5544.66
5544.66
5544.66
5544.66
5544.66
5544.66
5544.66
5544.66
5544.66
5528.71
5528.51
5528.51
5528.51
5528.51
5528.51
5528.51
5528.51
5528.51
5528.51
5528.51
5528.51


3.06468
3.05122
2.24599
0.7013
0.628437
-0.809097
-3.45538
-4.33173
-4.92087
-5.23445
-5.14531
-4.94619
-4.48589
-3.94496
-3.61266
-3.36046
-2.03246
-1.48715
-0.865347
-0.354951
-0.807803
-0.179073
-5.38029
-6.09433
-5.5367
-4.99478
-3.14256
-1.83724
1.86235
3.07807

0.054

