-0.086724
-0.086724
-0.086724
-0.086724
-0.086724
-0.086724
-0.086724
-0.086724
-0.086724
-0.086724
-0.086724
-0.086724
-0.086724
-0.086724
-0.086724
-0.086724
-0.0971539
-0.0971539
-0.0971539
-0.0971539
-0.0996075
-0.0996075
-0.0996075
-0.0996075
-0.0996075
-0.0996075
-0.0996075
-0.0996075
-0.0996075
-0.0996075
-0.0996075
-0.0996075
-0.0996075
-0.0996075
-0.0996075
-0.0996075
-0.105003
-0.105003
-0.105003
-0.105003
-0.105003
-0.129865
-0.129865
-0.1303
-0.1303
-0.1303
-0.1303
-0.1303
-0.1303
-0.1303
-0.1303
-0.145569
-0.145569
-0.145569
-0.145569
-0.145569
-0.145569
-0.145569
-0.145569
-0.145569
-0.145569
-0.145569
-0.145569
-0.145569
-0.145569
-0.145569
-0.145569
-0.216104
-0.216104
-0.216104
-0.216104
-0.216104
-0.216104
-0.216104
-0.216104
-0.216104
-0.216104
-0.216104
-0.216104
-0.216104
-0.216104
-0.216104
-0.216104
-0.216104
-0.241626
-0.241626
-0.241626
-0.241626
-0.241626
-0.241626
-0.241626
-0.241626
-0.241626
-0.245118
-0.245118
-0.245118
-0.245118
-0.245118
-0.245118
-0.254878
-0.254878
-0.254878
-0.254878
-0.256654
-0.256654
-0.256654
-0.256654
-0.259262
-0.274089
-0.274089
-0.274089
-0.281684
-0.281684
-0.281684
-0.281684
-0.281684
-0.281684
-0.281684
-0.281684
-0.281684
-0.281684
-0.281684
-0.281684
-0.281684
-0.281684
-0.281684
-0.281684
-0.281684
-0.281684
-0.281684
-0.281684
-0.281684
-0.281684
-0.281684
-0.303178
-0.303178
-0.303178
-0.303178
-0.303178
-0.303178
-0.303178
-0.303178
-0.303178
-0.303178
-0.303178
-0.303178
-0.303178
-0.303178
-0.303178
-0.303178
-0.303178
-0.303178
-0.303178
-0.303178
-0.303178
-0.303178
-0.305836
-0.305836
-0.305836
-0.305836
-0.3287
-0.3287
-0.334153
-0.334153
-0.334153
-0.334153
-0.334153
-0.334153
-0.334153
-0.334153
-0.334153
-0.33797
-0.33797
-0.33797
-0.33797
-0.33797
-0.33797
-0.33797
-0.33797
-0.33797
-0.33797
-0.33797
-0.33797
-0.33797
-0.33797
-0.33797
-0.33797
-0.357915
-0.357915
-0.357915
-0.357915
-0.357915
-0.357915
-0.357915
-0.357915
-0.357915
-0.357915
-0.357915
-0.357915
-0.357915
-0.357915
-0.357915
-0.357915
-0.357915
-0.359477
-0.359477
-0.359477
-0.359477
-0.359477
-0.359477
-0.359477
-0.359477
-0.359477
-0.359477
-0.359477
-0.384795
-0.384795
-0.384795
-0.384795
-0.384795
-0.384795
-0.384795
-0.384795
-0.384795
-0.384795
-0.384795
-0.384795
-0.385753
-0.38949
-0.38949
-0.393302
-0.411749
-0.411749
-0.411749
-0.411749
-0.411749
-0.411749
-0.411749
-0.411749
-0.411749
-0.411749
-0.411749
-0.411749
-0.411749
-0.411749
-0.411749
-0.411749
-0.411749
-0.411749
-0.411749
-0.411749
-0.411749
-0.411749
-0.411749
-0.596918
-0.596918
-0.596918
-0.596918
-0.596918
-0.596918
-0.596918
-0.596918
-0.596918
-0.598896
-0.598896
-0.598896
-0.598896
-0.598896
-0.598896
-0.598896
-0.598896
-0.598896
-0.598896
-0.598896
-0.598896
-0.598896
-0.598896
-0.598896
-0.598896
-0.598896
-0.598896
-0.598896
-0.598896
-0.598896
-0.598896
-0.598896
-0.598896
-0.598896
-0.598896
-0.600385
-0.600385
-0.600385
-0.600385
-0.600385
-0.600385
-0.600385
-0.600385
-0.600385
-0.600385
-0.600385
-0.600385
-0.600385
-0.600385
-0.600385
-0.607398
-0.607398
-0.607398
-0.607398
-0.607398
-0.607398
-0.607398
-0.607398
-0.607398
-0.607398
-0.607398
-0.607398
-0.607398
-0.607398
-0.607398
-0.607398
-0.607398
-0.607398
-0.607398
-0.607398
-0.607398
-0.607398
-0.607398
-0.607398
-0.607398
-0.607398
-0.607398
-0.607398
-0.607398
-0.633063
-0.633063
-0.633063
-0.633063
-0.633063
-0.633063
-0.633063
-0.633063
-0.633063
-0.633063
-0.633063
-0.633063
-0.633063
-0.633063
-0.633063
-0.633063
-0.633063
-0.633063
-0.633063
-0.633063
-0.660108
-0.660108
-0.660108
-0.660108
-0.660108
-0.660108
-0.67042
-0.67042
-0.67042
-0.67042
-0.67042
-0.67042
-0.67042
-0.67042
-0.67042
-0.67042
-0.67042
-0.67042
-0.67042
-0.67042
-0.67042
-0.67042
-0.673096
-0.673096
-0.673096
-0.673096
-0.673096
-0.673096
-0.673096
-0.673096
-0.673096
-0.673096
-0.673096
-0.673096
-0.673096
-0.673096
-0.673096
-0.673096
-0.673096
-0.673096
-0.673096
-0.673096
-0.673096
-0.673096
-0.673096
-0.687749
-0.687749
-0.687749
-0.687749
-0.687749
-0.687749
-0.687749
-0.687749
-0.687749
-0.687749
-0.687749
-0.687749
-0.687749
-0.687749
-0.698031
-0.698031
-0.698031
-0.698031
-0.698031
-0.737481
-0.737481
-0.737481
-0.737481
-0.737481
-0.737481
-0.737481
-0.737481
-0.737481
-0.737481
-0.737481
-0.737481
-0.737481
-0.737481
-0.737481
-0.737481
-0.737481
-0.737481
-0.737481
-0.737481
-0.737481
-0.737481
-0.737481
-0.737481
-0.737481
-0.737481
-0.742969
-0.742969
-0.742969
-0.742969
-0.742969
-0.742969
-0.742969
-0.747763
-0.747763
-0.747763
-0.747763
-0.747763
-0.747763
-0.747763
-0.747763
-0.747763
-0.747763
-0.747763
-0.747763
-0.747763
-0.747763
-0.747763
-0.75024
-0.75024
-0.75024
-0.75024
-0.75024
-0.75024
-0.75024
-0.75024
-0.75024
-0.75024
-0.75024
-0.75024
-0.75024
-0.75024
-0.75024
-0.75024
-0.75024
-0.75024
-0.75024
-0.75024
-0.75024
-0.75024
-0.75024
-0.75024
-0.75024
-0.75024
-0.75024
-0.75024
-0.75024
-0.75024
-0.75024
-0.75024
-0.75024
-0.75024
-0.75024
-0.75024
-0.75024
-0.75311
-0.75311
-0.75311
-0.75311
-0.75311
-0.75311
-0.75311
-0.75311
-0.75311
-0.75311
-0.75311
-0.75311
-0.75311
-0.75311
-0.75311
-0.75311
-0.75311
-0.75311
-0.75311
-0.75311
-0.75311
-0.75311
-0.75311
-0.75311
-0.75311
-0.75311
-0.764369
-0.764369
-0.764369
-0.764369
-0.764369
-0.764369
-0.764369
-0.764369
-0.764369
-0.764369
-0.764369
-0.764369
-0.764369
-0.764369
-0.764369
-0.764369
-0.793632
-0.793632
-0.793632
-0.793632
-0.793632
-0.793632
-0.793632
-0.793632
-0.793632
-0.793632
-0.793632
-0.793632
-0.793632
-0.793632
-0.793632
-0.793632
-0.793632
-0.793632
-0.793632
-0.793632
-0.793632
-0.793632
-0.793632
-0.793632
-0.793632
-0.793632
-0.793632
-0.793632
-0.793632
-0.793632
-0.793632
-0.793632
-0.793632
-0.793632
-0.793632
-0.793632
-0.793632
-0.793632
-0.793632
-0.793632
-0.793632
-0.793632
-0.793632
-0.793632
-0.793632
-0.793632
-0.793632
-0.793632
-0.793632
-0.793632
-0.793632
-0.793632
-0.793632
-0.793632
-0.793632
-0.793632
-0.793632
-0.793632
-0.793632
-0.793632
-0.793632
-0.793632
-0.793632
-0.793632
-0.793632
-0.793632
-0.793632
-0.793632
-0.805496
-0.805496
-0.805496
-0.805496
-0.805496
-0.805496
-0.805496
-0.805496
-0.805496
-0.805496
-0.805496
-0.805496
-0.805496
-0.805496
-0.805496
-0.805496
-0.805496
-0.805496
-0.805496
-0.805496
-0.846575
-0.846575
-0.846575
-0.846575
-0.846575
-0.846575
-0.846575
-0.846575
-0.846575
-0.846575
-0.846575
-0.846575
-0.846575
-0.846575
-0.846575
-0.846575
-0.846575
-0.857666
-0.857666
-0.857666
-0.857666
-0.857666
-0.857666
-0.857666
-0.857666
-0.857666
-0.857666
-0.857666
-0.857666
-0.857666
-0.857666
-0.857666
-0.857666
-0.857666
-0.857666
-0.857666
-0.857666
-0.857666
-0.857666
-0.857666
-0.857666
-0.857666
-0.857666
-0.857666
-0.857666
-0.857666
-0.857666
-0.857666
-0.857666
-0.857666
-0.857666
-0.857666
-0.857666
-0.857666
-0.857666
-0.857666
-0.857666
-0.857666
-0.857666
-0.857666
-0.857666
-0.857666
-0.857666
-0.857666
-0.857666
-0.857666
-0.857666
-0.857666
-0.857666
-0.857666
-0.857666
-0.857666
-0.857666
-0.857666
-0.857666
-0.857666
-0.857666
-0.857666
-0.857666
-0.857666
-0.857666
-0.857666
-0.861196
-0.861196
-0.861196
-0.861196
-0.861196
-0.861196
-0.861196
-0.861196
-0.861196
-0.861196
-0.861196
-0.861196
-0.861196
-0.861196
-0.861196
-0.861196
-0.861196
-0.896228
-0.896228
-0.896228
-0.896228
-0.896228
-0.896228
-0.896228
-0.896228
-0.896228
-0.896228
-0.896228
-0.896228
-0.896228
-0.896228
-0.896228
-0.896228
-0.896228
-0.896228
-0.896228
-0.896228
-0.896228
-0.896228
-0.896228
-0.896228
-0.896228
-0.896228
-0.896228
-0.896228
-0.896228
-0.896228
-0.896228
-0.896228
-0.896228
-0.896228
-0.896228
-0.896228
-0.896228
-0.896228
-0.896228
-0.896228
-0.896228
-0.896228
-0.896228
-0.896228
-0.896228
-0.896228
-0.896228
-0.896228
-0.896228
-0.896228
-0.896228
-0.896228
-0.896228
-0.896228
-0.896228
-0.896228
-0.896228
-0.896228
-0.896228
-0.896228
-0.896228
-0.896228
-0.896228
-0.896228
-0.896228
-0.896228
-0.896228
-0.896228
-0.896228
-0.896228
-0.896228
-0.896228
-0.896228
-0.896228
-0.896228
-0.896228
-0.896228
-0.896228
-0.896228
-0.896228
-0.896228
-0.896228
-0.896228
-0.896228
-0.896228
-0.896228
-0.896228
-0.896228
-0.896228
-0.896228
-0.896228
-0.896228
-0.896228
-0.896228
-0.896228
-0.896228
-0.896228
-0.896228
-0.896228
-0.896228
-0.896228
-0.896228
-0.896228
-0.896228
-0.896228
-0.896228
-0.896228
-0.896228
-0.896228
-0.896228
-0.896228
-0.896228
-0.896228
-0.896228
-0.896228
-0.896228
-0.896228
-0.896228
-0.896228
-0.896228
-0.896228
-0.896228
-0.896228
-0.896228
-0.896228
-0.896228
-0.896228
-0.896228
-0.896228
-0.896228
-0.896228
-0.896228
-0.896228
-0.896228
-0.896228
-0.896228
-0.896228
-0.896228
-0.896228
-0.896228
-0.896228
-0.896228
-0.896228
-0.896228
-0.896228
-0.896228
-0.896228
-0.896228
-0.896228
-0.896228
-0.896228
-0.896228
-0.896228
-0.896228
-0.896228
-0.896228
-0.896228
-0.896228
-0.896228
-0.896228
-0.896228
-0.896228
-0.896228
-0.896228
-0.896228
-0.896228
-0.896228
-0.896228
-0.896228
-0.896228
-0.896228
-0.896228
-0.896228
-0.896228
-0.896228
-0.896228
-0.896228
-0.896228
-0.896228
-0.896228
-0.896228
-0.896228
-0.896228
-0.896228
-0.896228
-0.896228
-0.896228
-0.896228
-0.896228
-0.896228
-0.896228
-0.896228
-0.896228
-0.896228
-0.896228
-0.896228
-0.896228
-0.896228
-0.896228
-0.896228
-0.896228
-0.896228
-0.896228
-0.896228
-0.896228
-0.896228
-0.896228
-0.896228
-0.896228
-0.896228
-0.896228
-0.896228
-0.896228
-0.896228
-0.896228
-0.896228
-0.896228
-0.896228
-0.896228
-0.896228
-0.896228
-0.896228
-0.896228
-0.896228
-0.896228
-0.896228
-0.896228
-0.896228
-0.896228
-0.896228
-0.896228
-0.896228
-0.896228
-0.896228
-0.896228
-0.896228
-0.896228
-0.896228
-0.896228
-0.896228
-0.896228
-0.896487
-0.896487
-0.896487
-0.896487
-0.896487
-0.896487
-0.896487
-0.896487
-0.896487
-0.896487
-0.896487
-0.896487
-0.896487
-0.896487
-0.896487
-0.896487
-0.896487
-0.896487
-0.896487
-0.896487
-0.896487
-0.896487
-0.896487
-0.896487
-0.896487
-0.896487
-0.896487
-0.896487
-0.896487
-0.896487
-0.896487
-0.904949
-0.904949
-0.904949
-0.904949
-0.904949
-0.904949
-0.904949
-0.904949
-0.904949
-0.904949
-0.904949
-0.9066
-0.9066
-0.9066
-0.9066
-0.9066
-0.9066
-0.9066
-0.9066
-0.9066
-0.9066
-0.9066
-0.9066
-0.9066
-0.9066
-0.9066
-0.9066
-0.915157
-0.915157
-0.915157
-0.915157
-0.915157
-0.915157
-0.915157
-0.915157
-0.915157
-0.915157
-0.915157
-0.915157
-0.915157
-0.915157
-0.915157
-0.915157
-0.915157
-0.915157
-0.915157
-0.915157
-0.915157
-0.915157
-0.915157
-0.917268
-0.917268
-0.928361
-0.928361
-0.928361
-0.928361
-0.928361
-0.928361
-0.928361
-0.928361
-0.928361
-0.928361
-0.928361
-0.928361
-0.928361
-0.928361
-0.928361
-0.928361
-0.928361
-0.928361
-0.928361
-0.928361
-0.928361
-0.928361
-0.928361
-0.928361
-0.928361
-0.928361
-0.928361
-0.928361
-0.928361
-0.928361
-0.928361
-0.928361
-0.928361
-0.928361
-0.928361
-0.928361
-0.928361
-0.928361
-0.928361
-0.928361
-0.928361
-0.928361
-0.928361
-0.928361
-0.928361
-0.928361
-0.928361
-0.928361
-0.928361
-0.928361
-0.928361
-0.928361
-0.928361
-0.928361
-0.928361
-0.928361
-0.95453
-0.95453
-0.95453
-0.95453
-0.95453
-0.95453
-0.95453
-0.95453
-0.95453
-0.966073
-0.966073
-0.966073
-0.966073
-0.966073
-0.966073
-0.966073
-0.966073
-0.966073
-0.966073
-0.966073
-0.966073
-0.966073
-0.966073
-0.966073
-0.966073
-0.966073
-0.966073
-0.966073
-0.966073
-0.966073
-0.966073
-0.975192
-0.975192
-0.975192
-0.975192
-0.975192
-0.975192
-0.975192
-0.975192
-0.975192
-0.975192
-0.975192
-0.975192
-0.975192
-0.975192
-0.975192
-0.975192
-0.975192
-0.975192
-0.975192
-0.975192
-0.975192
-0.975192
-0.975192
-0.975192
-0.975192
-0.975192
-0.975192
-0.975192
-0.975192
-0.975192
-0.975192
-0.975192
-0.975192
-0.975192
-0.975192
-0.975192
-0.975192
-0.975192
-0.975192
-0.975192
-0.975192
-0.975192
-0.975192
-0.975192
-0.975192
-0.975192
-0.975192
-0.975192
-0.975192
-0.975192
-0.975192
-0.975192
-0.975192
-0.975192
-0.975192
-0.975192
-0.975192
-0.975192
-0.975192
-0.975192
-0.975192
-0.975192
-0.975192
-0.975192
-0.975192
-0.975192
-0.975192
-0.975192
-0.975192
-0.975192
-0.975192
-0.975192
-0.975192
-0.975192
-0.975192
-0.975192
-0.975192
-0.975192
-0.975192
-0.975192
-0.975192
-0.975192
-0.975192
-0.975192
-0.975192
-0.975192
-0.975192
-0.975192
-0.975192
-0.975192
-0.975192
-0.975192
-0.975192
-0.975192
-0.975192
-0.975192
-0.975192
-0.975192
-0.975192
-0.975192
-0.975192
-0.975192
-0.975192
-0.975192
-0.975192
-0.975192
-0.975192
-0.975192
-0.975192
-0.975192
-0.975192
-0.975192
-0.975192
-0.975192
-0.975192
-0.975192
-0.975192
-0.975192
-0.975192
-0.975192
-0.975192
-0.975192
-0.975192
-0.975192
-0.975192
-0.975192
-0.975192
-0.975192
-0.975192
-0.975192
-0.975192
-0.975192
-0.975192
-0.975192
-0.975192
-0.975192
-0.975192
-0.975192
-0.975192
-0.975192
-0.975192
-0.975192
-0.975192
-0.975192
-0.975192
-0.975192
-0.975192
-0.975192
-0.975192
-0.975192
-0.975192
-0.975192
-0.975192
-0.975192
-0.975192
-0.975192
-0.975192
-0.975192
-0.975192
-0.975192
-0.975192
-0.975192
-0.975192
-0.975192
-0.975192
-0.975192
-0.975192
-0.975192
-0.975192
-0.975192
-0.975192
-0.975192
-0.975192
-0.975192
-0.975192
-0.975192
-0.975192
-0.975192
-0.975192
-0.975192
-0.975192
-0.975192
-0.975192
-0.975192
-0.975192
-0.975192
-0.975192
-0.975192
-0.975192
-0.975192
-0.975192
-0.975192
-0.975192
-0.975192
-0.975192
-0.975192
-0.975192
-0.975192
-0.975192
-0.975192
-0.975192
-0.975192
-0.975192
-0.975192
-0.975192
-0.975192
-0.975192
-0.975192
-0.975192
-0.975192
-0.975192
-0.975192
-0.975192
-0.975192
-0.975192
-0.975192
-0.975192
-0.975192
-0.975192
-0.975192
-0.975192
-0.975192
-0.975192
-0.975192
-0.975192
-0.975192
-0.975192
-0.975192
-0.975192
-0.975192
-0.975192
-0.975192
-0.975192
-0.975192
-0.975192
-0.975192
-0.975192
-0.975192
-0.975192
-0.975192
-0.975192
-0.975192
-0.975192
-0.975192
-0.975192
-0.975192
-0.975192
-0.975192
-0.975192
-0.975192
-0.975192
-0.975192
-0.975192
-0.975192
-0.975192
-0.975192
-0.976971
-0.976971
-0.976971
-0.976971
-0.976971
-0.976971
-0.976971
-0.976971
-0.976971
-0.976971
-0.976971
-0.976971
-0.976971
-0.976971
-0.976971
-0.976971
-0.976971
-0.976971
-0.976971
-0.976971
-0.976971
-0.976971
-0.976971
-0.976971
-0.976971
-0.976971
-0.976971
-0.976971
-0.976971
-0.976971
-0.976971
-0.976971
-0.976971
-0.976971
-0.976971
-0.976971
-0.976971
-0.976971
-0.976971
-0.976971
-0.976971
-0.976971
-0.976971
-0.976971
-0.976971
-0.976971
-0.976971
-0.976971
-0.976971
-0.976971
-0.976971
-0.976971
-0.976971
-0.976971
-0.976971
-0.976971
-0.976971
-0.976971
-0.976971
-0.976971
-0.978942
-0.978942
-0.978942
-0.978942
-0.978942
-0.978942
-0.978942
-0.978942
-0.978942
-0.978942
-0.978942
-0.978942
-0.979225
-0.979225
-0.979225
-0.979225
-0.979225
-0.979225
-0.979225
-0.979225
-0.979225
-0.979225
-0.979225
-0.979225
-0.979225
-0.979225
-0.979225
-0.979225
-0.979225
-0.979225
-0.979225
-0.979225
-0.979225
-0.979225
-0.979225
-0.979225
-0.979225
-0.979225
-0.979225
-0.979225
-0.979225
-0.979225
-0.979225
-0.979225
-0.979225
-0.979225
-0.979225
-0.979225
-0.979225
-0.979225
-0.979225
-0.979225
-0.979225
-0.979225
-0.979225
-0.979225
-0.979225
-0.979225
-0.979225
-0.979225
-0.979225
-0.979225
-0.979225
-0.979225
-0.979225
-0.979225
-0.979225
-0.979225
-0.979225
-0.979225
-0.979225
-0.979225
-0.979225
-0.979225
-0.979225
-0.979225
-0.979225
-0.979225
-0.979225
-0.979225
-0.979225
-0.979225
-0.979225
-0.979225
-0.979225
-0.979225
-0.979225
-0.979225
-0.979225
-0.979225
-0.979225
-0.979225
-0.979225
-0.979225
-0.979225
-0.979225
-0.979225
-0.979225
-0.979225
-0.979225
-0.979225
-0.979225
-0.979225
-0.979225
-0.979225
-0.979225
-0.979225
-0.979225
-0.979225
-0.979225
-0.979225
-0.979225
-0.979225
-0.979225
-0.979225
-0.979225
-0.979225
-0.979225
-0.979225
-0.979225
-0.979225
-0.979225
-0.979225
-0.979225
-0.979225
-0.979225
-0.979225
-0.979225
-0.979225
-0.979225
-0.979225
-0.979225
-0.979225
-0.979225
-0.979225
-0.979225
-0.979225
-0.979225
-0.979225
-0.979225
-0.979225
-0.979225
-0.979225
-0.979225
-0.979225
-0.979225
-0.979225
-0.979225
-0.979225
-0.979508
-0.979508
-0.979508
-0.979508
-0.979508
-0.979508
-0.979508
-0.979508
-0.979508
-0.979508
-0.979508
-0.979508
-0.979508
-0.979508
-0.979508
-0.979508
-0.979508
-0.979508
-0.979508
-0.979508
-0.979508
-0.979508
-0.979508
-0.979508
-0.979508
-0.979508
-0.979508
-0.979508
-0.979508
-0.979508
-0.979508
-0.979508
-0.979508
-0.979508
-0.979508
-0.979508
-0.979508
-0.979508
-0.979508
-0.979508
-0.979508
-0.979508
-0.979508
-0.979508
-0.979508
-0.979508
-0.979508
-0.979508
-0.979508
-0.979508
-0.979508
-0.979508
-0.979508
-0.979508
-0.979508
-0.979508
-0.979508
-0.979508
-0.979508
-0.979508
-0.979508
-0.979508
-0.979508
-0.979508
-0.979508
-0.979508
-0.979508
-0.979508
-0.979508
-0.979508
-0.979508
-0.979508
-0.979508
-0.979508
-0.979508
-0.979508
-0.979508
-0.979508
-0.979508
-0.979508
-0.979508
-0.979508
-0.979508
-0.979508
-0.979508
-0.979508
-0.979508
-0.979508
-0.979508
-0.979508
-0.979508
-0.979508
-0.979508
-0.979508
-0.979508
-0.979508
-0.979508
-0.979508
-0.979508
-0.979508
-0.979508
-0.979508
-0.979508
-0.979508
-0.979508
-0.979508
-0.979508
-0.979508
-0.979508
-0.979508
-0.979508
-0.979508
-0.979508
-0.979508
-0.979508
-0.979508
-0.979508
-0.979508
-0.979508
-0.979508
-0.979508
-0.979508
-0.979508
-0.979508
-0.979508
-0.979508
-0.979508
-0.979508
-0.979508
-0.979508
-0.979508
-0.979508
-0.979508
-0.979508
-0.979508
-0.979508
-0.979508
-0.979508
-0.979508
-0.979508
-0.979508
-0.979508
-0.979508
-0.979508
-0.979508
-0.979508
-0.979508
-0.979508
-0.979508
-0.979508
-0.979508
-0.979508
-0.979508
-0.979508
-0.979508
-0.979508
-0.979508
-0.979508
-0.979508
-0.979508
-0.979508
-0.979508
-0.979508
-0.979508
-0.979508
-0.979508
-0.979508
-0.979508
-0.979508
-0.979508
-0.979508
-0.979508
-0.979508
-0.979508
-0.979508
-0.979508
-0.979508
-0.979508
-0.979508
-0.979508
-0.979508
-0.979508
-0.979508
-0.979508
-0.979508
-0.979791
-0.979791
-0.979791
-0.979791
-0.979791
-0.979791
-0.979791
-0.979791
-0.979791
-0.979791
-0.979791
-0.979791
-0.979791
-0.979791
-0.979791
-0.979791
-0.979791
-0.979791
-0.979791
-0.979791
-0.979791
-0.979791
-0.979791
-0.979791
-0.979791
-0.979791
-0.979791
-0.979791
-0.979791
-0.979791
-0.979791
-0.979791
-0.979791
-0.979791
-0.979791
-0.979791
-0.979791
-0.979791
-0.979791
-0.979791
-0.979791
-0.979791
-0.979791
-0.979791
-0.979791
-0.979791
-0.979791
-0.979791
-0.979791
-0.979791
-0.979791
-0.979791
-0.979791
-0.979791
-0.979791
-0.979791
-0.979791
-0.979791
-0.979791
-0.979791
-0.979791
-0.979791
-0.979791
-0.979791
-0.979791
-0.979791
-0.979791
-0.979791
-0.979791
-0.979791
-0.979791
-0.979791
-0.979791
-0.979791
-0.979791
-0.979791
-0.979791
-0.979791
-0.979791
-0.979791
-0.979791
-0.979791
-0.979791
-0.979791
-0.979791
-0.979791
-0.979791
-0.979791
-0.979791
-0.979791
-0.979791
-0.979791
-0.979791
-0.979791
-0.979791
-0.979791
-0.979791
-0.979791
-0.979791
-0.979791
-0.979791
-0.979791
-0.979791
-0.979791
-0.979791
-0.979791
-0.979791
-0.979791
-0.979791
-0.979791
-0.979791
-0.979791
-0.979791
-0.979791
-0.979791
-0.979791
-0.979791
-0.979791
-0.979791
-0.979791
-0.979791
-0.979791
-0.979791
-0.979791
-0.979791
-0.979791
-0.979791
-0.979791
-0.979791
-0.979791
-0.979791
-0.979791
-0.979791
-0.979791
-0.979791
-0.979791
-0.979791
-0.979791
-0.979791
-0.979791
-0.979791
-0.979791
-0.979791
-0.979791
-0.979791
-0.979791
-0.979791
-0.979791
-0.979791
-0.979791
-0.979791
-0.979791
-0.979791
-0.979791
-0.979791
-0.979791
-0.979791
-0.979791
-0.979791
-0.979791
-0.979791
-0.979791
-0.979791
-0.979791
-0.979791
-0.979791
-0.979791
-0.979791
-0.979791
-0.979791
-0.979791
-0.979791
-0.979791
-0.979791
-0.979791
-0.979791
-0.979791
-0.979791
-0.979791
-0.979791
-0.979791
-0.979791
-0.979791
-0.979791
-0.979791
-0.979791
-0.979791
-0.979791
-0.979791
-0.979791
-0.979791
-0.979791
-0.979791
-0.979791
-0.979791
-0.979791
-0.979791
-0.979791
-0.979791
-0.979791
-0.979791
-0.979791
-0.979791
-0.979791
-0.979791
-0.979791
-0.979791
-0.979791


0.0357982
0.0357982
0.0357982
0.0357982
0.0357982
0.0357982
0.0357982
0.0357982
0.0357982
0.0431227
0.0431227
0.0431227
0.0431227
0.0431227
0.0431227
0.0741905
0.0741905
0.0299387
0.0299387
0.0299387
0.0299387
0.0299387
0.0299387
0.00888089
0.00888089
0.00888089
0.00888089
0.00888089
0.00888089
0.0357982

0.022

