1835.96
1835.96
1024.17
1024.17
1024.17
1024.17
1024.17
1024.17
1024.17
1024.17
1024.17
1024.17
1024.17
1024.17
1024.17
1024.17
1024.17
1024.17
1024.17
1024.17
1024.17
1024.17
1024.17
1024.17
1024.17
929.692
929.692
929.692
929.692
929.692
929.692
929.692
929.692
929.692
929.692
929.692
929.692
929.692
929.692
929.692
929.692
929.692
929.692
929.692
929.692
929.692
564.314
564.314
564.314
564.314
435.574
435.574
435.574
435.574
414.35
414.35
414.35
414.35
414.35
414.35
383.334
383.334
260.823
260.823
270.118
270.118
270.118
270.118
270.118
270.118
270.118
270.118
297.345
297.345
297.345
297.345
297.345
297.345
283.619
165.021
165.021
165.021
165.021
151.814
151.814
151.83
151.83
151.83
151.83
151.83
151.83
92.0456
92.0456
92.0456
94.2321
94.2321
112.816
112.816
91.463
70.9086
70.9086
70.9086
70.9086
70.9086
70.9086
70.9086
70.9086
70.9086
70.9086
70.9086
70.9086
70.9086
70.9086
70.9086
70.9086
70.9086
70.9086
70.9086
70.9086
57.8951
57.8951
57.8951
57.8951
57.8951
57.8951
57.8951
57.8951
57.8951
57.8951
51.5813
51.5813
51.4913
51.4913
45.9708
45.9708
45.9708
44.4657
44.4657
44.4657
35.2608
35.2608
35.2608
35.2608
35.0832
35.0832
29.2722
29.2722
29.2722
29.2722
29.2722
29.2722
29.2722
29.2722
29.2722
29.2722
29.2722
29.2722
28.2111
27.2853
27.2853
27.2853
25.3866
27.2853
27.2853
23.1654
25.1175
25.1175
20.0705
20.0705
20.0705
20.0705
20.2441
20.2441
20.2441
20.2441
20.2441
20.2441
20.2441
16.5854
15.9803
20.9248
20.9248
20.9248
20.9248
20.9248
21.191
21.191
21.191
21.191
21.191
21.191
21.191
21.191
21.191
21.191
17.7484
17.7484
17.7484
17.7484
17.7484
17.7484
17.7484
17.7484
17.7484
14.3275
14.3275
14.3275
14.3275
14.3275
14.3552
14.957
14.957
14.4187
14.4187
14.4187
16.5226
15.3819
15.3819
15.3819
13.1848
13.1885
13.1885
13.1516
13.1516
12.6231
12.4998
23.2434
23.2434
18.3135
18.3135
18.3135
18.3135
19.3425
19.6293
18.7713
19.6293
19.6293
19.6293
19.6293
19.6293
19.6293
19.6293
19.6293
22.5443
22.5443
18.8043
18.8043
18.8043
18.6633
18.6633
18.6633
18.6633
18.4513
18.4513
18.4513
18.4109
18.0996
18.0996
18.0996
18.0996
18.0996
17.5613
17.5613
17.5613
17.5613
17.5613
18.3901
17.3825
15.3754
15.3754
15.3754
15.3754
15.3046
15.3046
15.1779
15.3754
15.3754
15.3754
15.3754
15.0166
14.9886
15.0456
15.0456
15.0456
15.0456
13.8102
16.7881
16.7881
16.7881
16.7881
16.7881
16.7881
16.7881
16.7881
16.7881
16.7881
16.7881
16.7881
16.7881
16.7881
16.7881
16.7881
16.7881
21.3123
21.3123
21.3123
21.3123
21.3123
21.3123
21.3123
21.3123
21.3123
21.3123
21.3123
18.3004
18.8441
16.1386
16.1386
16.1386
15.6578
15.5743
15.5743
16.3522
16.3522
16.3522
16.3522
16.3522
23.183
23.183
23.183
23.183
15.8811
15.8811
15.8811
15.7786
15.6264
15.1885
15.1885
14.39
14.39
13.3507
14.39
12.4685
12.4685
12.4824
12.4296
12.7286
12.6008
12.5354
12.3494
12.3494
11.8522
11.8522
11.8522
11.8522
11.8522
11.8522
11.8522
10.918
10.918
10.918
10.918
10.918
10.8124
10.8124
10.8124
11.1726
11.1726
11.9501
11.9501
11.9501
11.8895
11.8895
11.8895
11.8895
11.129
10.6343
11.129
11.1876
11.1876
11.1782
11.1782
11.431
12.1773
12.1773
12.1773
12.1773
12.1773
12.1773
12.1773
12.1773
12.1773
12.1773
12.1773
12.1773
12.1773
11.6083
11.6137
11.6137
11.7451
11.0475
11.4813
11.4813
11.4813
11.4813
11.4813
11.4813
11.4813
11.4813
11.4813
12.2332
12.0961
12.0961
12.0961
12.0961
11.8412
11.5368
11.5368
11.5368
11.5368
11.5368
11.5368
11.5368
11.5368
11.629
11.629
11.629
11.5338
11.5338
11.5338
11.5338
11.5338
9.45649
9.45649
9.21074
9.21074
9.21074
9.21074
9.21074
8.99537
9.00852
9.00852
10.091
10.091
10.091
10.0377
10.0377
10.0377
10.0377
10.0377
10.0377
8.96915
8.96915
8.96915
8.96915
8.96915
8.96915
8.96915
8.96915
8.96915
8.96915
8.96915
8.96915
8.96915
8.86235
8.86235
8.95985
8.95985
8.95985
7.81052
8.26586
8.26586
7.94431
7.94431
7.94431
7.94431
7.90949
7.90949
7.92763
7.92763
7.92763
7.92763
7.92763
7.92763
7.92763
7.92763
7.92763
7.92763
7.92763
7.92763
7.92763
7.92763
7.93806
7.93806
7.93806
7.93806
7.93806
7.94038
8.22742
8.22742
8.22742
8.22742
8.22742
8.22742
7.53729
7.53729
7.53729
7.53729
7.53729
7.53729
7.5782
8.51042
8.42321
8.42321
8.42321
8.42321
8.42321
7.95031
7.95031
7.95031
7.95031
7.95031
7.95031
7.99214
7.99214
7.99214
7.98503
7.98503
7.98503
7.98503
7.98503
7.98503
7.98503
7.98503
7.98503
7.98503
7.98503
7.98503
7.79114
7.79114
7.79114
7.79114
7.777
7.777
7.777
7.777
7.777
7.777
7.777
7.837
7.837
7.837
7.837
7.837
7.837
8.00354
8.00354
8.00354
8.00354
8.00354
8.00354
8.00354
8.00354
7.69397
7.69397
8.24969
8.24969
8.24969
8.24969
8.24969
8.24969
8.24969
8.24969
8.24312
8.24312
8.24312
8.24312
8.24312
8.24312
8.24312
8.45212
8.45212
8.45212
8.45212
8.45212
8.45212
8.45212
8.45212
8.42915
8.42915
8.28331
8.28331
6.05908
5.92113
5.92113
5.92113
5.92113
5.92113
6.1326
6.1326
5.80371
5.80371
5.80371
5.90353
5.90353
5.90353
5.90353
5.93456
5.93456
5.93456
5.93456
6.21226
6.21226
6.13199
6.13199
6.13199
6.13199
6.13199
6.17096
6.17096
6.17096
6.17096
6.17096
6.17096
6.17096
6.17096
6.17096
6.17096
6.17096
6.17096
6.27427
6.27427
6.27427
6.27427
6.27427
6.27427
6.27427
6.27427
6.27427
6.27427
6.27427
6.27427
6.27427
6.27427
6.27427
6.82285
6.82285
6.82285
6.82285
6.82285
6.82285
6.89676
6.89676
6.89676
6.89676
6.89676
6.89702
6.89702
6.89702
6.89702
7.36761
7.36761
7.36761
7.42677
7.42677
7.42677
7.71854
7.76753
7.76753
7.76753
7.9703
7.9703
7.9703
7.9703
7.9703
7.9703
7.9703
7.9703
7.9703
7.9703
7.9703
7.9703
7.9703
7.9703
7.9703
7.9703
7.9703
7.9703
7.9703
7.97975
7.97975
7.98936
7.98936
7.98936
7.98936
7.98936
7.98936
7.98936
8.02808
8.01491
8.01491
8.01491
8.01491
7.9778
7.9778
7.9778
7.9778
7.9778
7.9778
7.9778
7.9778
7.9778
7.9778
7.9778
7.9778
7.9778
7.96904
7.94394
7.94394
7.88904
7.88904
7.88904
7.88904
7.88904
7.88904
7.88904
7.88904
7.88904
7.88904
7.88904
7.88904
7.88904
7.88904
7.88904
7.88904
7.88904
7.88904
7.88904
7.88904
7.88904
7.88904
7.88904
7.88904
7.84242
7.84242
7.84242
7.84242
7.96684
7.96834
7.96834
7.96834
7.96834
7.85444
7.85444
7.85444
7.85444
7.85444
7.90486
7.90486
7.90486
7.90486
7.90486
7.90486
7.90486
7.90486
7.90486
7.90486
7.90486
7.90486
7.90486
8.00374
8.00374
8.00374
8.00374
8.00374
8.00374
8.00374
8.00374
8.00374
8.00374
8.00374
8.00374
8.00374
8.00374
8.00374
8.00374
8.00374
8.00374
8.17753
8.20375
8.20375
8.20375
8.20375
8.20375
8.20375
8.20375
8.20375
8.20375
8.20375
8.20375
8.20375
8.20375
7.73457
7.73457
7.73457
8.00249
8.03664
8.03664
8.00972
8.00972
8.05
8.05
8.05
8.05
8.05
8.05
8.05
8.24688
8.24688
8.24688
8.24688
8.24688
8.24688
8.24688
8.24688
8.24688
8.24688
8.26943
8.26943
8.26943
8.26943
8.26943
8.26943
8.26943
8.36952
8.36952
8.36952
8.36952
8.36952
8.36952
8.36952
8.36952
8.38287
8.38287
8.4128
8.4128
8.4128
8.4128
8.4128
8.4128
8.4128
8.4128
8.4128
8.4128
8.4128
8.4128
8.4128
8.4128
8.4128
8.4128
8.4128
8.4128
8.4128
8.4128
8.4128
8.4128
8.4128
8.4128
8.4128
8.4128
8.4128
8.37981
8.37981
8.37981
8.37981
8.44502
8.44502
8.44502
8.44502
8.44502
8.44502
8.44502
8.44502
8.44502
8.37794
8.37794
8.37794
8.37794
8.37794
8.37794
8.37794
8.37794
8.38439
8.38439
8.38439
8.38439
8.38439
8.38439
8.38439
8.38439
8.38439
8.48649
8.48649
8.48649
8.48566
8.48566
8.48566
8.48566
8.48566
8.48566
8.48566
8.48566
8.48566
8.48566
8.11905
8.11905
8.11905
7.86747
7.86747
7.86747
7.86747
7.86747
7.86747
7.86747
7.86747
7.86747
7.86747
7.86747
7.86747
7.86747
7.86747
7.86747
8.19908
8.19908
8.19908
8.04603
8.04603
8.04603
8.04603
8.07622
8.02008
8.02008
8.02008
8.02008
8.02008
8.02008
8.02008
8.02008
8.10964
8.10964
8.10964
7.74444
7.74444
7.74444
7.74444
7.68154
7.68154
7.68154
7.68154
7.68154
7.68154
7.68154
8.14149
8.14149
8.14149
8.14149
8.14149
8.14149
8.14149
8.14149
8.14149
8.14149
8.14149
8.14149
8.14149
8.17411
8.17411
8.17411
8.17411
8.17411
8.17411
8.17411
8.17411
8.17411
8.17411
8.17411
8.17411
8.17411
8.2619
8.2619
8.2619
8.2619
8.2619
8.2619
8.2619
8.2619
8.2619
8.2619
8.2619
8.2619
8.2619
8.2619
8.2619
8.2619
8.2619
8.2619
8.2619
8.2619
8.2619
8.2619
8.2619
8.2619
8.2619
8.2619
8.2619
8.2619
8.2619
8.2619
8.2619
8.2619
8.2619
8.2619
8.2619
8.2619
8.2619
8.2619
8.2619
8.2619
8.2619
8.2619
8.2619
8.2619
8.2619
8.2619
8.2619
8.2619
8.2619
8.2619
8.2619
8.2619
8.2619
8.2619
8.2619
8.2619
8.2619
8.2619
8.2619
8.2619
8.2619
8.2619
8.2619
8.2619
8.2619
8.2619
8.31551
7.97838
7.97838
7.97838
7.97838
7.97838
7.97838
7.97838
7.97838
7.97838
7.97838
7.97838
8.00091
8.00091
8.00091
8.00091
8.00091
8.00091
8.00091
8.00091
8.00091
7.73324
7.73324
7.73324
7.73324
7.73324
7.73324
7.73324
7.72304
7.73324
7.74913
7.74913
7.76909
7.76909
7.76909
7.49704
7.49704
7.63735
7.63735
7.63735
7.63735
7.63735
7.43465
7.43465
7.43465
7.44019
7.44019
7.44019
7.44019
7.44019
7.44019
7.44019
7.44019
7.44019
7.44019
7.46125
7.47045
7.47045
7.47045
7.47045
7.47045
7.47045
7.47045
7.47045
7.47045
7.47045
7.47045
7.47045
7.47045
7.47045
7.47045
7.47045
7.47045
7.58571
7.58571
7.58571
7.60516
7.60516
7.92492
7.92492
7.92492
7.92492
7.92492
7.92492
7.92396
7.92396
7.92396
7.92396
7.9761
7.9761
7.9761
7.69465
7.69465
7.69465
7.69465
7.69465
7.69465
7.69465
7.69465
7.66583
7.66583
7.66583
7.66583
7.66583
7.66583
7.67423
7.67423
7.67423
7.67423
7.67423
7.63637
7.70173
7.70173
7.70173
7.70173
7.70173
7.70173
7.72248
7.72248
7.72248
7.72248
7.85122
7.85122
7.85122
7.89737
7.89737
7.89737
7.89737
7.89737
7.89737
7.89737
7.89737
7.89737
7.89737
7.89737
7.89737
7.89737
7.89737
7.77716
7.77716
7.77716
7.77716
7.77716
7.77716
7.77716
7.77716
7.77716
7.77716
7.78446
7.78446
7.78446
7.78446
7.78446
7.78446
7.78446
7.78446
7.78446
7.78446
7.78446
7.78446
7.8057
7.8057
7.8057
7.8057
7.81982
7.81982
7.81982
7.95604
7.95604
7.95604
7.95604
7.95604
7.95604
7.94442
7.94442
7.94442
7.94442
7.94442
7.94442
7.94442
7.94442
7.94442
7.94442
7.94442
7.96929
7.96929
8.01885
8.02901
8.02901
8.02901
8.02901
8.02901
8.02901
8.02901
8.02901
8.02901
8.02901
8.02901
8.02901
8.02901
8.02901
8.02901
8.02901
8.02901
8.02901
8.02901
8.02901
8.02901
8.02901
7.91998
7.91998
7.91998
7.91998
7.91998
7.91998
7.91998
7.91998
7.91998
7.91998
7.91998
8.03055
8.03055
8.03055
8.16752
8.16752
8.16752
8.16752
8.16752
8.16752
8.16752
8.16752
8.16752
8.16752
8.16752
8.16752
8.16752
8.16752
8.16752
8.16752
8.16752
8.16752
8.16752
8.16752
8.16752
8.31227
8.31227
8.31227
8.31227
8.31227
8.33689
8.33689
8.33689
8.33689
8.26849
8.26849
8.26849
8.26849
8.26849
8.26849
8.26849
8.32828
8.36944
8.03278
8.03278
8.03278
8.03278
8.25218
8.25218
8.36548
8.36548
8.36548
8.36548
8.36548
8.39367
8.39367
8.39367
8.39367
8.39367
8.39367
8.85061
8.85061
8.8338
8.8338
8.8338
8.8338
8.8338
8.8338
8.8338
8.8338
8.8338
8.8338
8.8338
8.8338
8.90132
8.90132
8.90132
8.90132
8.90132
8.90132
8.90132
8.92483
8.92483
8.92483
8.94517
8.94562
8.94562
8.94562
8.94562
8.94562
8.94562
8.94562
8.94562
8.94562
8.94562
8.94562
8.94562
8.94562
8.94562
8.94562
8.94562
8.94562
8.94562
9.0574
9.0574
9.0574
9.0574
9.0574
9.0574
9.0574
9.0574
9.0574
9.0574
8.58729
8.69214
8.69214
8.69214
8.69214
8.80539
8.80539
8.80539
8.80539
8.69993
8.86155
8.86155
8.89977
8.87977
8.8531
8.8531
8.58979
8.58979
8.58979
8.58979
8.58979
8.58979
8.58979
8.58979
8.58979
8.58979
9.15023
9.15023
9.22755
9.1754
9.1754
9.1754
9.1754
9.1754
9.1754
9.1754
9.1754
9.1754
9.1754
9.1754
9.1754
9.1754
9.17492
9.91856
9.91856
9.91856
9.80178
10.0476
10.0476
10.8222
10.8222
10.8222
10.8222
10.8222
10.8222
10.8222
10.7512
10.7512
10.7512
10.7512
10.7512
10.7512
10.7512
10.7512
10.7512
11.4667
11.4667
11.4667
11.4667
11.4667
11.5584
11.5584
11.6998
11.6998
11.6998
11.6998
11.6998
11.6998
12.1279
12.1279
12.1279
13.1672
13.1672
13.1672
13.1672
13.1672
13.1672
13.1672
13.1672
13.1672
18.7461
18.7461
18.7285
18.7285
18.7285
18.7285
18.7285
19.3548
19.3548
19.3548
19.3548
19.3548
19.3548
19.3425
19.3425
19.3425
19.3425
19.3425
19.3425
19.3425
19.3425
19.3425
19.3425
19.3425
19.3425
19.3425
19.3425
18.1935
18.1479
18.1479
18.1479
18.1479
18.1479
18.1479
18.1479
18.1479
19.305
19.305
19.305
19.305
19.3034
19.3785
19.3785
19.3785
19.4035
19.4035
19.4035
19.4035
19.4035
19.4035
19.4035
19.4035
19.4035
19.4035
19.6005
23.0104
23.0104
23.0104
23.0104
23.0104
22.4818
22.4818
22.4818
22.4818
21.8669
21.8669
21.8669
21.8669
21.8669
21.8669
21.782
21.782
21.782
21.782
21.782
22.0935
22.0935
22.0935
22.0935
22.0935
22.0935
22.0935
22.0935
22.0935
22.6509
22.7191
22.7191
22.7191
22.7191
22.7191
22.7191
22.7191
22.7191
24.1827
24.1827
24.1827
24.1827
24.1827
24.1827
24.1827
24.1827
24.1827
23.9293
23.9293
23.9293
23.9293
23.9293
23.9293
23.9293
24.8032
24.8032
24.8032
24.8032
24.8032
24.8032
24.8032
24.8032
24.8032
24.8032
24.9116
24.9116
24.9116
24.9116
24.9116
24.9116
24.9116
25.3725
25.2921
25.2921
25.2921
25.2921
25.2921
25.2921
25.2921
25.2921
25.2921
25.2921
25.2921
25.2921
25.4993
25.1473
24.8768
24.8768
24.8768
25.3438
28.352
28.352
28.352
28.352
28.352
28.352
28.352
28.352
28.352
28.352
28.352
28.352
28.352
28.352
28.352
28.352
28.352
28.352
28.352
28.352
28.352
28.352
28.352
28.352
30.8607
30.8607
30.8607
31.6176
31.6176
31.6176
31.3099
31.3099
31.3099
31.3099
30.3729
30.3729
30.6264
30.5207
30.5368
30.5368
30.5368
30.5368
30.5368
30.5368
30.5368
30.5368
30.5368
30.5368
30.5368
30.8537
30.8537
30.8537
30.8537
30.8537
30.8537
30.8537
31.0064
29.5365
29.5365
29.5365
29.5365
29.5365
29.5365
29.5365
29.5365
29.5365
29.5365
29.5365
29.5365
29.5365
29.5365
29.5365
29.5365
29.5365
29.5365
29.5365
29.5365
28.6842
28.6842
28.6842
28.6842
28.6842
28.6842
28.6842
28.6842
28.6842
28.6842
28.6842
28.6842
28.6842
28.6842
28.6842
28.6842
28.6842
28.6842
29.8378
29.8378
29.8378
29.8378
29.8378
29.4439
29.4439
29.4439
29.4439
29.4439
29.4439
29.4439
30.2162
30.2162
30.2162
30.2162
30.5538
30.5538
29.2823
29.2823
29.2823
29.2823
29.2823
30.5538
30.5538
30.5538
30.5538
30.5538
30.5538
30.5538
30.5538
30.5538
30.5538
30.5538
30.5538
30.902
30.902
30.902
30.697
30.697
30.697
30.697
30.697
30.697
30.697
30.902
29.9407
29.9407
29.9407
29.9407
29.9407
29.9407
29.9407
30.7124
30.7124
30.7124
30.7124
30.7124
30.7124
30.7124
27.1069
27.1069
27.1069
27.1069
27.1069
27.1069
27.089
27.089
27.089
26.1353
26.1353
26.1155
26.1155
27.1069
27.1069
27.1069
27.1069
27.1069
26.2516
26.2516
26.2516
26.0839
26.0839
26.0839
26.1703
26.1703
26.1703
26.1703
26.279
26.279
26.279
26.279
25.324
25.324
25.324
25.324
24.5967
24.5967
24.5967
24.5967
24.5967
24.9883
24.9883
24.9883
24.9883
24.9883
24.9883
24.9883
24.9883
24.9883
24.9883
24.9883
24.9883
24.9883
24.5565
24.5565
24.5565
24.6282
24.6282
24.6282
24.6282
24.6282
24.6282
24.6282
24.6282
24.6282
24.6282
24.6282
24.6282
24.6282
24.6282
24.6282
24.5654
24.5654
24.5654
24.5654
24.5654
24.5654
24.5654
24.5654
24.5654
24.5654
24.5654
24.5654
24.5654
24.5654
24.5654
24.5654
24.5654
24.5654
24.5654
24.5654
24.5654
24.5654
24.5654
24.5654
24.5654
24.5654
24.5654
24.5654
24.5501
24.5501
24.5501
24.5501
24.5501
24.5501
24.5501
24.5501
24.7864
25.0032
25.0032
25.0032
25.0032
25.0032
25.0032
25.0032
25.2894
25.2894
25.2894
25.2894
25.2894
25.2894
25.2894
25.2894
25.2894
25.2894
25.2894
25.2894
25.2894
25.2894
25.2894
25.2894
25.2894
25.3264
25.3264
25.3264
25.3264
25.3264
25.3264
25.3264
25.3264
25.3264
25.3264
25.3264
25.3264
25.3264
25.3264
25.3264
25.3264
25.3264
25.3264
25.3264
25.3264
25.3264
25.3264
25.3264
25.3264
25.3264
25.6623
25.6623
25.6623
25.6623
25.6623
25.6623
25.6953
25.6953
25.6953
25.6953
25.6953
25.6953
25.6953
25.8025
25.8025
25.8025
25.8025
25.8025
25.5884
25.5884
25.5884
25.5884
25.5884
25.5884
25.5884
25.5884
25.5884
25.5884
25.5884
25.5884
25.5884
25.5884
25.5884
25.5884
25.5884
25.5884
25.5884
25.5884
25.5884
25.8025
25.8025
25.8025
25.8025
25.8025
25.8025
25.8025
25.8025
25.8025
25.8025
25.4713
25.4713
25.4713
25.4713
25.4713
25.4713
25.4713
25.4713
25.4713
25.4713
25.4713
25.4713
25.4713
25.4713
25.4713
25.4713
25.4713


-0.0685858
-0.0904015
-0.0767823
-0.104202
-0.104975
-0.103213
-0.151833
-0.110755
-0.119503
-0.120206
-0.104639
-0.107588
-0.102158
-0.108442
-0.168101
-0.121147
-0.0637023
-0.0755282
-0.110557
-0.101247
-0.02734
-0.0993758
-0.100301
-0.129299
-0.110282
-0.131097
-0.124294
-0.09982
-0.113989
0.135807

0.02

