440.073
440.073
440.073
440.073
440.073
440.073
440.073
440.073
440.073
440.073
440.073
440.073
420.522
420.522
420.522
420.522
420.522
420.522
420.522
420.522
420.522
420.522
420.522
420.522
420.522
420.522
420.522
420.522
420.522
420.522
420.522
420.522
420.522
420.522
420.522
420.522
420.522
390.64
390.64
390.64
390.64
390.64
390.64
390.64
390.64
390.64
390.64
390.64
390.64
390.64
390.64
390.64
390.64
377.179
377.179
377.179
377.179
377.179
377.179
377.179
345.956
345.956
345.956
345.956
338.494
338.494
338.494
338.494
338.494
338.494
338.494
331.661
331.661
331.661
331.661
331.661
331.661
331.661
331.661
331.661
331.661
331.661
331.661
331.661
331.661
331.661
331.661
331.661
331.661
331.661
331.661
331.661
320.998
320.998
320.998
320.998
320.998
320.998
320.998
320.998
320.998
320.998
320.998
320.998
320.998
320.998
320.998
320.998
320.998
320.998
320.998
320.998
320.998
320.998
320.998
320.998
295.665
295.665
295.665
295.665
295.665
295.665
295.665
295.665
295.665
295.665
295.665
295.665
295.665
295.665
295.665
295.665
295.665
295.665
295.665
295.665
295.665
295.665
295.665
295.665
295.665
295.665
295.665
295.665
275.371
275.371
275.371
275.371
275.371
275.371
275.371
275.371
275.371
275.371
275.371
275.371
275.371
275.371
275.371
275.371
275.371
275.371
275.371
275.371
275.371
275.371
275.371
275.371
275.371
275.371
275.371
275.371
275.371
275.371
275.371
275.371
275.371
275.371
275.371
275.371
275.371
275.371
275.371
275.371
275.371
275.371
275.371
275.371
275.371
274.826
274.826
274.826
268.232
268.232
268.232
268.232
268.232
268.232
268.232
268.232
268.232
268.232
268.232
268.232
268.232
268.232
268.232
268.232
268.232
268.232
268.232
268.232
268.232
260.253
260.253
260.253
260.253
260.253
260.253
260.253
260.253
260.253
260.253
260.253
260.253
260.253
260.253
260.253
260.253
260.253
260.253
260.253
260.253
260.253
260.253
260.253
260.253
260.253
260.253
260.253
260.253
260.253
260.253
260.253
260.253
260.253
260.253
260.253
260.253
260.253
260.253
260.253
260.253
260.253
260.253
260.253
260.253
260.253
260.253
260.253
260.253
260.253
260.253
260.253
260.253
260.253
260.253
260.253
260.253
260.253
260.253
260.253
260.253
260.253
260.253
260.253
260.253
260.253
260.253
260.253
260.253
260.253
260.253
260.253
247.033
247.033
247.033
247.033
247.033
247.033
247.033
247.033
247.033
247.033
247.033
247.033
247.033
247.033
247.033
247.033
247.033
247.033
247.033
247.033
247.033
247.033
247.033
247.033
247.033
247.033
247.033
247.033
247.033
247.033
236.469
236.469
236.469
236.469
236.469
236.469
236.469
236.469
236.469
236.469
236.469
236.469
236.469
236.469
236.469
236.469
236.469
236.469
236.469
236.469
236.469
236.469
236.469
229.425
229.425
229.425
229.425
229.425
229.425
229.425
229.425
229.425
229.425
229.425
209.281
209.281
209.281
209.281
209.281
209.281
209.281
209.281
209.281
209.281
209.281
209.281
209.281
209.281
209.281
209.281
209.281
209.281
209.281
209.281
209.281
209.281
209.281
209.281
209.281
209.281
209.281
209.281
196.964
196.964
196.964
196.964
196.964
196.964
196.964
196.964
196.964
196.964
196.964
196.964
196.964
196.964
196.964
196.964
196.964
196.964
196.964
196.964
196.964
193.353
193.353
193.353
193.353
193.353
193.353
193.353
193.353
193.353
193.353
193.353
193.353
193.353
193.353
193.353
193.353
193.353
193.353
193.353
193.353
193.353
193.353
193.353
193.353
193.353
193.353
193.353
193.353
193.353
193.353
191.032
189.537
189.537
189.537
189.537
189.537
189.537
189.537
189.537
177.754
177.754
177.754
177.754
177.754
177.754
177.754
177.754
177.754
177.754
177.754
177.754
177.754
177.754
177.754
177.754
177.754
169.287
169.287
169.287
169.287
169.287
169.287
169.287
169.287
169.287
169.287
169.287
169.287
169.287
169.287
169.287
169.287
169.287
169.287
169.287
169.287
169.287
169.287
169.287
169.287
169.287
169.287
169.287
169.287
169.287
169.287
169.287
166.966
166.966
166.966
166.966
166.966
150.547
150.547
150.547
150.547
150.547
150.547
150.547
150.547
150.547
150.547
150.547
150.547
150.547
150.547
150.547
150.547
150.547
150.547
150.547
150.547
150.547
150.547
150.547
150.547
150.547
150.547
150.547
150.547
150.547
150.547
150.547
150.547
150.547
150.547
150.547
150.547
148.618
148.618
147.091
147.091
147.091
147.091
147.091
147.091
147.091
147.091
147.091
147.091
147.091
147.091
147.091
147.091
147.091
147.091
139.741
139.741
139.741
139.741
139.741
139.741
139.741
139.741
139.741
139.741
139.741
139.741
139.741
139.741
139.741
139.741
139.741
139.741
139.741
139.741
139.741
139.741
139.741
139.741
139.741
139.741
139.741
139.741
139.741
139.741
139.741
139.741
139.741
139.741
139.741
139.741
139.741
139.741
139.741
139.741
139.741
139.741
139.741
139.741
139.741
139.741
139.741
132.679
132.679
132.679
132.679
132.679
132.679
132.679
132.679
132.679
132.679
132.679
132.679
132.679
132.679
132.679
132.679
132.679
132.679
132.679
132.679
132.679
132.679
132.679
132.679
132.679
132.679
132.679
132.679
132.679
132.679
132.679
132.679
132.679
132.679
132.679
132.679
132.679
132.679
132.679
132.679
132.679
132.679
132.679
132.679
132.679
132.679
132.679
132.679
132.679
132.679
132.679
132.679
132.679
132.679
132.679
132.679
132.679
132.679
132.679
132.679
132.679
132.679
132.679
132.679
132.679
132.679
132.679
132.679
132.679
132.679
132.679
132.679
132.679
132.679
132.679
132.679
132.679
132.679
132.679
132.679
132.679
132.679
132.679
132.679
132.679
132.679
132.679
132.679
132.679
132.679
132.679
132.679
132.679
132.679
132.679
132.679
132.679
126.56
126.56
126.56
126.56
126.56
126.56
126.56
126.56
126.56
126.56
126.56
126.56
126.56
126.56
126.56
126.56
126.56
126.56
126.56
126.56
126.56
126.56
126.56
126.56
126.56
126.56
126.56
126.56
126.56
126.56
126.56
126.56
126.56
126.56
126.56
126.56
126.56
126.56
126.56
126.56
126.56
126.56
126.56
126.56
126.56
126.56
126.56
126.56
126.56
126.56
126.56
126.56
126.56
126.56
126.56
126.56
126.56
126.56
126.56
124.03
124.03
124.03
124.03
124.03
124.03
124.03
124.03
124.03
124.03
124.03
124.03
124.03
124.03
124.03
124.03
124.03
124.03
124.03
124.03
124.03
124.03
124.03
124.03
124.03
124.03
121.783
121.783
121.783
121.783
121.783
121.783
121.783
121.783
121.783
121.783
117.318
117.318
117.318
117.318
117.318
117.318
117.318
117.318
116.191
116.191
116.191
116.191
116.191
116.191
116.191
116.191
116.191
116.191
116.191
116.191
116.191
116.191
116.191
116.191
116.191
116.191
116.191
116.191
116.191
116.191
116.191
116.191
116.191
116.191
116.191
116.191
116.191
116.191
116.191
116.191
116.191
116.191
116.191
116.191
114.481
114.481
114.481
114.481
114.481
114.481
114.481
114.481
114.481
114.481
114.481
114.481
114.481
114.481
114.481
114.481
114.481
114.481
114.481
114.481
110.308
110.308
110.308
110.308
110.308
110.308
110.308
110.308
110.308
110.308
110.308
110.308
110.308
110.308
110.308
110.308
110.308
110.308
110.308
109.51
109.51
109.51
109.51
109.51
109.51
109.51
109.51
109.51
109.51
109.51
109.51
109.51
109.265
109.265
109.265
109.265
109.265
109.265
109.265
109.265
109.265
109.265
109.265
109.265
109.265
108.222
108.222
108.222
108.222
108.222
105.975
105.975
105.975
105.975
105.975
105.975
105.975
105.975
105.975
105.975
105.975
105.975
105.975
105.975
105.975
105.975
105.975
105.975
105.975
105.975
105.975
105.975
105.975
105.975
105.975
105.975
105.975
105.975
105.975
105.975
105.975
105.975
105.975
105.975
105.975
105.975
105.975
105.975
105.975
105.975
105.975
105.975
105.975
105.975
105.975
105.975
105.975
105.975
105.975
105.975
105.975
105.975
105.975
105.975
105.975
105.975
105.975
105.975
105.975
105.975
105.975
105.975
105.975
105.975
105.975
105.975
105.975
105.975
105.975
105.975
105.975
105.975
105.975
105.975
103.463
103.463
103.463
103.463
103.463
103.463
103.463
103.463
103.463
103.463
103.463
103.463
103.463
101.216
101.216
101.085
101.085
101.085
101.085
101.085
101.085
101.085
100.97
100.97
100.97
100.97
100.97
100.97
100.97
100.97
100.97
100.97
100.97
100.84
100.84
100.84
100.84
100.84
100.84
100.84
100.84
100.84
100.84
100.84
100.84
100.84
100.84
100.84
100.84
100.84
100.84
100.84
100.84
100.84
100.84
100.84
98.666
98.666
98.666
98.666
98.666
98.666
98.666
98.666
98.666
98.666
98.666
98.666
98.666
98.666
98.666
98.666
98.666
98.666
98.666
98.5357
98.5357
98.5357
98.5357
98.5357
98.5357
98.5357
98.5357
98.5357
98.5357
98.5357
97.3223
97.3223
97.3223
97.3223
97.3223
97.3223
97.3223
97.3223
97.3223
97.3223
97.3223
97.3223
97.3223
97.3223
97.3223
97.3223
97.3223
97.3223
97.3223
97.3223
97.3223
97.3223
97.3223
97.3223
97.3223
97.3223
97.3223
97.3223
97.3223
97.3223
97.3223
97.3223
97.3223
97.3223
97.3223
97.3223
97.3223
97.3223
97.3223
97.3223
97.3223
97.3223
96.9074
96.9074
96.9074
96.9074
96.9074
96.9074
96.9074
96.9074
96.9074
96.9074
96.9074
96.9074
94.3577
94.3577
94.3577
94.3577
94.3577
94.3577
94.3577
94.3577
92.5824
92.5824
92.5824
92.5824
92.5824
92.5824
92.5824
92.5824
92.5824
92.5824
92.5824
92.5824
92.5824
92.5824
92.5824
92.5824
92.5824
92.5824
92.4862
92.4862
92.4862
92.4862
92.4862
92.4862
92.4862
92.4862
92.4862
92.4862
92.4862
92.4862
92.4862
92.4862
92.4862
92.4862
92.4862
92.4862
92.4862
92.4862
92.4862
92.4862
92.4862
92.4862
92.4862
92.4862
92.4862
92.4862
92.4862
92.4862
92.4862
92.4862
92.4862
90.586
90.586
90.586
90.586
90.586
90.586
90.586
89.3332
89.3332
89.3332
89.3332
89.3332
89.3332
89.3332
89.3332
89.3332
89.3332
89.3332
89.3332
89.3332
89.3332
89.3332
89.2029
89.2029
89.2029
89.2029
89.2029
89.2029
83.0626
83.0626
83.0626
83.0626
83.0626
83.0626
83.0626
83.0626
83.0626
83.0626
83.0626
83.0626
83.0626
83.0626
83.0626
83.0626
83.0626
83.0626
83.0626
83.0626
83.0626
83.0626
83.0626
83.0626
83.0626
83.0626
83.0626
83.0626
83.0626
83.0626
83.0626
83.0626
83.0626
83.0626
83.0626
83.0626
83.0626
83.0626
83.0626
83.0626
83.0626
83.0626
83.0626
83.0626
83.0626
83.0626
83.0626
83.0626
83.0626
83.0626
83.0626
83.0626
83.0626
83.0626
83.0626
83.0626
83.0626
83.0626
83.0626
83.0626
83.0626
83.0626
83.0626
83.0626
83.0626
83.0626
83.0626
83.0626
83.0626
83.0626
83.0626
83.0626
83.0626
81.0901
81.0901
81.0901
81.0901
81.0901
81.0901
81.0901
81.0901
81.0901
81.0901
81.0901
81.0901
81.0901
81.0901
81.0901
81.0901
81.0901
81.0901
81.0901
81.0901
81.0901
80.8449
80.8449
80.8449
80.8449
80.8449
80.8449
80.8449
80.8449
80.8449
80.8449
80.8449
80.8449
80.8449
80.8449
80.8449
80.8449
80.8449
80.8449
80.8449
80.8449
80.8449
80.8449
80.8449
80.8449
80.8449
80.8449
76.6942
76.6942
76.6942
76.6942
76.6942
76.6942
76.6942
76.6942
76.6942
76.6942
76.6942
76.6942
76.6942
76.6942
76.6942
76.6942
76.6942
76.6942
76.6942
76.6942
76.6942
76.6942
76.6942
76.6942
76.6942
76.6942
76.6942
76.6942
76.6942
76.6942
76.6942
76.6942
76.6942
76.6942
76.6942
76.6942
76.6942
76.6942
76.6942
76.6942
76.6942
76.6942
76.6942
76.6942
76.6942
76.6942
76.6942
76.6942
76.6942
76.6942
76.6942
76.6942
76.6942
76.6942
76.6942
76.6942
76.6942
76.6942
76.6942
76.6942
76.6942
76.6942
76.6942
76.6942
76.6942
76.6942
76.6942
76.6942
76.6942
76.6942
76.6942
76.6942
76.6942
76.6942
76.6942
76.6942
76.6942
76.6942
76.6942
76.5639
74.2086
74.2086
74.2086
74.2086
74.2086
74.2086
74.2086
74.2086
74.2086
74.2086
74.2086
74.2086
74.2086
74.2086
74.2086
74.2086
74.2086
74.2086
74.2086
74.2086
74.2086
74.2086
74.2086
74.2086
74.2086
74.2086
74.2086
74.2086
74.2086
74.2086
74.2086
74.2086
74.2086
74.2086
74.2086
74.2086
74.2086
74.2086
74.2086
74.2086
74.2086
74.2086
74.2086
74.2086
74.2086
74.2086
74.2086
74.2086
74.2086
74.2086
74.2086
74.2086
74.2086
74.2086
74.2086
74.2086
74.2086
74.2086
74.2086
74.2086
74.2086
74.2086
74.2086
74.2086
74.2086
74.2086
74.2086
74.2086
74.2086
74.2086
74.2086
74.2086
74.2086
74.2086
74.2086
74.2086
74.2086
74.2086
74.2086
74.2086
74.2086
74.2086
74.2086
74.2086
74.2086
74.2086
74.2086
74.2086
74.2086
74.2086
74.2086
74.2086
74.2086
74.2086
74.2086
74.2086
74.2086
74.2086
74.0162
74.0162
74.0162
74.0162
74.0162
74.0162
74.0162
74.0162
74.0162
74.0162
74.0162
74.0162
74.0162
74.0162
74.0162
74.0162
70.5237
70.5237
70.5237
70.5237
70.5237
70.5237
70.5237
70.5237
70.5237
70.5237
67.1648
67.1648
67.1648
67.1648
67.1648
67.1648
67.1648
67.1648
67.1648
67.1648
67.1648
67.1648
67.1648
67.1648
67.1648
67.1648
67.1648
67.1648
67.1648
67.1648
67.1648
67.1648
67.1648
67.1648
67.1648
67.1648
67.1648
67.1648
67.1648
67.1648
67.1648
67.1648
67.1648
67.1648
67.1648
67.1648
67.1648
67.1648
67.1648
67.1648
67.1648
67.1648
67.1648
67.1648
67.1648
67.1648
67.1648
67.1648
67.1648
67.1648
67.1648
67.1648
67.1648
67.1648
67.1648
67.1648
67.1648
67.1648
67.1648
67.1648
67.1648
67.1648
67.1648
67.1648
67.1648
67.1648
67.1648
67.1648
67.1648
67.1648
67.1648
67.1648
67.1648
67.1648
67.1648
65.8331
65.8331
65.8331
65.8331
65.8331
65.8331
65.8331
65.8331
65.8331
65.8331
64.3711
64.3711
64.1767
64.1767
64.1767
64.1767
64.1767
64.1767
64.1767
64.1767
64.1767
64.1767
64.1767
64.1767
64.1767
64.1767
64.1767
64.1767
64.1767
64.1767
64.1767
64.1767
64.1767
64.1767
64.1767
64.1767
64.1767
64.1767
64.1767
64.1767
64.1767
64.1767
64.1767
64.1767
64.1767
64.1767
64.1767
64.1767
64.1767
64.1767
64.1767
64.1767
64.1767
64.1767
64.1767
64.1767
64.1767
64.1767
64.1767
59.6873
59.6873
59.6873
59.0888
59.0888
59.0888
59.0888
59.0888
59.0888
59.0888
59.0888
59.0888
59.0888
59.0888
59.0888
59.0888
59.0888
59.0888
59.0888
59.0888
59.0888
59.0888
54.8893
54.8893
54.8893
54.8893
54.8893
54.8893
54.8893
54.8893
54.8893
54.8893
54.8893
54.8893
54.8893
54.8893
54.8893
54.8893
54.8893
54.8893
54.8893
54.8893
54.8893
54.8893
54.8893
54.8893
54.8893
54.8893
54.8893
54.8893
54.8893
54.8893
54.8893
54.8893
54.8893
54.8893
54.8893
54.8893
54.8893
54.8893
54.8893
54.8893
54.8893
54.8893
54.8893
54.8893
53.5442
53.5442
53.5442
53.5442
53.5442
53.5442
53.5442
53.5442
53.5442
53.5442
53.5442
53.5442
50.7386
50.7386
50.7386
50.7386
50.7386
50.7386
50.7386
50.7386
50.7386
50.7386
50.7386
50.7386
50.7386
50.7386
50.7386
50.7386
50.7386
50.7386
50.7386
50.7386
50.7386
50.7386
50.7386
50.7386
50.7386
50.7386
50.7386
50.7386
50.7386
50.6744
50.6744
50.6744
50.6744
50.6744
50.6744
50.6744
50.6744
50.6744
50.6744
50.6744
50.6744
50.6744
50.6744
50.6744
50.6744
50.6744
50.6744
50.6744
50.6744
50.6744
50.6744
50.6744
50.6744
50.6744
50.6744
50.6744
50.6744
50.6744
50.6744
50.6744
50.6744
50.6744
50.6744
50.6744
50.6744
50.6744
50.6744
50.6744
50.6744
50.6744
50.6744
50.6744
50.6744
50.6744
50.6744
50.6744
50.6744
50.6744
50.6744
50.6744
50.6744
50.6744
50.6744
50.6744
50.6744
50.6744
50.6744
50.6744
50.6744
50.6744
50.6744
50.6744
50.6744
50.6744
50.6744
50.6744
50.6744
50.6744
50.6744
50.6744
50.6744
50.6744
50.6744
50.6744
50.6744
50.6744
50.6744
50.6744
50.6744
50.6744
50.6744
50.6744
50.6744
50.6744
50.6744
50.6744
50.6744
50.6744
50.6744
50.6744
50.6744
50.6744
50.6744
50.6744
50.6744
50.6744
50.6744
50.6744
50.6744
50.6083
50.6083
50.6083
50.6083
50.6083
50.6083
50.6083
50.5441
50.5441
50.5441
50.5441
50.5441
50.5441
50.5441
50.5441
50.5441
50.5441
50.5441
50.5441
50.5441
50.5441
50.5441
50.5441
50.5441
50.5441
50.5441
50.5441
50.5441
50.5441
50.5441
50.5441
50.5441
50.5441
50.5441
50.5441
50.5441
50.5441
50.5441
50.5441
50.5441
50.5441
50.5441
50.5441
50.5441
50.5441
50.5441
50.5441
50.5441
50.5441
50.5441
50.5441
50.5441
50.5441
50.5441
50.5441
50.5441
50.5441
50.5441
50.5441
50.5441
50.5441
50.5441
50.5441
50.5441
50.5441
50.5441
50.5441
50.5441
50.5441
50.5441
50.5441
50.5441
50.5441
50.5441
50.5441
50.5441
50.5441
50.5441
50.5441
50.5441
50.5441
50.5441
50.5441
50.5441
50.5441
50.5441
50.5441
50.5441
50.5441
50.5441
50.5441
50.5441
50.5441
50.5441
50.5441
50.5441
50.5441
50.5441
50.5441
50.5441
50.5441
50.5441
50.5441
50.5441
50.5441
50.5441
50.5441
50.5441
50.5441
50.5441
50.5441
50.5441
50.5441
50.5441
50.5441
50.5441
50.5441
50.5441
50.5441
50.5441
50.5441
50.5441
50.5441
50.5441
50.5441
50.5441
50.5441
50.5441
50.5441
50.5441
50.5441
50.5441
50.5441
50.5441
50.5441
50.5441
50.5441
50.5441


-0.984249
-0.984249
-0.984249
-0.984249
-0.984249
0.0201569
0.0201569
0.0201569
0.0201569
0.102972
1.08675
-0.127035
0.935185
0.935185
0.935185
0.935185
0.935185
-1.05988
0.967998
0.967998
0.967998
0.967998
-0.900184
-0.900184
-0.900184
-0.900184
-0.900184
1.97834
1.97834
-0.984249

0.038

