361.583
361.583
361.583
361.583
361.583
361.583
361.583
361.583
361.583
361.583
361.583
361.583
309.212
309.212
309.212
309.212
309.212
309.212
309.212
309.212
309.212
309.212
309.212
309.212
309.212
309.212
309.212
309.212
309.212
309.212
309.212
309.212
309.212
304.409
304.409
304.409
304.409
304.409
304.409
304.409
304.409
304.409
304.409
309.212
309.212
309.212
306.083
306.083
287.398
287.398
287.398
287.398
287.398
287.398
287.398
306.083
291.373
291.373
291.373
291.373
291.373
291.373
291.373
291.373
291.373
291.373
291.373
273.781
273.781
273.781
273.781
245.236
245.236
245.236
245.236
245.236
245.236
245.236
245.236
245.236
245.236
245.236
245.236
245.236
245.236
245.236
245.236
245.236
245.236
245.236
245.236
245.236
245.236
245.236
245.236
249.259
249.259
249.259
245.236
245.236
245.236
245.236
245.236
245.236
245.236
245.236
245.236
245.236
245.236
245.236
245.236
245.236
245.236
245.236
245.236
245.236
245.236
245.236
245.236
245.236
245.236
245.236
245.236
245.236
245.236
245.236
245.236
245.236
251.043
251.043
251.043
251.043
251.043
257.097
257.097
257.097
257.097
257.097
257.097
257.097
257.097
257.097
257.097
257.097
257.097
257.097
257.097
257.097
257.097
257.097
257.097
257.097
257.097
257.097
257.097
257.097
257.097
257.097
257.097
257.097
257.097
257.097
257.097
227.505
227.505
227.505
227.505
227.505
227.505
227.505
227.505
227.505
257.097
257.097
257.097
227.505
227.505
227.505
227.505
227.505
227.505
227.505
227.505
227.505
227.505
227.505
227.505
227.505
227.505
227.505
257.097
257.097
257.097
257.097
257.097
257.097
257.097
257.097
257.097
257.097
257.097
257.097
257.097
257.378
257.378
257.378
257.378
257.378
257.378
257.378
257.378
257.378
257.378
257.378
257.378
256.849
256.821
256.821
256.821
256.821
256.821
256.821
256.821
256.821
256.821
256.821
256.821
256.821
256.821
257.378
257.378
257.378
245.344
245.344
245.344
245.344
245.344
245.344
245.344
230.087
230.087
230.087
230.087
230.087
230.087
230.087
230.087
230.087
230.087
230.087
230.087
231.857
231.857
231.857
231.857
231.857
230.087
230.087
230.087
230.087
230.087
230.087
230.087
230.087
230.087
230.087
230.087
230.087
230.087
230.087
230.087
230.087
231.362
231.362
231.362
230.087
230.087
230.087
230.087
230.087
230.087
230.087
230.087
230.087
230.087
231.362
231.362
231.362
231.362
231.362
230.087
230.087
230.087
230.087
230.087
230.087
230.087
230.087
230.087
230.087
230.087
230.087
230.087
230.087
230.087
230.087
230.087
230.087
230.087
230.087
230.087
230.087
230.087
230.087
230.087
230.087
230.087
230.087
230.087
230.087
230.087
230.087
230.087
230.087
230.087
230.087
230.087
230.087
230.087
230.087
230.087
230.087
230.087
230.087
230.087
230.087
230.087
230.087
230.087
230.087
230.087
230.087
230.087
230.087
230.087
230.087
230.087
230.087
230.087
230.087
230.087
230.087
230.087
230.087
230.087
230.087
230.087
230.087
230.087
230.087
230.087
230.087
230.087
230.087
230.087
230.087
230.087
230.087
230.087
230.087
230.087
230.087
230.087
230.087
230.087
230.087
230.087
230.087
230.087
230.087
230.087
230.087
230.087
230.087
230.087
230.087
230.087
230.087
230.087
230.087
230.087
230.087
230.087
230.087
230.087
230.087
230.087
230.087
230.087
230.087
230.087
230.087
230.087
230.087
230.087
230.087
230.087
230.087
230.087
230.087
230.087
237.191
237.191
237.191
237.191
237.191
237.191
237.191
237.191
237.191
237.191
237.191
240.781
240.781
240.781
240.781
240.781
240.781
240.781
240.781
240.781
240.781
240.781
240.781
240.781
240.781
240.781
240.781
240.781
240.781
240.781
240.781
240.781
240.781
240.781
240.781
240.781
240.781
240.781
240.781
240.781
240.781
240.781
240.781
240.781
240.781
254.277
254.277
254.277
254.277
254.277
254.277
254.277
243.392
243.392
243.392
243.392
243.392
243.392
243.392
243.392
243.392
243.392
243.392
243.392
243.392
243.392
243.392
245.575
245.575
254.277
254.277
254.277
254.277
254.277
254.277
254.277
254.277
254.277
254.277
254.277
254.277
254.277
254.277
254.277
254.277
254.277
254.277
254.277
254.277
254.277
254.277
254.277
254.277
254.277
254.277
254.277
254.277
254.277
254.277
254.277
254.277
254.277
254.277
254.277
254.277
254.277
254.277
254.277
254.277
254.277
254.277
254.277
254.277
254.277
254.277
254.277
244.009
244.009
244.009
244.009
244.009
244.009
244.009
244.009
244.009
244.009
246.769
246.769
246.769
254.277
246.769
246.769
246.769
246.769
245.403
245.403
245.403
232.253
232.253
232.253
232.253
232.253
232.253
232.253
232.253
231.603
231.603
231.603
231.603
231.603
231.603
231.603
231.603
231.603
231.603
231.603
231.603
231.603
231.603
231.603
231.497
231.497
231.497
231.497
231.497
231.497
231.497
231.497
231.497
231.497
221.195
221.195
221.195
221.195
221.195
221.195
221.195
221.195
221.195
221.195
221.195
221.195
221.195
221.195
221.195
221.195
223.242
223.242
220.391
220.391
220.391
220.391
220.391
218.618
218.618
218.618
218.618
218.618
218.618
218.618
218.618
218.618
218.618
218.618
218.618
217.417
217.417
217.417
217.417
217.417
217.417
217.417
217.417
217.417
217.417
217.417
217.417
217.417
217.417
217.417
217.417
218.618
218.618
218.618
218.618
218.618
221.483
221.483
221.483
221.483
221.483
224.939
224.939
224.939
224.939
224.939
224.939
224.939
229.149
229.149
224.939
224.939
224.939
224.939
224.939
224.939
224.939
224.939
221.317
221.317
221.317
221.317
221.317
221.317
221.317
221.317
224.939
224.939
224.939
224.939
224.939
224.939
224.939
224.939
224.939
224.939
224.939
204.684
204.684
204.684
204.684
204.684
204.684
204.684
204.684
204.684
204.684
204.684
204.684
204.684
204.684
204.684
204.684
204.684
204.684
204.684
204.684
204.684
204.684
204.684
204.684
204.684
204.684
204.684
204.684
204.684
204.684
204.684
204.684
204.684
204.684
204.684
204.684
204.684
204.684
204.684
204.684
204.684
204.684
204.684
204.684
204.684
204.684
204.684
204.684
204.684
204.684
204.684
204.684
204.684
204.684
204.684
204.684
204.684
204.684
204.684
204.684
204.684
204.684
204.684
204.684
204.684
204.684
204.684
204.684
204.684
204.684
204.684
204.684
204.684
204.684
204.684
204.684
204.684
204.684
204.684
204.684
204.684
204.684
204.684
204.684
204.684
204.684
204.684
204.684
204.684
204.684
204.684
204.684
204.684
204.684
204.684
204.684
204.684
204.684
204.684
204.684
204.684
204.684
204.684
204.684
204.684
204.684
204.684
204.684
204.684
204.684
206.477
209.233
207.91
207.91
207.91
207.91
207.91
207.91
207.91
207.91
207.91
207.91
207.91
207.91
207.91
207.91
207.91
207.91
207.91
207.91
207.91
207.91
210.037
210.037
210.037
210.037
210.037
210.037
210.037
210.037
210.037
210.037
210.037
210.037
210.037
210.037
210.037
210.037
210.037
210.037
210.037
210.037
210.037
210.037
210.037
210.037
210.037
210.037
206.477
206.477
206.477
206.477
206.477
206.477
206.477
206.477
206.477
206.477
206.477
206.477
206.477
206.477
206.477
206.477
206.477
206.477
206.477
206.477
206.477
206.477
206.477
206.477
206.477
206.477
206.477
206.477
206.477
206.477
206.477
206.477
206.477
206.477
206.477
206.477
206.477
206.477
206.477
206.477
206.477
206.477
206.477
206.477
206.477
206.477
206.477
206.477
206.477
206.477
206.477
206.477
206.477
206.477
206.477
206.477
206.477
206.477
206.477
206.477
206.477
206.477
206.477
206.477
207.91
207.91
207.91
207.91
207.91
207.91
207.91
207.91
207.91
207.91
207.91
207.91
207.91
207.91
207.91
207.91
207.91
207.91
207.91
207.91
207.91
207.91
207.91
207.91
206.477
206.477
206.477
206.477
206.477
206.477
206.477
206.477
206.477
206.477
207.91
207.91
207.91
207.91
207.91
207.91
207.91
219.645
219.645
219.645
219.645
219.645
219.645
219.645
219.645
219.645
219.645
219.645
219.645
219.645
219.645
219.645
219.645
219.645
219.645
219.645
219.157
219.157
219.157
219.157
219.157
219.157
219.157
219.157
219.157
219.157
219.157
219.157
219.157
219.157
217.659
217.659
217.659
217.659
217.659
217.659
217.659
217.659
217.659
217.659
207.276
207.276
207.276
207.276
207.276
207.276
207.276
207.276
207.276
207.276
207.276
207.276
207.276
207.276
207.276
207.276
210.47
210.47
210.47
210.47
210.47
208.503
208.503
208.503
208.503
208.503
208.503
208.503
208.503
208.503
208.503
208.503
208.503
208.503
208.503
208.503
208.503
208.503
208.503
208.503
208.503
208.503
208.503
208.503
208.503
208.503
208.503
208.503
208.503
208.503
208.503
208.503
208.503
208.503
208.503
208.503
208.503
208.503
208.503
208.503
208.503
208.503
208.503
208.503
208.503
208.503
208.503
208.503
208.503
208.503
208.503
208.503
209.545
209.545
209.545
209.545
209.545
209.545
209.545
215.391
215.391
215.391
215.391
215.391
219.862
219.862
219.862
219.862
219.862
220.168
220.168
220.168
219.157
219.157
219.157
219.157
219.157
219.157
219.157
219.157
234.005
217.272
217.272
217.272
217.272
217.272
217.272
217.272
217.272
217.272
217.272
217.272
217.272
217.272
219.157
219.157
219.157
219.157
219.157
219.157
219.157
219.157
219.157
219.157
219.157
219.157
219.157
219.157
219.157
219.157
219.157
219.157
219.157
219.157
219.157
219.157
219.157
219.157
219.157
219.157
219.157
219.157
219.157
219.157
219.157
219.157
219.157
219.157
219.157
219.157
219.157
219.157
219.157
219.157
219.157
219.157
219.157
219.157
219.157
219.157
219.157
219.157
219.157
219.157
219.157
219.157
219.157
219.157
219.157
219.157
219.157
219.157
219.157
219.157
219.157
219.157
219.157
219.157
220.047
220.047
220.047
220.047
220.047
220.047
220.047
220.047
220.047
220.047
220.047
220.047
220.047
220.047
220.047
220.047
220.047
220.047
220.047
220.047
220.047
220.047
220.047
220.047
220.047
220.047
220.047
220.047
220.047
220.047
220.047
220.566
224.967
224.967
224.967
224.967
224.967
224.967
223.79
223.79
223.79
223.79
223.79
223.79
223.79
223.79
223.79
223.79
223.79
223.79
223.79
223.79
223.79
223.79
223.79
223.79
223.79
223.79
223.79
223.79
223.79
223.79
223.79
223.79
223.79
223.79
223.79
223.79
223.79
223.79
223.79
223.79
223.79
223.79
223.79
223.79
223.79
223.79
223.79
228.04
228.04
228.04
228.04
228.04
228.04
228.04
228.04
233.183
233.183
233.183
233.183
233.183
233.183
233.183
233.183
228.04
228.04
228.04
228.04
228.04
228.04
228.04
228.04
228.04
228.04
228.04
228.04
228.04
228.04
228.04
228.04
228.04
228.04
228.04
228.04
228.04
228.04
228.04
228.04
228.04
228.04
228.04
228.04
228.04
228.04
228.04
228.04
228.04
228.04
228.04
228.04
228.04
228.04
228.04
228.04
228.04
228.04
228.04
228.04
228.04
228.04
228.04
228.04
228.04
228.04
228.04
228.04
228.04
228.04
228.04
228.04
228.04
228.04
228.04
228.04
228.04
228.04
228.04
228.04
228.04
228.04
228.04
228.04
228.04
228.04
228.04
228.04
228.04
228.04
228.04
228.04
228.04
228.04
228.04
228.04
228.04
228.04
228.04
228.04
228.04
228.04
228.04
228.04
228.04
228.04
242.042
242.042
242.042
242.042
242.042
242.042
242.042
242.042
242.042
242.042
242.042
242.042
242.042
242.042
242.042
242.042
242.042
242.042
242.042
242.042
242.042
242.042
242.042
242.042
242.042
242.042
242.042
242.042
242.042
242.042
242.042
242.042
242.042
242.042
242.042
242.042
242.042
242.042
242.042
242.042
242.042
242.042
242.042
242.042
242.042
242.042
242.042
249.626
249.626
249.626
249.626
249.626
249.626
249.626
249.626
249.626
249.626
249.626
248.672
248.672
248.672
248.672
248.672
248.672
248.672
248.672
247.604
247.604
247.604
247.604
247.604
247.604
247.604
247.604
247.604
246.78
246.78
246.78
246.78
246.78
246.78
247.604
247.604
247.604
246.78
245.022
245.022
245.022
242.419
242.419
242.419
242.419
242.419
242.419
242.419
242.419
242.419
242.419
242.419
242.419
242.419
242.419
242.419
242.419
242.419
242.419
245.713
245.713
245.713
245.713
245.713
245.713
245.713
245.713
245.713
245.713
245.713
245.713
245.713
245.713
245.713
245.713
245.713
245.713
245.713
245.713
245.713
245.713
245.713
245.713
248.401
248.401
248.401
248.401
247.583
247.583
247.583
247.583
248.401
248.401
248.401
248.401
248.401
248.401
248.401
248.401
248.401
248.401
248.401
247.204
247.204
247.204
247.204
247.204
247.204
247.204
246.345
246.345
246.345
246.345
246.345
246.345
246.345
246.345
246.345
246.345
246.345
246.345
246.345
246.345
246.345
246.345
246.345
246.345
246.345
246.345
245.713
245.713
245.713
245.713
245.713
245.713
245.713
245.713
245.713
245.713
245.713
245.713
245.713
245.713
245.713
245.713
245.713
245.713
245.713
245.713
245.713
245.713
245.713
245.713
245.713
245.713
245.713
247.109
247.109
247.109
247.109
247.109
247.109
247.109
247.109
247.109
247.329
247.329
247.329
247.329
247.329
247.329
247.329
247.329
247.329
247.329
247.329
248.321
245.722
245.722
245.722
245.722
245.722
245.722
245.722
245.722
245.722
245.722
245.722
245.722
245.722
245.722
245.722
245.722
245.722
245.722
245.722
245.722
245.722
245.722
245.722
245.722
245.722
245.722
245.722
245.722
245.722
245.722
245.722
245.722
248.298
245.722
245.722
245.722
245.722
245.722
245.722
245.722
245.722
245.722
243.683
243.683
243.683
243.683
243.683
243.683
243.683
243.683
243.683
243.683
243.683
243.683
243.683
243.683
243.683
243.683
243.683
243.683
243.573
243.573
243.573
243.573
243.573
243.573
243.573
243.573
243.573
243.573
243.573
243.573
243.573
243.573
243.573
243.573
243.573
243.573
243.573
243.573
243.573
243.573
243.573
243.573
243.573
243.573
243.573
243.573
243.573
243.573
243.573
243.573
243.573
243.573
243.573
243.573
243.573
243.573
243.573
243.573
243.573
243.573
243.573
243.573
243.573
243.573
243.573
243.573
243.573
243.573
243.573
245.678
245.678
245.678
245.678
245.678
245.678
245.678
245.678
245.678
245.678
245.678
245.678
245.678
245.678
245.678
245.678
245.678
245.678
245.678
245.678
245.678
245.678
245.678
245.678
245.678
245.678
245.678
245.678
245.678
245.678
246.201
246.201
246.201
246.201
246.201
246.201
246.201
246.201
246.201
246.201
246.201
246.201
246.201
246.545
246.545
246.545
246.545
246.545
246.545
246.545
246.545
246.545
246.73
246.73
246.73
246.73
246.73
246.73
246.201
246.201
246.201
246.201
246.201
246.201
246.201
246.201
246.201
246.201
246.201
246.201
246.201
247.295
247.295
246.201
246.201
246.201
246.201
246.201
246.201
246.201
246.201
246.201
246.201
246.201
246.201
246.201
246.201
246.201
246.201
246.201
246.201
244.539
244.539
244.539
244.539
244.539
244.539
244.539
244.539
244.539
244.539
244.539
244.539
244.539
244.539
244.539
244.539
244.539
244.539
244.539
244.539
244.539
244.539
244.539
244.539
244.539
244.539
244.539
244.539
244.539
244.539
241.422
241.422
241.422
241.422
241.422
241.422
241.422
241.422
241.422
241.422
241.422
241.422
241.422
241.422
241.422
241.422
241.422
242.251
242.251
242.251
242.251
242.251
242.251
242.251
242.251
242.251
242.251
242.251
242.251
242.251
242.251
242.251
242.251
242.251
242.251
242.251
242.251
242.251
242.251
242.251
242.251
242.251
242.251
242.251
242.251
242.251
242.251
243.126
243.126
243.126
243.126
243.126
243.126
243.126
243.126
243.126
243.126
243.126
243.126
243.126
243.126
243.733
243.733
243.733
243.733
236.827
236.827
236.827
236.827
236.827
236.827
236.827
236.827
236.827
236.827
236.827
236.827
236.827
236.827
236.827
236.827
236.827
236.827
236.827
236.827
236.827
236.827
236.827
236.827
236.827
236.827
236.827
236.827
236.827
236.827
236.827
236.827
236.827
236.827
236.827
236.827
236.827
236.827
236.827
236.827
236.827
236.827
236.827
236.827
236.827
236.827
236.827
236.827
236.827
236.827
236.827
236.827
236.827
236.827
236.827
236.827
236.827
236.827
236.827
236.827
236.827
236.827
236.827
236.827
236.827
236.827
236.827
236.827
236.827
236.827
236.827
236.827
236.827
236.827
236.827
236.827
236.827
236.827
236.827
237.514
237.514
237.514
237.514
237.514
237.514
237.514
237.514
237.514
237.514
237.514
237.514
243.733
243.739
243.739
243.739
243.739
243.739
243.739
243.993
243.993
243.993
243.993
243.993
243.993
243.993
243.993
243.993
243.993
243.993
243.993
243.993
237.915
237.915
237.915
237.915
237.915
237.915
237.915
237.915
237.915
237.915
237.915
237.915
243.993
243.993
243.993
243.993
243.993
243.993
243.993
243.993
243.993


0.994958
-0.0294913
0.0721778
0.717172
0.238385
0.254741
-0.464221
0.803478
0.203339
1.11733
0.266395
0.152223
0.274967
0.573999
0.799392
0.180112
-0.993161
-0.650865
0.150218
0.80835
0.14472
0.0817073
0.302352
-0.024165
0.270679
0.0447811
0.0396336
0.765401
1.05078
-0.926052

0.034

