8157.09
8157.09
2148.75
2148.75
1335.06
1335.06
1335.06
1335.06
1335.06
1335.06
1335.06
1335.06
1335.06
1159.36
1335.06
117.721
117.721
117.721
117.721
117.721
117.721
85.5981
57.3293
57.3293
57.3293
85.5981
85.5981
85.5981
85.5981
85.5981
81.2703
81.2703
59.7645
59.7645
59.7645
59.7645
59.7645
61.2451
61.2451
54.9908
54.9908
54.9908
54.9908
53.8181
53.8181
53.8181
53.8181
55.7927
55.7927
55.7927
57.2103
57.2103
57.2103
57.2103
57.2103
57.2103
57.2103
52.8772
52.8772
52.8772
52.8772
52.8772
52.8772
52.8772
52.8772
52.8772
52.8772
52.8772
79.7901
79.7901
205.498
503.141
166.004
166.004
166.004
166.004
423.118
423.118
423.118
423.118
423.118
423.118
423.118
1262.91
1262.91
1262.91
1262.91
1262.91
1262.91
714.384
714.384
714.384
714.384
714.384
714.384
59.3312
59.3312
59.3312
59.3312
59.3312
59.3312
59.3312
59.3312
59.3312
59.3312
59.3312
59.3312
44.2942
44.2942
44.2942
44.2942
44.2942
44.2942
44.2942
54.2848
54.2848
54.2848
54.2848
54.2848
54.2848
54.2848
54.2848
48.4346
48.4346
48.4346
48.4346
48.4346
48.4346
48.4346
48.4346
48.4346
48.4346
48.4346
48.4346
48.4346
54.2848
57.8994
57.8994
57.8994
57.8994
57.8994
57.8994
57.8994
57.8994
57.8994
81.3378
67.683
67.683
67.683
67.683
67.683
67.683
67.683
67.683
67.683
67.683
67.683
67.683
63.7189
63.7189
63.7189
67.683
81.3378
81.3378
88.165
88.165
88.165
88.165
114.941
114.941
114.941
114.941
114.941
114.941
114.941
114.941
114.941
114.941
114.941
64.3202
64.3202
59.814
59.814
59.814
59.814
59.814
59.814
53.8064
53.8064
53.8064
58.069
58.069
58.069
58.069
58.069
60.5564
60.5564
60.5564
48.1112
48.1112
48.1112
48.1112
48.1112
48.1112
48.1112
48.1112
48.1112
48.1112
48.1112
48.1112
48.1112
48.1112
48.1112
48.1112
48.1112
48.1112
48.1112
48.1112
48.1112
48.1112
48.1112
48.1112
48.1112
56.5902
56.5902
56.5902
54.837
49.425
49.425
49.425
49.425
49.425
49.425
54.837
54.837
54.837
54.837
54.837
54.837
54.837
54.837
58.5224
58.5224
58.5224
58.5224
58.5224
58.5224
58.5224
58.5224
59.3073
59.3073
59.3073
48.6482
48.6482
48.6482
48.6482
48.6482
48.6482
48.6482
48.6482
48.6482
48.6482
48.0502
48.0502
48.0502
48.0502
59.3073
59.3073
59.3073
59.3073
59.3073
59.3073
59.3073
59.3073
59.3073
59.3073
59.3073
59.3073
59.3073
59.3073
59.3073
59.3073
59.3073
59.3073
59.3073
59.3073
50.5482
50.5482
50.5482
50.5482
54.9868
56.4608
56.4608
105.854
105.854
105.854
105.854
47.2116
47.2116
47.2116
47.2116
47.2116
47.2116
47.2116
47.2116
47.2116
47.2116
47.2116
47.2116
47.2116
47.2116
47.2116
47.2116
47.2116
47.2116
47.2116
47.2116
47.2116
47.2116
47.2116
126.563
126.563
126.563
126.563
2121.32
2121.32
2121.32
2121.32
2121.32
2121.32
2121.32
2121.32
2121.32
2121.32
2121.32
2121.32
2121.32
2121.32
2121.32
2121.32
2121.32
1276.18
276.647
276.647
276.647
65.0224
65.0224
65.0224
65.0224
65.0224
65.0224
65.0224
65.0224
65.0224
65.0224
47.1938
47.1938
47.1938
47.1938
47.1938
47.1938
47.1938
97.4966
97.4966
97.4966
97.4966
97.4966
97.4966
97.4966
113.398
113.398
113.398
511.67
511.67
484.828
484.828
148.567
148.567
148.567
148.567
148.567
148.567
148.567
148.567
148.567
148.567
148.567
148.567
511.67
511.67
615.866
60.72
63.0037
615.866
615.866
615.866
615.866
615.866
238.575
238.575
238.575
238.575
238.575
238.575
54.4958
238.575
238.575
191.708
147.339
147.339
147.339
147.339
147.339
147.339
147.339
147.339
147.339
147.339
255.932
255.932
255.932
255.932
255.932
255.932
255.932
255.932
255.932
255.932
255.932
255.932
255.932
255.932
367.399
367.399
367.399
367.399
367.399
367.399
367.399
367.399
367.399
367.399
367.399
367.399
367.399
86.7584
86.7584
86.7584
86.7584
86.7584
86.7584
86.7584
86.7584
212.789
76.278
76.278
58.5109
58.5109
58.5109
58.5109
68.1519
68.1519
49.6032
49.3883
49.3883
49.3883
81.7359
71.3375
71.3375
71.3375
71.3375
71.3375
71.3375
71.3375
71.3375
71.3375
71.3375
267.3
267.3
267.3
267.3
267.3
267.3
267.3
267.3
267.3
267.3
267.3
794.295
794.295
1093.28
1093.28
1093.28
1093.28
1093.28
1093.28
1093.28
2725.72
2725.72
2725.72
2725.72
2725.72
2725.72
10869.5
10869.5
6747.52
6747.52
6747.52
6747.52
6747.52
196.583
196.583
196.583
196.583
196.583
196.583
196.583
196.583
4547.87
4547.87
4547.87
4547.87
825.939
825.939
825.939
825.939
825.939
825.939
825.939
825.939
825.939
825.939
825.939
825.939
825.939
825.939
825.939
825.939
825.939
825.939
825.939
825.939
1257.34
1257.34
1257.34
101.369
101.369
101.369
101.369
101.369
101.369
101.369
101.369
101.369
101.369
101.369
101.369
13631.4
13631.4
13631.4
2370.36
2370.36
2370.36
2370.36
2370.36
13631.4
13631.4
706.113
706.113
706.113
706.113
847.176
847.176
847.176
898.687
898.687
898.687
898.687
898.687
1871.61
1871.61
1871.61
1871.61
1871.61
1871.61
1871.61
1871.61
1871.61
1871.61
3458.59
3458.59
3458.59
3458.59
3458.59
3458.59
3458.59
3458.59
11745.6
11745.6
9212.94
9212.94
9212.94
9212.94
9212.94
6504.48
6504.48
6504.48
6504.48
6504.48
6504.48
6504.48
6504.48
6504.48
6504.48
6504.48
6504.48
6504.48
6504.48
6504.48
6504.48
6504.48
6504.48
286.768
286.768
286.768
286.768
286.768
1547.24
1547.24
1547.24
558.35
457.521
457.521
457.521
457.521
457.521
457.521
457.521
457.521
457.521
457.521
457.521
457.521
457.521
1354.09
7658.38
7658.38
7658.38
7658.38
7658.38
7658.38
7658.38
7658.38
7658.38
7658.38
7658.38
7658.38
7658.38
7658.38
7658.38
7658.38
7658.38
87.8988
87.8988
87.8988
87.8988
87.8988
87.8988
87.8988
87.8988
87.8988
87.8988
174.415
174.415
174.415
174.415
174.415
174.415
181.249
181.249
181.249
181.249
181.249
181.249
181.249
181.249
181.249
181.249
181.249
181.249
181.249
181.249
181.249
153.519
153.519
153.519
153.519
1127.73
1127.73
1127.73
1127.73
1127.73
1127.73
1127.73
1127.73
1127.73
1127.73
1127.73
59.9487
59.9487
67.2441
67.2441
67.2441
67.2441
67.2441
67.2441
657.801
657.801
657.801
657.801
657.801
657.801
657.801
6768.74
6768.74
6768.74
6768.74
6768.74
6768.74
6768.74
6768.74
6768.74
6768.74
6768.74
603.619
603.619
23888.4
23888.4
23888.4
23888.4
23888.4
23888.4
23888.4
23888.4
23888.4
23888.4
23888.4
792.336
792.336
792.336
792.336
792.336
792.336
792.336
792.336
792.336
792.336
792.336
792.336
792.336
792.336
792.336
792.336
792.336
295.518
295.518
295.518
295.518
295.518
295.518
295.518
295.518
295.518
295.518
295.518
295.518
112.608
112.608
112.608
112.608
112.608
112.608
112.608
112.608
112.608
112.608
112.608
138.295
138.295
138.295
138.295
138.295
138.295
1438.05
1438.05
1438.05
1438.05
1438.05
1438.05
1438.05
1438.05
1438.05
1438.05
1438.05
2278.48
682.221
682.221
682.221
682.221
585.39
585.39
2486.93
2486.93
2486.93
9810.72
9810.72
9810.72
9810.72
9810.72
9810.72
313.307
249.753
249.753
249.753
249.753
249.753
11257.9
11257.9
11257.9
11257.9
11082.3
11082.3
11082.3
11082.3
11082.3
11557.3
11557.3
11557.3
1384.86
204.526
204.526
204.526
204.526
204.526
204.526
204.526
204.526
204.526
204.526
204.526
1126.63
1126.63
1126.63
1126.63
1126.63
1126.63
1126.63
1126.63
1126.63
1126.63
1126.63
1126.63
1126.63
1126.63
1126.63
1126.63
1126.63
1126.63
1126.63
1126.63
469.261
469.261
323.237
323.237
323.237
1089.52
423.47
423.47
423.47
133.648
133.648
48.6084
48.6084
48.6084
174.696
174.696
174.696
174.696
174.696
174.696
174.696
58.375
58.375
58.375
191.016
191.016
191.016
191.016
191.016
191.016
191.016
191.016
191.016
191.016
191.016
209.019
209.019
50.715
50.715
50.715
50.715
50.715
50.715
50.715
50.715
50.715
50.715
50.715
50.715
50.715
380.499
380.499
380.499
380.499
380.499
380.499
380.499
400.041
400.041
383.354
383.354
383.354
383.354
383.354
383.354
383.354
383.354
383.354
383.354
383.354
383.354
257.277
191.13
57.0395
46.6363
46.6363
46.6363
50.1692
50.1692
50.1692
50.1692
50.1692
50.1692
50.1692
50.1692
50.1692
50.1692
50.1692
50.1692
50.1692
50.1692
50.1692
50.1692
50.1692
50.1692
50.1692
50.1692
50.1692
50.1692
50.1692
50.1692
57.5726
57.5726
57.5726
57.5726
57.5726
57.5726
57.5726
57.5726
57.5726
57.5726
57.5726
57.5726
57.5726
57.5726
57.5726
57.5726
57.5726
57.5726
57.5726
57.5726
57.5726
57.5726
57.5726
57.5726
57.5726
57.5726
57.5726
57.5726
57.5726
57.5726
57.5726
57.5726
57.5726
57.5726
57.5726
57.5726
57.5726
57.5726
57.5726
57.5726
57.5726
57.5726
57.5726
57.5726
55.7988
55.7988
55.7988
52.9679
52.9679
52.9679
52.9679
52.9679
52.9679
52.9679
52.9679
52.9679
52.9679
52.9679
53.4177
53.4177
53.4177
94.5547
94.5547
94.5547
65.5707
65.5707
65.5707
57.0401
57.0401
57.0401
57.0401
56.7751
56.7751
56.7751
56.7751
56.7751
56.7751
56.7751
56.7751
50.8489
50.8489
50.8489
39.4139
39.4139
39.4139
40.4
40.4
40.4
40.4
40.4
40.4
40.4
40.4
40.4
46.3417
44.619
44.619
40.829
40.829
40.829
40.829
40.829
40.829
40.829
40.829
40.829
41.1206
41.1206
41.1206
41.1206
41.1206
41.1206
41.1206
41.1206
41.1206
41.1206
41.1206
41.1206
41.1206
41.1206
41.1206
41.1206
41.1206
41.1206
37.697
37.697
37.697
37.697
37.697
36.9928
41.8398
41.8398
41.8398
41.8398
41.8398
41.8398
41.8398
41.8398
42.5314
42.5314
42.5314
42.5314
42.5314
42.5314
42.5314
41.1744
41.1744
41.1744
41.1744
41.1744
41.1744
40.0137
40.0137
40.0137
40.0137
40.0137
40.0137
40.0137
40.0137
40.0137
40.0137
40.0137
40.0137
40.0137
40.0137
42.9787
42.9787
42.9787
42.8206
42.8206
42.8206
42.8206
42.8206
42.8206
42.8206
42.8206
42.8206
42.8206
42.8206
42.8206
42.8206
44.3629
44.3629
44.3629
44.3629
44.3629
44.3629
44.3629
44.3629
44.3629
44.3629
44.3629
43.2176
43.2176
43.2176
43.2176
43.2176
43.2176
43.2176
43.2176
43.2176
43.2176
43.2176
43.2176
43.2176
43.2176
39.1284
39.1284
39.1284
39.1284
39.1284
39.1284
39.1284
39.1284
39.1284
39.1284
39.1284
39.1284
39.1284
36.981
39.0311
39.0311
40.695
40.695
40.695
40.695
40.695
40.695
40.695
40.695
40.695
40.695
40.695
40.695
40.695
40.695
40.695
40.695
40.695
36.0976
36.0976
36.0976
36.0976
36.0976
36.0976
36.0976
36.0976
36.0976
36.0976
36.0976
44.6909
44.6909
44.6909
46.461
41.0856
41.0856
41.0856
41.0856
41.0856
41.0856
41.0856
41.0856
41.0856
44.9194
44.9194
44.9194
44.9194
44.9194
44.9194
44.9194
44.9194
44.9194
44.9194
44.9194
44.9194
47.8664
47.8664
47.8664
47.8664
46.3631
46.3631
46.3631
47.8664
47.3536
47.3536
47.3536
47.3536
47.3536
47.3536
47.3536
47.3536
47.3536
47.3536
47.3536
43.6779
42.493
42.493
43.6779
43.6779
43.6779
43.6779
46.3397
41.9878
41.9878
41.9878
41.9878
41.9878
41.9878
41.9878
41.9878
41.9878
42.2421
42.2421
42.2421
42.2421
42.2421
42.2421
42.2421
42.2421
42.2421
42.2421
42.4239
42.4239
42.4239
42.3906
42.3906
42.3906
41.7081
41.2142
41.2142
41.2142
41.2142
41.2142
41.2142
41.2142
41.2142
41.2142
41.2142
42.0265
42.0265
42.0265
42.0265
42.0265
42.0265
43.4845
43.9959
43.9959
39.523
39.523
39.523
39.523
39.523
43.3564
43.3564
43.3564
43.3564
43.3564
43.3564
43.3564
43.3564
43.3564
43.3564
43.3564
43.3564
43.3564
43.3564
43.3564
43.3564
43.3564
43.3564
43.3564
43.3564
43.3564
43.3564
43.3564
43.3564
43.3564
43.3564
43.3564
43.3564
43.3564
43.3564
43.3564
43.3564
43.3564
43.3564
43.3564
43.3564
43.3564
43.3564
43.3564
43.3564
43.3564
43.3564
43.3564
43.3564
45.3217
42.6025
42.6025
42.6025
41.5351
41.5351
41.5351
41.5351
41.5351
40.3287
40.3287
40.3287
40.3287
40.3287
40.3287
40.3287
40.3287
40.3287
40.3287
40.3287
40.3287
40.3287
40.3287
40.3287
40.3287
40.3287
40.3287
40.3287
40.3287
40.3287
40.3287
40.3287
40.3287
40.3287
40.3287
40.3287
40.3287
45.7727
45.7727
42.6081
42.6081
45.0957
45.0957
46.2864
46.2864
43.1785
43.1785
43.1785
43.1785
43.1785
42.9076
42.9076
42.9076
42.9076
42.9076
42.9076
42.9076
44.455
44.455
44.455
44.455
44.455
44.455
44.455
44.455
44.455
42.7883
42.7883
42.7883
42.7883
42.7883
42.7883
42.7883
42.7883
42.7883
42.7883
42.7883
42.7883
42.7883
42.7883
42.7883
42.7883
42.7883
42.7883
42.7883
42.7883
42.7883
42.7883
44.8608
42.087
46.5872
46.5872
46.5872
46.5872
46.5872
48.3325
49.4356
49.4356
43.4744
43.4744
43.4744
43.4744
43.4744
43.4744
43.4744
43.4744
43.4744
43.4744
43.4744
43.4744
43.4744
43.4744
43.4744
38.4591
38.4591
38.4591
38.4591
38.4591
38.4591
38.4591
38.4591
38.4591
38.4591
38.4591
38.4591
38.4591
38.4591
38.4591
38.4591
38.4591
38.4591
38.4591
38.4591
38.4591
38.4591
38.4591
38.4591
38.4591
38.4591
38.4591
38.4591
38.4591
38.4591
43.5697
43.5697
38.1247
38.1247
38.1247
38.1247
38.1247
38.1247
38.1247
38.1247
38.1247
38.1247
43.4182
43.4182
44.7417
44.7417
44.7417
44.7417
44.7417
44.7417
44.7417
44.7417
44.7417
44.7417
44.7417
44.7417
44.7417
44.7417
44.7417
44.7417
44.7417
44.7417
44.7417
44.7417
44.7417
44.7417
44.7417
44.7417
44.7417
44.3499
38.1594
38.1594
38.1594
38.1594
38.1594
38.1594
39.7864
39.7864
39.7864
39.7864
39.7864
39.7864
39.7864
39.7864
39.7864
39.6136
39.6136
39.6136
39.6136
39.7864
39.7864
39.7864
39.7864
39.7864
39.7864
39.7864
39.7864
39.7864
39.7864
39.7864
39.7864
39.7864
39.7864
39.7864
39.7864
39.7864
39.7864
39.7864
40.8915
41.8164
41.8164
41.8164
41.8164
41.8164
41.8164
41.8164
41.8164
41.8164
41.8164
41.8164
41.8164
41.8164
41.8164
41.8164
41.8164
41.8164
41.8164
41.8164
41.8164
41.8164
41.8164
41.8164
41.8164
41.8164
37.1291
37.1291
41.8164
41.8164
41.8164
41.8164
41.8164
41.8164
41.8164
41.8164
40.4529
40.4529
40.4529
40.4529
40.4529
40.4529
40.4529
40.4529
40.4529
40.4529
40.4529
40.4529
40.4529
40.4529
40.4529
40.4529
40.4529
40.4529
40.4529
40.4529
40.4529
42.3579
42.3579
44.4285
44.4285
44.4285
44.4285
44.4285
39.7797
39.7797
39.7797
39.7797
39.7797
44.9494
44.9494
44.9494
44.9494
42.4403
42.4403
42.4403
42.4403
42.4403
42.4403
42.4403
42.4403
42.4403
42.4403
42.4403
42.4403
42.4403
42.4403
37.0854
37.0854
37.0854
37.0854
39.9806
39.9806
39.9806
39.9806
39.9806
39.9806
39.9806
39.9806
39.9806
39.9806
39.9806
39.9806
39.9806
39.9806
39.9806
39.9806
39.9806
39.9806
41.5862
39.5527
39.5527
39.5527
39.5527
39.5527
39.5527
39.5527
39.5527
39.5527
39.5527
39.5527
39.5527
39.5527
39.5527
39.5527
39.5527
39.5527
43.2551
43.2551
45.2527
45.2527
48.6195
44.0383
44.0383
44.0383
44.0383
44.0383
44.0383
44.0383
44.0383
41.4079
37.2231
37.2231
37.2231
36.8642
37.2231
37.2231
38.8192
38.8192
39.2722
39.2722
39.2722
39.2722
38.2287
38.2287
38.2287
38.2287
38.2287
36.7199
36.7199
36.7199
36.7199
36.7199
36.7199
39.2227
39.2227
39.2227
39.2227
36.9195
36.9195
36.9195
38.7533
38.7533
38.7533
34.5714
34.5714
34.5714
34.5714
34.5714
34.5714
34.5714
34.5714
39.2227
39.6683
39.6683
39.6683
41.0721
41.0721
41.0721
41.0721
41.5758
42.4732
39.1235
39.1235
37.1184
37.1184
37.1184
37.1184
40.4138
40.4138
40.4138
40.4138
40.4138
40.4138
38.2476
38.2476
40.4138
40.4138
41.561
41.561
41.561
41.561
41.561
41.561
41.561
41.561
41.561
41.561
41.561
41.561
41.561
41.561
40.4718
40.4718
40.4718
40.4718
40.4718
39.8172
39.8172
39.8172
39.8172
39.5027
39.5027
39.5027
39.5027
39.5027
39.5027
39.5027
39.5027
39.5027
39.5027
39.5027
40.2338
40.2338
40.2338
40.2338
40.2338
40.2338
40.2338
40.2338
40.2338
40.2338
40.2338
40.2338
40.2338
40.2338
40.9079
40.9079
40.9079
39.0639
39.0639
39.0639
39.0639
39.0639
39.0639
39.0639
39.0639
39.0639
38.6953
38.6953
38.6953
38.6953
38.6953
38.6953
37.6052
37.6052
37.6052
37.6052
37.6052
37.6052
37.6052
37.6052
37.6052
37.6052
37.6052
37.6052
37.6052
37.6052
37.6052
38.4222
40.7119
40.7119
40.6513
40.6513
40.6513
38.4802
38.4802
38.4802
38.4802
38.4802
38.4802
38.4802
38.4802
38.4802
38.4802
38.4802
38.4802
40.8307
40.8307
39.2257
39.2257
39.2257
41.6059
41.0981
41.0981
41.0981
41.0981
41.0981
37.9394
37.9394
37.9394
37.9394
37.9394
37.9394
37.9394
41.5025
41.5025
41.5025
41.5025
41.5025
41.5025
41.5025
41.5025
40.8704
40.8704
40.8341
40.8341
40.8341
40.8341
39.4449
39.4449
39.4449
36.5975
36.5975
36.5975
36.5975
36.5975
36.5975
37.2707
37.2707
37.2707
37.2707
37.2707
40.8341
40.8341
37.2118
37.2118
37.2118
37.2118
37.2118
39.6527
40.6642
40.6642
40.6642
40.6642
40.8341
36.6538
36.6538
36.6538
36.6538
36.6538
36.6538
36.6538
33.5679
33.5679
33.5679
33.5679
33.5679
33.5679
33.5679
33.5679
33.5679
33.5679
33.5679
33.5679
33.5679
33.5679
33.5679
33.5679
33.5679
33.5679
33.5679
33.5679
33.5679
33.5679
33.5679
33.5679
33.5679
35.9369
36.9958
36.9958
36.9958
36.9958
36.9958
36.9958
36.3076
36.3076
36.3076
35.715
36.3076
36.3076
36.3076


1.91122
1.57094
0.450911
-1.23646
-0.569933
-0.569933
-0.569933
1.05884
-0.569933
-0.235755
-0.235755
-0.0395215
-0.0395215
2.68914
2.5515
-1.80288
-0.839412
-0.839412
-2.45628
-0.839412
-0.717032
-0.798517
-1.21387
4.43297
-1.21387
1.10431
-0.930357
0.615711
-0.484481
-0.979797

0.021

