2840.05
2840.05
2840.05
2840.05
2799.99
2799.99
2799.99
2588.56
2588.56
2588.56
2588.56
2588.56
2588.56
2588.56
2588.56
2588.56
2588.56
2588.56
2588.56
2588.56
2588.56
2588.56
2588.56
2588.56
2588.56
2588.56
2588.56
2588.56
2588.56
2588.56
2588.56
2588.56
2588.56
2588.56
2588.56
2588.56
2588.56
2588.56
2588.56
2588.56
2588.56
2588.56
2588.56
2588.56
2588.56
2588.56
2588.56
2588.56
2588.56
2588.56
2588.56
2588.56
2588.56
2588.56
2588.56
2588.56
2588.56
2588.56
2588.56
2588.56
2588.56
2588.56
2588.56
2588.56
2588.56
2588.56
2588.56
2588.56
2588.56
2588.56
2588.56
2588.56
2588.56
2588.56
2588.56
2568.55
2568.55
2568.55
2568.55
2272.52
2272.52
2272.52
2272.52
2272.52
1681.85
1681.85
1681.85
1681.85
1681.85
1681.85
1681.85
1681.85
1681.85
1681.85
1681.85
1681.85
1681.85
1681.85
1681.85
1681.85
1681.85
1681.85
1681.85
1681.85
1681.85
1681.85
1681.85
1681.85
1681.85
1681.85
1681.85
1681.85
1681.85
1681.85
1681.85
1681.85
1681.85
1681.85
1681.85
1681.85
1681.85
1681.85
1681.85
1681.85
1681.85
1681.85
1681.85
1681.85
1681.85
1681.85
1681.85
1681.85
1681.85
1681.85
1681.85
1681.85
1681.85
1681.85
1681.85
1681.85
1681.85
1681.85
1681.85
1681.85
1219.39
1219.39
1219.39
1219.39
1219.39
1219.39
1219.39
1219.39
1219.39
1219.39
1219.39
1219.39
1219.39
1219.39
1219.39
1219.39
1219.39
1219.39
1219.39
1219.39
1219.39
1219.39
1219.39
1219.39
1219.39
1219.39
1219.39
1219.39
1219.39
1219.39
1219.39
1219.39
1219.39
1219.39
1219.39
1219.39
1219.39
1219.39
1219.39
1219.39
1219.39
1219.39
1219.39
1219.39
1219.39
1219.39
1219.39
1219.39
1219.39
1219.39
1219.39
1219.39
1219.39
1219.39
1219.39
1219.39
1219.39
1219.39
1219.39
1219.39
1219.39
1219.39
1219.39
1219.39
1219.39
1219.39
1219.39
1219.39
1219.39
1219.39
1219.39
1219.39
1219.39
1219.39
1219.39
1219.39
1219.39
1219.39
1219.39
1219.39
1219.39
1219.39
1219.39
1219.39
1219.39
1219.39
1219.39
1219.39
1219.39
1081.69
1081.69
1081.69
1081.69
1081.69
1081.69
1081.69
1081.69
1081.69
1081.69
1081.69
1081.69
1081.69
1081.69
1081.69
1081.69
1081.69
1081.69
1081.69
1081.69
1081.69
1081.69
1081.69
1081.69
1081.69
1081.69
1081.69
948.289
948.289
948.289
948.289
948.289
948.289
948.289
948.289
948.289
948.289
948.289
948.289
948.289
948.289
948.289
948.289
948.289
948.289
948.289
948.289
948.289
948.289
948.289
948.289
948.289
948.289
948.289
948.289
948.289
948.289
948.289
948.289
905.701
905.701
905.701
905.701
905.701
905.701
905.701
905.701
905.701
905.701
905.701
905.701
905.701
905.701
905.701
905.701
905.701
905.701
905.701
905.701
905.701
905.701
905.701
905.701
905.701
844.438
844.438
844.438
844.438
844.438
844.438
844.438
844.438
844.438
844.438
844.438
844.438
844.438
844.438
844.438
844.438
844.438
844.438
844.438
844.438
844.438
844.438
798.493
798.493
798.493
798.493
798.493
798.493
791.883
791.883
791.883
791.883
791.883
791.883
791.883
791.883
761.776
761.776
761.776
761.776
761.776
761.776
761.776
761.776
761.776
761.776
761.776
761.776
761.776
761.776
761.776
761.776
761.776
761.776
761.776
761.776
761.776
761.776
761.776
761.776
761.776
761.776
761.776
761.776
761.776
761.776
761.776
761.776
761.776
761.776
761.776
761.776
761.776
761.776
761.776
761.776
761.776
761.776
761.776
761.776
761.776
686.271
686.271
686.271
686.271
686.271
686.271
686.271
686.271
686.271
653.867
653.867
653.867
653.867
653.867
653.867
653.867
653.867
653.867
653.867
653.867
653.867
653.867
653.867
653.867
653.867
653.867
653.867
653.867
653.867
653.867
653.867
653.867
653.867
653.867
653.867
653.867
653.867
653.867
653.867
653.867
653.867
653.867
653.867
653.867
653.867
653.867
653.867
653.867
653.867
566.731
566.731
566.731
566.731
566.731
566.731
566.731
566.731
514.613
514.613
514.613
514.613
514.613
514.613
514.613
514.613
514.613
514.613
514.613
514.613
514.613
514.613
514.613
514.613
514.613
514.613
514.613
514.613
514.613
514.613
514.613
514.613
514.613
514.613
514.613
514.613
514.613
514.613
514.613
514.613
514.613
514.613
514.613
514.613
514.613
514.613
514.613
514.613
514.613
514.613
514.613
514.613
514.613
514.613
514.613
514.613
514.018
514.018
514.018
514.018
514.018
514.018
461.684
461.684
423.733
423.733
412.605
412.605
412.605
412.605
412.605
412.605
412.605
412.605
412.605
412.605
412.605
412.605
412.605
412.605
412.605
412.605
412.605
412.605
412.605
412.605
412.605
412.605
412.605
412.605
412.605
412.605
412.605
412.605
412.605
412.605
412.605
412.605
412.605
412.605
412.605
412.605
412.605
412.605
412.605
412.605
412.605
412.605
412.605
412.605
412.605
412.605
412.605
412.605
412.605
412.605
412.605
412.605
412.605
412.605
412.605
412.605
412.605
412.605
412.605
412.605
412.605
412.605
412.605
412.605
412.605
412.605
412.605
412.605
412.605
412.605
412.605
412.605
412.605
412.605
412.605
412.605
412.605
412.605
412.605
412.605
412.605
412.605
412.605
412.605
412.605
412.605
412.605
412.605
412.605
412.605
412.605
412.605
412.605
412.605
412.605
412.605
412.605
412.605
412.605
412.605
412.605
412.605
412.605
412.605
412.605
412.605
412.605
412.605
412.605
399.528
399.528
399.528
399.528
399.528
399.528
399.528
399.528
399.528
399.528
399.528
399.528
399.528
399.528
391.919
391.919
391.919
391.919
391.919
391.919
391.919
391.919
391.919
391.919
391.919
391.919
391.919
391.919
391.919
391.919
391.919
391.919
391.919
391.919
391.919
391.919
391.919
391.919
391.919
391.919
391.919
391.919
391.919
391.919
391.919
391.919
391.919
391.919
391.919
391.919
391.919
333.153
333.153
333.153
333.153
333.153
333.153
333.153
333.153
333.153
333.153
333.153
333.153
333.153
333.153
333.153
333.153
333.153
333.153
333.153
333.153
333.153
333.153
333.153
333.153
333.153
333.153
333.153
333.153
333.153
333.153
333.153
333.153
333.153
333.153
333.153
333.153
333.153
333.153
333.153
333.153
333.153
333.153
333.153
333.153
333.153
333.153
333.153
333.153
333.153
333.153
333.153
333.153
333.153
333.153
333.153
333.153
333.153
333.153
333.153
333.153
333.153
333.153
333.153
333.153
333.153
333.153
333.153
333.153
333.153
333.153
333.153
333.153
333.153
333.153
333.153
333.153
333.153
333.153
333.153
333.153
333.153
333.153
333.153
299.013
299.013
299.013
299.013
299.013
299.013
299.013
299.013
299.013
299.013
299.013
299.013
299.013
299.013
299.013
299.013
299.013
299.013
299.013
299.013
299.013
299.013
299.013
299.013
299.013
299.013
299.013
299.013
299.013
299.013
299.013
299.013
299.013
299.013
299.013
299.013
299.013
299.013
299.013
299.013
299.013
299.013
299.013
299.013
299.013
299.013
299.013
299.013
299.013
299.013
299.013
299.013
299.013
299.013
299.013
299.013
299.013
299.013
299.013
299.013
299.013
299.013
299.013
299.013
299.013
299.013
299.013
299.013
299.013
299.013
299.013
299.013
299.013
299.013
299.013
299.013
299.013
299.013
299.013
299.013
299.013
299.013
299.013
299.013
299.013
299.013
299.013
299.013
299.013
276.584
276.584
276.584
276.584
276.584
276.584
276.584
276.584
276.584
276.584
276.584
276.584
276.584
276.584
276.584
276.584
276.584
276.584
276.584
276.584
276.584
276.584
276.584
276.584
276.584
276.584
276.584
276.584
276.584
276.584
276.584
276.584
276.584
276.584
276.584
276.584
276.584
276.584
276.584
276.584
276.584
276.584
276.584
276.584
276.584
276.584
276.584
276.584
276.584
276.584
276.584
276.584
276.584
276.584
276.584
276.584
276.584
276.584
276.584
276.584
276.584
276.584
276.584
276.584
276.584
276.584
276.584
276.584
275.61
275.61
275.61
275.61
275.61
275.61
275.61
275.61
275.61
275.61
275.61
275.61
275.61
275.61
275.61
275.61
275.61
275.61
275.61
275.61
275.61
275.61
275.61
275.61
270.011
270.011
270.011
270.011
270.011
270.011
270.011
270.011
270.011
270.011
270.011
270.011
270.011
270.011
270.011
270.011
270.011
261.665
261.665
261.665
261.665
261.665
261.665
261.665
261.665
261.665
261.665
261.665
261.665
261.665
261.665
261.665
261.665
261.665
261.665
261.665
261.665
261.665
261.665
261.665
261.665
261.665
261.665
261.665
261.665
261.665
261.665
261.665
261.665
261.665
261.665
192.274
192.274
192.274
192.274
192.274
192.274
192.274
192.274
192.274
192.274
192.274
192.274
192.274
192.274
192.274
192.274
192.274
192.274
192.274
192.274
192.274
192.274
192.274
192.274
192.274
192.274
192.274
192.274
192.274
192.274
192.274
192.274
192.274
192.274
192.274
192.274
192.274
192.274
192.274
192.274
192.274
192.274
192.274
192.274
192.274
192.274
192.274
192.274
192.274
192.274
192.274
192.274
192.274
192.274
192.274
192.274
192.274
192.274
192.274
192.274
192.274
192.274
192.274
192.274
192.274
192.274
192.274
192.274
192.274
192.274
192.274
192.274
192.274
192.274
192.274
192.274
192.274
192.274
192.274
192.274
186.101
186.101
186.101
186.101
186.101
173.453
173.453
173.453
173.453
173.453
173.453
173.453
173.453
173.453
173.453
173.453
173.453
173.453
173.453
173.453
173.453
173.453
173.453
173.453
173.453
173.453
173.453
173.453
173.453
173.453
173.453
173.453
173.453
173.453
173.453
173.453
173.453
173.453
173.453
173.453
173.453
173.453
173.453
173.453
173.453
173.453
154.768
154.768
154.768
154.768
154.768
154.768
154.768
154.768
154.768
154.768
154.768
154.768
154.768
154.768
154.768
154.768
154.768
154.768
154.768
154.768
154.768
154.768
154.768
154.768
154.768
154.768
154.768
154.768
154.768
154.768
154.768
154.768
154.768
154.768
154.768
154.768
154.768
154.768
154.768
154.768
154.768
154.768
154.768
154.768
154.768
154.768
154.768
154.768
154.768
154.768
154.768
154.768
154.768
154.768
154.768
154.768
154.768
154.768
154.768
154.768
154.768
153.207
153.207
153.207
153.207
153.207
153.207
153.207
153.207
153.207
153.207
153.207
153.207
153.207
153.207
153.207
153.207
153.207
153.207
153.207
153.207
153.207
153.207
153.207
153.207
153.207
153.207
153.207
153.207
153.207
153.207
153.207
153.207
153.207
153.207
153.207
153.207
153.207
153.207
153.207
153.207
153.207
153.207
153.207
153.207
153.207
153.207
153.207
153.207
153.207
153.207
153.207
153.207
153.207
153.207
153.207
153.207
153.207
153.207
153.207
153.207
153.207
153.207
153.207
153.207
153.207
153.207
153.207
153.207
153.207
153.207
150.458
150.458
150.458
150.458
150.458
150.458
150.458
150.458
150.458
150.458
150.458
150.458
150.458
150.458
150.458
150.458
150.458
150.458
150.458
150.458
150.458
150.458
150.458
150.458
150.458
150.458
150.458
150.458
150.458
150.458
150.458
150.458
146.593
146.593
146.593
146.593
146.593
146.593
146.593
146.593
146.593
146.593
146.593
146.593
146.593
146.593
146.593
146.593
146.593
146.593
146.593
146.593
146.593
146.593
146.593
146.593
146.593
146.593
146.593
146.593
145.028
145.028
145.028
145.028
145.028
145.028
145.028
145.028
139.836
139.836
139.836
139.836
139.836
139.836
139.836
139.836
139.836
139.836
139.836
139.836
139.836
139.836
139.836
139.836
139.836
139.836
139.836
139.836
139.836
139.836
139.836
139.836
139.836
139.836
139.836
139.836
139.836
139.836
139.836
139.836
139.836
139.836
139.836
139.836
139.836
139.836
139.836
139.836
139.836
139.836
139.836
139.836
139.836
139.836
139.836
139.836
139.836
139.836
139.836
139.836
139.836
139.836
139.836
139.836
139.836
139.836
139.836
139.836
139.836
139.836
139.836
139.836
139.836
139.836
139.836
139.836
139.836
139.836
139.836
139.836
139.836
139.836
139.836
139.836
139.836
139.836
139.836
139.836
139.836
139.836
139.836
139.836
139.836
139.836
139.836
139.836
139.836
139.836
139.836
139.836
139.836
139.836
139.836
139.836
139.836
139.836
139.836
139.836
139.836
139.836
139.836
139.836
139.836
139.836
139.836
139.836
139.836
139.836
139.836
139.836
139.836
139.836
139.836
139.836
139.836
139.836
139.836
139.836
139.836
139.836
139.773
137.536
137.536
137.536
137.536
137.536
137.536
137.536
137.536
137.536
137.536
137.536
137.536
137.536
137.536
134.807
134.807
134.807
134.807
134.807
134.807
134.807
134.807
134.807
134.807
134.807
134.807
134.807
134.807
134.807
134.807
134.807
134.807
134.807
134.807
134.807
134.807
128.258
128.258
128.258
128.258
128.258
128.258
128.258
128.258
128.258
128.258
128.258
128.258
128.258
128.258
128.258
128.258
128.258
128.258
128.258
128.258
128.258
128.258
128.258
128.258
128.258
128.258
128.258
128.258
128.258
128.258
128.258
128.258
128.258
128.258
128.258
128.258
128.258
128.258
128.258
128.258
128.258
128.258
128.258
128.258
128.258
128.258
128.258
128.258
128.258
128.258
128.258
128.258
128.258
128.258
128.258
128.258
128.258
128.258
128.258
128.258
128.258
128.258
128.258
128.258
128.258
128.258
128.258
128.258
128.258
128.258
128.258
128.258
128.258
128.258
128.258
128.258
128.258
128.258
128.258
128.258
128.258
128.258
128.258
128.258
128.258
128.258
128.258
128.258
128.258
128.258
128.258
128.258
128.258
128.258
128.056
128.056
128.056
128.056
128.056
128.056
117.176
117.176
117.176
117.176
117.176
117.176
117.176
117.176
117.176
117.176
117.176
117.176
117.176
117.176
117.176
117.176
117.176
117.176
117.176
117.176
117.176
117.176
117.176
117.176
117.176
117.176
117.176
117.176
117.176
117.176
117.176
117.176
117.176
117.176
117.176
117.176
117.176
117.176
117.176
117.176
117.176
117.176
117.176
117.176
117.176
117.176
117.176
117.176
117.176
117.176
117.176
117.176
117.176
117.176
117.176
117.176
117.176
117.176
117.176
117.176
117.176
117.176
117.176
114.211
114.211
114.211
114.211
114.211
114.211
114.211
114.211
114.211
114.211
114.211
114.211
114.211
114.211
114.211
114.211
114.211
114.211
114.211
114.211
114.012
114.012
114.012
114.012
114.012
114.012
114.012
114.012
114.012
114.012
114.012
114.012
114.012
114.012
114.012
114.012
114.012
114.012
114.012
114.012
114.012
114.012
114.012
114.012
114.012
114.012
114.012
114.012
114.012
114.012
114.012
114.012
114.012
114.012
114.012
114.012
114.012
114.012
114.012
114.012
114.012
114.012
114.012
114.012
114.012
114.012
114.012
114.012
114.012
114.012
114.012
114.012
114.012
114.012
114.012
114.012
114.012
114.012
114.012
114.012
114.012
114.012
114.012
114.012
114.012
114.012
114.012
112.932
112.932
112.932
112.932
112.932
112.932
112.932
112.932
112.932
112.932
112.932
112.932
112.932
112.932
112.874
112.874
112.874
112.874
112.874
112.874
112.874
112.874
109.244
109.244
109.244
109.244
109.244
109.244
109.244
99.1528
99.1528
99.1528
99.1528
99.1528
99.1528
99.1528
99.1528
99.1528
99.1528
99.1528
99.1528
99.1528
99.1528
99.1528
99.1528
99.1528
99.1528
99.1528
99.1528
99.1528
99.1528
99.1528
99.1528
99.1528
99.1528
99.1528
99.1528
99.1528
99.1528
99.1528
94.7065
94.7065
92.0679
92.0679
92.0679
92.0679
92.0679
92.0679
81.4069
81.4069
81.4069
81.4069
81.4069
81.4069
81.4069
81.4069
81.4069
81.4069
81.4069
81.4069
81.4069
81.4069
81.4069
81.4069
81.4069
81.4069
81.4069
81.4069
81.4069
81.4069
81.4069
81.4069
81.4069
81.4069
81.4069
81.4069
81.4069
81.4069
81.4069
81.4069
81.4069
81.4069
81.4069
81.4069
81.4069
81.4069
81.4069
81.4069
81.4069
81.4069
81.4069
81.4069
81.4069
81.4069
81.4069
81.4069
81.4069
81.4069
81.4069
81.4069
81.4069
81.4069
81.4069
81.4069
81.4069
81.4069
81.4069
81.4069
81.4069
81.4069
81.4069
81.4069
81.4069
81.4069
81.4069
81.4069
81.4069
81.4069
81.4069
81.4069
81.4069
81.4069
81.4069
81.4069
81.4069
81.4069
81.4069
81.4069
81.4069
81.4069
81.4069
81.4069
81.4069
81.4069
81.4069
81.4069
81.4069
81.4069
81.4069
81.4069
81.4069
81.4069
81.4069
81.4069
81.4069
81.4069
81.4069
81.4069
81.4069
81.4069
81.4069
81.4069
81.4069
81.4069
81.4069
81.4069
81.4069
81.4069
81.4069
81.4069
81.4069
81.4069
81.4069
81.4069
81.4069
81.4069
81.4069
81.4069
81.4069
81.4069
81.4069
81.4069
81.4069
81.4069
81.4069
81.4069
81.4069
81.4069
81.4069
81.4069
81.4069
81.4069
81.4069
81.4069
81.4069
81.4069
81.4069
81.4069
81.4069
81.4069
81.4069
81.4069
81.4069
81.4069
81.4069
81.4069
81.4069
81.4069
81.4069
81.4069
81.4069
81.4069
81.4069
81.4069
81.4069
79.3313
79.3313
79.3313
79.3313
79.3313
79.3313
79.3313
79.3313
79.3313
79.3313
79.3313
79.3313
79.3313
79.3313
79.3313
79.3313
79.3313
79.3313
79.3313
79.3313
79.3313
79.3313
79.3313
79.3313
79.3313
79.3313
79.3313
77.1749
77.1749
75.4105
75.4105
75.4105
75.4105
75.4105
75.4105
75.4105
75.4105
75.4105
75.4105
75.4105
75.4105
75.4105
75.4105
75.4105
75.4105
75.4105
75.4105
75.4105
75.4105
75.4105
75.4105
75.4105
75.4105


0.356105
0.356105
0.260164
-0.841744
0.260164
0.260164
0.260164
0.312978
0.312978
0.312978
0.494546
0.494546
-0.980499
0.494546
0.494546
-0.091409
-0.091409
0.264227
0.264227
0.445482
-0.516735
-0.527047
-0.607675
-0.175474
-0.175474
-0.175474
-0.175474
-0.395793
-0.395793
0.356105

0.029

