1.54126e+08
1.54126e+08
1.54126e+08
1.54126e+08
1.54126e+08
1.54126e+08
1.54126e+08
1.54126e+08
1.54126e+08
1.54126e+08
1.54126e+08
1.54126e+08
1.18149e+09
1.18149e+09
1.18149e+09
1.18149e+09
1.39015e+09
1.39015e+09
1.39015e+09
1.39015e+09
1.39015e+09
1.39015e+09
2.24708e+09
2.86365e+09
2.86365e+09
2.86365e+09
9.98972e+08
9.98972e+08
9.98972e+08
9.98972e+08
9.98972e+08
9.98972e+08
9.98972e+08
9.98972e+08
9.98972e+08
9.98972e+08
9.98972e+08
9.98972e+08
9.98972e+08
1.11768e+09
1.11768e+09
1.11768e+09
1.11768e+09
1.5058e+09
1.5058e+09
5.65019e+09
7.29281e+09
7.29281e+09
7.29281e+09
7.29281e+09
7.61594e+09
7.61594e+09
7.61594e+09
7.61594e+09
7.61594e+09
7.63705e+09
8.02686e+09
8.02686e+09
8.02686e+09
8.02686e+09
8.02686e+09
8.02686e+09
8.02686e+09
8.02686e+09
8.02686e+09
8.02686e+09
8.02686e+09
8.02686e+09
8.02686e+09
1.20672e+10
1.20672e+10
1.20672e+10
1.20672e+10
1.20672e+10
1.20672e+10
1.20672e+10
1.20672e+10
1.20672e+10
1.20672e+10
1.20672e+10
1.20672e+10
1.20672e+10
1.20672e+10
1.20672e+10
1.96623e+10
1.96623e+10
1.96623e+10
1.96623e+10
1.96623e+10
1.96623e+10
1.96623e+10
1.96623e+10
1.96623e+10
1.96623e+10
1.96623e+10
1.99549e+10
1.99549e+10
1.99549e+10
1.99549e+10
1.99549e+10
1.99549e+10
1.99549e+10
1.99549e+10
1.99549e+10
1.99549e+10
1.99549e+10
1.99549e+10
1.99894e+10
1.99894e+10
1.99894e+10
1.99894e+10
1.99894e+10
1.99894e+10
1.99894e+10
1.99894e+10
1.99894e+10
1.99894e+10
1.82698e+10
1.82698e+10
1.82698e+10
1.82698e+10
2.45531e+10
2.45531e+10
2.45531e+10
2.30942e+10
2.30942e+10
2.45531e+10
2.45531e+10
2.45531e+10
2.52665e+10
2.52665e+10
2.52665e+10
2.55629e+10
2.55629e+10
2.55629e+10
2.55629e+10
2.55629e+10
2.55629e+10
2.55629e+10
2.55629e+10
2.55629e+10
2.55629e+10
2.55629e+10
2.61857e+10
2.62249e+10
2.62249e+10
2.62249e+10
2.63067e+10
2.66581e+10
2.66581e+10
2.66581e+10
2.66581e+10
2.66581e+10
2.66581e+10
2.66581e+10
2.45905e+10
2.45905e+10
2.45905e+10
2.45905e+10
2.45905e+10
2.45905e+10
2.45905e+10
2.45905e+10
2.45905e+10
2.45905e+10
2.45905e+10
2.46392e+10
2.67742e+10
2.67742e+10
2.67742e+10
2.67742e+10
2.67742e+10
2.67742e+10
2.67742e+10
2.67742e+10
2.67742e+10
2.67742e+10
2.67742e+10
2.67742e+10
2.67742e+10
2.67742e+10
2.67742e+10
2.80885e+10
2.80885e+10
2.80885e+10
2.80885e+10
2.8366e+10
2.8366e+10
2.8366e+10
2.83945e+10
2.83945e+10
2.83945e+10
2.83945e+10
2.83945e+10
2.83945e+10
2.83945e+10
2.81348e+10
2.81348e+10
2.83401e+10
2.83401e+10
2.83401e+10
2.83401e+10
2.83401e+10
2.84763e+10
2.84763e+10
2.84763e+10
2.88338e+10
2.88338e+10
2.88338e+10
2.88338e+10
2.88338e+10
2.88338e+10
3.00176e+10
3.00176e+10
3.00176e+10
3.00176e+10
3.00176e+10
3.00176e+10
3.00176e+10
3.00176e+10
3.00176e+10
2.97213e+10
2.97213e+10
2.99265e+10
3.01172e+10
3.01172e+10
3.01172e+10
3.01172e+10
3.01172e+10
3.01172e+10
3.01172e+10
3.01172e+10
3.01172e+10
3.01172e+10
3.12157e+10
3.12157e+10
3.12157e+10
3.12157e+10
3.12157e+10
3.12157e+10
3.12157e+10
3.12157e+10
3.12157e+10
3.12157e+10
3.12157e+10
3.12157e+10
3.12157e+10
3.12157e+10
3.12157e+10
3.12157e+10
3.12157e+10
3.04699e+10
3.04699e+10
3.04699e+10
3.21339e+10
3.21339e+10
3.21339e+10
3.21339e+10
3.21339e+10
3.21339e+10
3.21339e+10
3.21339e+10
3.21339e+10
3.21339e+10
3.21339e+10
3.25424e+10
3.25424e+10
3.25424e+10
3.25424e+10
3.2121e+10
3.15918e+10
3.15918e+10
3.15918e+10
3.15918e+10
3.15918e+10
3.15918e+10
3.25424e+10
3.25424e+10
3.26092e+10
3.26092e+10
3.26092e+10
3.26092e+10
3.26092e+10
3.26092e+10
3.26092e+10
3.26092e+10
3.29723e+10
3.44716e+10
3.45902e+10
3.45902e+10
3.45902e+10
3.49875e+10
3.49875e+10
3.49875e+10
3.49875e+10
3.49875e+10
3.49875e+10
3.49875e+10
3.49875e+10
3.49875e+10
3.49875e+10
3.49875e+10
3.49875e+10
3.47958e+10
3.47958e+10
3.47958e+10
3.47958e+10
3.47958e+10
3.47958e+10
3.56497e+10
3.64148e+10
3.64148e+10
3.5925e+10
3.5925e+10
3.5925e+10
3.5925e+10
3.5925e+10
3.5925e+10
3.64308e+10
3.64308e+10
3.64308e+10
3.40787e+10
3.49076e+10
3.49076e+10
3.5227e+10
3.5227e+10
3.5227e+10
3.5227e+10
3.5227e+10
3.5227e+10
3.59407e+10
3.59407e+10
3.59407e+10
3.59407e+10
3.59407e+10
3.59407e+10
3.59407e+10
3.59407e+10
3.59407e+10
3.59407e+10
3.59407e+10
3.59407e+10
3.59407e+10
3.59407e+10
3.59407e+10
3.59407e+10
3.59407e+10
3.59407e+10
3.59407e+10
3.59407e+10
3.59407e+10
3.59407e+10
3.59407e+10
3.59407e+10
3.59407e+10
3.59407e+10
3.59407e+10
3.59407e+10
3.59407e+10
3.59407e+10
3.59407e+10
3.59407e+10
3.59407e+10
3.59407e+10
3.59407e+10
3.59407e+10
3.59407e+10
3.62872e+10
3.71171e+10
3.71171e+10
3.71171e+10
3.71171e+10
3.71171e+10
3.71171e+10
3.71171e+10
3.71171e+10
3.71171e+10
3.85659e+10
3.85659e+10
3.85659e+10
3.85659e+10
3.85659e+10
3.85659e+10
3.85659e+10
3.85659e+10
3.85659e+10
3.85659e+10
3.85659e+10
3.85659e+10
3.85659e+10
3.85659e+10
3.85659e+10
3.85659e+10
3.85659e+10
3.86185e+10
3.94702e+10
3.94702e+10
3.97448e+10
3.97448e+10
3.97448e+10
3.97448e+10
3.97448e+10
3.97448e+10
3.72973e+10
3.72973e+10
3.72973e+10
3.72973e+10
3.72973e+10
3.72973e+10
3.72973e+10
3.72973e+10
3.72973e+10
3.72973e+10
3.72973e+10
3.72973e+10
3.72973e+10
3.72973e+10
3.72973e+10
3.88744e+10
3.88744e+10
3.93537e+10
3.93537e+10
3.93537e+10
3.93537e+10
3.93537e+10
3.93537e+10
3.93557e+10
3.93557e+10
3.93557e+10
3.93557e+10
3.93557e+10
3.93557e+10
3.93557e+10
3.94682e+10
3.94682e+10
3.94682e+10
3.94682e+10
3.94682e+10
3.94682e+10
3.94682e+10
3.97813e+10
3.97813e+10
4.00335e+10
3.64992e+10
3.64992e+10
3.64992e+10
3.64992e+10
3.64992e+10
3.64992e+10
3.64992e+10
3.64992e+10
3.64992e+10
3.64992e+10
3.64992e+10
3.64992e+10
3.64992e+10
3.64992e+10
3.64992e+10
3.8396e+10
3.8396e+10
3.8396e+10
3.8396e+10
3.8396e+10
3.8396e+10
3.8396e+10
3.93978e+10
3.93978e+10
3.93978e+10
3.93978e+10
3.68079e+10
3.70543e+10
3.70543e+10
3.70543e+10
3.70543e+10
3.70543e+10
3.70543e+10
3.70543e+10
3.70543e+10
3.7009e+10
3.7009e+10
3.7009e+10
3.77395e+10
3.77395e+10
3.77395e+10
3.70641e+10
3.70641e+10
3.70772e+10
3.70772e+10
3.71344e+10
3.71344e+10
3.71344e+10
3.8546e+10
3.87469e+10
3.87735e+10
3.87735e+10
3.87735e+10
3.90484e+10
3.90484e+10
3.90484e+10
3.90484e+10
3.90484e+10
3.90484e+10
3.90024e+10
3.90024e+10
3.90024e+10
3.90024e+10
3.90024e+10
3.90024e+10
3.90024e+10
3.88961e+10
3.88961e+10
3.88961e+10
3.90024e+10
3.90024e+10
3.9104e+10
3.9104e+10
3.9104e+10
3.9104e+10
3.9104e+10
3.9104e+10
3.9104e+10
3.9104e+10
3.9104e+10
3.9104e+10
3.9104e+10
3.9104e+10
3.9104e+10
3.9104e+10
3.9104e+10
3.9104e+10
3.9104e+10
3.9104e+10
3.9104e+10
3.9104e+10
3.9104e+10
3.9104e+10
3.9104e+10
3.9104e+10
3.9104e+10
3.6241e+10
3.6241e+10
3.6241e+10
3.74571e+10
3.74571e+10
3.74571e+10
3.74571e+10
3.74571e+10
3.74571e+10
3.74571e+10
3.74571e+10
3.74571e+10
3.74571e+10
3.74571e+10
3.74571e+10
3.87714e+10
3.87714e+10
3.94415e+10
3.94415e+10
3.94415e+10
3.94415e+10
4.02746e+10
4.02746e+10
4.02746e+10
4.02746e+10
3.93116e+10
3.93116e+10
3.93116e+10
3.93116e+10
3.93116e+10
3.93116e+10
3.93116e+10
3.93116e+10
3.93116e+10
3.93116e+10
3.93116e+10
3.93116e+10
3.93116e+10
4.01151e+10
4.01151e+10
4.01151e+10
4.01151e+10
4.02196e+10
4.02196e+10
4.05172e+10
4.05172e+10
4.05172e+10
4.05172e+10
4.05172e+10
4.05172e+10
4.05539e+10
4.05539e+10
4.06799e+10
4.06799e+10
4.06799e+10
4.06799e+10
4.06799e+10
4.06799e+10
4.06799e+10
4.06799e+10
4.06799e+10
4.0901e+10
4.0901e+10
4.0901e+10
4.0901e+10
4.0901e+10
4.0901e+10
4.0901e+10
4.0901e+10
4.0901e+10
4.11017e+10
4.11017e+10
4.11017e+10
4.12122e+10
4.12122e+10
4.12122e+10
4.12122e+10
4.12122e+10
4.18006e+10
4.1805e+10
4.1805e+10
4.18306e+10
4.18306e+10
4.18306e+10
4.18306e+10
4.18306e+10
4.18306e+10
4.18306e+10
4.18306e+10
4.18306e+10
4.18306e+10
4.18306e+10
4.18306e+10
4.18306e+10
4.18306e+10
4.18306e+10
4.19725e+10
4.14284e+10
4.14284e+10
4.14284e+10
4.14284e+10
4.14284e+10
4.14284e+10
4.14284e+10
4.14284e+10
4.13876e+10
4.13876e+10
4.13876e+10
4.15251e+10
4.10085e+10
4.10085e+10
4.15251e+10
4.15251e+10
4.15251e+10
4.15251e+10
4.16289e+10
4.16289e+10
4.16289e+10
4.16289e+10
4.16289e+10
4.16289e+10
4.16289e+10
4.16289e+10
4.16289e+10
4.16289e+10
4.16289e+10
4.16289e+10
4.16289e+10
4.16289e+10
4.16289e+10
4.16289e+10
4.16289e+10
4.16289e+10
4.16289e+10
4.16289e+10
4.16289e+10
4.16289e+10
4.16289e+10
4.16289e+10
4.16289e+10
4.16289e+10
4.16289e+10
4.18901e+10
4.18901e+10
4.19657e+10
4.23648e+10
4.23648e+10
4.23648e+10
4.23648e+10
4.23648e+10
4.23648e+10
4.23648e+10
4.24786e+10
4.24786e+10
4.25751e+10
4.26325e+10
4.26325e+10
4.26325e+10
4.26325e+10
4.26325e+10
4.26325e+10
4.26325e+10
4.26115e+10
4.26115e+10
4.26115e+10
4.27704e+10
4.27704e+10
4.27704e+10
4.27704e+10
4.28418e+10
4.28418e+10
4.28418e+10
4.28418e+10
4.28418e+10
4.28418e+10
4.28418e+10
4.28418e+10
4.28418e+10
4.28539e+10
4.28614e+10
4.28614e+10
4.28614e+10
4.28614e+10
4.28614e+10
4.32844e+10
4.32844e+10
4.33282e+10
4.33282e+10
4.33282e+10
4.33282e+10
4.33282e+10
4.33282e+10
4.33282e+10
4.33282e+10
4.33282e+10
4.33282e+10
4.33282e+10
4.33282e+10
4.33282e+10
4.33282e+10
4.33282e+10
4.33282e+10
4.33282e+10
4.33282e+10
4.33282e+10
4.33282e+10
4.34193e+10
4.34193e+10
4.34193e+10
4.34193e+10
4.34193e+10
4.34193e+10
4.34193e+10
4.34193e+10
4.30561e+10
4.32778e+10
4.34276e+10
4.34276e+10
4.34276e+10
4.34276e+10
4.34276e+10
4.34276e+10
4.34276e+10
4.34276e+10
4.34276e+10
4.34276e+10
4.34276e+10
4.34276e+10
4.34276e+10
4.34276e+10
4.34276e+10
4.34276e+10
4.40138e+10
4.40138e+10
4.40156e+10
4.40156e+10
4.40156e+10
4.40156e+10
4.40156e+10
4.40156e+10
4.40156e+10
4.40156e+10
4.40156e+10
4.40156e+10
4.40156e+10
4.40156e+10
4.40156e+10
4.40156e+10
4.40156e+10
4.41998e+10
4.41998e+10
4.41998e+10
4.41998e+10
4.41998e+10
4.41998e+10
4.41998e+10
4.41998e+10
4.41998e+10
4.41998e+10
4.41998e+10
4.41998e+10
4.35243e+10
4.35243e+10
4.371e+10
4.371e+10
4.371e+10
4.371e+10
4.371e+10
4.371e+10
4.371e+10
4.371e+10
4.371e+10
4.371e+10
4.371e+10
4.371e+10
4.371e+10
4.371e+10
4.39938e+10
4.39938e+10
4.39938e+10
4.39938e+10
4.39938e+10
4.39938e+10
4.39938e+10
4.39938e+10
4.39938e+10
4.39938e+10
4.39938e+10
4.42224e+10
4.42224e+10
4.40033e+10
4.40033e+10
4.43513e+10
4.48231e+10
4.48231e+10
4.48231e+10
4.48231e+10
4.49479e+10
4.49479e+10
4.5032e+10
4.5032e+10
4.51848e+10
4.51848e+10
4.52295e+10
4.52959e+10
4.52959e+10
4.52959e+10
4.52959e+10
4.4479e+10
4.4479e+10
4.4479e+10
4.50616e+10
4.50616e+10
4.50616e+10
4.50616e+10
4.50616e+10
4.50616e+10
4.50616e+10
4.50616e+10
4.50616e+10
4.50616e+10
4.50616e+10
4.50616e+10
4.50616e+10
4.50616e+10
4.50616e+10
4.50616e+10
4.50616e+10
4.50616e+10
4.52364e+10
4.52364e+10
4.52364e+10
4.52364e+10
4.52648e+10
4.52648e+10
4.52648e+10
4.45691e+10
4.45691e+10
4.52648e+10
4.52648e+10
4.53361e+10
4.53361e+10
4.48247e+10
4.48247e+10
4.48247e+10
4.48247e+10
4.48247e+10
4.53572e+10
4.53572e+10
4.53572e+10
4.53572e+10
4.53572e+10
4.54125e+10
4.54125e+10
4.54125e+10
4.54125e+10
4.54287e+10
4.54287e+10
4.54287e+10
4.58615e+10
4.50516e+10
4.50516e+10
4.50516e+10
4.50516e+10
4.58615e+10
4.58969e+10
4.58969e+10
4.58969e+10
4.58969e+10
4.58969e+10
4.58969e+10
4.58969e+10
4.59458e+10
4.59489e+10
4.58654e+10
4.58415e+10
4.58415e+10
4.58425e+10
4.58425e+10
4.58425e+10
4.58425e+10
4.58425e+10
4.58425e+10
4.58425e+10
4.58425e+10
4.58425e+10
4.58425e+10
4.58425e+10
4.58425e+10
4.58425e+10
4.58425e+10
4.58425e+10
4.58425e+10
4.5097e+10
4.5097e+10
4.5097e+10
4.5097e+10
4.5097e+10
4.5097e+10
4.5097e+10
4.5097e+10
4.5097e+10
4.5097e+10
4.5097e+10
4.5097e+10
4.5097e+10
4.5097e+10
4.5097e+10
4.52417e+10
4.52417e+10
4.52417e+10
4.52417e+10
4.57857e+10
4.57857e+10
4.57857e+10
4.57857e+10
4.57857e+10
4.57857e+10
4.57857e+10
4.57857e+10
4.57857e+10
4.57857e+10
4.57857e+10
4.57857e+10
4.57857e+10
4.57857e+10
4.60274e+10
4.60274e+10
4.60274e+10
4.60274e+10
4.60274e+10
4.60274e+10
4.60559e+10
4.60559e+10
4.60559e+10
4.60559e+10
4.60559e+10
4.61711e+10
4.61711e+10
4.61711e+10
4.61711e+10
4.61711e+10
4.61711e+10
4.61402e+10
4.61402e+10
4.61402e+10
4.61402e+10
4.61402e+10
4.61402e+10
4.64093e+10
4.64187e+10
4.64912e+10
4.64912e+10
4.65153e+10
4.65205e+10
4.65205e+10
4.64213e+10
4.64213e+10
4.65205e+10
4.65825e+10
4.65825e+10
4.65825e+10
4.65825e+10
4.6652e+10
4.6652e+10
4.65641e+10
4.66733e+10
4.64881e+10
4.64881e+10
4.64881e+10
4.64881e+10
4.66809e+10
4.66809e+10
4.66809e+10
4.66809e+10
4.66809e+10
4.66809e+10
4.66809e+10
4.66809e+10
4.66809e+10
4.67396e+10
4.67396e+10
4.67396e+10
4.66527e+10
4.66527e+10
4.66527e+10
4.66527e+10
4.66527e+10
4.66527e+10
4.66527e+10
4.66527e+10
4.66527e+10
4.69129e+10
4.69129e+10
4.69129e+10
4.69129e+10
4.69129e+10
4.69129e+10
4.69129e+10
4.69129e+10
4.69129e+10
4.69129e+10
4.69129e+10
4.69129e+10
4.69129e+10
4.69129e+10
4.69129e+10
4.69129e+10
4.69305e+10
4.69305e+10
4.69305e+10
4.69305e+10
4.6836e+10
4.6836e+10
4.67364e+10
4.67364e+10
4.67364e+10
4.67364e+10
4.67364e+10
4.67364e+10
4.67364e+10
4.67364e+10
4.67364e+10
4.68203e+10
4.6831e+10
4.6831e+10
4.6831e+10
4.6831e+10
4.6831e+10
4.71273e+10
4.71273e+10
4.71273e+10
4.71273e+10
4.71273e+10
4.71273e+10
4.71273e+10
4.71273e+10
4.71273e+10
4.71552e+10
4.71552e+10
4.71552e+10
4.71552e+10
4.71552e+10
4.71552e+10
4.71552e+10
4.71552e+10
4.71552e+10
4.71552e+10
4.71552e+10
4.71552e+10
4.71552e+10
4.71552e+10
4.71552e+10
4.71552e+10
4.71552e+10
4.70743e+10
4.70743e+10
4.70743e+10
4.70743e+10
4.73207e+10
4.73207e+10
4.73207e+10
4.73211e+10
4.73211e+10
4.73211e+10
4.73211e+10
4.72334e+10
4.72334e+10
4.72334e+10
4.72334e+10
4.72334e+10
4.72334e+10
4.72334e+10
4.72334e+10
4.72334e+10
4.72334e+10
4.72334e+10
4.72334e+10
4.72334e+10
4.72334e+10
4.72334e+10
4.72334e+10
4.72334e+10
4.72334e+10
4.72334e+10
4.72334e+10
4.72334e+10
4.72334e+10
4.72334e+10
4.72334e+10
4.72334e+10
4.72334e+10
4.72334e+10
4.75324e+10
4.75324e+10
4.75324e+10
4.75324e+10
4.75459e+10
4.75459e+10
4.76512e+10
4.76512e+10
4.76512e+10
4.76512e+10
4.76512e+10
4.76512e+10
4.76512e+10
4.76732e+10
4.76732e+10
4.73931e+10
4.69748e+10
4.69748e+10
4.69754e+10
4.69754e+10
4.70791e+10
4.70791e+10
4.70791e+10
4.70791e+10
4.70791e+10
4.70791e+10
4.76844e+10
4.76844e+10
4.76844e+10
4.76991e+10
4.75019e+10
4.75019e+10
4.75019e+10
4.75019e+10
4.75019e+10
4.75019e+10
4.70854e+10
4.70854e+10
4.70854e+10
4.70854e+10
4.70854e+10
4.70854e+10
4.70854e+10
4.70854e+10
4.70854e+10
4.70854e+10
4.73331e+10
4.74832e+10
4.74832e+10
4.7615e+10
4.76691e+10
4.76691e+10
4.76691e+10
4.76691e+10
4.76691e+10
4.76691e+10
4.76691e+10
4.76691e+10
4.76691e+10
4.76691e+10
4.73623e+10
4.73623e+10
4.73623e+10
4.76936e+10
4.76936e+10
4.76936e+10
4.76936e+10
4.76936e+10
4.76936e+10
4.76936e+10
4.76936e+10
4.76936e+10
4.76936e+10
4.76936e+10
4.76936e+10
4.76759e+10
4.76936e+10
4.70203e+10
4.70203e+10
4.70203e+10
4.70203e+10
4.70203e+10
4.70203e+10
4.70203e+10
4.70203e+10
4.70203e+10
4.70203e+10
4.70203e+10
4.70203e+10
4.70203e+10
4.70203e+10
4.72621e+10
4.72621e+10
4.72621e+10
4.72621e+10
4.72621e+10
4.78464e+10
4.78464e+10
4.78464e+10
4.78464e+10
4.78464e+10
4.78464e+10
4.78464e+10
4.78464e+10
4.78464e+10
4.78464e+10
4.78464e+10
4.78464e+10
4.78464e+10
4.78464e+10
4.78464e+10
4.78464e+10
4.78464e+10
4.78464e+10
4.8003e+10
4.8003e+10
4.8003e+10
4.8003e+10
4.8003e+10
4.8003e+10
4.8003e+10
4.8003e+10
4.80876e+10
4.80876e+10
4.80876e+10
4.80876e+10
4.80876e+10
4.80876e+10
4.80876e+10
4.80876e+10
4.80876e+10
4.80876e+10
4.80876e+10
4.80876e+10
4.80876e+10
4.80876e+10
4.80876e+10
4.81606e+10
4.81606e+10
4.81606e+10
4.81606e+10
4.81606e+10
4.81606e+10
4.81606e+10
4.81606e+10
4.81606e+10
4.82606e+10
4.82606e+10
4.82606e+10
4.82606e+10
4.82606e+10
4.82606e+10
4.70102e+10
4.70102e+10
4.75244e+10
4.75244e+10
4.75244e+10
4.75244e+10
4.75244e+10
4.75244e+10
4.75244e+10
4.77388e+10
4.77388e+10
4.77388e+10
4.7758e+10
4.7758e+10
4.7758e+10
4.7758e+10
4.7951e+10
4.7951e+10
4.79851e+10
4.79851e+10
4.79851e+10
4.78838e+10
4.78838e+10
4.78838e+10
4.78838e+10
4.78838e+10
4.78838e+10
4.79353e+10
4.79353e+10
4.79353e+10
4.79353e+10
4.79353e+10
4.79353e+10
4.79353e+10
4.79353e+10
4.79353e+10
4.79353e+10
4.79353e+10
4.82275e+10
4.82275e+10
4.82275e+10
4.82275e+10
4.82275e+10
4.82275e+10
4.82275e+10
4.82275e+10
4.82275e+10
4.81889e+10
4.82275e+10
4.82275e+10
4.83086e+10
4.83086e+10
4.83086e+10
4.83086e+10
4.83086e+10
4.83086e+10
4.83086e+10
4.83925e+10
4.83925e+10
4.83925e+10
4.83925e+10
4.83925e+10
4.83925e+10
4.83925e+10
4.83925e+10
4.83925e+10
4.83925e+10
4.83925e+10
4.83925e+10
4.83925e+10
4.85615e+10
4.85615e+10
4.85615e+10
4.85615e+10
4.85615e+10
4.85615e+10
4.85615e+10
4.85881e+10
4.85881e+10
4.85881e+10
4.85881e+10
4.85881e+10
4.84815e+10
4.84815e+10
4.84815e+10
4.85128e+10
4.85128e+10
4.85128e+10
4.85128e+10
4.85128e+10
4.85128e+10
4.85128e+10
4.85128e+10
4.85128e+10
4.85128e+10
4.85899e+10
4.85899e+10
4.85899e+10
4.85899e+10
4.85899e+10
4.85899e+10
4.85899e+10
4.85899e+10
4.85899e+10
4.85899e+10
4.85899e+10
4.85899e+10
4.85899e+10
4.85899e+10
4.86818e+10
4.86818e+10
4.87192e+10
4.87192e+10
4.87192e+10
4.87192e+10
4.87192e+10
4.87192e+10
4.87192e+10
4.87192e+10
4.87192e+10
4.88397e+10
4.88097e+10
4.88397e+10
4.87911e+10
4.88397e+10
4.88397e+10
4.8502e+10
4.8502e+10
4.8502e+10
4.8502e+10
4.8502e+10
4.8502e+10
4.8502e+10
4.8502e+10
4.8502e+10
4.8502e+10
4.8502e+10
4.8502e+10
4.8502e+10
4.8502e+10
4.8502e+10
4.86501e+10
4.86501e+10
4.86501e+10
4.86703e+10
4.86703e+10
4.86929e+10
4.88609e+10
4.88609e+10
4.88609e+10
4.88609e+10
4.88922e+10
4.88922e+10
4.88922e+10
4.88922e+10
4.89322e+10
4.89322e+10
4.89322e+10
4.89322e+10
4.89322e+10
4.89322e+10
4.89322e+10
4.89322e+10
4.9073e+10
4.9073e+10
4.9073e+10
4.9073e+10
4.90582e+10
4.90582e+10
4.90582e+10
4.90582e+10
4.90582e+10
4.90582e+10
4.9073e+10
4.9073e+10
4.9073e+10
4.9073e+10
4.9073e+10
4.9073e+10
4.9073e+10
4.9073e+10
4.9073e+10
4.9073e+10
4.9073e+10
4.9073e+10
4.89246e+10
4.89665e+10
4.89665e+10
4.89665e+10
4.89665e+10
4.89665e+10
4.89665e+10
4.86828e+10
4.86828e+10
4.86828e+10
4.87745e+10
4.87745e+10
4.87745e+10
4.87745e+10
4.87745e+10
4.87745e+10
4.87745e+10
4.87745e+10
4.87745e+10
4.87745e+10
4.87745e+10
4.87745e+10
4.87745e+10
4.87745e+10
4.87745e+10
4.87745e+10
4.87745e+10
4.87745e+10
4.87745e+10
4.87745e+10
4.87745e+10
4.88182e+10
4.88182e+10
4.88182e+10
4.88182e+10
4.88182e+10
4.90355e+10
4.90355e+10
4.90355e+10
4.90355e+10
4.90355e+10
4.90355e+10
4.90355e+10
4.90355e+10
4.90355e+10
4.90355e+10
4.90355e+10
4.90355e+10
4.90486e+10
4.90486e+10
4.90486e+10
4.90486e+10
4.90486e+10
4.90486e+10
4.91608e+10
4.91608e+10
4.88884e+10
4.88884e+10
4.88884e+10
4.89105e+10
4.89105e+10
4.89105e+10
4.89105e+10
4.89105e+10
4.89105e+10
4.89105e+10
4.89105e+10
4.89105e+10
4.89105e+10
4.89105e+10
4.8958e+10
4.8958e+10
4.8958e+10
4.91957e+10
4.91762e+10
4.91537e+10
4.91537e+10
4.91537e+10
4.91537e+10
4.91956e+10
4.92435e+10
4.92435e+10
4.87618e+10
4.87618e+10
4.90245e+10
4.90245e+10
4.90245e+10
4.90304e+10
4.91413e+10
4.91413e+10
4.91413e+10
4.91413e+10
4.91413e+10
4.91413e+10
4.91413e+10
4.91413e+10
4.91413e+10
4.92134e+10
4.92134e+10
4.92134e+10
4.92134e+10
4.92134e+10
4.92134e+10
4.92134e+10
4.92134e+10
4.92134e+10
4.92134e+10
4.92134e+10
4.92206e+10
4.7125e+10
4.7125e+10
4.7125e+10
4.7125e+10
4.7125e+10
4.7125e+10
4.77867e+10
4.77867e+10
4.70654e+10
4.70654e+10
4.70888e+10
4.70888e+10
4.62101e+10
4.6836e+10
4.77305e+10
4.77305e+10
4.77305e+10
4.77305e+10
4.77305e+10
4.77305e+10
4.77305e+10
4.77305e+10
4.83006e+10
4.83006e+10
4.83006e+10
4.83006e+10
4.83006e+10
4.83006e+10
4.83006e+10
4.81281e+10
4.81281e+10
4.82575e+10
4.82575e+10
4.82575e+10
4.84441e+10
4.84441e+10
4.84441e+10
4.84441e+10
4.84441e+10
4.84441e+10
4.84441e+10
4.87618e+10
4.87618e+10
4.87618e+10
4.8838e+10
4.8838e+10
4.8838e+10
4.86383e+10
4.86383e+10
4.86383e+10
4.86383e+10
4.86383e+10
4.86383e+10
4.86383e+10
4.87092e+10
4.87092e+10
4.87092e+10
4.87092e+10
4.87092e+10
4.87092e+10
4.87092e+10
4.87092e+10
4.87092e+10
4.87092e+10
4.87092e+10
4.87092e+10
4.87092e+10
4.87092e+10
4.87092e+10
4.87092e+10
4.87092e+10
4.87092e+10
4.88932e+10
4.88932e+10
4.88932e+10
4.88932e+10
4.89079e+10
4.89079e+10
4.89079e+10
4.89079e+10
4.91309e+10
4.91309e+10
4.91309e+10
4.91309e+10
4.91388e+10
4.91388e+10
4.91814e+10
4.91814e+10
4.91814e+10
4.91814e+10
4.92118e+10
4.92118e+10
4.92118e+10
4.92118e+10
4.92118e+10
4.92118e+10
4.92118e+10
4.89863e+10
4.92567e+10
4.92722e+10
4.92722e+10
4.92722e+10
4.92722e+10
4.92722e+10
4.92722e+10
4.92722e+10
4.92722e+10
4.92722e+10
4.92922e+10
4.92922e+10
4.92922e+10
4.92922e+10
4.92922e+10
4.92922e+10
4.92922e+10
4.90348e+10
4.90348e+10
4.92922e+10
4.92922e+10
4.92922e+10
4.93575e+10
4.93575e+10
4.94017e+10
4.94017e+10
4.94017e+10
4.94017e+10
4.94017e+10
4.94017e+10
4.94017e+10
4.94017e+10
4.94017e+10
4.94017e+10
4.94017e+10
4.94017e+10
4.94017e+10
4.94017e+10
4.94017e+10
4.94017e+10
4.94017e+10
4.94017e+10
4.94952e+10
4.94952e+10
4.94952e+10
4.94952e+10
4.94952e+10
4.94952e+10
4.94952e+10
4.94952e+10
4.94952e+10
4.94956e+10
4.94956e+10
4.94956e+10
4.94971e+10
4.95363e+10
4.95363e+10
4.95363e+10
4.95363e+10
4.95363e+10
4.95363e+10
4.95363e+10
4.9646e+10
4.9646e+10
4.9646e+10
4.9646e+10
4.97646e+10
4.97646e+10
4.9502e+10
4.9502e+10
4.98354e+10
4.98499e+10
4.98499e+10
4.98499e+10
4.98499e+10
4.98499e+10
4.98499e+10
4.98499e+10
4.98499e+10
4.98746e+10
4.98746e+10
4.98746e+10
4.98746e+10
4.98746e+10
4.99298e+10
4.99298e+10
4.99518e+10
4.99864e+10
4.99864e+10
5.00139e+10
5.00139e+10
4.98938e+10
5.00139e+10
5.00139e+10
5.00139e+10
5.00139e+10
5.00476e+10
5.00558e+10
5.00558e+10
5.00558e+10
4.97521e+10
4.97521e+10
4.97521e+10
4.97521e+10
4.97521e+10
4.97521e+10
4.97521e+10
4.97521e+10
4.97521e+10
4.97521e+10
4.97521e+10
4.97521e+10
4.97521e+10
4.97521e+10
4.97521e+10
4.97521e+10
4.97521e+10
4.97521e+10
4.97521e+10
4.97521e+10
4.91694e+10
4.91694e+10
4.91962e+10
4.91962e+10
4.94836e+10
4.94836e+10
4.94836e+10
4.94836e+10
4.94836e+10
4.94836e+10
4.94836e+10
4.94836e+10
4.94836e+10
4.94836e+10
4.94836e+10
4.94836e+10
4.94836e+10
4.94836e+10
4.94836e+10
4.94836e+10
4.82591e+10
4.82591e+10
4.82591e+10
4.82591e+10
4.82591e+10
4.96448e+10
4.96448e+10
4.9741e+10
4.9741e+10
4.99847e+10
4.99847e+10
4.99847e+10
4.99847e+10
4.99847e+10
4.96827e+10
4.99847e+10
4.99847e+10
4.99847e+10
4.99847e+10
4.99847e+10
4.99847e+10
5.00486e+10
5.00486e+10
5.00486e+10
5.00486e+10
5.01318e+10
5.01318e+10
5.01318e+10
5.01318e+10
5.01213e+10
5.01213e+10
5.01402e+10
5.01402e+10
5.01402e+10
5.01402e+10
5.01402e+10
5.01402e+10
5.01402e+10
5.01402e+10
5.01402e+10
5.01402e+10
5.01402e+10
5.01402e+10
5.01402e+10
5.01402e+10
5.01402e+10
5.00518e+10
5.00518e+10
4.75341e+10
4.75341e+10
4.92394e+10
4.92394e+10
4.92394e+10
4.92394e+10
4.93027e+10
4.93027e+10
4.93027e+10
4.93027e+10
4.9451e+10
4.9451e+10
4.96111e+10
4.96111e+10
4.96111e+10
4.96111e+10
4.84852e+10
4.84852e+10
4.92249e+10
4.92249e+10
4.92249e+10
4.92249e+10
4.92249e+10
4.92249e+10
4.93766e+10
4.93766e+10
4.94284e+10
4.94284e+10
4.94284e+10
4.94284e+10
4.94284e+10
4.94284e+10
4.96111e+10
4.96111e+10
4.96111e+10
4.96111e+10
4.96111e+10
4.98063e+10
4.98063e+10
4.98063e+10
4.98063e+10
4.98063e+10
4.98063e+10
4.98063e+10
4.98754e+10
4.98754e+10
4.98754e+10
5.00498e+10
4.99802e+10
4.99802e+10
4.99802e+10
4.99802e+10
4.99802e+10
4.99802e+10
4.99802e+10
4.99802e+10
4.99802e+10
4.99802e+10
4.99802e+10
5.00202e+10
5.00202e+10
5.00202e+10
5.00202e+10
5.00202e+10
5.00202e+10
5.00202e+10
5.00202e+10
5.00202e+10
5.00202e+10
5.00202e+10
5.00202e+10
5.00202e+10
5.00202e+10
5.01495e+10
5.01495e+10
5.01495e+10
5.01495e+10
5.01495e+10
5.01495e+10
5.01495e+10
5.01495e+10
4.94285e+10
4.94285e+10
4.97527e+10
5.00224e+10
5.01152e+10
5.01152e+10
4.85943e+10
4.91052e+10
4.91052e+10
4.91052e+10
4.91052e+10
4.94128e+10
4.94128e+10
4.94128e+10
4.94128e+10
4.94128e+10
4.94128e+10
4.94128e+10
4.94128e+10
4.94128e+10
4.94128e+10
4.94128e+10
4.94128e+10
4.94128e+10
4.97131e+10
4.97543e+10
4.97543e+10
4.97543e+10
4.96425e+10
4.96425e+10
4.96425e+10
4.96425e+10
4.96425e+10
4.96425e+10
4.96425e+10
4.96425e+10
4.96425e+10
4.96425e+10
4.96425e+10
4.96425e+10
4.96425e+10
4.96425e+10
4.96425e+10
4.96425e+10
4.96425e+10
4.97206e+10
4.97454e+10
4.97454e+10
4.99896e+10
4.99896e+10
5.00148e+10
5.00148e+10
5.00148e+10
5.00148e+10
5.00148e+10


1.88131
7.69509
0.651265
-2.41768
5.90564
1.54073
-3.53282
2.75384
-1.50121
-3.46553
-3.13776
4.33546
3.76782
0.757012
-1.09836
-0.289926
-3.68435
2.63024
8.11853
7.38701
2.80511
-1.88574
-3.70403
0.516678
-4.23139
-3.86242
-0.442366
4.50758
0.154118
0.851314

0.03

