582.63
564.231
545.364
493.435
493.435
493.435
471.975
471.975
471.975
424.213
424.213
424.213
246.979
246.979
246.979
246.979
246.979
246.979
246.979
246.979
246.979
246.979
246.979
246.979
246.979
164.48
164.48
164.48
164.48
164.48
164.48
164.48
164.48
164.48
164.48
164.444
164.444
164.444
164.444
164.444
164.444
164.444
164.444
164.444
164.444
164.444
164.444
164.444
164.444
164.444
164.444
164.444
164.444
164.444
164.444
164.444
164.444
152.231
152.231
147.731
147.731
147.731
147.731
147.731
147.731
147.731
147.731
147.731
147.731
147.731
147.731
147.731
141.26
141.26
141.26
141.26
141.26
141.26
141.26
117.846
82.4307
82.4307
82.4307
82.4307
82.4307
82.4307
82.4307
82.4307
82.4307
82.4307
82.4307
82.4307
82.4307
82.4307
82.4307
82.4307
82.4307
82.4307
82.4307
82.4307
82.4307
82.4307
82.4307
82.4307
82.4307
82.4307
82.4307
82.4307
82.4307
82.4307
82.4307
82.4307
82.4307
82.4307
82.4307
82.4307
82.4307
82.4307
82.4307
82.4307
82.4307
82.4307
82.4307
82.4307
82.4307
82.4307
82.4307
82.4307
82.4307
82.4307
82.4307
73.5562
73.5562
73.5562
73.5562
73.5562
63.7243
63.7243
63.7243
63.7243
63.7243
63.7243
63.7243
63.7243
63.7243
63.7243
63.7243
63.7243
63.7243
63.7243
63.7243
63.7243
63.7243
63.7243
63.7243
63.7243
63.7243
63.7243
63.7243
63.7243
63.7243
63.7243
63.7243
63.7243
63.7243
63.7243
63.7243
45.4707
45.4707
45.4707
45.4707
45.4707
45.4707
45.4707
45.4707
45.4707
45.4707
45.4707
45.4707
45.4707
45.4707
45.4707
45.4707
45.4707
45.4707
45.4707
45.4707
45.4707
45.4707
45.4707
45.4707
45.4707
45.4707
45.4707
45.4707
45.4707
45.4707
45.4707
45.4707
45.4707
45.4707
45.4707
45.4707
45.4707
45.4707
45.4707
45.4707
45.4707
45.4707
45.4707
45.4707
45.4707
45.4707
45.4707
45.4707
45.4707
45.4707
45.4707
45.4707
45.4707
45.4707
45.4707
45.4707
45.4707
45.4707
45.4707
45.4707
45.4707
45.4707
45.4707
45.4707
45.4707
45.4707
45.4707
45.4707
45.4707
45.4707
45.4707
45.4707
45.4707
45.4707
45.4707
45.4707
45.4707
45.107
45.107
45.107
45.107
45.107
45.107
45.107
45.107
45.107
45.107
45.107
45.107
45.107
41.6122
41.6122
41.6122
41.6122
41.6122
41.6122
41.6122
41.6122
41.6122
41.6122
41.6122
41.6122
41.6122
41.6122
41.6122
41.6122
41.6122
41.6122
41.6122
41.6122
41.6122
41.6122
41.6122
41.6122
41.6122
41.6122
41.6122
41.6122
41.6122
41.6122
41.6122
41.6122
41.6122
41.6122
41.6122
37.8587
37.8587
37.8587
37.8587
37.8587
37.8587
37.8587
37.8587
37.8587
37.8587
37.8587
37.8587
37.8587
37.8587
37.8587
37.8587
37.8587
37.8587
37.8587
33.8464
33.8464
33.8464
33.8464
33.8464
33.8464
33.8464
33.8464
33.8464
33.8464
33.8464
33.8464
33.8464
33.8464
33.8464
33.8464
33.8464
33.8464
33.8464
33.8464
33.8464
33.8464
33.8464
33.8464
33.8464
33.8464
33.8464
32.7644
32.7644
32.7644
32.7644
28.6764
28.6764
21.8427
21.8427
21.8427
21.8427
21.8427
21.8427
21.8427
21.8427
21.8427
21.8427
21.8427
21.8427
21.8427
21.8427
21.8427
21.8427
21.8427
21.8427
21.8427
21.8427
21.8427
21.8427
21.8427
21.8427
21.8427
21.8427
21.8427
21.8427
21.8427
21.8427
21.8427
21.8427
21.8427
21.8427
21.8427
21.8427
21.8427
21.8427
21.8427
21.8427
21.8427
21.8427
21.8427
21.8427
21.8427
21.8427
21.8427
21.8427
21.8427
21.8427
21.8427
21.8427
21.8427
21.8427
21.8427
21.8427
21.8427
21.8427
21.8427
21.8427
21.8427
21.8427
21.8427
14.8691
14.8691
14.8691
14.8691
14.8691
13.9052
13.9052
13.9052
13.9052
13.9052
13.9052
13.9052
13.9052
13.9052
13.9052
13.9052
13.9052
13.9052
13.9052
13.9052
13.9052
13.9052
13.9052
13.9052
13.9052
13.9052
13.9052
13.9052
13.9052
13.9052
13.9052
13.9052
13.9052
13.9052
13.9052
13.9052
13.9052
13.9052
13.9052
13.9052
13.9052
13.9052
13.9052
13.9052
13.9052
13.9052
13.9052
13.9052
13.9052
13.9052
13.9052
13.9052
13.9052
13.9052
13.9052
13.9052
13.9052
13.9052
13.9052
13.9052
13.9052
13.9052
13.9052
13.9052
13.9052
13.9052
13.9052
13.9052
13.9052
13.9052
13.9052
13.9052
13.9052
13.9052
13.9052
13.9052
13.9052
13.9052
13.9052
13.9052
13.9052
13.9052
13.9052
13.9052
13.9052
13.9052
13.9052
13.9052
13.9052
13.9052
13.9052
13.9052
13.9052
13.9052
13.9052
13.9052
13.9052
13.9052
13.9052
13.9052
13.9052
13.9052
13.9052
13.9052
13.9052
13.9052
13.9052
13.9052
13.9052
13.9052
13.9052
13.9052
13.9052
13.9052
13.9052
13.9052
13.9052
13.9052
13.9052
13.9052
13.9052
13.9052
13.9052
13.9052
13.9052
13.9052
13.9052
13.9052
13.9052
13.9052
13.9052
13.9052
13.1813
13.1813
13.1813
13.1813
13.1813
13.1813
13.1813
13.1813
13.1813
13.1813
13.1813
13.1813
13.1813
13.1813
13.1813
13.1813
13.1813
13.1813
13.1813
13.1813
13.1813
13.1813
13.1813
13.1813
13.1813
13.1813
13.1813
13.1813
13.1813
13.1813
13.1813
10.5269
10.5269
10.5269
10.5269
10.5269
10.5269
10.5269
10.5269
10.5269
10.5269
10.5269
10.5269
10.5269
10.5269
10.5269
10.5269
10.5269
10.5269
10.5269
10.5269
10.5269
10.5269
10.5269
10.5269
10.5269
10.5269
10.5269
10.5269
10.5269
10.5269
10.5269
10.5269
10.5269
10.5269
10.5269
10.5269
10.5269
10.5269
10.5269
10.5269
10.5269
10.5269
10.5269
10.5269
10.5269
10.5269
10.5269
10.5269
10.5269
10.5269
10.5269
10.5269
10.5269
10.5269
10.5269
10.5269
10.5269
10.5269
10.5269
10.5269
10.5269
10.5269
10.5269
10.5269
10.5269
10.5269
10.5269
10.5269
10.5269
10.5269
10.5269
10.5269
10.5269
10.5269
10.5269
10.5269
10.5269
10.5269
10.5269
10.5269
10.5269
10.5269
10.5269
10.5269
10.5269
10.5269
10.5269
10.5269
10.5269
10.5269
10.5269
10.5269
10.5269
10.5269
10.5269
10.5269
10.5269
10.5269
10.5269
10.5269
10.5269
10.5269
10.5269
10.5269
10.5269
10.5269
10.5269
10.5269
10.5269
10.5269
10.5269
9.93604
9.93604
9.93604
9.93604
9.93604
9.93604
9.93604
9.93604
9.31575
9.31575
9.31575
7.49608
7.49608
7.49608
7.49608
7.49608
7.49608
7.49608
7.49608
7.49608
7.49608
7.49608
7.49608
7.49608
7.49608
7.49608
7.49608
7.49608
7.49608
7.49608
7.49608
7.49608
7.49608
7.49608
7.49608
7.49608
7.49608
7.49608
7.49608
7.49608
7.49608
7.49608
7.49608
7.49608
7.49608
7.49608
7.49608
7.49608
7.49608
7.49608
7.49608
7.49608
7.49608
7.49608
7.49608
7.49608
7.49608
7.49608
7.23593
7.23593
7.23593
7.23593
7.23593
7.23593
7.23593
7.23593
7.23593
7.23593
7.23593
7.23593
7.23593
6.77892
6.77892
6.77892
6.77892
6.77892
6.77892
6.77892
6.77892
6.77892
6.77892
6.77892
6.77892
6.77892
6.77892
6.77892
6.77892
6.77892
6.77892
6.77892
6.77892
6.77892
6.77892
6.77892
6.77892
6.77892
6.77892
6.77892
6.77892
6.77892
6.77892
6.77892
6.77892
6.77892
6.77892
6.77892
6.77892
6.77892
6.77892
6.77892
6.77892
6.77892
6.77892
6.77892
6.77892
6.77892
6.77892
6.77892
6.77892
6.77892
6.77892
6.77892
6.77892
6.77892
6.77892
6.77892
6.77892
6.77892
6.77892
6.77892
6.77892
6.77892
6.77892
6.77892
6.77892
6.77892
6.77892
6.77892
6.77892
6.77892
6.77892
6.77892
6.77892
6.77892
6.77892
6.77892
6.77892
6.77892
6.77892
6.77892
6.77892
6.77892
6.77892
6.77892
6.77892
6.77892
6.77892
6.77892
6.77892
6.77892
6.77892
6.77892
6.77892
6.77892
6.77892
6.77892
6.77892
6.77892
6.77892
6.77892
6.77892
6.77892
6.77892
6.77892
6.77892
6.77892
6.77892
4.97354
4.97354
4.97354
4.97354
4.97354
4.97354
4.97354
4.97354
4.97354
4.97354
4.97354
4.97354
4.97354
4.97354
4.97354
4.97354
4.97354
4.97354
4.97354
4.97354
4.97354
4.97354
4.97354
4.97354
4.97354
4.97354
4.97354
4.97354
4.97354
4.97354
4.97354
4.97354
4.97354
4.97354
4.97354
4.97354
4.97354
4.97354
4.97354
4.97354
4.97354
4.97354
4.97354
4.97354
4.97354
4.97354
4.97354
4.97354
4.97354
4.97354
4.97354
4.97354
4.97354
4.97354
4.97354
4.97354
4.97354
4.97354
4.97354
4.97354
4.97354
4.97354
4.97354
4.97354
4.97354
4.97354
4.97354
4.97354
4.97354
4.97354
4.97354
4.97354
4.97354
4.97354
4.97354
4.97354
4.97354
4.97354
4.97354
4.97354
4.97354
4.97354
4.97354
4.97354
4.97354
4.97354
4.97354
4.97354
4.97354
4.97354
4.97354
4.97354
4.97354
4.97354
4.97354
4.97354
4.97354
4.97354
4.97354
4.97354
4.97354
4.97354
4.97354
4.97354
4.97354
4.97354
4.97354
4.97354
4.97354
4.97354
4.97354
4.97354
4.97354
4.97354
4.97354
4.97354
4.97354
4.97354
4.97354
4.97354
4.97354
4.92856
4.92856
4.92856
4.92856
4.92856
4.92856
4.92856
4.92856
4.92856
4.92856
4.92856
4.92856
4.92856
4.92856
4.92856
4.92856
4.92856
4.92856
4.92856
4.92856
4.92856
4.92856
4.92856
4.92856
4.92856
4.92856
4.92856
4.92856
4.92856
4.92856
4.92856
4.92856
4.92856
4.51559
4.51559
4.51559
4.51559
4.51559
4.51559
4.51559
4.51559
4.51559
4.51559
4.51559
4.51559
4.51559
4.51559
4.51559
4.51559
4.51559
4.51559
4.51559
4.51559
4.51559
4.51559
4.51559
4.51559
4.51559
4.51559
4.51559
4.51559
4.51559
4.51559
4.51559
4.09992
4.09992
3.38836
3.38836
3.38836
3.38836
3.38836
3.38836
3.38836
3.38836
3.38836
3.38836
3.38836
3.38836
3.38836
3.38836
3.38836
3.38836
3.38836
3.38836
3.38836
3.38836
3.38836
3.38836
3.38836
3.38836
3.38836
3.38836
3.38836
3.38836
3.38836
3.38836
3.38836
3.34796
3.34796
3.34796
3.34796
3.34796
3.34796
3.34796
3.34796
3.34796
3.34796
3.34796
3.34796
3.34796
3.34796
3.34796
3.34796
3.34796
3.34796
3.34796
3.34796
3.34796
3.34796
3.34796
3.34796
3.34796
3.34796
3.34796
3.34796
3.34796
3.34796
3.34796
3.34796
3.34796
3.34796
3.34796
3.34796
3.34796
3.34796
3.34796
3.34796
3.19266
3.19266
3.19266
3.19266
3.19266
3.19266
3.19266
3.19266
3.19266
3.19266
3.19266
3.19266
3.19266
3.19266
3.19266
3.19266
3.19266
3.19266
3.19266
3.19266
3.19266
3.19266
3.19266
3.19266
3.19266
3.19266
3.19266
3.19266
3.19266
3.19266
3.19266
3.19266
3.19266
3.19266
3.19266
3.19266
3.19266
3.19266
3.19266
3.19266
3.19266
3.19266
3.19266
3.19266
3.19266
3.19266
3.19266
3.19266
3.19266
3.19266
3.19266
3.19266
3.19266
3.19266
3.19266
3.19266
3.19266
3.19266
3.19266
3.19266
3.19266
3.19266
3.19266
3.19266
3.19266
3.19266
3.19266
3.19266
3.19266
3.19266
3.19266
3.19266
3.19266
3.19266
3.19266
3.19266
3.19266
3.19266
3.19266
3.19266
3.19266
3.19266
3.19266
3.19266
3.19266
3.19266
3.19266
3.19266
3.09295
3.09295
3.09295
3.09295
3.09295
3.09295
3.09295
3.09295
3.09295
3.09295
3.09295
3.09295
3.09295
3.09295
3.09295
3.09295
3.09295
3.09295
3.09295
3.09295
3.09295
3.09295
3.09295
3.09295
3.09295
3.09295
3.09295
3.09295
3.09295
3.09295
3.09295
3.09295
3.09295
3.09295
3.09295
3.09295
3.09295
3.09295
3.09295
3.09295
3.09295
3.09295
3.09295
3.09295
3.09295
3.09295
3.09295
3.09295
3.09295
3.09295
3.09295
3.09295
3.09295
3.09295
3.09295
3.09295
3.09295
3.09295
3.09295
3.09295
3.09295
3.09295
3.09295
3.09295
3.09295
3.09295
3.09295
3.09295
3.09295
3.09295
3.09295
3.09295
3.09295
3.09295
3.09295
3.09295
3.09295
3.09295
3.09295
3.09295
3.09295
3.09295
3.09295
3.09295
3.09295
3.09295
3.09295
3.09295
3.09295
3.09295
3.09295
3.09295
3.09295
3.09295
3.09295
3.09295
3.09295
3.09295
3.09295
3.09295
3.09295
3.09295
3.09295
3.09295
3.09295
3.09295
3.09295
3.09295
3.09295
3.09295
3.09295
3.09295
3.09295
3.09295
3.09295
3.09295
3.09295
3.09295
3.09295
3.09295
3.09295
3.09295
3.09295
3.09295
3.09295
3.09295
3.09295
3.09295
3.09295
3.09295
3.09295
3.09295
3.09295
3.09295
3.09295
3.09295
3.09295
3.09295
3.09295
3.09295
3.09295
3.09295
3.09295
3.09295
3.09295
3.09295
3.09295
3.09295
3.09295
3.09295
3.09295
3.09295
3.09295
3.09295
3.09295
3.09295
3.09295
3.09295
3.09295
3.09295
3.09295
3.09295
3.09295
3.09295
3.09295
3.09295
3.09295
3.09295
3.09295
3.09295
3.09295
3.09295
3.09295
3.09295
3.09295
3.09295
3.09295
3.09295
3.09295
3.09295
3.09295
3.09295
3.09295
3.09295
3.09295
3.09295
3.09295
3.09295
3.09295
3.09295
3.09295
3.09295
3.09295
3.09295
3.09295
3.09295
3.09295
3.09295
3.09295
3.09295
3.09295
3.09295
3.09295
3.09295
2.55882
2.55882
2.55882
2.55882
2.55882
2.55882
2.55882
2.55882
2.55882
2.55882
2.55882
2.55882
2.55882
2.55882
2.55882
2.55882
2.55882
2.55882
2.55882
2.55882
2.55041
2.55041
2.55041
2.55041
2.55041
2.55041
2.55041
2.55041
2.55041
2.55041
2.55041
2.55041
2.55041
2.55041
2.55041
2.55041
2.55041
2.55041
2.55041
2.55041
2.55041
2.55041
2.55041
2.55041
2.55041
2.55041
2.55041
2.55041
2.55041
2.55041
2.55041
2.55041
2.55041
2.55041
2.55041
2.55041
2.55041
2.55041
2.55041
2.55041
2.55041
2.55041
2.55041
2.55041
2.55041
2.55041
2.55041
2.55041
2.55041
2.55041
2.55041
2.55041
2.55041
2.55041
2.55041
2.55041
2.55041
2.55041
2.55041
2.55041
2.55041
2.55041
2.55041
2.55041
2.55041
2.55041
2.55041
2.55041
2.55041
2.55041
2.55041
2.55041
2.55041
2.55041
2.55041
2.55041
2.55041
2.55041
2.55041
2.55041
2.55041
2.55041
2.55041
2.55041
2.55041
2.55041
2.55041
2.55041
2.55041
2.55041
2.55041
2.55041
2.55041
2.55041
2.55041
2.55041
2.55041
2.55041
2.55041
2.55041
2.55041
2.55041
2.55041
2.55041
2.55041
2.55041
2.55041
2.55041
2.55041
2.55041
2.55041
2.55041
2.55041
2.55041
2.55041
2.55041
2.55041
2.55041
2.55041
2.55041
2.55041
2.55041
2.55041
2.55041
2.55041
2.55041
2.55041
2.55041
2.55041
2.55041
2.55041
2.55041
2.55041
2.55041
2.55041
2.55041
2.55041
2.55041
2.55041
2.55041
2.55041
2.55041
2.55041
2.55041
2.55041
2.55041
2.55041
2.55041
2.55041
2.55041
2.55041
2.55041
2.55041
2.55041
2.55041
2.55041
2.55041
2.55041
2.55041
2.55041
2.55041
2.55041
2.55041
2.55041
2.55041
2.55041
2.55041
2.55041
2.55041
2.55041
2.55041
2.55041
2.55041
2.55041
2.55041
2.55041
2.55041
2.55041
2.55041
2.55041
2.55041
2.55041
2.55041
2.55041
2.55041
2.55041
2.55041
2.55041
2.55041
2.55041
2.55041
2.55041
2.55041
2.55041
2.55041
2.55041
2.55041
2.55041
2.55041
2.55041
2.55041
2.55041
2.55041
2.55041
2.55041
2.55041
2.55041
2.55041
2.55041
2.55041
2.55041
2.55041
2.55041
2.55041
2.55041
2.55041
2.55041
2.55041
2.55041
2.55041
2.55041
2.55041
2.55041
2.55041
2.55041
2.55041
2.55041
2.55041
2.55041
2.55041
2.55041
2.55041
2.55041
2.55041
2.55041
2.55041
2.55041
2.55041
2.55041
2.55041
2.55041
2.55041
2.55041
2.55041
2.55041
2.55041
2.55041
2.55041
2.55041
2.55041
2.55041
2.55041
2.55041
2.55041
2.55041
2.55041
2.55041
2.55041
2.55041
2.55041
2.55041
2.55041
2.55041
2.55041
2.55041
2.55041
2.55041
2.55041
2.55041
2.55041
2.55041
2.55041
2.55041
2.55041
2.55041
2.55041
2.55041
2.55041
2.55041
2.55041
2.55041
2.55041
2.55041
2.55041
2.55041
2.55041
2.55041
2.55041
2.55041
2.55041
2.55041
2.55041
2.55041
2.55041
2.55041
2.55041
2.55041
2.55041
2.55041
2.55041
2.55041
2.55041
2.55041
2.55041
2.55041
2.55041
2.55041
2.55041
2.55041
2.55041
2.55041
2.55041
2.55041
2.55041
2.55041
2.55041
2.55041
2.55041
2.55041
2.55041
2.55041
2.55041
2.55041
2.55041
2.55041
2.55041
2.55041
2.55041
2.55041
2.55041
2.55041
2.55041
2.55041
2.55041
2.55041
2.55041
2.55041
2.55041
2.55041
2.55041
2.55041
2.55041
2.55041
2.55041
2.55041
2.55041
2.55041
2.55041
2.55041
2.55041
2.55041
2.55041
2.55041
2.55041
2.55041
2.55041
2.55041
2.55041
2.55041
2.55041
2.55041
2.55041
2.55041
2.55041
2.55041
2.55041
2.55041
2.55041
2.55041
2.55041
2.55041
2.55041
2.55041
2.55041
2.55041
2.55041
2.55041
2.55041
2.55041
2.55041
2.55041
2.55041
2.55041
2.55041
2.55041
2.55041
2.55041
2.55041
2.55041
2.55041
2.55041
2.55041
2.55041
2.55041
2.55041
2.55041
2.55041
2.55041
2.55041
2.55041
2.55041
2.55041
2.55041
2.55041
2.55041
2.55041
2.55041
2.55041
2.55041
2.55041
2.55041
2.55041
2.55041
2.55041
2.55041
2.55041
2.55041
2.55041
2.55041
2.55041
2.55041
2.55041
2.55041
2.55041
2.55041
2.55041
2.55041
2.55041
2.55041
2.55041
2.55041
2.55041
2.55041
2.55041
2.55041
2.55041
2.55041
2.55041
2.55041
2.55041
2.55041
2.55041
2.55041
2.55041
2.55041
2.55041
2.55041
2.55041
2.55041
2.55041
2.55041
2.55041
2.55041
2.55041
2.55041
2.55041
2.55041
2.55041
2.55041
2.55041
2.55041
2.55041
2.55041
2.55041
2.55041
2.55041
2.55041
2.55041
2.55041
2.55041
2.55041
2.55041
2.55041
2.55041
2.55041
2.55041
2.55041
2.55041
2.55041
2.55041
2.55041
2.55041
2.55041
2.55041
2.55041
2.55041
2.55041
2.55041
2.55041
2.55041
2.55041
2.55041
2.55041
2.55041
2.55041
2.55041
2.55041
2.55041
2.55041
2.55041
2.55041
2.55041
2.55041
2.55041
2.55041
2.55041
2.55041
2.55041
2.55041
2.55041
2.55041
2.55041
2.55041
2.55041
2.55041
2.55041
2.55041
2.55041
2.55041
2.55041
2.55041
2.55041
2.55041
2.55041
2.55041
2.55041
2.55041
2.55041
2.55041
2.55041
2.55041
2.55041
2.55041
2.55041
2.55041
2.55041
2.55041
2.55041
2.55041
2.55041
2.55041
2.55041
2.55041
2.55041
2.55041
2.55041
2.55041
2.55041
2.55041
2.55041
2.55041
2.55041
2.55041
2.55041
2.55041
2.55041
2.55041
2.55041
2.55041
2.55041
2.55041
2.55041
2.55041
2.55041
2.55041
2.55041
2.55041
2.55041
2.55041
2.55041
2.55041
2.55041


-11.2989
1.14703
-5.77165
-14.3282
-2.67183
-2.49453
3.0738
-4.93011
-0.396254
6.1006
-11.3795
-0.815908
23.49
-52.0615
0.939312
1.99276
-5.64467
7.46878
-9.45979
-2.77385
-6.36395
-9.32084
-0.909498
-26.635
-15.0176
10.3659
-8.01765
-27.8902
-12.0513
3.09331

0.031

