76.2977
76.2977
76.2977
74.9453
51.8323
42.1913
42.1913
42.1913
42.1913
42.1913
30.1668
30.1668
30.1668
30.1668
30.1668
25.0736
25.0736
24.3345
24.3345
24.2569
24.2569
24.2569
24.2569
24.2569
24.2569
24.2569
24.2569
24.2569
24.2569
24.2569
21.74
21.74
21.74
19.0613
19.0613
19.0613
19.0613
17.2834
17.2834
17.0665
14.7638
14.7638
14.7638
14.7638
12.5802
12.5802
12.5802
12.5802
12.5802
12.5802
12.5802
12.5802
12.5802
12.5364
11.689
11.689
11.689
11.689
11.689
11.689
11.689
11.689
11.689
11.689
11.689
11.6874
11.6874
11.6874
11.6874
11.6874
11.017
11.017
11.017
11.017
11.017
10.884
10.8168
10.8168
10.8168
10.8168
10.8168
10.8082
10.7596
10.5619
10.5619
10.5619
10.5619
10.5619
10.5619
10.5619
10.5619
10.5515
10.4322
10.4322
10.4044
10.4044
10.3911
10.2217
10.2083
10.2083
10.2083
10.2002
10.2002
10.2002
10.2002
10.2002
10.173
10.173
10.173
10.173
10.173
10.173
10.173
10.173
10.173
10.173
10.1724
10.0954
10.0954
10.0954
10.0935
10.0935
10.0935
10.0758
10.0758
9.70064
9.70064
9.70064
9.70064
9.70053
9.70053
9.70053
9.70053
9.70053
9.70053
9.70053
9.70053
9.70053
9.68992
9.68992
9.68992
9.68992
9.68992
9.68549
9.68549
9.68549
9.68549
9.62219
9.58921
9.58921
9.58921
9.58921
9.58921
9.57333
9.57333
9.57333
9.56658
9.56658
9.56658
9.56658
9.5663
9.5663
9.5663
9.56229
9.56124
9.56124
9.56124
9.56124
9.56124
9.56124
9.50557
9.50557
9.45931
9.45931
9.43707
9.43707
9.43707
9.43707
9.37151
9.37151
9.37151
9.37151
9.37151
9.37151
9.37151
9.37151
9.37151
9.37151
9.37095
9.36794
9.36673
9.36673
9.36673
9.36471
9.36471
9.36471
9.36433
9.36433
9.36433
9.35506
9.2682
9.20783
9.20783
9.20783
9.20783
9.19817
9.19817
9.19817
9.19817
9.19817
9.19817
9.19817
9.19817
9.19817
9.19817
9.18595
9.18595
9.18595
9.18595
9.15643
9.15643
9.15643
9.15643
9.15643
9.15585
9.15585
9.15378
9.15378
9.15378
9.15378
9.15378
9.13258
9.13258
9.13258
9.13258
9.13258
9.13258
9.13258
9.13258
9.13258
9.13258
9.13258
9.13258
9.13258
9.13258
9.13258
9.13258
9.13174
9.13174
9.13174
9.13174
9.13174
9.13174
9.13174
9.13174
9.13174
9.13174
9.13174
9.13174
9.13174
9.13174
9.13146
9.13146
9.12892
9.12892
9.12892
9.12892
9.12892
9.12892
9.12892
9.12892
9.12892
9.12892
9.12892
9.12892
9.12892
9.12306
9.12306
9.12306
9.11633
9.11519
9.11434
9.11434
9.11382
9.11259
9.11259
9.11259
9.11102
9.11102
9.11102
9.11102
9.11102
9.11102
9.11102
9.11102
9.10861
9.10861
9.10861
9.10609
9.10609
9.10609
9.10609
9.10609
8.89038
8.89038
8.89038
8.89038
8.89038
8.89038
8.89038
8.89038
8.89038
8.89038
8.89038
8.89038
8.89038
8.89038
8.89038
8.89038
8.89038
8.89038
8.89038
8.89038
8.89038
8.89038
8.88295
8.88295
8.88295
8.88295
8.88295
8.84614
8.84614
8.84482
8.84482
8.84482
8.84482
8.84482
8.84436
8.84436
8.84436
8.84436
8.84436
8.8413
8.8413
8.84108
8.80771
8.80771
8.80771
8.80771
8.80771
8.80771
8.80771
8.80771
8.80771
8.80438
8.77619
8.77619
8.77619
8.77619
8.77362
8.75446
8.75446
8.74649
8.74649
8.74649
8.74649
8.74649
8.74649
8.74649
8.71121
8.71121
8.71121
8.71121
8.71121
8.71075
8.71075
8.71075
8.71075
8.71075
8.71075
8.6936
8.6936
8.6936
8.6936
8.6936
8.6936
8.6936
8.6936
8.6936
8.6936
8.6936
8.6936
8.6936
8.6936
8.6936
8.6936
8.6936
8.6936
8.6936
8.6936
8.6936
8.6936
8.6936
8.6936
8.6936
8.6936
8.6936
8.6936
8.6936
8.68668
8.68668
8.68668
8.68668
8.68526
8.68526
8.68526
8.68526
8.68526
8.68526
8.68526
8.68526
8.68492
8.68363
8.68363
8.68093
8.68093
8.68093
8.68093
8.68093
8.68093
8.68093
8.6791
8.50404
8.50404
8.50404
8.50404
8.50404
8.50404
8.50404
8.50404
8.50404
8.50381
8.49748
8.49748
8.49281
8.49281
8.49281
8.49281
8.49281
8.49281
8.49226
8.49226
8.49226
8.49226
8.49226
8.48692
8.46868
8.46868
8.46868
8.46868
8.46868
8.46868
8.46534
8.45749
8.45602
8.45602
8.44331
8.44331
8.44331
8.44331
8.44331
8.44331
8.44331
8.44331
8.44331
8.44331
8.44331
8.44239
8.44239
8.44125
8.44125
8.44125
8.44088
8.44088
8.43669
8.41357
8.41357
8.41357
8.41357
8.40739
8.40739
8.40739
8.40739
8.40739
8.40342
8.40342
8.40342
8.40342
8.40342
8.40342
8.40342
8.40342
8.40342
8.40342
8.40326
8.40326
8.40326
8.40324
8.39943
8.39943
8.39943
8.39943
8.39943
8.39943
8.39877
8.39877
8.39877
8.39527
8.39527
8.39527
8.39359
8.39359
8.39323
8.3466
8.3466
8.34569
8.34569
8.34569
8.34566
8.34193
8.34193
8.34193
8.34193
8.34193
8.33367
8.33367
8.33259
8.33259
8.33259
8.33259
8.33259
8.33259
8.33092
8.33092
8.33092
8.32728
8.32728
8.32728
8.32728
8.32728
8.32728
8.32533
8.32533
8.32218
8.32218
8.32218
8.32218
8.32218
8.32218
8.32218
8.32218
8.32218
8.32218
8.32218
8.32218
8.32218
8.32218
8.32218
8.32185
8.32185
8.32185
8.32185
8.32185
8.32183
8.32169
8.32169
8.32169
8.32169
8.32169
8.32169
8.32169
8.32151
8.32033
8.31571
8.31571
8.31571
8.31571
8.31571
8.31571
8.31571
8.31571
8.30917
8.30915
8.30915
8.30913
8.30913
8.30913
8.30913
8.30584
8.30584
8.30584
8.30584
8.30584
8.30584
8.30584
8.30584
8.3033
8.3033
8.3033
8.3033
8.30194
8.30194
8.30194
8.29993
8.29971
8.29971
8.29971
8.29971
8.29971
8.29963
8.29963
8.29963
8.29959
8.29959
8.29959
8.29959
8.29959
8.29959
8.29959
8.29951
8.29951
8.29901
8.29885
8.29885
8.29885
8.29885
8.29885
8.29885
8.29885
8.29885
8.29885
8.29885
8.29885
8.29885
8.29885
8.29885
8.29885
8.29885
8.29885
8.29885
8.29885
8.29885
8.29885
8.29885
8.29845
8.29845
8.29845
8.29845
8.29845
8.29842
8.29842
8.29842
8.29842
8.29842
8.29842
8.29811
8.29811
8.29811
8.29808
8.29808
8.29808
8.29671
8.29671
8.29671
8.29671
8.29671
8.29671
8.29671
8.29671
8.29642
8.29642
8.29642
8.29642
8.29642
8.29642
8.29642
8.29642
8.29612
8.29612
8.29612
8.29612
8.29612
8.29612
8.29457
8.2939
8.2939
8.2939
8.2939
8.2939
8.2939
8.2939
8.2939
8.2938
8.2938
8.2938
8.2938
8.2938
8.2938
8.2938
8.2938
8.2938
8.2938
8.2938
8.2938
8.2938
8.2938
8.2938
8.2938
8.2938
8.2938
8.2938
8.29373
8.29369
8.29369
8.29369
8.29369
8.29369
8.29369
8.29369
8.29351
8.29351
8.29351
8.29351
8.29351
8.29351
8.29351
8.29351
8.29351
8.29351
8.29351
8.29351
8.29351
8.29351
8.29351
8.2935
8.2935
8.2935
8.2935
8.2935
8.2935
8.2935
8.29347
8.29347
8.28822
8.28822
8.28822
8.28822
8.28822
8.28822
8.28822
8.28762
8.28758
8.28758
8.28758
8.28758
8.28758
8.28758
8.28758
8.28758
8.28758
8.28739
8.28739
8.28739
8.28739
8.28739
8.28739
8.28739
8.28739
8.28601
8.28601
8.28601
8.28601
8.28601
8.28601
8.28601
8.28601
8.28601
8.28575
8.28575
8.28549
8.28549
8.28549
8.28549
8.28549
8.28549
8.28549
8.28548
8.28548
8.28531
8.28531
8.28516
8.28516
8.28516
8.28513
8.28513
8.28513
8.28513
8.28513
8.28507
8.28507
8.28497
8.28488
8.28488
8.28488
8.28486
8.28486
8.28484
8.28484
8.28484
8.28484
8.28484
8.28484
8.28482
8.28482
8.28482
8.28482
8.28482
8.28482
8.28482
8.28482
8.28477
8.28477
8.28477
8.28477
8.28477
8.28477
8.28477
8.28477
8.28477
8.28477
8.28477
8.28477
8.28477
8.28477
8.28476
8.28476
8.28476
8.26787
8.26115
8.26115
8.26115
8.22137
8.22137
8.22137
8.22137
8.22137
8.22137
8.22137
8.22137
8.22128
8.22128
8.22128
8.22128
8.22065
8.22065
8.22065
8.22006
8.22006
8.22006
8.22006
8.22006
8.22006
8.21358
8.21358
8.21358
8.21358
8.21358
8.21336
8.21189
8.21189
8.21189
8.21189
8.21189
8.20721
8.20721
8.20721
8.20721
8.20657
8.20657
8.20657
8.20657
8.20657
8.20657
8.20657
8.20657
8.20573
8.20573
8.20573
8.20573
8.20573
8.20573
8.20573
8.20573
8.19847
8.19566
8.19269
8.19269
8.19088
8.19088
8.19008
8.19008
8.18894
8.18894
8.18856
8.18856
8.18824
8.18824
8.18824
8.1874
8.1874
8.1874
8.1868
8.1868
8.18541
8.18541
8.18541
8.18541
8.18541
8.18541
8.18243
8.18218
8.18218
8.18154
8.18154
8.18154
8.18154
8.18134
8.18119
8.18119
8.18119
8.18119
8.18119
8.18119
8.18119
8.18119
8.18119
8.18119
8.18064
8.18064
8.18064
8.18064
8.18064
8.18064
8.18064
8.18064
8.18064
8.18064
8.18064
8.18064
8.18064
8.18064
8.18061
8.18061
8.18061
8.18059
8.18059
8.18049
8.18049
8.17907
8.17907
8.17907
8.17907
8.17907
8.17903
8.17903
8.17881
8.17881
8.17881
8.17881
8.17881
8.17877
8.17877
8.17811
8.17811
8.17811
8.17811
8.1781
8.1781
8.17795
8.17795
8.17795
8.17795
8.17795
8.17795
8.17795
8.1777
8.1777
8.1773
8.1773
8.1773
8.1773
8.1773
8.1773
8.1773
8.1773
8.1773
8.1773
8.1773
8.17723
8.17723
8.17723
8.17723
8.17705
8.17705
8.17697
8.17697
8.17697
8.17697
8.17697
8.17694
8.17694
8.17693
8.17693
8.17693
8.17691
8.17691
8.17691
8.17691
8.17691
8.17683
8.17683
8.17683
8.17683
8.17683
8.17683
8.17683
8.17682
8.17682
8.17682
8.17681
8.17681
8.17681
8.1768
8.1768
8.1768
8.1768
8.1768
8.1768
8.1768
8.1768
8.1768
8.17679
8.17673
8.17673
8.17667
8.17667
8.17667
8.17667
8.17667
8.17667
8.17667
8.17664
8.17664
8.17664
8.17664
8.17664
8.17664
8.17664
8.17664
8.17664
8.17664
8.17664
8.17664
8.17664
8.17664
8.17664
8.17664
8.17664
8.17664
8.17664
8.17664
8.17664
8.17664
8.17664
8.17664
8.17664
8.17664
8.17664
8.17657
8.17654
8.17654
8.17654
8.17654
8.17654
8.17654
8.17654
8.17654
8.17654
8.17654
8.17654
8.17654
8.17654
8.17654
8.17654
8.17654
8.17649
8.17649
8.17648
8.17648
8.17648
8.1762
8.1762
8.1762
8.1762
8.1762
8.1762
8.1762
8.1762
8.1762
8.1762
8.1762
8.17619
8.17616
8.17616
8.17616
8.17615
8.17615
8.17615
8.17615
8.17615
8.17615
8.17615
8.17615
8.17615
8.17615
8.17615
8.17612
8.17612
8.17612
8.17612
8.17612
8.17612
8.17612
8.17612
8.17612
8.17612
8.17611
8.17611
8.17611
8.17611
8.17611
8.17611
8.17611
8.17611
8.17611
8.17611
8.17611
8.1761
8.1761
8.1761
8.1761
8.1761
8.17609
8.17609
8.17609
8.17609
8.17609
8.17607
8.17607
8.17607
8.17607
8.17607
8.17607
8.17607
8.17607
8.17607
8.17607
8.17607
8.17607
8.17606
8.17606
8.17606
8.17606
8.17606
8.17606
8.17606
8.17606
8.17606
8.17606
8.17606
8.17606
8.17606
8.17606
8.17606
8.17606
8.17606
8.17606
8.17606
8.17606
8.17606
8.17606
8.17606
8.17606
8.17606
8.17606
8.17606
8.17606
8.17606
8.17606
8.17606
8.17606
8.17606
8.17606
8.17606
8.17606
8.17606
8.17606
8.17606
8.17606
8.17606
8.17606
8.17606
8.17606
8.17606
8.17606
8.17606
8.17606
8.17606
8.17606
8.17606
8.17606
8.17606
8.17606
8.17606
8.17606
8.17606
8.17606
8.17606
8.17606
8.17606
8.17606
8.17606
8.17606
8.17606
8.17606
8.17606
8.17606
8.17606
8.17606
8.17606
8.17606
8.17606
8.17606
8.17606
8.17606
8.17606
8.17606
8.17606
8.17606
8.17606
8.17606
8.17606
8.17606
8.17606
8.17606
8.17606
8.17606
8.17606
8.17606
8.17606
8.17606
8.17606
8.17606
8.17606
8.17606
8.17606
8.17606
8.17606
8.17606
8.17606
8.17606
8.17606
8.17606
8.17606
8.17606
8.17606
8.17606
8.17606
8.17606
8.17606
8.17606
8.17606
8.17606
8.17606
8.17606
8.17606
8.17606
8.17606
8.17606
8.17606
8.17606
8.17606
8.17606
8.17606
8.17606
8.17606
8.17606
8.17606
8.17606
8.17606
8.17606
8.17606
8.17606
8.17606
8.17606
8.17606
8.17606
8.17606
8.17606
8.17606
8.17606
8.17603
8.17603
8.17603
8.17603
8.17603
8.17603
8.17603
8.176
8.176
8.176
8.176
8.17599
8.17599
8.17599
8.17599
8.17599
8.17599
8.17599
8.17599
8.17599
8.17599
8.17599
8.17599
8.17599
8.17599
8.17599
8.17599
8.17599
8.17599
8.17599
8.17599
8.17597
8.17597
8.17597
8.17597
8.17597
8.17597
8.17597
8.17596
8.17596
8.17596
8.17596
8.17596
8.17596
8.17596
8.17596
8.17596
8.17596
8.17596
8.17596
8.17596
8.17596
8.17596
8.17596
8.17596
8.17596
8.17596
8.17596
8.17596
8.17596
8.17596
8.17596
8.17596
8.17596
8.17596
8.17595
8.17595
8.17595
8.17595
8.17595
8.17595
8.17595
8.17595
8.17595
8.17595
8.17595
8.17595
8.17595
8.17595
8.17595
8.17595
8.17595
8.17595
8.17595
8.17595
8.17595
8.17595
8.17595
8.17595
8.17595
8.17595
8.17595
8.17595
8.17595
8.17595
8.17595
8.17595
8.17595
8.17595
8.17595
8.17595
8.17595
8.17595
8.17595
8.17595
8.17595
8.17595
8.17595
8.17595
8.17595
8.17595
8.17595
8.17595
8.17595
8.17595
8.17595
8.17595
8.17595
8.17595
8.17595
8.17595
8.17595
8.17595
8.17595
8.17595
8.17595
8.17595
8.17595
8.17595
8.17595
8.17595
8.17595
8.17595
8.17595
8.17595
8.17595
8.17595
8.17595
8.17595
8.17595
8.17595
8.17595
8.17595
8.17595
8.17595
8.17595
8.17595
8.17594
8.17594
8.17594
8.17594
8.17594
8.17594
8.17594
8.17594
8.17594
8.17594
8.17594
8.17594
8.17594
8.17594
8.17594
8.17594
8.17594
8.17594
8.17594
8.17594
8.17594
8.17594
8.17594
8.17594
8.17594
8.17594
8.17594
8.17594
8.17594
8.17594
8.17594
8.17594
8.17594
8.17594
8.17594
8.17594
8.17594
8.17594
8.17594
8.17594
8.17594
8.17594
8.17594
8.17594
8.17594
8.17594
8.17594
8.17594
8.17594
8.17594
8.17594
8.17594
8.17594
8.17594
8.17594
8.17594
8.17594
8.17594
8.17594
8.17594
8.17594
8.17594
8.17594
8.17594
8.17594
8.17594
8.17594
8.17594
8.17594
8.17594
8.17594
8.17594
8.17594
8.17594
8.17594
8.17594
8.17594
8.17594
8.17594
8.17594
8.17594
8.17594
8.17594
8.17594
8.17594
8.17594
8.17594
8.17594
8.17594
8.17594
8.17594
8.17594
8.17594
8.17594
8.17594
8.17594
8.17594
8.17594
8.17594
8.17594
8.17594
8.17594
8.17594
8.17594
8.17594
8.17594
8.17594
8.17594
8.17594
8.17594
8.17594
8.17594
8.17594
8.17594
8.17594
8.17594
8.17594
8.17594
8.17594
8.17594
8.17594
8.17594
8.17594
8.17594
8.17594
8.17594
8.17594
8.17594
8.17594
8.17594
8.17594
8.17594
8.17594
8.17594
8.17594
8.17594
8.17594
8.17594
8.17594
8.17594
8.17594
8.17594
8.17594
8.17594
8.17594
8.17594
8.17594
8.17594
8.17594
8.17594
8.17594
8.17594
8.17594
8.17594
8.17594
8.17594
8.17594
8.17594
8.17594
8.17594
8.17594
8.17594
8.17594
8.17594
8.17594
8.17594
8.17594
8.17594
8.17594
8.17594
8.17594
8.17594
8.17594
8.17594
8.17594
8.17594
8.17594
8.17594
8.17594
8.17594
8.17594
8.17594
8.17594
8.17594
8.17594
8.17594
8.17594
8.17594
8.17594
8.17594
8.17594
8.17594
8.17594
8.17594
8.17594
8.17594
8.17594
8.17594
8.17594
8.17594
8.17594
8.17594
8.17594
8.17594
8.17594
8.17594
8.17594
8.17594
8.17594
8.17594
8.17594
8.17594
8.17594
8.17594
8.17594
8.17594
8.17594
8.17594
8.17594
8.17594
8.17594
8.17594
8.17594
8.17594
8.17594
8.17594
8.17594
8.17594
8.17594
8.17594
8.17594
8.17594
8.17594
8.17594
8.17594
8.17594
8.17594
8.17594
8.17594
8.17594
8.17594
8.17594
8.17594
8.17594
8.17594
8.17594
8.17594
8.17594
8.17594
8.17594
8.17594
8.17594
8.17594
8.17594
8.17594
8.17594
8.17594
8.17594
8.17594
8.17594
8.17594
8.17594
8.17594
8.17594
8.17594
8.17594
8.17594
8.17594
8.17594
8.17594
8.17594
8.17594
8.17594
8.17594
8.17594
8.17594
8.17594
8.17594
8.17594
8.17594
8.17594
8.17594
8.17594
8.17594
8.17594
8.17594
8.17594
8.17594
8.17594
8.17594
8.17594
8.17594
8.17594
8.17594
8.17594
8.17594
8.17594
8.17594
8.17594
8.17594
8.17594
8.17594
8.17594
8.17594
8.17594
8.17594
8.17594
8.17594
8.17594
8.17594
8.17594
8.17594
8.17594
8.17594
8.17594
8.17594
8.17594
8.17594
8.17594
8.17594
8.17594
8.17594
8.17594
8.17594
8.17594
8.17594
8.17594
8.17594
8.17594
8.17594
8.17594
8.17594
8.17594
8.17594
8.17594
8.17594
8.17594
8.17594
8.17594
8.17594
8.17594
8.17594
8.17594
8.17594
8.17594
8.17594
8.17594
8.17594
8.17594
8.17594
8.17594
8.17594
8.17594
8.17594
8.17594
8.17594
8.17594
8.17594
8.17594
8.17594
8.17594
8.17594
8.17594
8.17594
8.17594
8.17594
8.17594
8.17594
8.17594
8.17594
8.17594
8.17594
8.17594
8.17594
8.17594
8.17594
8.17594
8.17594
8.17594
8.17594
8.17594
8.17594
8.17594
8.17594
8.17594
8.17594
8.17594
8.17594
8.17594
8.17594
8.17594
8.17594
8.17594
8.17594
8.17594
8.17594
8.17594
8.17594
8.17594
8.17594
8.17594
8.17594
8.17594
8.17594
8.17594
8.17594
8.17594
8.17594
8.17594
8.17594
8.17594
8.17594
8.17594
8.17594
8.17594
8.17594
8.17594
8.17594
8.17594
8.17594
8.17594
8.17594
8.17594
8.17594
8.17594
8.17594
8.17594
8.17594
8.17594
8.17594
8.17594
8.17594
8.17594
8.17594
8.17594
8.17594
8.17594
8.17594
8.17594
8.17594
8.17594
8.17594
8.17594
8.17594
8.17594
8.17594
8.17594
8.17594
8.17594
8.17594
8.17594
8.17594
8.17594
8.17594
8.17594
8.17594
8.17594
8.17594
8.17594
8.17594
8.17594
8.17594
8.17594
8.17594
8.17594
8.17594
8.17594
8.17594
8.17594
8.17594
8.17594
8.17594
8.17594
8.17594
8.17594
8.17594
8.17594
8.17594
8.17594
8.17594
8.17594
8.17594
8.17594
8.17594
8.17594
8.17594
8.17594
8.17594
8.17594
8.17594
8.17594
8.17594
8.17594
8.17594
8.17594
8.17594
8.17594
8.17594
8.17594
8.17594
8.17594
8.17594
8.17594
8.17594
8.17594
8.17594
8.17594
8.17594
8.17594
8.17594
8.17594
8.17594
8.17594
8.17594
8.17594
8.17594
8.17594
8.17594
8.17594
8.17594
8.17594
8.17594
8.17594
8.17594
8.17594
8.17594
8.17594
8.17594
8.17594
8.17594
8.17594
8.17594


0.530748
0.530753
0.53075
0.530749
0.530751
0.530752
0.530749
0.53075
0.530749
0.530749
0.530751
0.530751
0.530751
0.530751
0.530751
0.530752
0.53075
0.530751
0.530751
0.53075
0.53075
0.530749
0.530752
0.530751
0.53075
0.530751
0.530747
0.530748
0.530782
0.0820219

0.016

