96.9453
96.9453
81.332
81.332
81.332
81.332
81.332
85.2653
85.2653
85.2653
85.2653
85.2653
85.2653
85.2653
85.2653
85.2653
85.2653
85.2653
60.4809
60.4809
60.4809
60.4809
57.6558
57.6558
54.1587
54.1587
54.1587
50.9407
50.9407
50.9407
54.1587
54.1587
53.0153
53.0153
52.94
52.94
52.94
52.94
52.94
49.4859
49.4859
45.1198
49.4859
49.4859
48.5927
48.5927
48.5927
35.0255
33.6851
33.6851
35.0255
36.4189
36.4189
36.4189
36.4189
36.4189
35.221
29.8592
29.8592
29.8592
29.8592
29.8592
29.8592
29.8592
29.8592
29.8592
29.8592
29.8592
30.6108
30.2833
30.2833
30.2833
23.0883
23.0883
23.0883
23.0883
23.0883
23.0883
22.1147
22.1147
22.1147
22.1147
22.1147
22.1147
22.1147
22.1147
21.3726
21.3726
21.3726
21.3726
21.3726
21.3726
21.3726
21.3726
21.3726
21.3726
23.0883
24.8157
24.1589
24.1589
24.1589
22.2684
22.2684
22.2949
21.8216
21.8216
21.8216
21.8216
21.8216
21.3368
21.3368
21.3368
21.8216
21.3212
21.3212
22.2949
22.2949
22.2949
22.2949
22.2949
22.2949
22.2949
22.2949
22.2949
22.496
22.496
22.496
22.496
22.496
22.496
22.496
22.496
20.6278
20.6278
20.6278
20.6278
20.6278
21.5995
21.5995
21.2008
21.2008
21.2008
21.2008
18.7486
18.7486
17.4836
17.4836
17.4836
17.4836
17.4836
17.4836
19.2852
19.2852
17.7852
17.7852
17.7852
19.2852
19.2852
19.4956
19.4956
15.8448
15.8448
15.8448
15.8448
18.0896
18.0896
18.0896
18.0896
16.5854
16.5854
16.5854
16.5854
16.5854
16.5854
16.2801
16.2801
16.2801
16.2801
16.3053
16.3053
16.3053
16.3053
16.3053
16.3125
16.3125
16.3172
15.8968
15.8968
15.8968
15.8968
15.8968
15.8968
15.8968
15.8968
17.474
17.474
17.0838
17.0838
17.0838
16.9917
16.9917
16.9917
16.9917
16.9917
16.9917
16.9917
17.0819
17.0819
17.0712
17.0712
17.0712
17.0585
17.0585
17.0556
17.0011
17.0011
17.0011
15.7928
15.7928
15.7928
15.7928
15.7928
15.7928
17.2994
17.2994
17.2994
17.3474
17.3474
18.306
18.306
17.7721
17.7721
17.488
17.3304
17.2624
17.2624
17.2624
17.2624
17.2624
17.2624
17.2624
17.2624
17.2624
17.3977
17.3977
17.6245
17.6245
17.6245
17.6245
17.6245
17.7671
17.7671
17.7671
17.7671
17.7671
17.7671
15.9742
15.9742
15.6154
15.4838
15.4838
15.4838
15.4838
15.4838
15.4838
15.6277
15.6277
15.6277
15.6277
16.646
16.646
16.646
14.3996
14.3996
14.3996
14.3996
17.4201
17.4201
17.4201
17.4201
17.4201
16.7046
16.7046
16.7046
16.7046
16.7046
16.7046
16.7046
16.7046
16.7046
16.7046
16.7046
16.868
16.868
16.868
16.868
16.868
16.8537
16.8537
16.8537
16.8716
16.2722
16.2722
16.2722
16.2668
16.2668
16.2668
16.2668
16.2668
16.2668
16.2668
16.2668
16.5094
15.8465
15.8465
15.8465
15.8465
15.8465
15.8465
15.8465
15.8465
16.5094
16.3903
16.3903
16.3903
16.3903
16.3903
16.3903
16.3903
16.3903
16.3903
15.8998
15.8998
15.8998
15.8998
15.8998
15.8998
15.1989
15.1989
15.1989
15.1989
15.3506
15.3506
15.3506
15.3506
15.3506
16.0473
16.0473
16.0473
16.0473
16.0473
15.5211
15.5211
15.5211
15.5211
15.5211
15.5211
15.4813
15.4813
15.4813
15.4103
15.4103
15.4103
15.268
15.268
15.268
15.268
15.268
15.268
15.268
15.268
15.268
15.268
15.268
15.268
15.268
15.268
14.9707
14.9707
14.9707
14.9707
14.9707
14.9707
15.3847
15.056
15.056
15.056
15.056
14.316
14.316
14.316
15.056
15.056
15.056
15.056
15.056
15.056
15.056
15.0355
15.0355
15.0355
15.0355
15.0355
15.0355
15.0355
15.0355
15.0355
15.186
15.186
15.186
15.3235
14.2189
14.2189
14.2189
14.3945
14.3945
14.3945
14.3945
14.3945
14.3945
14.3945
15.293
15.293
15.293
15.293
15.289
15.2294
15.2294
15.2294
15.0771
15.0771
15.0771
15.0771
15.0771
15.0771
13.9632
13.9632
13.9632
13.9632
13.9632
13.9632
13.9632
13.9632
13.9632
13.9632
13.9632
13.5207
13.5207
13.5207
13.5207
14.8491
14.8491
14.8491
12.7477
12.7477
12.7477
12.7477
12.7477
12.7314
12.7314
12.7314
12.7477
12.7477
12.7477
12.8279
12.8279
12.8279
12.8279
12.8279
12.8279
12.8279
14.0376
12.8381
12.8381
12.8824
12.8824
12.8824
12.9273
12.9273
12.9273
12.9273
12.9273
12.9273
12.9273
12.9273
12.9273
12.9273
12.8154
9.54376
9.54376
9.54376
9.54376
9.54376
9.54376
9.54376
9.54376
9.54376
9.54376
9.81258
9.81258
9.81258
9.81258
9.81258
9.81258
9.81258
10.4096
10.4096
11.5146
11.5146
11.5146
11.5146
11.5146
11.5146
11.8377
11.1805
10.9916
10.9916
10.9916
10.9916
10.9916
10.9664
10.9664
10.9664
10.9664
10.9664
10.9664
10.9664
11.1805
11.1805
10.0826
10.0826
10.0826
10.0826
10.3403
10.3403
8.93242
8.93242
9.00068
9.00068
9.00068
9.00068
8.53495
8.53495
8.53495
8.53495
8.53495
8.53495
8.53495
8.51117
8.51117
9.03647
9.03647
9.03647
9.03647
9.03647
9.03647
9.0153
9.0153
9.0153
9.0153
9.0153
9.0153
9.14821
9.14821
9.14821
8.90187
8.90187
8.90187
8.90187
9.18502
9.18502
9.3785
9.3785
9.3785
9.3785
9.3785
9.24762
9.24762
8.77233
8.77233
8.71731
8.71731
8.71731
8.71731
8.71731
8.68359
8.68359
8.68359
8.68359
8.68359
8.68359
8.68359
8.68359
9.72046
9.72046
9.72046
9.06567
9.06567
9.06567
9.06567
9.06567
8.61132
8.07081
8.07081
8.3824
8.3824
8.3824
8.3824
8.63469
8.63469
8.35881
8.35881
8.35881
7.92085
7.92085
7.92085
7.92085
7.92085
7.92085
8.30404
8.30404
8.30404
8.30404
8.30404
8.30404
7.65194
7.65194
7.24233
7.24233
7.24233
7.24233
7.24233
7.24233
7.24233
7.24233
7.24233
7.24233
7.24233
7.25509
7.25509
7.34479
7.34479
7.34479
7.40854
7.40854
7.40854
7.40854
7.40854
7.67339
7.67339
7.67339
7.67339
7.67339
7.67339
7.66549
7.66549
7.54427
7.54427
7.54427
7.66549
7.57274
7.57274
7.57274
7.57274
7.57274
7.57274
7.57274
7.24229
7.24229
7.24229
7.24229
7.58601
7.58601
7.58601
7.39702
7.39702
6.9002
6.9002
6.9002
6.9002
9.98284
9.98284
9.98284
9.98284
9.98284
10.467
8.69001
8.69001
8.69001
8.69001
8.69001
8.69001
8.67683
8.67683
7.36698
7.36698
7.36698
7.67991
7.67991
7.30741
7.30741
7.67991
7.67991
7.75815
7.75815
7.75815
7.75815
7.75815
7.54151
7.54151
7.57233
7.57233
7.57233
7.57233
7.25404
7.25286
7.25286
7.25286
7.25404
7.57233
7.57233
7.57233
7.77995
6.94537
6.94537
6.94537
6.94537
6.94537
6.94537
6.94537
6.94537
6.94537
6.94537
6.94537
6.94537
6.94537
6.94657
6.94657
6.94657
6.94657
7.11523
7.11523
7.11523
7.11523
7.11523
7.11523
7.11523
7.31035
7.13523
7.13523
7.13523
7.13523
6.78394
6.78394
6.78394
6.78394
6.1018
6.1018
6.1018
5.64882
5.64882
4.72683
4.72683
4.72683
4.72683
4.72683
4.72683
4.68239
4.68239
4.68239
4.40324
4.40324
4.00728
4.00728
4.00728
4.00728
4.00728
4.00728
4.00728
4.00728
4.00728
4.00728
4.00728
4.00728
4.00728
4.00728
4.00728
4.00728
4.38768
4.38768
4.38768
4.38768
4.38768
4.38768
4.45803
4.45803
4.45803
4.45803
4.45803
4.45803
4.45803
4.45803
4.45803
4.45803
4.45803
4.45803
4.45803
4.45803
4.45803
4.45803
4.45803
4.45803
4.45803
4.45803
4.45803
4.45803
5.00456
5.00456
5.00456
6.01508
6.01508
5.62211
5.62211
5.62211
5.62211
5.62211
5.62211
5.62211
5.62211
5.62211
5.36261
5.36261
5.36261
5.36261
5.36261
5.36261
5.36261
5.36261
5.35923
5.35923
5.35923
5.35923
5.35304
5.35304
5.35304
5.35304
5.35304
5.35304
4.94025
4.94025
4.94025
4.94025
4.94025
4.94025
4.94025
4.88584
4.88584
4.88584
4.88584
5.36031
5.36031
5.36031
5.36031
5.36031
5.36031
5.36031
5.36031
5.49227
5.49227
5.49227
5.51659
5.51659
5.20896
5.20896
5.20896
5.26453
5.26453
4.99181
4.99181
4.99181
4.99181
5.106
5.04949
5.04949
5.04949
4.70174
4.70174
4.70174
4.70174
4.70174
4.70174
4.70174
4.70174
4.70174
4.70174
5.106
5.106
5.106
5.106
5.106
5.106
5.106
5.106
5.7157
5.16636
5.16636
5.16636
5.16636
4.93027
4.93027
4.93027
4.93027
4.93027
4.93027
4.93027
4.93027
4.93027
4.93027
4.93027
4.93027
5.5222
5.5222
5.5222
5.5222
5.77356
5.03439
5.03439
5.77356
5.77356
5.77356
5.77356
5.77356
5.77356
5.77356
5.77356
6.45898
6.45898
6.45898
6.23734
6.23734
5.79104
5.79104
5.79104
5.79104
5.79104
5.79104
5.79104
5.79104
5.78295
5.78295
5.78295
5.82613
5.82613
5.82613
5.82613
5.82613
6.16425
6.16425
6.14879
6.14879
6.14879
6.14879
6.14879
6.14879
6.14879
6.14879
5.98172
5.98172
5.98172
5.98172
5.56782
5.56782
5.56782
5.56782
5.56782
5.56782
5.56782
5.56782
5.53541
5.53541
5.53541
5.57003
5.57003
5.57003
5.57003
6.38669
6.38669
6.38669
6.38669
6.38669
7.43022
7.43022
7.66018
7.66018
7.66018
6.75158
6.75158
6.75158
6.75158
6.75158
6.75158
6.75158
6.75158
6.75158
6.75158
6.75158
6.75158
6.75158
6.75158
6.75158
6.75158
6.75158
6.2626
6.2626
6.2626
6.11595
5.62616
5.62616
5.62616
5.62616
5.62616
5.62616
5.62616
5.62616
5.62616
5.25137
5.25137
5.2009
5.2009
5.2009
5.2009
5.2009
5.2009
5.2009
5.2009
5.2009
5.2009
5.19762
5.19762
5.19762
5.19762
5.35184
5.35184
5.35184
5.35184
5.35184
5.35184
5.35184
5.89433
5.89433
5.89433
5.89433
5.89433
5.89433
5.89433
5.89433
5.89433
5.89433
6.00686
6.00686
5.818
5.76271
5.76271
5.76271
5.76271
5.76271
5.76271
5.76271
5.78478
5.78478
5.78478
5.78478
5.78478
5.78478
5.78478
5.78478
5.78478
5.78478
5.78478
5.78478
5.78478
8.02169
8.02169
8.02169
8.02169
8.02169
8.02169
8.02169
9.44862
9.44862
9.44862
9.44862
9.44862
9.44862
9.44862
9.44862
9.44862
9.76811
9.76811
9.76811
9.29131
9.29131
9.10099
9.10099
9.10099
9.10099
9.10099
10.5545
10.5367
10.5367
10.5367
10.4103
10.4103
10.4103
10.4103
10.5941
10.5941
10.5941
10.5941
10.5941
10.5941
9.78992
9.78992
11.3168
11.3168
12.3889
12.1296
12.1296
12.1296
12.1296
12.1296
12.1296
12.3889
12.4414
7.91085
7.91085
7.91085
7.91085
7.91085
7.91085
10.9143
10.9143
10.9143
10.9143
10.9143
10.9143
10.9143
10.9143
10.9143
10.9143
10.9143
9.43488
9.43488
9.43488
9.43488
9.63121
9.63121
9.24462
9.24462
9.24462
9.24462
9.24462
9.24462
9.24462
9.24462
9.24462
9.24462
9.20282
8.69834
8.69834
8.69834
8.69834
8.69834
8.69834
8.69834
8.56973
8.53581
8.53581
8.41201
8.41201
8.41201
8.41201
8.41201
8.41201
8.41201
8.41201
8.41201
8.45847
8.45847
8.45847
8.45847
8.45847
8.56476
8.56476
8.44326
8.44326
8.44326
8.44326
8.44326
8.44326
8.44326
8.44326
8.44326
8.44326
10.3629
10.3629
11.3519
11.3519
9.17897
9.17897
9.17897
9.17897
9.17897
9.17897
9.17897
9.17897
9.17897
9.65794
9.65794
9.65794
9.65794
9.65794
9.65794
9.65794
9.65794
9.65794
9.65794
9.65794
9.65794
9.54388
9.54388
9.54388
9.54388
9.54388
9.54388
9.54388
9.54388
9.54388
9.54388
9.54388
9.54388
9.54388
9.54388
9.54388
9.54388
9.54388
9.54388
9.32427
9.32427
9.32427
9.32427
9.32427
9.32427
9.80323
8.31964
8.31964
8.31964
8.31964
8.31964
6.91325
6.91325
6.91325
6.50861
6.03381
6.03381
6.03381
6.03381
6.7723
6.7723
6.7723
8.68803
8.68803
8.68803
8.68803
8.68803
8.64501
8.64501
7.1722
7.1722
7.1722
7.1722
7.1722
7.1722
7.1722
7.1722
6.78623
6.78623
6.80454
6.80454
6.80454
6.97951
6.97951
6.97951
6.97951
6.97951
6.97951
6.97951
6.97951
6.97951
6.97951
6.84693
6.84693
6.84693
6.84693
6.97951
6.97951
6.97951
6.97951
6.97951
6.97951
6.84025
6.84025
6.53645
6.53645
6.53645
6.53645
6.53645
6.95095
6.95095
6.49173
6.49173
6.36134
6.36134
6.36134
6.36134
6.36134
6.36134
6.36134
6.36134
6.36134
6.36134
6.36134
6.36134
6.36134
6.36134
6.36134
6.36134
6.36134
6.36134
6.36134
6.36134
6.36134
6.36134
6.32749
6.19364
6.19364
6.19364
6.19364
6.19364
6.03036
6.03036
6.03036
6.03036
6.04516
6.04516
6.04516
6.04516
6.04516
5.72967
5.298
5.298
5.298
5.298
5.298
5.298
5.298
5.298
5.298
5.298
5.298
5.33035
5.33035
5.33035
5.33035
5.33035
5.33035
5.35895
5.35895
5.35895
5.35895
5.35895
5.35895
5.44641
5.61673
5.61673
5.61673
5.61673
5.61673
5.57709
5.57709
5.57709
5.57709
5.57709
5.58241
5.58241
5.57304
5.57304
5.57304
5.40113
5.40113
5.40113
5.40113
5.40113
5.40113
5.40113
5.40113
5.40113
5.58959
5.58959
6.01685
5.73938
5.73938
5.73938
5.73938
6.03239
6.03239
6.03239
5.47757
5.47757
5.47757
5.47757
5.47757
5.47757
5.47757
5.47757
5.47757
5.47757
5.47757
5.47757
5.47757
5.56989
5.56989
5.56989
5.56989
5.56989
5.47128
5.47128
5.47128
5.47128
5.47128
5.47128
5.47128
5.47128
5.47128
5.47128
5.45076
5.45076
5.44228
5.36939
5.36939
5.0706
5.0706
4.19363
4.19363
3.53591
3.53591
3.53591
3.53591
3.53591
3.53591
3.53591
3.53591
3.53591
3.53591
3.53591
4.5696
4.5696
4.5696
4.5696
4.5696
4.5696
4.5696
4.5696
4.5696
4.5696
4.5696
4.5696
4.5696
4.5696
4.5696
4.5696
4.5696
4.5696
4.5696
4.5696
4.5696
4.57476
4.57476
4.57476
4.57476
4.47439
4.47439
4.47439
4.47439
4.47439
4.47439
4.47439
4.47439
4.47439
4.47439
4.57476
4.57476
4.57476
4.57476
4.28621
4.28621
4.28621
4.45863
4.45863
4.45863
4.45863
4.45863
4.45863
4.45863
4.45863
4.45863
4.45863
4.42013
4.42013
4.42013
4.42013
4.42013
4.42013
4.42013
4.42013
4.42013
4.41945
4.41945
4.41945
4.41945
4.41945
4.0638
4.01111
4.01111
4.01111
4.01111
4.53945
4.53945
4.43743
4.43743
4.43743
4.43743
4.43743
4.43743
4.43743
4.43743
4.43743
4.43743
4.43743
4.43743
4.43743
5.59943
5.59943
5.59943
5.41772
5.41772
5.41772
5.41772
5.41772
5.41772
5.41772
5.41772
5.41772
5.41772
5.41772
5.41772
5.41772
5.41772
5.41772
5.41772
5.41772
5.41772
5.41772
5.41772
5.41772
5.41772
5.41772
4.8021
4.50627
4.50627
4.50627
4.50627
4.50627
4.50627
4.50627
4.50627
4.50627
4.50627
4.63846
4.63846
4.76792
4.76792
4.76792
4.76792
4.95209
4.95209
4.63621
4.63621
4.63621
4.63621
4.63621
4.63621
4.62369
4.62369
4.62369
4.62369
4.58089
4.58089
4.48302
4.48302
4.48302
4.48302
4.48387
4.48387
4.48387
4.48387
4.48387
4.58089
4.58089
4.58089
4.58089
4.50118
4.50118
4.50118
4.50118
4.68021
4.75599
4.75599
4.75599
4.75361
4.75361
4.75361
4.75361
4.75361
4.75361
4.86462
4.86462
4.86462
4.86462
4.86462
4.86462
4.86462
4.86462
4.86462
4.86462
4.86462
4.86462
4.86462
4.86462
4.86462
4.86462
4.86462
4.86462
4.86462
4.86462
5.55052
5.55052
5.55052
5.55052
5.55052
5.55052
6.91048
6.55324
6.55324
6.55324
6.55324
6.55324
6.55324
6.91048
6.91048
6.91048
6.99355
6.99355
6.99355
6.99355
6.91218
6.91218
6.91218
6.91218
6.91218
6.91218
6.91218
6.91218
5.95284
5.95284
5.95284
5.95284
5.95284
5.95284
5.95284
5.95284
5.95284
5.95284
5.95284
5.95284
5.95284
5.55492
5.50226
5.50226
5.50226
5.50226
5.55492
5.55492
5.55492
5.55492
5.86864
5.88633
5.88633
5.40182
5.40182
5.40182
5.40182
5.40182
5.40182
5.40182
5.40182
5.40182
5.40182
5.40182
5.40182
5.40182
5.40182
5.40182
5.40182
5.40182
5.40182
5.40182
5.40182
5.40182
5.71466
5.71466
5.71466
5.71466
5.71466
8.00458
9.01116
9.01116
9.07361
7.40974
6.66556
6.66556
6.66556
6.66556
6.66556
6.66556
6.66556
6.15507
6.15507
6.15507
6.15507
6.15507
6.15507
6.15507
5.68725
5.68725
5.68725
5.68725
5.68725
5.68725
5.68725
5.68725
5.94638
5.94638
5.94638
5.94638
5.94638
5.94638
5.94638
5.94638
5.73118
5.70344
5.70344
5.70344
5.70344
5.70344
5.94638
7.10505
7.10505
7.10505
7.10505
7.02695
6.5606
6.5606
6.47443
6.47443
6.47443
6.47443
6.47443
5.89012
5.89012
5.89012
5.89012
5.89012
6.35956
6.35956
6.35956
6.35956
6.63659
6.63659
6.71675
6.55546
6.55546
6.09159
6.09159
6.09159
6.06682
6.06682
6.06682
6.06682
5.9571
5.88976
5.88976
5.88976
5.88976
5.88976
5.88976
5.88976
5.88976
5.9571
5.9571
5.9571
5.9571
5.9571
5.93091
5.93091
5.93091
5.93091
5.93091
5.93091
5.93091
5.93091
5.9777
5.9777
6.00256
6.00256
6.00256
6.00256
6.00256
5.79851
5.79851
5.79851
5.79851
5.79851
5.79851
5.76094
5.76094
5.76094
5.76094
5.76094
5.76094
5.76094
6.00365
6.00365
6.00365
6.00365
6.00365
6.00365
6.00365
6.4977
6.4977
6.4977
6.4977
6.4977
6.4977
6.4977
6.4977
6.4977
6.35429
6.35429
6.4977
6.4977
6.4977
6.4977
6.82267
6.4944
6.4944
6.4944
6.4944
6.4944
6.30082
6.30082
5.97358
5.97358
5.97358
5.97358
5.97358
6.65299
6.65299
6.65299
6.52193
6.52193
6.52193
6.52193
7.00971
7.00971
7.00971
7.00971
7.00971
7.04162
7.04162
7.04162
7.04162
7.04162
7.19595
7.19595
7.19595
7.19595
7.19595
7.30891
6.3871
6.3871
6.3871
6.3871
6.3871
6.3871
6.3871
5.79393
5.79393
5.79393
5.79393
5.79393
5.79393
5.79393
5.79393
5.79393
5.79393
5.79393
5.79393
5.79393
5.79393
5.79393
5.79393
5.79393
5.79393
5.79393
5.79393
5.79393
5.79393
5.79393
5.79393
5.79393
6.21108
6.21108
6.29266
6.29266
6.5444
6.70189
6.70189
6.34007
6.34007
6.34007
6.31501
6.31501
6.70189
6.70189
6.70189
6.70189
6.01387
6.01387
6.01387
6.01387
6.01387
6.01159
5.83863
5.83863
6.40269
6.40269
6.40269
6.40269
6.40269
6.40269
6.40269
6.40269
6.40269
6.40269
6.40269
5.59308
5.59308
6.63761
6.63761
6.36582
6.36582
6.36582
6.36582
6.36762
6.36762
6.2206
6.2206
6.13269
6.13269
6.13269
5.53802
5.53802
5.53802
5.53802
5.53802
5.53802
5.53802
5.53802
5.53802


0.0190067
0.52513
-0.138364
0.0935193
0.045646
0.126463
-0.464721
-0.248134
0.584365
0.259022
0.132875
0.0390755
0.00153469
0.302665
0.0308687
-0.264277
-0.52361
-0.148245
0.480586
0.153145
0.419764
0.384304
0.311371
0.450529
0.618606
0.560359
0.426364
-0.131966
-0.397216
0.343642

0.023

