369374
369374
369374
369374
328888
327692
327692
327509
312750
312750
309707
309707
309707
309707
282531
282531
282531
282531
282531
281653
281653
266726
266726
266726
266726
265804
265804
265070
265070
265070
265070
265070
265070
265070
265070
261881
230232
230232
230232
230232
219398
219398
219398
218741
209583
209583
209583
209583
209583
209583
207856
207856
207856
207856
207856
207856
207856
207856
207856
207856
207018
207018
207018
207018
207018
207018
207018
204927
204927
202509
202509
202509
202509
202509
192848
192848
192848
192848
191498
191498
191498
191498
191498
191498
191498
189221
189221
189221
189221
189221
189221
189221
181318
181318
180125
180125
165578
165578
165578
153116
153116
153116
139773
139773
139773
132840
130993
130993
130993
130993
130993
130993
130993
130508
130508
130508
130502
130502
100591
100591
100591
100338
100338
100338
100338
93264.9
93264.9
92607.8
92607.8
91950.8
76837.8
76837.8
76837.8
76837.8
76837.8
76837.8
76837.8
75611.9
62126.7
62126.7
62126.7
61435
61435
61435
61435
61435
61435
61435
61182.1
59664.5
59664.5
59664.5
59664.5
59664.5
59664.5
59664.5
59664.5
59664.5
59664.5
53919.9
53919.9
53919.9
53919.9
53919.9
51571.9
51571.9
51571.9
51571.9
51571.9
51571.9
51571.9
51571.9
51571.9
51044.7
51044.7
51044.7
51044.7
51044.7
50856.6
50663.6
50663.6
50663.6
50663.6
50663.6
50663.6
50663.6
50658
50658
50637.1
50637.1
50637.1
50178.3
50178.3
50178.3
49326.6
49326.6
49326.6
49326.6
49326.6
49326.6
42433.9
42433.9
42433.9
42433.9
42433.9
42433.9
42426
42426
42229.8
42229.8
42229.8
42229.8
42229.8
42229.8
42189.8
42189.8
42189.8
41095
41095
40705.4
40705.4
40705.4
40705.4
40705.4
40705.4
40705.4
40705.4
40705.4
40705.4
40705.4
40705.4
40705.4
40705.4
40705.4
40705.4
40705.4
40705.4
40705.4
40705.4
40705.4
40705.4
40705.4
40705.4
40699.8
40204.9
40059.4
40059.4
40059.4
40059.4
39945.1
39945.1
37820.2
37820.2
37820.2
37820.2
36047.2
36047.2
36047.2
36047.2
36047.2
36047.2
36047.2
36047.2
36047.2
36047.2
36047.2
36047.2
36047.2
36047.2
36047.2
36047.2
36047.2
33681.9
33681.9
33662.5
33662.5
33662.5
33662.5
33662.5
33662.5
33662.5
33662.5
33662.5
33474.5
33474.5
33474.5
30573.8
30573.8
30573.8
30364.7
30364.7
30364.7
30364.7
28227.9
28227.9
28227.9
28227.9
28227.9
28208.5
28208.5
23226.6
23226.6
23226.6
23226.6
21022.8
21022.8
18657.5
18657.5
18657.5
18657.5
18657.5
18657.5
18657.5
18657.5
18657.5
18657.5
18657.5
18595.7
18595.7
18318.9
18318.9
18318.9
18318.9
18318.9
18318.9
18019.8
18019.8
18019.8
18019.8
18019.8
18019.8
18019.8
17292.3
17292.3
17286.2
17286.2
17286.2
17286.2
17286.2
17286.2
17286.2
17286.2
17286.2
17246.2
17246.2
17246.2
17246.2
17246.2
17246.2
14885.1
14885.1
14885.1
14885.1
14885.1
14859.3
14831.9
14831.9
14831.9
14831.9
14831.9
14831.9
14831.9
14831.9
14089.9
14089.9
14089.9
14089.9
14089.9
14089.9
14089.9
14089.9
14089.9
14089.9
14075.1
14075.1
14075.1
14075.1
14064.2
14001.4
14001.4
14001.4
14001.4
13960.7
13950.7
13950.7
13950.7
13950.7
13920.8
13920.8
13920.8
13920.8
13920.8
13920.8
13920.8
13123.7
13123.7
13123.7
13123.7
13123.7
13123.7
13123.7
13123.7
13123.7
13123.7
13123.7
13123.7
13123.7
13123.7
13123.7
13123.7
13123.7
13123.7
13123.7
12353.7
12353.7
12353.7
12353.7
12353.7
12353.7
12353.7
12353.7
12353.7
12353.7
12302
12302
12256.1
12256.1
12256.1
11317.9
11317.9
11317.9
11317.9
11317.9
11317.9
11317.9
11317.9
11317.9
11317.9
11317.9
10725.4
10725.4
10725.4
10725.4
10450.3
10450.3
10450.3
10450.3
10450.3
10450.3
10450.3
10450.3
10450.3
10450.3
10450.3
10450.3
9661.66
9661.66
9661.66
9661.66
9661.66
9661.66
9119.77
9119.77
9119.77
9119.77
9119.77
9119.77
9119.77
9119.77
9119.77
9119.77
8596.63
8596.63
8596.63
8596.63
8596.63
8596.63
8596.63
8596.63
8545.98
8545.98
8545.98
8545.98
8545.98
8545.98
8545.98
8545.98
8545.98
8545.98
8545.98
8545.98
8545.98
8545.98
8545.98
8498.92
8498.92
8498.92
8498.92
8498.92
8498.92
8498.92
8498.92
8498.92
8498.92
8498.92
8498.92
8498.92
8498.92
8498.92
8498.92
8498.92
8498.92
8498.92
8498.92
8498.92
7925.13
7925.13
7925.13
7925.13
7925.13
7925.13
7925.13
7925.13
7925.13
7925.13
7925.13
7925.13
7925.13
7925.13
7925.13
7925.13
7925.13
7925.13
7925.13
7925.13
7925.13
7925.13
7887.89
7887.89
7887.89
7887.89
7887.89
7877.85
7329.36
7329.36
7329.36
7329.36
7329.36
7299.44
7299.44
7299.44
7299.44
6431.84
6431.84
6421.8
6361.53
6361.53
6361.53
6361.53
6361.53
6361.53
6361.53
6361.53
6361.53
6361.53
6361.53
6361.53
6361.53
6361.53
6345.86
6345.86
6345.86
6345.86
6345.86
6345.86
6306.47
6306.47
6306.47
6306.47
6236.16
6236.16
6236.16
6236.16
6236.16
6236.16
6236.16
6236.16
6236.16
6236.16
6236.16
6236.16
6236.16
6236.16
6236.16
6236.16
6236.16
6236.16
6236.16
6236.16
6236.16
6236.16
6236.16
6236.16
6236.16
6236.16
6226.12
5767.44
5767.44
5767.44
5767.44
5767.44
5767.44
5767.44
5767.44
5684.44
5684.44
5684.44
5684.44
5594.04
5594.04
5594.04
5594.04
5594.04
5594.04
5594.04
5474.14
5474.14
5474.14
3506.23
3506.23
3506.23
3435.88
3435.88
3435.88
3284.1
3284.1
3284.1
3284.1
3284.1
3284.1
3284.1
3284.1
3284.1
3284.1
3284.1
3284.1
3284.1
3284.1
3284.1
3284.1
3284.1
3284.1
3274.06
3183.66
3183.66
3152.55
3152.55
3000.77
3000.77
3000.77
2900.33
2900.33
2900.33
2900.33
2900.33
2900.33
2900.33
2900.33
2900.33
2900.33
2900.33
2900.33
2900.33
2900.33
2900.33
2900.33
2900.33
2900.33
2899.7
2899.7
2899.7
2899.7
2899.7
2899.7
2888.39
2888.39
2888.39
2888.39
2888.39
2888.39
2888.39
2888.39
2888.39
2888.39
2888.39
2851.15
2851.15
2851.15
2851.15
2851.15
2851.15
2851.15
2851.15
2851.15
2851.15
2851.15
2851.15
2851.15
2851.15
2851.15
2851.15
2851.15
2851.15
2851.15
2851.15
2850.53
2317.29
2317.29
2317.29
2317.29
2317.29
2317.29
2317.29
2317.29
2317.29
2317.29
2304.64
2304.64
2304.64
2304.64
2304.64
2304.64
2304.64
2304.64
2304.64
2304.64
2304.64
2304.64
2152.86
2152.86
2152.86
2152.86
2152.86
2152.86
2152.86
2152.86
2152.86
2152.86
2152.86
2152.86
2152.86
2152.86
2152.86
2152.86
2152.86
2152.86
2152.86
2152.86
2152.86
2152.86
2152.86
2152.86
2152.86
2152.86
2152.86
2152.86
2152.86
2152.86
2152.86
2152.86
2152.86
2152.86
2152.86
2152.86
2152.86
2152.86
2152.86
2152.86
2152.86
2152.86
2152.86
2152.86
2152.86
2152.86
2152.86
2110.62
2110.62
2110.62
2110.62
2110.62
2110.62
2110.62
2110.62
2110.62
2110.62
2110.62
2110.62
2110.62
2110.62
2110.62
2110.62
2110.62
2110.62
2110.62
2110.62
2110.62
2110.62
2110.62
2110.62
2110.62
2110.62
2054.43
2054.43
2054.43
2054.43
2054.43
2054.43
2054.43
2054.43
2054.43
2054.43
2054.43
2054.43
2054.43
1890
1890
1890
1890
1890
1890
1890
1890
1890
1890
1890
1890
1890
1890
1890
1890
1890
1890
1890
1890
1890
1890
1890
1890
1890
1889.29
1889.29
1889.29
1877.85
1877.85
1877.85
1877.85
1873.53
1873.53
1873.53
1873.53
1873.53
1873.53
1652.91
1652.91
1652.91
1652.91
1616.49
1616.49
1616.49
1616.49
1616.49
1616.49
1616.49
1616.49
1616.49
1616.49
1616.49
1615.43
1615.43
1615.43
1615.43
1615.43
1615.43
1615.43
1615.43
1615.43
1615.43
1605.05
1605.05
1605.05
1589.3
1589.3
1589.3
1352.92
1352.92
1352.92
1352.92
1352.92
1352.92
1352.92
1352.92
1352.92
1352.92
1352.92
1352.92
1352.92
1352.92
1352.92
1352.92
1352.92
1352.92
1352.92
1352.92
1352.92
1352.92
1352.92
1352.92
1352.92
1352.92
1352.92
1352.92
1352.92
1352.92
1352.92
1352.92
1352.92
1352.92
1352.92
1352.92
1352.92
1352.92
1352.92
1352.92
1352.92
1337.16
1337.16
1337.16
1337.16
1337.16
1337.16
1337.16
1337.16
1085.03
1085.03
1085.03
1085.03
1085.03
1085.03
1085.03
1085.03
1085.03
1085.03
1085.03
1085.03
1084.29
1084.29
1084.29
1084.29
1071.84
1071.84
1071.84
1071.84
1070.9
1070.9
1070.9
1070.9
1070.9
1070.9
1060.52
1060.52
1060.52
1060.52
1060.52
1060.52
1060.52
1060.52
1060.52
1060.52
1060.52
1060.52
1060.52
1060.52
1060.52
1060.52
1060.52
1060.52
1060.52
1060.52
1060.52
1060.52
1060.52
1060.52
1060.52
1060.52
1060.52
1060.52
1060.52
1060.52
1060.52
1060.52
1060.52
1060.52
1060.52
1060.52
1045.44
1045.44
1045.44
1045.44
1045.44
1045.44
1045.44
1045.44
1045.44
1045.44
1045.44
1045.44
1045.44
1031.52
1031.52
1031.52
1031.52
1031.52
1031.52
1031.52
1031.52
1031.52
1031.52
1031.52
1031.52
1031.52
1031.52
1031.52
1031.52
1031.52
1031.52
1031.52
1031.52
1031.52
1030.79
1030.79
1030.79
1030.79
1030.79
1030.79
1030.79
1016.87
1016.21
1016.21
1016.21
1016.21
1016.21
1016.21
1016.21
1016.21
1016.21
1016.21
1016.21
1016.21
1016.21
1016.21
1016.21
1016
1016
1016
1002.46
1002.46
1002.46
1002.46
1002.46
1002.46
1002.46
1002.46
1002.46
996.422
996.422
996.422
990.387
990.387
990.387
975.781
975.781
975.781
975.781
975.781
975.781
975.781
940.075
940.075
940.075
940.075
940.075
940.075
940.075
939.572
939.572
939.572
939.572
939.572
939.572
939.572
939.572
939.572
939.572
939.572
925.498
925.498
925.498
925.498
925.498
925.498
925.498
925.498
925.498
925.498
925.498
919.463
913.429
913.429
913.429
913.429
877.221
877.221
877.221
877.221
877.221
877.221
877.221
877.221
877.221
846.831
846.831
846.831
846.831
846.831
846.831
846.831
846.831
846.831
846.831
846.831
846.831
846.831
846.831
846.831
846.831
846.831
846.831
846.831
846.831
818.253
818.253
818.253
818.253
818.253
818.253
818.253
818.253
818.253
818.253
818.253
818.253
818.253
818.253
818.253
818.253
818.253
818.253
818.253
804.335
804.335
804.335
804.335
804.335
804.335
804.335
804.335
804.335
804.335
804.335
804.335
804.335
804.335
804.335
803.969
803.969
790.763
790.763
790.763
790.763
790.763
790.763
790.763
790.763
790.763
790.763
790.763
790.763
790.763
790.763
790.763
790.763
790.23
784.728
784.728
784.728
784.728
784.728
784.728
784.728
784.728
784.728
784.728
784.728
784.728
784.728
736.451
736.451
736.451
736.451
736.451
736.451
736.451
736.451
736.451
736.451
736.451
736.451
735.918
735.918
735.918
735.918
735.918
735.918
735.918
735.918
735.918
735.918
735.918
735.918
735.918
732.487
732.487
732.487
732.487
732.487
730
702.145
702.145
701.612
701.612
701.612
701.612
701.612
701.612
701.612
701.612
701.612
701.612
701.612
701.612
701.612
701.612
701.612
671.673
671.673
671.673
671.673
671.673
671.673
671.673
671.673
671.673
671.673
671.673
671.673
671.673
671.673
671.673
671.673
671.673
671.673
671.673
671.673
671.673
671.673
671.673
671.673
671.673
671.673
671.673
671.673
671.673
671.673
671.673
671.673
671.673
671.673
671.673
671.673
671.673
671.673
671.673
671.673
671.673
671.673
671.673
671.673
671.673
669.185
669.185
669.185
669.185
669.185
669.185
644.314
644.314
644.314
644.314
644.314
644.314
644.314
644.314
644.314
644.314
644.314
644.314
644.314
644.314
644.314
644.314
644.314
644.314
644.314
644.314
644.314
644.314
644.314
644.314
644.314
644.314
644.314
644.314
644.314
644.314
644.314
644.314
644.314
644.314
644.314
644.314
644.314
644.314
644.314
644.314
644.314
644.314
644.314
642.953
642.953
613.013
613.013
613.013
613.013
613.013
613.013
613.013
613.013
613.013
613.013
613.013
613.013
613.013
613.013
613.013
613.013
613.013
613.013
613.013
613.013
613.013
613.013
613.013
613.013
613.013
613.013
613.013
612.499
612.499
612.499
612.499
612.499
612.499
612.499
612.499
612.499
612.499
612.499
612.499
612.499
612.499
612.499
612.499
612.499
612.499
612.499
612.499
612.499
612.499
612.499
611.652
611.652
611.652
611.652
580.352
580.352
580.352
580.352
579.838
579.838
579.838
579.838
579.838
579.838
579.838
579.838
579.838
579.838
579.838
579.838
579.838
579.838
579.838
579.838
579.838
579.838
579.838
579.838
579.838
579.838
568.254
568.254
568.254
568.254
568.254
568.254
568.254
568.254
567.74
567.74
567.74
567.74
567.74
567.74
567.74
567.74
567.74
567.74
567.74
567.74
567.74
567.74
567.74
567.74
567.74
567.74
567.74
567.74
567.74
560.426
560.426
560.426
560.426
560.426
560.426
560.426
560.426
560.426
560.426
560.426
560.426
560.426
560.426
560.426
560.426
560.426
560.28
556.956
556.956
556.956
556.956
556.956
556.956
556.956
556.956
556.956
556.776
556.776
556.776
553.305
553.305
553.305
553.305
553.305
553.305
553.305
553.305
553.305
553.305
552.966
552.966
552.966
552.966
552.966
552.966
552.966
552.966
552.966
552.966
552.966
552.433
552.433
552.433
552.433
552.433
552.433
552.433
552.433
552.433
552.433
552.433
552.433
552.433
552.433
552.433
552.433
552.433
552.433
552.433
538.869
538.869
538.869
538.869
538.869
538.869
538.869
538.869
538.869
538.869
538.869
538.869
538.869
538.869
538.869
538.869
535.242
535.242
535.242
535.242
535.242
535.242
535.242
535.242
535.242
523.151
517.326
517.326
517.326
517.326
517.326
517.326
503.762
503.762
503.762
503.762
503.762
503.762
503.762
503.762
503.762
503.762
503.762
503.762
503.762
503.762
503.762
503.762
503.762
503.762
503.762
503.762
503.762
503.762
503.762
503.762
503.762
503.762
503.762
503.762
503.762
503.762
503.762
503.762
503.396
503.396
499.009
499.009
499.009
499.009
499.009
499.009
499.009
499.009
499.009
499.009
499.009
499.009
499.009
499.009
499.009
499.009
499.009
499.009
499.009
499.009
499.009
499.009
499.009
499.009
499.009
498.7
498.7
498.7
498.7
498.7
498.7
498.7
498.7
498.7
498.7
498.7
498.7
498.7
498.7
498.7
498.7
498.7
498.7
498.7
498.7
498.7
498.7
498.7
498.7
498.7
498.7
498.7
498.7
498.7
498.7
498.7
498.7
498.7
498.7
498.7
498.7
498.7
498.7
498.7
498.7
498.7
498.7
498.7
498.7
498.7
498.674
498.674
498.674
498.67
498.67
498.67
498.67
498.67
497.798
497.798
497.798
497.798
497.798
497.798
497.798
497.798
497.798
497.798
497.798
497.798
497.798
497.798
497.798
497.798
497.798
492.448
492.448
492.448
492.448
492.448
492.448
492.448
492.448
492.448
492.448
492.448
492.448
492.448
492.448
492.448
492.448
492.448
492.448
492.448
492.082
492.082
492.082
492.082
492.082
492.082
492.082
492.082
492.082
492.082
492.082
492.082
492.082
492.082
492.082
492.082
492.082
492.082
492.082
492.082
492.082
492.082
492.082
492.082
492.082
492.082
492.082
492.082
492.082
492.082
492.082
492.082
492.082
492.082
492.082
492.082
492.082
492.082
492.082
492.082
492.082
492.082
492.082
492.082
492.082
492.082
492.082
492.082
492.082
492.082
492.082
492.082
492.082
492.082
492.082
491.716
491.716
491.716
491.716
491.716
486.964
486.964
486.964
486.964
486.964
486.964
486.964
486.964
486.964
486.964
486.964
486.964
486.964
486.964
486.964
486.964
486.964
486.964
486.964
486.964
486.964
486.964
486.964
486.938
486.706
486.706
486.706
486.706
486.706
486.706
486.706
486.706
486.706
486.706
486.706
486.706
486.706
486.706
486.706
486.706
486.706
486.706
486.706
486.706
486.706
486.706
486.706
486.706
486.706
486.706
486.706
486.706
486.706
486.706
486.706
486.706
486.706
486.706
486.706
486.706
486.706
486.706
486.68
486.68
486.68
486.68
486.68
486.68
486.68
486.68
486.68
486.423
486.423
486.423
486.423
486.423
486.423
486.423
486.423
486.423
486.423
486.423
486.423
486.423
486.423
486.423
486.423
486.423
486.423
486.423
486.423
486.423
486.423
486.423
486.423
486.423
486.423
486.423
486.423
486.423
486.423
486.423
486.423
486.423
486.423
486.423
486.423
486.423
486.423
486.423
486.423
486.423
486.423
486.423
486.423
486.423
486.423
486.423
486.423
486.423
486.423
486.423
486.423
486.423
486.423
486.423
486.423
486.423
486.423
486.423
486.423
486.423
486.423
486.423
486.423
486.423
486.423
486.423
486.423
486.423
486.423
486.423
486.423
486.423
486.423
486.423
486.423
486.423
486.423
486.423
486.423
486.423
486.423
486.423
486.423
486.423
486.423
486.423
486.423
486.423
486.423
486.423
486.423
486.423
486.423
486.423
486.423
486.423
486.423
486.423
486.423
486.423
486.423
486.423
486.423
486.423
486.423
486.423
486.423
486.423
486.423
486.423
486.423
486.423
486.423
486.423
486.423
486.423
486.423
486.423
486.423
486.423
486.423
486.423
486.423
486.423
486.423
486.423
486.423
486.423
486.423
486.423
486.423
486.423
486.423
486.423
486.423
486.423
486.423
486.423
486.423
486.423
486.423
486.423
486.423
486.423
486.057
486.057
486.057
486.057
486.057
486.057


-0.0140004
-0.0140004
-0.0140004
0.106003
0.106003
0.622019
0.622019
0.622019
0.622019
0.622019
0.622019
0.622019
0.622019
0.622019
0.146004
0.622019
0.146004
0.146004
0.146004
0.202006
0.202006
0.202006
0.202006
-0.258008
-0.258008
-0.258008
-0.258008
-2.47008
2.69408
-19.2226

0.048

