20.8194
20.7491
20.6531
20.4242
20.4242
20.4242
20.4242
20.1805
20.1805
20.1805
20.1805
20.1805
20.1805
20.1805
20.1805
20.1805
20.0458
20.0458
20.0458
20.0458
20.0458
20.0458
20.0458
20.0458
20.0458
20.0458
20.0458
20.0458
19.8891
19.8891
19.8891
19.8891
19.8891
19.8891
19.3785
19.3785
19.3785
19.3785
19.3785
19.3785
19.3785
19.3785
19.3785
19.3785
19.3785
19.3785
19.3785
19.3785
19.2866
19.2866
19.2866
19.2866
19.2866
19.2866
19.2866
19.2866
19.2866
19.283
19.283
19.283
19.283
19.283
19.2453
19.2453
19.2453
19.2453
19.2453
19.1745
19.1745
19.1745
19.1745
19.1745
19.152
19.152
19.152
19.152
19.0893
19.0893
19.0893
19.0893
19.0893
18.9408
18.9408
18.9408
18.9408
18.9408
18.9408
18.9408
18.9408
18.9408
18.9408
18.7874
18.7874
18.7874
18.6203
18.6203
18.6203
18.6203
18.6203
18.6203
18.6203
18.6203
18.6203
18.5883
18.5883
18.5883
18.5473
18.4806
18.4806
18.4806
18.2206
18.2206
18.2206
18.2206
18.2206
18.2206
18.2206
18.2206
18.2206
18.2206
18.2206
18.2206
18.2206
18.2206
18.2206
18.2206
18.2206
18.2206
18.2206
18.2206
18.2206
18.2206
18.2206
18.2206
18.2206
18.2206
18.2206
18.2206
18.2065
18.2065
18.2065
18.1648
18.1648
18.1648
18.1648
18.1648
18.1648
18.1648
18.1648
18.1648
18.1648
18.1648
18.1648
18.085
18.085
18.085
18.085
18.085
18.085
18.085
18.085
18.085
18.085
18.085
18.085
18.085
18.085
18.085
18.085
18.085
18.085
18.085
18.0492
18.0492
18.0492
18.0492
18.0492
18.0492
18.0492
18.0492
18.0492
18.0492
18.0492
18.0325
18.0325
18.0325
18.0325
18.0325
18.0325
18.0325
18.0325
18.0325
18.0325
18.0325
17.9192
17.9192
17.9192
17.9192
17.9192
17.9192
17.9192
17.9192
17.9014
17.9014
17.9014
17.9014
17.9014
17.9014
17.9014
17.9014
17.3685
17.3685
17.3685
17.3685
17.3685
17.3685
17.3685
17.3685
17.3685
17.3685
17.3685
17.3685
17.3685
17.3685
17.256
17.256
17.256
17.256
17.256
17.256
17.256
17.256
17.256
17.256
17.256
17.256
17.1293
17.1293
16.7069
16.7069
16.7069
16.7069
16.7069
16.7069
16.7069
16.7069
16.7069
16.7069
16.7069
16.7069
16.6752
16.2763
16.2763
16.2407
16.2407
16.2407
16.2407
16.2407
16.2407
16.2407
16.2407
16.0261
16.0261
16.0261
16.0261
16.0261
16.0261
16.0261
16.0261
16.0261
16.0261
16.0261
16.0261
16.0261
16.0261
16.0261
16.0261
16.0261
15.946
15.946
15.946
15.946
15.946
15.946
15.946
15.946
15.5092
15.5092
15.5092
15.4143
15.4143
15.4143
15.4143
15.4143
15.4143
15.4143
15.4143
15.4143
15.0683
14.9627
14.9627
14.9627
14.9627
14.9627
14.9627
14.9627
14.9627
14.9627
14.9627
14.8862
14.8862
14.8862
14.8862
14.8862
14.8862
14.8862
14.8862
14.8862
14.8862
14.8862
14.8862
14.8857
14.8857
14.8857
14.8857
14.8857
14.8857
14.8857
14.8857
14.8857
14.8857
14.7658
14.7658
14.7658
14.7658
14.2133
13.8755
13.8755
13.8755
13.8755
13.8755
13.8755
13.8755
13.8755
13.8755
13.8755
13.8755
13.8755
13.8755
13.8755
13.8755
13.8755
13.781
13.781
13.781
13.5515
13.5515
13.5515
13.5515
13.5515
13.5515
13.5515
13.5515
13.3988
13.3988
13.3988
13.3335
13.3335
13.3335
13.3335
13.3335
13.2803
13.2803
13.2803
13.0716
13.0716
13.0716
13.0716
13.0716
13.0716
13.0716
13.0716
12.9453
12.9453
12.9453
12.9453
12.9453
12.9453
12.9453
12.9453
12.7573
12.7573
12.7573
12.7573
12.7573
12.7573
12.7573
12.7573
12.7573
12.7573
12.7573
12.7573
12.7573
12.7573
12.7573
12.7573
12.7573
12.7573
12.7573
12.7573
12.7573
12.7573
12.7464
12.7464
12.7464
12.7464
12.7464
12.7464
12.7464
12.7464
12.7464
11.1492
11.1492
11.1492
11.1492
11.1492
11.1492
11.1492
11.1287
11.1287
11.1287
11.1287
11.1287
11.1287
11.1287
11.1287
10.803
10.803
10.803
10.803
10.803
10.803
10.803
10.803
10.803
10.7798
10.7798
10.7798
10.7798
10.7798
10.7798
10.7798
10.7798
10.6432
10.6432
10.6432
10.6432
10.6432
10.6432
10.6432
10.6432
10.6432
10.6432
10.6432
10.6432
10.4735
10.4735
10.4735
10.4735
10.4735
10.4735
10.4735
10.4735
10.4735
10.4735
10.4731
10.4731
10.4731
10.4731
10.344
10.344
10.344
10.344
10.344
10.344
10.344
10.344
10.344
10.344
10.344
10.344
10.344
10.344
10.344
10.344
10.3413
10.3413
10.3163
10.3163
10.1236
10.1236
9.70232
9.70232
9.70232
9.70232
9.59638
9.59638
9.59638
9.59638
9.59638
9.59638
9.59638
9.59638
9.59638
9.32053
9.32053
9.32053
9.32053
9.32053
9.32053
9.32053
9.32053
9.26824
9.03507
9.03507
9.03507
9.03507
9.03507
9.03507
9.03507
9.03507
9.03507
9.03507
9.03507
9.03507
9.03507
9.03507
9.01969
9.01969
9.01969
9.01969
9.01969
9.01969
9.01969
9.01969
9.01969
9.01969
9.01969
9.01969
9.01969
9.01969
9.00119
9.00119
9.00119
9.00119
9.00119
9.00119
9.00119
8.96427
8.96427
8.96427
8.96427
8.96427
8.96427
8.96427
8.96427
8.41746
8.41746
8.41746
8.41694
8.41694
8.41694
8.41694
8.41694
8.41694
8.41694
8.37894
8.37894
8.37894
8.37894
8.37894
8.37894
8.36771
8.36771
8.36771
8.36771
8.36771
8.36771
8.36771
8.36771
8.36771
8.36252
8.36252
8.36252
8.36252
8.34362
8.34362
7.85866
7.85866
7.85866
7.85866
7.85866
7.85866
7.85866
7.85866
7.85866
7.85866
7.85866
7.85866
7.53323
7.47627
7.47627
7.47627
7.47627
7.47627
7.47627
7.47627
7.47627
7.47627
7.47627
7.47627
7.47627
7.47627
7.47627
7.47627
7.47627
7.47627
7.47627
7.47627
7.47627
7.45168
7.45168
7.45168
7.45168
7.41779
7.41779
7.41779
7.41779
7.38202
7.38202
7.38202
7.38202
7.38202
7.38202
7.38202
7.38202
7.38202
7.38202
7.38202
7.38202
7.38202
7.38202
7.38202
7.38202
7.38202
7.38202
7.38202
7.38202
7.38202
7.38202
7.38202
7.38202
7.38202
7.38202
7.38202
7.38202
7.38202
7.38202
7.38202
7.38202
7.38202
7.38202
7.38202
7.38202
7.38202
7.38202
7.38202
7.38202
7.38202
7.38202
7.38202
7.37657
7.37657
7.37657
7.37657
7.37657
7.37657
7.29006
7.29006
7.29006
7.29006
7.29006
7.29006
7.29006
7.29006
7.29006
7.29006
7.29006
7.29006
7.29006
7.29006
7.29006
7.29006
7.29006
7.29006
7.29006
7.29006
7.29006
7.29006
7.29006
7.29006
7.29006
7.23018
7.23018
7.22626
7.22626
7.22626
7.22626
7.22626
7.22626
7.22626
7.22626
7.22626
7.22626
7.22626
7.22626
7.22626
7.13272
7.13272
7.13272
7.13272
7.13272
7.13272
7.13272
7.13272
7.13272
7.13272
7.13272
7.13272
7.13272
7.13272
7.13272
7.13272
7.13272
7.13272
7.13272
7.13272
7.13272
7.13272
7.13272
7.13272
7.13272
7.13272
7.13272
7.13272
7.13272
7.13272
7.13272
7.13272
7.13272
7.13272
7.13272
7.13272
7.13272
7.13272
6.2026
6.2026
6.2026
6.2026
6.2026
6.2026
6.2026
6.2026
6.2026
6.2026
6.16746
6.16746
6.16746
6.16746
6.16746
6.10254
6.10254
6.10254
6.10254
6.10254
6.10254
6.10254
6.10254
6.10254
6.10254
6.10254
6.10254
6.10254
6.10254
6.10254
6.10254
6.10254
6.10254
6.10254
6.10254
6.10254
6.10254
6.10254
6.10254
6.10254
6.10254
6.10254
6.10254
6.10254
6.10254
6.10254
6.10254
6.10254
6.10254
6.10254
6.10254
6.10254
6.06342
6.06342
6.06342
6.06342
6.06342
6.06342
6.06342
6.06342
6.06342
6.06342
6.06342
6.06342
6.06342
6.06342
6.06342
6.06342
6.05625
6.05625
6.05625
6.05625
6.05625
6.05625
6.05625
6.05625
6.05625
6.05625
6.05625
6.05625
6.05625
6.05625
6.05625
6.05625
6.05625
6.05625
6.04906
6.04906
6.04906
6.04906
6.04906
6.04906
6.04906
6.04906
6.04906
6.04906
6.04906
6.04906
6.04906
6.04906
6.04906
6.04906
6.04906
6.04906
6.04906
6.04906
6.01649
6.00947
6.00947
6.00947
6.00947
6.00947
6.00947
6.00947
6.00947
6.00947
6.00947
6.00947
6.00947
6.00947
6.00947
6.00947
6.00947
6.00947
6.00947
6.00947
6.00947
6.00947
6.00947
6.00947
6.00947
6.00947
6.00947
6.00947
6.00947
6.00947
5.96927
5.96927
5.96927
5.96927
5.96927
5.96927
5.96927
5.96927
5.96927
5.96927
5.96927
5.96927
5.96927
5.96927
5.96927
5.96927
5.96927
5.96927
5.96927
5.96927
5.96927
5.96927
5.96927
5.96927
5.96927
5.96927
5.96927
5.96927
5.96927
5.96927
5.96927
5.96927
5.96927
5.96927
5.96927
5.96927
5.96927
5.423
5.423
5.423
5.423
5.423
5.423
5.423
5.423
5.423
5.423
5.423
5.423
5.423
5.423
5.423
5.423
5.423
5.423
5.423
5.423
5.423
5.423
5.423
5.423
5.423
5.423
5.423
5.423
5.423
5.423
5.423
5.37148
5.37148
5.37148
5.37148
5.37148
5.37148
5.37148
5.37148
5.37148
5.37148
5.36317
5.36317
5.36317
5.36317
5.36317
5.36317
5.36317
5.36317
5.36317
5.36317
5.36317
5.36317
5.36317
5.36317
5.36317
5.36317
5.36317
5.36317
5.36317
5.36317
5.36317
5.36317
5.36317
5.36317
5.36317
5.36317
5.27822
5.27822
5.27822
5.27822
5.27822
5.27822
5.27822
5.27822
5.27822
5.27822
5.27822
5.27822
5.27822
5.27822
5.27822
5.27822
5.27822
5.27822
5.27822
5.27822
5.27822
5.27822
5.27822
5.27822
5.27822
5.27822
5.27822
5.27822
5.27822
5.27822
5.27822
5.27822
5.27822
5.27822
5.27822
5.27822
5.27822
5.27822
5.27822
5.27822
5.27822
5.27822
5.27822
5.27822
5.27822
5.27822
5.27822
5.27822
5.27822
5.27822
5.27822
5.26531
5.26531
5.26531
5.26531
5.26531
5.26531
5.26531
5.26531
5.26531
5.26531
5.26531
5.26531
5.26531
5.26531
5.26531
5.26531
5.26531
5.26531
5.26531
5.26531
5.26531
5.26531
5.26531
5.26531
5.26531
5.26531
5.26531
5.26531
5.26531
5.26531
5.26531
5.26531
5.26531
5.26531
5.24095
5.24095
5.24095
5.24095
5.24095
5.24095
5.24095
5.24095
5.24095
5.24095
5.24095
5.24095
5.24095
5.24095
5.24095
5.24095
5.24095
5.24095
5.24095
5.23249
5.23249
5.23249
5.23249
5.23249
5.23249
5.23249
5.23249
5.23249
5.23249
5.23249
5.23249
5.23249
5.23249
5.23249
5.23249
5.23249
5.23249
5.23249
5.23249
5.23249
5.21948
5.21948
5.21948
5.21948
5.21948
5.21948
5.21948
5.21948
5.21948
5.21948
5.21948
5.21948
5.21948
5.21948
5.21948
5.21948
5.21948
5.21948
5.21948
5.21948
5.21948
5.21948
5.21948
5.21948
5.21948
5.21948
5.21948
5.21948
5.21948
5.21948
5.21948
5.21948
5.21948
5.21948
5.21948
5.21948
5.21948
5.21948
5.21948
5.21948
5.21948
5.21948
5.21948
5.21948
5.21948
5.21948
5.21948
5.21948
5.21948
5.21948
5.21948
5.21948
5.21948
5.21948
5.21948
5.21948
5.21948
5.21948
5.21948
5.21948
5.21948
5.21948
5.21948
5.21948
5.21948
5.21948
5.21948
5.18481
5.18481
5.18481
5.18481
5.18481
5.18481
5.18481
5.18481
5.17169
5.17169
5.17169
5.17169
5.17169
5.17169
4.51699
4.51699
4.51699
4.51699
4.51699
4.51699
4.51699
4.51699
4.51699
4.51699
4.51699
4.51699
4.51699
4.51699
4.51699
4.51699
4.51699
4.51699
4.51699
4.50172
4.50172
4.50172
4.50172
4.50172
4.50172
4.50172
4.50172
4.50172
4.50172
4.50172
4.50172
4.50172
4.50172
4.50172
4.50172
4.50172
4.50172
4.50172
4.50172
4.50172
4.50172
4.50172
4.50172
4.50172
4.50172
4.50172
4.50172
4.50172
4.50172
4.50172
4.50172
4.50172
4.50172
4.50172
4.50172
4.50172
4.50172
4.50172
4.50172
4.50172
4.50172
4.50172
4.50172
4.50172
4.50172
4.50172
4.50172
4.50172
4.50172
4.50172
4.50172
4.50172
4.50172
4.50172
4.49163
4.49163
4.49163
4.49163
4.49163
4.49163
4.49163
4.49163
4.49163
4.49163
4.49163
4.49163
4.49163
4.49163
4.49163
4.49163
4.46348
4.46348
4.46348
4.46348
4.46348
4.46348
4.46348
4.46348
4.46348
4.46348
4.45334
4.45334
4.45334
4.45334
4.45334
4.45334
4.45334
4.45334
4.45334
4.45334
4.45334
4.45334
4.45334
4.45334
4.45334
4.45334
4.45334
4.45334
4.45334
4.45334
4.45334
4.45334
4.45334
4.45334
4.45334
4.45334
4.45334
4.45334
4.45334
4.45334
4.45334
4.45334
4.45334
4.45334
4.45334
4.45334
4.45334
4.45334
4.45334
4.45334
4.45334
4.45334
4.45334
4.45334
4.45334
4.45334
4.45334
4.45334
4.45334
4.45334
4.45334
4.45334
4.45334
4.45334
4.45334
4.45334
4.45334
4.45334
4.45334
4.45334
4.45334
4.45334
4.45334
4.45334
4.448
4.448
4.448
4.448
4.448
4.448
4.448
4.448
4.448
4.448
4.448
4.448
4.448
4.448
4.448
4.448
4.448
4.448
4.448
4.448
4.448
4.448
4.448
4.448
4.448
4.448
4.448
4.448
4.448
4.448
4.448
4.448
4.448
4.448
4.448
4.448
4.448
4.448
4.448
4.448
4.448
4.448
4.448
4.448
4.448
4.448
4.448
4.448
4.448
4.448
4.448
4.40922
4.40922
4.40922
4.40922
4.40922
4.40922
4.40922
4.40922
4.40922
4.40922
4.40922
4.40922
4.40922
4.40922
4.40922
4.40922
4.40922
4.40383
4.40383
4.40383
4.40383
4.40383
4.40383
4.40383
4.40383
4.40383
4.40383
4.40383
4.40383
4.40383
4.40383
4.40383
4.40383
4.40383
4.40383
4.40383
4.40383
4.40383
4.40383
4.40383
4.40383
4.40383
4.40383
4.40383
4.40383
4.40383
4.40383
4.40383
4.40383
4.40383
4.40383
4.40383
4.40383
4.40383
4.40383
4.40383
4.40383
4.40383
4.40383
4.40383
4.40383
4.40383
4.40383
4.40383
4.40383
4.40383
4.40383
4.40383
4.40383
4.40383
4.40383
4.40383
4.40383
4.40383
4.40383
4.40383
4.40383
4.40383
4.40383
4.40383
4.40383
4.40383
4.40383
4.40383
4.40383
4.40383
4.40383
4.40383
4.40383
4.40383
4.40383
4.40383
4.40383
4.40383
4.40383
4.40383
4.40383
4.40383
4.40383
4.40383
4.40383
4.40383
4.40383
4.36249
4.36249
4.36249
4.36249
4.36249
4.36249
4.36249
4.36249
4.36249
4.36249
4.36249
4.36249
4.36249
4.36249
4.36249
4.36249
4.36249
4.36249
4.36249
4.36249
4.25833
4.25833
4.25277
4.25277
4.25277
4.25277
4.25277
4.25277
4.25277
4.25277
4.25277
4.25277
4.25277
4.25277
4.25277
4.25277
4.25277
4.25277
4.25277
4.25277
4.25277
4.25277
4.25277
4.25277
4.25277
4.25277
4.25277
4.25277
4.25277
4.25277
4.25277
4.25277
4.25277
4.25277
4.25277
4.25277
4.25277
4.25277
4.25277
4.25277
4.25277
4.25277
4.25277
4.25277
4.25277
4.25277
4.25277
4.25277
4.25277
4.25277
4.25277
4.25277
4.25277
4.25277
4.25277
4.25277
4.25277
4.25277
4.25277
4.25277
4.25277
4.25277
4.25277
4.25277
4.25277
4.25277
4.25277
4.25277
4.25277
4.25277
4.25277
4.25277
4.25277
4.25277
4.25277
4.25277
4.25277
4.25277
4.25277
4.25277
4.25277
4.25277
4.25277
4.25277
4.25277
4.25277
4.25277
4.25277
4.25277
4.24596
4.24596
4.24596
4.24596
4.24596
4.24596
4.24596
4.23914
4.23914
4.23914
4.23914
4.23914
4.23914
4.23914
4.23914
4.23914
4.23914
4.23914
4.23914
4.23914
4.23914
4.23914
4.23914
4.23914
4.23914
4.23914
4.23914
4.23914
4.23914
4.23914
4.23914
4.23914
4.23914
4.23914
4.23914
4.23914
4.11113
4.11113
4.11113
4.11113
4.11113
4.11113
4.11113
4.11113
4.11113
4.11113
4.11113
4.11113
4.11113
4.11113
4.11113
4.11113
4.11113
4.11113
4.11113
4.11113
4.11113
4.11113
4.11113
4.11113
4.11113
4.11113
4.11113
4.11113
4.11113
4.11113
4.11113
4.11113
4.11113
4.11113
4.11113
4.11113
4.11113
4.11113
4.11113
4.11113
4.11113
4.07106
4.07106
4.07106
4.07106
4.07106
4.07106
4.07106
4.07106
3.95517
3.95517
3.95517
3.95517
3.95517
3.95517
3.95517
3.95517
3.95517
3.95517
3.95517
3.95517
3.95517
3.95517
3.95517
3.95517
3.95517
3.95517
3.95517
3.95517
3.95517
3.95517
3.95517
3.86904
3.86904
3.86904
3.86904
3.86904
3.86904
3.86904
3.86904
3.86904
3.86904
3.78952
3.78952
3.78952
3.78952
3.78952
3.78952
3.78952
3.78952
3.78952
3.76867
3.76867
3.76867
3.76867
3.76867
3.76867
3.76867
3.76867
3.76867
3.76867
3.76867
3.76867
3.76867
3.76867
3.76867
3.76867
3.74172
3.74172
3.74172
3.74172
3.74172
3.74172
3.74172
3.74172
3.74172
3.74172
3.74172
3.74172
3.74172
3.74172
3.74172
3.74172
3.74172
3.74172
3.74172
3.74172
3.74172
3.74172
3.74172
3.74172
3.74172
3.74172
3.74172
3.74172
3.74172
3.74172
3.74172
3.74172
3.74172
3.74172
3.74172
3.74172
3.74172
3.74172
3.74172
3.74172
3.74172
3.74172
3.74172
3.74172
3.74172
3.74172
3.74172
3.74172
3.74172
3.72592
3.72592
3.72592
3.72592
3.72592
3.71561
3.71561
3.71561
3.71561
3.69742
3.69742
3.69742
3.69742
3.69742
3.69742
3.68979
3.68979
3.68979
3.68979
3.68979
3.68979
3.68979
3.68979
3.68979
3.68979
3.68979
3.68979
3.68979
3.68979
3.68979
3.68979
3.68979
3.68979
3.68979
3.68979
3.68979
3.64637
3.64637
3.64637
3.64637
3.64637
3.64637
3.63865
3.63865
3.63865
3.51936
3.51936
3.51936
3.51936
3.51936
3.51936
3.51936
3.51936
3.51936
3.51936
3.51936
3.51936
3.51936
3.51936
3.51936
3.51936
3.51936
3.51936
3.51936
3.51936
3.51936
3.51936
3.46601
3.46601
3.46601
3.46601
3.46601
3.46601
3.46601
3.46601
3.46601
3.46601
3.46601
3.46601
3.46601
3.46601
3.46601
3.46601
3.46601
3.46601
3.46601
3.46601
3.46601
3.46601
3.46601
3.46601
3.46601
3.46601
3.46601
3.46601
3.46601
3.46601
3.46601
3.46601
3.46601
3.46601
3.44665
3.44665
3.44665
3.44665
3.44665
3.44665
3.44665
3.44665
3.44665
3.44665
3.44665
3.44665
3.44665
3.44665
3.44665
3.44665
3.44665
3.44665
3.44665
3.44665
3.44665
3.44665
3.44665
3.44665
3.44665
3.44665
3.44665
3.44665
3.44665
3.44665
3.44665
3.44665
3.44665
3.44665
3.44665
3.44665
3.44665
3.44665
3.44665
3.44665
3.44665
3.44665
3.44665
3.44665
3.44665
3.44665
3.44665
3.44665
3.44665
3.44665
3.44665
3.44665
3.44665
3.44665
3.44665
3.44665
3.44665
3.44665
3.44665
3.44665
3.44665
3.44665
3.44665
3.44665
3.44665
3.44665
3.44665
3.44665
3.44665


-0.0930028
-0.0930028
0.96703
0.96703
0.96703
0.96703
0.96703
-1.04903
0.115004
0.115004
0.115004
-1.04903
-1.04903
1.01503
1.01503
1.01503
-1.04903
1.06903
-0.957029
-0.957029
-0.957029
-0.957029
-0.957029
-0.957029
-0.957029
-0.957029
-0.957029
0.00100003
0.675021
-0.0930028

0.026

