20.5297
19.9393
19.9393
19.9393
19.9393
19.9393
19.9393
19.9393
19.9393
18.8755
18.8755
18.8755
18.8755
18.8755
18.8755
18.8755
18.8755
18.8755
18.8755
18.8755
18.8755
18.8755
18.8755
18.8755
18.8755
18.8755
18.8755
18.8755
18.8755
18.8755
18.8755
18.8755
18.8755
18.8755
18.8755
17.1901
17.1901
17.1901
17.1901
17.1842
17.1842
17.1842
17.1842
17.1842
17.1842
17.1842
16.8768
16.8768
16.8768
16.8768
16.8768
16.8768
16.8768
16.7735
16.7735
16.7735
16.7735
16.7735
16.7735
16.7735
15.737
15.737
15.737
15.5105
15.5105
15.5105
15.5105
14.9006
14.9006
14.9006
14.9006
14.9006
14.9006
14.2747
14.2747
14.2747
14.2747
14.2747
13.5926
13.5926
13.5926
13.5926
13.5926
13.5926
13.4773
13.4773
13.4773
13.4773
13.4773
13.4773
13.4773
13.4773
12.5174
12.5174
12.5174
12.5174
12.5174
12.5174
12.5174
12.5174
12.5174
12.5174
12.5174
12.5174
11.4671
11.4671
11.3403
11.3403
11.3403
11.3403
11.3403
11.3403
11.3403
11.3403
11.3403
11.3403
11.3403
11.3403
11.3403
11.3403
11.3403
11.3403
11.3403
11.3403
11.3403
11.3403
11.3403
11.3403
10.9977
10.9977
10.9977
10.9977
10.9977
10.9977
10.9977
10.9977
10.9977
10.9977
10.9977
10.9977
10.9977
10.9977
10.9977
10.9977
10.9977
10.9977
10.9977
10.9977
10.9977
10.9343
10.9343
10.9343
10.9343
10.9343
10.6894
10.6894
10.6894
10.6894
10.6894
10.6894
10.6894
10.6894
10.6894
10.2589
10.2589
10.2589
10.2589
10.2589
10.2589
10.2589
10.2589
10.2589
10.2589
10.2589
10.0969
10.0969
10.0969
10.0969
10.0969
10.0969
9.57973
9.57973
9.57973
9.57973
9.57973
9.57973
9.57973
9.57973
9.57973
9.57973
9.19099
9.19099
9.19099
9.19099
9.19099
9.19099
9.19099
9.19099
9.19099
9.19099
9.19099
9.19099
9.19099
9.19099
9.19099
9.19099
9.19099
9.19099
9.14114
9.14114
9.14114
9.14114
9.14114
9.14114
9.14114
9.14114
9.14114
9.14114
9.14114
9.14114
9.14114
9.14114
9.14114
9.14114
9.14114
9.14114
8.90771
8.90771
8.73038
8.73038
8.73038
8.73038
8.73038
8.73038
8.73038
8.73038
8.73038
8.73038
8.73038
8.73038
8.73038
8.73038
8.73038
8.73038
8.73038
8.73038
8.73038
8.73038
8.73038
8.73038
8.73038
8.73038
8.73038
8.73038
8.73038
8.73038
8.73038
8.73038
8.73038
8.62986
8.62986
8.62986
8.62986
8.62986
8.62986
8.62986
8.62986
8.56286
8.56286
8.56286
8.56286
8.56286
8.56286
8.56286
8.56286
8.56286
8.56286
8.56286
8.56286
8.56286
8.56286
8.56286
8.56286
8.56286
8.56286
8.56286
8.56286
8.56286
8.56286
8.56286
8.56286
8.56286
8.56286
8.56286
8.56286
8.56286
8.56286
8.56286
8.56286
8.56286
8.56286
8.56286
8.56286
8.56286
8.56286
8.56286
8.56286
8.56286
8.56286
8.56286
8.56286
8.56286
8.18458
8.18458
8.18458
8.18458
8.18458
8.18458
8.18458
8.18458
8.18458
8.18458
8.18458
8.18458
8.18458
8.18458
8.18458
8.18458
8.18458
8.18458
8.18458
8.18458
8.18458
8.18458
8.18458
8.18458
8.18458
8.18458
8.14669
8.14669
8.14669
8.14669
8.07759
8.07759
8.07759
8.07759
8.07759
8.07759
8.07759
8.07759
8.07759
8.07759
8.07759
8.07759
8.07759
8.07759
8.07759
7.58641
7.58641
7.58641
7.58641
7.58641
7.58641
7.58641
7.58641
7.58641
7.58641
7.58641
7.58641
7.58641
7.58641
7.58641
7.58641
7.58641
7.58641
7.58641
7.58641
7.58641
7.58641
7.58641
7.58641
7.58641
7.58641
7.58641
7.58641
7.58641
7.58641
7.58641
7.58641
7.58641
7.58641
7.58641
7.58641
7.58641
7.58641
7.58641
7.58641
7.58641
7.58641
7.58641
7.58641
7.58641
7.58641
7.58641
7.58641
7.58641
7.58641
7.58641
7.58641
7.58641
7.58641
7.58641
7.58641
7.58641
7.58641
7.58641
7.58641
7.58641
7.58641
7.58641
7.58641
7.58641
7.58641
7.58641
7.58641
7.58641
7.58641
7.58641
7.58641
7.58641
7.58641
7.58641
7.58641
7.56836
7.56836
7.56836
7.56836
7.56836
7.33374
7.33374
7.33374
7.33374
7.33374
7.33374
7.33374
7.33374
7.33374
7.33374
7.33374
7.20372
7.20372
7.20372
7.20372
7.20372
7.20372
7.20372
7.20372
7.20372
7.20372
7.20372
7.20372
7.20372
7.20372
7.20372
7.20372
7.20372
7.20372
7.20372
7.20372
7.20372
7.20372
7.20372
7.20372
7.20372
7.20372
7.20372
7.20372
7.20372
7.20372
7.20372
7.20372
7.17955
7.17955
7.17955
7.17955
7.17955
7.17955
7.17955
7.17955
7.17955
7.17955
7.17955
7.17955
7.17955
7.17955
7.17955
7.17955
7.17955
7.17955
7.17955
7.17955
7.17955
7.17955
7.17955
7.10616
7.10616
7.10616
6.97317
6.97317
6.97317
6.97317
6.97317
6.97317
6.97317
6.97317
6.97317
6.97317
6.97317
6.97317
6.97317
6.97317
6.97317
6.97317
6.97317
6.97317
6.97317
6.97317
6.97317
6.97317
6.97317
6.97317
6.97317
6.97317
6.97317
6.97317
6.97317
6.97317
6.97317
6.97317
6.97317
6.97317
6.97317
6.97317
6.97317
6.97317
6.97317
6.97317
6.97317
6.97317
6.97317
6.97317
6.97317
6.97317
6.97317
6.97317
6.97317
6.97317
6.97317
6.85871
6.85871
6.85871
6.85871
6.85871
6.85871
6.85871
6.85871
6.85871
6.85871
6.85871
6.85871
6.85871
6.85871
6.85871
6.85871
6.85871
6.85871
6.85871
6.82544
6.82544
6.82544
6.82544
6.82544
6.82544
6.82544
6.82544
6.82544
6.82544
6.82544
6.82544
6.82544
6.82544
6.82544
6.82544
6.82544
6.82544
6.82544
6.82544
6.78063
6.78063
6.78063
6.78063
6.78063
6.78063
6.78063
6.78063
6.78063
6.78063
6.78063
6.70754
6.70754
6.70754
6.70754
6.70754
6.70754
6.70754
6.70754
6.70754
6.70754
6.70754
6.70754
6.70754
6.70754
6.70754
6.70754
6.70754
6.70754
6.70754
6.70754
6.70754
6.70754
6.70754
6.70754
6.70754
6.70754
6.70754
6.70754
6.70754
6.66152
6.66152
6.66152
6.66152
6.66152
6.66152
6.66152
6.66152
6.66152
6.66152
6.66152
6.66152
6.66152
6.66152
6.66152
6.66152
6.66152
6.66152
6.66152
6.66152
6.66152
6.6175
6.6175
6.6175
6.6175
6.6175
6.6175
6.6175
6.6175
6.6175
6.6175
6.6175
6.6175
6.6175
6.6175
6.6175
6.6175
6.6175
6.6175
6.6175
6.6175
6.47065
6.47065
6.47065
6.47065
6.47065
6.47065
6.47065
6.47065
6.47065
6.47065
6.47065
6.47065
6.38222
6.38222
6.38222
6.38222
6.38222
6.38222
6.38222
6.38222
6.38222
6.38222
6.38222
6.38222
6.38222
6.38222
6.38222
6.38222
6.38222
6.38222
6.38222
6.38222
6.38222
6.38222
6.38222
6.38222
6.38222
6.38222
6.38222
6.38222
6.38222
6.38222
6.38222
6.27222
6.27222
6.27222
6.27222
6.27222
6.27222
6.27222
6.27222
6.27222
6.27222
6.27222
6.27222
6.27222
6.27222
6.27222
6.27222
6.27222
6.27175
6.27175
6.26993
6.26993
6.26993
6.26993
6.26993
6.26993
6.26993
6.26993
6.26993
6.26993
6.26993
6.26993
6.26993
6.26993
6.26993
6.26993
6.26993
6.25797
6.25797
6.25797
6.25797
6.25797
6.25797
6.25797
6.25797
6.25797
6.25797
6.25797
6.25797
6.25797
6.25797
6.25797
6.25797
6.25797
6.25797
6.12091
6.12091
6.12091
6.12091
6.12091
6.12091
6.12091
6.12091
6.12091
6.12091
6.12091
6.12091
6.12091
6.12091
6.12091
6.12091
6.12091
6.09742
6.09742
6.09742
6.09742
6.09742
6.09742
6.09742
6.09742
6.09742
6.09742
6.09742
6.09742
6.09742
6.09742
6.09742
6.09742
6.09742
6.09742
6.09742
6.09742
6.09742
5.97785
5.97785
5.97785
5.97785
5.97785
5.97785
5.97785
5.97785
5.97785
5.97785
5.97785
5.97785
5.97785
5.97785
5.97785
5.97785
5.97785
5.97785
5.97785
5.97785
5.97785
5.97785
5.97785
5.97785
5.97785
5.97785
5.97785
5.97785
5.97785
5.97785
5.97785
5.97785
5.97785
5.97785
5.97785
5.97785
5.97785
5.97785
5.97785
5.97785
5.97785
5.97785
5.97785
5.97785
5.97785
5.97785
5.88161
5.88161
5.88161
5.88161
5.88161
5.88161
5.88161
5.88161
5.88161
5.88161
5.88161
5.88161
5.88161
5.88161
5.88161
5.88161
5.88161
5.88161
5.88161
5.88161
5.88161
5.88161
5.88161
5.88161
5.88161
5.88161
5.88161
5.88161
5.88161
5.88161
5.88161
5.88161
5.88161
5.88161
5.88161
5.88161
5.88161
5.88161
5.88161
5.88161
5.88161
5.88161
5.88161
5.88161
5.88161
5.88161
5.88161
5.88161
5.88161
5.88161
5.88161
5.88161
5.88161
5.88161
5.88161
5.88161
5.88161
5.88161
5.88161
5.88161
5.88161
5.88161
5.88161
5.88161
5.88161
5.88161
5.88161
5.88161
5.88161
5.88161
5.88161
5.78682
5.78671
5.78671
5.78671
5.78671
5.78671
5.78671
5.78671
5.78671
5.78671
5.78671
5.78671
5.78671
5.78671
5.78671
5.78671
5.78671
5.70743
5.70743
5.70743
5.70743
5.70743
5.70743
5.70743
5.70743
5.70743
5.70743
5.70743
5.70743
5.70743
5.70743
5.70743
5.70743
5.70743
5.70743
5.70743
5.70743
5.70743
5.70743
5.70743
5.70743
5.70743
5.70743
5.70743
5.70743
5.70743
5.70743
5.70743
5.70743
5.70743
5.70743
5.70743
5.70743
5.70743
5.66219
5.66219
5.66219
5.66219
5.66219
5.66219
5.66219
5.66219
5.66219
5.66219
5.66219
5.66219
5.66219
5.66219
5.66219
5.64745
5.64745
5.64745
5.64745
5.55902
5.55902
5.55902
5.55902
5.55902
5.55902
5.55902
5.55902
5.55902
5.55902
5.55902
5.55902
5.55902
5.55902
5.55902
5.55902
5.55902
5.55902
5.55902
5.55902
5.55902
5.55902
5.55902
5.55902
5.55902
5.55902
5.55902
5.55902
5.55902
5.55902
5.55902
5.55902
5.55902
5.55902
5.55902
5.55902
5.55902
5.55902
5.55902
5.55902
5.55902
5.55902
5.55902
5.55902
5.55902
5.55902
5.55902
5.55902
5.55902
5.55902
5.55902
5.55902
5.55902
5.55902
5.55902
5.55902
5.55902
5.55902
5.55902
5.55902
5.55902
5.55902
5.55902
5.55902
5.55902
5.55902
5.55902
5.55902
5.55902
5.55902
5.55902
5.55902
5.36317
5.36317
5.36317
5.36317
5.36317
5.36317
5.36317
5.36317
5.36317
5.36317
5.36317
5.36317
5.36317
5.36317
5.36317
5.36317
5.36317
5.36317
5.36317
5.36317
5.36317
5.36317
5.36317
5.36317
5.36317
5.36317
5.36317
5.36317
5.36317
5.36317
5.36317
5.36317
5.36317
5.36317
5.36317
5.36317
5.36317
5.36317
5.36317
5.36317
5.36317
5.36317
5.36317
5.36317
5.36317
5.36317
5.36317
5.36317
5.36317
5.36317
5.36317
5.36317
5.36317
5.36317
5.36317
5.36317
5.36317
5.36317
5.36317
5.36317
5.36317
5.36317
5.36317
5.36317
5.36317
5.36317
5.36317
5.36317
5.36317
5.36317
5.36317
5.36317
5.36317
5.36317
5.36317
5.36317
5.36317
5.36317
5.36317
5.36317
5.36317
5.36317
5.36317
5.36317
5.36317
5.36317
5.36317
5.36317
5.36317
5.36317
5.36317
5.36317
5.36317
5.36317
5.36317
5.36317
5.36317
5.36317
5.36317
5.36317
5.36317
5.36317
5.36317
5.36317
5.36317
5.36317
5.36317
5.36317
5.36317
5.36317
5.35948
5.35948
5.35948
5.35948
5.35948
5.35948
5.35948
5.35948
5.35948
5.35948
5.35948
5.35948
5.35948
5.35948
5.23248
5.23248
5.23248
5.23248
5.23248
5.23248
5.23248
5.23248
5.23248
5.23248
5.23248
5.23248
5.23248
5.23248
5.23248
5.23248
5.23248
5.23248
5.23248
5.23248
5.23248
5.23248
5.23248
5.23248
5.23248
5.23248
5.23248
5.23248
5.23248
5.21282
5.21282
5.21282
5.21282
5.21282
5.21282
5.21282
5.21282
5.21282
5.21282
5.21282
5.12566
5.12566
5.12566
5.12566
5.12566
5.12566
5.12566
5.12566
5.12566
5.12566
5.12566
5.12566
5.12566
5.12566
5.12566
5.12566
5.12566
5.12566
5.12566
5.12566
5.12566
5.12566
5.12566
5.1178
5.1178
5.1178
5.1178
5.1178
5.1178
5.1178
5.1178
5.1178
5.1178
5.1178
5.1178
5.1178
5.1178
5.06277
5.06277
5.06277
5.06277
5.06277
5.06277
5.06277
5.06277
5.06277
5.06277
5.06277
5.06277
5.06277
5.04254
5.04254
5.04254
5.04254
5.04254
5.04254
5.04254
5.04254
5.04254
5.04254
5.04254
5.04254
5.04254
5.04254
5.04254
5.04254
5.04254
5.04254
5.04254
5.04254
5.04254
5.04254
5.04254
5.04254
5.04254
5.04254
5.04254
5.04254
5.04254
5.04254
5.04254
5.04254
5.04254
5.04254
5.04254
5.04254
5.04254
5.04254
5.04254
5.04254
5.04254
5.04254
5.04254
5.04254
5.01304
5.01304
5.01304
5.01304
5.01304
5.01304
5.01304
5.01304
5.01304
5.01304
5.01304
5.01304
5.01304
5.01304
5.01304
5.01304
5.01304
5.01304
5.01304
5.01304
5.01304
5.01304
5.01304
5.01304
5.01304
5.01304
5.01304
5.01304
5.01304
5.01304
5.01304
5.01304
5.01304
5.01304
5.01304
5.01304
4.94396
4.94396
4.94396
4.94396
4.94396
4.94396
4.94396
4.94396
4.94396
4.94396
4.94396
4.94396
4.94396
4.94396
4.94396
4.94396
4.94396
4.94396
4.94396
4.94396
4.94396
4.94396
4.94396
4.94396
4.94396
4.94396
4.94396
4.94396
4.94396
4.94396
4.94396
4.94396
4.94396
4.82801
4.82801
4.82801
4.82801
4.82801
4.82801
4.82801
4.82801
4.82801
4.82801
4.82801
4.82801
4.82801
4.82801
4.82801
4.82801
4.82801
4.82801
4.82801
4.82801
4.82801
4.82801
4.82801
4.82801
4.82801
4.74293
4.71188
4.71188
4.71188
4.71188
4.71188
4.71188
4.71188
4.71188
4.71188
4.71188
4.71188
4.71188
4.71188
4.71188
4.71188
4.71188
4.71188
4.71188
4.71188
4.71188
4.71188
4.71188
4.71188
4.71188
4.71188
4.71188
4.71188
4.71188
4.71188
4.71188
4.71188
4.71188
4.71188
4.71188
4.71188
4.71188
4.71188
4.71188
4.71188
4.71188
4.71188
4.71188
4.71188
4.71188
4.71188
4.71188
4.71188
4.71188
4.71188
4.71188
4.71188
4.71188
4.71188
4.71188
4.65256
4.65256
4.65256
4.65256
4.65256
4.65256
4.65256
4.65256
4.65256
4.65256
4.65256
4.65256
4.65256
4.65256
4.65256
4.65256
4.65256
4.65256
4.65256
4.65256
4.55356
4.55356
4.55356
4.55356
4.55356
4.55356
4.55356
4.55356
4.55356
4.55356
4.55356
4.55356
4.55356
4.55356
4.55356
4.55356
4.55356
4.55356
4.55356
4.55356
4.55356
4.55356
4.55356
4.55356
4.55356
4.55356
4.55356
4.55356
4.55356
4.55356
4.55356
4.55356
4.55356
4.55356
4.55356
4.55356
4.55356
4.55356
4.55356
4.55356
4.55356
4.55356
4.55356
4.55356
4.55356
4.55356
4.55356
4.55356
4.55356
4.55356
4.55356
4.55356
4.55356
4.55356
4.55356
4.55356
4.55356
4.55356
4.55356
4.55356
4.55356
4.55356
4.55356
4.55356
4.55356
4.55356
4.55356
4.4459
4.4459
4.4459
4.4459
4.4459
4.4459
4.4459
4.4459
4.4459
4.4459
4.4459
4.4459
4.4459
4.4459
4.4459
4.4459
4.4459
4.4459
4.4459
4.4459
4.4459
4.4459
4.4459
4.4459
4.4459
4.4459
4.4459
4.4459
4.4459
4.4459
4.4459
4.4459
4.4459
4.4459
4.4459
4.4459
4.4459
4.4459
4.4459
4.4459
4.4459
4.4459
4.4459
4.4459
4.4459
4.4459
4.4459
4.4459
4.4459
4.4459
4.44463
4.44463
4.44463
4.44463
4.44463
4.44463
4.44463
4.44463
4.44463
4.44463
4.44463
4.44463
4.44463
4.44463
4.44463
4.44463
4.44463
4.42661
4.42661
4.42661
4.42661
4.38677
4.38677
4.38677
4.38677
4.38677
4.38677
4.38677
4.38677
4.38677
4.38677
4.38677
4.38677
4.38677
4.38677
4.38677
4.38677
4.38677
4.38677
4.38677
4.38677
4.38677
4.38677
4.38677
4.36362
4.36362
4.36362
4.36362
4.36362
4.36362
4.36362
4.36362
4.36362
4.36362
4.36362
4.36362
4.36362
4.36362
4.36362
4.36362
4.36362
4.36362
4.36362
4.36362
4.36362
4.36362
4.36362
4.36362
4.36362
4.36362
4.36362
4.36362
4.36362
4.36362
4.36362
4.36362
4.36362
4.30657
4.30657
4.30657
4.30657
4.2979
4.2979
4.2979
4.2979
4.2979
4.2979
4.2979
4.2979
4.2979
4.2979
4.2979
4.2979
4.2979
4.2979
4.2979
4.2979
4.2979
4.2979
4.2979
4.2979
4.2979
4.2979
4.2979
4.2979
4.2979
4.2979
4.2979
4.2979
4.2979
4.2979
4.2979
4.2979
4.2979
4.2979
4.2979
4.2979
4.2979
4.2979
4.2979
4.2979
4.2979
4.2979
4.2979
4.2979
4.2979
4.2979
4.2979
4.2979
4.2979
4.2979
4.2979
4.2979
4.2979
4.2979
4.2979
4.2979
4.2979
4.29704
4.29704
4.29704
4.29704
4.29704
4.29704
4.29704
4.29704
4.29704
4.29704
4.29704
4.29704
4.29016
4.29016
4.29016
4.29016
4.29016
4.29016
4.29016
4.29016
4.29016
4.29016
4.29016
4.29016
4.29016
4.29016
4.29016
4.29016
4.29016
4.29016
4.29016
4.29016
4.29016
4.29016
4.29016
4.29016
4.28979
4.28979
4.28979
4.28979
4.28979
4.22883
4.22883
4.22883
4.22883
4.22883
4.22883
4.22883
4.22883
4.22883
4.22883
4.22883
4.22883
4.22883
4.22883
4.22883
4.22883
4.22883
4.22883
4.22883
4.22883
4.22883
4.22883
4.22883
4.22883
4.22883
4.22883
4.22883
4.22883
4.22883
4.22883
4.22883
4.22883
4.22883
4.22883
4.22883
4.22883
4.22883
4.22883
4.22883
4.22883
4.22883
4.22883
4.22883
4.22883
4.22883
4.22883
4.22883
4.22883
4.22883
4.22883
4.22883
4.22883
4.22883
4.22883
4.22883
4.22883
4.20535
4.20535
4.20535
4.20535
4.20535
4.20535
4.20535
4.20535
4.20535
4.20535
4.20535
4.20535
4.20535
4.20213
4.20213
4.20213
4.20213
4.20213
4.20213
4.20213
4.20213
4.20213
4.20213
4.20213
4.20213
4.20213
4.20213
4.20213
4.20213
4.19473
4.19473
4.18861
4.18861
4.18861
4.18861
4.18861
4.18584
4.18584
4.18584
4.18584
4.18584
4.18584
4.18584
4.18584
4.18584
4.18584
4.18584
4.18584
4.18584
4.18584
4.18584
4.18584
4.18584
4.18584
4.18584
4.18584
4.18584
4.18584
4.18584
4.18584
4.18584
4.18584
4.18584
4.18584
4.18584
4.18584
4.18584
4.18584
4.15797
4.15797
4.15797
4.15797
4.15797
4.15797
4.15797
4.15797
4.15797
4.15797
4.15797
4.15797
4.15797
4.15797
4.15797
4.15797
4.15797
4.15797
4.15797
4.15797
4.15797
4.15797
4.12236
4.12236
4.12236
4.12236
4.12236
4.12236
4.12236
4.12236
4.12236
4.12236
4.12236
4.12236
4.12236
4.12236
4.12236
4.12236
4.12236
4.12236
4.12236
4.12236
4.12236
4.12236
4.12236
4.12236
4.12236
4.12236
4.12236
4.12236
4.12236
4.12236
4.12236
4.12236
4.12236
4.12236
4.12236
4.12236
4.12236
4.12236
4.12236
4.12236
4.12236
4.12236
4.12236
4.12236
4.12236
4.12236
4.12236
4.12236
4.12236
4.12236
4.12236
4.12236
4.12236
4.12236
4.12236
4.12236


0.175009
0.978613
-0.908984
0.00757925
-0.0623788
0.983663
1.10645
0.90567
-0.921772
-0.116479
0.896339
0.185876
-0.0501526
-0.971219
-0.986728
-0.838707
-1.02233
-1.09162
-0.152968
0.835617
0.20593
0.871378
-0.0261591
0.165529
1.13564
1.17217
2.10013
2.07522
2.04068
0.156797

0.029

