-0.0475949
-0.0654719
-0.0654719
-0.0654719
-0.0654719
-0.0654719
-0.0654719
-0.0654719
-0.0654719
-0.0654719
-0.0654719
-0.0654719
-0.0654719
-0.0654719
-0.0666385
-0.0666385
-0.100839
-0.100839
-0.100839
-0.100839
-0.100839
-0.100839
-0.100839
-0.100839
-0.100839
-0.100839
-0.143303
-0.143303
-0.143303
-0.157603
-0.157603
-0.157603
-0.157603
-0.157603
-0.157603
-0.157603
-0.157603
-0.157603
-0.157603
-0.157603
-0.157603
-0.157603
-0.157603
-0.157603
-0.171199
-0.171199
-0.171199
-0.171199
-0.171199
-0.175149
-0.175149
-0.179034
-0.179034
-0.179034
-0.179034
-0.179034
-0.179034
-0.179034
-0.179034
-0.179034
-0.188681
-0.188681
-0.188681
-0.188681
-0.188681
-0.188681
-0.188681
-0.188681
-0.188681
-0.188681
-0.188681
-0.188681
-0.188681
-0.188681
-0.239933
-0.239933
-0.239933
-0.239933
-0.239933
-0.239933
-0.239933
-0.239933
-0.239933
-0.239933
-0.239933
-0.240468
-0.240468
-0.240468
-0.240468
-0.261431
-0.261431
-0.261431
-0.261431
-0.261431
-0.261431
-0.261431
-0.261431
-0.261431
-0.261431
-0.26937
-0.26937
-0.26937
-0.26937
-0.282631
-0.282631
-0.282631
-0.398659
-0.398659
-0.398659
-0.398659
-0.398659
-0.398659
-0.398659
-0.398659
-0.399548
-0.399548
-0.399548
-0.399548
-0.399548
-0.399548
-0.399548
-0.399548
-0.399548
-0.399548
-0.399548
-0.399548
-0.399548
-0.399548
-0.399548
-0.399548
-0.399548
-0.399548
-0.399548
-0.399548
-0.399548
-0.399548
-0.399548
-0.399548
-0.399548
-0.399548
-0.417606
-0.417606
-0.417606
-0.417606
-0.417606
-0.417606
-0.417606
-0.417606
-0.417606
-0.417606
-0.449184
-0.449184
-0.449184
-0.449184
-0.449184
-0.449184
-0.449184
-0.449184
-0.449184
-0.449184
-0.449184
-0.449184
-0.472181
-0.472181
-0.472181
-0.472181
-0.472181
-0.472181
-0.472181
-0.472181
-0.52984
-0.52984
-0.530166
-0.530166
-0.530166
-0.530166
-0.530166
-0.530166
-0.530166
-0.530166
-0.530166
-0.530166
-0.530166
-0.530166
-0.530166
-0.530166
-0.530166
-0.530166
-0.530166
-0.530166
-0.548008
-0.62635
-0.62635
-0.62635
-0.62635
-0.62635
-0.62635
-0.62635
-0.62635
-0.62635
-0.644974
-0.644974
-0.652116
-0.652116
-0.652116
-0.652116
-0.652116
-0.652116
-0.652116
-0.652116
-0.652116
-0.652116
-0.652116
-0.652116
-0.652116
-0.652116
-0.652116
-0.681067
-0.681067
-0.681067
-0.681067
-0.681067
-0.696196
-0.696196
-0.696196
-0.696196
-0.696196
-0.696196
-0.696196
-0.696196
-0.696196
-0.696196
-0.696196
-0.716572
-0.716572
-0.716572
-0.716896
-0.716896
-0.716896
-0.716896
-0.716896
-0.716896
-0.716896
-0.716896
-0.739977
-0.739977
-0.739977
-0.739977
-0.739977
-0.739977
-0.739977
-0.739977
-0.739977
-0.739977
-0.739977
-0.739977
-0.74298
-0.74298
-0.74298
-0.74298
-0.74298
-0.74298
-0.74298
-0.74298
-0.74298
-0.74298
-0.74298
-0.774623
-0.774623
-0.774623
-0.774623
-0.774623
-0.774623
-0.774623
-0.774623
-0.807452
-0.807452
-0.807452
-0.807452
-0.807452
-0.807452
-0.826661
-0.826661
-0.826661
-0.826661
-0.826661
-0.826661
-0.826661
-0.850917
-0.853266
-0.853266
-0.853266
-0.853266
-0.853266
-0.856201
-0.883695
-0.883695
-0.883695
-0.883695
-0.883695
-0.883695
-0.883695
-0.883695
-0.883695
-0.883695
-0.883695
-0.883695
-0.883695
-0.883695
-0.883695
-0.883695
-0.883695
-0.883695
-0.883695
-0.886042
-0.886042
-0.886042
-0.886042
-0.886042
-0.886042
-0.886042
-0.886042
-0.886042
-0.886042
-0.886042
-0.886042
-0.886042
-0.886042
-0.888867
-0.888867
-0.888867
-0.888867
-0.888867
-0.888867
-0.888867
-0.888867
-0.888867
-0.888867
-0.888867
-0.888867
-0.888867
-0.888867
-0.888867
-0.888867
-0.888867
-0.888867
-0.888867
-0.888867
-0.888867
-0.889511
-0.889511
-0.889511
-0.889511
-0.889511
-0.889511
-0.889511
-0.889511
-0.889511
-0.889511
-0.889511
-0.889511
-0.889511
-0.891781
-0.891781
-0.891781
-0.891781
-0.89336
-0.89336
-0.89336
-0.89336
-0.89336
-0.89336
-0.89336
-0.89336
-0.89336
-0.89336
-0.89336
-0.89336
-0.908743
-0.908743
-0.908743
-0.908743
-0.908743
-0.908743
-0.908743
-0.908743
-0.908743
-0.908743
-0.911516
-0.911516
-0.911516
-0.911516
-0.911516
-0.911516
-0.911516
-0.911516
-0.911853
-0.911853
-0.911853
-0.911853
-0.911853
-0.911853
-0.911853
-0.911853
-0.911853
-0.91293
-0.91293
-0.91293
-0.91293
-0.91293
-0.91293
-0.928757
-0.928757
-0.928757
-0.928757
-0.928757
-0.928757
-0.928757
-0.928757
-0.928757
-0.928757
-0.928757
-0.928757
-0.928757
-0.928757
-0.928757
-0.928757
-0.928757
-0.928757
-0.928757
-0.940679
-0.940679
-0.940679
-0.940679
-0.940679
-0.940679
-0.940679
-0.940679
-0.940679
-0.940679
-0.940679
-0.943167
-0.943167
-0.943167
-0.943167
-0.943167
-0.943167
-0.943167
-0.943167
-0.943167
-0.943167
-0.943167
-0.943167
-0.943167
-0.943167
-0.943167
-0.943167
-0.943167
-0.948251
-0.948251
-0.948251
-0.948251
-0.948251
-0.948251
-0.948251
-0.948251
-0.948251
-0.948251
-0.949371
-0.949371
-0.949371
-0.949371
-0.949371
-0.949371
-0.949371
-0.949371
-0.949371
-0.949371
-0.949371
-0.966466
-0.966466
-0.966466
-0.966466
-0.966466
-0.966466
-0.966466
-0.966466
-0.970568
-0.970568
-0.970568
-0.970568
-0.971675
-0.971675
-0.971675
-0.971675
-0.971675
-0.971675
-0.971675
-0.971675
-0.971675
-0.971675
-0.971675
-0.971675
-0.971675
-0.972783
-0.972783
-0.972783
-0.972783
-0.972783
-0.973142
-0.973142
-0.973142
-0.973142
-0.973142
-0.973142
-0.973142
-0.973142
-0.973142
-0.973142
-0.973142
-0.973142
-0.973142
-0.973142
-0.973142
-0.973142
-0.973142
-0.973142
-0.973142
-0.973142
-0.973142
-0.973142
-0.973142
-0.973142
-0.973142
-0.973142
-0.973142
-0.973142
-0.973142
-0.973142
-0.973142
-0.973142
-0.973142
-0.973142
-0.973142
-0.973142
-0.973142
-0.973142
-0.973142
-0.973142
-0.973142
-0.973317
-0.973317
-0.973317
-0.973317
-0.973317
-0.973317
-0.973317
-0.973317
-0.973317
-0.973317
-0.973317
-0.973317
-0.973317
-0.974427
-0.974427
-0.974427
-0.974427
-0.974427
-0.974427
-0.974427
-0.974427
-0.974427
-0.974427
-0.974427
-0.974427
-0.974427
-0.974427
-0.974427
-0.974427
-0.974427
-0.974427
-0.974427
-0.974427
-0.974427
-0.974427
-0.974427
-0.974427
-0.974427
-0.974427
-0.974427
-0.974427
-0.974427
-0.974427
-0.974427
-0.974427
-0.974427
-0.974427
-0.974427
-0.974427
-0.974427
-0.974427
-0.974427
-0.974427
-0.974427
-0.974427
-0.974427
-0.974427
-0.974427
-0.974427
-0.974427
-0.974427
-0.974427
-0.974427
-0.974427
-0.974427
-0.974427
-0.974427
-0.974427
-0.974427
-0.974427
-0.974427
-0.974427
-0.974427
-0.974427
-0.974427
-0.974427
-0.974427
-0.974427
-0.974427
-0.974427
-0.974427
-0.974427
-0.975865
-0.975865
-0.975865
-0.975865
-0.975865
-0.975865
-0.975865
-0.975865
-0.975865
-0.975865
-0.975865
-0.975865
-0.975865
-0.975865
-0.975865
-0.975865
-0.975865
-0.976978
-0.976978
-0.976978
-0.976978
-0.976978
-0.976978
-0.976978
-0.976978
-0.976978
-0.976978
-0.976978
-0.976978
-0.976978
-0.976978
-0.976978
-0.976978
-0.976978
-0.976978
-0.976978
-0.977441
-0.977441
-0.977441
-0.977441
-0.977441
-0.977441
-0.977441
-0.977441
-0.977441
-0.977441
-0.977441
-0.977441
-0.977441
-0.977441
-0.977441
-0.977441
-0.977441
-0.977441
-0.977441
-0.977441
-0.977441
-0.977441
-0.977441
-0.977441
-0.977441
-0.977441
-0.977612
-0.977612
-0.977612
-0.977612
-0.977612
-0.977612
-0.977612
-0.977612
-0.977612
-0.977612
-0.977612
-0.977612
-0.977612
-0.977612
-0.977612
-0.977612
-0.977612
-0.977612
-0.977612
-0.977612
-0.977612
-0.977612
-0.977612
-0.977612
-0.977612
-0.977612
-0.977612
-0.977612
-0.977612
-0.977612
-0.977612
-0.977612
-0.977612
-0.977612
-0.977612
-0.977612
-0.977612
-0.977612
-0.977612
-0.977612
-0.977612
-0.977612
-0.977612
-0.977612
-0.977612
-0.977612
-0.977612
-0.977612
-0.977612
-0.977612
-0.977612
-0.977612
-0.977612
-0.977612
-0.977612
-0.977612
-0.977612
-0.977612
-0.977612
-0.977612
-0.977612
-0.977612
-0.977612
-0.978727
-0.978727
-0.978727
-0.978727
-0.978727
-0.978727
-0.978727
-0.978727
-0.978727
-0.978727
-0.978727
-0.978727
-0.978727
-0.984804
-0.984804
-0.984804
-0.984804
-0.984804
-0.984804
-0.984804
-0.984804
-0.984804
-0.984804
-0.984804
-0.984804
-0.984804
-0.984804
-0.984804
-0.984804
-0.984804
-0.985271
-0.985271
-0.985271
-0.985271
-0.985271
-0.985271
-0.985271
-0.985271
-0.985271
-0.985271
-0.985271
-0.985271
-0.985271
-0.985271
-0.985271
-0.985271
-0.985271
-0.985271
-0.985271
-0.985271
-0.985271
-0.985271
-0.985271
-0.985271
-0.985271
-0.985271
-0.985271
-0.985271
-0.985271
-0.985271
-0.985271
-0.985271
-0.985271
-0.985271
-0.985271
-0.985271
-0.985271
-0.985271
-0.985271
-0.985271
-0.985271
-0.985271
-0.985271
-0.985271
-0.985271
-0.985271
-0.985271
-0.985715
-0.985715
-0.985715
-0.985715
-0.985715
-0.985715
-0.985715
-0.985715
-0.985715
-0.985715
-0.98581
-0.98581
-0.98581
-0.98581
-0.986061
-0.986061
-0.986061
-0.986061
-0.986061
-0.986061
-0.986061
-0.986061
-0.986061
-0.986061
-0.986061
-0.986061
-0.986061
-0.986061
-0.986061
-0.986061
-0.986061
-0.986061
-0.986061
-0.986061
-0.986061
-0.986156
-0.986156
-0.986156
-0.986234
-0.986234
-0.986234
-0.986329
-0.986329
-0.986329
-0.986329
-0.987044
-0.987044
-0.987044
-0.987044
-0.987044
-0.987044
-0.987044
-0.987044
-0.987044
-0.987044
-0.987044
-0.987044
-0.987044
-0.987044
-0.987044
-0.987044
-0.987044
-0.987044
-0.987044
-0.987044
-0.987044
-0.987044
-0.987044
-0.987044
-0.987044
-0.987044
-0.987044
-0.987044
-0.987044
-0.987044
-0.987044
-0.987044
-0.987044
-0.987044
-0.987044
-0.987044
-0.987044
-0.987044
-0.987044
-0.987044
-0.987044
-0.987044
-0.987044
-0.987044
-0.987044
-0.987044
-0.987044
-0.987044
-0.987044
-0.987044
-0.987044
-0.987044
-0.987044
-0.987044
-0.987044
-0.987044
-0.987044
-0.987044
-0.987044
-0.987044
-0.987044
-0.987044
-0.987044
-0.987044
-0.987044
-0.987044
-0.987044
-0.987044
-0.987044
-0.987078
-0.987078
-0.987078
-0.987139
-0.987139
-0.987139
-0.987139
-0.987139
-0.987139
-0.987139
-0.987139
-0.987139
-0.987139
-0.987139
-0.987139
-0.987139
-0.987139
-0.987139
-0.987139
-0.987139
-0.987139
-0.987139
-0.987139
-0.987139
-0.987158
-0.987158
-0.987158
-0.987158
-0.987158
-0.987158
-0.987158
-0.987169
-0.987169
-0.987169
-0.987169
-0.994811
-0.994811
-0.994811
-0.994811
-0.994811
-0.994811
-0.994819
-0.994819
-0.994915
-0.994915
-0.994915
-0.994915
-0.994915
-0.994915
-0.994915
-0.994915
-0.994915
-0.994915
-0.994915
-0.994915
-0.994915
-0.994915
-0.994915
-0.994915
-0.994915
-0.994915
-0.994915
-0.994915
-0.994915
-0.994915
-0.994915
-0.994915
-0.994915
-0.994915
-0.994915
-0.994915
-0.994915
-0.994915
-0.994915
-0.994915
-0.994915
-0.996562
-0.996562
-0.996562
-0.996562
-0.996562
-0.996562
-0.996562
-0.996562
-0.996562
-0.996562
-0.996562
-0.996562
-0.996562
-0.996562
-0.996562
-0.996562
-0.996562
-0.996562
-0.996562
-0.996562
-0.996562
-0.996562
-0.996562
-0.996562
-0.996562
-0.996562
-0.996562
-0.996562
-0.996562
-0.996562
-0.996562
-0.996562
-0.996562
-0.996562
-0.996562
-0.996562
-0.996562
-0.996562
-0.996562
-0.996562
-0.996562
-0.996562
-0.996562
-0.996562
-0.996562
-0.996562
-0.996562
-0.996562
-0.996562
-0.996562
-0.996562
-0.996562
-0.996562
-0.996562
-0.996562
-0.996562
-0.996562
-0.996562
-0.996562
-0.996562
-0.996562
-0.996562
-0.996562
-0.996562
-0.996635
-0.996635
-0.996635
-0.996635
-0.996635
-0.996635
-0.996635
-0.996635
-0.996635
-0.996635
-0.996635
-0.996635
-0.996635
-0.996635
-0.996635
-0.996635
-0.996635
-0.996635
-0.996635
-0.996635
-0.996635
-0.996635
-0.996635
-0.996635
-0.996635
-0.996635
-0.996635
-0.996635
-0.996635
-0.996635
-0.996635
-0.996635
-0.996635
-0.996635
-0.996709
-0.996709
-0.996709
-0.996709
-0.996709
-0.996709
-0.996805
-0.996805
-0.996805
-0.996805
-0.996805
-0.996805
-0.996805
-0.996805
-0.996805
-0.996805
-0.996805
-0.996805
-0.996805
-0.996892
-0.996892
-0.996892
-0.996892
-0.996892
-0.996892
-0.996892
-0.996892
-0.996988
-0.996988
-0.996988
-0.996988
-0.996988
-0.996988
-0.996988
-0.996988
-0.996988
-0.996988
-0.996988
-0.996988
-0.996988
-0.996988
-0.996988
-0.996988
-0.996988
-0.996988
-0.996988
-0.996988
-0.996988
-0.996988
-0.996988
-0.996988
-0.996988
-0.996988
-0.996988
-0.996988
-0.996988
-0.996988
-0.996988
-0.996988
-0.996988
-0.996988
-0.996988
-0.996988
-0.996988
-0.996988
-0.996988
-0.996988
-0.996988
-0.996988
-0.996988
-0.996988
-0.996988
-0.996988
-0.996988
-0.996988
-0.996988
-0.996988
-0.996988
-0.996988
-0.996988
-0.996988
-0.996988
-0.996988
-0.996988
-0.996988
-0.996988
-0.996988
-0.996988
-0.996988
-0.996988
-0.996988
-0.996988
-0.996988
-0.996988
-0.996988
-0.996988
-0.996988
-0.996988
-0.996988
-0.996988
-0.996988
-0.996988
-0.996988
-0.996988
-0.997044
-0.997044
-0.997044
-0.997044
-0.997044
-0.997044
-0.997044
-0.997044
-0.997044
-0.997044
-0.997044
-0.997044
-0.997044
-0.997044
-0.997044
-0.997044
-0.997044
-0.997044
-0.997044
-0.997224
-0.99728
-0.99728
-0.99728
-0.99728
-0.997306
-0.997306
-0.997306
-0.997306
-0.997306
-0.997306
-0.997306
-0.997306
-0.99737
-0.99737
-0.99737
-0.99737
-0.99737
-0.99737
-0.99737
-0.99737
-0.99737
-0.99737
-0.99737
-0.99737
-0.99737
-0.99737
-0.99737
-0.99755
-0.99755
-0.99755
-0.99755
-0.99755
-0.99755
-0.99755
-0.99755
-0.99755
-0.99755
-0.99755
-0.99755
-0.99755
-0.99755
-0.99755
-0.99755
-0.99755
-0.99755
-0.99755
-0.99755
-0.99755
-0.99755
-0.99755
-0.99755
-0.99755
-0.99755
-0.99755
-0.99755
-0.99755
-0.99755
-0.99773
-0.99773
-0.99773
-0.99773
-0.99773
-0.99773
-0.99773
-0.99773
-0.99773
-0.99773
-0.99773
-0.99773
-0.99773
-0.99773
-0.99773
-0.99773
-0.99773
-0.99773
-0.99773
-0.99773
-0.99773
-0.99773
-0.99773
-0.997738
-0.997738
-0.997738
-0.997738
-0.997738
-0.997738
-0.997738
-0.997903
-0.997903
-0.997903
-0.997903
-0.997903
-0.997903
-0.997903
-0.997903
-0.997903
-0.997903
-0.997903
-0.997903
-0.997903
-0.997903
-0.997903
-0.997903
-0.997903
-0.997903
-0.997903
-0.997903
-0.997903
-0.997903
-0.997903
-0.997903
-0.997903
-0.997903
-0.997903
-0.997903
-0.997903
-0.997903
-0.997903
-0.997903
-0.997903
-0.997903
-0.997903
-0.997903
-0.997903
-0.997903
-0.997903
-0.997911
-0.997911
-0.997911
-0.997911
-0.997911
-0.997911
-0.997911
-0.997911
-0.997911
-0.997911
-0.997911
-0.997911
-0.997911
-0.997911
-0.997911
-0.997911
-0.997911
-0.997911
-0.997911
-0.997911
-0.997911
-0.997911
-0.997911
-0.997911
-0.997911
-0.997911
-0.997911
-0.997911
-0.997911
-0.997911
-0.997911
-0.997911
-0.997911
-0.997911
-0.997911
-0.997911
-0.997911
-0.997911
-0.997911
-0.997911
-0.997911
-0.997911
-0.997911
-0.997911
-0.997911
-0.997911
-0.997911
-0.997911
-0.997911
-0.997911
-0.997911
-0.997911
-0.997911
-0.997911
-0.997911
-0.997911
-0.997911
-0.997911
-0.997911
-0.997911
-0.997911
-0.997911
-0.997911
-0.997911
-0.997911
-0.997911
-0.997911
-0.998094
-0.998094
-0.998094
-0.998094
-0.998094
-0.998094
-0.998094
-0.998094
-0.998094
-0.998094
-0.998094
-0.998094
-0.998094
-0.998094
-0.998094
-0.998094
-0.998094
-0.998094
-0.998094
-0.998094
-0.998094
-0.998094
-0.998094
-0.998094
-0.998094
-0.998094
-0.998094
-0.998094
-0.998094
-0.998094
-0.998094
-0.998094
-0.998094
-0.998094
-0.998094
-0.998094
-0.998278
-0.998278
-0.998278
-0.998278
-0.998278
-0.998278
-0.998278
-0.998278
-0.998278
-0.998278
-0.998278
-0.998278
-0.998278
-0.998278
-0.998278
-0.998278
-0.998278
-0.998278
-0.998278
-0.998278
-0.998278
-0.998278
-0.998278
-0.998278
-0.998278
-0.998278
-0.998278
-0.998278
-0.998278
-0.998278
-0.998278
-0.998278
-0.998278
-0.998278
-0.998278
-0.998278
-0.998278
-0.998278
-0.998278
-0.998278
-0.998278
-0.998278
-0.998278
-0.998278
-0.998278
-0.998278
-0.998278
-0.998278
-0.998278
-0.998278
-0.998278
-0.998278
-0.998278
-0.998278
-0.998278
-0.998278
-0.998278
-0.998278
-0.998278
-0.998278
-0.998278
-0.998358
-0.998358
-0.998358
-0.998358
-0.998358
-0.998358
-0.998358
-0.998358
-0.998358
-0.998547
-0.998547
-0.998547
-0.998547
-0.998547
-0.998547
-0.998547
-0.998547
-0.998547
-0.998547
-0.998547
-0.998547
-0.998547
-0.998547
-0.998547
-0.998547
-0.998547
-0.998547
-0.998547
-0.998547
-0.998547
-0.998547
-0.998547
-0.998547
-0.998547
-0.998547
-0.998547
-0.998547
-0.998547
-0.998547
-0.998547
-0.998547
-0.998547
-0.998547
-0.998555
-0.998555
-0.998555
-0.998555
-0.998555
-0.998555
-0.998555
-0.998555
-0.998555
-0.998555
-0.998555
-0.998555
-0.998555
-0.998555
-0.998555
-0.998555
-0.998555
-0.998555
-0.998555
-0.998555
-0.998555
-0.998555
-0.998555
-0.998555
-0.998555
-0.998555
-0.998555
-0.998555
-0.998555
-0.998555
-0.998555
-0.998555
-0.998555
-0.998555
-0.998555
-0.998555
-0.998555
-0.998555
-0.998555
-0.998555
-0.998555
-0.998555
-0.998555
-0.998555
-0.998555
-0.998555
-0.998555
-0.998555
-0.998555
-0.998555
-0.998555
-0.998555
-0.998555
-0.998555
-0.998555
-0.998555
-0.998555
-0.998555
-0.998555
-0.998555
-0.998555
-0.998555
-0.998555
-0.998555
-0.998555
-0.998555
-0.998555
-0.998555
-0.998555
-0.998555
-0.998555
-0.998555
-0.998555
-0.998555
-0.998555
-0.998555
-0.998555
-0.998555
-0.998555
-0.998555
-0.998555
-0.998555
-0.998555
-0.998555
-0.998555
-0.998555
-0.998555
-0.998555
-0.998555
-0.998555
-0.998555
-0.998555
-0.998555
-0.998555
-0.998555
-0.998555
-0.998555
-0.998555
-0.998555
-0.998555
-0.998555
-0.998555
-0.998555
-0.998555
-0.998555
-0.998555
-0.998555
-0.998555
-0.998555
-0.998555
-0.998555
-0.998555
-0.998555
-0.998555
-0.998555
-0.998555
-0.998555
-0.998555
-0.998555
-0.998555
-0.998555
-0.998555
-0.998555
-0.998555
-0.998555
-0.998555
-0.998555
-0.998555
-0.998555
-0.998555
-0.998555
-0.998555
-0.998555
-0.998555
-0.998555
-0.998555
-0.998555
-0.998555
-0.998555
-0.998555
-0.998555
-0.998555
-0.998555
-0.998555
-0.998555
-0.998555
-0.998555
-0.998555
-0.998555
-0.998555
-0.998555
-0.998555
-0.998555
-0.998555
-0.998555
-0.998555
-0.998555
-0.998555
-0.998555
-0.998555
-0.998555
-0.998818
-0.998818
-0.998818
-0.998818
-0.998818
-0.998818
-0.998818
-0.998818
-0.998818
-0.998818
-0.998818
-0.998818
-0.998818
-0.998818
-0.998818
-0.998818
-0.998818
-0.998818
-0.998818
-0.998818
-0.998818
-0.998818
-0.998818
-0.998818
-0.998818
-0.998818
-0.998818
-0.998819
-0.998819
-0.998819
-0.998819
-0.998819
-0.998819
-0.998819
-0.998819
-0.998819
-0.998819
-0.998819
-0.998819
-0.998819
-0.998819
-0.998819
-0.998819
-0.998819
-0.998819
-0.998819
-0.998819
-0.998819
-0.998819
-0.998819
-0.998819
-0.998819
-0.998819
-0.998819
-0.998819
-0.998819
-0.998819
-0.998819
-0.998819
-0.998819
-0.998819
-0.998819
-0.998819
-0.998819
-0.998819
-0.998819
-0.998819
-0.998819
-0.998819
-0.998819
-0.998819
-0.998819
-0.998819
-0.998819
-0.998819
-0.998819
-0.998829
-0.998829
-0.998829
-0.998829
-0.998829
-0.998829
-0.998829
-0.998829
-0.998829
-0.998829
-0.998829
-0.998829
-0.998829
-0.998829
-0.998829
-0.998829
-0.998829
-0.998829
-0.998829
-0.998829
-0.998829
-0.998829
-0.998829
-0.998829
-0.998829
-0.998829
-0.998829
-0.998829
-0.998829
-0.998829
-0.998829
-0.998829
-0.998829
-0.998829
-0.998829
-0.998829
-0.998829
-0.998829
-0.998829
-0.998829
-0.998829
-0.998829
-0.998829
-0.998829
-0.998829
-0.998829
-0.998829
-0.998829
-0.998829
-0.998829
-0.998829
-0.998839
-0.998902
-0.998902
-0.998902
-0.998902
-0.998902
-0.998902
-0.998902
-0.99891
-0.99891
-0.99891
-0.99891
-0.99891
-0.99891
-0.99891
-0.99891
-0.99891
-0.99891
-0.99891
-0.99891
-0.99891
-0.99891
-0.99891
-0.99891
-0.99891
-0.99891
-0.99891
-0.99891
-0.99891
-0.99891
-0.99891
-0.99891
-0.998976
-0.998976
-0.998976
-0.998976
-0.998976
-0.998976
-0.998976
-0.998976
-0.998976
-0.998976
-0.998976
-0.998976
-0.998976
-0.998976
-0.998976
-0.998976
-0.998976
-0.998976
-0.998976
-0.998976
-0.998976
-0.998976
-0.998976
-0.998976
-0.998976
-0.998976
-0.998976
-0.998976
-0.998976
-0.998984
-0.998984
-0.998984
-0.998984
-0.998984
-0.998984
-0.998984
-0.998984
-0.99905
-0.99905
-0.99905
-0.99905
-0.999088
-0.999088
-0.999088
-0.999088
-0.999088
-0.999088
-0.999088
-0.999088
-0.999088
-0.999099
-0.999099
-0.999099
-0.999099
-0.999147
-0.999147
-0.999147
-0.999147
-0.999147
-0.999147
-0.999147
-0.999211
-0.999211
-0.999211
-0.999211
-0.999211
-0.999211
-0.999221
-0.999221
-0.999221
-0.999221
-0.999221
-0.999221
-0.999221
-0.999221
-0.999221
-0.999259
-0.999259
-0.999259
-0.999259
-0.999259
-0.999259
-0.999259
-0.999259
-0.999259
-0.999259
-0.999259
-0.999259
-0.999259
-0.999259
-0.999259
-0.999259
-0.999259
-0.999259
-0.999259
-0.999259
-0.999259
-0.999259
-0.999259
-0.999259
-0.999259


0.00607318
0.00607318
0.00759911
0.00759911
0.00137333
0.00137333
0.00137333
0.00137333
0.00137333
0.0122379
0.0122379
0.0122379
0.0122379
0.0122379
0.0122379
0.0122379
0.0122379
0.00460829
0.00460829
0.000762963
0.000762963
0.000762963
0.000762963
0.000762963
0.000762963
0.000762963
0.000762963
0.000762963
-0.00119022
0.00607318

0.024

