-0.0548831
-0.0548831
-0.0548831
-0.0548831
-0.0584901
-0.0584901
-0.0584901
-0.0584901
-0.0584901
-0.0584901
-0.0584901
-0.0825581
-0.0825581
-0.0825581
-0.0825581
-0.0825581
-0.0825581
-0.0825581
-0.0825581
-0.0825581
-0.0825581
-0.0825581
-0.0825581
-0.0825581
-0.0825581
-0.0825581
-0.115244
-0.115244
-0.115244
-0.115244
-0.115244
-0.115244
-0.115244
-0.115244
-0.120408
-0.120408
-0.154698
-0.154698
-0.154698
-0.154698
-0.154698
-0.154698
-0.154698
-0.154698
-0.154698
-0.154698
-0.159453
-0.177955
-0.177955
-0.177955
-0.20668
-0.20668
-0.20668
-0.20668
-0.20668
-0.20668
-0.20668
-0.20668
-0.20668
-0.20668
-0.20668
-0.20668
-0.269563
-0.269563
-0.269563
-0.269563
-0.269563
-0.269563
-0.269563
-0.269563
-0.269563
-0.269563
-0.269563
-0.269563
-0.269563
-0.269563
-0.269563
-0.269563
-0.270221
-0.270221
-0.270221
-0.270221
-0.270221
-0.270403
-0.285622
-0.285622
-0.285622
-0.285622
-0.285622
-0.285622
-0.285622
-0.285622
-0.293157
-0.293157
-0.293157
-0.293157
-0.293157
-0.293157
-0.318861
-0.318861
-0.318861
-0.318861
-0.318861
-0.318861
-0.318861
-0.318861
-0.335751
-0.335751
-0.335751
-0.335751
-0.335751
-0.335751
-0.356038
-0.356038
-0.356038
-0.356038
-0.356038
-0.356038
-0.373228
-0.388722
-0.388722
-0.388722
-0.388722
-0.388722
-0.388722
-0.388722
-0.388722
-0.388722
-0.388722
-0.388722
-0.388722
-0.388722
-0.388722
-0.388722
-0.388722
-0.388722
-0.388722
-0.388722
-0.388722
-0.388722
-0.393309
-0.393309
-0.393309
-0.393309
-0.393309
-0.393309
-0.393309
-0.393309
-0.393309
-0.393309
-0.393309
-0.393309
-0.393309
-0.393309
-0.393309
-0.393309
-0.393309
-0.393309
-0.409456
-0.409456
-0.409456
-0.409456
-0.444297
-0.444297
-0.444297
-0.444297
-0.444297
-0.444297
-0.444297
-0.444297
-0.453076
-0.453076
-0.453076
-0.453076
-0.453076
-0.453076
-0.453076
-0.453076
-0.453076
-0.453076
-0.453076
-0.484397
-0.484397
-0.484397
-0.484397
-0.484397
-0.484397
-0.484397
-0.484397
-0.484397
-0.484397
-0.495676
-0.526006
-0.526006
-0.526006
-0.526006
-0.526006
-0.526006
-0.526006
-0.526006
-0.526006
-0.526006
-0.526006
-0.526006
-0.526006
-0.526006
-0.526006
-0.526006
-0.526006
-0.526006
-0.526006
-0.526006
-0.526006
-0.526006
-0.526006
-0.526006
-0.526006
-0.526006
-0.526006
-0.526006
-0.526006
-0.526006
-0.526006
-0.526006
-0.526006
-0.526006
-0.526006
-0.534591
-0.542078
-0.542078
-0.542078
-0.542078
-0.542078
-0.542078
-0.542078
-0.542078
-0.542078
-0.542078
-0.542078
-0.542078
-0.542078
-0.542078
-0.546108
-0.546108
-0.546108
-0.546108
-0.546108
-0.546108
-0.546108
-0.546108
-0.546108
-0.546108
-0.546108
-0.546108
-0.585856
-0.585856
-0.585856
-0.585856
-0.585856
-0.585856
-0.585856
-0.585856
-0.585856
-0.585856
-0.585856
-0.585856
-0.585856
-0.585856
-0.599131
-0.599131
-0.599131
-0.622613
-0.622613
-0.622613
-0.622613
-0.622613
-0.622613
-0.622613
-0.658705
-0.658705
-0.658705
-0.658705
-0.658705
-0.658705
-0.658705
-0.662068
-0.662068
-0.670839
-0.670839
-0.670839
-0.670839
-0.670839
-0.670839
-0.670839
-0.670839
-0.670839
-0.670839
-0.670839
-0.670839
-0.670839
-0.670839
-0.670839
-0.670839
-0.670839
-0.670839
-0.670839
-0.670839
-0.672621
-0.672621
-0.672621
-0.672621
-0.6868
-0.692218
-0.692218
-0.692218
-0.692218
-0.692218
-0.692218
-0.692218
-0.692218
-0.692218
-0.692972
-0.692972
-0.692972
-0.695752
-0.695752
-0.695752
-0.695752
-0.695752
-0.695752
-0.695752
-0.695752
-0.695752
-0.695752
-0.695966
-0.696724
-0.723624
-0.723624
-0.723624
-0.723624
-0.723624
-0.723624
-0.723624
-0.753367
-0.753367
-0.753367
-0.753367
-0.753367
-0.753367
-0.753367
-0.753367
-0.753367
-0.753367
-0.753367
-0.753367
-0.755469
-0.755469
-0.755469
-0.755469
-0.755469
-0.755469
-0.755701
-0.755701
-0.757954
-0.757954
-0.757954
-0.757954
-0.757954
-0.757954
-0.757954
-0.757954
-0.757954
-0.757954
-0.757954
-0.757954
-0.757954
-0.757954
-0.757954
-0.757954
-0.757954
-0.757954
-0.757954
-0.757954
-0.757954
-0.757954
-0.757954
-0.757954
-0.757954
-0.757954
-0.757954
-0.784163
-0.784163
-0.784163
-0.784163
-0.784163
-0.784163
-0.784163
-0.784163
-0.784163
-0.784163
-0.784163
-0.784163
-0.784163
-0.786174
-0.786174
-0.786174
-0.786174
-0.786174
-0.786174
-0.786174
-0.786174
-0.786174
-0.786174
-0.786174
-0.786174
-0.786174
-0.786174
-0.786174
-0.786174
-0.786174
-0.786174
-0.786174
-0.786174
-0.786174
-0.787467
-0.787467
-0.787467
-0.787467
-0.787467
-0.787467
-0.787467
-0.787467
-0.787467
-0.787467
-0.811829
-0.811829
-0.811829
-0.811829
-0.811829
-0.811829
-0.811829
-0.811829
-0.811829
-0.811829
-0.818129
-0.818129
-0.818129
-0.818129
-0.818129
-0.818129
-0.818129
-0.818129
-0.818129
-0.818129
-0.818129
-0.818129
-0.818129
-0.818129
-0.818129
-0.818129
-0.818129
-0.818129
-0.818129
-0.818129
-0.818129
-0.818129
-0.845389
-0.845389
-0.845389
-0.845389
-0.845389
-0.845389
-0.845389
-0.845389
-0.845389
-0.845389
-0.845389
-0.845389
-0.845389
-0.845389
-0.845389
-0.845389
-0.845389
-0.845389
-0.845389
-0.845389
-0.845389
-0.845389
-0.847274
-0.847274
-0.847274
-0.874485
-0.874485
-0.874485
-0.874485
-0.874485
-0.874485
-0.874485
-0.874485
-0.874485
-0.874485
-0.874485
-0.874485
-0.874485
-0.874485
-0.874485
-0.874485
-0.874485
-0.874485
-0.874485
-0.874485
-0.874485
-0.874485
-0.874485
-0.874485
-0.874485
-0.879361
-0.879361
-0.897549
-0.897549
-0.901383
-0.901383
-0.901383
-0.901383
-0.901383
-0.901383
-0.901383
-0.901383
-0.901383
-0.901383
-0.901383
-0.905456
-0.905456
-0.905456
-0.905456
-0.905456
-0.905456
-0.905456
-0.905456
-0.905456
-0.905456
-0.905456
-0.905456
-0.905456
-0.905456
-0.905456
-0.905456
-0.905985
-0.905985
-0.905985
-0.905985
-0.905985
-0.905985
-0.905985
-0.905985
-0.905985
-0.905985
-0.905985
-0.905985
-0.905985
-0.905985
-0.905985
-0.905985
-0.905985
-0.905985
-0.905985
-0.905985
-0.905985
-0.910116
-0.910116
-0.910116
-0.910116
-0.910116
-0.910116
-0.910116
-0.910116
-0.910116
-0.910116
-0.910116
-0.910116
-0.910116
-0.910116
-0.910116
-0.910116
-0.910116
-0.911034
-0.911034
-0.911034
-0.911034
-0.911034
-0.911034
-0.911034
-0.911034
-0.911034
-0.911034
-0.911034
-0.911034
-0.911034
-0.911034
-0.911034
-0.911034
-0.912532
-0.912532
-0.912532
-0.91853
-0.91853
-0.91853
-0.92004
-0.92004
-0.92004
-0.92004
-0.92004
-0.92004
-0.92004
-0.92004
-0.92004
-0.92004
-0.92004
-0.92004
-0.92004
-0.923988
-0.923988
-0.923988
-0.92864
-0.92864
-0.92864
-0.92864
-0.92864
-0.931536
-0.931536
-0.931536
-0.931536
-0.931536
-0.931536
-0.931536
-0.931536
-0.931536
-0.931536
-0.931536
-0.933066
-0.933066
-0.933066
-0.936921
-0.936921
-0.936921
-0.936921
-0.936921
-0.936921
-0.936921
-0.936921
-0.936921
-0.936921
-0.936921
-0.936921
-0.937945
-0.937945
-0.937945
-0.937945
-0.937945
-0.937945
-0.937945
-0.940842
-0.940842
-0.940842
-0.940842
-0.940842
-0.940842
-0.940842
-0.940842
-0.940842
-0.940842
-0.940842
-0.942785
-0.942785
-0.942785
-0.942785
-0.942785
-0.942785
-0.942785
-0.942785
-0.942857
-0.942857
-0.942857
-0.951309
-0.951309
-0.951309
-0.951309
-0.951309
-0.951309
-0.951309
-0.951309
-0.951309
-0.951309
-0.951309
-0.951309
-0.951309
-0.951309
-0.951309
-0.951309
-0.951309
-0.951309
-0.951309
-0.951309
-0.951309
-0.951309
-0.951864
-0.951864
-0.951864
-0.951864
-0.951864
-0.951864
-0.951864
-0.951864
-0.953178
-0.953178
-0.953273
-0.953273
-0.953902
-0.953902
-0.953902
-0.953902
-0.953902
-0.955872
-0.955872
-0.955872
-0.955872
-0.955872
-0.955872
-0.955872
-0.955872
-0.955872
-0.955872
-0.956761
-0.956761
-0.956761
-0.956761
-0.956761
-0.956761
-0.958893
-0.958893
-0.958893
-0.958893
-0.958893
-0.958893
-0.958893
-0.958893
-0.958893
-0.958893
-0.958893
-0.958893
-0.958893
-0.958893
-0.958893
-0.958893
-0.958925
-0.958925
-0.958925
-0.958925
-0.958925
-0.958978
-0.958978
-0.958978
-0.958978
-0.958978
-0.958978
-0.958978
-0.960449
-0.960449
-0.960449
-0.960449
-0.960449
-0.960449
-0.961365
-0.961365
-0.961365
-0.961365
-0.961365
-0.961365
-0.961365
-0.961365
-0.961365
-0.961365
-0.96271
-0.96271
-0.96282
-0.96282
-0.96282
-0.96282
-0.96282
-0.96282
-0.964829
-0.966204
-0.966204
-0.966204
-0.966204
-0.966204
-0.966236
-0.966236
-0.966236
-0.966236
-0.966236
-0.966236
-0.966236
-0.966236
-0.966236
-0.966236
-0.966236
-0.966236
-0.966236
-0.966236
-0.966236
-0.966236
-0.966236
-0.967179
-0.967179
-0.967179
-0.967179
-0.967179
-0.967179
-0.967179
-0.967179
-0.967211
-0.967211
-0.967211
-0.967211
-0.967211
-0.967211
-0.967211
-0.967211
-0.967211
-0.967211
-0.967211
-0.967211
-0.967719
-0.967719
-0.967719
-0.967719
-0.967719
-0.969184
-0.969184
-0.969184
-0.970129
-0.970129
-0.970129
-0.970129
-0.970129
-0.970129
-0.970129
-0.970129
-0.970129
-0.970129
-0.970129
-0.970129
-0.970129
-0.970161
-0.970161
-0.970161
-0.970161
-0.970161
-0.970161
-0.970335
-0.970335
-0.970496
-0.970496
-0.970496
-0.970496
-0.970496
-0.970496
-0.970496
-0.970496
-0.970496
-0.970496
-0.970496
-0.970496
-0.970496
-0.970496
-0.970496
-0.970496
-0.970496
-0.970496
-0.970496
-0.970496
-0.970496
-0.970496
-0.970496
-0.970496
-0.971373
-0.971373
-0.971373
-0.971373
-0.971373
-0.971405
-0.971405
-0.971405
-0.971405
-0.971405
-0.971405
-0.971405
-0.971405
-0.971405
-0.971405
-0.971703
-0.973589
-0.973589
-0.973589
-0.973589
-0.973589
-0.973589
-0.973589
-0.973589
-0.973589
-0.973589
-0.973589
-0.973589
-0.973589
-0.973589
-0.973589
-0.973589
-0.973589
-0.975063
-0.975099
-0.975099
-0.975099
-0.975099
-0.975099
-0.975099
-0.975099
-0.975099
-0.975099
-0.975099
-0.975099
-0.975099
-0.975099
-0.977273
-0.977273
-0.977273
-0.977273
-0.977273
-0.977273
-0.977273
-0.977273
-0.977273
-0.977273
-0.977273
-0.977273
-0.977273
-0.977273
-0.977273
-0.977273
-0.977273
-0.977273
-0.977273
-0.977273
-0.977273
-0.977273
-0.977273
-0.977273
-0.977273
-0.977273
-0.977273
-0.977273
-0.977273
-0.977273
-0.977273
-0.977273
-0.977273
-0.977273
-0.977273
-0.977273
-0.977273
-0.977273
-0.977273
-0.977273
-0.977273
-0.977273
-0.977273
-0.977273
-0.977273
-0.978279
-0.978279
-0.978279
-0.978279
-0.978279
-0.978279
-0.978753
-0.978753
-0.978753
-0.978753
-0.978753
-0.978753
-0.978753
-0.978753
-0.978753
-0.978753
-0.978753
-0.978753
-0.978753
-0.978753
-0.978753
-0.978753
-0.978753
-0.978753
-0.978753
-0.978753
-0.978822
-0.978822
-0.978822
-0.979296
-0.979296
-0.979296
-0.979296
-0.979296
-0.979296
-0.979296
-0.979296
-0.979296
-0.979296
-0.979296
-0.980799
-0.980799
-0.980799
-0.980799
-0.980799
-0.980799
-0.982214
-0.982214
-0.982214
-0.982214
-0.982214
-0.982284
-0.982284
-0.982284
-0.982284
-0.982284
-0.982284
-0.982284
-0.982284
-0.982284
-0.982284
-0.982284
-0.982284
-0.982284
-0.982284
-0.982284
-0.982284
-0.982284
-0.982284
-0.982284
-0.982284
-0.982284
-0.982284
-0.982284
-0.982284
-0.982284
-0.982284
-0.982284
-0.982284
-0.982284
-0.982284
-0.982284
-0.982284
-0.982284
-0.982284
-0.982284
-0.982284
-0.982284
-0.982284
-0.982284
-0.982284
-0.982284
-0.982284
-0.982284
-0.982284
-0.982284
-0.982284
-0.982284
-0.982284
-0.982284
-0.982284
-0.982284
-0.982284
-0.982284
-0.982284
-0.982284
-0.982284
-0.982284
-0.982284
-0.982284
-0.982284
-0.982284
-0.982284
-0.982284
-0.982284
-0.982284
-0.982284
-0.982284
-0.982284
-0.986354
-0.986354
-0.986354
-0.986354
-0.986354
-0.986354
-0.986354
-0.986354
-0.986354
-0.986354
-0.986354
-0.986354
-0.986354
-0.986354
-0.986354
-0.986354
-0.986354
-0.986354
-0.986354
-0.986354
-0.986354
-0.986354
-0.989673
-0.989673
-0.989673
-0.989673
-0.989673
-0.989673
-0.989673
-0.989673
-0.989673
-0.989673
-0.989673
-0.989673
-0.989673
-0.989673
-0.989673
-0.989673
-0.989673
-0.989673
-0.989673
-0.989673
-0.989673
-0.989673
-0.989673
-0.989673
-0.989673
-0.989673
-0.989673
-0.989673
-0.989673
-0.989743
-0.989743
-0.989743
-0.989743
-0.989743
-0.989743
-0.989743
-0.989743
-0.989743
-0.989743
-0.989743
-0.989743
-0.989743
-0.989743
-0.989746
-0.989763
-0.989763
-0.989763
-0.989763
-0.989763
-0.989763
-0.989763
-0.989763
-0.989763
-0.989763
-0.989763
-0.989763
-0.989763
-0.989763
-0.989763
-0.989763
-0.989763
-0.989763
-0.989763
-0.989763
-0.989763
-0.989763
-0.989763
-0.989763
-0.989763
-0.989763
-0.989763
-0.989763
-0.989763
-0.989763
-0.989763
-0.989763
-0.989763
-0.989763
-0.989763
-0.989763
-0.989763
-0.989763
-0.989763
-0.989763
-0.989763
-0.989763
-0.989763
-0.989763
-0.989763
-0.989763
-0.989763
-0.989763
-0.989763
-0.989763
-0.989763
-0.989763
-0.989763
-0.989763
-0.989763
-0.989763
-0.989763
-0.989763
-0.99001
-0.99001
-0.99001
-0.99001
-0.99001
-0.99001
-0.99001
-0.99001
-0.99001
-0.99001
-0.99001
-0.99001
-0.99001
-0.99001
-0.99001
-0.99001
-0.99001
-0.99001
-0.99001
-0.99001
-0.99001
-0.99001
-0.99001
-0.99001
-0.99001
-0.99001
-0.99001
-0.99001
-0.99154
-0.99154
-0.99154
-0.99154
-0.99154
-0.99154
-0.99154
-0.99154
-0.99154
-0.99154
-0.99154
-0.99154
-0.99154
-0.99154
-0.99154
-0.99154
-0.99191
-0.99191
-0.99191
-0.99191
-0.99191
-0.991999
-0.991999
-0.991999
-0.991999
-0.991999
-0.991999
-0.991999
-0.991999
-0.991999
-0.991999
-0.991999
-0.991999
-0.991999
-0.991999
-0.991999
-0.991999
-0.991999
-0.991999
-0.991999
-0.991999
-0.991999
-0.991999
-0.991999
-0.991999
-0.991999
-0.991999
-0.991999
-0.991999
-0.991999
-0.991999
-0.991999
-0.991999
-0.991999
-0.991999
-0.991999
-0.991999
-0.991999
-0.991999
-0.991999
-0.991999
-0.991999
-0.991999
-0.991999
-0.993787
-0.993787
-0.993787
-0.993787
-0.993787
-0.993787
-0.993787
-0.993787
-0.993787
-0.993914
-0.993914
-0.993914
-0.993914
-0.993914
-0.993914
-0.993914
-0.993914
-0.993914
-0.993915
-0.993915
-0.993915
-0.993915
-0.995707
-0.995707
-0.995707
-0.995707
-0.995707
-0.995707
-0.995707
-0.995707
-0.995707
-0.995707
-0.995707
-0.995707
-0.995707
-0.995707
-0.995707
-0.995707
-0.995707
-0.995707
-0.995707
-0.995707
-0.995834
-0.995834
-0.995834
-0.995834
-0.995834
-0.995834
-0.995834
-0.995834
-0.995834
-0.995834
-0.995834
-0.995834
-0.995834
-0.995834
-0.995834
-0.995834
-0.995834
-0.995834
-0.995834
-0.995834
-0.995834
-0.995834
-0.995834
-0.995834
-0.995834
-0.995933
-0.995933
-0.995933
-0.996003
-0.996003
-0.996003
-0.996003
-0.996003
-0.996003
-0.996003
-0.996003
-0.996003
-0.996003
-0.996003
-0.996003
-0.996003
-0.996032
-0.996032
-0.996032
-0.996032
-0.996032
-0.996032
-0.996032
-0.996032
-0.996032
-0.996032
-0.996032
-0.996255
-0.996283
-0.997828
-0.997828
-0.997828
-0.997828
-0.997828
-0.997828
-0.997828
-0.998079
-0.998079
-0.998079
-0.998079
-0.998079
-0.998079
-0.998079
-0.998079
-0.998079
-0.998079
-0.998079
-0.998079
-0.998079
-0.998079
-0.998079
-0.998079
-0.998079
-0.998079
-0.998079
-0.998079
-0.998079
-0.998079
-0.998079
-0.998079
-0.998079
-0.998079
-0.998079
-0.998079
-0.998079
-0.998079
-0.998079
-0.998079
-0.998079
-0.998079
-0.998079
-0.998079
-0.998079
-0.998079
-0.998079
-0.998079
-0.998079
-0.998079
-0.998079
-0.998079
-0.998079
-0.998079
-0.998079
-0.998079
-0.998079
-0.998079
-0.998079
-0.998079
-0.998079
-0.998079
-0.998079
-0.998079
-0.998079
-0.998079
-0.998079
-0.998079
-0.998079
-0.998079
-0.998079
-0.998079
-0.998079
-0.998079
-0.998079
-0.998079
-0.998079
-0.998079
-0.998079
-0.998079
-0.998079
-0.998079
-0.998079
-0.998079
-0.998079
-0.998079
-0.998079
-0.998079
-0.998079
-0.998079
-0.998079
-0.998079
-0.998079
-0.998079
-0.998079
-0.998079
-0.998079
-0.998079
-0.998079
-0.998079
-0.998079
-0.998079
-0.998079
-0.998079
-0.998079
-0.998079
-0.998079
-0.998079
-0.998079
-0.998079
-0.998079
-0.998079
-0.998079
-0.998079
-0.998079
-0.998079
-0.998079
-0.998079
-0.998079
-0.998079
-0.998079
-0.998079
-0.998079
-0.998079
-0.998079
-0.998079
-0.998079
-0.998079
-0.998079
-0.998079
-0.998079
-0.998079
-0.998079
-0.998079
-0.998079
-0.998079
-0.998079
-0.998079
-0.998079
-0.998079
-0.998079
-0.99808
-0.99808
-0.99808
-0.99808
-0.99808
-0.99808
-0.99808
-0.99808
-0.99808
-0.99808
-0.99808
-0.99808
-0.998169
-0.998169
-0.998169
-0.998169
-0.998169
-0.998169
-0.998169
-0.998169
-0.998169
-0.998169
-0.998169
-0.998169
-0.998169
-0.998169
-0.998169
-0.998169
-0.998169
-0.998169
-0.998169
-0.998169
-0.998169
-0.998169
-0.998169
-0.998169
-0.998169
-0.998169
-0.998169
-0.998169
-0.998169
-0.998169
-0.998169
-0.998169
-0.998169
-0.998169
-0.998169
-0.998169
-0.998169
-0.998169
-0.998169
-0.998169
-0.998169
-0.998169
-0.998169
-0.998169
-0.998169
-0.998169
-0.998169
-0.998169
-0.998169
-0.998169
-0.998169
-0.998169
-0.998169
-0.998169
-0.998169
-0.998169
-0.998169
-0.998169
-0.998169
-0.998169
-0.998169
-0.998169
-0.998169
-0.998169
-0.998169
-0.998169
-0.998169
-0.998169
-0.998169
-0.998169
-0.998169
-0.998169
-0.998169
-0.998169
-0.998169
-0.998169
-0.998169
-0.998169
-0.998169
-0.998169
-0.998169
-0.998169
-0.998169
-0.998169
-0.998169
-0.998169
-0.998169
-0.998169
-0.998169
-0.998169
-0.998169
-0.998169
-0.998169
-0.998183
-0.998183
-0.998183
-0.998183
-0.998183
-0.998183
-0.998183
-0.998183
-0.998183
-0.998183
-0.998183
-0.998183
-0.998183
-0.998183
-0.998183
-0.998183
-0.998183
-0.998258
-0.998258
-0.998258
-0.998258
-0.998258
-0.998258
-0.998258
-0.998258
-0.998258
-0.998258
-0.998258
-0.998258
-0.998258
-0.998258
-0.998329
-0.998329
-0.998329
-0.998329
-0.998329
-0.998329
-0.998329
-0.998329
-0.998329
-0.998329
-0.998329
-0.998329
-0.998329
-0.998329
-0.998329
-0.998329
-0.998329
-0.998329
-0.998329
-0.998329
-0.998329
-0.998329
-0.998329
-0.998329
-0.998329
-0.998329
-0.998329
-0.998329
-0.998329
-0.99833
-0.99833
-0.99833
-0.99833
-0.99833
-0.99833
-0.99833
-0.99833
-0.9984
-0.9984
-0.9984
-0.9984
-0.9984
-0.998434
-0.998434
-0.998434
-0.998434
-0.998434
-0.998434
-0.998434
-0.99846
-0.99846
-0.99846
-0.99846
-0.99846
-0.99846
-0.99846
-0.99846
-0.99846
-0.998494
-0.998494
-0.998494
-0.998564
-0.998564
-0.998564
-0.998564
-0.998564
-0.998654
-0.998654
-0.998654
-0.998654
-0.998654
-0.998654
-0.998654
-0.998654
-0.998654
-0.998654
-0.998654
-0.998654
-0.998654
-0.998654
-0.998654
-0.998654
-0.998654
-0.998654
-0.998654
-0.998654
-0.998654
-0.998654
-0.998654
-0.998654
-0.998654
-0.998654
-0.998654
-0.998654
-0.998654
-0.998654
-0.998654
-0.998654
-0.998693
-0.998693
-0.998693
-0.998693
-0.998693
-0.998693
-0.998693
-0.998693
-0.998693
-0.998729
-0.998729
-0.998729
-0.998729
-0.998729
-0.998729
-0.998729
-0.998729
-0.998729
-0.998729
-0.998729
-0.998729
-0.998729
-0.998729
-0.998729
-0.998729
-0.998729
-0.998729
-0.998768
-0.998768
-0.998768
-0.998768
-0.998768
-0.998768
-0.998768
-0.998768
-0.998768
-0.998768
-0.998768
-0.998768
-0.998768
-0.998768
-0.998768
-0.998768
-0.998768
-0.998768
-0.998768
-0.998768
-0.998768
-0.998768
-0.998768
-0.998768
-0.998768
-0.998768
-0.998768
-0.998768
-0.998768
-0.998768
-0.998768
-0.998768
-0.998768
-0.998768
-0.998768
-0.998768
-0.998768
-0.998768
-0.998768
-0.998842
-0.998842
-0.998842
-0.998842
-0.998842
-0.998842
-0.998842
-0.998842
-0.998842
-0.998842
-0.998843
-0.998843
-0.998843
-0.998843
-0.998843
-0.998843
-0.998843
-0.998843
-0.998843
-0.998843
-0.998843
-0.998843
-0.998843
-0.998843
-0.998843
-0.999094
-0.999094
-0.999095
-0.999095
-0.999095
-0.999095
-0.999095
-0.999095
-0.999095
-0.999095
-0.999095
-0.999095
-0.999095
-0.999095
-0.999095
-0.999095
-0.999095
-0.999095
-0.999095
-0.999095
-0.999095
-0.999095
-0.999095
-0.999095
-0.999095
-0.999095
-0.999095
-0.999095
-0.999095
-0.999095
-0.999095
-0.999095
-0.999095
-0.999095
-0.999095
-0.999095
-0.999095
-0.999095
-0.999095
-0.999095
-0.999095
-0.999095
-0.999095
-0.999095
-0.999095
-0.999095
-0.999095
-0.999095
-0.999095
-0.999095
-0.999095
-0.999095
-0.999095
-0.999095
-0.999095
-0.999095
-0.999095
-0.999095
-0.999095
-0.999095
-0.999095
-0.999095
-0.999095
-0.999095
-0.999095
-0.999095
-0.999095
-0.999095
-0.999095
-0.999095
-0.999095
-0.999095
-0.999095
-0.999095
-0.999095
-0.999095
-0.999095
-0.999095
-0.999095
-0.999095
-0.999095
-0.999095
-0.999095
-0.999095
-0.999095
-0.999095
-0.999095
-0.999095
-0.999095
-0.999095
-0.999095
-0.999095
-0.999095
-0.999095
-0.999095
-0.999095
-0.999095
-0.999095
-0.999095
-0.999095
-0.999095
-0.999095
-0.999095
-0.999095
-0.999095
-0.999095
-0.999095
-0.999095
-0.999095
-0.999095
-0.999095
-0.999095
-0.999095
-0.999095
-0.999095
-0.999095
-0.999095
-0.999095
-0.999095
-0.999095
-0.999095
-0.999095
-0.999095
-0.999095
-0.999095
-0.999095


0.00143437
-0.000824
-0.000824
0.00143437
0.00143437
0.00143437
0.00143437
0.00143437
0.00143437
0.00894192
0.00894192
9.15555e-05
9.15555e-05
9.15555e-05
9.15555e-05
-0.00100711
-0.00283822
-0.00283822
-0.00283822
-0.00283822
-0.00283822
-0.0122379
-0.0122379
0.0146794
0.0146794
0.0146794
0.0146794
0.0146794
0.0146794
0.00143437

0.022

