2.53101e+06
1.28477e+06
1.28477e+06
1.06999e+06
1.06999e+06
1.06999e+06
4.28847e+06
1.71608e+06
1.71608e+06
9.25454e+06
107727
2.4911e+06
1.40029e+07
5.62804e+06
931035
931035
2.82173e+08
2.82173e+08
3.16401e+08
4.26483e+06
4.26483e+06
3.16401e+08
3.16401e+08
3.16401e+08
3.16401e+08
2.4815e+06
142053
516513
516513
516513
34643
8.93616e+07
1.29412e+07
244032
1.57505e+06
1.57505e+06
1.57505e+06
1.01197e+08
1.01197e+08
2.95754e+08
1.31163e+07
3.52559e+09
3.52559e+09
4.87887e+09
4.43617e+07
198196
2.51938e+06
7.18801e+06
7.18801e+06
7.18801e+06
7.18801e+06
7.18801e+06
7.18801e+06
7.18801e+06
7.18801e+06
7.18801e+06
7.18801e+06
5.47484e+07
5.47484e+07
2.91368e+09
4.64159e+09
4.58782e+09
4.58782e+09
4.58782e+09
5.72773e+06
3.87379e+08
1.74248e+09
2.94193e+09
2.22091e+09
2.22091e+09
1.98445e+09
2.06254e+08
5.27869e+09
3.79734e+09
3.79734e+09
3.79734e+09
2.39384e+09
2.39384e+09
4.82489e+07
809872
809872
809872
7.09509e+07
692853
16679.4
16679.4
16679.4
7.09509e+07
6.95592e+06
6.95592e+06
82239.9
3.21725e+06
3.21725e+06
12594.3
2.71157e+06
2.71157e+06
4.35719e+06
6.84123e+07
2.5472e+07
3.19851e+07
5.24756e+06
965069
965069
965069
1160.99
1160.99
1160.99
680484
680484
680484
680484
680484
3.95354e+07
3.95354e+07
3.95354e+07
3.95354e+07
3.99422e+08
1.03e+09
1.0882e+09
1.0882e+09
6.89299e+08
6.89299e+08
8.05929e+08
8.05929e+08
8.05929e+08
2.05036e+07
397864
1.18038e+07
1.57912e+08
1.57912e+08
1.57912e+08
1.57912e+08
5.34302e+07
5.34302e+07
3.41083e+07
2.30034e+08
1.02485e+09
1.64427e+09
1.64427e+09
1.64427e+09
1.64427e+09
1.3046e+09
2.47867e+08
2.80589e+08
7.98482e+07
7.98482e+07
7.98482e+07
7.98482e+07
7.81923e+08
1.47235e+08
7.81923e+08
7.81923e+08
945192
945192
3.47379e+08
4.57218e+08
33748
33748
123161
241755
241755
6.7517e+06
6.7517e+06
6.7517e+06
1.77869e+06
1.77869e+06
79407.9
79407.9
79407.9
19203.4
19203.4
198386
597.066
675.892
675.892
4.09605e+06
4.09605e+06
6.01464e+07
959331
959331
959331
2.72883e+06
2.72883e+06
274316
274316
274316
4.52268e+08
1.03607e+09
5.3587e+08
212924
5620.39
5620.39
5620.39
1.58319e+09
425375
425375
425375
993.749
993.749
6.53139e+07
6.27324e+07
6.27324e+07
4.53509e+07
8636.32
1464.44
76210.2
76210.2
413.493
1.28603e+07
189167
189167
189167
73552.3
2.2479e+06
1.06316e+08
2.10932e+08
1.76629e+08
1.15798e+09
1.39617e+09
1.88426e+09
1.88426e+09
1.88426e+09
1.1701e+09
1.67385e+09
1.1016e+09
5.10635e+07
3.4982e+07
3.4982e+07
6.93802e+07
1.15448e+08
1.15448e+08
6.91638e+07
1.09031e+08
1.09031e+08
1.09031e+08
1.09031e+08
1.3802e+08
1.3802e+08
1.3802e+08
4.25517e+08
2.6082e+09
2.6082e+09
2.6082e+09
9.85824e+08
9.85824e+08
1650.3
25188.5
9.07052e+06
9.07052e+06
4.82842e+08
4.82842e+08
4.82842e+08
4.82842e+08
40317.6
40317.6
40317.6
40317.6
40317.6
5363.39
4036.18
2.04856e+06
412.965
11071
1.69396e+07
3.16261e+06
3.16261e+06
3.16261e+06
5.38727e+06
5.51897e+06
5.51897e+06
5.51897e+06
4.90316e+07
4.90316e+07
1.64143e+09
9.63596e+07
9.63596e+07
9.63596e+07
2.73726e+07
3.9437e+08
2.08465e+09
2.08465e+09
282288
490853
4.16872e+06
4.16872e+06
4.80934e+06
4.80934e+06
4.80934e+06
5.49503e+08
2.99272e+08
2.99272e+08
2.99272e+08
2.99272e+08
2.79951e+08
2.79951e+08
4.04973e+08
540.464
30293.5
30293.5
12599.6
12599.6
12599.6
408000
15461.2
15461.2
4.35736e+06
51207.5
51207.5
647046
1.16845e+08
9.33572e+06
1.68743e+07
3178.28
3178.28
3178.28
3178.28
3178.28
65380.4
6.64589e+06
1.60472e+07
953033
1.38934e+07
1.38934e+07
1.38934e+07
1.37701e+07
5.44277e+06
5.44277e+06
6.05297e+06
815586
815586
1.14969e+06
6973.41
6973.41
6.55865e+07
530.226
530.226
530.226
8.33992e+07
4.16814e+07
4.16814e+07
4.08686e+07
1.72667e+07
1.72667e+07
997627
997627
997627
997627
997627
6.61508e+06
6.61508e+06
531001
1.14998e+08
1.35478e+06
1.35478e+06
1.35478e+06
1.35478e+06
1.35478e+06
1.35478e+06
1.35478e+06
1.45885e+06
1.45885e+06
1.45885e+06
1.45885e+06
6.99119e+06
6.87407e+06
6.87407e+06
6.87407e+06
6.87407e+06
1.88855e+07
1.88855e+07
6.43234e+07
1.88525e+08
1.88525e+08
1.88525e+08
3621.55
3621.55
3621.55
720454
114283
19005.2
19005.2
19005.2
206647
206647
206647
1.06054e+06
1.06054e+06
70877
5.25838e+06
5.25838e+06
3.58554e+08
6.67799e+08
6.67799e+08
4.91881e+08
1.3033e+08
1.3033e+08
1.8108e+07
1.66181e+08
1.66181e+08
4.34117e+08
4.34117e+08
9.23155e+08
1.43143e+09
1.43143e+09
5.13954e+09
5.13954e+09
8.68791e+09
8.68791e+09
8.68791e+09
5.77531e+09
9.73631e+08
1.09438e+09
1.09438e+09
5.77531e+09
1.2338e+09
1.2338e+09
5.77531e+09
5.77531e+09
6.67965e+09
5.3412e+09
2.88735e+07
2.93324e+07
1.15638e+09
1.39102e+09
2.3254e+09
2.3254e+09
5.36884e+09
5.36884e+09
2.35638e+07
2.35638e+07
2.35638e+07
2.35638e+07
2.35638e+07
2.35638e+07
2.87936e+07
7.0238e+06
7.0238e+06
7.0238e+06
7.0238e+06
7.0238e+06
4.60207e+06
1.36866e+06
4.6438e+06
9.06566e+07
1.31769e+08
1.66543e+09
1.66543e+09
1.66543e+09
1.66543e+09
1.66543e+09
1.66543e+09
1.66543e+09
1.66543e+09
3.88606e+09
7.82814e+08
1.01253e+09
1.01253e+09
1.09375e+09
1.3708e+09
6222.74
6222.74
191000
1.38411e+07
1.38411e+07
1.38991e+06
7.21762e+06
81070.8
829464
5.75039e+06
877018
877018
877018
1.28628e+06
5.19572e+06
8.27898e+06
3.17792e+07
1.10047e+07
3.22389e+07
3.22389e+07
7.60178e+08
7.60178e+08
7.60178e+08
7.60178e+08
1.374e+08
4.45099e+08
2.0358e+09
2.0358e+09
2.0358e+09
4.34941e+08
4.34941e+08
4.34941e+08
3.85493e+09
3.85493e+09
2.43692e+09
2.43692e+09
2.43692e+09
2.42413e+09
2.42413e+09
2.42413e+09
2.42413e+09
6.35178e+09
6.35178e+09
3.55925e+08
3.99005e+08
4.60625e+08
5.41942e+08
5.41942e+08
5.41942e+08
5.26376e+07
5.26376e+07
5.26376e+07
9.45209e+07
5.3784e+09
1.04378e+09
3.73971e+08
3.73971e+08
5.30368e+08
5.30368e+08
1.3288e+09
1.3288e+09
1.7966e+08
139005
139005
2.15264e+06
1.57918e+06
1.57918e+06
35809.1
35809.1
35809.1
35809.1
2.58355e+07
3.38437e+07
3.38437e+07
3.38437e+07
91578
107245
153309
153309
153309
153309
494.361
3434.07
4.24697e+07
4.24697e+07
1.09055e+09
3.03766e+09
9.07272e+08
2.69614e+09
1.2299e+09
1.2299e+09
4.49129e+07
4.49129e+07
4.32377e+07
4.32377e+07
4.32377e+07
4.32377e+07
4.32377e+07
1.75592e+08
3.27803e+08
3.27803e+08
3.27803e+08
9.30879e+08
9.6483e+08
1.21105e+09
1.21105e+09
3.93321e+09
1.11317e+10
1.22539e+07
1.22539e+07
2.14173e+08
1.72755e+09
2.24531e+07
4.1087e+07
4.1087e+07
4.1087e+07
4.1087e+07
968.406
318555
1.39458e+07
1.39458e+07
1.39458e+07
1.39458e+07
6.01187e+08
1.91613e+09
1.91613e+09
1.81135e+09
1.99263e+09
1.1833e+06
1.1833e+06
592951
592951
592951
20496.9
20496.9
6.19471e+08
6.19471e+08
678.825
678.825
1842.2
649.137
101770
101770
924002
4.27903e+07
3791.63
792759
170309
3.71407e+06
6.31705e+06
2.64493e+08
7.38838e+08
6.04597e+08
6.04597e+08
1.8516e+08
6.05357e+08
6.05357e+08
6.38498e+08
6.38498e+08
6.38498e+08
6.38498e+08
1.58202e+07
407317
2.39823e+07
1.03206e+08
2.93005e+08
1.83496e+08
1.27056e+06
1.23854e+07
1.23854e+07
1.54094e+07
4.83228e+06
4.83228e+06
1.53141e+07
1.53141e+07
1.53141e+07
72515.7
117534
117534
1420.8
65392.9
3.7615e+06
3.7615e+06
7.24769e+07
7.24769e+07
1.88625e+07
1.50684e+08
1.50684e+08
1.50684e+08
1.50684e+08
1.50684e+08
5.22777e+08
1.38296e+08
8.22057e+07
7.58562e+07
7.58562e+07
100911
100911
100911
100911
1.84215e+08
1.84215e+08
3.68082e+08
1.25301e+09
6.67776e+06
3.08044e+07
2.00541e+07
1.4444e+07
1.4444e+07
1.4444e+07
2.43136e+07
2.43136e+07
2.43136e+07
3.56041e+08
3.56041e+08
99999.2
99999.2
2.13382e+06
2.13382e+06
2.13382e+06
382348
7.56444e+07
7.08441e+07
8.94255e+07
2.61798e+08
4.24179e+08
1.39819e+06
177949
177949
105573
105573
158188
9.04552e+06
9.04552e+06
9.04552e+06
9.04552e+06
2.90464e+07
2.90464e+07
2.05238e+07
789166
789166
2.63001e+06
2.63001e+06
725.712
988.569
658.098
658.098
421161
421161
1.89548e+06
1.89548e+06
1.89548e+06
1.89548e+06
2.21932e+07
2.21932e+07
2.68144e+07
2.68144e+07
2.68144e+07
2.36882e+07
2.36882e+07
6.47909e+08
6.47909e+08
6.47909e+08
6.47909e+08
6.47909e+08
2.9394e+09
2.9394e+09
2.9394e+09
1.41257e+09
2.25367e+08
4105.71
1.14853e+06
1.14853e+06
2.2152e+06
2.2152e+06
2.2152e+06
2.2152e+06
2.2152e+06
3.05276e+08
3.05276e+08
3.05276e+08
1.41257e+09
2.62998e+09
1.08619e+09
1.08619e+09
3.31487e+09
3.31487e+09
2.30356e+08
1.46069e+09
3.22849e+09
3.22849e+09
3.22849e+09
3.22849e+09
3.22849e+09
3.22849e+09
3.22849e+09
3.22849e+09
1.81716e+09
1.81716e+09
5.91024e+08
1.76904e+08
1.76904e+08
1.91287e+09
1.91287e+09
1.91287e+09
1.07014e+08
9.51339e+06
2.01799e+07
3.61208e+07
1.34358e+09
1.34358e+09
1.12212e+10
1.12212e+10
1.12212e+10
1.12212e+10
6.59807e+09
6.59807e+09
6.59807e+09
1.12212e+10
1.12212e+10
1.12212e+10
1.12212e+10
1.12212e+10
9.74135e+09
4.43409e+09
6.60301e+09
6.60301e+09
2.53412e+09
2.53412e+09
5.21974e+08
4.0456e+08
4.0456e+08
12100.5
8.83954e+06
3.1421e+07
1.03545e+08
35887
35887
8741.9
519762
1.97306e+06
1.97306e+06
1.97306e+06
1.97306e+06
1.97306e+06
5.47778e+07
5.47778e+07
2.96651e+08
2.96651e+08
6048.55
2.89859e+07
2.89859e+07
2.89859e+07
2.89859e+07
6.9116e+07
1.32047e+09
1.32047e+09
1.90926e+08
1.86391e+08
1.86391e+08
187720
187720
4.54281e+07
1.48611e+09
1.66932e+09
1.66932e+09
1.66932e+09
2.58101e+09
4.64561e+08
1.06608e+10
1.06608e+10
7.35634e+09
2.28003e+09
2.28003e+09
2.28003e+09
6.0543e+09
6.0543e+09
1.6793e+09
1.6793e+09
1.6793e+09
1.6793e+09
5.30957e+09
4.4314e+09
4.4314e+09
3.96994e+09
3.63391e+07
3.63391e+07
3.63391e+07
2.91313e+08
9.21832e+08
9.21832e+08
3.06919e+09
3.06919e+09
1.70366e+09
3.06919e+09
6.41047e+08
5.93989e+08
5.93989e+08
5.93989e+08
3.50765e+08
8.79203e+07
8.79203e+07
7.88614e+07
7.88614e+07
3.15468e+08
2.42027e+08
1.32174e+06
468721
3.66495e+06
3.66495e+06
1218.61
2.0739e+06
2.0739e+06
2.29131e+07
1.88446e+07
1.88446e+07
5.50455e+07
1.28237e+08
1.28237e+08
5.45191e+08
4.35634e+08
4.35634e+08
9.44168e+09
9.44168e+09
7.00941e+09
2.33702e+09
7.00941e+09
7.00941e+09
9.41691e+09
8.59708e+09
8.59708e+09
5.46945e+09
5.46945e+09
5.46945e+09
3.63e+08
3.63e+08
2.21645e+06
8.20981e+07
1.73844e+09
1.04889e+09
1.04889e+09
1.04889e+09
1.04889e+09
5.72722e+08
2.52567e+08
3.22732e+08
3.22732e+08
3.22732e+08
3.22732e+08
3.22732e+08
8.01022e+07
6.01286e+08
1.08335e+07
1.08335e+07
1.08335e+07
1.08335e+07
1.08335e+07
1.08335e+07
6.34727e+07
1.57389e+08
1.57389e+08
1.57389e+08
1.47185e+09
9.22679e+09
9.78788e+09
9.78788e+09
3.90911e+09
1.1625e+10
1.1625e+10
1.1625e+10
1.34768e+10
1.34768e+10
1.44764e+09
5.06985e+09
5.06985e+09
5.06985e+09
8.51081e+09
8.51081e+09
8.51081e+09
2.70576e+09
1.39028e+09
5.12217e+08
5.12217e+08
1.12792e+08
1.16272e+07
8.87404e+06
8.87404e+06
1.04465e+08
1.04465e+08
1.04465e+08
1.41552e+09
1.41552e+09
1.41552e+09
1.41552e+09
1.37189e+09
1.07547e+09
1.94671e+08
1.94671e+08
1.94671e+08
1.94671e+08
1.94671e+08
2.79721e+08
2.79721e+08
5.79596e+09
5.79596e+09
1.19266e+09
5.47914e+08
5.47914e+08
7.84714e+08
5.60851e+09
5.70952e+09
9.4817e+09
1.75972e+10
1.75972e+10
8.25237e+09
8.25237e+09
8.25237e+09
8.25237e+09
8.25237e+09
8.25237e+09
7.99206e+08
5.51942e+08
3.52326e+08
3.52326e+08
2.39947e+08
1.68483e+09
3.5528e+08
4.03691e+08
4.03691e+08
3.09314e+08
5.19068e+08
3.60641e+08
3.60641e+08
3.60641e+08
3.60641e+08
3.60641e+08
2.57418e+08
1.06525e+09
8.25237e+09
2.01231e+10
2.21343e+10
2.21343e+10
2.21343e+10
2.44395e+09
2.21343e+10
1.24727e+10
2.21343e+10
2.32511e+10
2.32511e+10
9.77179e+09
9.77179e+09
9.122e+09
9.122e+09
4.98632e+08
8.45281e+08
3.05594e+09
138515
138515
138515
138515
4.05863e+07
2.92847e+07
1.21184e+08
1.21184e+08
1.21184e+08
9.33272e+08
1.01218e+09
5.21945e+08
2.19805e+08
1.1409e+09
1.1409e+09
7.38911e+08
8.97771e+08
8.97771e+08
5.97391e+09
3.90438e+09
3.0845e+09
3.0845e+09
3.90117e+09
8.17638e+07
8.17638e+07
8.17638e+07
1.5688e+08
1.5688e+08
1.5688e+08
2.02982e+08
2.02982e+08
2.02982e+08
1.73483e+09
2.15169e+08
2.15169e+08
2.15169e+08
2.15169e+08
6.35067e+09
6.35067e+09
6.35067e+09
3.38559e+09
2.07591e+09
1.54718e+09
1.54718e+09
2.58375e+07
2.58375e+07
3185.87
619019
3.7191e+06
3.7191e+06
3.7191e+06
3.7191e+06
3.83907e+08
2.43711e+07
1.04986e+07
1.04986e+07
1.04986e+07
1.8306e+07
3.25296e+07
3.25296e+07
7.09176e+06
7.09176e+06
7.90338e+06
7.90338e+06
7.90338e+06
3.23474e+07
3.23474e+07
3.23474e+07
2.93589e+06
2.93589e+06
2.98251e+06
4.9016e+06
4.9016e+06
131880
131880
131880
2.00796e+07
2.00796e+07
1.86299e+08
1.86299e+08
1.86299e+08
885468
885468
606.204
606.204
2114.34
2114.34
2114.34
976371
976371
1.03913e+09
1.04527e+09
7.12474e+09
7.12474e+09
7.12474e+09
7.12474e+09
7.12474e+09
5.41987e+08
5.41987e+08
1.52941e+09
4.81679e+09
4.81679e+09
3.23288e+09
3.23288e+09
3.23288e+09
1.59199e+07
1.59199e+07
1.59199e+07
439.421
439.421
439.421
4.38461e+07
4.91667e+06
4.91667e+06
9.83039e+06
9.83039e+06
2.1001e+09
1.18555e+08
1.18555e+08
1.18555e+08
1.18555e+08
7.663e+07
7.663e+07
7.663e+07
7.663e+07
8.78422e+07
1.7182e+09
1.7182e+09
1.7182e+09
1.7182e+09
5.18171e+08
3.77824e+08
4.62548e+08
4.62548e+08
5.38009e+09
5.38009e+09
1.07658e+10
273720
1.37667e+07
1.37667e+07
1.37667e+07
1.37667e+07
2.15843e+06
2.15843e+06
2.15843e+06
2.15843e+06
2.15843e+06
8.44887e+07
8.44887e+07
2.94834e+07
2.94834e+07
2.94834e+07
2.94834e+07
756811
756811
756811
756811
5.199e+06
5.199e+06
2320.84
2320.84
482.445
1.02845e+06
1.02845e+06
1.02845e+06
1.30301e+07
1.09604e+07
1.09604e+07
7.74672e+07
7.74672e+07
70662.2
2966.9
627447
8.35287e+07
8.35287e+07
1.07758e+08
6.07232e+07
9.32925e+08
1.18049e+09
6.52084e+08
6.52084e+08
5.61658e+08
5.61658e+08
5.61658e+08
5.61658e+08
5.61658e+08
5.61658e+08
5.61658e+08
5.61658e+08
6.0063e+09
6.0063e+09
2.45213e+09
1.92472e+09
1.92472e+09
6.0063e+09
6.0063e+09
5.71398e+08
5.71398e+08
774410
774410
774410
774410
8.17625e+06
8.17625e+06
411136
411136
411136
4.40846e+06
4.40846e+06
4.40846e+06
1.66463e+08
1.66463e+08
1.66463e+08
1.66463e+08
4.85918e+08
4.85918e+08
8.32716e+07
8.32716e+07
8.32716e+07
5.91964e+06
9.81402e+07
9.81402e+07
1.05101e+09
1.05101e+09
1.05101e+09
1.05101e+09
1.05101e+09
1.05101e+09
1.05101e+09
7.06692e+08
5.30579e+08
2.13539e+09
2.19035e+09
3.60106e+09
3.60106e+09
7.68524e+09
2.59865e+09
2.59865e+09
6.99943e+08
5928.53
5928.53
5928.53
5928.53
5928.53
23886.8
248522
248522
1.7284e+07
1.7284e+07
1.7284e+07
1.7284e+07
1.24487e+07
1.24487e+07
1.24487e+07
1.24487e+07
1.24487e+07
1.24487e+07
2.44863e+07
2.44863e+07
2.73905e+08
5.9379e+07
8.44507e+07
1.72816e+09
1.72816e+09
3.97447e+09
3.97447e+09
3.97447e+09
8.09231e+08
8.57851e+09
2.91211e+06
1.12506e+09
145144
1.34762e+06
1.34762e+06
4.24707e+08
3.42285e+09
3.42285e+09
3.42285e+09
3.42285e+09
2.3098e+09
3.42285e+09
3.42285e+09
8.1011e+08
5.10221e+08
5.10221e+08
3.42285e+09
3.42285e+09
3.42285e+09
1.86551e+09
6.82706e+08
3.48779e+08
1.22535e+08
7.06402e+08
7.06402e+08
7.06402e+08
5.18417e+06
5.18417e+06
5.48047e+07
5.48047e+07
5.48047e+07
5.48047e+07
5.48047e+07
2.21746e+09
2.21746e+09
2.21746e+09
2.21746e+09
2.21746e+09
8.08905e+09
8.08905e+09
8.08905e+09
5.61373e+09
4.77484e+09
5.61373e+09
5.61373e+09
5.61373e+09
9.30864e+09
8.41413e+06
2.82493e+07
2.82493e+07
2.82493e+07
2.19081e+07
1.38282e+07
2.2761e+08
9.30864e+09
9.30864e+09
7.87406e+09
6.08381e+09
6.51283e+09
6.51283e+09
8.10897e+08
4.30943e+09
4.30943e+09
4.30943e+09
4.30943e+09
4.30943e+09
4.30943e+09
2.14117e+09
2.14117e+09
9.89984e+09
9.74494e+08
2.9638e+09
9.6189e+09
8.89186e+09
8.89186e+09
1.06819e+10
1.06819e+10
1.06819e+10
1.06819e+10
5.36892e+09
5.36892e+09
9.27862e+08
9.27862e+08
2.3848e+09
2.823e+09
3.06462e+09
3.06462e+09
1.25075e+10
1.25075e+10
1.25075e+10
1.25075e+10
9.30198e+06
1.55626e+06
1.94202e+08
1.94202e+08
1.94202e+08
1.94202e+08
2.51391e+09
2.51391e+09
2.51391e+09
8.97059e+08
8.97059e+08
8.97059e+08
8.97059e+08
8.97059e+08
8.16937e+08
8.16937e+08
1.87109e+09
6.19985e+08
4.24517e+08
4.33258e+09
5.94686e+09
1.17548e+10
7.28962e+09
7.28962e+09
7.28962e+09
7.28962e+09
7.28962e+09
7.86528e+09
7.86528e+09
7.86528e+09
7.86528e+09
7.86528e+09
7.86528e+09
1.51689e+09
1.51689e+09
1.51689e+09
7.86528e+09
5.82851e+09
5.82851e+09
5.82851e+09
9.0952e+09
9.0952e+09
9.0952e+09
9.0952e+09
9.0952e+09
4.7464e+08
4.71433e+07
1.37969e+08
1.37969e+08
1.37969e+08
1.37969e+08
1.37969e+08
1.37969e+08
5.03209e+08
5.03209e+08
9.36009e+07
9.36009e+07
67092.2
2.04352e+06
2311.22
216250
216250
216250
216250
8.52281e+06
183951
3.35745e+07
3.68665e+07
626.864
626.864
626.864
2.39764e+06
2.86631e+06
4.07492e+07
1.21542e+08
3.5569e+07
3.5569e+07
3.5569e+07
6.56428e+08
1.10373e+09
1.24249e+09
1.65013e+09
6.34336e+09
6.34336e+09
2.08672e+07
329520
3.98187e+06
1.49465e+08
1.49465e+08
1.00944e+09
1.9383e+09
1.9383e+09
4.55327e+09
1.7745e+10
1.7745e+10
1.7745e+10
1.7745e+10
6.91095e+09
6.91095e+09
1.7745e+10
1.7745e+10
2.30252e+10
2.30252e+10
2.30252e+10
2.30252e+10
9.39056e+09
9.39056e+09
8.44343e+06
2.85361e+08
3.55799e+06
3.55799e+06
3.55799e+06
3.55799e+06
3.55799e+06
236127
236127
6.20744e+07
6.20744e+07
3.69554e+06
3.69554e+06
4.14943e+07
3.21718e+06
1.33595e+08
1.33595e+08
1.17604e+09
9.39056e+09
9.39056e+09
9.39056e+09
2.02442e+10
2.02442e+10
1.89074e+10
8.16443e+09
8.16443e+09
8.16443e+09
4.14004e+09
1.60841e+10
1.00392e+09
1.00392e+09
1.00392e+09
1.00392e+09
1.00392e+09
1.00392e+09
1.83993e+09
1.83993e+09
7.61332e+08
7.61332e+08
7.61332e+08
3.86149e+08
3.86149e+08
3.86149e+08
8.91931e+07
5.61428e+07
1.04612e+08
1.13633e+08
1.92603e+09
1.92603e+09
7.08006e+08
1.30322e+08
1.30322e+08
1.30322e+08
9.48555e+07
9.48555e+07
4.69721e+07
4.69721e+07
4.69721e+07
4.69721e+07
4.61371e+08
4.61371e+08
4.61371e+08
4.04594e+08
4.04594e+08
9.94266e+08
9.94266e+08
2.68873e+09
2.68873e+09
2.68873e+09
2.68873e+09
2.68873e+09
3.2483e+07
3.2483e+07
3.2483e+07
1.61386e+08
1.61386e+08
1.61386e+08
1.53979e+08
1.53979e+08
1.53979e+08
8.32415e+08
2.61612e+09
2.50282e+09
1.08112e+10
1.08112e+10
8.48207e+09
8.48207e+09
8.48207e+09
5.40022e+08
6.08851e+09
7.79637e+09
7.79637e+09
7.79637e+09
7.79637e+09
7.79637e+09
6.71362e+09
3.0502e+10
3.0502e+10
3.0502e+10
3.41973e+10
1.5812e+10
1.5812e+10
1.5812e+10
1.5812e+10
1.5812e+10
1.61034e+10
1.59171e+10
1.59171e+10
1.59171e+10
1.59171e+10
1.02565e+10
1.02565e+10
1.02565e+10
1.02565e+10
1.02565e+10
1.02565e+10
1.02565e+10
1.42341e+10
1.42341e+10
1.42341e+10
1.42341e+10
1.42341e+10
1.42341e+10
1.42341e+10
1.42341e+10
4.15996e+09
1.41547e+10
8.86057e+08
8.86057e+08
8.86057e+08
1.66187e+08
1.00777e+09
1.29865e+10
1.29865e+10
1.29865e+10
1.29865e+10
5.19698e+09
2.83671e+09
2.37892e+09
3.46313e+09
4.73988e+09
4.73988e+09
1.50698e+10
4.27689e+09
2.81273e+09
2.81273e+09
2.81273e+09
846655
846655
846655
4.97871e+06
2.2516e+09
2.2516e+09
2.2516e+09
2.2516e+09
4.82988e+08
4.82988e+08
4.82988e+08
4.82988e+08
4.82988e+08
4.82988e+08
1.92957e+07
1.92957e+07
1.22073e+09
1.22073e+09
1.22073e+09
9.02333e+09
7.4199e+09
1.44351e+09
5.32454e+08
1.44351e+09
1.44351e+09
1.90861e+09
2.16595e+09
2.16595e+09
5.33594e+09
5.33594e+09
5.33594e+09
5.33594e+09
5.33594e+09
1.42742e+09
1.42742e+09
1.42742e+09
3.05801e+08
3.05801e+08
3.05801e+08
3.05801e+08
6.72608e+08
5.90854e+08
1.23719e+09
1.66032e+09
1.66032e+09
1.66032e+09
1.66032e+09
1.42961e+09
7.56889e+08
2.34006e+07
3.55991e+07
6.81369e+08
2.2998e+09
2.2998e+09
2.2998e+09
6.16811e+09
6.16811e+09
6.16811e+09
6.16811e+09
6.16811e+09
6.16811e+09
8.36061e+09
1.20433e+10
1.20433e+10
1.20433e+10
1.04053e+10
1.58647e+10
1.58647e+10
1.58647e+10
4.89532e+09
4.89532e+09
9.98635e+09
9.98635e+09
9.98635e+09
4.26624e+09
2.83565e+09
2.83565e+09
2.03595e+09
2.03595e+09
2.03595e+09
5.18482e+09
5.18482e+09
5.18482e+09
1.05106e+10
1.05106e+10
5.19911e+09
6.28438e+09
6.72735e+09
6.72735e+09
6.72735e+09
1.78976e+10
1.42105e+10
3.67305e+09
3.67305e+09
3.12347e+10
2.59108e+10
9.79965e+09
9.79965e+09
9.79965e+09
9.79965e+09
9.79965e+09
9.79965e+09
3.67562e+10
3.29553e+10
3.29553e+10
3.29553e+10
3.29553e+10
3.29553e+10
2.00974e+10
1.36909e+10
1.36909e+10
1.36909e+10
1.36909e+10
1.36909e+10
1.36909e+10
1.84969e+09
1.84969e+09
1.84969e+09
1.12582e+09
1.08572e+09
1.08572e+09
2.80933e+09
2.80933e+09
2.80933e+09
2.80933e+09
1.35824e+10
1.35824e+10
1.35824e+10
1.16842e+10
1.13972e+10
1.13972e+10
1.13972e+10
1.13972e+10
9.35734e+08
9.35734e+08
2.53615e+09
1.45788e+10
1.45788e+10
1.45788e+10
1.45788e+10
2.52188e+10
3.59461e+10
1.43335e+10
1.43335e+10
1.43335e+10
8.88499e+09
8.88499e+09
8.88499e+09
8.88499e+09
8.88499e+09
8.88499e+09
8.88499e+09
8.88499e+09
8.88499e+09
8.88499e+09
8.88499e+09
8.88499e+09
8.88499e+09
3.76504e+09
3.76504e+09
3.76504e+09
1.93663e+09
2.8887e+09
9.07549e+08
3.86659e+09
3.86659e+09
4.52755e+09
8.85821e+09
8.85821e+09
8.85821e+09
8.85821e+09
2.95469e+08
2.95469e+08
2.24802e+08
2.6339e+08
2.6339e+08
2.6252e+08
2.6252e+08
2.6252e+08
2.53038e+09
8.85821e+09
1.43834e+10
3.97175e+09
1.74164e+09
7.49679e+09
7.49679e+09
3.5908e+09
3.5908e+09
3.5908e+09
9.71093e+09
3.5656e+10
3.5656e+10
3.12709e+10
3.12709e+10
2.7715e+09
9.70555e+09
9.70555e+09
1.23148e+10
1.23148e+10
1.23148e+10
2.17029e+10
2.64068e+10
2.64068e+10
2.64068e+10
2.64068e+10
2.64068e+10
2.64068e+10
2.64068e+10
2.64068e+10
2.64068e+10
2.64068e+10
2.79789e+10
4.1423e+08
4.1423e+08
4.1423e+08
4.1423e+08
1.81242e+09
1.74077e+09
1.74077e+09
1.74077e+09
1.74077e+09
1.74077e+09
1.74077e+09
1.74077e+09
1.74077e+09
6.42461e+08
1.29059e+09
4.01827e+08
4.01827e+08
3.07548e+07
3.07548e+07
2.14244e+08
2.14244e+08
2.14244e+08
2.2426e+08
2.2426e+08
2.2426e+08
2.2426e+08
2.2426e+08
1.994e+08
1.994e+08
1.994e+08
1.76468e+08
2.6752e+09
2.40947e+09
2.40947e+09
1.03449e+09
1.03449e+09
4.88648e+09
7.85426e+08
7.85426e+08
1.5474e+09
1.5474e+09
6.32652e+09
2.00584e+10
2.10558e+10
2.10558e+10
2.10558e+10
1.50381e+10
1.50381e+10
1.50381e+10
1.50381e+10
2.74734e+10
2.74734e+10
2.74734e+10
1.31357e+09
1.25089e+09
1.25089e+09
1.34588e+10
1.65395e+10
1.65395e+10
1.56011e+10
1.56011e+10
4.21352e+09
1.65395e+10
1.65395e+10
1.65395e+10
3.76653e+10
3.76653e+10
3.76653e+10
3.76653e+10
3.76653e+10
5.24138e+10
5.24138e+10
5.24138e+10
4.0071e+10
2.24897e+09
1.65243e+08
7.92841e+09
7.92841e+09
7.67373e+09
7.67373e+09
6.55288e+10
6.55288e+10
6.55288e+10
6.55288e+10
3.21588e+10
3.21588e+10
3.21588e+10
3.21588e+10
3.21588e+10
3.21588e+10
3.21588e+10
3.21588e+10
3.21588e+10
3.21588e+10
2.34628e+10
2.34628e+10
2.34628e+10
2.34628e+10
2.34628e+10
2.34628e+10
2.34628e+10
2.34628e+10
2.34628e+10
2.34628e+10
1.06632e+10
2.11375e+10
2.11375e+10
2.11375e+10
2.11375e+10
2.11375e+10
2.11375e+10
2.11375e+10
4.22575e+10
2.6953e+10
2.6953e+10
2.33102e+10
2.33102e+10
2.33102e+10
2.33102e+10
2.33102e+10
2.33102e+10
2.33102e+10
4.49169e+10
4.49169e+10
4.49169e+10
1.5943e+10
1.5943e+10
4.49169e+10
4.49169e+10
4.49169e+10
4.49169e+10
4.49169e+10
4.49169e+10
4.49169e+10
4.49169e+10
4.49169e+10
4.49169e+10
4.49169e+10
5.19369e+10
5.19369e+10
5.19369e+10
3.65977e+10
5.19369e+10
5.19369e+10
5.19369e+10
3.51608e+10
3.51608e+10
3.51608e+10
3.51608e+10
3.17557e+10
3.17557e+10
3.17557e+10
3.17557e+10
3.34962e+10
7.7766e+10
7.7766e+10
7.7766e+10
8.19689e+10
8.19689e+10


-2.64611
2.35374
7.92673
3.23176
2.42012
-4.0849
-2.99768
-1.16337
-3.455
-4.18149
-3.35246
1.142
-4.4525
3.2606
-4.22269
2.77673
-2.67769
2.4279
-3.24488
2.46361
4.80743
1.86026
-0.370495
6.31489
-4.00754
-1.04114
-4.63424
1.35487
-3.63308
5.89373

0.022

