648.906
648.906
648.906
648.906
648.906
648.906
648.906
648.906
648.906
648.906
634.3
634.3
634.3
634.3
597.949
597.949
597.949
597.949
597.949
597.949
597.949
597.949
597.949
597.949
597.949
597.949
597.949
597.949
597.949
595.889
595.889
595.889
595.889
556.259
556.259
556.259
556.259
556.259
556.259
556.259
556.259
556.259
556.259
556.259
556.259
556.259
556.259
556.259
556.259
556.259
556.259
556.259
556.259
545.342
545.342
488.269
488.269
488.269
488.269
488.269
488.269
457.004
457.004
457.004
457.004
457.004
457.004
457.004
457.004
457.004
457.004
457.004
457.004
457.004
445.696
423.558
423.558
423.558
423.558
423.558
423.558
423.558
423.558
423.558
416.136
416.136
416.136
416.136
416.136
416.136
416.136
416.136
416.136
416.136
416.136
416.136
416.136
416.136
416.136
416.136
416.136
416.136
416.136
416.136
416.136
350.349
315.559
315.559
315.559
315.559
315.559
315.559
315.559
315.559
315.559
315.559
315.559
315.559
315.559
350.349
350.349
350.349
326.869
315.559
315.559
315.559
315.559
276.578
276.578
276.578
276.578
276.578
276.578
276.578
276.578
276.578
276.578
276.578
276.578
276.578
276.578
276.578
276.578
276.578
276.578
276.578
276.578
249.977
249.977
249.977
249.977
249.977
249.977
249.977
249.977
249.977
247.197
247.197
247.197
247.197
247.197
247.197
247.197
247.197
247.197
249.977
249.977
249.977
249.977
249.977
249.977
249.977
249.977
256.375
256.375
256.375
256.375
256.375
256.375
256.375
256.375
256.375
256.375
256.375
256.375
256.375
256.375
256.375
256.375
256.375
256.375
256.375
256.375
256.375
246.046
246.046
246.046
246.046
246.046
246.046
246.046
246.046
246.046
234.484
234.484
234.484
234.484
234.484
234.484
234.484
234.484
234.484
234.484
234.484
234.484
234.484
234.484
234.484
234.484
234.484
234.484
234.484
234.484
234.484
234.484
234.484
234.484
234.484
217.088
217.088
217.088
223.851
223.851
223.851
223.851
223.851
223.851
218.483
218.483
197.962
197.962
197.962
209.96
209.96
209.96
209.96
209.96
209.96
181.473
181.473
181.473
181.473
181.473
181.473
181.473
181.473
181.473
181.473
181.473
181.473
181.473
181.473
181.473
181.473
181.473
181.473
181.473
181.473
174.813
174.813
174.813
174.813
164.058
164.058
164.058
164.058
174.813
174.813
165.893
165.893
165.893
165.893
165.893
165.893
165.893
165.893
165.893
165.893
165.893
165.893
165.893
170.854
170.854
170.854
170.854
170.854
170.854
170.854
170.854
170.854
162.53
162.53
162.53
162.53
162.53
128.723
128.723
128.723
128.723
128.723
128.723
128.723
128.723
128.723
128.723
128.723
128.723
128.723
128.723
128.723
128.723
128.723
128.723
128.723
128.723
128.723
128.723
128.723
128.723
147.557
147.557
147.557
144.185
144.185
144.185
128.723
128.723
128.723
128.723
114.246
114.246
114.246
114.246
114.246
114.246
114.246
114.246
116.53
116.53
116.53
116.53
116.53
116.53
116.53
116.53
116.53
116.53
116.53
116.53
116.53
116.53
116.53
116.53
116.53
116.53
114.246
114.246
114.246
114.246
114.246
114.246
114.246
114.246
114.246
114.246
114.246
77.8483
77.8483
77.8483
77.8483
77.8483
77.8483
77.8483
77.8483
77.8483
77.8483
77.8483
77.8483
77.8483
77.8483
77.8483
77.8483
77.8483
77.8483
77.8483
77.8483
77.8483
77.8483
77.8483
77.8483
77.8483
77.8483
77.8483
77.8483
77.8483
77.8483
77.8483
77.8483
77.8483
77.8483
77.8483
77.8483
93.3303
93.3303
93.3303
93.3303
93.3303
93.3303
93.3303
93.3303
93.3303
93.3303
93.3303
93.3303
93.3303
93.3303
93.3303
93.3303
93.3303
93.3303
97.109
97.109
97.109
97.109
97.109
97.109
97.109
97.109
84.3176
84.3176
84.3176
73.5639
73.5639
73.5639
73.5639
73.5639
73.5639
73.5639
73.5639
73.5639
73.5639
73.5639
73.5639
73.5639
73.5639
73.5639
73.5639
73.5639
73.5639
73.5639
73.5639
73.5639
73.5639
73.5639
73.5639
73.5639
73.5639
73.5639
73.5639
73.5639
73.5639
77.1526
77.1526
77.1526
77.1526
77.1526
77.1526
77.1526
77.1526
77.1526
77.1526
77.1526
77.1526
77.1526
77.1526
74.5769
74.5769
74.5769
74.5769
74.5769
74.5769
74.5769
74.5769
74.5769
74.5769
74.5769
68.5385
68.5385
68.5385
66.9598
66.9598
66.9598
66.9598
66.9598
66.9598
66.9598
66.9598
66.9598
66.9598
66.9598
66.9598
66.9598
66.9598
66.9598
66.9598
66.9598
66.9598
66.9598
66.9598
66.9598
66.9598
66.9598
66.9598
66.9598
66.9598
66.9598
66.9598
66.9598
66.9598
66.9598
66.9598
66.9598
62.2289
62.2289
62.2289
62.2289
62.2289
62.2289
62.2289
62.2289
62.2289
62.2289
62.2289
62.2289
62.2289
62.2289
62.2289
62.2289
62.2289
62.2289
62.2289
62.2289
62.2289
62.2289
62.2289
62.2289
62.2289
62.2289
62.2289
62.2289
62.2289
62.2289
62.2289
62.2289
62.2289
57.9872
57.9872
57.9872
57.9872
57.9872
57.9872
57.9872
57.9872
57.9872
57.9872
57.9872
57.9872
57.9872
57.9872
57.9872
57.9872
57.9872
57.9872
56.7267
56.7267
56.7267
56.7267
56.7267
56.7267
56.7267
56.7267
56.7267
56.7267
56.7267
56.7267
56.7267
56.7267
56.7267
56.7267
56.7267
56.7267
56.7267
56.7267
56.7267
56.7267
56.7267
56.7267
56.7267
56.7267
56.7267
56.7267
56.7267
56.7267
56.7267
56.7267
56.7267
56.7267
56.7267
56.7267
56.7267
56.7267
56.7267
56.7267
56.7267
56.7267
56.7267
56.7267
56.7267
52.2861
52.2861
52.2861
48.4279
48.4279
48.4279
48.4279
48.4279
48.4279
48.4279
48.4279
48.4279
48.4279
41.836
41.836
41.836
41.836
41.836
41.836
41.836
41.836
41.836
41.836
41.836
41.836
40.7219
40.7219
40.7219
40.7219
40.7219
40.7219
40.7219
40.7219
40.7219
40.7219
40.7219
40.7219
40.7219
40.7219
40.7219
40.7219
40.7219
40.7219
40.7219
40.7219
40.7219
40.7219
40.7219
40.7219
40.7219
40.7219
40.7219
41.836
41.836
41.836
38.3494
38.3494
38.3494
38.3494
38.3494
38.3494
38.3494
38.3494
38.3494
38.3494
38.3494
38.3494
38.3494
38.3494
35.2498
35.2498
35.2498
35.2498
35.2498
38.3494
38.3494
38.3494
38.3494
38.3494
38.3494
38.3494
38.3494
38.3494
38.3494
38.3494
38.3494
38.3494
38.3494
38.3494
40.0681
40.0681
40.0681
40.0681
40.0681
40.0681
40.0681
40.0681
40.0681
40.0681
40.0681
38.8806
38.8806
38.8806
38.8806
37.2449
37.2449
37.2449
37.2449
35.2498
35.2498
35.2498
35.2498
35.2498
35.2498
35.2498
35.2498
35.2498
35.2498
35.2498
35.2498
35.2498
35.2498
35.2498
35.2498
35.2498
33.7618
33.7618
33.7618
33.7618
33.7618
33.7618
33.7618
33.7618
33.7618
33.7618
33.7618
33.7618
33.7618
33.7618
33.7618
33.7618
33.7618
33.7618
33.7618
33.7618
33.7618
33.7618
32.3051
32.3051
32.3051
32.3051
32.3051
32.3051
32.3051
32.3051
32.3051
32.3051
32.3051
32.3051
32.3051
32.3051
32.3051
32.3051
32.3051
32.3051
32.3051
32.3051
32.3051
30.7243
30.7243
30.7243
30.7243
30.7243
30.7243
30.7243
30.7243
30.7243
30.7243
30.7243
30.7243
30.7243
30.7243
30.7243
30.6379
29.4604
29.4604
29.4604
29.4604
29.4604
29.4604
29.4604
29.4604
29.4604
29.4604
29.4604
29.0161
29.0161
29.0161
29.0161
29.0161
29.0161
29.0161
29.0161
29.0161
29.0161
29.0161
29.0161
29.0161
29.0161
29.0161
29.0161
29.0161
29.0161
29.0161
29.0161
29.0161
29.0161
29.0161
29.0161
29.0161
29.0161
29.0161
29.0161
29.0161
29.0161
29.0161
29.0161
29.0161
29.0161
29.0161
29.0161
28.3403
28.3403
28.3403
28.3403
28.3403
28.3403
28.3403
28.3403
28.3403
28.3403
28.3403
28.3403
28.3403
28.3403
28.3403
28.3114
28.3114
28.3114
28.3114
28.3114
28.3114
28.3114
28.3114
28.3114
28.3403
28.3403
28.3403
28.3403
28.3403
28.3403
28.3403
28.3403
28.3403
28.3403
28.3403
28.3403
28.3403
28.3403
28.3403
28.3403
28.3403
28.3403
28.3403
28.3403
28.3403
28.3403
28.3403
28.3403
28.3403
26.8871
26.8871
26.8871
26.8871
26.4864
25.9801
25.9801
25.9801
25.9801
25.9801
25.98
25.98
25.98
25.98
25.98
25.98
25.98
25.98
25.98
25.98
25.98
25.98
23.6416
23.6416
23.6416
23.6416
23.6416
23.6416
23.6416
22.9248
22.6224
22.6224
22.6224
22.6224
22.6224
22.6224
22.6224
22.6224
22.6224
22.6224
22.6224
22.6224
22.6224
22.6224
22.6224
22.6224
22.4798
22.4798
22.4798
22.4798
22.4798
22.4798
22.4798
22.3976
22.3976
21.7146
21.7146
21.7146
21.7146
21.7146
21.7146
21.7146
21.7146
21.7146
21.7146
21.7146
21.7146
21.7146
22.3976
22.3976
22.3976
22.3976
22.3976
22.3976
22.3976
21.7146
21.7146
21.7146
21.7146
21.7146
21.2047
21.2047
21.2047
21.2047
21.2047
21.2047
21.2047
21.2047
21.2047
21.2047
21.2047
21.2047
21.2047
21.2047
21.2047
21.2047
21.2047
21.2047
21.2047
21.2047
21.2047
21.2047
21.2047
21.2047
21.2047
21.2047
21.2047
21.2047
21.2047
21.2047
21.2047
21.2047
21.2047
21.2047
21.2047
20.9318
20.9318
20.9318
20.9318
20.9318
20.9318
20.9318
20.9318
20.9318
20.9318
20.9318
20.9318
20.9318
20.9318
20.9318
20.9318
20.9318
20.9318
20.9318
20.9318
21.2047
21.0467
21.0467
20.9318
19.6558
19.6558
19.6558
19.6558
19.6558
19.6558
19.6558
18.3478
18.3478
18.3478
18.3478
18.3478
18.3478
18.3478
18.3478
18.3478
18.3478
18.3478
18.3478
18.3478
18.3478
18.3478
18.3478
18.3478
18.3478
19.145
19.145
19.145
19.145
19.145
19.145
19.145
19.145
19.145
19.145
17.8131
17.8131
17.7218
17.7218
17.7218
17.7218
17.7218
17.7218
17.0106
17.0106
16.8417
16.8417
16.8417
16.8417
16.8417
16.8417
16.8417
16.8417
16.4514
16.4514
16.4514
16.4514
16.4514
16.4514
16.8417
16.8417
17.7218
17.1351
17.1351
17.1351
16.4514
16.4514
16.4514
16.4514
16.4514
16.4514
16.8417
16.8417
16.8417
16.8417
16.3525
16.3525
16.3525
16.3525
16.3525
16.3525
16.3525
16.3525
16.3525
16.3525
16.3525
16.3525
16.3525
16.3525
16.3525
16.0398
16.0398
16.0398
16.0398
16.0398
15.4745
15.4745
15.4745
15.4745
15.4745
15.4745
15.4745
15.4745
15.4745
15.4745
15.4745
15.4745
15.4745
15.4745
15.4745
15.4745
15.4745
15.4745
15.4745
15.1065
15.1065
15.1065
15.1065
15.1065
15.1065
15.1065
15.1065
15.1065
15.1065
15.1065
15.1065
15.1065
15.1065
15.1065
15.1065
13.3655
13.3655
13.3655
13.3655
13.3655
13.3655
13.3655
13.3655
13.3655
13.3655
15.1065
15.1065
15.1065
13.3655
13.3655
11.6431
11.6431
11.6431
13.3655
13.3655
13.3655
13.3655
13.3655
13.3655
11.6431
11.6431
11.6431
11.6431
11.6431
11.6431
11.6431
11.6431
11.6431
11.6431
12.185
12.185
12.185
12.185
11.6431
11.6431
11.6954
11.6431
11.6431
11.6431
11.6431
11.6431
11.6431
11.6431
11.6431
11.6431
11.6431
11.6431
11.6431
11.6431
11.6431
11.6431
11.6431
11.6431
11.6954
11.6954
11.6954
11.6431
11.6431
11.6954
11.6954
11.6954
11.6954
11.6954
11.5074
11.5074
11.5074
11.5074
11.5074
11.5074
11.5074
11.5074
11.5074
11.5074
11.5074
11.5074
11.5074
11.5074
11.5074
11.5074
11.5074
10.3365
10.3365
10.3365
10.3365
10.3365
9.9541
9.9541
9.9541
9.9541
9.9541
9.9541
9.9541
9.9541
9.9541
9.9541
9.9541
9.9541
9.9541
9.9541
9.9541
9.9541
9.9541
9.9541
9.9541
9.9541
9.9541
9.9541
9.9541
9.9541
9.9541
9.9541
9.9541
9.9541
9.9541
9.9541
9.9541
9.9541
9.9541
9.9541
9.9541
9.9541
9.9541
9.9541
9.9541
9.9541
9.9541
9.9541
9.9541
9.9541
9.9541
9.9541
9.9541
9.9541
9.9541
9.9541
9.9541
9.9541
9.9541
9.9541
9.9541
9.9541
10.3365
10.3365
10.3365
10.3365
10.3365
8.90123
8.90123
8.90123
8.90123
8.90123
8.90123
8.90123
8.90123
10.1343
10.1343
10.083
7.69521
7.69521
7.69521
7.69521
7.69521
7.69521
7.69521
7.69521
7.69521
7.69521
7.69521
7.69521
7.69521
7.69521
7.69521
7.69521
7.69521
7.69521
7.69521
7.69521
7.69521
7.69521
7.69521
7.69521
7.69521
7.69521
7.69521
7.69521
7.69521
7.69521
8.85843
8.85843
8.85843
8.85843
8.85843
8.85843
8.85843
8.85843
9.28403
9.60288
9.56807
9.56807
9.56807
9.56807
9.56807
9.56807
8.34469
8.34469
8.34469
8.34469
8.34469
8.34469
8.34469
8.34469
8.34469
8.34469
8.25504
7.20496
7.20496
7.20496
7.20496
7.20496
7.20496
7.20496
7.20496
7.20496
7.20496
7.20496
7.20496
7.20496
7.20496
7.20496
7.20496
7.20496
7.20496
7.20496
7.20496
7.20496
7.20496
7.25804
7.20496
7.20496
6.72381
6.72381
6.72381
6.72381
6.72381
6.72381
6.72381
6.72381
6.72381
6.72381
6.72381
6.72381
6.72381
6.72381
6.72381
7.25804
7.25804
7.25804
7.25804
7.25804
7.25804
6.11304
6.11304
6.11304
6.11304
6.11304
6.11304
6.11304
6.11304
6.11304
6.11304
6.91597
6.91597
6.81104
6.81104
6.81104
6.81104
6.91597
7.367
7.367
7.367
7.20668
7.17659
6.30865
6.30865
6.20339
6.20339
6.20339
6.20339
6.20339
6.20339
6.20339
6.20339
6.20339
6.20339
6.20339
6.20339
6.20339
6.20339
6.20339
6.20339
6.20339
5.75071
5.75071
5.75071
5.75071
5.75071
5.75071
5.75071
5.75071
5.75071
5.75071
5.75071
5.75071
5.75071
5.75071
5.75071
5.75071
5.75071
5.75071
5.75071
5.75071
5.75071
5.75071
5.75071
5.5338
5.5338
5.5338
5.5338
5.5338
5.5338
5.5338
5.5338
5.5338
5.5338
5.5338
5.5338
5.5338
5.5338
5.5338
5.5338
5.5338
5.5338
5.5338
5.5338
5.5338
5.5338
5.5338
5.5338
5.5338
5.5338
5.5338
5.63186
5.63186
5.63186
5.63186
5.63186
5.63186
5.63186
5.63186
5.63186
5.63186
5.63186
5.63186
5.63186
5.63186
5.63186
5.63186
5.63186
5.63186
5.63186
5.63186
5.63186
5.63186
5.63186
5.63186
5.63186
5.63186
5.63186
5.63186
5.66775
5.66775
5.66775
5.66775
5.66775
5.66775
5.63015
5.63015
5.63015
5.63015
5.63015
5.63015
5.51558
5.51558
5.51558
5.51558
5.51558
5.51558
5.51558
5.51558
5.51558
5.51558
5.51558
5.51558
5.51558
5.51558
5.51558
5.51558
5.51558
5.51558
5.51558
5.51558
5.51558
5.51558
5.51558
5.51558
5.51558
5.51558
5.51558
5.51558
5.51558
5.51558
5.51558
5.51558
5.51558
5.51558
5.51558
5.51558
5.51558
5.51558
5.51558
5.45063
5.45063
5.45063
5.45063
5.45063
5.45063
5.52709
5.52709
5.52709
5.52709
5.52709
5.52709
5.52709
5.52709
5.52709
5.52709
5.52709
5.52709
5.52709
5.52709
5.52709
5.52709
5.52709
5.52709
5.52709
5.20479
5.20479
5.20479
5.16899
5.16899
5.16899
5.16899
5.16899
5.16899
5.16899
5.16899
5.16899
5.16899
5.16899
5.04125
5.04125
5.04125
5.02362
5.02362
5.02362
5.02362
5.02362
5.02362
5.02362
5.02287
4.91985
4.91985
4.91985
4.91985
4.91985
4.91985
4.91985
4.91985
4.91985
4.91985
4.91985
4.91985
4.91985
4.91985
4.91985
4.91985
4.91985
4.91985
4.91985
4.91985
4.91985
4.91985
4.91985
4.91985
4.91985
4.91985
4.91985
4.91985
4.91985
4.91985
4.91985
4.91985
4.91985
4.91985
4.91985
4.91985
4.91985
4.91985
4.91985
4.91985
4.91985
4.86576
4.86576
4.86576
4.86576
4.86576
4.86576
4.86576
4.86576
4.86576
4.86576
4.86576
4.86576
4.86576
4.86576
4.50001
4.40554
4.40554
4.40554
4.40554
4.40554
4.37604
4.37604
4.37604
4.37604
4.37604
4.37604
4.37604
4.37604
4.37604
4.37604
4.37604
4.37604
4.37604
4.37604
4.37604
4.37604
4.37604
4.37604
4.37604
4.37604
4.37604
4.37604
4.37604
4.37604
4.37604
4.37604
4.37604
4.37604
4.37604
4.37604
3.28687
3.28687
3.28687
3.28687
3.28687
3.28687
3.28687
3.28687
3.28687
3.28687
3.28687
3.2756
3.2756
3.2756
3.2756
3.2756
3.2756
3.2756
3.2756
3.2756
3.2756
3.2756
3.2756
3.2756
3.2756
3.2756
3.2756
3.2756
3.2756
3.2756
3.2756
3.2756
3.2756
3.2756
3.2756
3.2756
3.2756
3.2756
3.2756
3.2756
3.2756
3.2756
3.2756
3.2756
3.2756
3.2756
3.2756
3.2756
3.2756
3.2756
3.2756
3.2756
3.2756
3.2756
3.2756
3.2756
3.2756
3.2756
3.2756
3.2756
3.2756
3.19219
3.19219
3.19219
3.19219
3.19219
3.15963
3.15963
3.15963
3.15963
3.15963
3.15963
3.15963
3.15963
3.15963
3.15963
3.15963
3.15963
3.15963
3.15963
3.15963
3.15963
3.15963
3.15963
3.15963
3.09995
3.09995
3.09995
3.09995
3.09995
3.09995
3.09995
3.09995
3.09995
3.09995
3.09853
3.09228
3.09228
3.09228
3.09228
3.09228
3.09228
3.09228
3.09228
3.09853
3.07213
3.07213
3.07213
3.07213
3.07213
3.07213
3.07213
2.98031
2.98031
2.98031
2.98031
2.98031
2.98031
2.98031
2.98031
2.98031
2.98031
2.98031
2.98031
2.98031
2.98031
2.98031
2.98031
2.98031
2.98031
2.98031
2.98031
2.98031
2.98031
2.98031
2.98031
2.94221
2.94221
2.94221
2.94221
2.94221
2.94221
2.94221
2.94221
2.94221
2.94221
2.94221
2.94221
2.94221
2.94221
2.94221
2.95766
2.95766
2.95766
2.95766
2.95766
2.95766
2.95766
2.95766
2.95766
2.95766
2.62736
2.62736
2.62736
2.62736
2.62736
2.62736
2.62736
2.62736
2.62736
2.62736
2.62736
2.62736
2.62736
2.62736
2.62736
2.62736
2.62736
2.62736
2.62736
2.62736
2.62736
2.62736
2.62736
2.62736
2.62736
2.62736
2.62736
2.62736
2.62736
2.62736
2.62736
2.62736
2.62736
2.62736
2.62736
2.62736
2.62736
2.62736
2.62736
2.62736
2.62736
2.62736
2.62736
2.55442
2.55442
2.55442
2.55442
2.55442
2.55442
2.51134
2.51134
2.51134
2.51134
2.51134
2.55442
2.55442
2.55442
2.55442
2.5462
2.5462
2.5462
2.5462
2.5462
2.54385
2.54385
2.54385
2.54385
2.54385
2.54385
2.54385
2.54385
2.54385
2.54385
2.54385
2.54385
2.54385
2.54385
2.54385
2.54385
2.48184
2.48184
2.48184
2.48184
2.48184
2.54385
2.54385


-1.40996
-1.40996
11.8839
-1.40996
11.8839
-7.416
-7.416
-7.416
-7.416
-7.416
-7.416
-7.416
-7.416
-7.416
-7.416
-17.4139
8.03858
0.787378
8.03858
0.787378
0.640889
0.787378
-5.80462
-5.80462
-38.9843
-38.9843
-38.9843
3.57067
3.57067
-1.40996

0.035

