19.3706
19.3706
19.3706
19.3706
19.3706
19.3706
19.2079
19.2079
19.2079
19.2079
19.124
19.124
19.124
19.124
19.0031
19.0031
19.0031
19.0031
19.0031
19.0031
19.0031
19.0031
18.6203
18.6203
18.6203
18.4394
18.4394
18.4394
18.4394
18.4394
18.4394
18.4394
18.4394
18.4394
18.4394
18.4394
18.4394
18.4394
18.2893
18.1888
18.1888
18.1161
18.1161
18.1161
18.1161
18.1161
18.1073
18.1073
18.1073
17.7125
17.7125
17.7125
17.7125
17.7122
17.7122
17.7122
17.7122
17.6624
17.6624
17.6624
17.6363
17.6363
17.6363
17.6363
17.6363
17.2472
17.2472
17.2472
17.2472
17.2472
17.2472
17.2472
17.2072
17.2072
17.2072
17.0655
17.0655
17.0655
17.0655
17.0655
17.0655
17.0655
17.0655
17.0655
17.0655
17.0285
17.0285
17.0285
17.0285
17.0285
17.0285
17.0285
17.0285
17.0285
17.0285
17.0053
17.0053
17.0053
17.0053
17.0053
17.0053
17.0053
17.0053
17.0053
17.0053
17.0053
17.0053
17.0053
17.0053
17.0053
16.5754
16.5754
16.5754
16.5754
16.5754
16.5754
16.5754
16.5395
16.5395
16.5395
16.5395
16.5395
16.5045
16.5045
16.5045
16.5045
16.5045
16.5045
16.5045
16.5045
16.5045
16.5045
16.5045
16.5045
16.5045
16.3757
16.3757
16.1992
16.1056
16.0708
16.0708
16.0708
16.0708
16.0708
16.0708
15.242
15.242
15.2157
15.2157
15.1001
15.0972
15.0972
15.0966
15.0966
15.0966
15.0966
14.9379
14.9379
14.8019
14.8019
14.8019
14.8019
14.8019
14.8019
14.8019
14.8019
14.8019
14.8019
14.8019
14.7058
14.7058
14.7058
14.7058
14.7058
14.7058
14.7058
14.7058
14.7058
14.7058
14.7058
14.7058
14.7058
14.7058
14.7058
14.7058
14.7058
14.7058
14.7058
14.7058
14.7058
14.7058
14.7058
14.7058
14.7058
14.7058
14.7058
14.7058
14.7058
14.7058
14.7058
14.7058
14.7058
14.7058
14.7058
14.7058
14.7058
14.7058
14.7058
14.7058
14.7058
14.7058
14.7058
14.7058
14.7058
14.7058
14.7058
14.6407
14.6407
14.6407
14.6407
14.6407
14.6407
14.6407
14.6407
14.6407
14.6407
14.6407
14.6407
14.6407
14.6132
14.6132
14.612
14.612
14.612
14.612
14.612
14.612
14.612
14.4204
14.4204
14.4204
14.4204
14.4204
14.4204
14.4204
14.4204
14.4065
14.4065
14.3469
14.2549
14.2549
14.2549
14.2549
14.2549
14.2549
14.2549
14.2549
14.2549
14.2549
14.2549
14.2549
14.1712
14.1712
14.1712
14.1712
14.1712
14.1712
14.1712
13.9929
13.9929
13.9929
13.9929
13.9929
13.9929
13.8926
13.8926
13.8926
13.8926
13.8926
13.8926
13.8847
13.6179
13.6179
13.6179
13.6179
13.5754
13.5754
13.5754
13.5754
13.5754
13.5514
13.5514
13.5514
13.5514
13.3647
13.3647
13.3647
13.3647
13.3647
13.3647
13.3647
13.2573
13.2573
13.2573
13.2573
13.2573
13.2573
13.2573
13.2573
13.2573
13.2573
13.2573
13.2573
13.2033
13.2033
13.2033
13.2033
13.2033
13.2033
13.2033
13.2033
13.1598
13.1598
13.1598
13.1598
13.1598
13.1598
13.1598
13.1598
13.1598
13.1395
13.1395
13.1395
13.1395
13.1395
13.1395
13.1395
13.1395
13.1395
13.1395
13.0212
13.0212
13.0212
13.0212
13.0212
13.0212
13.0203
13.0143
13.0143
13.0143
13.0143
13.0143
13.0143
13.0141
13.0141
13.0141
13.0141
13.0141
13.0141
13.0137
13.0137
13.0136
13.0136
13.0136
13.0136
12.8984
12.8984
12.8984
12.8984
12.8984
12.8984
12.8984
12.8984
12.8984
12.8984
12.8984
12.8984
12.8984
12.8984
12.8984
12.8984
12.8984
12.8984
12.8984
12.8984
12.8984
12.8984
12.8984
12.8984
12.8984
12.8984
12.8984
12.8984
12.8984
12.8984
12.8984
12.8984
12.8984
12.8984
12.8984
12.6076
12.6076
12.6076
12.6076
12.6076
12.5392
12.5392
12.5392
12.5392
12.5392
12.5392
12.5392
12.5392
12.5392
12.5392
12.5392
12.5392
12.5392
12.5392
12.5392
12.5392
12.5392
12.5392
12.5051
12.5051
12.5051
12.497
12.4786
12.4313
12.4313
12.4281
12.4281
12.4281
12.4281
12.4281
12.4281
12.4281
12.4281
12.4281
12.4281
12.4281
12.4281
12.4281
12.3121
12.3121
12.3121
12.3121
12.3099
12.3099
12.3099
12.3077
12.3077
12.3077
12.3077
12.3077
12.3077
12.3077
12.3034
12.1563
12.1563
12.1563
11.6112
11.6112
11.6112
11.6112
11.6112
11.6112
11.6112
11.6112
11.6112
11.6112
11.6112
11.6112
11.6112
11.6112
11.6112
11.6112
11.5386
11.5386
11.3789
11.3789
11.3789
11.3789
11.3789
11.3789
11.3789
11.3789
11.3789
11.3789
11.3789
11.3789
11.3789
11.3789
11.3789
11.3789
11.3789
11.3789
11.3789
11.3789
11.3789
11.0912
11.0912
11.0912
11.0912
11.0912
11.0912
11.0912
11.0912
11.0912
11.0912
11.0912
11.0912
11.0912
11.0912
11.0912
11.0675
11.0675
11.0675
11.0675
11.0675
11.0675
11.0675
11.0675
10.7334
10.7334
10.7334
10.7334
10.7334
10.7334
10.7334
10.7334
10.7334
10.7334
10.7334
10.7334
10.7334
10.7334
10.7334
10.7334
10.7334
10.7334
10.7334
10.7334
10.7334
10.7334
10.7334
10.7334
10.7334
10.7116
10.7116
10.7116
10.7116
10.7116
10.7116
10.7116
10.7116
10.6358
10.6358
10.6358
10.6358
10.6358
10.6358
10.6358
10.6358
10.6358
10.6358
10.6358
10.6358
10.6358
10.6358
10.6358
10.6358
10.6358
10.6358
10.6358
10.6358
10.6358
10.6358
10.6358
10.6358
10.6358
10.6358
10.6358
10.6358
10.6358
10.6358
10.6358
10.6358
10.6358
10.6358
10.6358
10.6358
10.6358
10.6358
10.6358
10.6358
10.6358
10.2959
10.2959
10.2959
10.2959
10.2959
10.2959
10.2959
10.2959
10.2959
10.2959
10.2959
10.2959
10.2959
10.2959
10.2959
10.2959
10.2959
10.2959
10.2959
10.2959
10.2959
10.2959
10.2959
10.2959
10.2529
10.2529
10.2529
10.2529
10.2304
10.2304
10.2304
10.2304
10.2304
10.2304
10.1875
10.1875
10.1875
10.1875
10.1875
10.1875
10.1875
10.1875
10.1875
10.1875
10.1875
10.1875
10.1875
10.1875
10.1875
10.1875
10.1875
10.1875
10.1875
10.1875
10.1875
10.1875
10.1568
10.1568
10.1568
10.1568
10.1568
10.1568
10.1118
10.1118
10.1118
10.1118
10.1118
10.1118
10.1118
10.1118
10.1118
10.1118
10.1118
10.1118
10.1118
10.1118
10.1118
10.1118
10.1118
10.1118
10.1118
10.1118
10.1118
10.1118
10.1118
10.1118
10.1118
10.1118
10.1118
10.1118
9.79023
9.63826
9.63826
9.63826
9.63826
9.63826
9.63826
9.63826
9.63826
9.63826
9.63826
9.63826
9.63826
9.63826
9.63826
9.63826
9.63826
9.63826
9.63826
9.63826
9.63826
9.63826
9.63826
9.63826
9.63826
9.63826
9.63826
9.63826
9.63826
9.63826
9.63826
9.63826
9.63826
9.63826
9.63826
9.63826
9.57407
9.53765
9.53765
9.53765
9.44022
9.44022
9.44022
9.44022
9.44022
9.44022
9.44022
9.44022
9.44022
9.32833
9.32833
9.32833
9.32833
9.32833
9.32833
9.32833
9.32833
9.32833
9.32833
9.32833
9.32833
9.32833
9.32833
9.32833
9.32833
9.32687
9.32687
9.32687
9.32687
9.32687
9.30326
9.30326
9.30326
9.30326
9.30326
9.30326
9.30326
9.30326
9.30326
9.30326
9.30326
9.29871
9.29871
9.29871
9.29871
9.29871
9.29871
9.29871
9.29871
9.29871
9.29871
9.25178
9.25178
9.25178
9.25178
9.25178
9.25178
9.25178
9.25178
9.25178
9.25178
9.25178
9.25178
9.25178
9.25178
9.25178
9.25178
9.25178
9.25178
9.25178
9.25178
9.25178
9.25178
9.25178
9.25178
9.25178
9.25178
9.25178
9.25178
9.25178
9.25178
9.25178
9.25178
9.25178
9.25178
9.25178
9.25178
9.25178
9.25178
9.25178
9.25178
9.25178
9.25178
9.25178
9.25178
9.25178
9.25178
9.25178
9.25178
9.25178
9.25178
9.25178
9.25178
9.25178
9.25178
9.25178
9.25178
9.25178
9.25178
9.00241
9.00241
9.00241
9.00241
9.00241
9.00241
9.00241
9.00241
9.00241
9.00241
9.00241
9.00241
9.00241
9.00241
9.00241
9.00241
8.9302
8.9302
8.9302
8.92141
8.92141
8.92141
8.92141
8.92141
8.92141
8.92141
8.92141
8.9079
8.90409
8.90409
8.90409
8.90409
8.90409
8.90409
8.90409
8.90409
8.90409
8.90409
8.90409
8.90409
8.90409
8.90409
8.90409
8.90409
8.90409
8.90409
8.90409
8.90409
8.90409
8.90409
8.90396
8.90396
8.90396
8.90396
8.90396
8.9039
8.9039
8.9039
8.90386
8.90386
8.90386
8.90386
8.90386
8.90386
8.90386
8.90386
8.90386
8.90386
8.90386
8.90386
8.90386
8.90386
8.90386
8.90386
8.90386
8.90386
8.90386
8.90386
8.90386
8.90386
8.90386
8.90386
8.90386
8.90386
8.90386
8.90386
8.90386
8.90386
8.90386
8.90386
8.90386
8.90386
8.90386
8.90386
8.90386
8.90386
8.64202
8.64202
8.64202
8.64202
8.64202
8.64202
8.64202
8.64202
8.64202
8.64202
8.64202
8.64202
8.64202
8.64202
8.62438
8.62438
8.62438
8.62438
8.62438
8.62438
8.62438
8.62438
8.62438
8.59504
8.59504
8.59504
8.59504
8.59504
8.59504
8.59504
8.59504
8.59504
8.59504
8.59504
8.59504
8.59504
8.59504
8.59504
8.59504
8.59504
8.59504
8.59504
8.59504
8.59504
8.59504
8.59504
8.59504
8.59504
8.59504
8.59504
8.59504
8.59504
8.52118
8.52118
8.52118
8.52118
8.52118
8.52118
8.52118
8.52118
8.52118
8.52118
8.52118
8.52118
8.52118
8.52118
8.52118
8.52118
8.52118
8.52118
8.52118
8.52118
8.52118
8.52118
8.52118
8.52118
8.52118
8.52118
8.52118
8.52118
8.52118
8.52118
8.52118
8.52118
8.52118
8.52118
8.52118
8.52118
8.52118
8.52118
8.52118
8.52118
8.52118
8.52118
8.52118
8.52118
8.52118
8.52118
8.52118
8.52118
8.52118
8.52118
8.52118
8.52118
8.52118
8.52118
8.52118
8.52118
8.52118
8.52118
8.52118
8.52118
8.52118
8.52118
8.52118
8.52118
8.52118
8.52118
8.52118
8.52118
8.52118
8.52118
8.52118
8.52118
8.52118
8.52118
8.52118
8.52118
8.52118
8.52118
8.52118
8.52118
8.52118
8.52118
8.52118
8.52118
8.52118
8.52118
8.52118
8.52118
8.52118
8.52118
8.52118
8.52118
8.52118
8.52118
8.52118
8.52118
8.52118
8.52118
8.52118
8.52118
8.50593
8.50593
8.50593
8.50593
8.50593
8.50593
8.50593
8.50593
8.50593
8.50593
8.50593
8.50593
8.50593
8.50593
8.50593
8.50593
8.50593
8.50593
8.50593
8.50593
8.50593
8.50593
8.50593
8.50593
8.50593
8.50593
8.50593
8.50593
8.50593
8.50593
8.50593
8.50593
8.50593
8.50593
8.50593
8.50593
8.50468
8.50468
8.50468
8.50468
8.50468
8.44505
8.44505
8.40079
8.40079
8.40079
8.40079
8.40079
8.40079
8.40079
8.40079
8.40079
8.40079
8.40079
8.40079
8.40079
8.40079
8.40079
8.40079
8.40079
8.40079
8.40079
8.40079
8.34174
8.34174
8.34174
8.34174
8.34174
8.27902
8.27902
8.27902
8.27902
8.27902
8.27902
8.27902
8.27902
8.27902
8.27902
8.27902
8.27902
8.27902
8.27902
8.27902
8.27902
8.27902
8.27902
8.27902
8.27902
8.27902
8.27902
8.27902
8.27902
8.27902
8.27902
8.27902
8.27902
8.27902
8.27902
8.27902
8.27902
8.27902
8.27902
8.27902
8.27902
8.27902
8.27902
8.27902
8.27902
8.27902
8.27902
8.27902
8.27902
8.27902
8.27902
8.27902
8.27902
8.27902
8.27902
8.27902
8.27902
8.27902
8.27902
8.27902
8.27902
8.27902
8.27902
8.27902
8.27902
8.27902
8.27902
8.27902
8.27902
8.27902
8.27902
8.27902
8.27902
8.27902
8.27902
8.27902
8.27902
8.27902
8.27902
8.27902
8.27902
8.27902
8.27902
8.27902
8.27902
8.27902
8.27902
8.27902
8.27902
8.27902
8.27902
8.27902
8.27902
8.27902
8.27902
8.27902
8.27902
8.27902
8.27902
8.27902
8.27902
8.27902
8.27902
8.27902
8.27902
8.27902
8.27902
8.27902
8.27902
8.27902
8.27902
8.27902
8.27902
8.27902
8.27902
8.27902
8.27902
8.27902
8.27902
8.27902
8.27902
8.27902
8.27902
8.27902
8.27902
8.27902
8.27902
8.27902
8.27902
8.20968
8.20968
8.20968
8.20968
8.20968
8.20968
8.20968
8.20968
8.20968
8.20968
8.20968
8.20968
8.20968
8.20968
8.20968
8.20968
8.20968
8.20968
8.20968
8.20968
8.20968
8.20968
8.20968
8.20968
8.20968
8.20968
8.20968
8.20968
8.20968
8.20968
8.20968
8.20968
8.20968
8.20968
8.20968
8.20968
8.20968
8.20968
8.20968
8.20968
8.20968
8.20968
8.20968
8.20968
8.20968
8.20968
8.20968
8.20968
8.20968
8.20968
8.20968
8.20968
8.20968
8.20968
8.20968
8.20968
8.20968
8.20968
8.20968
8.20968
8.20968
8.20968
8.20968
8.17161
8.17161
8.17161
8.17161
8.17161
8.17161
8.15403
8.15403
8.15403
8.15403
8.15403
8.15403
8.15403
8.15403
8.15403
8.15403
8.15403
8.15403
8.15403
8.15403
8.15403
8.15403
8.15403
8.15377
8.15377
8.15377
8.15377
8.15377
8.15377
8.15377
8.15377
8.15377
8.15377
8.15377
8.15377
8.15377
8.15377
8.15377
8.15377
8.15377
8.15377
8.15377
8.15377
8.15377
8.15377
8.15377
8.15377
8.15377
8.15377
8.15377
8.15377
8.15377
8.15377
8.15377
8.15377
8.15377
8.15377
8.15377
8.15377
8.15377
8.15377
8.15377
8.15377
8.14451
8.14451
8.14451
8.14451
8.14451
8.14451
8.14441
8.14441
8.14441
8.14441
8.14441
8.14441
8.14441
8.14441
8.14441
8.14441
8.14441
8.14441
8.14441
8.14441
8.14441
8.14441
8.14441
8.14441
8.14441
8.14441
8.14441
8.14441
8.14441
8.14439
8.14437
8.14437
8.14437
8.14437
8.14437
8.14437
8.14437
8.14437
8.14437
8.14437
8.14437
8.14437
8.14437
8.14437
8.14437
8.14437
8.14437
8.14437
8.14437
8.14437
8.14437
8.14437
8.14437
8.14437
8.14437
8.12401
8.12401
8.12401
8.08992
8.08992
8.08992
8.08992
8.08992
8.05466
8.03713
8.03713
8.03713
8.03713
8.03713
8.03713
8.03713
8.03713
8.03713
8.03713
8.03713
8.03713
8.03713
8.03713
8.03713
8.03713
8.03713
8.03713
8.03713
8.03713
8.03713
8.03713
8.03713
8.03713
8.03713
8.03713
8.03713
8.03713
8.03713
8.03713
8.03713
8.03713
8.03713
8.03713
8.03713
8.03713
8.03713
8.03713
8.03713
8.03713
8.03713
8.03713
8.03713
8.03713
8.03713
8.03713
8.03713
8.03713
8.03713
8.03713
8.03713
8.03713
8.03713
8.03713
8.03713
8.03713
8.03713
8.03713
8.03713
8.03713
8.03713
8.03713
8.03713
8.03713
8.03713
8.03713
8.03713
8.03713
8.03713
8.03713
8.03713
8.03713
8.03713
8.03166
8.03166
8.02095
8.02095
8.02095
8.02095
8.02095
8.02095
8.02095
8.02095
8.02095
8.02095
8.02095
8.02095
8.02095
8.02095
8.02095
8.02095
8.02095
8.02095
8.02095
8.02095
8.02066
8.02066
8.02066
8.02066
8.02066
8.02066
8.02066
8.02066
8.02066
8.02066
8.02066
8.02066
8.02066
8.02066
8.02066
8.02066
8.02066
8.02066
8.02066
8.02066
8.02066
8.02066
8.02066
8.02066
8.02066
8.02066
8.02066
8.02066
8.02066
8.02066
8.02066
8.02066
8.02066
8.02066
8.02066
8.02066
8.02066
8.02066
8.02066
8.02066
8.02066
8.02066
8.02066
8.02066
8.02066
8.02066
8.02066
8.02066
8.02066
8.02066
8.02066
8.02066
8.02066
8.02066
8.02066
8.02066
8.02066
8.02066
8.02066
8.02066
8.01974
8.01974
8.01974
8.01974
8.01974
8.01974
8.01974
8.01974
8.01974
8.01974
8.01974
8.01974
8.01974
7.96001
7.96001
7.96001
7.96001
7.96001
7.96001
7.96001
7.96001
7.96001
7.96001
7.96001
7.96001
7.96001
7.96001
7.96001
7.96001
7.96001
7.96001
7.96001
7.96001
7.96001
7.96001
7.96001
7.96001
7.96001
7.96001
7.96001
7.96001
7.96001
7.96001
7.96001
7.96001
7.96001
7.96001
7.96001
7.96001
7.96001
7.96001
7.96001
7.96001
7.96001
7.96001
7.96001
7.96001
7.96001
7.96001
7.96001
7.96001
7.96001
7.96001
7.96001
7.96001
7.96001
7.96001
7.96001
7.96001
7.96001
7.96001
7.96001
7.96001
7.96001
7.96001
7.96001
7.96001
7.96001
7.96001
7.96001
7.96001
7.96001
7.96001
7.96001
7.96001
7.96001
7.96001
7.96001
7.96001
7.96001
7.96001
7.96001
7.96001
7.96001
7.96001
7.96001
7.96001
7.96001
7.96001
7.96001
7.96001
7.96001
7.96001
7.96001
7.96001
7.96001
7.96001
7.96001
7.96001
7.96001
7.96001
7.96001
7.96001
7.96001
7.96001
7.96001
7.96001
7.96001
7.96001
7.96001
7.96001
7.96001
7.96001
7.96001
7.96001
7.96001
7.96001
7.96001
7.96001
7.96001
7.96001
7.96001
7.96001
7.96001
7.96001
7.96001
7.96001
7.96001
7.96001
7.96001
7.96001
7.96001
7.96001
7.96001
7.96001
7.96001
7.96001
7.96001
7.96001
7.96001
7.96001
7.96001
7.96001
7.96001
7.96001
7.96001
7.96001
7.96001
7.96001
7.96001
7.96001
7.96001
7.96001
7.96001
7.96001
7.96001
7.96001
7.96001
7.96001
7.96001
7.96001
7.96001
7.96001
7.96001
7.96001
7.96001
7.96001
7.96001
7.96001
7.96001
7.96001
7.96001
7.96001
7.95943
7.95943
7.89876
7.89876
7.89876
7.89876
7.89876
7.89876
7.89876
7.89876
7.89876
7.89876
7.89876
7.89876
7.89876
7.89876
7.89876
7.89876
7.89876
7.89876
7.89876
7.89876
7.89876
7.89876
7.89876
7.89876
7.89876
7.89876
7.89876
7.89876
7.89876
7.89876
7.89876
7.89876
7.89876
7.89876
7.89876
7.89876
7.89876
7.89876
7.89876
7.89876
7.89876
7.89876
7.89876
7.89876
7.89876
7.89876
7.89876
7.89876
7.89876
7.89876
7.89876
7.89876
7.89876
7.89356
7.89356
7.89356
7.89207
7.89207
7.89207
7.89207
7.89207
7.89207
7.89207
7.89207
7.89207
7.89207
7.89207
7.89207
7.89207
7.89207
7.89207
7.89207
7.89207
7.89207
7.89207
7.89207
7.89207
7.89207
7.89207
7.89207
7.89207
7.89207
7.89207
7.89207
7.89207
7.89207
7.89207
7.89207
7.89207
7.89207
7.89207
7.89207
7.89207
7.89207
7.89207
7.89207
7.89207
7.89207
7.89207
7.89207
7.89207
7.89207
7.89207
7.89207
7.89207
7.89207
7.89207
7.89207
7.89207
7.89207
7.89207
7.89207
7.89207
7.89207
7.89207
7.89207
7.89207
7.89207
7.89207
7.89207
7.89207
7.89207
7.89207
7.89207
7.89207
7.89207
7.89207
7.89207
7.89207
7.89207
7.89207
7.89207
7.89207
7.89207
7.89207
7.89207
7.89207
7.89207
7.89207
7.89207
7.89207
7.89207
7.89207
7.89207
7.89207
7.89207
7.89207
7.89207
7.89207
7.89207
7.89207
7.89207
7.89207
7.89207
7.89207
7.89207
7.89207
7.89207
7.89207
7.89207
7.89207
7.89207
7.89207
7.89207
7.89207
7.89207
7.89207
7.89207
7.89207
7.89207
7.89207
7.89207
7.89207
7.89207
7.89207
7.89207
7.89207
7.89207
7.89207
7.89207
7.89207
7.89207
7.89207
7.89207
7.89207
7.89207
7.89207
7.89207
7.89207
7.89207
7.89207
7.89207
7.89207
7.89207


-1.9012
-0.0190006
0.979365
-0.0519284
-2.01003
1.03845
-1.95856
-0.0531651
0.216024
0.0830025
-0.00651245
1.79505
-0.0201814
2.07409
1.01303
-0.0428129
0.00223123
-0.00134021
-0.924555
1.30304
-0.083122
0.026346
-1.09643
-2.04133
1.03426
1.00936
1.02105
0.865039
0.0779161
11.2871

0.027

