20.1041
20.1041
20.1041
20.1041
20.1041
20.0688
20.0688
20.0688
20.0688
20.0688
19.6212
19.6212
19.6212
19.6212
19.6212
19.3462
19.3462
19.3462
19.3462
19.3462
19.3462
18.0638
18.0638
18.0638
18.0638
18.0638
18.0638
18.0638
18.0638
18.0638
18.0638
18.0638
18.0638
18.0638
18.0638
18.0638
18.0638
18.0638
18.0638
18.0638
18.0638
18.0638
18.0638
18.0638
18.0638
18.0638
17.8041
17.8041
17.8041
17.8041
17.8041
17.8041
17.8041
17.8041
17.8041
17.8041
17.4303
17.4303
17.4303
17.4303
17.4303
17.4303
17.4303
17.4303
17.4303
17.4303
17.4303
17.4303
17.4303
17.4303
17.4303
17.4303
17.4303
17.4303
17.4303
17.4303
17.4303
17.4303
17.4303
17.4303
17.3748
17.3748
17.3748
16.2293
16.2293
16.2293
16.2293
16.2293
16.2293
16.2293
16.2293
16.2293
16.2293
16.2293
16.2293
16.2293
16.2293
16.2293
16.2293
16.2293
16.2293
16.2293
16.2293
16.2293
16.2293
16.2293
16.2293
16.2293
16.2293
16.2293
16.2293
16.2293
16.0466
16.0466
16.0466
16.0466
16.0466
16.0466
16.0466
16.0466
16.0466
16.0466
16.0466
16.0466
16.0466
16.0466
15.5743
15.5743
15.5743
15.5743
15.5743
15.5743
15.5743
15.5743
15.5743
15.5743
15.5743
15.5743
15.5743
15.5743
15.1568
15.1568
15.1568
14.9001
14.6507
14.6507
14.6507
14.6507
14.6507
14.6507
14.6507
14.6507
14.6507
14.6507
14.6507
14.6507
14.6507
14.6507
14.6507
14.6507
14.6507
14.6507
14.6507
14.6507
14.6507
14.6507
14.6507
14.6507
14.6507
14.5237
14.5237
14.5237
14.5237
14.5237
14.5237
14.5237
14.5237
14.5237
14.5237
14.1872
14.1872
14.1872
14.1872
14.1872
14.1872
14.1872
14.1872
14.1872
14.1872
14.1872
14.1872
14.1872
14.1872
14.1872
14.1872
14.1872
14.1872
14.1872
14.1872
14.1872
14.1872
14.1872
14.1872
14.1872
14.1872
14.1872
14.1872
13.95
13.95
13.95
13.95
13.95
13.95
13.95
13.95
13.95
13.95
13.95
13.95
13.95
13.95
13.95
13.95
13.95
13.95
13.95
13.95
13.95
13.95
13.95
13.95
13.95
13.95
13.95
13.95
13.95
13.95
13.828
13.828
13.828
13.828
13.828
13.828
13.828
13.828
13.5315
13.5315
13.5315
13.5315
12.2344
12.2344
12.2344
12.2344
12.2344
12.2344
12.2344
12.2344
12.2344
12.2344
12.2344
12.2344
12.2344
12.2344
12.2344
12.2344
12.2344
12.2344
12.2344
12.2344
12.2344
12.2344
12.2344
12.2344
11.977
11.977
11.977
11.977
11.977
11.977
11.977
11.977
11.977
11.977
11.977
11.977
11.977
11.977
11.977
11.977
11.977
11.977
11.977
11.977
11.977
11.977
11.977
11.977
11.977
11.977
11.977
11.977
11.977
11.977
11.977
11.977
11.977
11.977
11.8978
11.8978
11.8978
11.8978
11.8978
11.8978
11.8978
11.8978
11.8978
11.8978
11.8978
11.8978
11.8978
11.8978
11.8978
11.8978
11.8978
11.8978
11.8978
11.8978
11.8978
11.8978
11.8978
11.8978
11.8978
11.8978
11.8978
11.8978
11.8978
11.8978
11.8978
11.8978
11.8978
11.8978
11.8978
11.8978
11.8978
11.8978
11.8978
11.8978
11.8978
11.8978
11.8978
11.8978
11.8978
11.8978
11.8978
11.8978
11.8978
11.8978
11.8978
11.8978
11.8978
11.8978
11.8978
11.8978
11.8978
11.8978
11.8978
11.8978
11.8978
11.8978
11.8978
11.8978
11.8978
11.8978
11.8978
11.8978
11.8978
11.8978
11.8978
11.8978
11.8978
11.8978
11.8978
11.8978
11.8978
11.8978
11.8978
11.8978
11.8978
11.8978
11.8978
11.8978
11.8978
11.8978
11.8978
11.8978
11.8978
11.8978
11.8978
11.8978
11.8978
11.8978
11.8978
11.8978
11.8978
11.8978
11.8978
11.8978
11.8978
11.8978
11.8978
11.8778
11.8778
11.8778
11.8778
11.8778
11.7074
11.7074
11.7074
11.7074
11.7074
11.7074
11.7074
11.7074
11.7074
11.4453
11.4453
11.4453
11.4453
11.4453
11.4453
11.4453
11.4453
11.4453
11.4453
11.4453
11.4453
11.4453
11.4453
11.4453
11.4453
11.4453
11.4453
11.4453
11.4453
11.4453
11.4453
11.4453
11.4453
11.4453
11.4453
11.4453
11.4453
11.4453
11.4453
11.4081
11.4081
11.4081
11.4081
11.4081
11.4081
11.4081
11.4081
11.1605
11.1605
11.1605
11.1605
11.1605
11.1605
11.1605
11.1605
11.1605
11.1605
11.1605
11.1605
11.1605
11.1605
11.1605
11.1605
11.1605
11.1605
11.1605
11.1605
11.1605
11.1605
11.1605
11.1605
11.1605
11.1605
11.1605
11.1605
11.1605
11.1605
11.1605
11.1605
11.1605
11.1605
11.1605
11.1605
11.1605
11.1605
11.1605
11.1605
11.1605
11.1605
11.1605
11.1605
11.1366
11.1366
11.1366
11.1366
11.1366
11.1366
11.1366
11.1366
11.1366
11.1366
11.1366
10.854
10.854
10.854
10.854
10.854
10.854
10.854
10.854
10.854
10.854
10.854
10.7449
10.7449
10.7449
10.7449
10.7449
10.7449
10.7449
10.7449
10.7449
10.7449
10.7449
10.7449
10.7449
10.7449
10.7449
10.7449
10.7449
10.7449
10.7449
10.7449
10.7449
10.7449
10.7449
10.7449
10.7449
10.7449
10.7449
10.7449
10.7449
10.7449
10.7449
10.4701
10.4701
10.4701
10.4701
10.4701
10.4701
10.4701
10.4701
10.4701
10.4701
10.4701
10.4701
10.4701
10.4701
10.4701
10.4701
10.4701
10.4701
10.4701
10.4701
10.4701
10.4701
10.4701
10.4701
10.4701
10.4701
10.4701
10.4701
10.4701
10.4701
10.4701
10.4701
10.4701
10.4701
10.4701
10.4701
10.4701
10.4701
10.4701
10.4701
10.4701
10.4701
10.4701
10.4701
10.4701
10.4701
10.4701
10.4701
10.4701
10.4701
10.4701
10.4701
10.4701
10.3913
10.3913
10.3913
10.3913
10.3913
10.3203
10.3203
10.3203
10.3203
10.3203
10.3203
10.3203
10.3203
10.3203
10.3203
10.3203
10.3203
10.3203
10.3203
10.3203
10.3203
10.3203
10.3203
10.3203
10.3203
10.3203
10.3203
10.3203
10.3203
10.3203
10.3203
10.3203
10.3203
10.3203
10.3203
10.3203
10.3203
10.3203
10.3203
10.3203
10.3203
10.3203
10.3203
10.3203
10.3203
10.299
10.299
10.299
10.299
10.299
10.299
10.299
10.299
10.299
10.299
10.299
10.299
10.299
10.299
10.299
10.299
10.299
10.299
10.299
10.299
10.299
10.299
10.299
10.299
10.1859
10.1859
10.1859
10.1859
10.1859
10.1859
10.1859
10.1859
10.1859
10.1859
10.1859
10.1859
10.1859
10.1859
10.1859
10.1859
10.1859
10.1859
10.1859
10.1859
10.1859
10.1859
10.1859
10.1859
10.1859
10.1859
10.1859
10.1859
10.1859
10.1859
10.1859
10.1859
10.1859
10.1859
10.1859
10.1859
10.1859
10.1859
10.1859
10.1859
10.0989
10.0989
10.0989
10.0989
10.0989
10.0989
10.0989
10.0989
10.0989
10.0989
10.0989
10.0989
10.0989
10.0989
10.0989
10.0989
10.0989
10.0989
10.0989
10.0989
10.0989
10.0989
10.0989
10.0989
10.0989
10.0989
10.0891
10.0891
10.0891
10.0891
10.0891
10.0891
10.0891
10.0891
10.0891
10.0891
10.0891
10.0891
10.0891
10.0891
10.0891
10.0891
10.0891
10.0759
10.0759
10.0759
10.0759
10.0759
10.0759
10.0759
10.0759
10.0759
10.0759
10.0759
10.0759
10.0759
9.91093
9.91093
9.91093
9.91093
9.91093
9.91093
9.91093
9.91093
9.91093
9.91093
9.91093
9.91093
9.91093
9.91093
9.91093
9.91093
9.87955
9.83236
9.83236
9.83236
9.83236
9.83236
9.83236
9.83236
9.83236
9.83236
9.83236
9.83236
9.83236
9.83236
9.83236
9.83236
9.83236
9.83236
9.83236
9.83236
9.83236
9.83236
9.83236
9.83236
9.83236
9.83236
9.83236
9.8087
9.8087
9.8087
9.8087
9.8087
9.8087
9.8087
9.8087
9.8087
9.8087
9.8087
9.8087
9.8087
9.8087
9.8087
9.75642
9.75642
9.75642
9.75642
9.6963
9.6963
9.6963
9.6963
9.6963
9.6963
9.6963
9.6963
9.6963
9.6963
9.6963
9.6963
9.6963
9.6963
9.6963
9.6963
9.60383
9.60383
9.60383
9.60383
9.60383
9.60383
9.60383
9.60383
9.60383
9.60383
9.60383
9.60383
9.60383
9.60383
9.60383
9.60383
9.60383
9.60383
9.60383
9.60383
9.60383
9.60383
9.60383
9.60383
9.60383
9.60383
9.60383
9.60383
9.60383
9.60383
9.60383
9.60383
9.60383
9.60383
9.60383
9.60383
9.60383
9.60383
9.60383
8.999
8.999
8.999
8.999
8.999
8.999
8.999
8.999
8.999
8.999
8.999
8.999
8.999
8.999
8.999
8.999
8.999
8.999
8.999
8.999
8.999
8.999
8.999
8.999
8.999
8.999
8.999
8.999
8.999
8.999
8.999
8.999
8.999
8.999
8.999
8.999
8.999
8.999
8.999
8.999
8.999
8.999
8.999
8.999
8.999
8.999
8.98551
8.98551
8.98551
8.98551
8.98551
8.98551
8.98551
8.98551
8.98551
8.98551
8.98551
8.98551
8.98551
8.98551
8.98551
8.98551
8.98551
8.98551
8.98551
8.98551
8.98551
8.98551
8.98551
8.98551
8.98551
8.98551
8.98551
8.98551
8.98551
8.98551
8.98551
8.98551
8.98551
8.98551
8.98551
8.98551
8.98551
8.98551
8.98551
8.98551
8.98551
8.98551
8.98551
8.98551
8.98551
8.98551
8.98551
8.98551
8.98551
8.98551
8.98551
8.98551
8.98551
8.98551
8.98551
8.98551
8.98551
8.98551
8.98551
8.98551
8.98551
8.98551
8.98551
8.98551
8.98551
8.98551
8.98551
8.98551
8.98551
8.98551
8.98551
8.98551
8.98551
8.98551
8.98551
8.98551
8.98551
8.98551
8.98551
8.98551
8.98551
8.98551
8.98551
8.98551
8.98551
8.98551
8.98551
8.98551
8.98551
8.98551
8.98551
8.98551
8.98551
8.98551
8.98551
8.98551
8.98551
8.98551
8.98551
8.98551
8.98551
8.98551
8.98551
8.98551
8.98551
8.98551
8.98551
8.98551
8.98551
8.98551
8.98551
8.98551
8.98551
8.98551
8.98551
8.98551
8.98551
8.98551
8.98551
8.98551
8.98551
8.97064
8.97064
8.97064
8.97064
8.97064
8.97064
8.97064
8.97064
8.97064
8.97064
8.97064
8.97064
8.96876
8.96876
8.96876
8.96876
8.96876
8.96876
8.96876
8.96876
8.96876
8.96876
8.96876
8.96876
8.96876
8.96876
8.96876
8.96876
8.96876
8.96876
8.96876
8.96876
8.96876
8.96876
8.96876
8.96876
8.93128
8.93128
8.93128
8.93128
8.93128
8.93128
8.93128
8.827
8.827
8.827
8.827
8.827
8.827
8.827
8.827
8.827
8.827
8.827
8.827
8.827
8.827
8.827
8.827
8.78884
8.78884
8.78884
8.78884
8.78884
8.78884
8.78884
8.78884
8.78884
8.55357
8.55357
8.55357
8.55357
8.55357
8.55357
8.55357
8.55357
8.55357
8.55357
8.55357
8.55357
8.55357
8.55357
8.3005
8.3005
8.3005
8.3005
8.3005
8.3005
8.3005
8.3005
8.3005
8.3005
8.3005
8.3005
8.3005
8.3005
8.3005
8.3005
8.3005
8.3005
8.3005
8.3005
8.3005
8.3005
8.3005
8.3005
8.3005
8.3005
8.3005
8.3005
8.3005
8.3005
8.3005
8.3005
8.3005
8.3005
8.3005
8.3005
8.3005
8.3005
8.3005
8.3005
8.23357
8.23357
8.23357
8.23357
8.23357
8.23357
8.23357
8.23357
8.23357
8.23357
8.23357
8.23357
8.23357
8.23357
8.23357
8.23357
8.23357
8.23357
8.23357
8.23357
8.23357
8.23357
8.23357
8.23357
8.23357
8.23357
8.23357
8.23357
8.23357
8.23357
8.23357
8.23357
8.23357
8.23357
8.23357
8.23357
8.23357
8.23357
8.23357
8.23357
8.23357
8.23357
8.23357
8.23357
8.23357
8.23357
8.20576
8.20576
8.20576
8.20576
8.20576
8.20576
8.20576
8.20576
8.20576
8.20576
8.20576
8.20576
8.20576
8.20576
8.20576
8.20576
8.20576
8.20576
8.20576
8.20576
8.20576
8.20576
8.20576
8.20576
8.20576
8.20576
8.20576
8.20576
8.20576
8.20576
8.20576
8.20576
8.20576
8.20576
8.20576
8.20576
8.20576
8.20576
8.20576
8.20576
8.20576
8.20576
8.20576
8.20576
8.20576
8.20576
8.20576
8.20576
8.20576
8.20576
8.109
8.109
8.109
8.109
8.109
8.109
8.109
8.109
8.109
8.109
8.109
8.109
8.109
8.109
8.109
8.109
8.109
8.109
8.109
8.109
8.109
8.109
8.109
8.109
8.109
8.109
8.109
8.109
8.109
8.109
8.109
8.109
8.109
8.109
8.109
8.109
8.109
8.109
8.109
8.109
8.109
8.109
8.109
8.109
8.109
8.109
8.109
8.109
8.109
8.109
8.109
8.109
8.109
8.109
8.109
8.109
8.109
8.109
8.109
8.109
8.08999
8.08999
8.08999
8.08999
8.08999
8.01288
8.01288
8.01288
8.01288
8.01288
8.01288
8.01288
8.01288
8.01288
8.01288
8.01288
8.01288
8.01288
8.01288
8.01288
8.01288
8.01288
8.01288
8.01288
8.01288
8.01288
8.01288
8.01288
8.01288
8.01288
8.01288
8.01288
8.01288
8.01288
8.01288
8.01288
8.01288
8.01288
8.01288
7.96799
7.96799
7.96799
7.96799
7.96799
7.96799
7.96799
7.96799
7.96799
7.96799
7.96799
7.96799
7.96799
7.96799
7.96799
7.96799
7.96799
7.96799
7.96799
7.96799
7.96799
7.96799
7.96799
7.96799
7.96799
7.96799
7.96799
7.96799
7.96799
7.96799
7.96799
7.96799
7.96799
7.96799
7.96799
7.96799
7.96799
7.96799
7.96799
7.96799
7.96799
7.96799
7.96799
7.96799
7.96799
7.96799
7.96799
7.96799
7.96799
7.96799
7.96799
7.96799
7.96799
7.96799
7.96799
7.96799
7.77863
7.77863
7.77863
7.77863
7.77863
7.77863
7.77863
7.77863
7.77863
7.77863
7.77863
7.77863
7.77863
7.77863
7.77863
7.77863
7.77863
7.77863
7.77863
7.77863
7.77863
7.77863
7.77863
7.77863
7.77863
7.77863
7.77863
7.77863
7.77863
7.77863
7.77863
7.77863
7.77863
7.77863
7.77863
7.77863
7.77863
7.77863
7.77863
7.77863
7.77863
7.77863
7.77863
7.77863
7.77863
7.77863
7.77863
7.77863
7.77863
7.77863
7.77863
7.77863
7.77863
7.77863
7.77863
7.77863
7.77863
7.77863
7.77863
7.77863
7.77863
7.77863
7.77863
7.77863
7.77863
7.77863
7.77863
7.77863
7.77863
7.77863
7.77863
7.77863
7.77863
7.77863
7.77863
7.77863
7.77863
7.77863
7.77863
7.77863
7.77863
7.77863
7.77863
7.77863
7.77863
7.77863
7.77863
7.77863
7.77863
7.77863
7.77863
7.77863
7.77863
7.77863
7.77863
7.77863
7.77863
7.77863
7.77863
7.77863
7.77863
7.77863
7.77863
7.77441
7.77441
7.77441
7.77441
7.77441
7.77441
7.77441
7.77441
7.77441
7.77441
7.77441
7.77441
7.77441
7.77441
7.61043
7.61043
7.61043
7.61043
7.61043
7.61043
7.61043
7.61043
7.61043
7.61043
7.61043
7.61043
7.61043
7.61043
7.61043
7.61043
7.61043
7.61043
7.61043
7.61043
7.61043
7.61043
7.61043
7.61043
7.61043
7.61043
7.61043
7.61043
7.61043
7.61043
7.61043
7.61043
7.61043
7.61043
7.61043
7.61043
7.61043
7.61043
7.61043
7.61043
7.61043
7.61043
7.61043
7.61043
7.61043
7.61043
7.61043
7.61043
7.61043
7.61043
7.61043
7.56065
7.56065
7.56065
7.56065
7.56065
7.56065
7.56065
7.56065
7.56065
7.56065
7.56065
7.56065
7.56065
7.56065
7.56065
7.56065
7.56065
7.56065
7.56065
7.56065
7.56065
7.56065
7.56065
7.56065
7.56065
7.56065
7.54069
7.54069
7.54069
7.54069
7.54069
7.54069
7.54069
7.54069
7.54069
7.54069
7.54069
7.54069
7.54069
7.54069
7.54069
7.54069
7.54069
7.54069
7.54069
7.54069
7.54069
7.54069
7.54069
7.54069
7.54069
7.54069
7.54069
7.54069
7.54069
7.54069
7.54069
7.54069
7.54069
7.54069
7.54069
7.54069
7.54069
7.54069
7.54069
7.54069
7.54069
7.54069
7.54069
7.54069
7.54069
7.54069
7.54069
7.51253
7.51253
7.51253
7.51253
7.51253
7.51253
7.51253
7.51253
7.51253
7.51253
7.51253
7.51253
7.51253
7.51253
7.51253
7.51253
7.51253
7.51253
7.51253
7.51253
7.51253
7.51253
7.51253
7.51253
7.51253
7.51253
7.51253
7.51253
7.51253
7.51253
7.51253
7.51253
7.51253
7.14981
7.14981
7.14981
7.14981
7.14981
7.14981
7.14981
7.14981
7.14981
7.14981
7.14981
7.14981
7.14981
7.14981
7.14981
7.14981
7.14981
7.14981
7.14981
7.14981
7.14981
7.14981
7.14981
7.14981
7.14981
7.14981
7.14981
7.14981
7.14981
7.14981
7.14981
7.14981
7.14981
7.14981
7.14981
7.14981
7.14981
7.14981
7.14981
7.14981
7.14981
7.14981
7.14981
7.14981
7.14981
7.14981
7.14981
7.14981
7.14981
7.14981
7.14981
7.14981
7.14981
7.14981
7.14981
7.14981
7.14981
7.14981
7.14981
7.14981
7.14981
7.14981
7.14981
7.14981
7.14981
7.14981
7.14981
7.14981
7.14981
7.14981
7.14981
7.14981
7.14981
7.14981
7.14981
7.14981
7.14981
7.14981
7.14981
7.14981
7.14981
7.14981
7.14981
7.14981
7.14981
7.14981
7.14981
7.14981
7.14981
7.14981
7.14981
7.14981
7.14981
7.14981
7.14981
7.14981
7.14981
7.14981
7.14981
7.14981
7.14981
7.14981
7.14981
7.14981
7.14981
7.14981
7.14981
7.14981
7.14981
7.14981
7.14981
7.14981
7.14981
7.14981
7.14981
7.14981
7.14981
7.14981
7.14981
7.14981
7.14981
7.14981
7.14981
7.14981
7.14981
7.14981
7.14981
7.14981
7.14981
7.14981
7.14981
7.14981
7.14981
7.14981
7.14981
7.14981
7.14981
7.14981
7.14981
7.14981
7.14981
7.14981
7.14981
7.14981
7.14981
7.14981
7.14981
7.14981
7.14981
7.14981
7.14981
7.14981
7.14981
7.14981
7.14981
7.14981
7.14981
7.14981
7.14981
7.14981
7.14981
7.14981
6.95997
6.95997
6.95997
6.95997
6.95997
6.95997
6.95997
6.95997
6.95997
6.95997
6.95997
6.95997
6.95997
6.95997
6.95997
6.95997
6.95997
6.95997
6.95997
6.95997
6.95997
6.95997
6.95997
6.95997
6.95997
6.95997
6.95997
6.95997
6.95997
6.95997
6.95997
6.95997
6.95997
6.95997
6.95997
6.95997
6.95997
6.95997
6.95997
6.95997
6.95997
6.95997
6.95997
6.95997
6.95997
6.95997
6.95997
6.95997
6.95997
6.95997
6.95997
6.95997
6.95997
6.95997
6.95997
6.92847
6.92847
6.92847
6.92847
6.92847
6.92847
6.92847
6.92847
6.92847
6.92847
6.92847
6.92847
6.92847
6.92847
6.92847
6.92847
6.92847
6.92847
6.92847
6.92847
6.92847
6.92847
6.92847
6.92847
6.92847
6.92847
6.92847
6.92847
6.92847
6.92847
6.92847
6.92847
6.92847
6.92847
6.92847
6.92847
6.92847
6.92847
6.92847
6.92847
6.92847
6.92847
6.92847
6.92847
6.92847
6.92847
6.92847
6.92847
6.92847
6.92847
6.92847
6.92847
6.92847
6.92847
6.92847
6.92847
6.92847
6.92847
6.92847
6.92847
6.92847
6.92847
6.92847
6.92847
6.92847
6.92847
6.92847
6.92847
6.92847
6.92847
6.92847
6.92847
6.92847
6.92847
6.92847


-0.0458695
-1.11267
0.121514
1.18702
-1.7946
-1.93358
-2.92683
-2.20729
-1.15713
1.89732
0.2189
0.218889
3.17236
1.36657
-1.19251
-3.0849
-2.86599
-3.98828
-1.95906
0.97486
-1.097
-0.289991
0.687801
-0.908335
-1.78364
-2.03919
-0.0923979
-0.136322
-1.01442
2.01325

0.029

