631.35
631.35
631.35
631.35
631.35
631.35
631.35
631.35
299.575
68.5449
63.3615
63.3615
63.3615
63.3615
63.3615
63.3615
63.3615
63.3615
63.3615
63.3615
63.3615
63.3615
63.3615
63.3615
52.1839
52.1839
52.1839
52.1839
52.1839
52.1839
52.1839
52.1839
52.1839
52.1839
52.1839
52.1839
52.1839
52.1839
52.1839
52.1839
52.1839
52.1839
52.1839
52.1839
52.1839
52.1839
52.1839
52.1839
52.1839
50.6385
50.6385
44.604
44.604
44.604
44.604
44.604
44.604
44.604
44.604
44.604
44.604
44.604
44.604
44.604
44.604
44.604
44.604
44.604
44.604
44.604
44.604
44.604
44.604
44.604
44.604
44.604
44.604
44.604
43.1986
43.1986
43.1986
43.1986
43.1986
41.9666
41.9666
41.9666
41.9666
41.9666
41.9666
39.2645
39.2645
39.2645
39.2645
39.2645
39.2645
39.2645
39.2645
39.2645
39.2645
39.2645
39.2645
39.2645
39.2645
39.2645
39.2645
39.2645
39.2645
39.2645
39.2645
39.2645
39.2645
37.3275
37.3275
37.3275
37.3275
37.3275
37.3275
37.3275
37.3275
37.3275
36.5392
35.7662
35.7662
35.7662
35.7662
35.7662
35.7662
35.7662
35.7662
35.7662
35.7662
35.7662
35.7662
28.5949
28.5949
28.5949
28.5949
28.5949
28.5949
28.5949
28.5949
28.5949
28.5949
26.4782
26.4782
26.4782
26.4782
26.4782
26.4782
26.4782
26.4782
26.4782
26.4782
26.4782
26.4782
26.4782
26.4782
26.4782
26.4782
26.4782
26.4782
26.4782
26.4782
26.4782
26.4782
26.4782
26.4782
26.4782
26.4782
26.4782
26.4782
26.4782
26.4782
26.4782
26.4782
26.4782
26.4782
26.4782
26.4782
25.6966
25.6966
25.6966
25.6966
25.6966
25.6966
25.6966
25.6966
25.6966
25.6966
25.6966
25.6966
25.6966
25.6966
25.6966
25.6966
24.7453
24.7453
24.7453
24.7453
24.7453
24.7453
24.7453
24.7453
24.7453
24.7453
24.7453
24.7453
24.7453
23.6027
23.6027
23.6027
23.2878
23.2878
23.2878
23.2878
23.2878
23.2878
23.2878
23.2878
23.2878
23.2878
23.2878
23.2878
23.2878
23.2878
23.2878
23.2878
23.2878
23.2878
23.2878
20.7224
20.7224
20.7224
20.7224
20.7224
20.7224
20.7224
20.7224
20.7224
20.7224
20.7224
20.7224
20.7224
20.7224
20.7224
20.7224
20.7224
20.1218
17.9128
17.9128
17.9128
17.9128
17.9128
17.9128
17.9128
17.9128
17.9128
17.9128
14.6361
14.6361
14.6361
14.6361
14.6361
14.6361
14.6361
14.6361
14.6361
14.6361
14.6361
14.6361
14.6361
14.6361
14.6361
11.7786
11.7786
11.7786
11.7786
11.7786
11.7786
11.7786
11.7786
11.7786
11.7786
11.7786
11.7786
11.7786
11.7786
11.7786
11.7786
11.7786
11.7786
11.7786
11.6639
11.6639
11.2342
11.2342
11.2342
11.2342
11.2342
11.2342
11.2342
11.045
11.045
11.045
11.045
10.7895
10.7895
9.92096
9.92096
9.92096
9.92096
9.92096
9.92096
9.92096
9.92096
9.92096
9.2526
9.2526
9.2526
9.2526
9.2526
9.2526
9.2526
9.2526
9.2526
9.2526
9.2526
9.2526
9.2526
9.2526
9.2526
9.2526
9.2526
9.2526
8.46065
8.46065
8.46065
8.46065
8.46065
8.46065
8.46065
8.46065
7.93939
7.87988
7.87988
7.58629
7.58629
7.58629
7.58629
7.58629
7.58629
7.58629
7.58629
7.58629
7.58629
7.58629
7.58629
7.58629
7.58629
7.58629
6.99942
6.99942
6.99942
6.99942
6.99942
6.99942
6.99942
6.99942
6.99942
5.47624
5.47624
5.47624
5.47624
5.47624
5.47624
5.47624
5.47624
5.47624
5.47624
5.47624
5.47624
5.47624
5.47624
5.47624
5.47624
5.47624
5.47624
5.47624
5.47624
5.47624
5.47624
5.47624
5.47624
5.47624
5.47624
5.28703
5.28703
5.28703
5.28703
5.28703
5.28703
5.28703
5.28703
5.28703
5.23606
5.23606
5.23606
5.23606
5.23606
5.23606
4.90036
4.90036
4.05255
4.05255
4.05255
4.05255
4.05255
4.05255
4.05255
4.05255
4.05255
4.05255
4.05255
4.05255
4.05255
4.05255
4.05255
3.94513
3.94513
3.94513
3.94513
3.94513
3.94513
3.94513
3.86761
3.86761
3.86761
3.86761
3.86761
3.86761
3.86761
3.86761
3.86761
3.86761
3.86761
3.81695
3.73028
3.73028
3.73028
3.73028
3.73028
3.73028
3.73028
3.73028
3.73028
3.70495
3.70495
3.70495
3.70495
3.70495
3.70495
3.70495
3.70495
3.70495
3.70495
3.70495
3.70495
3.70495
3.70495
3.70495
3.70495
3.70495
3.70495
3.67962
3.67962
3.67962
3.67962
3.67962
3.67962
3.67962
3.67962
3.67962
3.67962
3.67962
3.67962
3.67962
3.67962
3.67962
3.67962
3.67962
3.67962
3.67962
3.64971
3.64971
3.64971
3.64971
3.64971
3.64971
3.64971
3.64971
3.57219
3.57219
3.57219
3.57219
3.57219
3.57219
3.57219
3.57219
3.57219
3.57219
3.57219
3.57219
3.57219
3.54228
3.54228
3.54228
3.54228
3.54228
3.54228
3.54228
3.54228
3.54228
3.54228
3.54228
3.51238
3.51238
3.51238
3.51238
3.51238
3.51238
3.51238
3.51238
3.51238
3.51238
3.51238
3.51238
3.51238
3.51238
3.51238
3.48247
3.48247
3.48247
3.48247
3.48247
3.48247
3.48247
3.48247
3.48247
3.48247
3.45714
3.45714
3.45714
3.45714
3.45714
3.45714
3.45714
3.45714
3.45714
3.45714
3.45714
3.45714
3.45714
3.45714
3.45714
3.45256
3.45256
3.45256
3.45256
3.45256
3.45256
3.45256
3.45256
3.45256
3.45256
3.45256
3.45256
3.45256
3.45256
3.45256
3.45256
3.45256
3.45256
3.45256
3.45256
3.42723
3.42723
3.42723
3.42723
3.42723
3.42723
3.42723
3.42723
3.42723
3.42723
3.42723
3.42723
3.42723
3.42723
3.42723
3.42723
3.42723
3.42723
3.42723
3.42723
3.42723
3.42723
3.42723
3.42723
3.42723
3.42723
3.42723
3.42723
3.42723
3.42723
3.42723
3.42723
3.42723
3.42723
3.36741
3.36741
3.36741
3.36741
3.36741
3.36741
3.36741
3.36741
3.36741
3.36741
3.36741
3.34208
3.34208
3.34208
3.3076
3.3076
3.3076
3.3076
3.3076
3.3076
3.3076
3.3076
3.3076
3.3076
3.3076
3.3076
3.3076
3.3076
3.3076
3.3076
3.3076
3.3076
3.3076
3.3076
3.3076
3.3076
3.28227
3.28227
3.28227
3.28227
3.28227
3.28227
3.28227
3.28227
3.28227
3.28227
3.28227
3.28227
3.28227
3.28227
3.28227
3.28227
3.28227
3.28227
3.28227
3.27769
3.27769
3.27769
3.27769
3.27769
3.27769
3.27769
3.25236
3.25236
3.25236
3.25236
3.25236
3.25236
3.25236
3.19254
3.19254
3.19254
3.19254
3.19254
3.19254
3.19254
3.19254
3.19254
3.19254
3.19254
3.19254
3.19254
3.19254
3.19254
3.19254
3.19254
3.19254
3.19254
3.19254
3.19254
3.18796
3.18796
3.18796
3.13272
3.13272
3.13272
3.13272
3.13272
3.13272
3.13272
3.13272
3.13272
3.13272
3.13272
3.13272
3.10282
3.10282
3.10282
3.10282
3.10282
3.10282
3.10282
3.10282
3.10282
3.10282
3.10282
3.10282
3.10282
3.10282
3.10282
3.10282
3.10282
3.10282
3.10282
3.10282
3.10282
3.10282
3.10282
3.10282
3.10282
3.10282
3.10282
3.043
3.043
3.043
3.043
3.01309
3.01309
3.01309
3.01309
3.01309
3.01309
3.01309
3.01309
3.01309
3.01309
3.01309
3.01309
3.01309
3.01309
3.01309
3.01309
3.01309
3.01309
3.01309
3.01309
3.01309
2.95328
2.95328
2.95328
2.95328
2.95328
2.95328
2.95328
2.95328
2.95328
2.95328
2.95328
2.92337
2.92337
2.92337
2.92337
2.92337
2.92337
2.92337
2.92337
2.92337
2.92337
2.92337
2.92337
2.92337
2.92337
2.92337
2.92337
2.92337
2.92337
2.89346
2.89346
2.89346
2.89346
2.89346
2.89346
2.89346
2.89346
2.89346
2.89346
2.89346
2.89346
2.89346
2.89346
2.89346
2.89346
2.89346
2.89346
2.89346
2.89346
2.89346
2.89346
2.89346
2.89346
2.89346
2.89346
2.89346
2.89346
2.89346
2.89346
2.89346
2.89346
2.89346
2.89346
2.89346
2.89346
2.89346
2.89346
2.89346
2.89346
2.89346
2.89346
2.89346
2.86355
2.86355
2.86355
2.86355
2.86355
2.86355
2.86355
2.86355
2.86355
2.86355
2.80374
2.80374
2.80374
2.80374
2.80374
2.80374
2.80374
2.80374
2.80374
2.80374
2.80374
2.80374
2.80374
2.80374
2.80374
2.80374
2.80374
2.80374
2.80374
2.80374
2.80374
2.77383
2.77383
2.77383
2.77383
2.77383
2.77383
2.77383
2.77383
2.77383
2.77383
2.77383
2.77383
2.77383
2.77383
2.77383
2.77383
2.77383
2.77383
2.77383
2.77383
2.77383
2.77383
2.77383
2.77383
2.77383
2.77383
2.77383
2.77383
2.77383
2.77383
2.77383
2.77383
2.77383
2.77383
2.77383
2.77383
2.77383
2.77383
2.77383
2.77383
2.77383
2.77383
2.77383
2.77383
2.77383
2.77383
2.77383
2.77383
2.77383
2.77383
2.77383
2.77383
2.77383
2.77383
2.77383
2.77383
2.77383
2.77383
2.77383
2.77383
2.77383
2.77383
2.77383
2.77383
2.77383
2.77383
2.77383
2.77383
2.77383
2.77383
2.77383
2.77383
2.77383
2.77383
2.77383
2.77383
2.77383
2.77383
2.77383
2.77383
2.77383
2.77383
2.77383
2.77383
2.77383
2.77383
2.77383
2.77383
2.77383
2.77383
2.77383
2.77383
2.77383
2.77383
2.77383
2.77383
2.77383
2.77383
2.77383
2.74392
2.74392
2.74392
2.74392
2.74392
2.74392
2.74392
2.74392
2.74392
2.74392
2.74392
2.74392
2.74392
2.74392
2.74392
2.74392
2.74392
2.74392
2.74392
2.74392
2.74392
2.74392
2.74392
2.74392
2.74392
2.74392
2.74392
2.74392
2.74392
2.74392
2.74392
2.74392
2.74392
2.74392
2.74392
2.74392
2.74392
2.74392
2.74392
2.74392
2.74392
2.74392
2.74392
2.74392
2.74392
2.74392
2.74392
2.74392
2.74392
2.74392
2.74392
2.74392
2.74392
2.74392
2.74392
2.74392
2.74392
2.74392
2.74392
2.74392
2.74392
2.74392
2.74392
2.74392
2.74392
2.74392
2.74392
2.74392
2.74392
2.74392
2.74392
2.74392
2.74392
2.74392
2.74392
2.74392
2.74392
2.74392
2.74392
2.74392
2.74392
2.74392
2.74392
2.74392
2.74392
2.74392
2.74392
2.74392
2.74392
2.74392
2.74392
2.74392
2.74392
2.74392
2.74392
2.74392
2.74392
2.74392
2.74392
2.74392
2.74392
2.74392
2.74392
2.74392
2.74392
2.74392
2.74392
2.74392
2.74392
2.74392
2.74392
2.74392
2.74392
2.74392
2.74392
2.74392
2.74392
2.74392
2.74392
2.74392
2.74392
2.74392
2.74392
2.74392
2.74392
2.74392
2.74392
2.74392
2.74392
2.74392
2.74392
2.74392
2.74392
2.74392
2.74392
2.74392
2.74392
2.74392
2.74392
2.74392
2.74392
2.74392
2.74392
2.74392
2.74392
2.74392
2.74392
2.74392
2.74392
2.74392
2.74392
2.74392
2.74392
2.74392
2.74392
2.74392
2.74392
2.74392
2.74392
2.74392
2.74392
2.74392
2.74392
2.74392
2.74392
2.74392
2.74392
2.74392
2.74392
2.74392
2.74392
2.74392
2.74392
2.74392
2.74392
2.74392
2.74392
2.74392
2.74392
2.74392
2.74392
2.74392
2.74392
2.74392
2.74392
2.74392
2.74392
2.74392
2.74392
2.74392
2.74392
2.74392
2.74392
2.74392
2.74392
2.74392
2.74392
2.74392
2.74392
2.74392
2.74392
2.74392
2.74392
2.74392
2.74392
2.74392
2.74392
2.74392
2.74392
2.74392
2.74392
2.74392
2.74392
2.74392
2.74392
2.74392
2.74392
2.74392
2.74392
2.74392
2.74392
2.74392
2.74392
2.74392
2.74392
2.74392
2.74392
2.74392
2.74392
2.74392
2.74392
2.74392
2.74392
2.74392
2.74392
2.74392
2.74392
2.74392
2.74392
2.74392
2.74392
2.74392
2.74392
2.74392
2.74392
2.74392
2.74392
2.74392
2.74392
2.74392
2.74392
2.74392
2.74392
2.74392
2.74392
2.74392
2.74392
2.74392
2.74392
2.74392
2.74392
2.74392
2.74392
2.74392
2.74392
2.74392
2.74392
2.74392
2.74392
2.74392
2.74392
2.74392
2.74392
2.74392
2.74392
2.74392
2.74392
2.74392
2.74392
2.74392
2.74392
2.74392
2.74392
2.74392
2.74392
2.74392
2.74392
2.74392
2.74392
2.74392
2.74392
2.74392
2.74392
2.74392
2.74392
2.74392
2.74392
2.74392
2.74392
2.74392
2.74392
2.74392
2.74392
2.74392
2.74392
2.74392
2.74392
2.74392
2.74392
2.74392
2.74392
2.74392
2.74392
2.74392
2.74392
2.74392
2.74392
2.74392
2.74392
2.74392
2.74392
2.74392
2.74392
2.74392
2.74392
2.74392
2.74392
2.74392
2.74392
2.74392
2.74392
2.74392
2.74392
2.74392
2.74392
2.74392
2.74392
2.74392
2.74392
2.74392
2.74392
2.74392
2.74392
2.74392
2.74392
2.74392
2.74392
2.74392
2.74392
2.74392
2.74392
2.74392
2.74392
2.74392
2.74392
2.74392
2.74392
2.74392
2.74392
2.74392
2.74392
2.74392
2.74392
2.74392
2.74392
2.74392
2.74392
2.74392
2.74392
2.74392
2.74392
2.74392
2.74392
2.74392
2.74392
2.74392
2.74392
2.74392
2.74392
2.74392
2.74392
2.74392
2.74392
2.74392
2.74392
2.74392
2.74392
2.74392
2.74392
2.74392
2.74392
2.74392
2.74392
2.74392
2.74392
2.74392
2.74392
2.74392
2.74392
2.74392
2.74392
2.74392
2.74392
2.74392
2.74392
2.74392
2.74392
2.74392
2.74392
2.74392
2.74392
2.74392
2.74392
2.74392
2.74392
2.74392
2.74392
2.74392
2.74392
2.74392
2.74392
2.74392
2.74392
2.74392
2.74392
2.74392
2.74392
2.74392
2.74392
2.74392
2.74392
2.74392
2.74392
2.74392
2.74392
2.74392
2.74392
2.74392
2.74392
2.74392
2.74392
2.74392
2.74392
2.74392
2.74392
2.74392
2.74392
2.74392
2.74392
2.74392
2.74392
2.74392
2.74392
2.74392
2.74392
2.74392
2.74392
2.74392
2.74392
2.74392
2.74392
2.74392
2.74392
2.74392
2.74392
2.74392
2.74392
2.74392
2.74392
2.74392
2.74392
2.74392
2.74392
2.74392
2.74392
2.74392
2.74392
2.74392
2.74392
2.74392
2.74392
2.74392
2.74392
2.74392
2.74392
2.74392
2.74392
2.74392
2.74392
2.74392
2.74392
2.74392
2.74392
2.74392
2.74392
2.74392
2.74392
2.74392
2.74392
2.74392
2.74392
2.74392
2.74392
2.74392
2.74392
2.74392
2.74392
2.74392
2.74392
2.74392
2.74392
2.74392
2.74392
2.74392
2.74392
2.74392
2.74392
2.74392
2.74392
2.74392
2.74392
2.74392
2.74392
2.74392
2.74392
2.74392
2.74392
2.74392
2.74392
2.74392
2.74392
2.74392
2.74392
2.74392
2.74392
2.74392
2.74392
2.74392
2.74392
2.74392
2.74392
2.74392
2.74392
2.74392
2.74392
2.74392
2.74392
2.74392
2.74392
2.74392
2.74392
2.74392
2.74392
2.74392
2.74392
2.74392
2.74392
2.74392
2.74392
2.74392
2.74392
2.74392
2.74392
2.74392
2.74392
2.74392
2.74392
2.74392
2.74392
2.74392
2.74392
2.74392
2.74392
2.74392
2.74392
2.74392
2.74392
2.74392
2.74392
2.74392
2.74392
2.74392
2.74392
2.74392
2.74392
2.74392
2.74392
2.74392
2.74392
2.74392
2.74392
2.74392
2.74392
2.74392
2.74392
2.74392
2.74392
2.74392
2.74392
2.74392
2.74392
2.74392
2.74392
2.74392
2.74392
2.74392
2.74392
2.74392
2.74392
2.74392
2.74392
2.74392
2.74392
2.74392
2.74392
2.74392
2.74392
2.74392
2.74392
2.74392
2.74392
2.74392
2.74392
2.74392
2.74392
2.74392
2.74392
2.74392
2.74392
2.74392
2.74392
2.74392
2.74392
2.74392
2.74392
2.74392
2.74392
2.74392
2.74392
2.74392
2.74392
2.74392
2.74392
2.74392
2.74392
2.74392
2.74392
2.74392
2.74392
2.74392
2.74392
2.74392
2.74392
2.74392
2.74392
2.74392
2.74392
2.74392
2.74392
2.74392
2.74392
2.74392
2.74392
2.74392
2.74392
2.74392
2.74392
2.74392
2.74392
2.74392
2.74392
2.74392
2.74392
2.74392
2.74392
2.74392
2.74392
2.74392
2.74392
2.74392
2.74392
2.74392
2.74392
2.74392
2.74392
2.74392
2.74392
2.74392
2.74392
2.74392
2.74392
2.74392
2.74392
2.74392
2.74392
2.74392
2.74392
2.74392
2.74392
2.74392
2.74392
2.74392
2.74392
2.74392
2.74392
2.74392
2.74392
2.74392
2.74392
2.74392
2.74392
2.74392
2.74392
2.74392
2.74392
2.74392
2.74392
2.74392
2.74392
2.74392
2.74392
2.74392
2.74392
2.74392
2.74392
2.74392
2.74392
2.74392
2.74392
2.74392
2.74392
2.74392
2.74392
2.74392
2.74392
2.74392
2.74392
2.74392
2.74392
2.74392
2.74392
2.74392
2.74392
2.74392
2.74392
2.74392
2.74392
2.74392
2.74392
2.74392
2.74392
2.74392
2.74392
2.74392
2.74392
2.74392
2.74392
2.74392
2.74392
2.74392
2.74392
2.74392
2.74392
2.74392
2.74392
2.74392
2.74392
2.74392
2.74392
2.74392
2.74392
2.74392
2.74392
2.74392
2.74392
2.74392
2.74392
2.74392
2.74392
2.74392
2.74392
2.74392
2.74392
2.74392
2.74392
2.74392
2.74392
2.74392
2.74392
2.74392
2.74392
2.74392
2.74392
2.74392
2.74392
2.74392
2.74392
2.74392
2.74392
2.74392
2.74392
2.74392
2.74392
2.74392
2.74392
2.74392
2.74392
2.74392
2.74392
2.74392
2.74392
2.74392
2.74392
2.74392
2.74392
2.74392
2.74392
2.74392
2.74392
2.74392
2.74392
2.74392
2.74392
2.74392
2.74392
2.74392
2.74392
2.74392
2.74392
2.74392
2.74392
2.74392
2.74392
2.74392
2.74392
2.74392
2.74392
2.74392
2.74392
2.74392
2.74392
2.74392
2.74392
2.74392
2.74392
2.74392
2.74392
2.74392
2.74392
2.74392
2.74392
2.74392
2.74392
2.74392
2.74392
2.74392
2.74392
2.74392
2.74392
2.74392
2.74392
2.74392
2.74392
2.74392
2.74392
2.74392
2.74392
2.74392
2.74392
2.74392
2.74392
2.74392
2.74392
2.74392
2.74392
2.74392
2.74392
2.74392
2.74392
2.74392
2.74392
2.74392
2.74392
2.74392
2.74392
2.74392
2.74392
2.74392
2.74392
2.74392
2.74392
2.74392
2.74392
2.74392
2.74392
2.74392
2.74392
2.74392
2.74392
2.74392
2.74392
2.74392
2.74392
2.74392
2.74392
2.74392
2.74392
2.74392
2.74392
2.74392
2.74392
2.74392
2.74392
2.74392
2.74392
2.74392
2.74392
2.74392
2.74392
2.74392
2.74392
2.74392
2.74392
2.74392
2.74392
2.74392
2.74392
2.74392
2.74392
2.74392
2.74392
2.74392
2.74392
2.74392
2.74392
2.74392
2.74392
2.74392
2.74392
2.74392
2.74392
2.74392
2.74392
2.74392
2.74392
2.74392
2.74392
2.74392
2.74392
2.74392
2.74392
2.74392
2.74392
2.74392
2.74392
2.74392
2.74392
2.74392
2.74392
2.74392
2.74392
2.74392
2.74392
2.74392
2.74392
2.74392
2.74392
2.74392
2.74392
2.74392
2.74392
2.74392
2.74392
2.74392
2.74392
2.74392
2.74392
2.74392
2.74392
2.74392
2.74392
2.74392
2.74392
2.74392
2.74392
2.74392
2.74392
2.74392
2.74392
2.74392
2.74392
2.74392
2.74392
2.74392
2.74392
2.74392
2.74392
2.74392
2.74392
2.74392
2.74392
2.74392
2.74392
2.74392
2.74392
2.74392
2.74392
2.74392
2.74392
2.74392
2.74392
2.74392
2.74392
2.74392
2.74392
2.74392
2.74392
2.74392
2.74392
2.74392
2.74392
2.74392
2.74392


0.00473037
0.00473037
0.00473037
0.00473037
0.00473037
0.00473037
0.00473037
0.00473037
0.00473037
0.00473037
0.00473037
0.00473037
0.00473037
0.00473037
0.00473037
0.00473037
0.00473037
0.00473037
0.00473037
0.00473037
0.00473037
0.00473037
0.00473037
0.00473037
0.00473037
0.00473037
0.00473037
0.00473037
0.00473037
2.60674

0.024

