380151
380151
380151
380151
380151
355627
355627
355627
355627
355627
264701
264701
264701
235863
235863
229746
229746
229746
229746
229746
229746
229746
197860
188936
188936
188936
153377
153377
153377
153377
153377
153377
153377
153377
153377
153377
122653
122653
122653
122653
122653
111076
111076
111076
111076
111076
111076
111076
111076
111076
111076
111076
111076
111076
111076
109797
109797
66026.9
66026.9
66026.9
66026.9
66026.9
66026.9
66026.9
66026.9
66026.9
66026.9
66026.9
66026.9
66026.9
66026.9
66026.9
66026.9
66026.9
66026.9
66026.9
66026.9
66026.9
66026.9
66026.9
66026.9
66026.9
66026.9
66026.9
58576.8
58576.8
58576.8
50088.1
50088.1
49864.8
49864.8
48991.8
46858.7
46858.7
46858.7
46858.7
46858.7
46858.7
46858.7
46853
46853
46853
42365.1
42365.1
42365.1
42365.1
42365.1
42365.1
42365.1
42365.1
42365.1
42365.1
42365.1
42365.1
42365.1
42365.1
42365.1
42365.1
42365.1
42365.1
42365.1
42365.1
42365.1
42365.1
42365.1
42239.3
42188.5
42188.5
42188.5
40887.4
40887.4
40887.4
38113.8
38113.8
38113.8
38113.8
38113.8
38113.8
38113.8
38113.8
38113.8
38113.8
38113.8
38113.8
35537.2
35537.2
35537.2
35537.2
35537.2
35537.2
35537.2
35534.7
35534.7
35534.7
35534.7
35534.7
35534.7
35534.7
35534.7
35534.7
35534.7
35420.7
35420.7
35420.7
34401.3
34401.3
34401.3
34401.3
34401.3
34401.3
34401.3
33411
33411
33411
33411
33411
33411
33411
33411
33411
33411
33411
33411
33411
33411
33411
33411
31842.9
31842.9
31842.9
31842.9
31842.9
31842.9
31842.9
31842.9
31842.9
31753.6
31753.6
31673.5
31351
31318.4
31318.4
31318.4
31318.4
30842.8
30842.8
30842.8
30842.8
30842.8
30763.9
30616.6
30616.6
30616.6
30616.6
29946.4
29946.4
29946.4
29946.4
29946.4
29721.6
29721.6
29705.8
29705.8
29705.8
29705.8
29478.7
29478.7
29478.7
29478.7
29478.7
29291
29291
29291
29291
29291
29291
28783.2
28783.2
28783.2
28783.2
28783.2
28783.2
28783.2
28783.2
28783.2
28783.2
28783.2
28783.2
28783.2
28783.2
28783.2
28783.2
28783.2
28783.2
28783.2
28783.2
28761.5
28761.5
28761.5
28761.5
28761.5
28761.5
28761.5
27324.2
27324.2
27324.2
27324.2
27324.2
27324.2
27324.2
27324.2
27324.2
27253.8
27253.8
27253.8
27253.8
27253.8
27253.8
27253.8
27253.8
27253.8
27253.8
27253.8
27253.8
27253.8
27184.3
27184.3
27062.6
27062.6
27062.6
27062.6
27062.6
27062.6
27062.6
27062.6
27062.6
25492.5
25492.5
25492.5
25492.5
25492.5
25492.5
25492.5
25492.5
25492.5
25492.5
25492.5
25492.5
25492.5
25492.5
25492.5
25492.5
25492.5
25492.5
25492.5
24839.7
24839.7
24839.7
24839.7
24839.7
24839.7
24839.7
24839.7
24839.7
24288.1
24288.1
24288.1
24288.1
24288.1
23555.9
23555.9
23555.9
23555.9
23555.9
23555.9
23555.9
23555.9
23555.9
22723.4
22723.4
22723.4
22723.4
22723.4
22723.4
22723.4
22723.4
22723.4
22723.4
22723.4
22723.4
22723.4
22723.4
22723.4
22723.4
22723.4
22723.4
22723.4
22723.4
22723.4
22723.4
22723.4
22723.4
22723.4
22569.4
22569.4
22569.4
22569.4
22569.4
22508.8
22508.8
22508.8
22467.5
22467.5
22467.5
22467.5
22467.5
22467.5
22467.5
22467.5
22467.5
22467.5
22467.5
22467.5
22467.5
22467.5
22467.5
22467.5
22467.5
22467.5
22467.5
22467.5
22467.5
22467.5
22467.5
22467.5
22467.5
22467.5
22467.5
22467.5
22467.5
22415.8
22415.8
22415.8
22415.8
22415.8
22415.8
22415.8
22415.8
22415.8
22415.8
22415.8
22415.8
22415.8
22415.8
22415.8
22415.8
22415.8
22415.8
22415.8
22045.4
22045.4
21709.8
21709.8
21709.8
21605.9
21605.9
21605.9
21605.9
21067.9
21067.9
21067.9
21067.9
21067.9
21067.9
21067.9
21067.9
21067.9
21067.9
21067.9
21067.9
21067.9
21067.9
21067.9
21067.9
21067.9
21067.9
21067.9
21067.9
21067.9
21067.9
21067.9
21067.9
21067.9
21067.9
21067.9
21067.9
21067.9
21067.9
21067.9
21067.9
21067.9
21067.9
21067.9
21067.9
21067.9
21067.9
21067.9
21067.9
21067.9
21067.9
21067.9
20780.7
20780.7
20780.7
20780.7
20780.7
20780.7
20780.7
20780.7
20780.7
20780.7
20780.7
20780.7
20780.7
20780.7
20780.7
20780.7
20458.5
20458.5
20458.5
20458.5
20458.5
20458.5
20458.5
20458.5
20458.5
20458.5
20458.5
20458.5
20458.5
20458.5
20458.5
20347
20347
20347
20347
20347
20347
20347
20347
20347
20347
20347
20347
20347
20347
20347
20347
20347
20347
20347
20347
20347
19383.2
19383.2
19383.2
19383.2
19383.2
19383.2
19383.2
19383.2
19383.2
19383.2
19383.2
18945.5
18945.5
18945.5
18945.5
18945.5
18945.5
18945.5
18945.5
18945.5
18945.5
18945.5
18889.1
18889.1
18889.1
18889.1
18889.1
18889.1
18889.1
18889.1
18889.1
18889.1
18889.1
18889.1
18889.1
17955.6
17955.6
17955.6
17955.6
17955.6
17955.6
17955.6
17955.6
17461.3
17461.3
17461.3
17461.3
17461.3
17461.3
16156.7
16156.7
16156.7
16156.7
16156.7
16156.7
16156.7
16156.7
15937.2
15937.2
15937.2
15937.2
15937.2
15937.2
15937.2
15868.2
15859.8
15859.8
15859.8
15859.8
15859.8
15859.8
15751.8
15751.8
15751.8
15188.3
15188.3
15188.3
15188.3
15188.3
15188.3
15188.3
15010.7
15010.7
15010.7
15010.7
15010.7
15010.7
15010.7
15010.7
15010.7
15010.7
15010.7
15010.7
15010.7
15010.7
15010.7
15009.6
15009.6
15009.6
15009.6
15009.6
15009.6
15009.6
15009.6
15009.6
15009.6
14810.6
14810.6
14810.6
14810.6
14810.6
14810.6
14810.6
14810.6
14810.6
14810.6
14810.6
14810.6
14810.6
14810.6
14810.6
14810.6
14810.6
14810.6
14810.6
14810.6
14801
14801
14779.7
14765.2
14765.2
14546.6
14546.6
14546.6
14546.6
14453.8
14453.8
14453.8
14453.8
14453.8
14453.8
14453.8
14453.8
14453.8
14453.8
14453.8
14453.8
14453.8
14453.8
14453.8
14453.8
14453.8
14453.8
14453.8
14453.8
14453.8
14453.8
14453.8
14453.8
14453.8
14453.8
14453.8
14453.8
14138.5
14138.5
14138.5
14138.5
14138.5
14138.5
14138.5
14138.5
14138.5
14138.5
14138.5
14138.5
14138.5
14138.5
14138.5
14138.5
14138.5
14115.8
14108.4
14108.4
14108.4
14101.3
14101.3
14101.3
14101.3
14101.3
14101.3
14081.8
14029.9
14029.9
14029.9
14029.9
14029.9
14029.9
14029.9
14029.9
14029.9
14029.9
14029.9
13689.4
13689.4
13689.4
13689.4
13689.4
13689.4
13689.4
13689.4
13689.4
13689.4
13689.4
13689.4
13689.4
13689.4
13689.4
13689.4
13689.4
13689.4
13689.4
13689.4
13689.4
13689.4
13689.4
13636.9
13636.9
13633.4
13633.4
13633.4
13633.4
13633.4
13408.5
13408.5
13408.5
13408.5
12896.2
12896.2
12896.2
12896.2
12896.2
12896.2
12896.2
12896.2
12896.2
12896.2
12896.2
12896.2
12896.2
12896.2
12892
12892
12892
12892
12892
12892
12892
12892
12892
12892
12892
12892
12892
12892
12892
12892
12892
12892
12892
12892
12892
12892
12892
12892
12892
12892
12892
12892
12892
12892
12892
12892
12892
12881.5
12881.5
12881.5
12881.5
12878.7
12878.7
12746.2
12746.2
12746.2
12746.2
12746.2
12746.2
12746.2
12746.2
12746.2
12647
12647
12647
12647
12647
12647
12647
12426.9
12426.9
12426.9
12372.4
12372.4
12367.7
12367.7
12367.7
12367.7
12367.7
12367.7
12367.7
12367.7
12367.7
12357.1
12357.1
12357.1
12330.6
12330.6
12330.6
12330.6
12330.6
12330.6
12330.6
12330.6
12330.6
12308.2
12308.2
12308.2
12308.2
12308.2
12308.2
12308.2
12308.2
12308.2
12308.2
12308.2
12308.2
12308.2
12308.2
12308.2
12308.2
12266.2
12266.2
12266.2
12266.2
12266.2
12266.2
12266.2
12266.2
12266.2
12266.2
12266.2
12266.2
12266.2
12266.2
12266.2
12266.2
12266.2
12266.2
12266.2
12215.1
12215.1
12215.1
12215.1
12215.1
12215.1
12169.1
12169.1
12169.1
12169.1
12050.1
12050.1
12050.1
12050.1
12050.1
12050.1
12050.1
12048.3
12048.3
12048.3
12048.3
12048.3
12048.3
12048.3
12048.3
12048.3
11575.7
11575.7
11476.6
11476.6
11476.6
11476.6
11476.6
11476.6
11476.6
11476.6
11447.6
11447.6
11447.6
11447.6
11447.6
11447.6
11447.6
11447.6
11447.6
11447.6
11447.6
11447.6
11447.6
11447.6
11255.7
11255.7
11255.7
11255.7
11255.7
11255.7
11255.7
11255.7
11255.7
11255.7
11255.7
11177.7
11177.7
11177.7
11177.7
11177.7
11177.7
11177.7
11177.7
11177.7
11177.7
11177.7
11177.7
11177.7
11177.7
11126.9
11023.9
11023.9
11023.9
11023.9
11023.9
11023.9
11023.9
11023.9
11023.9
11023.9
11023.9
11023.9
11023.9
11023.9
11007.3
11007.3
11007.3
11007.3
11007.3
11007.3
11007.3
11007.3
11007.3
11007.3
10924.9
10924.9
10924.9
10924.9
10924.9
10924.9
10924.9
10924.9
10924.9
10924.9
10924.9
10924.9
10924.9
10924.9
10924.9
10924.9
10924.9
10924.9
10913.8
10913.8
10913.8
10913.8
10913.8
10913.8
10913.8
10913.8
10913.8
10905.7
10905.7
10905.7
10905.7
10905.7
10905.7
10905.7
10904.7
10904.7
10904.7
10904.7
10904.7
10904.7
10904.7
10879.7
10879.7
10879.7
10872.2
10872.2
10872.2
10867
10867
10867
10867
10867
10867
10799.1
10799.1
10799.1
10799.1
10799.1
10799.1
10799.1
10799.1
10799.1
10799.1
10799.1
10799.1
10799.1
10799.1
10799.1
10799.1
10779.5
10779.5
10779.5
10779.5
10779.5
10755.6
10755.6
10755.6
10755.6
10755.6
10755.6
10755.6
10755.6
10755.6
10755.6
10755.6
10755.6
10709.4
10709.4
10709.4
10709.4
10709.4
10709.4
10709.4
10709.4
10709.4
10709.4
10709.4
10709.4
10709.4
10709.4
10709.4
10668.4
10668.4
10668.4
10668.4
10668.4
10668.4
10668.4
10668.4
10668.4
10447.8
10447.8
10447.8
10447.8
10447.8
10447.8
10447.8
10447.8
10430.8
10430.8
10430.8
10430.8
10430.8
10430.8
10430.8
10430.8
10296
10296
10296
10296
10296
10296
10296
10296
10296
10296
10223.7
10223.7
10223.7
10223.7
10197
10194.2
10194.2
10194.2
10194.2
10194.2
10194.2
10194.2
10194.2
10194.2
10194.2
10194.2
10194.2
10194.2
10194.2
10194.2
10194.2
10194.2
10194.2
10190.7
10190.7
10190.7
10190.7
10190.7
10166.1
10166.1
10166.1
10166.1
10126.7
10126.7
10126.7
10126.7
10126.7
10126.7
10126.7
10126.7
10126.7
10126.7
10126.7
10126.7
10126.7
10126.7
10126.7
10087.7
10087.7
10087.7
10087.7
10051.8
10051.8
10051.8
10049.2
10049.2
10049.2
10049.2
10039.7
10039.2
10039.2
10039.2
10015.5
10015.5
10015.5
10015.5
10015.5
10015.5
10015.5
10015.5
10015.5
10015.5
10015.5
10015.5
10015.5
10015.5
10015.5
10015.5
10004.9
10004.9
10004.9
10004.9
10004.9
10004.9
10004.9
10004.9
10004.9
9999.63
9955.43
9955.43
9955.43
9955.43
9935.29
9911.81
9911.81
9880.33
9880.33
9880.33
9880.33
9880.33
9756.58
9756.58
9756.58
9756.58
9674.07
9674.07
9674.07
9674.07
9674.07
9674.07
9674.07
9674.07
9674.07
9674.07
9674.07
9674.07
9674.07
9674.07
9662.51
9554.12
9554.12
9554.12
9554.12
9554.12
9554.12
9554.12
9481.26
9481.26
9481.26
9481.26
9481.26
9481.26
9481.26
9481.26
9481.26
9461.57
9451.82
9451.82
9451.82
9451.82
9451.82
9451.82
9451.82
9451.82
9451.82
9451.82
9451.82
9404.53
9396.63
9396.63
9396.63
9396.63
9396.63
9396.63
9396.63
9396.63
9396.63
9396.63
9396.63
9396.63
9393.35
9393.35
9393.35
9380.06
9380.06
9380.06
9380.06
9380.06
9380.06
9380.06
9371.42
9371.42
9371.42
9371.42
9371.42
9371.42
9371.42
9341.26
9341.26
9341.26
9341.26
9341.26
9341.26
9341.26
9341.26
9341.26
9334.67
9334.67
9334.67
9334.67
9334.67
9334.67
9334.67
9334.67
9334.67
9294.58
9294.58
9294.58
9294.58
9294.58
9294.58
9294.58
9294.58
9294.58
9294.58
9294.58
9246.91
9246.91
9246.91
9246.91
9246.91
9246.91
9246.91
9246.91
9246.91
9246.91
9246.91
9246.91
9246.91
9246.91
9246.91
9246.91
9151.43
9151.43
9151.43
9151.43
9151.43
9151.43
9151.43
9151.43
9151.43
9151.43
9151.43
9151.43
9151.43
9151.43
9151.43
9151.43
9151.43
9151.43
9151.43
9151.43
9151.43
9151.43
9151.43
9151.43
9151.43
9151.43
9151.43
9151.43
9151.43
9151.43
9151.43
9151.43
9151.43
9151.43
9151.43
9151.43
9151.43
9151.43
9151.43
9151.43
9151.43
9151.43
9151.43
9151.43
9151.43
9151.43
9151.43
9142.21
9142.21
9142.21
9142.21
9142.21
9142.21
9142.21
9142.21
9142.21
9142.21
9142.21
9142.21
9142.21
9142.21
9142.21
9142.21
9142.21
9138.35
9138.35
9138.35
9138.35
9138.35
9138.35
9138.35
9138.35
9138.35
9138.35
9138.35
9138.35
9138.35
9138.35
9138.35
9138.35
9138.35
9138.35
9116.98
9116.98
9116.98
9116.98
9116.98
9116.98
9116.98
9116.98
9116.98
9116.98
9116.98
9116.98
9116.98
9116.98
9116.98
9116.98
9116.98
9116.98
9116.98
9116.98
9116.98
9116.98
9116.98
9116.98
9116.98
9116.98
9116.98
9116.98
9116.98
9116.98
9116.98
9116.98
9116.98
9116.98
9116.82
9022.99
9022.99
9022.99
8743.1
8743.1
8743.1
8743.1
8743.1
8743.1
8743.1
8743.1
8743.1
8743.1
8743.1
8743.1
8743.1
8743.1
8743.1
8743.1
8743.1
8743.1
8743.1
8743.1
8743.1
8743.1
8743.1
8743.1
8743.1
8743.1
8743.1
8743.1
8729.51
8729.51
8729.51
8729.51
8729.51
8729.51
8729.51
8729.51
8729.51
8729.51
8729.51
8729.51
8729.51
8729.51
8729.51
8682.54
8682.54
8682.54
8682.54
8682.54
8682.54
8682.54
8682.54
8682.54
8682.54
8664.11
8664.11
8664.11
8664.11
8664.11
8664.11
8664.11
8664.11
8664.11
8645.56
8645.56
8645.56
8645.56
8645.56
8645.56
8622.97
8622.97
8622.97
8622.97
8622.97
8622.97
8622.97
8622.97
8622.97
8573.36
8573.36
8573.36
8573.36
8573.36
8573.36
8573.36
8573.36
8573.36
8573.36
8563.98
8563.98
8563.98
8563.98
8563.98
8507.95
8493.33
8493.33
8493.33
8493.33
8493.33
8493.33
8493.33
8493.33
8493.33
8493.33
8493.33
8493.33
8483.54
8483.54
8483.54
8483.54
8483.54
8483.54
8481.46
8481.46
8481.46
8481.46
8481.46
8481.46
8475.33
8475.33
8475.33
8473.64
8473.64
8473.64
8473.64
8473.64
8473.64
8473.64
8473.64
8473.64
8473.64
8473.64
8473.64
8471.35
8471.35
8471.35
8471.35
8471.35
8471.35
8471.35
8471.35
8466.05
8464.49
8464.49
8464.49
8464.49
8464.49
8464.49
8464.49
8416.94
8416.94
8416.94
8416.94
8416.94
8416.94
8416.94
8416.94
8416.94
8416.94
8416.94
8416.94
8416.94
8416.94
8416.94
8394.96
8394.96
8394.96
8394.96
8394.96
8394.96
8394.96
8394.96
8394.96
8394.96
8394.96
8394.96
8394.96
8394.96
8394.96
8394.96
8394.96
8394.96
8394.96
8394.96
8394.96
8394.96
8394.96
8394.96
8394.96
8394.96
8394.96
8394.96
8394.96
8394.96
8394.96
8332.53
8332.53
8332.53
8332.53
8276.24
8276.24
8276.24
8276.24
8276.24
8276.24
8276.24
8276.24
8276.24
8276.24
8232.82
8232.82
8232.82
8129.39
8129.39
8129.39
8129.39
8129.39
8129.39
8129.37
8129.37
8129.37
8129.37
8129.37
8129.37
8129.37
8129.37
8107.23
8107.23
8107.23
8107.23
8107.23
8107.23
8107.23
8107.23
8107.23
8107.23
8107.23
8107.23
8107.23
8107.23
8107.23
8107.23
8107.23
8107.23
8107.23
8107.23
8107.23
8107.23
8107.23
8107.23
8107.23
8107.23
8107.23
8107.23
8048.25
8048.25
8048.25
8046.41
8046.41
8046.41
8046.41
8043.28
8043.28
8043.28
8043.28
8043.28
8043.28
8043.28
8043.28
8043.28
8043.28
8043.28
8038.18
8038.18
8038.18
8038.18
8038.18
8038.18
8038.18
8038.18
8038.18
8038.18
8038.18
8038.18
8038.18
8038.18
8034.1
8034.1
8034.1
8034.1
8034.1
8027.97
8027.97
8027.97
8027.97
8027.97
8027.97
8027.97
8027.74
8022.1
8022.1
8022.1
8022.1
8001.22
8001.22
8001.22
8001.22
8001.22
8001.22
8001.22
8001.22
8001.22
8001.22
8001.22
8001.22
8001.22
8001.22
8001.22
8001.22
8001.22
8001.22
8001.22
8001.22
8001.22
8001.22
8001.22
8001.22
8001.22
8001.22
8001.22
8001.21
8001.21
8001.21
8001.21
8001.21
8001.21
8001.21
7989.23
7989.23
7989.23
7982.51
7982.51
7982.51
7981.57
7981.57
7981.57
7981.57
7981.57
7975.19
7975.19
7975.19
7975.19
7975.19
7975.19
7975.19
7975.19
7975.19
7975.19
7975.19
7954.72
7954.72
7954.72
7954.72
7943.38
7943.38
7943.38
7943.38
7943.38
7943.38
7943.38
7943.38
7943.38
7906.23
7906.23
7890.37
7890.37
7890.37
7890.37
7890.37
7890.37
7890.37
7890.37
7890.37
7890.37
7876.31
7876.31
7876.31
7876.31
7876.31
7876.31
7874.54
7874.54
7874.54
7874.54
7874.54
7874.54
7874.54
7871.85
7871.85
7871.85
7871.85
7871.85
7871.85
7871.85
7871.85
7871.85
7870.26
7870.26
7870.26
7870.26
7870.26
7870.26
7870.26
7870.26
7840.27
7840.27
7840.27
7840.27
7840.27
7822.02
7822.02
7822.02
7822.02
7822.02
7822.02
7822.02
7822.02
7822.02
7822.02
7822.02
7822.02
7822.02
7822.02
7822.02
7822.02
7822.02
7789.53
7789.53
7789.53
7789.53
7789.53
7789.53
7789.53
7789.53
7789.53
7789.53
7789.53
7789.53
7713.19
7713.19
7713.19
7713.19
7713.19
7713.19
7713.19
7713.19
7713.19
7713.19
7713.19
7713.19
7713.19
7712.61
7712.61
7712.61
7712.61
7700.36
7700.36
7700.36
7700.36
7700.36
7700.36
7700.36
7700.36
7700.36
7700.36
7700.36
7700.36
7700.36
7692.21
7692.21
7692.21
7692.21
7692.21
7692.21
7651.88
7651.88
7651.88
7651.88
7651.88
7651.88
7651.88
7651.88
7651.88
7599.92
7599.92
7599.92
7599.92
7599.92
7599.92
7599.92
7599.92
7599.92
7599.92
7599.92
7599.92
7599.92
7599.92
7599.92
7593.47
7593.47
7581.1
7581.1
7581.1
7581.1
7577.15
7577.15
7577.15
7565.89
7565.89
7565.89
7565.89
7565.89
7565.89
7565.89
7526.1
7340.25
7340.25
7340.25
7340.25
7340.25
7340.25
7340.25
7340.25
7340.25


-3.52883
-3.33484
-3.0543
-3.1032
-2.92617
-2.4146
-2.87672
-2.44559
-0.211049
0.449501
-0.819679
-0.67771
-1.19254
-2.24636
-9.7499
-8.12493
-9.11664
-6.3265
-4.63738
-4.05265
-3.71934
-0.835374
-0.900456
3.06447
4.19742
3.68709
2.92794
2.26362
6.84805
-10.575

0.049

