66.7338
66.7338
43.6377
43.6377
43.6377
43.6377
43.6377
43.6377
35.2938
33.0768
33.0768
33.0768
33.0768
33.0768
25.0357
25.0357
25.0357
25.0357
25.0357
25.0357
25.0357
25.0357
25.0357
25.0357
25.0357
25.0357
25.0357
18.1328
18.1328
16.3456
16.3456
16.3456
16.3456
16.3456
16.3456
15.987
15.987
15.987
15.987
15.9489
15.9489
13.6271
12.885
12.885
12.885
12.885
12.885
12.885
12.885
12.885
12.885
11.6322
11.6322
11.6322
11.6322
11.3652
11.3652
10.186
10.186
10.186
10.186
10.186
10.0616
9.14022
9.14022
9.14022
9.14022
9.14022
9.14022
9.14022
9.14022
9.14022
9.07823
9.07823
9.07823
9.07823
8.99819
8.69356
8.69356
8.69356
8.69356
8.69356
8.69356
8.69356
8.69356
8.69356
8.69356
8.2593
8.23515
8.23515
8.23515
8.23515
8.23515
8.23515
8.23515
8.23515
8.23515
8.23515
7.55777
7.55777
7.55777
7.55777
7.55777
7.55777
7.55777
7.55777
7.55776
7.55776
7.55776
7.55776
7.55776
7.55776
7.55776
7.55776
7.55759
7.55759
7.55759
7.55759
7.55759
7.55759
7.55759
7.55759
7.55759
7.55759
7.55759
7.55759
7.55755
7.55755
7.55755
7.55755
7.55755
7.55755
7.55755
7.55755
7.55755
7.55755
7.55755
7.55755
7.55755
7.55755
7.55755
7.55755
7.55755
7.55755
7.55755
7.55755
7.55755
7.55755
7.55755
7.55755
7.55755
7.55755
7.55755
7.55755
7.55755
7.55755
7.55755
7.55755
7.55755
7.55755
7.55755
7.55755
7.55755
7.55755
7.55755
7.55755
7.55755
7.55755
7.55755
7.55755
7.55755
7.55755
7.55755
7.55755
7.55755
7.55755
7.55755
7.55755
7.55755
7.55755
7.55755
7.55755
7.55755
7.55755
7.55755
7.55755
7.55755
7.55755
7.55755
7.55755
7.55755
7.55755
7.55755
7.55755
7.55755
7.55755
7.55755
7.55755
7.55755
7.55755
7.55755
7.55755
7.55755
7.55755
7.55755
7.55755
7.55755
7.55755
7.55755
7.55755
7.55755
7.55755
7.55755
7.55755
7.55755
7.55755
7.55755
7.55755
7.55755
7.55755
7.55755
7.55755
7.55755
7.55755
7.55755
7.55755
7.55755
7.55755
7.55755
7.55755
7.55755
7.55755
7.55755
7.55755
7.55755
7.55755
7.55755
7.55755
7.55755
7.55755
7.55755
7.55755
7.55755
7.55755
7.55755
7.55755
7.55755
7.55755
7.55755
7.55755
7.55755
7.55755
7.55755
7.55755
7.55755
7.55755
7.55755
7.55755
7.55755
7.55755
7.55755
7.55755
7.55755
7.55755
7.55755
7.55755
7.55755
7.55755
7.55755
7.55755
7.55755
7.55755
7.55755
7.55755
7.55755
7.55755
7.55755
7.55755
7.55755
7.55755
7.55755
7.55755
7.55755
7.55755
7.55755
7.55755
7.55755
7.55755
7.55755
7.55755
7.55755
7.55755
7.55755
7.55755
7.55755
7.55755
7.55755
7.55755
7.55755
7.55755
7.55755
7.55755
7.55755
7.55755
7.55755
7.55755
7.55755
7.55755
7.55755
7.55755
7.55755
7.55755
7.55755
7.55755
7.55755
7.55755
7.55755
7.55755
7.55755
7.55755
7.55755
7.55755
7.55755
7.55755
7.55755
7.55755
7.55755
7.55755
7.55755
7.55755
7.55755
7.55755
7.55755
7.55755
7.55755
7.55755
7.55755
7.55755
7.55755
7.55755
7.55755
7.49724
7.49724
7.49724
7.49724
7.49724
7.49724
7.49724
7.49724
7.49724
7.49724
7.49724
7.49724
7.49724
7.49724
7.49724
7.49724
7.49724
7.49724
7.49724
7.49724
7.49724
7.49724
7.49724
7.49724
7.49724
7.49724
7.49724
7.49724
7.49724
7.49724
7.49724
7.49724
7.49724
7.49724
7.49724
7.49724
7.49724
7.49724
7.49724
7.49724
7.49724
7.49724
7.49724
7.49724
7.49724
7.49724
7.49724
7.49724
7.49724
7.49724
7.49724
7.49724
7.49724
7.49724
7.49724
7.49724
7.49724
7.49724
7.49724
7.49724
7.49724
7.49724
7.49724
7.49724
7.49724
7.49724
7.49724
7.49724
7.49724
7.49724
7.49724
7.49724
7.49724
7.49724
7.49724
7.49724
7.49724
7.49724
7.49724
7.49724
7.49724
7.49724
7.49724
7.49724
7.49724
7.49724
7.49724
7.49724
7.49724
7.49724
7.49724
7.49724
7.49724
7.49724
7.49724
7.49724
7.49724
7.49724
7.49724
7.49724
7.49724
7.49724
7.49724
7.49724
7.49724
7.49724
7.49724
7.49724
7.49724
7.49724
7.49724
7.49724
7.49724
7.49724
7.49724
7.49724
7.49724
7.49724
7.49724
7.49724
7.49724
7.49724
7.49724
7.49724
7.49724
7.49724
7.49724
7.49724
7.49724
7.49724
7.49724
7.49724
7.49724
7.49724
7.49724
7.49724
7.49724
7.49724
7.49724
7.49724
7.49724
7.49724
7.49724
7.49724
7.49724
7.49724
7.49724
7.49724
7.49724
7.49724
7.49724
7.49724
7.49724
7.49724
7.49724
7.49724
7.49724
7.49724
7.49724
7.49724
7.49724
7.49724
7.49724
7.49724
7.49724
7.49724
7.49724
7.49724
7.49724
7.49724
7.49724
7.49724
7.49724
7.49724
7.49724
7.49724
7.49724
7.49724
7.49724
7.49724
7.49724
7.49724
7.49724
7.49724
7.49724
7.49724
7.49724
7.49724
7.49724
7.49724
7.49724
7.49724
7.49724
7.49724
7.49724
7.49724
7.49724
7.49724
7.49724
7.49724
7.49724
7.49724
7.49724
7.49724
7.49724
7.49724
7.49724
7.49724
7.49724
7.49724
7.49724
7.49724
7.49724
7.49724
7.49724
7.49724
7.49724
7.49724
7.49724
7.49724
7.49724
7.49724
7.49724
7.49724
7.49724
7.49724
7.49724
7.49724
7.49724
7.49724
7.49724
7.49724
7.49724
7.49724
7.49724
7.49724
7.49724
7.49724
7.49724
7.49724
7.49724
7.49724
7.49724
7.49724
7.49724
7.49724
7.49724
7.49724
7.49724
7.49724
7.49724
7.49724
7.49724
7.49724
7.49724
7.49724
7.49724
7.49724
7.49724
7.49724
7.49724
7.49724
7.49724
7.49724
7.49724
7.49724
7.49724
7.49724
7.49724
7.49724
7.49724
7.49724
7.49724
7.49724
7.49724
7.49724
7.49724
7.49724
7.49724
7.49724
7.49724
7.49724
7.49724
7.49724
7.49724
7.49724
7.49724
7.49724
7.49724
7.49724
7.49724
7.49724
7.49724
7.49724
7.49724
7.49724
7.49724
7.49724
7.49724
7.49724
7.49724
7.49724
7.49724
7.49724
7.49724
7.49724
7.49724
7.49724
7.49724
7.49724
7.49724
7.49724
7.49724
7.49724
7.49724
7.49724
7.49724
7.49724
7.49724
7.49724
7.49724
7.49724
7.49724
7.49724
7.49724
7.49724
7.49724
7.49724
7.49724
7.49724
7.49724
7.49724
7.49724
7.49724
7.49724
7.49724
7.49724
7.49724
7.49724
7.49724
7.49724
7.49724
7.49724
7.49724
7.49724
7.49724
7.49724
7.49724
7.49724
7.49724
7.49724
7.49724
7.49724
7.49724
7.49724
7.49724
7.49724
7.49724
7.49724
7.49724
7.49724
7.49724
7.49724
7.49724
7.49724
7.49724
7.49724
7.49724
7.49724
7.49724
7.49724
7.49724
7.49724
7.49724
7.49724
7.49724
7.49724
7.49724
7.49724
7.49724
7.49724
7.49724
7.49724
7.49724
7.49724
7.49724
7.49724
7.49724
7.49724
7.49724
7.49724
7.49724
7.49724
7.49724
7.49724
7.49724
7.49724
7.49724
7.49724
7.49724
7.49724
7.49724
7.49724
7.49724
7.49724
7.49724
7.49724
7.49724
7.49724
7.49724
7.49724
7.49724
7.49724
7.49724
7.49724
7.49724
7.49724
7.49724
7.49724
7.49724
7.49724
7.49724
7.49724
7.49724
7.49724
7.49724
7.49724
7.49724
7.49724
7.49724
7.49724
7.49724
7.49724
7.49724
7.49724
7.49724
7.49724
7.49724
7.49724
7.49724
7.49724
7.49724
7.49724
7.49724
7.49724
7.49724
7.49724
7.49724
7.49724
7.49724
7.49724
7.49724
7.49724
7.49724
7.49724
7.49724
7.49724
7.49724
7.49724
7.49724
7.49724
7.49724
7.49724
7.49724
7.49724
7.49724
7.49724
7.49724
7.49724
7.49724
7.49724
7.49724
7.49724
7.49724
7.49724
7.49724
7.49724
7.49724
7.49724
7.49724
7.49724
7.49724
7.49724
7.49724
7.49724
7.49724
7.49724
7.49724
7.49724
7.49724
7.49724
7.49724
7.49724
7.49724
7.49724
7.49724
7.49724
7.49724
7.49724
7.49724
7.49724
7.49724
7.49724
7.49724
7.49724
7.49724
7.49724
7.49724
7.49724
7.49724
7.49724
7.49724
7.49724
7.49724
7.49724
7.49724
7.49724
7.49724
7.49724
7.49724
7.49724
7.49724
7.49724
7.49724
7.49724
7.49724
7.49724
7.49724
7.49724
7.49724
7.49724
7.49724
7.49724
7.49724
7.49724
7.49724
7.49724
7.49724
7.49724
7.49724
7.49724
7.49724
7.49724
7.49724
7.49724
7.49724
7.49724
7.49724
7.49724
7.49724
7.49724
7.49724
7.49724
7.49724
7.49724
7.49724
7.49724
7.49724
7.49724
7.49724
7.49724
7.49724
7.49724
7.49724
7.49724
7.49724
7.49724
7.49724
7.49724
7.49724
7.49724
7.49724
7.49724
7.49724
7.49724
7.49724
7.49724
7.49724
7.49724
7.49724
7.49724
7.49724
7.49724
7.49724
7.49724
7.49724
7.49724
7.49724
7.49724
7.49724
7.49724
7.49724
7.49724
7.49724
7.49724
7.49724
7.49724
7.49724
7.49724
7.49724
7.49724
7.49724
7.49724
7.49724
7.49724
7.49724
7.49724
7.49724
7.49724
7.49724
7.49724
7.49724
7.49724
7.49724
7.49724
7.49724
7.49724
7.49724
7.49724
7.49724
7.49724
7.49724
7.49724
7.49724
7.49724
7.49724
7.49724
7.49724
7.49724
7.49724
7.49724
7.49724
7.49724
7.49724
7.49724
7.49724
7.49724
7.49724
7.49724
7.49724
7.49724
7.49724
7.49724
7.49724
7.49724
7.49724
7.49724
7.49724
7.49724
7.49724
7.49724
7.49724
7.49724
7.49724
7.49724
7.49724
7.49724
7.49724
7.49724
7.49724
7.49724
7.49724
7.49724
7.49724
7.49724
7.49724
7.49724
7.49724
7.49724
7.49724
7.49724
7.49724
7.49724
7.49724
7.49724
7.49724
7.49724
7.49724
7.49724
7.49724
7.49724
7.49724
7.49724
7.49724
7.49724
7.49724
7.49724
7.49724
7.49724
7.49724
7.49724
7.49724
7.49724
7.49724
7.49724
7.49724
7.49724
7.49724
7.49724
7.49724
7.49724
7.49724
7.49724
7.49724
7.49724
7.49724
7.49724
7.49724
7.49724
7.49724
7.49724
7.49724
7.49724
7.49724
7.49724
7.49724
7.49724
7.49724
7.49724
7.49724
7.49724
7.49724
7.49724
7.49724
7.49724
7.49724
7.49724
7.49724
7.49724
7.49724
7.49724
7.49724
7.49724
7.49724
7.49724
7.49724
7.49724
7.49724
7.49724
7.49724
7.49724
7.49724
7.49724
7.49724
7.49724
7.49724
7.49724
7.49724
7.49724
7.49724
7.49724
7.49724
7.49724
7.49724
7.49724
7.49724
7.49724
7.49724
7.49724
7.49724
7.49724
7.49724
7.49724
7.49724
7.49724
7.49724
7.49724
7.49724
7.49724
7.49724
7.49724
7.49724
7.49724
7.49724
7.49724
7.49724
7.49724
7.49724
7.49724
7.49724
7.49724
7.49724
7.49724
7.49724
7.49724
7.49724
7.49724
7.49724
7.49724
7.49724
7.49724
7.49724
7.49724
7.49724
7.49724
7.49724
7.49724
7.49724
7.49724
7.49724
7.49724
7.49724
7.49724
7.49724
7.49724
7.49724
7.49724
7.49724
7.49724
7.49724
7.49724
7.49724
7.49724
7.49724
7.49724
7.49724
7.49724
7.49724
7.49724
7.49724
7.49724
7.49724
7.49724
7.49724
7.49724
7.49724
7.49724
7.49724
7.49724
7.49724
7.49724
7.49724
7.49724
7.49724
7.49724
7.49724
7.49724
7.49724
7.49724
7.49724
7.49724
7.49724
7.49724
7.49724
7.49724
7.49724
7.49724
7.49724
7.49724
7.49724
7.49724
7.49724
7.49724
7.49724
7.49724
7.49724
7.49724
7.49724
7.49724
7.49724
7.49724
7.49724
7.49724
7.49724
7.49724
7.49724
7.49724
7.49724
7.49724
7.49724
7.49724
7.49724
7.49724
7.49724
7.49724
7.49724
7.49724
7.49724
7.49724
7.49724
7.49724
7.49724
7.49724
7.49724
7.49724
7.49724
7.49724
7.49724
7.49724
7.49724
7.49724
7.49724
7.49724
7.49724
7.49724
7.49724
7.49724
7.49724
7.49724
7.49724
7.49724
7.49724
7.49724
7.49724
7.49724
7.49724
7.49724
7.49724
7.49724
7.49724
7.49724
7.49724
7.49724
7.49724
7.49724
7.49724
7.49724
7.49724
7.49724
7.49724
7.49724
7.49724
7.49724
7.49724
7.49724
7.49724
7.49724
7.49724
7.49724
7.49724
7.49724
7.49724
7.49724
7.49724
7.49724
7.49724
7.49724
7.49724
7.49724
7.49724
7.49724
7.49724
7.49724
7.49724
7.49724
7.49724
7.49724
7.49724
7.49724
7.49724
7.49724
7.49724
7.49724
7.49724
7.49724
7.49724
7.49724
7.49724
7.49724
7.49724
7.49724
7.49724
7.49724
7.49724
7.49724
7.49724
7.49724
7.49724
7.49724
7.49724
7.49724
7.49724
7.49724
7.49724
7.49724
7.49724
7.49724
7.49724
7.49724
7.49724
7.49724
7.49724
7.49724
7.49724
7.49724
7.49724
7.49724
7.49724
7.49724
7.49724
7.49724
7.49724
7.49724
7.49724
7.49724
7.49724
7.49724
7.49724
7.49724
7.49724
7.49724
7.49724
7.49724
7.49724
7.49724
7.49724
7.49724
7.49724
7.49724
7.49724
7.49724
7.49724
7.49724
7.49724
7.49724
7.49724
7.49724
7.49724
7.49724
7.49724
7.49724
7.49724
7.49724
7.49724
7.49724
7.49724
7.49724
7.49724
7.49724
7.49724
7.49724
7.49724
7.49724
7.49724
7.49724
7.49724
7.49724
7.49724
7.49724
7.49724
7.49724
7.49724
7.49724
7.49724
7.49724
7.49724
7.49724
7.49724
7.49724
7.49724
7.49724
7.49724
7.49724
7.49724
7.49724
7.49724
7.49724
7.49724
7.49724
7.49724
7.49724
7.49724
7.49724
7.49724
7.49724
7.49724
7.49724
7.49724
7.49724
7.49724
7.49724
7.49724
7.49724
7.49724
7.49724
7.49724
7.49724
7.49724
7.49724
7.49724
7.49724
7.49724
7.49724
7.49724
7.49724
7.49724
7.49724
7.49724
7.49724
7.49724
7.49724
7.49724
7.49724
7.49724
7.49724
7.49724
7.49724
7.49724
7.49724
7.49724
7.49724
7.49724
7.49724
7.49724
7.49724
7.49724
7.49724
7.49724
7.49724
7.49724
7.49724
7.49724
7.49724
7.49724
7.49724
7.49724
7.49724
7.49724
7.49724
7.49724
7.49724
7.49724
7.49724
7.49724
7.49724
7.49724
7.49724
7.49724
7.49724
7.49724
7.49724
7.49724
7.49724
7.49724
7.49724
7.49724
7.49724
7.49724
7.49724
7.49724
7.49724
7.49724
7.49724
7.49724
7.49724
7.49724
7.49724
7.49724
7.49724
7.49724
7.49724
7.49724
7.49724
7.49724
7.49724
7.49724
7.49724
7.49724
7.49724
7.49724
7.49724
7.49724
7.49724
7.49724
7.49724
7.49724
7.49724
7.49724
7.49724
7.49724
7.49724
7.49724
7.49724
7.49724
7.49724
7.49724
7.49724
7.49724
7.49724
7.49724
7.49724
7.49724
7.49724
7.49724
7.49724
7.49724
7.49724
7.49724
7.49724
7.49724
7.49724
7.49724
7.49724
7.49724
7.49724
7.49724
7.49724
7.49724
7.49724
7.49724
7.49724
7.49724
7.49724
7.49724
7.49724
7.49724
7.49724
7.49724
7.49724
7.49724
7.49724
7.49724
7.49724
7.49724
7.49724
7.49724
7.49724
7.49724
7.49724
7.49724
7.49724
7.49724
7.49724
7.49724
7.49724
7.49724
7.49724
7.49724
7.49724
7.49724
7.49724
7.49724
7.49724
7.49724
7.49724
7.49724
7.49724
7.49724
7.49724
7.49724
7.49724
7.49724
7.49724
7.49724
7.49724
7.49724
7.49724
7.49724
7.49724
7.49724
7.49724
7.49724
7.49724
7.49724
7.49724
7.49724
7.49724
7.49724
7.49724
7.49724
7.49724
7.49724
7.49724
7.49724
7.49724
7.49724
7.49724
7.49724
7.49724
7.49724
7.49724
7.49724
7.49724
7.49724
7.49724
7.49724
7.49724
7.49724
7.49724
7.49724
7.49724
7.49724
7.49724
7.49724
7.49724
7.49724
7.49724
7.49724
7.49724
7.49724
7.49724
7.49724
7.49724
7.49724
7.49724
7.49724
7.49724
7.49724
7.49724
7.49724
7.49724
7.49724
7.49724
7.49724
7.49724
7.49724
7.49724
7.49724
7.49724
7.49724
7.49724
7.49724
7.49724
7.49724
7.49724
7.49724
7.49724
7.49724
7.49724
7.49724
7.49724
7.49724
7.49724
7.49724
7.49724
7.49724
7.49724
7.49724
7.49724
7.49724
7.49724
7.49724
7.49724
7.49724
7.49724
7.49724
7.49724
7.49724
7.49724
7.49724
7.49724
7.49724
7.49724
7.49724
7.49724
7.49724
7.49724
7.49724
7.49724
7.49724
7.49724
7.49724
7.49724
7.49724
7.49724
7.49724
7.49724
7.49724
7.49724
7.49724
7.49724
7.49724
7.49724
7.49724
7.49724
7.49724
7.49724
7.49724
7.49724
7.49724
7.49724
7.49724
7.49724
7.49724
7.49724
7.49724
7.49724
7.49724
7.49724
7.49724
7.49724
7.49724
7.49724
7.49724
7.49724
7.49724
7.49724
7.49724
7.49724
7.49724
7.49724
7.49724
7.49724
7.49724
7.49724
7.49724
7.49724
7.49724
7.49724
7.49724
7.49724
7.49724
7.49724
7.49724
7.49724
7.49724
7.49724
7.49724
7.49724
7.49724
7.49724
7.49724
7.49724
7.49724
7.49724
7.49724
7.49724
7.49724
7.49724
7.49724
7.49724
7.49724
7.49724
7.49724
7.49724
7.49724
7.49724
7.49724
7.49724
7.49724
7.49724
7.49724
7.49724
7.49724
7.49724
7.49724
7.49724
7.49724
7.49724
7.49724
7.49724
7.49724
7.49724
7.49724
7.49724
7.49724
7.49724
7.49724
7.49724
7.49724
7.49724
7.49724
7.49724
7.49724
7.49724
7.49724
7.49724
7.49724
7.49724
7.49724
7.49724
7.49724
7.49724
7.49724
7.49724
7.49724
7.49724
7.49724
7.49724
7.49724
7.49724
7.49724
7.49724
7.49724
7.49724
7.49724
7.49724
7.49724
7.49724
7.49724
7.49724
7.49724
7.49724
7.49724
7.49724
7.49724
7.49724
7.49724
7.49724
7.49724
7.49724
7.49724
7.49724
7.49724
7.49724
7.49724
7.49724
7.49724
7.49724
7.49724
7.49724
7.49724
7.49724
7.49724
7.49724
7.49724
7.49724
7.49724
7.49724
7.49724
7.49724
7.49724
7.49724
7.49724
7.49724
7.49724
7.49724
7.49724
7.49724
7.49724
7.49724
7.49724
7.49724
7.49724
7.49724
7.49724
7.49724
7.49724
7.49724
7.49724
7.49724
7.49724
7.49724
7.49724
7.49724
7.49724
7.49724
7.49724
7.49724
7.49724
7.49724
7.49724
7.49724
7.49724
7.49724
7.49724
7.49724
7.49724
7.49724
7.49724
7.49724
7.49724
7.49724
7.49724
7.49724
7.49724
7.49724
7.49724
7.49724
7.49724
7.49724
7.49724
7.49724
7.49724
7.49724
7.49724
7.49724
7.49724
7.49724
7.49724
7.49724
7.49724
7.49724
7.49724
7.49724
7.49724
7.49724
7.49724
7.49724
7.49724
7.49724
7.49724
7.49724
7.49724
7.49724
7.49724
7.49724
7.49724
7.49724
7.49724
7.49724
7.49724
7.49724
7.49724
7.49724
7.49724
7.49724
7.49724
7.49724
7.49724
7.49724
7.49724
7.49724
7.49724
7.49724
7.49724
7.49724
7.49724
7.49724
7.49724
7.49724
7.49724
7.49724
7.49724
7.49724
7.49724
7.49724
7.49724
7.49724
7.49724
7.49724
7.49724
7.49724
7.49724
7.49724
7.49724
7.49724
7.49724
7.49724
7.49724
7.49724
7.49724
7.49724
7.49724
7.49724
7.49724
7.49724
7.49724
7.49724
7.49724
7.49724
7.49724
7.49724
7.49724
7.49724
7.49724
7.49724
7.49724
7.49724
7.49724
7.49724
7.49724
7.49724
7.49724
7.49724
7.49724
7.49724
7.49724
7.49724


0.0101838
0.187133
0.143804
0.254637
0.149974
0.280367
0.265043
0.262125
0.323393
0.275742
0.250481
0.334307
0.135427
0.259355
0.294797
0.126678
0.0915051
0.440097
0.169345
0.388862
0.361564
0.188077
0.528003
0.115881
0.79947
0.0657262
0.145018
0.329901
0.314539
0.00580865

0.019

