2097.65
2097.65
2094.1
2088
2088
2088
2031.48
2031.48
1931.7
1931.7
1931.7
1931.7
1897.04
1897.04
1889.56
1889.56
1889.56
1738.11
1738.11
1464.01
1464.01
1464.01
1464.01
1464.01
1464.01
1464.01
1464.01
1464.01
1436.06
1436.06
1358.4
1358.4
1358.4
1358.4
1358.4
1318.02
1017.1
1017.1
1017.1
966.717
966.717
966.717
966.717
966.717
966.717
966.717
966.717
966.717
966.717
966.717
966.717
962.011
962.011
944.655
944.655
944.07
944.07
944.07
944.07
944.07
943.981
943.981
943.981
943.981
943.981
943.981
906.259
906.259
806.151
806.151
806.151
806.151
806.151
750.083
750.083
750.083
750.083
750.083
750.083
750.083
750.083
750.083
750.083
750.083
750.083
750.083
750.083
750.083
708.05
708.05
665.687
665.687
665.687
665.687
665.687
665.687
665.687
665.687
665.687
665.687
661.728
660.969
632.777
632.777
632.777
632.777
632.777
632.777
632.777
625.091
608.498
608.498
608.498
608.498
608.498
608.498
608.498
504.897
504.897
504.897
504.897
504.897
504.897
504.897
504.897
504.897
504.897
504.897
504.897
504.897
504.897
504.897
503.192
503.192
503.192
493.102
493.102
493.102
493.102
493.102
493.102
493.102
493.102
493.102
493.102
493.102
493.102
493.102
493.102
493.102
493.102
493.102
493.102
493.102
493.102
493.102
493.102
493.102
493.102
493.102
493.102
493.102
493.102
493.102
493.102
493.102
493.102
493.102
493.102
493.102
490.842
487.061
483.2
483.2
483.2
483.2
483.2
483.2
483.2
483.2
483.2
483.2
483.2
483.2
475.14
475.14
475.14
475.14
475.14
475.14
475.14
475.14
475.14
471.873
471.873
471.873
471.873
471.873
471.873
471.873
471.873
461.123
461.123
461.123
461.123
461.123
461.123
461.123
461.123
461.123
461.123
461.123
461.123
461.123
447.638
447.638
447.638
447.638
447.638
447.638
447.638
447.638
447.638
447.638
447.638
447.638
447.638
447.638
447.638
447.638
447.638
447.638
447.638
428.821
428.821
428.821
428.821
344.614
341.836
341.836
341.836
341.836
341.836
341.836
341.836
341.836
341.836
341.836
341.836
341.836
341.836
341.836
341.836
341.836
341.836
341.836
341.836
341.836
341.836
341.836
341.836
341.836
341.836
341.836
341.836
341.836
341.836
341.836
341.836
341.836
341.836
332.08
332.08
332.08
332.08
332.08
332.08
332.08
331.256
331.256
317.365
317.365
317.365
317.365
317.365
317.365
317.365
317.365
317.365
317.365
317.365
317.365
309.129
283.554
283.554
283.554
283.554
276.735
274.011
274.011
274.011
274.011
274.011
272.585
272.585
272.585
240.731
240.597
240.597
240.597
240.597
240.597
240.597
240.597
240.597
240.597
240.597
240.597
240.597
240.597
240.597
240.597
240.587
240.587
240.587
240.587
240.587
240.587
240.587
240.587
240.587
240.587
240.587
240.444
240.444
240.444
240.444
240.444
240.444
240.354
240.354
240.354
240.354
240.354
240.354
240.354
240.354
240.354
240.354
240.354
240.354
240.354
240.354
215.388
215.388
215.388
215.388
215.388
215.388
215.388
215.388
215.388
215.388
215.388
215.388
215.388
215.388
215.388
215.388
215.388
215.388
215.388
215.388
215.388
215.388
215.388
215.388
215.388
215.388
215.388
215.388
215.388
215.388
215.388
215.388
215.388
215.388
215.388
215.388
215.388
215.388
215.388
215.388
215.388
215.388
215.388
215.388
215.388
215.388
215.388
215.388
215.388
215.388
215.388
215.388
215.388
215.388
215.213
215.213
215.213
215.213
215.213
215.213
215.213
215.213
215.213
215.213
215.213
215.213
215.213
215.213
215.213
215.213
215.213
215.213
215.213
212.456
212.456
212.456
212.456
212.456
212.456
212.456
212.456
212.456
212.456
212.456
212.456
212.456
212.456
212.456
212.456
212.456
212.456
212.456
212.456
212.456
212.456
212.456
212.456
212.456
212.456
212.456
212.456
212.456
212.456
212.456
212.456
212.456
204.19
204.19
204.19
204.19
204.19
204.19
204.19
204.19
204.19
204.19
204.19
204.19
204.19
204.19
204.19
204.19
204.19
204.19
204.19
204.19
204.19
204.19
204.19
204.19
204.19
204.19
201.644
201.644
201.644
201.644
201.644
201.644
201.644
201.644
201.644
201.644
201.644
201.644
201.644
201.644
201.644
201.644
201.644
201.644
201.644
201.644
201.644
201.644
201.644
201.644
201.644
201.644
201.644
201.644
201.644
201.644
201.644
201.644
201.644
201.644
201.644
201.644
201.644
201.644
201.644
201.644
201.644
199.591
199.591
199.591
199.591
199.591
199.591
199.591
199.591
198.424
198.424
198.424
198.424
198.424
198.424
198.424
198.424
198.424
198.424
198.424
198.424
198.424
198.424
198.424
198.424
198.424
198.424
198.424
198.424
198.424
198.424
198.424
198.424
198.424
198.424
198.424
198.424
198.424
198.424
197.144
197.144
197.144
197.144
197.144
195.16
195.16
195.16
195.16
195.16
195.16
195.16
195.16
195.16
195.16
195.16
195.16
195.16
195.16
195.16
195.16
195.16
195.16
195.16
195.16
195.16
195.16
195.16
195.16
195.16
195.16
195.16
195.16
194.737
194.737
194.737
194.737
194.737
194.737
192.183
192.183
192.183
192.183
192.183
192.183
192.183
192.183
192.183
191.983
191.983
191.983
191.983
191.983
191.983
191.983
191.983
191.983
191.983
191.983
191.983
191.983
191.983
191.983
191.983
191.983
191.983
191.983
191.983
191.983
191.983
191.983
191.983
191.983
191.983
191.983
191.983
191.983
191.983
191.983
191.983
191.983
191.983
191.983
191.983
191.983
191.983
191.983
191.983
191.983
191.983
191.983
190.395
190.395
190.395
190.395
190.395
187.805
187.805
187.805
187.805
187.805
187.805
187.805
187.805
187.805
187.805
187.805
187.805
187.805
187.805
187.805
187.805
187.805
187.805
187.805
187.805
187.805
187.805
187.805
187.805
187.805
183.47
183.47
183.47
183.47
183.47
183.47
183.47
183.47
183.47
183.47
183.47
183.47
180.746
180.746
180.746
180.746
180.746
180.324
180.324
180.079
180.079
180.079
180.079
180.079
180.079
180.079
180.079
180.079
180.079
180.079
180.079
180.079
180.079
180.079
180.079
180.079
179.062
179.062
179.062
179.062
179.062
179.062
179.062
179.062
179.062
179.062
179.062
179.062
179.062
179.062
179.062
179.062
179.062
179.062
178.161
178.161
178.161
178.161
178.161
176.346
176.346
176.346
176.346
176.346
176.346
176.346
176.346
176.346
176.346
176.346
176.346
176.346
176.346
176.346
176.346
176.346
176.346
176.346
175.819
175.819
175.819
175.819
175.819
175.819
175.819
175.819
175.819
175.819
175.819
175.819
175.819
175.819
175.819
175.819
175.819
175.819
175.819
175.819
175.819
175.819
175.819
175.819
171.132
171.132
170.394
170.394
170.394
170.394
170.394
170.394
170.394
170.394
170.394
170.368
170.368
170.368
170.368
170.368
170.368
170.368
170.368
170.368
170.368
170.368
170.131
170.131
170.131
170.103
170.103
170.103
170.103
170.103
170.103
170.103
170.103
170.103
170.103
170.072
170.072
170.072
170.051
170.051
170.051
170.051
170.051
170.051
170.051
170.051
170.051
170.051
170.051
170.051
170.051
170.051
170.051
170.051
170.051
170.05
170.048
170.048
170.045
170.045
169.815
169.815
169.717
169.717
169.717
169.717
169.717
169.689
169.677
169.677
169.677
169.677
169.677
169.677
169.677
169.677
169.677
169.673
169.673
169.673
169.673
169.673
169.673
169.673
169.673
169.673
169.673
169.673
169.673
169.673
169.673
169.673
169.673
168.289
168.289
168.289
168.289
163.929
163.929
163.929
163.929
163.929
163.929
163.929
163.929
163.929
163.929
163.929
163.929
163.929
163.929
163.929
163.929
163.929
163.929
163.929
163.929
163.929
163.929
163.929
163.929
163.929
163.929
163.929
163.929
163.929
163.929
163.929
163.929
163.929
163.929
163.929
163.929
163.929
163.492
163.492
163.492
163.492
163.492
163.492
163.492
163.492
163.492
163.492
163.492
163.492
163.492
163.492
163.492
163.492
163.492
163.492
163.492
163.492
163.492
163.492
163.492
163.492
163.492
163.117
163.117
163.117
163.086
162.828
162.828
162.828
162.828
162.828
162.828
162.828
162.828
162.828
162.828
162.828
162.828
162.828
162.828
162.828
162.828
162.828
162.828
162.828
162.828
162.828
162.828
162.828
162.828
162.828
162.828
162.828
162.828
162.828
162.494
162.494
162.494
162.226
162.226
162.226
162.226
162.226
162.226
162.226
162.226
162.226
162.222
162.222
162.222
162.222
162.222
162.222
162.222
162.222
162.222
162.222
162.219
162.219
162.219
161.091
161.091
161.091
160.575
160.575
160.575
160.575
160.575
160.575
160.575
160.575
160.575
160.575
160.575
160.575
160.575
160.575
160.575
160.575
160.575
160.575
160.575
160.575
160.575
160.575
160.575
160.575
160.575
160.575
160.575
160.575
160.575
160.575
160.575
160.575
160.575
160.575
160.575
160.575
160.575
160.575
160.575
160.575
160.575
160.575
160.575
160.575
160.575
160.575
160.575
160.575
160.575
160.575
160.575
160.575
160.575
160.575
160.575
160.575
160.575
160.575
160.575
160.575
160.575
160.575
160.575
160.575
160.575
160.575
160.575
160.575
160.575
160.575
160.575
160.575
160.575
160.575
160.575
160.575
160.575
160.575
160.575
153.095
153.095
153.095
153.095
153.095
151.672
151.672
151.672
151.672
151.672
150.422
150.422
150.422
150.422
150.422
150.422
150.422
150.421
150.421
150.421
150.421
150.421
150.421
150.421
150.421
150.421
150.421
150.421
150.421
150.421
147.528
147.528
147.528
147.528
147.528
147.528
147.528
147.528
147.528
147.528
147.528
147.528
147.528
147.528
147.528
147.528
147.528
147.528
147.528
147.528
147.528
147.528
147.528
147.528
147.528
147.528
147.456
147.456
147.456
147.45
147.45
147.45
147.45
147.45
147.45
147.45
147.45
147.45
147.45
147.45
147.45
147.45
147.45
147.45
147.45
147.45
147.45
147.45
147.45
147.45
147.45
147.45
147.45
146.584
146.584
146.584
146.584
146.584
146.584
146.584
146.584
146.584
146.584
146.584
146.584
146.584
146.584
145.671
145.671
145.671
145.671
145.671
145.671
144.855
144.026
144.026
144.026
144.026
144.026
144.026
143.988
143.688
143.589
143.589
143.589
143.589
143.589
143.589
143.589
143.589
143.589
143.589
143.589
143.589
143.589
143.589
143.589
143.589
143.589
143.589
143.589
143.589
143.589
143.589
143.587
143.587
143.587
143.587
143.587
143.587
143.587
143.587
143.587
143.587
143.587
143.587
143.587
143.587
143.587
143.587
143.587
141.35
141.35
141.35
141.35
141.35
141.35
141.35
141.35
141.35
141.35
141.35
141.35
141.35
141.35
141.35
141.35
141.35
141.35
141.35
141.35
141.35
141.35
141.35
141.35
141.35
141.35
141.35
141.35
141.35
141.35
141.35
141.35
141.35
141.35
141.35
141.35
141.35
141.35
141.35
141.35
141.35
141.35
141.206
141.206
141.206
140.937
140.937
140.937
140.937
140.937
140.937
140.937
140.937
140.937
140.937
140.937
140.937
140.937
140.937
140.937
140.937
140.937
140.937
140.937
140.937
140.937
140.937
140.926
140.926
140.926
140.926
140.926
140.924
140.924
140.307
140.307
140.307
140.282
140.282
140.282
140.282
140.282
140.282
140.282
140.282
140.282
140.268
140.268
140.268
140.268
140.268
140.268
140.041
140.041
140.041
140.041
140.041
140.041
140.041
140.041
140.041
140.041
140.041
140.041
140.041
140.041
140.041
140.041
140.041
140.041
140.041
140.041
140.041
140.041
140.041
140.041
140.041
140.041
140.041
140.041
140.041
140.041
140.041
140.041
140.041
140.041
139.944
139.944
139.944
139.944
139.944
139.944
139.944
139.944
139.944
139.944
139.944
139.944
139.944
139.944
139.944
139.944
139.944
139.944
139.944
139.944
139.944
139.944
139.944
139.944
139.944
139.944
139.944
139.944
139.944
139.944
139.944
139.944
139.944
139.944
139.944
139.944
139.944
139.944
139.944
139.944
139.944
139.944
139.944
139.944
139.944
139.944
139.944
139.944
139.944
139.944
139.944
139.944
139.944
139.944
139.944
139.944
139.944
139.944
139.944
139.944
139.944
139.944
139.944
139.944
139.944
139.944
139.944
139.944
139.944
139.944
139.944
139.944
139.944
139.944
139.944
139.944
139.944
139.944
139.944
139.944
139.944
139.944
139.944
139.944
139.944
139.944
139.944
139.944
139.944
139.944
139.944
139.944
139.944
139.944
139.944
139.944
139.944
139.944
139.924
139.924
139.924
139.924
139.924
139.924
139.924
139.924
139.924
139.924
139.924
139.924
139.924
139.924
139.924
139.924
139.924
139.924
139.924
139.924
139.924
139.924
139.924
139.924
139.924
139.924
139.924
139.924
139.924
139.924
139.924
139.924
139.924
139.924
139.924
139.924
139.924
139.924
139.924
139.924
139.924
139.924
139.924
139.924
139.924
139.924
139.924
139.924
139.924
139.924
139.924
139.924
139.924
139.924
139.924
139.924
139.924
139.924
139.924
139.924
139.924
139.924
139.924
139.924
139.924
139.924
139.924
139.924
139.924
139.924
139.924
139.924
139.924
139.924
139.924
139.924
139.924
139.924
139.924
139.924
139.924
139.924
139.924
139.924
139.924
139.924
139.924
139.924
139.924
139.924
139.924
139.924
139.924
139.924
139.924
139.924
139.924
139.924
139.924
139.924
139.924
139.924
139.924
139.924
138.729
138.729
138.729
138.729
138.729
138.729
138.729
138.729
138.729
138.729
138.729
138.729
138.36
138.36
138.36
138.36
138.36
138.36
138.36
138.36
138.36
138.36
138.36
137.958
137.958
137.958
137.958
137.958
137.958
137.958
137.958
137.958
137.591
137.591
137.591
137.591
137.591
137.591
137.591
137.591
137.591
137.591
137.591
137.591
137.591
137.591
137.327
137.327
137.327
137.327
137.327
137.327
137.327
137.327
137.327
137.327
137.327
137.327
137.327
137.327
137.327
137.327
137.327
137.327
137.327
137.327
137.327
137.327
137.327
137.327
137.327
137.327
137.327
137.327
137.327
137.327
137.327
137.327
137.327
137.327
137.327
137.327
137.327
137.327
137.327
137.327
137.327
137.327
137.327
137.327
137.327
137.327
137.327
137.327
137.327
137.327
137.327
137.327
137.327
137.327
137.327
137.327
137.327
137.327
137.327
137.327
137.327
137.327
137.327
137.327
137.327
137.319
137.319
137.319
137.319
137.319
137.319
137.319
137.319
137.319
137.319
137.319
137.319
137.316
137.316
137.316
137.316
137.316
137.316
137.316
137.316
137.316
137.315
135.527
135.527
135.527
135.527
135.527
135.527
135.527
135.527
135.527
135.527
135.527
135.527
135.527
135.527
135.527
135.527
135.527
135.527
135.527
135.527
135.527
135.527
135.527
135.527
135.527
135.527
135.527
135.527
135.527
135.527
135.527
135.527
135.527
135.527
135.527
135.527
135.527
135.527
135.527
135.527
135.206
135.206
135.206
135.206
135.206
135.206
135.206
135.182
134.594
133.15
133.15
133.15
133.037
133.037
133.037
133.037
133.037
133.037
133.037
133.037
133.037
133.037
133.037
133.037
132.94
132.896
132.896
132.896
132.896
132.896
132.779
132.779
132.779
132.779
132.779
132.779
132.779
132.779
132.779
132.779
132.779
132.779
132.779
132.779
132.779
132.779
132.779
132.779
132.779
132.779
132.779
132.779
132.777
132.777
132.777
132.777
132.777
132.777
132.777
132.777
132.777
132.777
132.777
132.777
132.777
132.777
132.777
132.777
132.777
132.777
132.777
132.777
132.777
132.777
132.777
132.777
132.777
132.777
132.777
132.777
132.777
132.777
132.777
132.777
132.777
132.777
132.777
132.777
132.777
132.777
132.777
132.777
132.777
132.777
132.777
132.777
132.777
132.777
132.777
132.777
132.777
132.777
132.777
132.777
132.777
132.777
132.044
132.044
132.044
132.044
132.044
132.044
132.044
132.044
132.044
132.044
132.044
132.044
132.044
132.044
132.044
132.044
132.044
132.044
132.044
132.044
131.261
131.261
131.261
131.261
131.261
131.261
131.261
131.261
131.261
131.261
131.261
131.261
131.261
131.261
131.261
131.261
131.261
131.261
131.261
131.261
131.261
131.261
131.261
131.261
131.261
131.261
131.261
131.261
131.261
131.261
131.261
131.261
131.261
131.261
131.261
131.261
131.261
131.261
131.261
131.261
131.261
131.261
131.261
131.261
131.261
131.261
131.261
131.261
131.261
131.261
131.261
131.261
131.261
131.261
131.261
131.261
131.261
131.261
131.261
131.261
131.261
131.261
131.261
131.261
131.261
131.261
131.261
131.261
131.261
131.261
131.261
131.261
131.261
131.261
131.261
131.261
131.261
131.261
131.261
131.261
131.261
131.261
131.261
131.261
131.261
131.261
131.261
131.261
131.261
131.261
131.261
131.261
131.261
131.261
131.261
131.261
131.261
131.261
131.261
131.261
131.261
131.261
131.261
131.261
131.261
131.261
131.261
131.261
131.261
131.261
131.261
131.261
131.261
131.261
131.261
131.261
131.261
131.261
131.261
131.261
131.072
131.072
131.072
131.072
131.072
131.072
131.072
131.072
131.072
131.072
131.072
131.072
131.072
131.072
131.072
131.072


0.100182
-0.182974
-0.12766
0.0293713
0.239864
-0.0898252
-0.0457826
-0.0373449
-0.0251744
0.160161
-0.0415248
0.166072
0.00491315
0.00933242
0.0304754
-0.0584106
-0.0761044
0.100384
-0.0269472
-0.0548827
-0.0453584
-0.0134696
-0.0877194
0.00433238
0.0975988
-0.0143526
0.0440288
0.0259265
-0.127797
2.06988

0.021

