5.99597e+08
5.99597e+08
5.99597e+08
5.99597e+08
5.99597e+08
5.99597e+08
5.99597e+08
5.99597e+08
5.99597e+08
5.99597e+08
5.99597e+08
5.99597e+08
5.99597e+08
5.99597e+08
1.26757e+08
1.26757e+08
759977
759977
759977
759977
759977
759977
759977
759977
759977
759977
759977
759977
759977
759977
759977
16517.8
16517.8
16517.8
16517.8
16517.8
3218.43
3218.43
3218.43
3218.43
3218.43
3218.43
3218.43
3218.43
3218.43
3218.43
3218.43
3218.43
3218.43
3218.43
3218.43
3218.43
3218.43
1615.49
1615.49
1615.49
1615.49
1615.49
1615.49
1615.49
449.077
449.077
449.077
449.077
449.077
449.077
449.077
449.077
449.077
449.077
449.077
449.077
449.077
449.077
449.077
449.077
449.077
449.077
449.077
449.077
449.077
449.077
431.971
431.971
431.971
431.3
431.3
431.3
431.3
431.3
430.943
430.943
430.943
430.943
430.943
430.943
430.943
430.943
430.943
430.943
430.943
430.943
428.532
428.532
427.033
427.033
427.033
427.033
427.033
427.033
427.033
427.033
427.033
427.033
427.033
427.033
427.033
427.033
427.033
427.033
427.033
427.033
427.033
427.033
426.624
426.624
426.624
426.624
426.624
426.624
426.624
426.624
426.624
426.624
426.624
426.624
426.624
426.624
426.624
426.624
426.624
426.624
426.624
426.506
426.506
426.506
426.506
426.506
426.506
426.506
426.506
426.506
426.506
426.506
426.506
426.506
426.506
426.506
426.506
426.506
426.506
426.506
426.506
426.506
426.506
426.506
426.506
426.506
426.506
426.506
426.506
426.506
426.506
425.12
425.12
425.12
425.12
425.12
425.12
425.12
425.12
425.12
425.12
420.834
420.834
420.834
420.834
420.834
420.834
420.834
420.834
420.834
420.834
420.834
420.834
420.834
420.834
420.834
420.834
420.834
420.834
420.834
420.834
420.834
420.834
420.834
420.834
420.834
420.834
420.834
420.834
420.834
420.834
420.834
420.834
420.834
420.834
420.834
420.834
420.834
420.834
420.834
420.834
420.834
418.927
418.927
418.927
418.927
418.927
418.927
418.927
418.927
418.927
418.898
418.898
418.898
418.898
418.898
418.898
418.898
418.898
418.898
418.804
418.804
418.804
418.804
418.804
418.804
418.786
418.786
418.786
418.786
418.458
418.458
418.458
418.458
418.458
418.458
418.458
418.458
418.458
418.458
418.458
418.458
418.458
418.458
418.458
418.458
418.458
418.458
418.458
418.458
418.458
418.458
418.458
418.458
418.458
418.458
418.458
418.458
418.458
418.456
418.456
418.456
418.456
418.456
418.456
418.456
418.456
418.456
418.456
418.456
418.456
418.456
418.456
418.456
418.456
418.456
418.456
418.456
418.456
418.456
418.456
418.456
418.456
418.456
418.456
418.456
418.456
418.456
417.781
417.781
417.781
417.781
417.781
417.781
417.781
417.781
417.781
417.781
417.781
417.781
417.781
417.781
417.781
417.781
417.781
417.781
417.781
417.781
417.781
417.781
417.781
417.781
417.781
417.781
417.781
417.781
417.781
417.781
417.781
417.781
417.781
417.781
417.781
417.781
417.781
417.781
417.781
417.781
417.781
417.781
417.781
417.781
417.781
417.781
417.781
417.781
417.781
417.781
417.781
417.781
417.781
417.781
417.781
417.781
417.781
417.781
417.781
417.781
417.781
417.781
417.781
417.781
417.781
417.781
417.781
417.781
417.781
417.781
415.559
415.559
415.559
415.559
415.559
415.559
415.559
415.559
415.559
415.559
415.559
415.559
415.559
415.559
415.559
415.559
415.559
415.559
415.559
415.559
415.559
415.559
415.559
415.559
415.559
415.559
415.559
415.559
415.559
415.559
415.559
415.559
415.559
415.559
415.559
415.559
415.559
415.559
415.559
415.559
415.559
415.559
415.559
415.559
415.559
415.559
415.559
415.559
415.559
415.559
415.559
415.559
415.559
415.559
415.559
415.559
415.559
415.559
415.559
415.559
415.559
415.559
415.559
415.559
415.559
415.559
415.559
414.716
414.716
414.716
413.645
413.645
413.645
413.645
413.645
413.645
413.645
413.645
413.645
413.645
413.645
413.645
413.645
413.645
413.645
413.645
413.645
413.645
413.645
413.645
413.645
413.645
413.645
413.645
413.645
413.645
413.645
413.645
413.645
413.645
413.645
413.645
413.645
413.645
413.645
413.645
413.645
413.645
413.645
413.645
413.645
413.645
413.645
413.645
413.645
413.645
413.645
413.645
413.645
413.645
413.645
413.645
413.645
413.645
413.645
413.645
413.645
413.645
413.645
413.645
413.645
413.645
413.645
413.645
413.645
413.645
413.645
413.645
413.645
413.645
413.453
413.453
413.453
413.453
413.453
413.453
413.453
413.453
413.453
413.453
413.453
413.453
413.453
413.453
413.453
413.453
413.453
413.453
413.453
413.453
413.453
413.453
413.453
413.453
413.453
413.453
413.453
413.453
413.453
413.453
413.453
413.453
413.453
413.453
413.453
413.453
413.453
413.453
413.453
413.453
413.453
413.453
413.453
413.453
413.453
413.453
413.453
413.453
413.453
413.453
413.453
413.453
413.453
413.453
413.453
413.453
413.453
413.453
413.453
413.453
413.453
413.453
413.453
413.453
413.453
413.453
413.453
413.453
413.453
413.453
412.897
412.897
412.897
412.897
412.897
412.897
412.897
412.897
412.897
412.897
412.897
412.897
412.897
412.897
412.897
412.897
412.897
412.897
412.897
412.897
412.897
412.897
412.897
412.897
412.897
412.897
412.897
412.897
411.661
411.661
411.661
411.661
411.625
411.625
411.625
411.625
411.625
411.625
411.625
411.625
411.625
411.625
411.625
411.625
411.625
411.582
411.582
411.582
411.582
411.582
411.582
411.582
411.582
411.582
411.582
411.582
411.582
411.582
411.565
411.565
411.565
411.565
411.518
411.518
411.518
411.518
411.518
411.518
411.518
411.518
411.518
411.509
411.509
411.509
411.509
411.509
411.509
411.509
411.507
411.507
411.507
411.507
411.507
411.507
411.507
411.507
411.507
411.507
411.507
411.507
411.507
411.507
411.507
411.507
411.507
411.507
411.507
411.507
411.507
411.507
411.507
411.507
411.507
411.507
411.507
411.507
411.507
411.507
411.507
411.507
411.507
411.507
411.507
411.507
411.507
411.507
411.507
411.507
411.507
411.507
411.507
411.507
411.507
411.507
411.507
411.507
411.507
411.507
411.507
411.507
411.507
411.507
411.507
411.507
411.507
411.507
411.507
411.507
411.507
411.507
411.507
411.507
411.507
411.507
411.507
411.507
411.507
411.507
411.507
411.507
411.507
411.507
411.507
411.507
411.507
411.507
411.507
411.507
411.507
411.507
411.507
411.507
411.507
411.507
411.507
411.507
411.507
411.507
411.507
411.507
411.507
411.507
411.507
411.507
411.507
411.507
411.507
411.507
411.507
411.507
411.507
411.507
411.507
411.507
411.507
411.507
411.507
411.507
411.507
411.507
411.507
411.507
411.507
411.507
411.507
411.507
411.507
411.507
411.507
411.507
411.507
411.507
411.507
411.507
411.507
411.507
411.507
411.507
411.507
411.507
411.507
411.507
411.507
411.507
411.507
411.507
411.507
411.507
411.507
411.507
411.507
411.507
411.507
411.507
411.507
411.507
411.507
411.507
411.507
411.507
411.507
411.507
411.507
411.507
411.507
411.507
411.507
411.507
411.507
411.507
411.507
411.507
411.507
411.507
411.507
411.507
411.507
411.507
411.507
411.507
411.507
411.507
411.507
411.19
411.19
411.19
408.458
408.458
408.458
408.458
408.458
408.458
408.458
408.458
408.458
408.458
408.458
408.458
408.458
408.458
408.458
408.458
408.458
408.458
408.458
408.458
408.458
408.458
408.458
408.458
408.458
408.458
408.458
408.458
408.454
408.454
408.454
408.454
408.454
408.454
408.454
408.454
408.454
408.454
408.454
408.453
408.453
408.453
408.453
408.453
408.453
408.453
408.453
408.453
408.453
408.453
408.453
408.453
408.453
408.453
408.453
408.453
408.453
408.453
408.453
408.453
408.453
408.453
408.453
408.453
408.453
408.453
408.453
408.453
408.453
408.453
408.453
408.453
408.453
408.453
408.453
408.453
408.453
408.453
408.453
408.453
408.453
408.453
408.453
408.453
408.453
408.453
408.453
408.453
408.453
408.453
408.453
408.453
408.453
408.453
408.453
408.453
408.453
408.453
408.453
408.453
408.378
408.378
408.378
408.378
408.378
408.378
408.378
408.378
408.378
408.378
408.378
408.378
408.378
408.378
408.378
408.378
408.378
408.378
408.378
408.378
408.378
408.378
408.378
408.378
408.378
408.378
408.378
408.378
408.378
408.378
408.355
408.335
408.335
408.335
408.333
408.333
408.333
408.333
408.333
408.333
408.333
408.333
408.333
408.333
408.333
408.333
408.333
408.333
408.333
408.333
408.333
408.333
408.333
408.333
408.333
408.333
408.333
408.333
408.333
408.333
408.333
408.333
408.333
408.333
408.333
408.333
408.333
408.333
408.333
408.333
408.333
408.333
408.333
408.333
408.333
408.333
408.333
408.333
408.333
408.332
408.332
408.332
408.332
408.332
408.332
408.332
408.332
408.332
408.332
408.332
408.332
408.332
408.332
408.332
408.332
408.332
408.332
408.332
408.332
408.332
408.332
408.332
408.332
408.332
408.332
408.332
408.332
408.332
408.332
408.332
408.332
408.332
408.332
408.332
408.332
408.332
408.332
408.332
408.332
408.332
408.332
408.332
408.332
408.332
408.332
408.332
407.523
407.523
407.523
407.523
407.523
407.523
407.523
406.835
406.835
406.835
406.835
406.835
406.835
406.835
406.835
406.835
406.835
406.835
406.835
406.835
406.835
406.835
406.835
406.835
406.835
406.835
406.835
406.835
406.835
406.835
406.835
406.835
406.835
406.835
406.835
406.835
406.835
406.835
406.835
406.835
406.835
406.835
406.835
406.835
406.835
406.835
406.835
406.835
406.835
406.835
406.835
406.835
406.803
406.803
406.803
406.803
406.803
406.803
406.803
406.803
406.803
406.803
406.803
406.803
406.803
406.803
406.803
406.803
406.803
406.803
406.803
406.803
406.803
406.803
406.803
406.803
406.803
406.803
406.803
406.803
406.803
406.803
406.803
406.803
406.803
406.803
406.803
406.803
406.803
406.803
406.803
406.803
406.803
406.803
406.803
406.803
406.803
406.803
406.803
406.803
406.803
406.803
406.803
406.803
406.803
406.803
406.803
406.803
406.803
406.803
406.803
406.803
406.803
406.384
406.384
406.384
406.384
406.384
406.384
406.384
406.384
406.384
406.384
406.384
406.384
406.384
406.384
406.384
406.384
406.384
406.384
406.384
406.384
406.384
406.384
406.384
406.384
406.384
406.384
406.384
406.384
406.384
406.384
406.384
406.384
406.384
406.384
406.384
406.384
406.384
406.384
406.384
406.384
406.384
406.384
406.384
406.384
406.384
406.384
406.384
406.384
406.384
406.384
406.384
406.384
406.384
406.384
406.384
406.384
406.384
406.384
406.384
406.384
406.384
406.384
406.384
406.384
406.384
406.384
406.384
406.384
406.384
406.384
406.384
406.384
406.384
406.384
406.384
406.384
406.384
406.384
406.384
406.384
406.384
406.384
406.384
406.384
406.384
406.384
406.384
406.384
406.384
406.384
406.384
406.384
406.384
406.384
406.384
406.384
406.384
406.384
406.384
406.384
406.384
406.384
406.384
406.384
406.384
406.384
406.384
406.384
406.384
406.384
406.384
406.384
406.384
406.384
406.384
406.384
406.384
406.384
406.384
406.384
406.384
406.384
406.384
406.384
406.384
406.384
406.384
406.384
406.384
406.384
406.384
406.384
406.384
406.384
406.384
406.384
406.384
406.384
406.384
406.384
406.384
406.384
406.384
406.384
406.384
406.384
406.384
406.384
406.384
406.384
406.384
406.384
406.384
406.384
406.384
406.384
406.384
406.384
406.384
406.384
406.384
406.384
406.384
406.384
406.384
406.384
406.384
406.384
406.384
406.384
406.384
406.046
406.046
406.046
406.046
406.046
406.046
406.046
406.046
406.046
406.046
406.046
406.046
406.046
406.046
406.046
406.046
406.046
406.046
406.046
406.046
406.046
406.046
406.046
406.046
406.046
402.842
402.842
402.842
402.842
402.842
402.842
402.842
402.842
402.842
402.842
402.842
402.842
402.842
402.842
402.842
402.842
402.842
402.842
402.842
402.842
402.842
402.842
402.842
402.842
402.842
402.842
402.842
402.842
402.842
402.842
402.842
402.842
402.842
402.842
402.842
402.842
402.842
402.842
402.842
402.842
402.842
402.842
402.842
402.842
402.842
402.842
402.842
402.842
402.842
402.842
402.842
402.842
402.842
402.842
402.842
402.842
402.842
402.842
402.842
402.842
402.842
402.842
402.842
402.842
402.842
402.842
402.842
402.842
402.842
402.842
402.842
402.842
402.842
402.842
402.842
402.842
402.842
402.842
402.842
402.842
402.842
402.842
402.842
402.842
402.842
402.842
402.842
402.842
402.842
402.842
402.842
402.842
402.842
402.842
402.842
402.842
402.842
402.842
402.842
402.842
402.842
402.842
402.842
402.842
402.842
402.842
402.842
402.842
402.842
402.842
402.842
402.842
402.842
402.842
402.842
402.842
402.842
402.842
402.842
402.842
402.842
402.842
402.842
402.842
402.842
402.842
402.842
402.842
402.842
402.842
402.842
402.842
402.842
402.842
402.842
402.842
402.842
402.842
402.842
402.842
402.842
402.842
402.842
402.842
402.842
402.842
402.842
402.842
402.842
402.82
402.82
402.82
402.82
402.82
402.82
402.797
402.797
402.797
402.797
402.797
402.797
402.797
402.797
402.797
402.797
402.797
402.797
402.797
402.797
402.797
402.797
402.797
402.797
402.797
402.797
402.797
402.797
402.797
402.797
402.797
402.797
402.797
402.797
402.797
402.797
402.797
402.797
402.797
402.797
402.797
402.797
402.797
402.797
402.797
402.797
402.797
402.797
402.797
402.797
402.797
402.797
402.797
402.797
402.797
402.797
402.797
402.797
402.797
402.797
402.797
402.797
402.797
402.797
402.797
402.797
402.797
402.797
402.797
402.797
402.797
402.797
402.797
402.797
402.797
402.797
402.797
402.797
402.797
402.797
402.797
402.797
402.797
402.797
402.797
402.797
402.797
402.797
402.797
402.797
402.797
402.797
402.797
402.797
402.797
402.797
402.797
402.797
402.797
402.797
402.797
402.797
402.797
402.797
402.797
402.797
402.797
402.797
402.797
402.797
402.797
402.797
402.797
402.797
402.797
402.797
402.797
402.797
402.797
402.797
402.797
402.797
402.797
402.797
402.797
402.797
402.797
402.797
402.797
402.797
402.797
402.797
402.797
402.797
402.797
402.797
402.797
402.797
402.797
402.797
402.797
402.797
402.797
402.797
402.797
402.797
402.797
402.797
402.797
402.797
402.797
402.797
402.797
402.797
402.797
402.797
402.797
402.797
402.797
402.797
402.797
402.797
402.797
402.797
402.797
402.797
402.797
402.797
402.797
402.797
402.797
402.797
402.797
402.797
402.797
402.797
402.797
402.797
402.797
402.797
402.797
402.797
402.797
400.195
400.195
400.195
400.195
400.195
400.195
400.195
400.195
400.195
400.195
400.195
400.195
400.195
400.195
400.195
400.195
400.195
400.195
400.195
400.195
400.195
400.195
400.195
400.195
400.195
400.195
400.195
400.195
400.195
400.195
400.195
400.195
400.195
400.195
400.195
400.195
400.195
400.195
400.195
400.195
400.195
400.195
400.195
400.195
400.195
400.195
400.195
400.195
400.195
400.195
400.195
400.195
400.195
400.195
400.195
400.195
400.195
400.195
400.195
400.195
400.195
400.195
400.195
400.195
400.195
400.195
400.195
400.195
400.195
400.195
400.195
400.195
400.195
400.195
400.195
400.195
400.195
400.195
400.195
400.195
400.195
400.195
400.195
400.195
400.195
400.195
400.195
400.195
400.195
400.195
400.195
400.195
400.195
400.195
400.195
400.195
400.195
400.195
400.195
400.195
400.195
400.195
400.195
400.195
400.195
400.195
400.195
400.195
400.195
400.195
400.195
400.195
400.195
400.195
400.195
400.195
400.195
400.195
400.195
400.195
400.195
400.195
400.195
400.195
400.195
400.195
400.195
400.195
400.195
400.195
400.195
399.091
399.091
399.091
399.091
399.091
399.091
399.091
399.091
399.091
399.091
399.091
399.091
399.091
399.091
399.091
399.091
399.091
399.091
399.091
399.091
399.091
399.091
399.091
399.091
399.091
399.091
399.091
399.091
399.091
399.091
399.091
399.091
399.091
399.091
399.091
399.091
399.091
399.091
399.091
399.091
399.091
399.091
399.091
399.091
399.091
399.091
399.091
399.091
399.091
399.091
399.091
399.091
399.091
399.091
399.091
399.091
399.091
399.091
399.091
399.091
399.091
399.091
399.091
399.091
399.091
399.091
399.091
399.091
399.091
399.091
399.091
399.091
399.091
399.091
399.091
399.091
399.091
399.091
399.091
399.091
399.091
399.091
399.091
399.091
399.091
399.091
399.091
399.091
399.091
399.091
399.091
399.091
399.091
399.091
399.091
399.091
399.091
399.091
399.091
399.091
399.091
399.091
399.091
399.091
399.091
399.091
399.091
399.091
399.091
399.091
399.091
399.091
399.091
399.091
399.091
399.091
399.091
399.091
399.091
399.091
399.091
399.091
399.091
399.091
399.091
399.091
399.091
399.091
399.091
399.091
399.091
399.091
399.091
399.091
399.091
399.091
399.091
399.091
399.091
398.663
398.663
398.663
398.663
398.663
371.711
371.711
371.711
371.711
371.711
361.686
361.686
361.686
361.686
361.686
361.686
361.686


0.534751
1.41424
4.93423
3.98412
3.96791
-0.722931
-3.85501
-2.12373
5.97007
0.925655
3.32785
3.4155
6.69506
5.33946
-3.26169
-3.43147
-1.34231
0.257805
-0.46275
-0.62346
-2.52051
6.58211
1.23132
-3.32643
-4.03401
-3.09043
-2.98151
4.91428
-0.67245
-2.07696

0.022

