469.229
267.586
249.789
249.789
249.789
249.789
249.789
249.092
249.092
214.589
117.516
117.516
117.516
99.8371
99.8371
99.8371
108.535
108.535
108.535
108.535
117.516
131.804
131.804
131.804
131.804
131.804
131.804
154.351
120.534
120.534
120.534
86.6456
86.6456
85.4816
71.5994
71.5994
71.5994
85.4816
85.4816
85.4816
69.5914
69.5914
69.5914
72.2302
72.2302
72.2302
72.2302
72.2302
72.2302
72.2302
63.3788
63.3788
63.3788
63.3788
63.3788
63.3788
63.3788
63.3788
88.7969
69.4225
69.4225
69.4225
69.4225
69.4225
69.4225
69.4225
69.4225
69.4225
71.9442
62.8629
62.8629
62.8629
62.8629
62.8629
62.8629
62.8629
62.8629
62.8629
60.782
60.782
60.782
60.782
60.782
60.782
60.782
60.782
60.782
60.782
60.782
60.782
60.782
60.782
60.782
60.782
60.782
60.782
51.896
53.7377
53.7377
53.7377
53.7377
53.7377
53.7377
53.7377
53.7377
53.7377
47.0753
47.0753
47.0753
47.0753
47.0753
47.0753
46.0202
46.0202
46.0202
46.0202
46.0202
46.9131
46.9131
46.9131
41.782
41.782
49.7732
49.7732
49.7732
49.7732
46.6713
44.9903
44.9903
44.9903
44.9903
44.9903
44.9903
44.9903
44.9903
44.9903
44.9903
44.9903
45.5058
45.5058
43.4594
43.4594
43.4594
43.4594
43.4594
43.4594
43.4594
43.4594
43.4594
42.4165
42.4165
42.4165
42.4165
42.4165
43.4594
43.6285
43.6285
43.6285
43.6285
43.6285
44.0112
42.1875
42.1875
36.5467
36.5467
36.5467
36.5467
36.5467
36.5467
36.5467
36.5467
38.4562
38.4562
38.4562
43.1129
43.1129
40.9769
40.9769
37.457
37.457
37.457
37.457
30.9109
30.9109
30.9109
30.9109
30.9109
27.5158
27.5158
27.5158
30.9109
30.2342
30.2342
30.2342
30.2342
30.2342
30.3008
30.3008
30.3008
31.1974
31.1974
31.1974
31.1974
32.1767
32.1767
32.1767
35.6809
35.6809
35.6809
35.6809
35.6809
35.6809
40.2537
40.2537
40.2537
40.2537
36.9605
36.9605
36.9605
36.9605
40.2537
40.2537
37.0249
34.6236
34.6236
34.6236
38.7657
38.7657
36.5647
35.1875
35.1875
35.1875
35.1875
35.1875
35.1875
35.1875
35.1875
35.1875
35.1875
35.1875
35.1875
35.1875
35.0751
35.0751
35.0751
35.0751
35.0751
35.0751
35.0751
35.0751
35.0751
33.1512
33.1512
33.1512
33.1512
33.1512
33.1512
34.7966
34.7966
34.7966
34.7966
34.7966
34.7966
34.7966
37.3183
36.094
36.094
32.7155
32.7155
32.7155
32.7155
32.7155
32.7155
32.8408
32.8408
32.8408
32.8408
32.8408
34.3897
34.3897
33.8425
33.2527
33.2527
33.2527
32.0383
32.0383
32.0383
32.0383
32.0383
32.0383
33.2527
33.2527
33.2527
33.2527
33.2527
32.7814
32.7814
32.7814
32.7814
32.5884
32.5884
32.5884
31.8675
31.8675
31.8675
31.8675
31.8675
32.484
32.484
32.5884
32.5884
32.5884
32.5884
32.5884
35.1057
35.1057
35.1057
35.1057
35.1057
35.1057
35.1057
35.1057
35.1057
35.1611
35.1611
35.1611
35.1611
35.1611
34.5701
34.5701
34.5701
34.5701
34.5701
36.6591
36.6591
36.6591
36.8822
36.8822
36.8822
36.8822
36.8822
36.8822
33.4542
33.4542
33.4542
33.4542
33.4542
37.0848
37.0848
36.8783
36.8783
36.8783
36.8783
37.8784
37.8784
37.8784
26.3881
23.3265
23.3265
23.3265
23.3265
26.9906
26.9906
26.9906
26.9906
26.9906
25.271
25.271
25.271
25.271
25.271
26.9906
26.9906
26.6048
26.0368
22.3737
22.3737
22.3737
22.3737
22.3737
21.0921
21.0921
21.0921
21.0921
21.0921
21.0921
21.0921
21.0921
20.916
20.916
20.916
20.916
20.916
20.916
20.916
20.916
20.916
20.916
20.916
20.916
20.916
22.5022
22.5022
22.5022
22.5022
22.5022
24.2545
24.2545
24.2545
24.2545
24.2893
24.2893
24.2893
24.2893
24.2893
24.2893
24.2893
24.2893
24.2893
24.2893
24.2893
25.0206
25.0206
25.0206
25.0206
25.0206
25.0206
25.0206
25.0206
25.0206
27.4084
28.4739
28.4739
28.238
27.3262
27.3262
27.3262
27.3262
27.5903
27.5903
26.1988
26.1988
26.1988
26.1988
26.1988
26.1988
26.1988
20.4053
20.4053
20.4053
20.4053
23.3362
23.3362
28.4776
28.4776
28.4776
28.4776
22.7157
22.7157
22.7157
22.7157
22.7157
22.7157
22.7157
22.7157
22.7157
22.7157
21.8921
21.8921
21.8921
21.8921
21.8921
22.3811
22.3811
22.3811
22.3811
21.9885
21.9885
24.2439
24.7227
24.7227
24.7227
24.7227
24.7227
27.7445
26.8566
26.8566
26.8566
26.8566
25.4539
25.4539
25.4539
24.5726
24.5726
24.5726
24.5726
19.2101
19.2101
19.2101
19.2101
19.2101
21.1089
21.1089
22.525
22.525
22.525
23.023
23.023
23.023
23.023
23.023
23.023
23.023
23.023
23.023
23.023
23.3465
23.3465
23.3465
23.3465
23.3465
23.3465
23.3465
23.3465
23.3465
23.3465
23.3465
23.3465
23.3465
23.3465
23.642
23.642
23.642
23.642
23.642
24.9379
25.6344
25.6344
25.8768
25.8768
25.8768
26.8577
26.8577
26.8274
26.8274
21.8428
21.8428
21.8428
20.9106
20.9106
19.7988
19.7988
19.7988
19.7988
19.7988
19.7988
19.7988
19.7988
19.7988
21.6459
21.6459
21.6459
23.4791
23.4791
21.2635
16.938
16.938
16.938
16.938
16.938
16.938
16.938
16.938
16.938
16.938
16.938
16.938
16.938
17.5651
15.4768
15.4768
15.4768
15.4768
15.4768
15.4768
15.4768
15.4768
15.4768
15.4768
15.4768
15.4768
18.2276
18.2276
19.5913
19.5913
19.5913
17.156
17.156
17.156
17.156
17.156
17.156
17.156
17.156
16.991
16.991
16.8628
16.991
16.991
16.991
16.991
17.0334
17.0334
17.0334
17.0334
17.0334
17.0334
17.0334
17.0334
19.0766
19.0766
19.0766
21.1391
21.1391
21.1391
19.9193
19.9193
19.9193
19.9193
21.7369
21.7369
21.5516
19.3992
19.3992
19.3992
19.3992
19.3992
19.6939
19.6939
20.4446
20.4446
20.4446
20.4446
20.4446
20.4446
20.4446
20.4446
20.4446
20.4528
19.9245
16.5478
16.5478
16.5478
16.5478
16.5478
16.1025
16.1025
16.1025
16.1025
16.1025
16.1025
16.1501
16.1501
16.1501
16.1501
16.1501
16.1501
16.1501
16.1501
19.6236
19.6236
20.1059
20.1059
20.3233
20.3233
19.5643
18.2069
18.2069
18.2069
18.2069
19.5643
19.5643
19.2909
19.2909
19.2909
19.2909
19.2909
21.3812
21.3812
21.3812
21.3812
20.3897
20.3897
20.3897
19.7548
19.7548
19.7548
19.7548
19.7548
19.7548
19.8003
19.8003
19.8003
19.8003
18.2328
18.2328
18.2447
18.2447
18.2447
18.2447
21.3684
21.7761
21.7761
18.6434
18.6434
18.6434
22.8675
22.8675
22.8675
22.8675
22.8675
22.8675
22.8675
22.8675
21.7867
21.7867
18.7123
18.7123
18.7123
18.7123
21.7867
21.7867
21.7867
21.7867
21.7867
21.3901
21.3901
21.3901
21.3901
19.096
18.9265
18.2596
18.2596
18.2596
18.2596
17.6625
17.6625
17.6625
17.6625
17.6625
17.6625
17.6625
18.1644
18.1644
18.1644
18.1644
19.1931
19.1931
19.1931
20.8294
20.8294
20.8294
20.3638
20.2994
20.2994
20.2994
20.2994
20.2994
20.2994
19.6769
19.6769
19.6769
19.6769
19.6769
20.2994
18.7463
18.7463
18.7463
18.7463
18.7463
18.7463
19.402
19.402
18.503
18.503
18.503
18.503
17.9667
17.9667
18.4556
18.4556
18.4556
18.4556
18.4556
18.4556
18.503
21.0553
21.0553
21.0553
21.0553
21.0553
21.0553
21.0553
21.0553
21.0553
21.0553
20.3433
20.3433
20.3433
19.0138
19.0138
19.0138
19.0138
19.0138
19.0138
19.0138
19.0138
19.7644
19.7644
19.7644
19.3557
18.1829
18.1829
17.502
17.502
17.502
17.502
17.502
17.502
17.502
17.502
17.502
17.502
17.502
17.502
16.7141
16.7141
16.7141
16.7141
16.7141
16.7141
16.7141
15.9949
15.9949
16.7141
16.7141
16.5515
16.5515
16.5515
15.3788
15.3788
15.3788
16.2706
16.2706
16.9329
16.1261
16.1261
16.1261
16.289
16.289
16.289
16.289
16.289
15.8232
15.8232
15.8232
15.8232
15.8232
15.8232
15.8232
15.8232
15.8232
15.8232
15.8232
15.7634
15.7634
15.7634
16.1491
16.2555
16.2039
16.2039
16.2039
16.2039
16.2039
16.2792
16.3151
16.3151
16.406
16.406
16.406
16.406
16.406
16.406
16.406
16.406
16.406
16.406
16.406
16.406
16.406
16.406
16.406
17.3202
17.3202
17.3202
17.3202
17.3202
17.7118
17.7118
17.7118
16.7401
16.7401
16.7401
16.7401
16.7401
16.7401
16.7401
16.7401
16.7401
16.7401
16.7401
16.7401
16.7401
16.7401
16.7401
16.7401
16.7401
16.7401
16.7401
16.7401
16.7401
16.7401
16.7401
16.7401
16.7401
16.7401
16.7401
16.7401
16.7401
16.7401
16.7401
16.7401
16.7401
16.7401
16.7401
17.5162
17.5162
17.5162
17.7949
17.6322
17.6322
17.6322
17.4824
17.4824
17.4824
17.6322
22.2928
22.2928
18.3085
18.3085
18.3085
21.3731
21.3731
21.3731
21.3731
21.3731
21.3731
21.3731
22.4377
22.4377
22.4377
19.8097
19.8097
19.8097
19.1764
19.1129
19.1129
19.0134
19.0134
19.0134
19.0134
19.0134
19.0134
16.9124
16.9124
16.9124
19.0134
19.0134
19.0134
19.0134
19.0134
19.1559
18.3436
18.3436
19.1559
18.8629
18.8629
18.8629
18.8629
18.1586
18.1586
18.1586
18.1586
18.1586
18.1586
18.1586
18.2155
18.2155
18.2155
18.2155
18.2801
18.4834
18.4834
18.4834
18.4834
18.4834
18.4834
18.4834
18.4834
18.4834
18.4834
18.4834
18.0114
17.0514
17.0382
17.0382
17.0382
17.0382
14.67
14.67
14.67
14.67
14.67
14.67
16.096
16.096
16.096
16.096
16.096
16.096
16.096
16.096
16.096
16.096
16.096
16.096
16.096
16.096
17.9809
17.9809
17.9809
17.9809
17.9809
17.9809
17.9809
17.9809
17.9809
17.9809
17.624
17.624
17.624
17.7341
17.7341
17.7341
17.7341
17.7341
17.7341
17.7341
18.0323
18.0837
18.0837
17.6126
17.6126
17.6126
17.6126
17.6126
17.6126
17.2389
17.2389
17.0038
17.0038
17.0038
17.0038
17.0038
17.0038
17.0038
17.0038
17.0038
17.0038
17.0038
17.0038
17.0038
17.0038
17.0038
17.0038
17.0038
17.0038
17.0038
17.0038
17.0038
16.706
16.706
16.706
16.706
16.706
16.706
16.5748
16.5748
16.5748
16.5748
16.5748
16.4901
16.5748
16.706
16.706
17.1196
17.1196
17.1196
17.1196
17.4706
17.4706
17.4706
16.211
16.211
15.5731
15.5731
15.5731
15.5731
15.5731
15.5731
15.5731
15.5731
15.6154
15.6154
15.6154
15.6154
15.6154
15.6154
15.6154
14.7372
14.7372
14.7372
14.7372
14.7372
14.7372
14.7372
14.7372
14.7372
14.7372
14.7372
14.7372
14.7372
14.7372
14.7372
14.7372
14.7372
14.7372
14.7372
14.7372
14.7372
14.571
14.571
14.571
19.4305
19.4305
19.4305
19.4305
19.4305
17.9756
17.9756
19.3347
19.3347
19.4305
19.4305
20.25
18.8567
18.8567
18.8567
18.8567
18.8567
18.8567
18.8567
18.8567
18.8567
18.8567
18.8567
18.8567
19.9221
19.9221
19.9221
19.9221
22.4557
20.8827
19.3466
19.3466
19.3466
19.3466
19.3466
19.3466
18.9035
18.9035
18.9035
18.9035
18.9035
18.9035
22.1855
20.2889
20.2889
20.2889
20.2889
22.1855
19.106
19.106
19.106
19.106
19.106
19.106
19.106
18.9849
18.9849
18.9849
18.9849
18.9849
18.9849
18.9849
18.9849
19.5624
19.5624
19.5624
19.5624
19.5624
19.5624
19.5624
20.828
20.2797
20.2797
20.2797
20.2797
20.2797
17.2923
17.2923
17.2923
17.2923
16.8023
16.8023
16.8023
16.8023
17.2923
17.2923
17.2923
17.2923
16.4561
16.4561
16.4561
16.4561
14.1644
14.1644
14.1644
14.1644
14.1644
14.1644
15.4985
14.9621
14.3513
14.3513
14.3513
14.3513
14.3513
14.9621
14.9621
14.9621
14.9621
14.9621
14.9621
15.1639
15.1639
14.3359
14.3359
14.3359
14.3359
14.3359
15.0113
15.0113
15.0113
15.0113
13.8133
13.8133
13.8133
13.8133
13.8133
13.8133
14.9401
14.9401
14.9401
15.6036
15.4275
15.4275
15.4275
15.4275
15.4494
15.4494
15.4494
15.4494
15.4484
15.011
15.011
15.011
15.011
15.4484
15.5134
15.5134
16.3137
16.3137
16.3137
16.3137
18.5913
18.5913
17.1362
17.1362
17.1362
18.7519
18.7519
18.7519
18.7519
18.7519
18.7519
18.7519
18.7519
18.4072
18.4072
18.4072
18.4072
18.4072
18.4072
17.2336
17.2336
17.2336
15.7589
15.7589
15.7589
15.7589
15.7589
15.7589
15.7589
15.7589
15.7589
15.7589
15.7473
15.7473
15.851
15.851
15.851
15.851
16.0582
16.0582
16.0582
16.0582
16.0582
16.0582
16.0582
16.022
16.022
16.022
16.022
16.022
16.022
16.022
16.022
16.022
16.022
16.022
17.255
17.0424
17.0424
17.0424
17.0424
17.4124
17.5613
17.5613
16.419
16.419
16.419
17.5613
17.5613
19.3602
19.3602
19.3602
13.7525
13.7525
13.7525
16.0584
16.0584
16.0584
16.2259
16.2259
16.2259
16.2259
16.2259
15.8152
15.8152
15.8152
15.8152
15.8152
15.8152
15.8152
15.8152
15.8152
15.8152
15.8152
15.2203
15.2203
15.2203
14.526
14.526
13.4081
13.4081
13.4081
13.4081
13.4081
11.8616
11.8616
11.8616
11.8616
11.8616
15.1314
15.1314
15.1314
13.2807
13.1849
13.1849
13.1849
13.1849
13.1849
13.3109
13.3109
15.2203
16.7269
16.8775
11.483
11.483
11.483
11.483
11.483
11.483
11.483
11.483
11.483
11.483
11.483
11.483
14.3107
14.2827
13.7209
12.7879
12.7879
12.7879
12.7879
12.2639
12.2639
12.2639
12.2639
12.2639
12.2639
12.2639
12.2813
12.2813
12.2813
12.2813
12.2813
12.2813
12.2813
13.1105
13.1105
13.1105
13.1105
13.1105
13.1105
13.1105
12.9496
12.9496
12.9496
12.9496
12.9496
12.9496
12.9496
12.9496
12.9496
12.9496
12.9496
15.7242
15.7242
14.3466
14.3466
14.3466
14.3466
14.3466
14.3466
14.0569
14.0569
14.0569
14.0569
14.0569
14.0569
14.0569
14.0569
14.0569
14.3466
14.3466
14.3466
14.3833
14.3833
14.3833
15.2234
15.2234
15.2234
15.2234
15.2234
15.2234
15.2234
15.2234
15.2234
15.2234
15.2234
15.2234
16.6214
16.6214
16.6214
16.6214
16.6214
16.6214
19.88
19.88
19.88
19.88
19.88
19.0468
19.0468
19.0468
19.0468
19.0468
17.3285
16.7562
16.7562
16.7562
17.3285
17.3285
17.3285
17.3285
17.3285
17.3285
19.7462
19.7462
19.7462
19.7462
18.8819
18.8819
18.8819
18.8819
17.7668
17.7668
17.7668
15.8063
15.1696
15.1696
14.1942
14.1942
14.1942
15.8063
15.8063
15.8063
15.8063
16.7245
15.6117
15
15
15
15.4515
15.4515
15.4515
15.3139
15.3139
15.3139
15.43
15.43
15.43
15.4515
15.6117
14.8958
14.0567
14.0567
13.987
13.987
13.987
13.987
13.987
13.987
13.987
13.987
13.987
13.987
14.4789
13.1949
11.7124
11.7124
11.7124
11.7124
11.7124
11.7124
11.7124
11.7124
11.7124
11.7124
11.7124
13.1949
13.1949
12.9859
12.9859
12.9859
13.1949
13.1949
13.3067
13.735
13.735
13.735
13.735
13.735
13.735
13.8501
13.2814
13.2814
13.2629
13.2629
13.2629
13.2629
15.5446
15.5446
15.5446
15.5446
15.5446
15.5446
15.5446
15.5446
15.2863
15.2863
15.2863
15.2863
15.0254
15.0254
15.0254
15.0254
15.0254
15.0254
13.4266
13.4266
13.4266
13.4266
13.4266
13.4266
13.4266
13.4266
13.4266
13.4266
13.4266
13.4266
14.377
14.377
14.377
14.377
14.377
14.377
14.377
14.377
14.377
14.377
17.575
17.575
17.575
17.575
17.575
17.575
17.575
17.575
17.575
17.575
17.575
17.575
19.523
19.523
19.523
15.6738
15.6738
19.523
19.3521
19.3521
19.3521
19.2588
19.2588
19.2522
19.2522
19.2522
18.14
17.8817
17.8817
17.8817
17.8817
17.5264
17.5264
17.5264
17.5264
17.5264
17.4801
17.4801
17.4801
16.9297
16.9297
16.9297
16.9297
16.9297
16.9297
17.5077
17.758
17.758
17.6899
16.7439
16.7439
16.7439
16.7439
16.7439
16.7439
16.7439
16.7439
15.7057
15.7057
15.7057
15.7057
15.7057
15.7057
15.7057
15.583
15.583
15.583
14.8589
14.8589
14.8589
14.8589
14.8589
14.8589
14.8589
14.8589
14.8589
14.8589
14.8589
14.4367
14.4367
14.4367
14.4367
13.2766
13.2766
13.2766
13.2766
13.2766
13.4435
13.4435
13.4435
13.4183
13.4183
12.7453
12.7453
12.7453
12.7453
12.8454
12.8454
12.8454
12.986
12.986
12.986
12.986
12.986
13.5219
13.7619
13.7619
13.7619
14.0059
14.0059
14.0059
14.0059
12.7587
12.7587
12.7587
12.7587
12.7587
13.476
13.476
13.476
13.476
13.1529
13.1529
14.0074
14.2108
14.2108
14.2108
14.2108
14.2108
14.2108
14.2108
14.2108
14.2108
14.2108
14.2108
14.2108
14.2108
14.2108
14.2108
14.2108
12.1764
10.6521
10.6521
10.6521
10.6521
10.6521
10.6521
10.6521
10.6521
10.6521
11.1554
11.1554
11.1554
10.7588
10.7588
10.5897
10.5897
10.7588
10.7588
10.9456
10.9456
10.9456
10.9456
10.9456
10.9456
10.9456
10.9456
10.9456
10.9456
10.9456
10.9456
10.9456
10.6893
10.6893
10.6893
10.6893
10.6893
10.6893
10.6893
10.6893
10.6893
10.6893
10.6893
10.6893
11.8283
11.444
11.444
11.1098
11.1098
11.1098
11.1098
11.444
11.444
12.9663
12.9663
11.9831
11.9831
11.9831
11.9831
11.9831
11.9831
11.9831
11.9831
10.4778
10.4778
10.4778
11.18
11.18
11.18
11.18
11.18
11.18
13.0933
13.0933
11.7426
11.7426
11.7426
11.6436
11.6436
11.6436
11.4355
11.4355
11.4355
11.4355
11.4355
11.4355
11.4355
11.4355
11.4355
11.4355
11.4355
11.4355
11.4355
11.4355
13.7005
13.7005
13.166
12.8724
10.8708
10.8708
10.8708
10.8708
10.8708
11.3272
11.3272
11.3272
12.1169
12.1169
12.1169
12.1169
11.1906
11.1906
11.1906
11.1906
14.5924
10.9821
10.9821
10.9821
10.9821
10.9821
10.9821
10.9821
10.9821
10.9821
12.6136
12.647
12.647
12.647
12.647
12.647
12.647
12.647
12.647
12.647
13.1602
13.1602
13.943
13.943
13.943
13.943
13.943
13.943
11.7844
11.7844
11.7844
11.7844
11.7844
11.7844
11.7844
11.7844
11.7844
11.7844
11.7844
11.7844
11.7844
11.7844
11.7844
11.9526
11.9526
11.9526
10.4261
10.4261
10.4261
10.4261
10.4261
9.89958
9.89958
9.89958
9.89958
9.89958
9.89958
9.89958
9.89958
9.89958
9.89958
9.89958
9.89958
9.89958
13.7851
11.0715
11.0715
11.0715
11.0715
11.0715
11.0715
11.6146


-15.046
42.2718
47.8226
12.2307
-7.48924
-14.7429
-51.6099
35.5206
36.8795
41.6003
1.83573
-8.38416
27.38
-78.7497
-0.539535
-20.4943
41.5218
42.3922
-42.5413
-17.6682
-2.77924
-32.4615
-13.16
26.6372
3.44987
56.5672
69.4997
18.3045
9.45474
-18.9788

0.032

