1516.44
1516.44
1516.44
1144.44
1144.44
1144.44
1144.44
1144.44
1144.44
1144.44
946.712
946.712
946.712
946.712
927.063
623.848
623.848
623.848
623.848
623.848
623.848
623.848
623.848
623.848
623.848
623.848
623.848
581.17
581.17
581.17
581.17
581.17
581.17
581.17
581.17
569.838
568.965
568.965
568.965
568.965
568.965
568.965
568.965
568.965
568.965
568.965
568.453
568.453
564.703
564.703
564.703
557.056
557.056
548.104
548.104
548.104
542.09
542.09
542.09
542.09
542.09
541.222
541.222
530.894
530.894
530.894
503.191
503.191
503.191
503.191
503.191
503.191
503.191
503.191
500.065
500.065
485.091
485.091
485.091
485.091
485.091
485.091
485.091
485.091
484.231
484.231
484.231
452.386
452.386
452.386
452.386
449.291
449.291
429.32
429.32
429.32
429.32
429.32
429.32
429.32
429.32
429.32
429.32
429.32
429.32
429.32
429.32
429.32
429.32
429.134
429.134
429.134
424.027
424.027
424.027
421.231
378.862
378.862
378.862
378.862
378.469
378.469
378.469
378.469
378.469
378.061
372.456
372.447
370.867
367.968
365.637
365.637
365.637
365.637
365.125
365.125
365.125
362.618
356.592
356.592
351.305
351.305
224.605
224.605
224.605
224.605
224.605
224.605
224.605
224.605
224.605
224.605
222.207
222.207
221.67
221.67
215.539
215.539
215.539
215.539
215.266
215.266
215.266
215.266
215.266
215.047
215.047
214.658
214.247
214.247
214.245
214.245
214.238
208.427
208.427
208.427
180.26
180.26
180.26
180.153
180.153
180.153
180.153
179.987
179.987
179.987
179.987
179.987
179.987
179.987
179.987
179.987
179.987
179.987
179.987
179.987
179.987
179.987
179.987
179.987
179.987
179.987
178.024
178.024
178.024
177.656
177.656
177.656
177.656
176.345
176.345
176.345
176.345
176.345
176.345
176.345
176.345
176.345
176.345
176.345
176.345
176.345
174.937
174.937
174.937
174.937
174.937
174.937
174.937
174.937
174.937
174.937
174.937
174.937
174.937
174.937
174.937
174.937
174.937
174.937
174.566
174.566
174.566
174.566
174.566
174.546
174.546
174.546
174.546
174.546
173.68
173.68
173.68
170.739
170.739
170.739
170.739
170.739
170.739
169.801
169.801
168.904
168.904
167.507
167.507
167.507
167.507
167.507
167.507
167.472
167.472
167.472
167.426
167.426
167.426
167.426
167.426
167.426
167.426
166.282
166.282
166.282
166.282
166.282
166.282
166.282
166.282
166.282
166.282
166.282
166.282
166.282
166.282
166.282
166.282
166.282
166.282
166.282
166.282
166.282
166.282
164.905
164.905
164.905
164.905
164.905
164.905
164.905
164.905
164.905
164.905
163.916
163.916
163.916
163.916
163.916
163.862
163.862
162.848
162.848
162.848
162.848
162.848
160.535
160.206
147.183
147.183
147.183
147.183
147.183
147.183
147.183
145.874
145.874
145.874
145.874
145.874
145.874
145.874
145.874
145.874
145.874
145.874
145.874
145.874
145.874
145.874
145.874
145.874
145.874
145.874
145.874
145.874
145.874
145.874
145.874
145.874
144.848
144.848
144.848
144.848
144.848
144.848
144.848
144.848
144.848
144.783
144.783
144.783
144.783
144.783
144.783
144.731
144.731
144.731
144.731
144.731
144.731
144.731
144.731
144.731
144.731
144.731
144.731
144.731
144.697
144.697
144.697
144.697
144.58
144.58
144.58
144.58
144.58
144.58
144.58
144.58
144.58
144.267
144.267
144.267
143.731
143.731
143.731
143.731
143.731
143.731
143.731
143.731
143.731
143.731
143.731
143.731
143.731
143.731
143.731
143.731
143.324
143.324
143.324
143.324
143.324
143.324
143.324
143.007
143.007
142.551
142.551
141.253
141.253
140.984
140.984
140.308
140.308
140.308
140.308
140.308
140.308
140.308
140.308
140.308
140.308
140.308
139.932
139.932
139.932
139.932
139.932
139.932
139.932
139.173
139.173
139.173
139.173
139.173
139.173
139.173
139.173
139.173
139.173
139.173
139.173
139.173
139.173
138.016
138.016
137.91
137.91
137.91
137.91
137.91
137.91
136.364
136.364
136.364
136.364
136.364
136.364
136.364
136.001
136.001
136.001
136.001
135.988
135.988
135.988
135.988
135.988
135.988
135.988
135.988
135.988
135.988
135.988
135.988
135.881
135.881
135.881
135.881
135.357
135.357
135.357
134.295
134.295
134.295
133.919
133.919
133.919
133.919
133.919
133.919
133.919
133.919
133.919
133.919
133.919
133.919
133.919
133.919
133.793
133.782
133.69
133.69
133.612
133.611
133.611
133.611
133.611
133.611
133.611
133.611
133.611
133.611
133.611
133.455
133.455
133.455
133.455
133.455
133.455
133.455
133.455
133.455
133.407
133.406
133.126
132.152
132.152
132.152
132.152
132.152
132.152
132.152
132.152
132.152
132.152
131.841
131.841
126.031
126.031
125.307
125.307
125.307
125.307
125.307
125.307
125.307
125.307
125.307
125.307
125.307
125.307
125.031
125.031
125.031
125.031
125.031
125.031
124.638
124.638
124.638
124.638
124.638
124.152
124.152
124.152
124.152
124.152
124.152
124.152
124.152
124.152
124.146
124.146
124.146
124.146
123.88
123.88
123.88
123.88
123.88
123.88
123.88
123.88
123.65
123.65
123.65
123.65
123.65
123.65
123.65
123.65
123.65
123.65
123.65
123.554
123.554
123.554
123.554
123.554
123.554
123.554
123.554
123.554
123.554
123.548
123.548
123.52
123.514
123.514
123.514
123.514
123.514
123.514
123.514
123.503
123.503
123.503
123.503
123.503
123.503
123.503
123.503
123.415
123.405
123.405
123.405
123.405
123.396
123.396
123.396
123.396
123.38
123.38
123.38
123.38
123.38
123.305
123.305
123.305
123.269
123.269
123.269
123.269
123.269
123.269
123.269
123.269
122.806
122.806
122.806
122.806
122.806
122.806
122.806
122.806
122.806
122.806
122.806
122.806
122.666
122.666
122.666
122.666
120.685
120.685
120.685
120.685
120.685
120.685
120.685
120.685
120.685
120.685
120.685
120.685
120.685
120.685
120.685
120.685
120.685
120.685
120.685
120.185
120.185
120.185
120.185
120.185
120.185
120.185
120.185
120.185
120.185
120.185
120.185
120.185
120.185
119.704
119.704
119.704
119.704
119.704
119.704
119.704
119.704
119.704
119.704
119.057
119.057
119.011
119.011
119.011
119.011
119.011
119.011
119.011
119.011
119.011
119.011
119.011
119.011
119.011
118.985
118.985
118.985
118.985
118.985
118.985
118.985
118.985
118.985
118.985
118.985
118.985
118.985
118.985
118.985
118.716
118.716
118.716
118.716
118.716
118.716
118.716
118.716
118.716
118.716
118.689
118.689
118.689
118.689
118.689
118.689
118.689
116.599
116.599
116.599
116.599
116.599
116.599
116.599
116.599
116.599
116.599
116.471
116.471
116.471
116.103
116.103
115.93
115.93
115.93
115.93
115.93
115.93
115.93
115.93
115.93
115.93
115.93
115.93
115.773
115.773
115.773
115.773
115.773
115.688
115.688
115.688
115.688
115.688
115.666
115.293
115.293
115.293
115.293
115.293
115.13
115.13
115.015
115.015
115.015
114.999
114.947
114.947
114.947
114.145
114.145
114.145
114.145
114.145
114.145
114.145
114.145
114.145
114.145
114.145
114.145
114.145
114.145
114.145
114.145
114.145
114.145
114.145
114.145
114.145
114.145
114.145
114.145
114.145
114.145
114.145
114.145
114.145
114.145
114.145
113.424
113.424
113.424
113.424
113.424
113.424
113.424
113.424
113.424
113.424
113.424
113.424
113.424
112.789
112.789
112.789
111.823
111.823
111.823
111.823
111.823
111.823
111.823
111.823
111.823
111.823
111.823
111.823
111.823
111.823
111.823
111.823
111.823
109.055
109.055
109.055
109.055
109.055
109.055
109.055
109.055
109.055
109.055
109.055
109.055
109.055
109.055
109.054
109.054
109.054
109.054
109.054
109.054
108.99
108.99
108.99
108.99
108.746
108.746
108.746
108.746
108.746
108.746
108.746
108.746
108.746
108.746
108.746
108.746
108.746
108.746
108.746
108.746
108.746
108.746
108.746
108.746
108.746
108.746
108.562
108.562
108.415
108.415
108.415
108.415
108.415
108.363
108.363
108.363
108.363
108.363
108.363
108.363
108.363
108.327
108.318
107.47
107.47
107.47
107.47
107.47
107.47
107.382
106.882
106.882
106.882
106.882
106.882
106.882
106.882
106.882
106.882
106.882
106.882
106.882
106.882
106.882
106.882
106.882
106.882
106.882
106.882
106.882
106.882
106.875
106.875
106.875
106.875
106.813
106.813
106.813
106.813
106.813
106.813
106.7
106.7
106.7
106.7
106.7
106.568
106.568
106.468
106.468
106.468
106.468
106.456
106.456
106.456
106.401
106.401
106.401
106.401
106.401
106.401
106.401
106.401
106.401
106.401
106.401
106.401
106.029
106.029
106.029
106.029
106.029
104.893
104.893
104.893
104.893
104.893
104.893
104.893
104.893
104.893
104.893
104.893
104.893
104.893
104.893
104.893
104.893
104.893
104.893
104.893
104.893
104.893
104.893
104.893
104.893
104.893
104.893
104.539
104.539
104.539
104.539
102.454
102.454
102.454
102.454
102.454
102.454
102.454
102.454
102.454
102.454
102.454
102.454
102.454
102.454
102.454
102.454
102.454
102.454
102.454
102.454
102.454
102.454
102.317
102.317
102.317
102.317
102.317
102.317
102.317
102.317
102.317
102.317
102.317
102.317
102.317
102.317
102.317
102.317
102.317
102.317
102.317
102.122
102.122
102.122
101.366
100.879
100.879
100.879
100.879
100.879
100.879
100.879
100.879
100.879
100.879
100.879
100.879
100.879
100.879
100.879
100.879
100.879
100.879
100.879
100.879
100.879
100.879
100.879
100.659
100.659
100.659
100.659
100.659
100.659
100.659
100.659
100.585
99.8751
99.8751
99.8751
99.8751
99.8751
99.8751
99.8751
99.8751
99.8751
99.8751
99.8751
99.8751
99.8751
99.8751
99.8751
99.8751
99.8751
99.8751
99.8751
99.8751
99.8751
99.8751
99.8751
99.8751
99.8751
99.8751
99.8751
99.8751
99.8751
99.8751
99.8751
99.8751
99.8751
99.8751
99.8751
99.8751
99.8522
99.8522
99.8522
99.8522
99.8522
99.8522
99.313
97.456
97.456
97.456
97.456
97.456
97.456
97.456
97.456
97.456
97.3402
97.3402
97.3402
97.3402
97.3402
97.3402
97.3402
97.3402
97.3402
97.3402
97.3402
97.3402
97.3402
97.3402
97.3402
97.3402
97.3402
97.2532
97.2532
97.2532
97.2532
97.2532
97.2532
97.2532
97.2532
97.2532
97.2532
97.2532
97.2532
97.2532
97.2532
96.9993
96.9993
96.9993
96.5873
96.5873
96.5873
96.5873
96.5873
96.5873
96.5873
96.5814
96.5444
96.5444
96.5444
96.5404
96.474
96.474
96.474
96.474
96.474
96.474
96.474
96.474
96.474
96.3954
96.3954
96.3954
96.3954
96.3349
96.3349
96.3349
96.3349
96.2038
96.2038
96.2038
96.2038
96.2038
96.2038
96.2038
96.2038
96.2038
96.2038
96.2038
96.2038
96.2038
96.2038
96.2038
96.2038
96.2038
96.1902
96.19
96.082
96.082
96.082
96.082
96.082
96.082
96.082
96.082
96.082
96.082
96.082
96.082
96.082
96.082
96.082
96.082
96.082
96.082
96.082
96.082
96.082
96.082
96.082
96.082
96.082
96.082
96.082
96.082
96.082
96.082
96.082
96.082
95.7783
95.4788
95.4788
95.4219
95.4219
95.2122
94.8638
94.8638
94.8638
94.8638
94.854
94.854
94.854
94.854
94.854
94.854
94.854
94.854
94.854
94.854
94.854
94.854
94.854
94.8463
94.8463
94.8463
94.8463
94.8463
94.6554
94.6554
94.6154
94.6154
94.6154
94.6154
94.6154
94.6154
94.6154
94.6154
94.6154
94.6154
94.6154
94.6154
94.6154
94.6154
94.6154
94.6154
94.6041
94.6041
94.6041
94.6041
94.4168
94.4168
94.4168
94.4168
94.4168
94.4168
94.4168
94.4168
94.4168
94.4168
94.4168
94.4168
94.4168
94.4168
94.4168
94.4168
94.4168
94.4168
94.4168
94.4168
94.4168
94.4168
94.4168
94.4168
94.4168
94.4168
94.4168
94.4168
94.4168
94.2031
94.2031
94.2031
94.2031
94.2031
94.2031
94.2031
94.2031
94.2031
94.2031
94.2031
94.2031
94.2031
93.9231
93.9231
93.3175
93.3175
92.9765
92.7784
92.7784
92.7784
92.7784
88.5873
88.3881
88.3881
88.3881
88.3881
88.3696
88.3696
88.3696
88.3696
88.3066
88.3066
88.3066
88.3066
88.1895
88.1895
88.1895
88.1895
88.1895
88.1895
88.1848
88.1848
88.1848
88.1848
88.1848
88.1848
88.1848
88.1848
88.1848
88.1848
88.1848
88.1848
88.1848
88.1848
88.1848
88.1848
88.1848
88.1848
88.1848
88.1848
88.1848
88.1848
88.1848
88.1848
88.1848
88.1848
88.1848
88.1848
88.1661
88.1661
88.1661
87.9422
87.9422
87.4879
87.4879
87.4879
87.4879
87.4879
87.4879
87.4879
87.4879
87.4879
87.4879
87.4879
87.4879
87.4879
87.4879
87.1006
87.1006
87.1006
87.1006
87.1006
87.1006
87.1006
87.1006
87.1006
87.1006
87.1006
87.1006
87.1006
87.0863
87.0863
87.0863
87.0863
87.0863
87.0863
87.0863
87.0249
87.0249
87.0238
87.0233
87.0233
87.0233
87.0233
87.0233
87.0233
87.0233
87.0233
87.0232
87.0232
87.0232
87.0232
87.0232
87.0232
87.0232
87.0232
86.9847
86.9847
86.9847
86.9847
86.9225
86.9225
86.9222
86.9222
86.9222
86.9222
86.9222
86.9222
86.9222
86.9222
86.8372
86.8372
86.8372
86.7718
86.7718
86.7718
86.7718
86.7718
86.7718
86.7718
86.7718
86.7718
86.7718
86.7636
86.7636
86.7034
86.7034
86.7034
86.7034
86.7034
86.7034
86.7034
86.7034
86.7034
86.7034
86.6421
86.6421
86.6421
86.6421
86.6421
86.642
86.642
86.6399
86.6399
86.6399
86.6399
86.6399
86.6186
86.6186
86.393
86.393
86.393
86.393
86.393
86.393
86.393
86.393
86.393
86.393
86.393
86.393
86.393
86.393
86.393
86.393
86.393
86.393
86.393
86.393
86.393
86.393
86.393
86.393
86.393
86.393
86.393
86.393
85.895
81.6512
81.6512
81.6512
81.6512
81.6512
81.6512
81.6512
81.6512
81.6512
81.6512
81.6512
81.6512
81.6512
81.6512
81.6512
81.6512
81.5277
81.5277
81.5277
81.5277
81.5277
81.5277
81.5277
81.03
81.03
81.03
81.03
81.03
81.03
80.5693
80.5693
80.5693
80.5693
80.5693
80.5693
80.5693
80.5693
80.5693
80.5693
80.5693
80.5693
80.5693
80.1779
80.1779
80.1779
80.1779
80.1779
80.1779
80.1779
80.1779
80.1779
80.1779
80.1779
80.1779
80.1779
80.1768
80.1768
80.1768
80.1768
80.1768
80.1768
80.1768
80.1768
80.1768
80.1768
80.1768
80.1768
80.1768
80.0691
80.0691
80.0691
80.0691
80.0691
80.0691
80.0691
80.0691
80.0691
80.0691
80.0691
80.0691
80.0661
80.0661
80.0661
80.0661
80.0661
80.0253
79.9578
79.3685
79.3685
79.3685
79.2153
79.2153
79.2153
79.2153
79.2153
79.2153
79.2153
79.2153
78.6989
78.6989
78.6989
78.6989
78.6989
78.6989
78.6989
78.6989
78.6989
78.6989
78.6989
78.6989
78.6989
78.6989
78.6989
78.6989
78.6989
78.6971
78.6971
78.6971
78.6971
78.6971
78.6224
78.6224
78.6224
78.6224
78.6224
78.6224
78.6224
78.6224
78.6224
78.6224
78.6224
78.6224
78.6224
78.5641
78.5641
78.5641
78.5641
78.5641
78.5641
78.5641
78.5641
78.5641
78.5641
78.3386
78.3386
78.3386
78.3277
78.3277
78.3277
78.3277
78.3277
78.3277
78.3277
78.3277
78.3277
78.3103
78.3103
78.302
78.302
78.302
78.302
78.302
78.302
78.302
78.302
78.302
78.301
78.301
78.301
78.2887
78.2887
78.2887
78.2887
78.2887
78.2887
78.2887
78.2887
78.2851
78.2851
78.2851
78.2851
78.2851
78.2851
78.2851
78.2851
78.2843
78.2843
78.2843
78.2843
78.2843
78.2843
78.2504
78.2504
78.2504
78.2504
78.2504
78.2504
78.2504
77.7982
77.7982
77.7982
77.7982
77.7567
77.7567
77.7567
77.7567
77.7567
77.7567
77.7567
77.7567
77.7567
77.7567
77.7567
77.7567
77.7567
77.7567
77.7567
77.7567
77.7567
77.2736
77.2736
77.2736
77.2736
77.2736
77.2736
77.2736
77.2736
77.2736
77.2736
77.2736
77.2736
77.2736
77.2736
77.2736
77.2736
75.0282
75.0282
75.0282
75.0282
75.0282
75.0282
75.0132
75.0132
75.0132
75.0132
75.0132
75.0132
75.0132
75.0132
75.0132
75.0132
75.0132
75.0132
75.0132
75.0132
75.0132
75.0132
75.0132
75.0132
75.0132
75.0132
75.0097
75.0097
75.0097
75.0097
75.0097
74.9846
74.9846
74.9846
74.9332
74.9332
74.9332
74.9332
74.9332
74.9332
74.9332
74.9332
74.9332
74.9332
74.9324
74.9324
74.9287
74.9287
74.9248
74.9248
74.9248
74.9215
74.9215
74.7334
74.7334
74.7334
74.7334
74.7334
74.5502
74.5502
74.5502
74.5502
74.5502
74.5502
73.9802
73.9802
73.9802
73.9802
73.9802
73.9802
73.9802
73.9802
73.9802
73.9802
73.9486
73.9486
73.9486
73.9486
73.9486
73.7818
73.7131
73.7131
73.7131
73.7131
73.7131
73.7131
73.7131
73.7131
73.7131
73.7131
73.7131
73.7131
73.7131
73.7131
73.7131
73.7131
73.7095
73.7095
73.5036
73.5036
73.4762
73.4762
73.4762
73.4762
73.4762
73.4762
73.4762
73.4762
73.4762
73.4762
73.4762
73.4762
73.4119
73.1203
73.1203
73.1203
73.1203
73.1203
73.1203
73.1203
73.1203
73.1203
73.1203
73.1203
72.926
72.926
72.926
72.926
72.926
72.926
72.5761
72.5761
72.5761
72.5761
72.5761
72.5761
72.5761
72.5761
72.5761
72.5531
71.8875
71.8875
71.5469
71.5469
71.5469
71.5469
71.5469
71.5469
71.5469
71.5469
71.5469
71.5469
71.5469
71.5469
71.5469
71.0898
71.0898
71.0619
71.0619
71.0619
70.8295
70.8295
70.8295
70.8295
70.8295
70.7776
70.7776
70.7776
70.7776
70.7776
70.7776
70.7776
70.7599
70.7599
70.7512
70.7512
70.7469
70.7469
70.7469
70.7469
70.7385
70.7385


0.644386
-0.0457068
-0.0536527
-0.0623939
-0.0767009
-0.0579761
0.0040498
0.00256037
0.00759719
0.0230455
0.025157
0.0186483
-0.00566571
-0.0567974
0.0168441
0.136072
0.341546
0.302511
0.428758
0.409817
0.105976
0.0953712
-0.1564
-0.357622
-0.350122
-0.65059
-0.674636
-0.699575
-0.689234
0.22316

0.02

