79.5196
79.5196
79.5196
79.5196
79.5196
62.229
62.229
62.229
62.229
62.229
62.229
62.229
45.9771
38.7681
38.7681
38.7681
38.7681
38.7681
38.7681
38.7681
38.7681
38.7681
38.7681
38.7681
38.7681
38.7681
38.7681
38.7681
38.7681
38.7681
38.7681
35.022
35.022
35.022
35.022
35.022
35.022
35.022
35.022
35.022
35.022
35.022
29.9188
29.9188
29.9188
26.7525
26.7525
26.7525
25.0988
25.0988
25.0988
25.0988
25.0988
25.0988
25.0988
25.0988
25.0988
23.7112
23.7112
23.4283
23.4283
23.4283
23.4283
23.4283
23.4283
23.4283
23.4283
23.4283
23.4283
23.4283
20.3807
20.3807
20.3807
20.3807
20.3807
20.3807
20.3807
20.3807
20.3807
20.3807
20.3807
20.3807
20.3807
20.3807
20.3807
20.3807
19.1773
19.1773
19.1773
19.1773
16.641
16.641
16.641
16.641
16.641
16.641
16.641
16.641
14.5852
14.5852
14.5852
14.5852
14.5852
14.5852
12.1436
12.1436
12.1436
12.1436
12.1436
12.1436
12.1436
12.1436
12.1436
12.1436
12.1436
12.1436
12.1436
11.9358
11.9358
11.9358
11.9358
11.9358
11.9358
11.9358
11.9358
11.9358
11.9358
11.9358
11.9358
11.9358
11.9358
11.9358
11.9358
11.9358
11.9358
11.866
11.866
11.866
11.866
11.866
11.866
11.866
10.0565
10.0565
10.0565
10.0565
10.0565
10.0565
10.0565
10.0565
10.0565
10.0565
9.99243
9.99243
9.93262
9.93262
9.93262
9.93262
9.93262
9.93262
9.93262
9.93262
9.93262
9.93262
9.20532
9.20532
9.20532
9.20532
8.81915
8.81915
8.81915
8.81915
8.81915
8.81915
8.81915
8.65024
8.65024
8.65024
8.65024
8.65024
8.65024
8.65024
8.65024
8.65024
8.65024
8.65024
8.65024
8.65024
8.65024
8.65024
7.55099
7.55099
7.55099
7.55099
7.55099
7.55099
7.55099
7.55099
7.55099
7.55099
7.55099
7.55099
7.55099
7.55099
7.55099
7.55099
7.55099
7.55099
7.55099
7.55099
6.5043
6.5043
6.5043
6.5043
6.5043
6.5043
6.5043
6.4729
6.4729
6.4729
6.4729
6.4729
6.4729
6.4729
6.4729
6.4729
6.4729
6.4729
6.4729
6.4729
6.4729
6.4729
6.33612
6.33612
6.33612
6.33612
6.33612
6.33612
6.33612
6.33612
6.33612
6.33612
6.33612
6.33612
6.33612
6.33612
6.33612
6.33612
6.33612
6.33612
6.33612
6.33612
6.33612
6.33612
6.33612
6.33612
6.33612
6.33612
6.33612
6.33612
6.33612
6.29795
6.29795
6.27628
6.27628
6.27628
6.27628
5.61343
5.61343
5.61343
5.61343
5.61343
5.61343
5.61343
5.61343
5.61343
5.61343
5.61343
5.61343
5.61343
5.61343
5.61343
5.61343
5.61343
5.61343
5.61343
5.61343
5.61343
5.61343
5.61343
5.61343
5.61343
5.61343
5.61343
5.61343
5.61343
5.61343
5.61343
5.24915
5.24915
5.24915
5.24915
5.05776
5.05776
5.05776
5.05776
5.05776
5.05776
5.05776
5.05776
5.05776
5.05776
4.68934
4.37635
4.37635
4.37635
4.37635
4.37635
4.37635
4.37635
4.37635
4.37635
4.37635
4.37635
4.37635
4.37635
4.37635
4.37635
4.37635
4.37635
4.37635
4.37635
4.37635
4.37635
4.37635
4.37635
4.37635
4.37635
4.37635
4.37635
4.37635
4.37635
4.37635
4.37635
4.37635
4.37635
4.37635
4.37635
4.37635
4.37635
4.37635
4.37635
4.37635
4.37635
4.37635
4.37635
4.37635
4.37635
4.37635
4.37635
4.37635
4.37635
4.37635
4.37635
4.37635
4.37635
4.37635
4.37635
4.37635
4.37635
4.37635
4.37635
4.37635
4.37635
4.37635
4.37635
4.37635
4.37635
4.37635
4.37635
4.37635
4.37635
4.37635
4.37635
4.37635
4.37635
4.37635
4.37635
4.35681
4.35681
4.35681
4.35681
4.35681
4.35681
4.35681
4.35681
4.29029
4.29029
4.29029
4.29029
4.29029
4.29029
4.29029
4.29029
4.29029
4.29029
4.29029
4.29029
4.29029
4.29029
4.29029
4.29029
4.29029
4.29029
4.29029
4.29029
4.29029
4.29029
4.29029
4.29029
4.29029
4.29029
4.29029
4.29029
4.29029
4.29029
4.29029
4.29029
4.29029
4.29029
4.29029
4.29029
4.29029
4.29029
4.29029
4.29029
4.29029
4.29029
4.29029
4.29029
4.29029
4.29029
4.29029
4.29029
4.29029
4.29029
4.29029
4.29029
4.29029
4.29029
4.29029
4.29029
4.29029
4.29029
4.29029
4.29029
4.29029
4.29029
4.29029
4.29029
4.29029
4.29029
4.29029
4.29029
4.29029
4.29029
4.29029
4.29029
4.29029
4.29029
4.29029
4.29029
4.29029
4.29029
4.29029
4.29029
4.29029
4.29029
4.29029
4.29029
4.29029
4.29029
4.29029
4.29029
4.29029
4.29029
4.29029
4.29029
4.29029
4.29029
4.29029
4.29029
4.29029
4.29029
4.29029
4.29029
4.29029
4.29029
4.29029
4.29029
4.29029
4.29029
4.29029
4.29029
4.29029
4.29029
4.29029
4.29029
4.29029
4.29029
4.29029
4.29029
4.29029
4.29029
4.29029
4.29029
4.29029
4.29029
4.29029
4.29029
4.29029
4.29029
4.29029
4.29029
4.29029
4.29029
4.29029
4.29029
4.29029
4.29029
4.29029
4.29029
4.29029
4.29029
4.29029
4.29029
4.29029
4.29029
4.29029
4.29029
4.29029
4.29029
4.29029
4.29029
4.29029
4.29029
4.29029
4.29029
4.29029
4.29029
4.29029
4.29029
4.29029
4.29029
4.29029
4.29029
4.29029
4.29029
4.29029
4.29029
4.29029
4.29029
4.29029
4.29029
4.29029
4.29029
4.29029
4.29029
4.29029
4.29029
4.29029
4.29029
4.29029
4.29029
4.29029
4.29029
4.29029
4.29029
4.29029
4.29029
4.29029
4.29029
4.29029
4.29029
4.29029
4.29029
4.29029
4.29029
4.29029
4.29029
4.29029
4.29029
4.29029
4.29029
4.29029
4.29029
4.29029
4.29029
4.29029
4.29029
4.29029
4.29029
4.29029
4.29029
4.29029
4.29029
4.29029
4.29029
4.29029
4.29029
4.29029
4.29029
4.29029
4.29029
4.29029
4.29029
4.29029
4.29029
4.29029
4.29029
4.29029
4.29029
4.29029
4.29029
4.29029
4.29029
4.29029
4.29029
4.29029
4.29029
4.29029
4.29029
4.29029
4.29029
4.29029
4.29029
4.29029
4.29029
4.29029
4.29029
4.29029
4.29029
4.29029
4.29029
4.29029
4.29029
4.29029
4.29029
4.29029
4.29029
4.29029
4.29029
4.29029
4.29029
4.29029
4.29029
4.29029
4.29029
4.29029
4.29029
4.29029
4.29029
4.29029
4.29029
4.29029
4.29029
4.29029
4.29029
4.29029
4.29029
4.29029
4.29029
4.29029
4.29029
4.29029
4.29029
4.29029
4.29029
4.29029
4.29029
4.29029
4.29029
4.29029
4.29029
4.29029
4.29029
4.29029
4.29029
4.29029
4.29029
4.29029
4.29029
4.29029
4.29029
4.29029
4.29029
4.29029
4.29029
4.29029
4.29029
4.29029
4.29029
4.29029
4.29029
4.29029
4.29029
4.29029
4.29029
4.29029
4.29029
4.29029
4.29029
4.29029
4.29029
4.29029
4.29029
4.29029
4.29029
4.29029
4.29029
4.29029
4.29029
4.29029
4.29029
4.29029
4.29029
4.29029
4.29029
4.29029
4.29029
4.29029
4.29029
4.29029
4.29029
4.29029
4.29029
4.29029
4.29029
4.29029
4.29029
4.29029
4.29029
4.29029
4.29029
4.29029
4.29029
4.29029
4.29029
4.29029
4.29029
4.29029
4.29029
4.29029
4.29029
4.29029
4.29029
4.29029
4.29029
4.29029
4.29029
4.29029
4.29029
4.29029
4.29029
4.29029
4.29029
4.29029
4.29029
4.29029
4.29029
4.29029
4.29029
4.29029
4.29029
4.29029
4.29029
4.29029
4.29029
4.29029
4.29029
4.29029
4.29029
4.29029
4.29029
4.29029
4.29029
4.29029
4.29029
4.29029
4.29029
4.29029
4.29029
4.29029
4.29029
4.29029
4.29029
4.29029
4.29029
4.29029
4.29029
4.29029
4.29029
4.29029
4.29029
4.29029
4.29029
4.29029
4.29029
4.29029
4.29029
4.29029
4.29029
4.29029
4.29029
4.29029
4.29029
4.29029
4.29029
4.29029
4.29029
4.29029
4.29029
4.29029
4.29029
4.29029
4.29029
4.29029
4.29029
4.29029
4.29029
4.29029
4.29029
4.29029
4.29029
4.29029
4.29029
4.29029
4.29029
4.29029
4.29029
4.29029
4.29029
4.29029
4.29029
4.29029
4.29029
4.29029
4.29029
4.29029
4.29029
4.29029
4.29029
4.29029
4.29029
4.29029
4.29029
4.29029
4.29029
4.29029
4.29029
4.29029
4.29029
4.29029
4.29029
4.29029
4.29029
4.29029
4.29029
4.29029
4.29029
4.29029
4.29029
4.29029
4.29029
4.29029
4.29029
4.29029
4.29029
4.29029
4.29029
4.29029
4.29029
4.29029
4.29029
4.29029
4.29029
4.29029
4.29029
4.29029
4.29029
4.29029
4.29029
4.29029
4.29029
4.29029
4.29029
4.29029
4.29029
4.29029
4.29029
4.29029
4.29029
4.29029
4.29029
4.29029
4.29029
4.29029
4.29029
4.29029
4.29029
4.29029
4.29029
4.29029
4.29029
4.29029
4.29029
4.29029
4.29029
4.29029
4.29029
4.29029
4.29029
4.29029
4.29029
4.29029
4.29029
4.29029
4.29029
4.29029
4.29029
4.29029
4.29029
4.29029
4.29029
4.29029
4.29029
4.29029
4.29029
4.29029
4.29029
4.29029
4.29029
4.29029
4.29029
4.29029
4.29029
4.29029
4.29029
4.29029
4.29029
4.29029
4.29029
4.29029
4.29029
4.29029
4.29029
4.29029
4.29029
4.29029
4.29029
4.29029
4.29029
4.29029
4.14351
4.14351
4.14351
4.14351
4.14351
4.14351
4.14351
4.14351
4.14351
4.14351
4.14351
4.14351
4.14351
4.14351
4.14351
4.14351
4.14351
4.14351
4.14351
4.14351
4.14351
4.14351
4.14351
4.14351
4.14351
4.14351
4.14351
4.14351
4.14351
4.14351
4.14351
4.14351
4.14351
4.14351
4.14351
4.14351
4.14351
4.14351
4.14351
4.14351
4.14351
4.14351
4.14351
4.14351
4.14351
4.14351
4.14351
4.14351
4.14351
4.14351
4.14351
4.14351
4.14351
4.14351
4.14351
4.14351
4.14351
4.14351
4.14351
4.14351
4.14351
4.14351
4.14351
4.14351
4.14351
4.14351
4.14351
4.14351
4.14351
4.14351
4.14351
4.14351
4.14351
4.14351
4.14351
4.14351
4.14351
4.14351
4.14351
4.14351
4.14351
4.14351
4.14351
4.14351
4.14351
4.14351
4.14351
4.14351
4.14351
4.14351
4.14351
4.14351
4.14351
4.14351
4.14351
4.14351
4.14351
4.14351
4.14351
4.14351
4.14351
4.14351
4.14351
4.14351
4.14351
4.14351
4.14351
4.14351
4.14351
4.14351
4.14351
4.14351
4.14351
4.14351
4.14351
4.14351
4.14351
4.14351
4.14351
4.14351
4.14351
4.14351
4.14351
4.14351
4.14351
4.14351
4.14351
4.14351
4.14351
4.14351
4.14351
4.14351
4.14351
4.14351
4.14351
4.14351
4.14351
4.14351
4.14351
4.14351
4.14351
4.14351
4.14351
4.14351
4.14351
4.14351
4.14351
4.14351
4.14351
4.14351
4.14351
4.14351
4.14351
4.14351
4.14351
4.14351
4.14351
4.14351
4.14351
4.14351
4.14351
4.14351
4.14351
4.14351
4.14351
4.14351
4.14351
4.14351
4.14351
4.14351
4.14351
4.14351
4.14351
4.14351
4.14351
4.14351
4.14351
4.14351
4.14351
4.14351
4.14351
4.14351
4.14351
4.14351
4.14351
4.14351
4.14351
4.14351
4.14351
4.14351
4.14351
4.14351
4.14351
4.14351
4.14351
4.14351
4.14351
4.14351
4.14351
4.14351
4.14351
4.14351
4.14351
4.14351
4.14351
4.14351
4.14351
4.14351
4.14351
4.14351
4.14351
4.14351
4.14351
4.14351
4.14351
4.14351
4.14351
4.14351
4.14351
4.14351
4.14351
4.14351
4.14351
4.14351
4.14351
4.14351
4.14351
4.14351
4.14351
4.14351
4.14351
4.14351
4.14351
4.14351
4.14351
4.14351
4.14351
4.14351
4.14351
4.14351
4.14351
4.14351
4.14351
4.14351
4.14351
4.14351
4.14351
4.14351
4.14351
4.14351
4.14351
4.14351
4.14351
4.14351
4.14351
4.14351
4.14351
4.14351
4.14351
4.14351
4.14351
4.14351
4.14351
4.14351
4.14351
4.14351
4.14351
4.14351
4.14351
4.14351
4.14351
4.14351
4.14351
4.14351
4.14351
4.14351
4.14351
4.14351
4.14351
4.14351
4.14351
4.14351
4.14351
4.14351
4.14351
4.14351
4.14351
4.14351
4.14351
4.14351
4.14351
4.14351
4.14351
4.14351
4.14351
4.14351
4.14351
4.14351
4.14351
4.14351
4.14351
4.14351
4.14351
4.14351
4.14351
4.14351
4.14351
4.14351
4.14351
4.14351
4.14351
4.14351
4.14351
4.14351
4.14351
4.14351
4.14351
4.14351
4.14351
4.14351
4.14351
4.14351
4.14351
4.14351
4.14351
4.14351
4.14351
4.14351
4.14351
4.14351
4.14351
4.14351
4.14351
4.14351
4.14351
4.14351
4.14351
4.14351
4.14351
4.14351
4.14351
4.14351
4.14351
4.14351
4.14351
4.14351
4.14351
4.14351
4.14351
4.14351
4.14351
4.14351
4.14351
4.14351
4.14351
4.14351
4.14351
4.14351
4.14351
4.14351
4.14351
4.14351
4.14351
4.14351
4.14351
4.14351
4.14351
4.14351
4.14351
4.14351
4.14351
4.14351
4.14351
4.14351
4.14351
4.14351
4.14351
4.14351
4.14351
4.14351
4.14351
4.14351
4.14351
4.14351
4.14351
4.14351
4.14351
4.14351
4.14351
4.14351
4.14351
4.14351
4.14351
4.14351
4.14351
4.14351
4.14351
4.14351
4.14351
4.14351
4.14351
4.14351
4.14351
4.14351
4.14351
4.14351
4.14351
4.14351
4.14351
4.14351
4.14351
4.14351
4.14351
4.14351
4.14351
4.14351
4.14351
4.14351
4.14351
4.14351
4.14351
4.14351
4.14351
4.14351
4.14351
4.14351
4.14351
4.14351
4.14351
4.14351
4.14351
4.14351
4.14351
4.14351
4.14351
4.14351
4.14351
4.14351
4.14351
4.14351
4.14351
4.14351
4.14351
4.14351
4.14351
4.14351
4.14351
4.14351
4.14351
4.14351
4.14351
4.14351
4.14351
4.14351
4.14351
4.14351
4.14351
4.14351
4.14351
4.14351
4.14351
4.14351
4.14351
4.14351
4.14351
4.14351
4.14351
4.14351
4.14351
4.14351
4.14351
4.14351
4.14351
4.14351
4.14351
4.14351
4.14351
4.14351
4.14351
4.14351
4.14351
4.14351
4.14351
4.14351
4.14351
4.14351
4.14351
4.14351
4.14351
4.14351
4.14351
4.14351
4.14351
4.14351
4.14351
4.14351
4.14351
4.14351
4.14351
4.14351
4.14351
4.14351
4.14351
4.14351
4.14351
4.14351
4.14351
4.14351
4.14351
4.14351
4.14351
4.14351
4.14351
4.14351
4.14351
4.14351
4.14351
4.14351
4.14351
4.14351
4.14351
4.14351
4.14351
4.14351
4.14351
4.14351
4.14351
4.14351
4.14351
4.14351
4.14351
4.14351
4.14351
4.14351
4.14351
4.14351
4.14351
4.14351
4.14351
4.14351
4.14351
4.14351
4.14351
4.14351
4.14351
4.14351
4.14351
4.14351
4.14351
4.14351
4.14351
4.14351
4.14351
4.14351
4.14351
4.14351
4.14351
4.14351
4.14351
4.14351
4.14351
4.14351
4.14351
4.14351
4.14351
4.14351
4.14351
4.14351
4.14351
4.14351
4.14351
4.14351
4.14351
4.14351
4.14351
4.14351
4.14351
4.14351
4.14351
4.14351
4.14351
4.14351
4.14351
4.14351
4.14351
4.14351
4.14351
4.14351
4.14351
4.14351
4.14351
4.14351
4.14351
4.14351
4.14351
4.14351
4.14351
4.14351
4.14351
4.14351
4.14351
4.14351
4.14351
4.14351
4.14351
4.14351
4.14351
4.14351
4.14351
4.14351
4.14351
4.14351
4.14351
4.14351
4.14351
4.14351
4.14351
4.14351
4.14351
4.14351
4.14351
4.14351
4.14351
4.14351
4.14351
4.14351
4.14351
4.14351
4.14351
4.14351
4.14351
4.14351
4.14351
4.14351
4.14351
4.14351
4.14351
4.14351
4.14351
4.14351
4.14351
4.14351
4.14351
4.14351
4.14351
4.14351
4.14351
4.14351
4.14351
4.14351
4.14351
4.14351
4.14351
4.14351
4.14351
4.14351
4.14351
4.14351
4.14351
4.14351
4.14351
4.14351
4.14351
4.14351
4.14351
4.14351
4.14351
4.14351
4.14351
4.14351
4.14351
4.14351
4.14351
4.14351
4.14351
4.14351
4.14351
4.14351
4.14351
4.14351
4.14351
4.14351
4.14351
4.14351
4.14351
4.14351
4.14351
4.14351
4.14351
4.14351
4.14351
4.14351
4.14351
4.14351
4.14351
4.14351
4.14351
4.14351
4.14351
4.14351
4.14351
4.14351
4.14351
4.14351
4.14351
4.14351
4.14351
4.14351
4.14351
4.14351
4.14351
4.14351
4.14351
4.14351
4.14351
4.14351
4.14351
4.14351
4.14351
4.14351
4.14351
4.14351
4.14351
4.14351
4.14351
4.14351
4.14351
4.14351
4.14351
4.14351
4.14351
4.14351
4.14351
4.14351
4.14351
4.14351
4.14351
4.14351
4.14351
4.14351
4.14351
4.14351
4.14351
4.14351
4.14351
4.14351
4.14351
4.14351
4.14351
4.14351
4.14351
4.14351
4.14351
4.14351
4.14351
4.14351
4.14351
4.14351
4.14351
4.14351
4.14351
4.14351
4.14351
4.14351
4.14351
4.14351
4.14351
4.14351
4.14351
4.14351
4.14351
4.14351
4.14351
4.14351
4.14351
4.14351
4.14351
4.14351
4.14351
4.14351
4.14351
4.14351
4.14351
4.14351
4.14351
4.14351
4.14351
4.14351
4.14351
4.14351
4.14351
4.14351
4.14351
4.14351
4.14351
4.14351
4.14351
4.14351
4.14351
4.14351
4.14351
4.14351
4.14351
4.14351
4.14351
4.14351
4.14351
4.14351
4.14351
4.14351
4.14351
4.14351
4.14351
4.14351
4.14351
4.14351
4.14351
4.14351
4.14351
4.14351
4.14351
4.14351
4.14351
4.14351
4.14351
4.14351
4.14351
4.14351
4.14351
4.14351
4.14351
4.14351
4.14351
4.14351
4.14351
4.14351
4.14351
4.14351
4.14351
4.14351
4.14351
4.14351
4.14351
4.14351
4.14351
4.14351
4.14351
4.14351
4.14351
4.14351
4.14351
4.14351
4.14351
4.14351
4.14351
4.14351
4.14351
4.14351
4.14351
4.14351
4.14351
4.14351
4.14351
4.14351
4.14351
4.14351
4.14351
4.14351
4.14351
4.14351
4.14351
4.14351
4.14351
4.14351
4.14351
4.14351
4.14351
4.14351
4.14351
4.14351
4.14351
4.14351
4.14351
4.14351
4.14351
4.14351
4.14351
4.14351
4.14351
4.14351
4.14351
4.14351
4.14351
4.14351
4.14351
4.14351
4.14351
4.14351
4.14351
4.14351
4.14351
4.14351
4.14351
4.14351
4.14351
4.14351
4.14351
4.14351
4.14351
4.14351
4.14351
4.14351
4.14351
4.14351
4.14351
4.14351
4.14351
4.14351
4.14351
4.14351
4.14351
4.14351
4.14351
4.14351
4.14351
4.14351
4.14351
4.14351
4.14351
4.14351
4.14351
4.14351
4.14351
4.14351
4.14351
4.14351
4.14351
4.14351
4.14351
4.14351
4.14351
4.14351
4.14351
4.14351
4.14351
4.14351
4.14351
4.14351
4.14351
4.14351
4.14351
4.14351
4.14351
4.14351
4.14351
4.14351
4.14351
4.14351
4.14351
4.14351
4.14351
4.14351
4.14351
4.14351
4.14351
4.14351
4.14351
4.14351
4.14351
4.14351
4.14351
4.14351
4.14351
4.14351
4.14351
4.14351
4.14351
4.14351
4.14351
4.14351
4.14351
4.14351
4.14351
4.14351
4.14351
4.14351
4.14351
4.14351
4.14351
4.14351
4.14351
4.14351
4.14351
4.14351
4.14351
4.14351
4.14351
4.14351
4.14351
4.14351
4.14351
4.14351
4.14351
4.14351
4.14351
4.14351
4.14351
4.14351
4.14351
4.14351
4.14351
4.14351
4.14351
4.14351
4.14351
4.14351
4.14351
4.14351
4.14351
4.14351
4.14351
4.14351
4.14351
4.14351
4.14351
4.14351
4.14351
4.14351
4.14351
4.14351
4.14351
4.14351
4.14351
4.14351
4.14351
4.14351
4.14351


-0.163652
-0.0194112
-0.0781504
-0.0537472
-0.0850599
-0.230912
-0.0221258
-0.00638679
-0.00831761
-0.0187861
-0.186888
-0.000671199
-0.0580319
-0.0390939
-0.00872581
-0.120785
-0.0226952
-0.00839335
-0.0155396
-0.142857
-0.228449
-0.0896004
-0.0866426
-0.210204
-0.0193075
-0.125612
-0.446358
-0.215873
-0.447979
-0.983257

0.024

