-0.0885013
-0.0885013
-0.0885013
-0.119505
-0.119505
-0.119505
-0.271911
-0.271911
-0.271911
-0.271911
-0.319426
-0.319426
-0.319426
-0.319426
-0.319426
-0.319426
-0.319426
-0.319426
-0.319426
-0.319426
-0.319426
-0.335696
-0.335696
-0.335696
-0.335696
-0.335696
-0.335696
-0.335696
-0.335696
-0.335696
-0.335696
-0.335696
-0.335696
-0.335696
-0.50489
-0.50489
-0.50489
-0.510449
-0.510449
-0.510449
-0.510449
-0.510449
-0.510449
-0.510449
-0.510449
-0.510449
-0.510449
-0.526147
-0.526147
-0.526147
-0.526147
-0.526147
-0.526147
-0.526147
-0.526147
-0.55307
-0.55307
-0.55307
-0.55307
-0.55307
-0.55307
-0.55307
-0.55307
-0.553902
-0.553902
-0.553902
-0.553902
-0.553902
-0.553902
-0.553902
-0.553902
-0.588713
-0.588713
-0.588713
-0.588713
-0.607767
-0.607767
-0.607767
-0.607767
-0.607767
-0.607767
-0.607767
-0.607767
-0.607767
-0.607767
-0.607767
-0.607767
-0.630015
-0.630015
-0.630015
-0.630015
-0.650193
-0.650193
-0.650193
-0.650193
-0.650193
-0.650193
-0.650193
-0.650193
-0.650193
-0.650193
-0.650193
-0.650193
-0.650193
-0.650193
-0.650193
-0.650193
-0.650193
-0.650193
-0.655948
-0.655948
-0.655948
-0.655948
-0.655948
-0.655948
-0.655948
-0.655948
-0.655948
-0.655948
-0.655948
-0.655948
-0.655948
-0.656957
-0.656957
-0.656957
-0.656957
-0.656957
-0.656957
-0.656957
-0.656957
-0.663631
-0.663631
-0.663631
-0.663631
-0.663631
-0.663631
-0.663631
-0.663631
-0.663631
-0.663631
-0.663631
-0.663631
-0.663631
-0.663631
-0.663631
-0.663631
-0.663631
-0.663631
-0.663631
-0.663631
-0.663631
-0.663631
-0.663631
-0.663631
-0.663631
-0.665129
-0.665129
-0.66601
-0.66601
-0.66601
-0.66601
-0.66601
-0.667831
-0.667831
-0.667831
-0.673464
-0.693978
-0.693978
-0.693978
-0.693978
-0.693978
-0.693978
-0.693978
-0.693978
-0.693978
-0.693978
-0.693978
-0.693978
-0.693978
-0.693978
-0.693978
-0.693978
-0.693978
-0.708076
-0.708076
-0.713908
-0.713908
-0.728495
-0.728495
-0.728495
-0.728495
-0.728495
-0.752198
-0.752198
-0.752198
-0.752198
-0.752198
-0.752198
-0.752198
-0.752198
-0.752198
-0.752198
-0.752198
-0.752198
-0.752198
-0.752198
-0.752198
-0.752198
-0.752198
-0.752198
-0.752198
-0.752198
-0.752198
-0.752198
-0.752198
-0.752198
-0.752198
-0.752198
-0.752198
-0.752198
-0.771456
-0.771456
-0.771456
-0.771456
-0.771456
-0.771456
-0.771456
-0.771456
-0.771456
-0.771456
-0.773046
-0.773046
-0.773046
-0.773046
-0.773046
-0.773046
-0.773046
-0.773046
-0.773046
-0.773046
-0.773046
-0.773046
-0.773046
-0.773046
-0.773046
-0.773046
-0.773046
-0.773046
-0.773046
-0.773046
-0.773046
-0.773046
-0.773046
-0.773046
-0.777245
-0.777245
-0.777245
-0.777245
-0.777245
-0.777245
-0.777245
-0.777245
-0.777245
-0.777245
-0.777245
-0.777245
-0.777245
-0.777245
-0.782113
-0.782113
-0.782113
-0.782113
-0.782113
-0.782113
-0.818177
-0.818177
-0.818177
-0.818177
-0.818177
-0.818177
-0.818177
-0.818177
-0.818177
-0.818177
-0.818177
-0.818177
-0.818177
-0.818177
-0.825116
-0.825116
-0.83242
-0.83242
-0.83242
-0.83242
-0.83242
-0.83242
-0.83242
-0.83242
-0.83242
-0.83242
-0.83242
-0.83242
-0.83242
-0.83242
-0.83242
-0.83242
-0.83242
-0.83242
-0.83242
-0.83242
-0.8582
-0.8582
-0.8582
-0.8582
-0.8582
-0.8582
-0.8582
-0.8582
-0.8582
-0.8582
-0.8582
-0.8582
-0.8582
-0.8582
-0.8582
-0.8582
-0.8582
-0.8582
-0.8582
-0.8582
-0.8582
-0.8582
-0.8582
-0.8582
-0.8582
-0.8582
-0.8582
-0.8582
-0.862724
-0.863154
-0.863154
-0.863154
-0.863154
-0.863154
-0.863154
-0.863154
-0.878489
-0.878489
-0.878489
-0.878489
-0.878489
-0.878489
-0.878489
-0.878489
-0.878489
-0.878489
-0.878489
-0.878489
-0.878489
-0.878489
-0.878489
-0.878489
-0.878489
-0.878489
-0.878489
-0.878489
-0.878489
-0.878489
-0.878489
-0.878489
-0.878489
-0.878489
-0.878489
-0.878489
-0.878489
-0.878489
-0.878489
-0.878489
-0.878489
-0.878489
-0.878489
-0.878489
-0.878489
-0.878489
-0.878489
-0.878489
-0.878489
-0.878489
-0.878489
-0.878489
-0.878489
-0.878489
-0.878489
-0.878489
-0.878489
-0.878489
-0.878489
-0.878489
-0.878489
-0.878489
-0.878489
-0.878489
-0.879513
-0.879513
-0.879513
-0.879513
-0.879513
-0.879513
-0.879513
-0.879513
-0.879513
-0.879513
-0.879513
-0.879513
-0.879513
-0.881364
-0.883043
-0.883043
-0.883043
-0.884509
-0.884509
-0.884509
-0.884509
-0.884509
-0.884509
-0.884509
-0.884509
-0.884509
-0.884509
-0.884509
-0.884509
-0.884509
-0.884509
-0.884509
-0.884509
-0.884509
-0.884509
-0.884509
-0.884509
-0.884509
-0.884509
-0.884509
-0.884509
-0.884509
-0.884509
-0.884509
-0.884509
-0.884509
-0.884509
-0.884509
-0.884509
-0.884509
-0.884509
-0.884509
-0.884509
-0.884509
-0.884509
-0.884509
-0.884509
-0.886037
-0.886037
-0.886037
-0.886037
-0.886037
-0.886037
-0.886037
-0.886037
-0.886037
-0.886037
-0.886037
-0.886037
-0.886037
-0.886037
-0.886037
-0.886037
-0.886037
-0.886037
-0.886037
-0.886037
-0.886037
-0.893054
-0.893054
-0.893054
-0.893054
-0.893054
-0.893054
-0.893054
-0.893054
-0.893054
-0.893054
-0.893054
-0.893054
-0.893703
-0.893703
-0.893703
-0.900399
-0.900399
-0.900399
-0.901214
-0.901214
-0.901214
-0.901214
-0.901214
-0.902124
-0.902124
-0.902124
-0.902124
-0.902124
-0.902124
-0.902124
-0.902124
-0.902124
-0.902124
-0.902124
-0.902124
-0.902124
-0.904293
-0.904293
-0.904381
-0.904381
-0.904381
-0.904381
-0.904381
-0.904381
-0.907013
-0.907013
-0.907258
-0.907258
-0.907258
-0.907258
-0.907258
-0.907258
-0.907258
-0.907258
-0.907258
-0.907258
-0.907944
-0.907944
-0.907944
-0.907944
-0.907944
-0.907944
-0.907944
-0.907944
-0.907944
-0.907944
-0.907944
-0.907944
-0.907944
-0.907944
-0.907944
-0.907944
-0.907944
-0.907944
-0.90823
-0.90823
-0.90823
-0.90823
-0.909807
-0.909807
-0.909807
-0.909807
-0.909807
-0.909807
-0.909807
-0.909807
-0.909807
-0.909807
-0.909807
-0.911222
-0.911222
-0.911222
-0.911222
-0.911222
-0.911222
-0.912187
-0.912187
-0.912187
-0.912187
-0.912187
-0.912187
-0.912187
-0.912187
-0.912187
-0.912187
-0.912187
-0.912187
-0.912187
-0.912187
-0.912187
-0.912187
-0.912187
-0.912187
-0.912187
-0.912187
-0.912187
-0.912187
-0.912187
-0.912187
-0.912187
-0.912187
-0.912187
-0.912187
-0.912187
-0.912187
-0.912187
-0.912187
-0.912187
-0.912187
-0.912187
-0.913344
-0.913416
-0.913416
-0.920657
-0.920657
-0.920657
-0.920657
-0.920657
-0.920657
-0.920657
-0.920657
-0.920657
-0.920657
-0.920657
-0.920657
-0.920657
-0.920657
-0.920657
-0.920657
-0.920657
-0.921846
-0.921846
-0.921846
-0.922776
-0.922776
-0.922776
-0.922776
-0.922949
-0.922949
-0.922949
-0.922949
-0.922949
-0.922949
-0.922949
-0.922949
-0.922949
-0.923327
-0.923327
-0.923327
-0.923892
-0.923892
-0.923892
-0.923892
-0.923892
-0.923892
-0.923892
-0.923892
-0.923892
-0.923892
-0.923892
-0.923892
-0.923892
-0.923892
-0.923892
-0.923892
-0.92568
-0.92568
-0.92568
-0.92568
-0.92568
-0.92568
-0.92568
-0.92568
-0.92568
-0.92568
-0.92568
-0.92568
-0.92568
-0.92568
-0.92568
-0.92568
-0.92568
-0.92568
-0.92568
-0.92568
-0.92568
-0.92568
-0.92568
-0.92568
-0.92568
-0.92568
-0.92568
-0.92568
-0.92568
-0.92568
-0.92568
-0.92568
-0.92568
-0.92568
-0.92568
-0.92568
-0.92568
-0.92568
-0.92568
-0.92568
-0.92568
-0.92568
-0.92568
-0.92568
-0.92568
-0.92568
-0.92568
-0.92568
-0.92568
-0.92568
-0.92568
-0.927913
-0.927913
-0.927913
-0.927913
-0.927913
-0.927913
-0.927913
-0.927913
-0.927913
-0.927913
-0.927913
-0.927913
-0.927913
-0.927913
-0.927913
-0.927913
-0.927913
-0.927913
-0.927913
-0.927913
-0.927913
-0.927913
-0.927913
-0.927913
-0.927913
-0.927913
-0.927913
-0.927913
-0.927913
-0.927913
-0.927913
-0.927913
-0.927913
-0.927913
-0.927913
-0.927913
-0.927913
-0.927913
-0.927913
-0.927913
-0.927913
-0.927913
-0.927913
-0.927913
-0.927913
-0.927913
-0.927913
-0.927913
-0.927913
-0.927913
-0.927913
-0.927913
-0.927913
-0.927913
-0.927913
-0.927913
-0.927913
-0.927913
-0.927913
-0.927913
-0.927913
-0.927913
-0.927913
-0.927913
-0.927913
-0.927913
-0.927913
-0.927913
-0.927913
-0.927913
-0.93357
-0.93357
-0.93357
-0.93357
-0.93357
-0.93357
-0.93357
-0.93357
-0.93357
-0.93357
-0.93357
-0.93357
-0.93357
-0.93357
-0.93357
-0.93357
-0.93357
-0.93357
-0.93357
-0.93357
-0.93357
-0.93357
-0.93357
-0.93357
-0.93357
-0.936195
-0.936195
-0.936195
-0.936195
-0.936195
-0.936195
-0.936195
-0.936195
-0.936195
-0.936195
-0.936195
-0.936195
-0.940567
-0.940567
-0.940567
-0.940567
-0.940567
-0.940567
-0.940567
-0.940567
-0.940567
-0.940567
-0.940567
-0.940567
-0.940567
-0.940567
-0.940567
-0.940567
-0.940567
-0.940567
-0.940634
-0.940634
-0.940634
-0.940634
-0.940634
-0.94067
-0.940897
-0.941287
-0.945165
-0.945165
-0.945165
-0.945165
-0.945165
-0.945165
-0.945165
-0.945165
-0.945165
-0.945165
-0.945165
-0.945165
-0.945165
-0.945165
-0.945165
-0.945165
-0.945165
-0.945266
-0.945266
-0.945266
-0.945266
-0.945266
-0.945266
-0.945266
-0.945266
-0.94596
-0.94596
-0.94596
-0.94596
-0.94596
-0.94596
-0.94596
-0.94596
-0.94596
-0.94596
-0.94596
-0.946894
-0.946894
-0.946894
-0.946894
-0.946894
-0.946894
-0.946894
-0.946894
-0.946894
-0.946894
-0.946894
-0.946894
-0.946894
-0.946894
-0.946894
-0.946894
-0.946894
-0.946894
-0.946894
-0.946894
-0.946894
-0.946894
-0.946894
-0.946894
-0.946894
-0.946894
-0.946894
-0.946894
-0.946894
-0.946894
-0.946894
-0.946894
-0.946894
-0.946894
-0.946894
-0.946894
-0.946894
-0.946894
-0.946894
-0.946894
-0.946894
-0.946894
-0.946894
-0.946894
-0.946894
-0.946894
-0.946894
-0.946894
-0.946894
-0.946894
-0.946894
-0.946894
-0.946894
-0.946894
-0.946894
-0.946894
-0.947256
-0.947256
-0.947256
-0.947256
-0.947256
-0.948281
-0.948281
-0.948281
-0.948281
-0.948281
-0.948281
-0.948281
-0.948281
-0.948281
-0.948281
-0.948281
-0.948281
-0.948281
-0.948281
-0.948281
-0.94829
-0.94829
-0.94829
-0.94829
-0.94829
-0.94829
-0.94829
-0.94829
-0.94829
-0.94829
-0.94829
-0.94829
-0.94829
-0.94829
-0.94829
-0.94829
-0.94829
-0.94829
-0.94829
-0.94829
-0.94829
-0.948405
-0.948405
-0.948405
-0.948405
-0.948405
-0.948405
-0.948405
-0.948405
-0.948405
-0.948405
-0.948405
-0.948405
-0.948689
-0.948689
-0.948689
-0.948689
-0.948689
-0.948689
-0.948689
-0.948689
-0.948689
-0.948689
-0.948689
-0.948689
-0.948689
-0.948689
-0.948689
-0.948689
-0.948689
-0.948689
-0.948689
-0.948689
-0.948689
-0.95133
-0.95133
-0.95133
-0.95133
-0.95133
-0.95133
-0.953283
-0.953283
-0.953283
-0.953283
-0.953537
-0.953537
-0.953537
-0.953537
-0.953537
-0.953537
-0.953537
-0.953537
-0.953537
-0.953537
-0.953537
-0.953537
-0.953537
-0.953537
-0.953537
-0.953537
-0.953537
-0.953991
-0.953991
-0.953991
-0.953991
-0.953991
-0.953991
-0.953991
-0.953991
-0.953991
-0.954206
-0.954206
-0.954206
-0.954206
-0.954206
-0.955201
-0.956302
-0.956302
-0.956302
-0.956302
-0.956302
-0.956302
-0.956302
-0.956302
-0.956302
-0.956302
-0.956302
-0.956302
-0.956302
-0.956302
-0.956302
-0.956302
-0.956302
-0.956302
-0.956302
-0.95717
-0.95717
-0.95717
-0.95717
-0.95717
-0.95717
-0.95717
-0.95717
-0.95717
-0.95717
-0.95717
-0.95717
-0.95717
-0.95717
-0.95717
-0.95717
-0.95717
-0.95717
-0.95717
-0.95717
-0.958047
-0.958047
-0.958047
-0.958047
-0.958047
-0.958047
-0.958047
-0.958047
-0.958047
-0.958047
-0.958047
-0.958047
-0.958047
-0.958047
-0.958047
-0.958047
-0.958047
-0.958047
-0.958047
-0.958583
-0.958993
-0.958993
-0.958993
-0.958993
-0.958993
-0.958993
-0.958993
-0.958993
-0.958993
-0.959625
-0.959625
-0.959625
-0.959625
-0.959625
-0.959625
-0.959625
-0.959625
-0.959625
-0.959625
-0.959625
-0.959625
-0.959625
-0.959625
-0.959625
-0.959625
-0.959625
-0.959625
-0.959625
-0.959625
-0.959625
-0.959625
-0.959625
-0.959625
-0.959625
-0.959625
-0.959625
-0.959625
-0.959625
-0.959625
-0.959625
-0.960777
-0.960777
-0.960777
-0.960777
-0.960777
-0.960777
-0.960777
-0.960777
-0.960777
-0.960777
-0.961236
-0.961236
-0.961575
-0.961575
-0.961575
-0.961575
-0.961575
-0.961575
-0.961575
-0.96172
-0.96172
-0.96172
-0.96172
-0.96172
-0.96172
-0.96172
-0.96172
-0.96172
-0.96172
-0.96172
-0.961766
-0.961766
-0.961766
-0.962291
-0.962291
-0.962291
-0.962456
-0.962456
-0.962456
-0.962456
-0.962456
-0.962456
-0.962901
-0.962901
-0.962901
-0.962901
-0.962901
-0.962901
-0.962901
-0.962901
-0.962901
-0.962901
-0.962901
-0.962901
-0.962901
-0.962901
-0.962901
-0.962901
-0.962901
-0.962901
-0.962901
-0.962901
-0.962901
-0.962901
-0.962901
-0.962901
-0.962901
-0.962901
-0.962901
-0.962901
-0.962901
-0.962901
-0.962901
-0.962901
-0.963034
-0.963034
-0.963034
-0.963034
-0.963034
-0.963034
-0.963034
-0.963034
-0.963034
-0.963034
-0.963034
-0.963034
-0.963034
-0.963034
-0.963034
-0.963034
-0.963034
-0.963034
-0.963481
-0.963481
-0.963481
-0.963481
-0.963481
-0.963481
-0.963481
-0.963481
-0.963481
-0.963481
-0.963481
-0.963481
-0.963481
-0.963481
-0.963481
-0.963481
-0.963481
-0.963481
-0.963481
-0.963481
-0.96443
-0.96443
-0.96443
-0.96443
-0.96443
-0.96443
-0.96443
-0.96443
-0.96443
-0.96443
-0.96443
-0.96443
-0.96443
-0.964641
-0.964641
-0.964641
-0.964887
-0.964887
-0.964887
-0.964887
-0.964887
-0.964887
-0.964887
-0.964887
-0.964904
-0.964904
-0.964904
-0.964904
-0.964904
-0.964904
-0.964904
-0.964904
-0.964904
-0.966661
-0.966661
-0.966661
-0.966661
-0.966661
-0.966661
-0.966661
-0.966661
-0.966661
-0.966661
-0.966661
-0.966661
-0.966661
-0.966661
-0.966661
-0.966661
-0.966661
-0.966661
-0.966661
-0.966661
-0.966661
-0.966661
-0.966661
-0.966661
-0.966661
-0.966661
-0.966661
-0.966661
-0.966661
-0.966661
-0.966661
-0.966739
-0.966739
-0.966739
-0.966739
-0.966739
-0.966743
-0.966743
-0.966743
-0.966743
-0.966815
-0.967026
-0.968743
-0.968743
-0.968743
-0.968743
-0.968743
-0.968743
-0.968743
-0.968743
-0.968743
-0.968743
-0.968743
-0.968743
-0.968743
-0.968743
-0.968743
-0.968743
-0.968743
-0.968743
-0.968743
-0.968743
-0.968798
-0.968798
-0.968798
-0.968798
-0.968798
-0.968798
-0.968798
-0.968798
-0.968798
-0.968798
-0.968798
-0.969676
-0.969676
-0.969676
-0.969676
-0.969676
-0.969676
-0.969682
-0.969682
-0.969682
-0.969682
-0.969682
-0.969682
-0.969682
-0.969682
-0.969682
-0.969791
-0.969791
-0.969791
-0.969791
-0.969791
-0.969791
-0.969791
-0.969791
-0.969791
-0.970034
-0.970034
-0.970034
-0.970034
-0.970034
-0.970034
-0.970084
-0.970084
-0.970084
-0.970084
-0.970084
-0.970084
-0.970084
-0.970084
-0.970084
-0.970084
-0.970084
-0.970084
-0.970084
-0.970084
-0.970084
-0.970084
-0.970084
-0.970084
-0.970084
-0.970084
-0.970084
-0.970084
-0.970084
-0.970085
-0.97035
-0.97035
-0.971353
-0.971353
-0.971353
-0.971353
-0.971353
-0.971353
-0.971353
-0.971353
-0.971484
-0.971484
-0.971484
-0.971484
-0.971484
-0.971484
-0.971484
-0.971484
-0.971484
-0.971484
-0.971484
-0.971484
-0.971484
-0.971484
-0.971484
-0.971484
-0.971484
-0.971484
-0.972082
-0.972082
-0.972082
-0.972082
-0.972082
-0.972082
-0.972082
-0.972082
-0.972082
-0.972082
-0.97215
-0.97215
-0.97215
-0.97215
-0.97215
-0.97215
-0.97215
-0.97215
-0.97215
-0.97215
-0.97215
-0.97242
-0.97242
-0.97242
-0.97242
-0.97242
-0.972504
-0.972504
-0.972675
-0.972675
-0.972675
-0.972675
-0.972675
-0.972675
-0.972675
-0.972675
-0.972675
-0.972675
-0.972675
-0.972675
-0.972675
-0.972675
-0.972675
-0.972675
-0.972683
-0.972683
-0.972683
-0.972683
-0.972683
-0.972683
-0.972683
-0.972683
-0.972683
-0.972683
-0.973369
-0.973369
-0.973369
-0.973369
-0.973369
-0.973369
-0.973369
-0.973369
-0.973369
-0.973369
-0.973369
-0.973369
-0.973369
-0.973369
-0.973369
-0.97355
-0.97355
-0.97355
-0.97355
-0.97355
-0.97355
-0.97355
-0.97355
-0.97355
-0.97355
-0.97355
-0.973659
-0.973659
-0.974014
-0.974014
-0.974014
-0.974014
-0.974014
-0.974093
-0.974093
-0.974093
-0.974093
-0.974221
-0.974221
-0.974221
-0.974221
-0.974221
-0.974221
-0.974221
-0.974266
-0.974266
-0.97428
-0.97428
-0.97428
-0.97428
-0.97428
-0.97428
-0.97428
-0.97428
-0.974654
-0.974654
-0.974654
-0.974654
-0.974654
-0.974654
-0.974654
-0.974654
-0.974654
-0.974654
-0.974654
-0.974654
-0.974654
-0.974654
-0.974671
-0.974671
-0.974671
-0.974671
-0.974671
-0.974671
-0.974671
-0.974671
-0.974671
-0.974671
-0.974877
-0.975398
-0.975398
-0.975398
-0.975577
-0.975577
-0.975577
-0.975577
-0.975577
-0.975577
-0.975577
-0.975577
-0.975577
-0.975577
-0.975577
-0.975577
-0.975577
-0.975577
-0.975577
-0.975577
-0.975577
-0.975577
-0.975577
-0.975577
-0.975577
-0.975577
-0.975577
-0.975577
-0.975577
-0.975577
-0.975577
-0.975577
-0.975577
-0.975656
-0.975656
-0.975717
-0.975717
-0.975717
-0.975717
-0.975759
-0.975759
-0.975759
-0.975759
-0.975759
-0.975759
-0.975759
-0.975859
-0.976904
-0.976904
-0.976904
-0.976904
-0.976904
-0.976904
-0.976904
-0.976904
-0.976904
-0.976904
-0.976904
-0.976931
-0.977442
-0.977442
-0.977442
-0.977442
-0.977442
-0.977442
-0.977442
-0.977442
-0.977442
-0.977442
-0.977442
-0.977442
-0.977442
-0.977442
-0.977442
-0.977442
-0.977442
-0.977442
-0.977442
-0.977442
-0.977442
-0.977442
-0.977442
-0.977442
-0.977442
-0.97771
-0.97771
-0.97771
-0.97771
-0.97771
-0.97771
-0.97771
-0.97771
-0.97771
-0.97771
-0.977923
-0.977923
-0.977923
-0.977923
-0.977923
-0.977923
-0.977923
-0.977923
-0.977923
-0.977923
-0.977923
-0.977923
-0.977923
-0.977923
-0.977923
-0.977923
-0.977923
-0.977923
-0.977923
-0.977923
-0.977923
-0.977923
-0.977923
-0.977923
-0.977923
-0.977923
-0.977923
-0.977936
-0.977936
-0.977936
-0.977936
-0.977936
-0.977936
-0.977936
-0.977936
-0.977936
-0.977936
-0.977936
-0.977936
-0.977936
-0.977936
-0.977936
-0.978528
-0.978528
-0.978528
-0.978528
-0.978528
-0.978587
-0.978587
-0.978587
-0.978587
-0.978587
-0.978587
-0.978587
-0.978587
-0.978587
-0.978587
-0.978587
-0.978587
-0.978587
-0.978587
-0.978587
-0.978587
-0.978587
-0.978587
-0.978587
-0.978587
-0.978587
-0.978587
-0.978587
-0.978587
-0.978587
-0.978587
-0.978587
-0.978587
-0.978587
-0.978587
-0.978587
-0.978587
-0.978587
-0.978587
-0.978587
-0.978587
-0.978587
-0.978587
-0.978587
-0.978587
-0.978587
-0.97896
-0.97896
-0.97896
-0.97896
-0.97896
-0.97896
-0.97896
-0.97896
-0.97896
-0.97896
-0.97896
-0.97896
-0.97896
-0.978988
-0.978988
-0.978988
-0.978988
-0.979775
-0.979775
-0.979775
-0.979775
-0.979775
-0.979775
-0.979775
-0.979775
-0.979775
-0.979775
-0.979775
-0.979775
-0.979775
-0.979775
-0.979775
-0.979775
-0.979775
-0.979775
-0.979775
-0.979775
-0.979775
-0.979775
-0.979775
-0.979775
-0.979775
-0.979775
-0.979775
-0.979775
-0.979775
-0.979775
-0.979775
-0.979775
-0.979775
-0.979775
-0.979775
-0.979775
-0.980575
-0.980575
-0.980575
-0.980575
-0.980575
-0.980575
-0.980575
-0.980575
-0.980575
-0.980575
-0.980575
-0.980575
-0.980575
-0.980575
-0.980575
-0.980575
-0.980575
-0.980575
-0.980575
-0.980724
-0.980724
-0.980724
-0.980724
-0.980724
-0.980724
-0.980724
-0.980724
-0.980724
-0.980724
-0.980724
-0.980724
-0.980724
-0.980724
-0.980724
-0.980724
-0.980724
-0.980724
-0.980778
-0.980778
-0.980778
-0.980778
-0.980778
-0.980813
-0.980813
-0.980813
-0.980813
-0.980813
-0.980813
-0.980813
-0.980813
-0.980813
-0.980813
-0.980813
-0.980813
-0.980813
-0.980813
-0.980813
-0.980813
-0.980813
-0.980813
-0.980813
-0.980813
-0.980813
-0.980813
-0.980813
-0.980813
-0.980813
-0.980813
-0.980813
-0.98096
-0.98096
-0.98096
-0.98096
-0.981167
-0.9814
-0.9814
-0.9814
-0.9814
-0.9814
-0.9814
-0.9814
-0.9814
-0.9814
-0.9814
-0.9814
-0.9814
-0.9814
-0.9814
-0.9814
-0.9814
-0.9814
-0.9814
-0.9814
-0.9814
-0.9814
-0.9814
-0.9814
-0.9814
-0.9814
-0.9814
-0.9814
-0.9814
-0.981568
-0.981568
-0.981568
-0.981568
-0.981568
-0.981568
-0.981568
-0.981568
-0.981568
-0.981568
-0.981568
-0.981568
-0.981568
-0.981568
-0.981568
-0.981568
-0.981568
-0.981568
-0.981568
-0.981568
-0.981568
-0.981568
-0.981568
-0.981568
-0.981568
-0.981568
-0.981568
-0.981568
-0.981568
-0.981672
-0.981672
-0.981672
-0.981672
-0.981672
-0.981672
-0.981672
-0.981909
-0.981909
-0.982284
-0.982284
-0.982284
-0.982284
-0.982284
-0.982284
-0.982284
-0.982284
-0.982368
-0.982368
-0.982368
-0.982368
-0.982368
-0.982368
-0.982368
-0.982368
-0.982368
-0.982368
-0.982368
-0.982368
-0.982368
-0.982368
-0.982407
-0.982407
-0.982407
-0.982407
-0.982407
-0.982407
-0.982407
-0.982407
-0.982407
-0.982407
-0.982542
-0.982542
-0.982542
-0.982542
-0.982542


0.0651855
0.0522611
0.0465126
0.00260895
-0.0123857
-0.0130551
-0.0407181
-0.0487825
-0.0250959
-0.00382707
-0.000980662
0.0317061
0.0373692
0.0412481
0.0189108
0.0415373
0.0421436
0.0205352
0.00172466
0.00354101
0.00426564
0.0199405
-0.00999314
-0.0254257
-0.0314111
-0.0400447
-0.0253459
-0.0288871
-0.0288934
0.0812563

0.028

