20.9219
20.6668
20.6668
20.6668
20.6668
20.6668
20.0616
19.9273
19.9273
19.136
19.136
19.136
19.136
19.136
19.136
19.136
19.136
19.136
19.136
19.136
19.136
19.136
19.136
19.136
19.136
19.136
19.136
19.136
18.1155
17.9347
17.9347
17.9347
18.1155
18.1155
18.1155
18.1155
17.862
17.862
17.862
17.862
17.862
17.862
17.862
17.862
17.862
17.862
17.862
17.6278
17.6278
17.862
17.862
17.1247
17.1247
17.1247
16.1983
16.1983
16.1983
16.1983
16.1983
16.1983
16.1983
16.1983
16.1983
16.1983
15.8332
15.8332
14.2156
14.2156
14.2156
14.2156
14.2156
14.2156
14.2156
14.2156
14.2156
14.2156
14.2156
14.2156
14.2156
14.2156
14.2156
14.2156
14.2156
14.3166
14.3166
14.3166
14.3166
14.3166
14.3166
14.3166
15.393
15.393
15.393
15.2629
15.2629
14.91
14.91
14.91
14.91
13.7549
13.8279
13.8279
14.0419
14.0419
14.0419
14.0419
14.0419
14.91
14.91
14.91
14.91
14.9015
14.9015
14.9015
14.0425
14.0425
14.0425
14.0425
14.0425
14.0425
14.0425
14.0425
14.0425
14.0425
12.271
12.271
12.271
12.271
12.271
12.271
12.271
12.271
12.271
12.271
12.271
12.271
12.271
12.271
12.271
12.271
12.271
12.271
12.271
12.271
12.271
12.271
12.271
12.271
13.2363
13.2363
13.2363
13.441
13.441
13.441
14.078
13.4519
12.8969
12.8969
12.8969
12.8969
12.8969
12.8969
12.8969
12.8969
12.8284
12.8284
12.8284
12.8725
12.8725
12.8725
12.8725
12.8725
12.8725
12.8725
12.8284
12.8284
11.7852
11.7852
11.7852
11.7852
11.7852
11.7852
11.7852
11.7852
11.7852
11.7852
11.7852
11.7852
11.1293
11.1293
11.1293
11.1293
11.1293
11.1293
11.3769
11.3769
11.6093
11.324
11.6093
11.7673
11.7673
11.7673
11.7673
11.7673
11.7673
11.7673
11.7673
11.3671
11.3671
11.3671
11.7673
11.7673
11.7852
11.7852
11.7852
11.064
11.064
11.064
11.064
9.71901
9.71901
9.57485
9.57485
9.57485
9.57485
9.57485
9.57485
9.57485
9.57485
9.57485
9.57485
9.57485
9.57485
9.57485
11.0919
11.0919
11.064
11.064
11.0131
11.0131
11.0131
11.0131
10.7786
10.7786
10.7786
10.7786
10.7786
9.27881
9.27881
9.27881
9.27881
9.27881
9.27881
9.27881
9.27881
9.27881
9.27881
9.27881
9.27881
9.27881
9.27881
9.27881
9.27881
9.27881
9.27881
9.27881
9.27881
9.27881
9.27881
9.27881
9.27881
9.27881
9.7045
9.7045
9.7045
9.7045
9.7045
9.7045
9.7045
9.7045
9.7045
9.7045
9.7045
9.7045
9.7045
9.67416
9.67416
9.67416
9.67416
9.67416
9.67416
9.67416
9.67416
9.67416
9.67416
9.67416
9.67416
9.67416
9.67416
9.67416
9.7045
9.7045
9.20954
9.20954
9.20954
9.20954
9.20954
9.20954
9.20954
9.20954
9.20954
9.89076
9.89076
9.89076
9.89076
9.89076
9.89076
9.89076
9.96924
9.00058
9.00058
9.00058
9.00058
9.00058
9.00058
9.00058
9.00058
9.00058
9.00058
9.00058
9.00058
9.00058
9.00058
9.00058
9.00058
9.00058
9.00058
8.99826
8.99826
8.99826
8.99826
8.99826
8.99826
8.78953
8.29392
8.29392
8.29392
8.29392
8.29392
8.29392
8.29392
8.29392
8.29392
8.29392
8.29392
8.29392
8.29392
8.29392
8.29392
8.29392
8.43456
8.43456
8.43456
8.43456
8.43456
8.43456
8.43456
8.43456
8.43456
8.43456
8.43456
8.43456
8.43456
8.43456
8.43456
8.43456
8.43456
8.43456
8.43456
8.43456
8.50166
8.50166
8.50166
8.50166
8.50166
8.50166
8.50166
8.50166
8.50166
8.50166
8.50166
8.50166
8.48965
8.48965
8.48965
8.48965
8.48965
8.48965
8.48965
8.48965
8.46252
8.46252
8.46252
8.46252
8.46037
8.38551
8.38551
8.38551
8.38551
8.46037
8.46037
8.46037
8.46037
8.46037
8.46037
8.46037
8.46037
8.46037
8.46037
8.46037
8.46037
8.46037
8.46037
8.46037
8.32594
8.32594
8.32594
8.32594
8.32594
8.32594
7.97324
7.97324
7.97324
7.97324
7.97324
7.76705
7.97324
7.97324
8.04057
8.04057
8.04057
7.97661
7.97661
7.97661
8.03266
8.04057
8.04057
8.04057
8.04057
8.04057
8.04057
8.04057
8.04057
8.04057
8.04057
8.04057
7.93995
7.93995
7.93995
7.93995
7.93995
8.04057
8.04057
8.04057
8.04057
8.04057
8.04057
8.04057
8.04057
8.04057
8.04057
8.04057
8.04057
8.04052
8.04052
8.04052
8.04052
8.04052
8.04052
7.93872
7.93872
8.04052
8.04052
8.04052
8.04052
8.04052
8.04052
8.04052
8.04052
8.04052
8.04052
7.39972
7.39972
7.39972
7.39972
7.39972
7.40064
7.40064
7.40064
7.40064
7.40064
7.40064
7.40064
7.40064
7.93872
7.40064
7.40064
7.40064
7.40064
7.40064
7.40064
7.40064
7.40064
7.40064
7.40064
7.40064
7.40064
7.46071
7.46071
7.46071
7.46071
7.46071
7.46071
7.46071
7.46071
7.46071
7.46071
7.46071
7.46071
7.46071
7.46071
7.52105
7.52105
7.31383
7.31383
7.31383
7.31383
7.31383
7.10875
7.10875
7.10875
7.10875
7.10875
7.31383
7.31383
7.31383
7.31383
7.31383
7.31383
7.31383
7.31383
7.31383
7.31383
7.31383
7.31383
7.31383
7.20146
7.20146
7.20146
7.20146
7.20146
7.20146
7.20146
7.20146
7.20146
7.20146
7.20146
7.20146
7.20146
7.20146
7.20146
7.20146
7.20146
7.20146
7.20146
7.20146
7.20146
7.20146
7.20146
7.20146
7.20146
7.20146
7.20146
7.20146
7.20146
7.20146
7.20146
7.20146
7.20146
7.20146
7.20146
7.20146
7.20146
6.98675
6.98675
6.98675
6.98675
6.98675
6.98675
6.98675
6.98675
6.98675
6.98675
6.98675
6.98675
6.98675
6.98675
6.98675
6.98675
6.98675
6.98675
6.52844
6.98675
6.98675
6.98675
6.98675
6.98675
6.98675
6.98675
6.89845
6.89845
6.89845
6.89845
6.89845
6.89845
6.89845
6.90731
6.90731
6.90731
6.90731
6.90731
6.90731
6.90731
6.90731
6.90731
5.96891
5.96891
5.96891
5.96891
5.96891
5.96891
5.96891
5.96891
5.96891
5.96891
5.96891
5.96891
5.96891
5.96891
5.96891
5.96891
5.96891
5.96891
5.96891
5.96891
5.96891
6.82057
6.16259
6.16259
6.16259
6.82057
6.82057
6.82057
6.82057
6.82057
6.82057
6.47892
6.47892
6.60001
6.82057
6.82057
6.82057
6.82057
6.82057
6.82057
6.82057
6.82057
6.82057
6.82057
6.82057
6.82057
6.86634
6.86634
6.86634
6.86634
6.86634
6.86634
6.82057
6.82057
6.82057
6.82057
6.815
6.80472
6.80472
6.80472
6.80472
6.80472
6.80472
6.80472
6.80472
6.80472
6.82057
6.82057
6.82057
6.82057
6.82057
6.82057
6.82057
6.82057
6.82057
6.82057
6.82057
6.82057
6.82057
6.82057
6.82057
6.82057
6.82057
6.82057
6.82057
6.82057
6.82057
6.82057
6.82057
6.82057
6.82057
6.82057
6.82057
6.82057
6.82057
6.82057
6.82057
6.82057
6.82057
6.82057
6.82057
6.82057
6.82057
6.82057
6.82057
6.72466
6.72466
6.72466
6.72466
6.72466
6.7628
6.7628
6.7628
6.7628
6.7628
6.7628
6.7628
6.82057
6.82057
6.82057
6.82057
6.82057
6.82057
6.82057
6.87331
6.87331
6.87331
6.66271
6.66271
6.66271
6.66271
6.66271
6.66271
6.66271
6.66271
6.66271
6.66271
6.66271
6.66271
6.6315
6.6315
6.6315
6.6315
6.6315
6.6315
6.6315
6.6315
6.6315
6.6315
6.6315
6.6315
6.6315
6.6315
6.6315
6.6315
6.6315
6.6315
6.6315
6.6315
6.6315
6.6315
6.66271
6.66271
6.66271
6.66271
6.66271
6.66271
6.66271
6.66271
6.66271
6.66271
6.66271
6.66271
6.66271
6.66271
6.66271
6.66271
6.66271
6.66271
6.66271
6.66271
6.66271
6.66271
6.66271
6.93292
6.93292
6.93292
6.93292
6.93292
6.93292
6.93292
6.93292
6.93292
6.93292
6.93292
6.93292
6.93292
6.92795
6.92795
6.91298
6.91298
6.91298
6.91298
6.91298
6.91298
6.91298
6.91298
6.91298
6.91298
6.91298
6.91298
6.91298
6.9203
6.9203
6.9203
6.9203
6.9203
6.9203
6.95676
6.95676
6.95676
6.93811
6.93811
6.93811
6.93811
6.93811
6.83032
6.83032
6.83032
6.9203
6.9203
6.9203
6.83032
6.83032
6.83032
6.83032
6.83032
6.83032
6.83032
6.83032
6.83032
6.83032
6.83032
6.83032
6.83032
6.83032
6.83032
6.9203
6.85989
6.8524
6.8524
6.8524
6.8524
6.8524
6.8524
6.8331
6.8331
6.8331
6.8331
6.8331
6.67241
6.56571
6.56571
6.56571
6.56571
6.56571
6.56571
6.56571
6.56571
6.56571
6.56571
6.56571
6.56571
6.56571
6.56571
6.56571
6.56571
6.56571
6.56571
6.56571
6.56571
6.56571
6.56571
6.56571
6.56571
6.56571
6.56571
6.56571
6.56571
6.56571
6.56571
6.56571
6.56571
6.56571
6.56571
6.56571
6.56571
6.56571
6.56571
6.56571
6.56571
6.56571
6.56571
6.56571
6.56571
6.56571
6.65992
6.65992
6.65903
6.65903
6.65903
6.65903
6.65992
6.65992
6.65992
6.65992
6.65992
6.65992
6.65992
6.64308
6.64308
6.64308
6.64308
6.64308
6.52672
6.52672
6.52672
6.52672
6.52672
6.52672
6.52672
6.52672
6.52672
6.52672
6.52672
6.52672
6.52672
6.52672
6.52672
6.52672
6.52672
6.52672
6.52672
6.52672
6.52672
6.52672
6.52672
6.52672
6.51117
6.52333
6.52333
6.52333
6.52333
6.52333
6.52333
6.52333
6.52333
6.52333
6.52333
6.50297
6.50297
6.50297
6.50297
6.50297
6.50297
6.50297
6.50297
6.50297
6.50297
6.50297
6.50297
6.50297
6.50297
6.50297
6.50297
6.50297
6.50297
6.50297
6.50297
6.48342
6.48342
6.48342
6.48342
6.48342
6.48342
6.48342
6.48342
6.48342
6.44364
6.44364
6.48342
6.48342
6.48342
6.48342
6.48342
6.48342
6.48342
6.48342
6.48342
6.48342
6.48342
6.48342
6.48342
6.48342
6.48342
6.45253
6.45253
6.48342
6.47007
6.47007
6.47007
6.47007
6.48342
6.49191
6.49191
6.44364
6.44364
6.44364
6.44364
6.44364
6.44364
6.44364
6.44364
6.44364
6.44364
6.44364
6.44364
6.44364
6.44364
6.44364
6.44364
6.44364
6.44364
6.44364
6.44364
6.44364
6.44364
6.43593
6.43593
6.43593
6.3426
6.3426
6.3426
6.3426
6.3426
6.3426
6.3426
6.43593
6.43593
6.43593
6.43593
6.43593
6.43593
6.43593
6.43593
6.43593
6.43593
6.43593
6.43593
6.43593
6.43593
6.41151
6.41151
6.41151
6.41151
6.41151
6.43593
6.43593
6.43593
6.43593
6.43593
6.18608
6.18608
6.17416
6.17416
6.17416
6.17416
6.17416
6.17416
6.17416
6.17416
6.17416
6.17416
6.17416
6.05349
6.05349
6.05349
6.05349
6.05349
6.05349
6.05349
6.05349
6.05349
6.05349
6.05349
6.05349
6.05349
6.05349
6.05349
5.94949
5.94949
5.94949
5.94949
5.94949
5.94949
5.94949
5.94949
5.94949
5.94949
5.94949
6.05349
6.05349
6.05349
6.05349
6.05349
6.05349
6.05349
6.05349
6.05349
6.05349
6.05349
6.05349
6.19597
6.19597
6.19597
6.19597
5.94949
5.94949
5.94949
5.94949
5.94949
6.19597
6.19597
6.19597
6.19597
6.19597
6.19597
6.19597
6.19597
6.19597
6.19597
6.19597
6.19597
6.19597
6.19597
6.19597
6.05349
6.05349
6.05349
6.05349
6.05349
6.05349
6.05349
6.05349
6.05349
6.05349
6.05349
6.05349
6.05349
6.05349
6.05349
6.05349
6.14295
6.14295
6.14295
6.14295
6.14295
6.14295
6.14295
6.14295
6.14295
6.14295
6.14295
6.14295
6.14295
6.14295
6.14295
6.14295
6.05349
6.05349
6.05349
6.05349
6.0364
6.0364
6.0364
6.0364
6.0364
6.0364
6.0364
6.0364
6.0364
5.94949
5.94949
5.94949
5.94949
5.94949
5.94949
5.94949
5.94949
5.94949
5.94949
5.94949
5.94949
5.94949
5.92472
5.92472
5.92472
5.92472
5.94949
5.94949
5.94949
5.94949
5.94949
5.94949
6.05875
6.05875
6.05875
6.05875
6.05875
6.03746
6.03746
6.03746
6.03746
6.03746
6.03746
6.03746
6.03746
6.03746
6.03746
5.8341
5.8341
5.8341
5.8341
5.8341
5.8341
5.8341
5.8341
5.8341
5.8341
5.8341
5.8341
5.8341
5.8341
5.8341
5.77072
5.77072
5.77072
5.77072
5.73243
5.73243
5.73243
5.73243
5.73243
5.73243
5.73243
5.73243
5.73243
5.73243
5.77955
5.8341
5.8341
5.80275
5.80275
5.80275
5.80275
5.80275
5.80275
5.80275
5.80275
5.80275
5.80275
5.80275
5.80275
5.80275
5.79276
5.79276
5.79276
5.79276
5.79276
5.79276
5.79276
5.79276
5.79276
5.79276
5.79276
5.79276
5.79276
5.79276
5.79276
5.79276
5.70753
5.70753
5.70753
5.70753
5.70753
5.70753
5.70753
5.70753
5.70753
5.70753
5.70753
5.70753
5.67533
5.67533
5.67533
5.67533
5.67533
5.67533
5.67533
5.67533
5.67533
5.67533
5.67533
5.67533
5.67533
5.67533
5.67533
5.67533
5.67533
5.67533
5.67533
5.67533
5.67533
5.67533
5.67533
5.67913
5.67913
5.67913
5.67913
5.67913
5.67913
5.67913
5.67913
5.67913
5.56804
5.56804
5.56804
5.56804
5.56804
5.56804
5.56804
5.56804
5.56804
5.56804
5.56804
5.56804
5.56804
5.56804
5.56804
5.56804
5.56804
5.56804
5.56804
5.56804
5.56804
5.56804
5.56804
5.56804
5.67913
5.67913
5.67913
5.58466
5.58466
5.49745
5.49745
5.49745
5.49745
5.49745
5.49745
5.49745
5.49745
5.49745
5.49745
5.54779
5.54779
5.54779
5.49745
5.49745
5.49745
5.49745
5.49745
5.54779
5.45523
5.45523
5.45523
5.40296
5.40296
5.40296
5.40296
5.40296
5.40296
5.40296
5.40296
5.40296
5.40296
5.40296
5.40296
5.40296
5.4876
5.4876
5.4876
5.4876
5.4876
5.4876
5.4876
5.40296
5.40296
5.40296
5.40296
5.40296
5.4876
5.4876
5.4876
5.4876
5.4876
5.46354
5.36416
5.36416
5.40159
5.40159
5.40159
5.37223
5.37223
5.37223
5.37223
5.37223
5.37223
5.37223
5.37223
5.37223
5.37223
5.37223
5.37223
5.37223
5.37223
5.37223
5.37223
5.37223
5.37223
5.37223
5.37223
5.34083
5.34083
5.37223
5.37223
5.37223
5.37223
5.37223
5.37223
5.39761
5.40159
5.40159
5.40159
5.40159
5.40159
5.40159
5.38486
5.38486
5.38486
5.38486
5.38486
5.38486
5.38486
5.38486
5.38486
5.38486
5.38486
5.38486
5.38486
5.3433
5.3433
5.3433
5.3433
5.3433
5.3433
5.3433
5.3433
5.3433
5.3433
5.3433
5.3433
5.3433
5.3433
5.3433
5.3433
5.40159
5.40159
5.40159
5.40159
5.40159
5.40159
5.40159
5.40159
5.40159
5.40159
5.40159
5.40159
5.40159
5.40159
5.39545
5.39545
5.39545
5.39545
5.39545
5.39545
5.39545
5.39545
5.39545
5.39545
5.39545
5.39545
5.35735
5.35735
5.35735
5.35307
5.35735
5.35735
5.35735
5.35735
5.35735
5.35735
5.35735
5.3367
5.3367
5.3367
5.3367
5.3367
5.3367
5.3367
5.3367
5.3367
5.3367
5.3367
5.3367
5.3367
5.2151
5.2151
5.2151
5.2151
5.2151
5.2151
5.2151
5.2151
5.2151
5.2151
5.2151
5.2151
5.2151
5.2151
5.22701
5.22701
5.22701
5.22701
5.20775
5.20775
5.20775
5.20775
5.20775
5.20775
5.20775
5.20775
5.20775
5.20775
5.20775
5.20775
5.20775
5.20775
5.20775
5.20775
5.20775
5.20775
5.20775
5.20775
5.20775
5.20775
5.20775
5.20775
5.20775
5.20775
5.20775
5.20775
5.20775
5.20775
5.20775
5.20775
5.20775
5.20775
5.20775
5.20775
5.20775
5.20775
5.20775
5.20775
5.20775
5.20775
5.20775
5.20775
5.20775
5.20775
5.20775
5.17653
5.17653
5.17653
5.17653
5.17653
5.17653
5.17653
5.17653
5.17653
5.17653
5.17653
5.17653
5.17653
5.20775
5.20775
5.20775
5.20775
5.20775
5.28854
5.28854
5.28854
5.28854
5.28854
5.28854
5.29777
5.29777
5.29777
5.29777
5.29777
5.29777
5.22433
5.22433
5.22433
5.22433
5.22433
5.1886
5.1886
5.1886
5.1886
5.1886
5.1886
5.23896
5.23896
5.23896
5.2635
5.2635
5.2635
5.2635
5.2635
5.2635
5.2635
5.22433
5.17653
5.17653
5.17653
5.17653
5.17653
5.17653
5.17653
5.17653
5.17653
5.17653
5.17653
5.17653
5.17653
5.17653
5.17653
5.17653
5.17653
5.17653
5.17653
5.17653
5.17653
5.17653
5.17653
5.17653
5.17653
5.17653
5.17653
5.17653
5.17653
5.15097
5.15097
5.15097
5.15097
5.15097
5.15097
5.15097
5.15097
5.15097
5.15097
5.14631
5.14631
5.14631
5.14631
5.14631
5.14631
5.14631
5.14631
5.14631
5.14631
5.14631
5.14631
5.14631
5.14631
5.14631
5.14631
5.14631
5.14631
5.141
5.141
5.141
5.141
5.13299
5.13299
5.13299
5.13299
5.13299
5.13299
5.13299
5.10532
5.10532
5.10532
5.10532
5.04021
5.04021
5.04021
5.04021
5.04021
5.04021
5.04021
5.04021
5.04021
5.04021
5.01433
5.01433
5.01433
4.98562
4.98562
4.98562
4.98562
4.98562
4.98562
4.98562
4.98562
4.98562
4.98562
4.98562
4.98562
4.98562
4.98562
4.98562
4.98562
4.98562
4.98562
4.98562
4.98562
4.98562
4.98562
4.98562
4.98562
4.98562
4.98562
4.98562
4.98562
4.98562
4.98562
4.98562
4.98562
4.98562
4.98562
4.98562
4.98562
4.98562
4.98562
4.98562
4.98562
4.98562
4.98562
4.98562
4.98562
4.98562
4.98562
4.98562
4.98562
4.94641
4.94641
4.94641
4.94641
4.94641
4.94641
4.94641
4.94641
4.94641
4.94641
4.94641
4.94641
4.94641
4.94641
4.94641
4.83684
4.83684
4.83684
4.83684
4.83684
4.83684
4.83684
4.83684
4.83684
4.83684
4.83684
4.83684
4.83684
4.83684
4.83684
4.83684
4.83684
4.83684
4.83684
4.83684
4.83684
4.83684
4.83684
4.83684
4.83684
4.83684
4.83684
4.83684
4.83684
4.83684
4.83684
4.83684
4.83684
4.83684
4.83684
4.82775
4.82775
4.82775
4.82775
4.82775
4.82775
4.82775
4.82775
4.82775
4.82775
4.82775
4.82775
4.82775
4.82775
4.82775
4.82775
4.82775
4.82775
4.82775
4.82775
4.82775
4.82775
4.82775
4.82775
4.82775
4.82775
4.82775
4.82775
4.82775
4.82775
4.82775
4.91598
4.91598
4.91598
4.91598
4.91598
4.89894
4.89894
4.89894
4.89894
4.89894
4.89894
4.89894
4.89894
4.89894
4.89894
4.89894
4.89894
4.89894
4.89894
4.89894
4.89894
4.89894
4.89894
4.89894
4.91598
4.91598
4.91598
4.89185
4.89185
4.89185
4.89185
4.89185
4.89185
4.89185
4.89185
4.89185
4.89185
4.89185
4.89185
4.89185
4.89185
4.89185
4.89185
4.89185
4.89185
4.89185
4.8925
4.8925
4.8925
4.8925
4.8925
4.8925
4.8925
4.8925
4.8925
4.8925
4.90021
4.90021
4.90021
4.90021
4.90021
4.90021
4.90021
4.90021
4.90021
4.90021
4.90021
4.90021
4.90021
4.90021
4.93662
4.93662
4.93662
4.93662
4.93662
4.93662
4.93662
4.93662
4.89687
4.89687
4.89687
4.89687
4.89687
4.89687
4.89228
4.89228
4.89228
4.89228
4.89228
4.89228
4.89228
4.89228
4.89228
4.89228
4.89228
4.89228
4.89228
4.89228
4.89228


0.591457
1.07998
1.04241
0.195563
-0.352714
-0.482538
-0.579713
-0.51545
0.181135
1.12215
0.757717
-0.134106
-0.95919
-0.935461
-1.10309
-0.03312
0.404448
-0.297385
-2.13572
-2.98179
-0.0925275
0.123827
0.831201
0.824172
0.271369
-0.336862
-0.475928
0.808151
0.978752
0.0460418

0.034

