20.7775
19.5628
19.0581
19.0581
19.0581
18.3695
18.3695
18.3695
18.3695
18.3695
18.3695
18.3695
17.6176
17.6176
17.6176
17.6176
17.0906
17.0906
17.0906
16.6937
16.5808
16.5808
16.5808
16.5808
15.9872
15.9872
15.9263
15.1309
15.1309
14.8754
14.8754
14.8754
14.8754
14.8754
14.8754
14.8754
14.8754
14.9492
14.9492
14.9492
14.9492
14.787
14.787
14.787
14.7425
14.7425
14.7425
14.7425
14.7425
14.7425
14.7425
14.7425
14.7425
14.7425
14.7425
14.7425
14.7102
14.7102
14.7102
14.7102
14.7088
14.6023
14.6023
14.5963
14.5963
14.5212
14.5212
14.5212
14.2721
14.2721
14.2721
14.2721
14.2721
14.2721
14.2721
14.2721
14.2337
14.2137
14.2137
14.2137
14.2137
14.2137
14.2137
14.2137
14.2137
13.7014
13.7014
13.7014
13.7014
13.7014
13.7014
13.9104
13.9104
13.9081
13.9081
13.9081
13.8299
13.8299
13.8299
13.8299
13.8299
13.8299
13.8299
13.8299
13.7683
13.7683
13.7683
13.7683
13.7683
13.7683
13.4557
13.4557
13.4557
13.4557
13.4557
13.4557
13.4557
13.4557
13.4443
13.3192
13.3192
13.31
13.1988
13.1988
13.1988
13.1988
13.2009
13.2009
13.2009
13.2009
13.2009
13.2009
13.2009
13.1984
13.1984
13.1984
13.1984
13.1984
13.1984
13.1984
13.1783
13.1783
13.1783
13.1783
12.8827
12.8827
12.8827
12.8827
12.8827
12.8827
12.8827
12.9446
12.9446
12.9446
12.9446
12.864
12.864
12.6804
12.6804
12.6804
12.6804
12.6804
12.6804
12.6804
12.6804
12.7944
12.7944
12.7944
12.7944
12.7944
12.7944
12.7153
12.7153
12.7153
12.7153
12.7153
12.7153
12.7153
12.7153
12.7153
12.7153
12.6326
12.6326
12.6326
12.6326
12.6326
12.6326
12.6326
12.6326
12.6326
12.2418
12.0926
11.8829
11.8829
11.7952
11.7511
11.7511
11.7511
11.7511
11.4883
11.4883
11.4883
11.4883
11.4883
11.4883
11.437
11.437
11.437
11.437
11.437
11.437
11.437
11.437
11.437
11.437
11.1493
11.1493
11.1493
11.1493
11.1493
11.1493
11.1493
11.1493
11.1493
11.1493
11.1493
11.1092
11.1042
11.1042
11.1042
11.1042
11.0207
11.0207
11.0207
11.0207
11.0207
11.0207
11.0207
11.0207
11.0207
11.0207
11.0207
11.0207
11.0207
11.0207
11.0207
11.0207
11.0207
11.0207
10.9449
10.9449
10.9449
10.9449
10.9449
10.9449
10.9794
10.9794
10.9794
10.9794
10.9794
10.9794
11.0207
10.7887
10.7887
10.7887
10.7887
10.7887
10.7887
10.7887
10.7887
10.7887
10.7887
10.7887
10.7887
10.718
10.718
10.718
10.718
10.718
10.718
10.718
10.718
10.6708
10.6708
10.6708
10.6708
10.4974
10.4974
10.4974
10.4974
10.4974
10.4974
10.4974
10.4974
10.4974
10.4749
10.4749
10.4749
10.4749
10.4749
10.4749
10.4749
10.4749
10.4568
10.4568
10.4568
10.4568
10.4568
10.4568
10.4568
10.4568
10.4357
10.4357
10.4357
10.2939
10.2939
10.2939
10.2939
10.2939
10.2939
10.2939
10.2939
10.2939
10.2984
10.2984
10.2984
10.0517
10.0517
10.0517
10.0517
10.0517
10.0517
10.0517
10.0517
10.0926
10.0926
10.0926
10.0926
10.0926
10.0926
10.0926
10.0926
10.0926
10.0926
10.0926
10.1245
10.1245
10.0858
10.0858
10.0858
10.0858
10.0858
10.0822
10.0822
10.0822
10.0822
10.0822
10.0822
10.0124
10.0124
9.76297
9.76297
9.76297
9.76297
9.76297
9.76297
9.76297
9.76297
9.71082
9.71082
9.71082
9.71082
9.71082
9.71082
9.71082
9.71082
9.71082
9.71082
9.71082
9.71082
9.63848
9.62329
9.62329
9.62329
9.62329
9.62329
9.62329
9.62329
9.62329
9.62329
9.62329
9.62329
9.62329
9.62329
9.62329
9.62329
9.62329
9.51352
9.51352
9.49472
9.49472
9.49472
9.49472
9.49472
9.49472
9.49472
9.49472
9.49472
9.39831
9.39831
9.39831
9.39831
9.39831
9.33898
9.33898
9.33898
9.33898
9.33898
9.33898
9.33898
9.33898
9.32117
9.32117
9.30253
9.30253
9.30253
9.30253
9.30221
9.30221
9.30221
9.30221
9.30221
9.30221
8.94925
8.94925
8.94925
8.94925
8.94925
8.94925
8.94925
8.94925
8.94925
8.94925
8.94925
8.93536
8.93536
8.93536
8.93536
8.93536
8.93536
8.93536
8.93536
8.93536
8.93536
8.93536
8.93536
8.93536
8.93536
8.93536
8.93536
8.93536
8.93536
8.93536
8.93536
8.93536
8.93536
8.92539
8.92539
8.94946
8.94946
8.94946
8.94946
8.94946
8.94946
8.94946
8.94946
8.94946
8.94946
8.91498
8.91498
8.91498
8.91498
8.91498
8.91498
8.91498
8.91498
8.91498
8.91498
8.91498
8.91498
8.91498
8.91498
8.91498
8.91498
8.91498
8.91498
8.91498
8.91498
8.91498
8.91498
8.91498
8.89796
8.89796
8.82821
8.82821
8.82821
8.82821
8.82821
8.82821
8.82821
8.82821
8.82821
8.82821
8.85926
8.85926
8.85926
8.85926
8.85926
8.75948
8.75948
8.70182
8.70182
8.70182
8.70182
8.70182
8.70182
8.70182
8.70182
8.70182
8.70182
8.70182
8.70182
8.69694
8.69694
8.69694
8.69694
8.69694
8.69694
8.63285
8.63285
8.63285
8.63285
8.63285
8.63285
8.63285
8.48864
8.48864
8.48864
8.55995
8.55995
8.55995
8.55995
8.55995
8.55995
8.55995
8.55995
8.55995
8.55995
8.55995
8.55995
8.56607
8.56607
8.56607
8.56607
8.56607
8.56607
8.56607
8.56607
8.56607
8.56607
8.56607
8.55929
8.55929
8.52756
8.52756
8.52756
8.52756
8.52756
8.52756
8.52756
8.52756
8.52756
8.52756
8.52756
8.52756
8.52756
8.52756
8.5255
8.5255
8.5255
8.5255
8.5255
8.5255
8.5255
8.5255
8.53428
8.53428
8.53428
8.53428
8.53428
8.53428
8.53428
8.53428
8.53428
8.53428
8.53428
8.53428
8.53428
8.53428
8.53428
8.53428
8.53428
8.53428
8.53428
8.53428
8.53428
8.53428
8.52916
8.52916
8.52916
8.52682
8.52682
8.52682
8.52682
8.52682
8.52682
8.52682
8.52682
8.52682
8.52682
8.52682
8.52682
8.50926
8.50926
8.52682
8.52682
8.52682
8.52682
8.5261
8.5261
8.5261
8.5261
8.5261
8.5261
8.5261
8.52682
8.52682
8.52682
8.52682
8.53722
8.53722
8.55175
8.55175
8.55175
8.55175
8.55175
8.55175
8.55175
8.55175
8.55175
8.55175
8.55175
8.55199
8.55199
8.50037
8.50037
8.50037
8.50037
8.50037
8.50037
8.50037
8.50037
8.48521
8.48521
8.48521
8.50037
8.50037
8.50037
8.53332
8.53332
8.53332
8.53332
8.48864
8.48864
8.48864
8.48864
8.48864
8.48864
8.48864
8.48864
8.42892
8.34219
8.34219
8.40353
8.40353
8.34682
8.34682
8.34682
8.37545
8.37545
8.37545
8.37545
8.37545
8.37545
8.37545
8.37545
8.37545
8.37545
8.37545
8.37545
8.34017
8.34017
8.34017
8.34017
8.34017
8.34017
8.30523
8.30523
8.30523
8.30523
8.29503
8.29503
8.29503
8.29503
8.26583
8.26583
8.26583
8.26583
8.28208
8.28208
8.28208
8.28208
8.28208
8.28208
8.28131
8.28131
8.28131
8.28131
8.28131
8.19114
8.19114
8.19114
8.19114
8.19114
8.19114
8.19114
8.19114
8.19114
8.19114
8.19114
8.19114
8.19114
8.19114
8.17971
8.17971
8.17971
8.17971
8.0445
8.0445
8.0445
8.0445
8.0445
8.0445
8.0445
8.0445
8.0445
8.0445
8.0445
8.03831
8.03831
8.03831
8.03831
8.03831
8.03831
8.03831
8.03831
8.03831
8.03831
8.03831
8.03831
8.03831
8.03831
8.03831
8.03831
8.03831
8.03831
8.03831
8.03831
8.01002
8.01002
8.01002
8.01002
8.00352
8.00352
8.00352
8.00352
8.00352
8.00352
8.00352
8.00352
8.00352
8.00352
8.00352
8.00352
8.00343
8.00343
8.00343
8.00343
8.00343
8.00343
8.00343
8.00343
7.99751
7.99751
7.99751
7.99751
7.99751
7.99751
7.99751
7.99751
7.99751
7.99751
7.99331
7.99331
7.99331
7.99331
7.99331
7.99331
7.99331
7.99331
7.99331
7.99331
7.99749
7.99749
7.99749
8.00379
8.00379
8.00379
8.00379
7.97979
7.97979
7.97979
7.97979
7.97979
7.97979
7.97979
7.97979
7.97979
7.97979
7.97979
7.97979
7.97979
7.97979
7.97979
7.97979
7.97979
7.97979
7.97979
7.97979
7.97979
7.95504
7.95504
7.95504
7.95783
7.95783
7.95783
7.95783
7.94249
7.94249
7.94249
7.94249
7.94249
7.94249
7.94249
7.87259
7.87259
7.87259
7.87259
7.87259
7.87259
7.87259
7.87259
7.87259
7.87259
7.87259
7.87259
7.87259
7.87259
7.87381
7.87381
7.87381
7.87381
7.87381
7.87381
7.88156
7.84794
7.84794
7.84794
7.84794
7.84794
7.84794
7.84794
7.84295
7.84295
7.84295
7.84295
7.84295
7.84295
7.84476
7.84476
7.84476
7.84476
7.84476
7.84476
7.84476
7.84476
7.84476
7.84476
7.84476
7.84476
7.78372
7.78372
7.78372
7.78372
7.78372
7.78372
7.78372
7.77871
7.77871
7.77871
7.77871
7.77871
7.77871
7.77871
7.77871
7.77871
7.77871
7.77871
7.77871
7.77871
7.77871
7.77871
7.77871
7.77871
7.77871
7.77871
7.77871
7.77871
7.773
7.773
7.773
7.773
7.76583
7.76583
7.76583
7.76583
7.76583
7.76583
7.773
7.48332
7.48332
7.48332
7.48332
7.48332
7.48332
7.48332
7.48332
7.48332
7.48332
7.48332
7.48332
7.48332
7.48332
7.48332
7.48332
7.58681
7.58681
7.58681
7.58681
7.58681
7.58681
7.58681
7.58681
7.58681
7.58681
7.63169
7.63169
7.63169
7.63169
7.63169
7.63169
7.63169
7.63169
7.63293
7.63293
7.63293
7.64241
7.64241
7.64241
7.64241
7.64241
7.64241
7.64241
7.64241
7.64241
7.64241
7.64241
7.64241
7.64241
7.64241
7.64241
7.64241
7.6369
7.6369
7.6369
7.6369
7.6369
7.6369
7.60704
7.60704
7.60704
7.60704
7.60704
7.60704
7.60704
7.60704
7.60704
7.6156
7.6156
7.6156
7.6156
7.6156
7.6156
7.6156
7.6188
7.6188
7.60758
7.60758
7.60758
7.60758
7.58272
7.58272
7.58272
7.58272
7.58272
7.58272
7.58272
7.58272
7.58272
7.58272
7.58878
7.58878
7.58878
7.58878
7.58878
7.58878
7.58878
7.58878
7.58878
7.58878
7.58878
7.58878
7.58878
7.58878
7.58878
7.58878
7.58878
7.58878
7.58878
7.58878
7.58878
7.58878
7.58878
7.58878
7.58878
7.58878
7.58878
7.58878
7.58878
7.58878
7.58878
7.58878
7.58878
7.58878
7.57518
7.57518
7.57518
7.57518
7.57518
7.57518
7.56752
7.56752
7.56752
7.56752
7.56752
7.56752
7.56752
7.56752
7.56752
7.56752
7.49218
7.49218
7.49218
7.49218
7.49218
7.49218
7.49218
7.49218
7.49218
7.49218
7.49218
7.49218
7.62551
7.62551
7.62551
7.62551
7.6592
7.6592
7.6592
7.6592
7.6592
7.6592
7.6592
7.6592
7.6592
7.6592
7.66253
7.66253
7.66253
7.66253
7.66253
7.66253
7.66253
7.66253
7.66583
7.66583
7.66583
7.66583
7.66583
7.66583
7.66583
7.66583
7.66583
7.66583
7.66583
7.66583
7.66583
7.66583
7.66583
7.66583
7.66583
7.66583
7.66583
7.66583
7.66583
7.66583
7.63346
7.63346
7.63346
7.63346
7.63346
7.63346
7.63346
7.63346
7.63346
7.63346
7.63346
7.63346
7.63346
7.63363
7.63363
7.63363
7.63363
7.63363
7.65359
7.67215
7.67215
7.67215
7.67215
7.67215
7.67215
7.67215
7.66077
7.66077
7.61273
7.61273
7.61273
7.61273
7.61273
7.61273
7.61273
7.61273
7.61273
7.59619
7.59619
7.59619
7.58243
7.58243
7.58243
7.58243
7.58243
7.58243
7.59443
7.59443
7.60129
7.60129
7.60129
7.60129
7.60129
7.60129
7.5823
7.5823
7.5823
7.5823
7.55899
7.55874
7.55874
7.55874
7.55874
7.55874
7.55874
7.55874
7.55874
7.55874
7.55874
7.55874
7.54761
7.54761
7.54761
7.54761
7.54761
7.54761
7.54761
7.54761
7.54761
7.54761
7.54761
7.54761
7.54761
7.54761
7.54761
7.54761
7.54761
7.54761
7.54761
7.54761
7.54761
7.54761
7.48144
7.47959
7.45433
7.45433
7.38142
7.38142
7.38142
7.45433
7.45433
7.45433
7.45433
7.42712
7.42712
7.42712
7.42712
7.45136
7.45136
7.45136
7.45136
7.45136
7.45136
7.43808
7.43808
7.43808
7.43808
7.43808
7.43808
7.43808
7.43808
7.43808
7.43808
7.43808
7.43808
7.37342
7.37342
7.37342
7.37342
7.37342
7.37342
7.37342
7.37342
7.37342
7.37342
7.29091
7.29091
7.29091
7.29091
7.29091
7.29091
7.29091
7.29091
7.29091
7.29091
7.29091
7.29006
7.23453
7.23453
7.23453
7.25023
7.25023
7.25023
7.25023
7.25023
7.25023
7.25023
7.25023
7.25023
7.25023
7.25023
7.25023
7.25023
7.25023
7.25023
7.25023
7.25023
7.2573
7.2573
7.2573
7.30054
7.30054
7.30054
7.30054
7.30054
7.30054
7.30054
7.26402
7.26402
7.26402
7.26402
7.26402
7.26402
7.26402
7.26402
7.26402
7.26335
7.26335
7.26335
7.26335
7.21657
7.21657
7.21657
7.21657
7.21657
7.21657
7.21657
7.21657
7.21657
7.21657
7.21657
7.21657
7.21657
7.21657
7.14212
7.14212
7.14212
7.14212
7.14212
7.14212
7.14212
7.14212
7.14212
7.14212
7.14212
7.14212
7.15889
7.15889
7.15889
7.15889
7.15889
7.15889
7.15889
7.15889
7.15889
7.21657
7.21657
7.21796
7.21796
7.21796
7.21796
7.21796
7.21796
7.08452
7.08452
7.08452
6.98593
6.98593
6.98593
6.94907
6.94907
6.94907
6.94907
6.94907
6.94907
6.94907
6.94907
6.94907
6.91184
6.91184
6.91184
6.91184
6.91184
6.91184
6.91184
6.91184
6.91184
6.91184
6.91184
6.88973
6.88973
6.88973
6.88973
6.88973
6.88973
6.88973
6.88973
6.91246
6.7389
6.7389
6.72438
6.72438
6.70528
6.70528
6.70528
6.70528
6.60614
6.60614
6.60614
6.70528
6.70528
6.70528
6.70528
6.70528
6.70528
6.76028
6.74551
6.74551
6.74551
6.74551
6.74551
6.74551
6.74551
6.7564
6.7564
6.7564
6.7564
6.7564
6.7564
6.7564
6.7564
6.7218
6.7218
6.7218
6.7218
6.7218
6.7218
6.7218
6.7218
6.7218
6.7218
6.7218
6.7218
6.7218
6.7218
6.7218
6.7218
6.7218
6.7218
6.7218
6.724
6.724
6.724
6.73936
6.7361
6.59668
6.59668
6.59668
6.59668
6.59668
6.59668
6.59668
6.59668
6.59668
6.59668
6.59668
6.59668
6.59668
6.59668
6.59668
6.59668
6.59668
6.59668
6.59668
6.59668
6.59668
6.59668
6.59668
6.59668
6.59668
6.59668
6.59668
6.59668
6.59668
6.59668
6.59668
6.59668
6.59668
6.59668
6.59668
6.59668
6.59668
6.59668
6.59668
6.59668
6.59668
6.59668
6.59668
6.59882
6.59882
6.59882
6.59882
6.54942
6.54942
6.54942
6.54942
6.54942
6.54942
6.54942
6.54942
6.54942
6.54942
6.54942
6.54942
6.54942
6.54942
6.54942
6.54942
6.54942
6.54942
6.54942
6.54942
6.54942
6.54942
6.54942
6.54942
6.54942
6.54942
6.54942
6.54942
6.54942
6.53996
6.53996
6.53996
6.53996
6.53996
6.53812
6.53812
6.53812
6.53682
6.53682
6.53682
6.53682
6.53682
6.53687
6.53687
6.53687
6.53687
6.53687
6.53687
6.53761
6.53761
6.53761
6.53761
6.53761
6.53761
6.53761
6.53761
6.5671
6.5671
6.5671
6.5671
6.5671
6.5671
6.57014
6.57014
6.57014
6.57014
6.57014
6.57014
6.57263
6.57263
6.57263
6.57263
6.57263
6.57263
6.57263
6.57263
6.57263
6.57263
6.57263
6.57263
6.57263
6.57263
6.57263
6.57263
6.57263
6.55078
6.55078
6.55078
6.55078
6.55078
6.55078
6.55078
6.55078
6.55078
6.55078
6.55078
6.55078
6.53196
6.53191
6.53191
6.53191
6.53191
6.53191
6.53191
6.53191
6.53191
6.53191
6.53191
6.53191
6.53191
6.5359
6.5359
6.5359
6.5359
6.5359
6.5359
6.53129
6.53129
6.53129
6.53129
6.53129
6.53129
6.53129
6.53129
6.52757
6.52757
6.49409
6.45301
6.45301
6.45301
6.45301
6.45301
6.45301
6.45301
6.45301
6.45301
6.45301
6.45301
6.45301
6.45301
6.45301
6.45301
6.45301
6.45301
6.44753
6.44753
6.44753
6.44753
6.44753
6.44753
6.44753
6.44753
6.44753
6.44753
6.44753
6.44753
6.44753
6.44753
6.44753
6.44753
6.35087
6.35087
6.35087
6.35087
6.35087
6.35087
6.35087
6.35087
6.35087
6.35087
6.35087
6.35087
6.35087
6.35087
6.35087
6.35087
6.35087
6.35087
6.35087
6.36005
6.36005
6.36005
6.36005
6.36005
6.36005
6.3654
6.3654
6.3654
6.35688
6.35688
6.35688
6.35688
6.35688
6.28774
6.28774
6.28774
6.28254
6.28254
6.28254
6.28254
6.25185
6.25185
6.25185
6.25185
6.25185
6.25185
6.25185
6.25185
6.25185
6.25185
6.25185
6.25185
6.25185
6.28959
6.28959
6.28959
6.28959
6.28959
6.28959
6.28959
6.28959
6.28959
6.28959
6.28959
6.28959
6.28959
6.28959
6.28959
6.28959
6.28959
6.28959
6.28959
6.28959
6.28959
6.28959
6.28959
6.28959
6.28959
6.28959
6.28959
6.28959
6.28959
6.28959
6.28959
6.28959
6.28959
6.28959
6.28959
6.29888
6.29888
6.29888
6.29888
6.29734
6.29734
6.29734
6.29734
6.29734
6.29734
6.29734
6.28785
6.28785
6.28785
6.28785
6.28785
6.28785
6.28785
6.184
6.184
6.184
6.184
6.13143
6.13143
6.13143
6.13143
6.13143
6.13168
6.13168
6.13168
6.13168
6.13168
6.13168
6.13168
6.13168
6.13168
6.13168
6.13168
6.13168
6.13168
6.13179
6.13179
6.13179
6.13179
6.13179
6.13179
6.13179
6.13179
6.13179
6.13179
6.13179
6.13179
6.13179
6.12782
6.12782
6.12782
6.12782
6.12782
6.12782
6.12782
6.12782
6.12782
6.12782
6.12782
6.12782
6.12782
6.12782
6.12782
6.12468
6.12468
6.12468
6.12468
6.12468
6.12468
6.12468
6.12473
6.12473
6.12473
6.12473
6.12419
6.04878
6.04878
6.04878
6.04878
6.04878
5.78695
5.78695
5.78695
5.78695
5.78695
5.78695
5.78695
5.78695
5.78695
5.78695
5.78695
5.78695
5.78695
5.78695
5.78695
5.78695
5.82235
5.82235
5.82235
5.82235
5.82235
5.82235
5.82235
5.82235
5.82235
5.82235
5.82235
5.82235
5.82235
5.82235
5.82235
5.82235
5.8432
5.8432
5.8432
5.8432
5.8432
5.8432
5.8432
5.8432
5.83812
5.83812
5.83791
5.8254
5.8254
5.8254
5.8254
5.80316
5.80316
5.80316
5.80316
5.76167
5.76167
5.76167
5.71401
5.71401
5.71401
5.71401
5.71401
5.71401
5.71401
5.71401
5.71401
5.71401
5.71401
5.71401
5.71401
5.71401
5.71401
5.71401
5.71401
5.71401
5.71401
5.71401
5.65414
5.65414
5.65414
5.65414
5.5656
5.5656
5.5656
5.5656
5.5656
5.5656
5.5656
5.63865
5.63865
5.63865
5.63865
5.63865
5.63865
5.63865
5.63865
5.63865
5.63865
5.63865
5.60914
5.60914
5.59648
5.59648
5.59648
5.59648
5.59648
5.59648
5.59648
5.59648
5.59648
5.59648
5.59648
5.59648
5.59648
5.59648
5.59648
5.59648
5.59648
5.59648
5.59648
5.59464
5.59464
5.59464
5.59464
5.59464
5.59464
5.58242
5.58242
5.58242
5.58242
5.58242
5.58151
5.58151
5.58701
5.58701
5.58701
5.58701
5.58701
5.58701
5.59648
5.59648
5.60383


-0.801161
-0.937993
-1.50459
-1.49083
-0.0365986
0.223433
0.23838
1.13345
1.1907
2.13893
2.11195
1.92535
1.62648
0.81528
1.13842
0.987751
0.17273
0.134317
-0.480704
-1.75805
-1.78454
-1.32034
-1.58087
-1.1379
-0.94195
0.0466558
0.842666
0.927904
1.00449
-0.0884363

0.03

