2552.81
2552.81
2552.81
2496.01
2496.01
2496.01
2496.01
2496.01
2135.32
2135.32
2135.32
1890.8
1890.8
1890.8
1628.54
1628.54
1628.54
1628.54
1615.66
1615.66
1615.66
1615.66
1615.66
1615.66
1615.66
1615.66
1615.66
1615.66
1615.66
1611.56
1611.56
1498.29
1453.41
1453.41
1453.41
1453.41
1453.41
1431.61
1412.24
1412.24
1412.24
1412.24
1412.24
1412.24
1356.02
1356.02
1356.02
1356.02
1356.02
1355.81
1355.81
930.677
930.677
930.677
930.677
930.677
930.677
930.677
930.677
881.156
880.589
880.589
873.623
873.623
873.623
873.623
873.623
805.829
805.829
740.602
740.602
740.602
740.602
740.602
701.026
701.026
701.026
699.58
699.58
661.98
661.98
661.98
661.98
661.98
661.98
659.561
659.561
659.561
659.561
659.561
658.897
657.153
657.153
657.153
650.929
650.929
650.929
482.6
482.6
482.6
475.983
475.983
474.144
474.144
474.144
474.144
474.144
474.144
474.144
474.144
474.144
474.144
474.144
474.144
473.461
473.461
469.304
469.304
469.304
469.304
469.304
469.304
466.659
466.659
466.659
466.659
466.659
466.659
466.659
466.659
466.659
466.657
466.657
376.182
376.182
376.182
376.182
376.182
375.946
375.946
375.946
375.946
375.946
375.946
375.946
375.946
366.474
366.474
366.474
366.474
366.474
366.474
366.474
366.474
319.112
319.112
319.112
319.112
319.059
319.059
319.059
318.52
318.52
317.421
317.421
317.065
317.065
317.065
305.455
305.455
305.455
305.455
305.455
305.455
305.455
305.455
302.968
302.968
302.968
302.968
302.968
302.968
290.128
290.128
290.128
290.128
290.128
290.128
290.128
290.128
290.128
290.128
290.128
290.128
290.128
290.128
290.128
290.128
290.128
290.128
290.128
290.128
290.128
290.128
290.128
290.128
290.128
290.128
288.48
288.48
288.48
288.48
288.48
287.52
287.52
270.236
270.236
270.236
270.236
270.236
270.236
270.236
270.236
270.236
270.236
270.236
270.236
270.236
270.236
270.236
270.236
270.236
270.13
237.227
237.227
237.227
237.227
237.227
237.227
237.227
237.227
237.227
237.227
237.227
237.227
237.227
237.227
237.227
234.876
234.876
169.051
169.051
169.051
169.051
169.051
169.051
169.051
169.051
169.051
169.051
169.051
169.051
169.051
169.051
169.051
169.051
169.051
169.051
168.738
168.738
168.738
168.738
160.19
160.19
160.19
140.609
140.609
140.609
140.609
140.609
140.609
140.609
140.609
140.609
140.609
140.609
140.609
140.609
140.609
140.609
140.609
140.609
140.609
138.853
138.853
138.853
138.853
138.853
125.768
125.768
125.768
125.768
125.768
125.768
125.768
125.768
125.768
125.768
121.483
121.377
121.377
104.766
104.766
104.766
104.766
104.766
104.766
104.766
104.766
104.766
104.766
104.766
104.766
104.766
104.766
104.235
104.235
104.235
104.235
104.235
103.453
103.453
103.453
103.453
103.453
103.453
103.453
103.453
77.1997
77.1997
77.1997
77.1997
77.1997
77.1997
77.1997
77.1997
77.1997
77.1997
77.1997
75.3281
75.3281
75.3281
75.3281
75.3281
75.3281
75.3281
75.3281
75.3281
75.3281
75.3281
75.3281
75.3281
75.3281
75.3281
75.3281
75.3281
75.3281
75.3281
75.2743
75.2743
74.79
74.79
74.79
74.79
74.79
74.79
74.79
74.79
74.79
74.79
74.79
74.617
74.617
74.617
74.617
74.617
74.617
74.617
74.617
74.617
74.617
74.617
74.617
74.617
74.617
74.617
74.617
74.617
74.617
74.617
74.617
74.617
74.617
74.617
74.617
74.617
74.617
74.617
74.617
74.617
74.617
74.617
74.617
74.617
74.617
74.617
74.617
74.617
74.617
74.617
74.617
74.617
74.617
74.617
74.617
74.617
74.617
74.617
74.617
74.617
74.617
74.617
59.2291
59.2291
59.2291
45.2025
45.2025
45.2025
45.2025
45.2025
45.2025
45.2025
45.2025
45.2025
45.2025
45.2025
45.2025
45.2025
45.0181
45.0181
45.0181
42.3622
42.3622
42.3622
42.3622
42.3622
42.3622
42.3622
42.3622
42.3622
42.3622
42.2109
42.2109
42.2109
42.2109
42.2109
42.2109
41.6245
41.6245
41.6245
41.6245
41.6245
41.6245
41.6245
41.5186
41.5186
41.5186
41.5186
41.5186
41.5186
41.5186
38.8938
38.8938
38.8938
38.8938
38.8938
38.8938
38.8721
38.8721
38.8721
38.8721
38.8721
38.8721
38.8721
38.8721
38.8721
38.8721
38.4306
38.4306
38.4306
38.4306
38.4306
38.4306
38.4306
38.4306
38.4306
38.3248
38.3248
38.3248
38.3248
35.8633
35.8633
35.8633
35.8633
35.8633
35.8633
35.8633
35.5862
35.5862
35.5862
35.3918
35.3681
35.3681
35.3681
35.3681
35.3681
35.3681
35.3681
35.3646
35.3646
35.3646
35.3646
35.3646
35.3646
35.3508
35.3508
35.3508
35.3508
35.3508
35.3508
35.3508
35.1532
35.1532
35.1532
35.1532
35.1532
35.1532
35.1532
35.1532
35.1532
35.0151
35.0151
35.0151
34.8175
34.8175
34.8175
34.8175
34.8175
34.8175
34.8175
34.8175
34.8175
34.7588
34.7588
34.7588
34.7588
34.6421
34.6421
34.6421
34.6421
34.6421
34.6421
34.6421
34.6421
34.6421
34.6421
34.0922
34.0922
34.0922
34.0922
34.0922
34.0922
32.3668
32.1437
32.1437
32.1437
32.1437
32.1437
32.1437
32.1437
32.1437
32.1437
31.7001
31.7001
31.7001
31.7001
31.7001
31.7001
28.3512
28.3512
28.3512
28.3512
28.3512
28.3512
28.3373
28.1281
28.1281
28.1281
27.9782
27.9782
27.9782
27.9782
24.1125
24.1125
24.1125
24.1125
24.1125
24.1125
24.1125
24.1125
24.1125
24.1125
24.1125
24.1125
24.0572
24.0572
24.0572
24.0572
24.0572
24.0572
24.0572
24.0572
23.7395
23.7395
23.7395
23.7395
23.3655
23.3655
23.3655
23.3655
23.3655
23.3655
23.3655
23.3611
23.3611
23.3611
22.9925
22.9925
22.9925
22.9925
22.9925
22.9881
22.9881
22.9881
22.9881
22.9881
22.9881
22.9881
22.9554
22.9554
22.7328
22.7328
22.7328
22.7328
22.7328
22.7328
22.7328
22.7328
22.7328
22.7328
22.7328
22.7328
22.7328
22.7328
22.7328
22.7328
22.7328
22.7328
22.6956
22.6956
22.6956
22.4359
22.4359
22.4359
22.4359
22.4359
22.4359
22.3163
22.3163
22.3163
22.3163
22.3163
22.3163
22.3163
22.3163
22.3163
22.3163
22.3163
22.3163
22.3163
22.3163
22.3163
22.3163
22.1261
22.1261
22.1261
22.1261
22.1261
22.1261
22.1261
22.1261
22.1261
22.0763
22.0763
22.0763
22.0763
22.0763
22.0763
22.0763
22.0763
22.0763
22.0763
22.0763
22.0763
22.0763
22.0763
21.3293
21.3293
21.3293
21.3293
21.3293
21.3293
21.3293
21.3293
21.3293
21.3293
21.3293
21.3293
21.3293
21.3293
21.3293
21.313
21.313
21.313
21.313
21.313
21.313
21.1016
21.1016
21.1016
21.1016
20.931
20.931
20.931
20.931
20.931
20.931
20.931
20.931
20.931
20.931
20.931
20.931
20.931
20.931
20.931
20.931
20.931
20.931
20.931
20.931
20.931
20.931
20.931
20.931
20.931
20.931
20.931
20.931
20.931
20.931
20.931
20.931
20.931
20.931
20.931
20.9099
20.9099
20.9099
20.8296
20.7197
20.7197
20.7197
20.7197
20.7197
20.7197
20.7197
20.7197
20.6183
20.6183
20.6183
20.6183
20.6183
20.6183
20.6183
20.6183
20.6183
20.6183
20.6183
17.778
17.778
17.778
17.778
17.778
17.778
17.778
17.778
17.778
17.778
17.778
17.778
17.778
17.778
17.778
17.778
17.778
17.778
17.778
17.778
17.778
17.778
17.778
17.778
17.778
17.778
17.778
17.778
17.778
17.778
17.778
17.778
17.778
17.778
17.778
17.778
17.778
17.778
17.778
17.778
17.778
17.778
17.778
17.778
17.778
17.778
17.778
17.778
17.778
17.778
17.778
17.778
17.778
17.7227
17.7227
17.7227
17.7227
17.7227
17.7227
17.5016
17.5016
16.3168
16.3168
16.3168
16.3168
16.3168
16.3168
16.3168
16.3168
16.3168
16.3168
16.3168
16.3168
16.3168
14.6321
14.6321
14.6321
14.6321
14.6276
14.6276
14.5907
14.5907
14.1353
10.7164
10.7164
10.7164
10.7164
10.7164
10.7164
10.7164
10.7164
10.7164
10.7164
10.7164
10.7164
10.7164
10.7164
10.7164
10.7164
10.7164
10.7164
10.7164
10.7164
10.7164
10.7164
10.7164
10.7164
10.7164
10.7164
10.7164
10.7164
10.7164
10.7164
10.7164
10.7164
10.7164
10.7164
10.5902
10.5902
10.5902
10.5902
10.5902
10.5902
10.5902
10.5902
10.5902
10.5902
10.5902
10.5902
10.5902
10.5902
8.06595
8.06595
8.06595
8.06595
8.06595
8.06595
8.06595
8.06595
8.06595
8.06595
8.06595
8.06595
8.06595
8.06595
8.06595
8.06595
8.06595
8.06595
8.06595
8.06595
8.06595
8.06595
8.06595
8.06595
8.06595
8.06595
8.06595
8.06595
8.04934
8.04934
8.04934
8.04934
8.04934
8.04934
8.04934
8.04934
7.78352
7.78352
7.77159
7.77159
7.77159
7.77159
7.77159
7.77159
7.77159
7.77159
7.77159
7.77159
7.77159
7.77159
7.77159
7.77159
7.77159
7.77159
7.52101
7.52101
7.52101
7.52101
7.52101
7.52101
7.52101
7.52101
7.52101
7.51659
7.51659
7.39724
7.39724
7.39724
7.39724
7.39724
7.35583
7.35583
7.35583
7.35583
7.35583
7.35583
7.35583
7.35583
7.35583
7.35583
7.35583
7.35583
7.35583
7.35583
7.35583
6.9828
6.9828
6.85903
6.85903
6.85903
6.85903
6.85903
6.85903
6.8471
6.8471
6.8471
6.68375
6.68375
6.68375
6.68375
6.68375
6.68375
6.68375
6.60138
6.60138
6.60138
6.60138
6.55998
6.55998
6.55998
6.55998
6.54337
6.54337
6.54337
6.53144
6.10457
6.10457
6.10457
6.10457
6.10457
6.10457
6.10457
6.10457
6.10457
6.10457
6.10457
6.10457
5.78891
5.78891
5.78891
5.78891
5.78891
5.78891
5.78891
5.78891
5.78891
5.78891
5.78891
5.78891
5.78891
5.51447
5.51447
5.51447
5.51447
5.51447
5.51447
5.51447
5.51447
5.51447
5.51447
5.51447
5.51447
5.51447
5.51447
5.51447
5.51447
5.51447
5.51447
5.51447
5.47307
5.47307
5.47307
5.47307
4.93486
4.93486
4.93486
4.93486
4.93486
4.93486
4.93486
4.93486
4.93486
4.93486
4.93486
4.93486
4.93486
4.93486
4.93486
4.93486
4.93486
4.93486
4.93486
4.93486
4.93486
4.93486
4.93486
4.93486
4.93486
4.93486
4.93486
4.93486
4.93486
4.93486
4.93486
4.93486
4.93486
4.93486
4.93486
4.93486
4.93486
4.93486
4.93486
4.93486
4.93486
4.93486
4.93486
4.93486
4.93486
4.93486
4.93486
4.93486
4.927
4.927
4.927
4.927
4.927
4.927
4.927
4.927
4.927
4.927
4.927
4.68874
4.68874
4.68874
4.68874
4.68874
4.68874
4.68874
4.68874
4.68874
4.68874
4.68874
4.68874
4.68874
4.68874
4.6731
4.6731
4.6731
4.55517
4.55517
4.55517
4.55517
4.55517
4.55517
4.55517
4.55517
4.55517
4.55517
4.55517
4.55517
4.55517
4.55517
4.55517
4.55517
4.43903
4.43903
4.43903
4.43903
4.43117
4.43117
4.43117
4.43117
4.41578
4.28999
4.17371
4.17371
4.17371
4.17371
4.17371
4.17371
4.17371
4.17371
4.17371
4.17371
4.17371
4.17371
4.17371
4.17371
4.17371
4.16178
4.16178
4.16178
4.16178
4.16178
4.16178
4.16178
4.02687
4.02687
4.02687
4.02687
4.02687
3.88733
3.88733
3.88733
3.88733
3.88733
3.88733
3.88733
3.88733
3.88733
3.88733
3.87947
3.87947
3.87947
3.87947
3.87947
3.87947
3.87947
3.87947
3.87947
3.87947
3.87947
3.75368
3.75368
3.75368
3.75368
3.75368
3.75368
3.75368
3.75368
3.73043
3.73043
3.73043
3.73043
3.73043
3.73043
3.73043
3.73043
3.73043
3.59089
3.59089
3.59089
3.59089
3.59089
3.59089
3.59089
3.59089
3.59089
3.59089
3.59089
3.59089
3.59089
3.59089
3.59089
3.59089
3.59089
3.59089
3.59089
3.59089
3.59089
3.58896
3.58896
3.58896
3.58896
3.58896
3.58896
3.58896
3.58896
3.57542
3.57542
3.57542
3.57542
3.57542
3.57542
3.57542
3.56756
3.56756
3.56756
3.56756
3.56756
3.56756
3.56756
3.56756
3.56756
3.56756
3.56756
3.5597
3.43391
3.43391
3.43391
3.43391
3.43391
3.43391
3.43391
3.43391
3.43391
3.42198
3.42198
3.42198
3.1356
3.1356
3.1356
3.1356
3.1356
3.1356
3.1356
3.1356
3.1356
3.1356
3.1356
3.07659
3.07659
3.07659
3.07659
3.07659
3.07659
3.07659
3.07659
3.06466
3.06466
3.06466
2.82536
2.82536
2.82536
2.82536
2.82536
2.82536
2.76635
2.76635
2.76635
2.76635
2.76635
2.76635
2.76635
2.76635
2.76635
2.76635
2.76635
2.76635
2.76635
2.76635
2.76635
2.7646
2.73311
2.73311
2.73311
2.73311
2.73311
2.73311
2.73311
2.73311
2.73311
2.73311
2.73311
2.73311
2.73311
2.73311
2.73311
2.73311
2.73311
2.73311
2.73311
2.73311
2.73311
2.73311
2.73311
2.73311
2.73311
2.73311
2.73311
2.73311
2.73311
2.73311
2.73311
2.73311
2.73311
2.73311
2.73311
2.73311
2.73311
2.73311
2.73311
2.73311
2.73311
2.73311
2.73311
2.73311
2.73311
2.73311
2.73311
2.73311
2.73311
2.73311
2.73311
2.73311
2.73311
2.73311
2.73311
2.73311
2.73311
2.73311
2.73311
2.73311
2.73311
2.73311
2.73311
2.73118
2.73118
2.73118
2.73118
2.73118
2.73118
2.73118
2.73118
2.73016
2.73016
2.73016
2.73016
2.73016
2.73016
2.73016
2.29943
2.29943
2.29943
2.29943
2.29943
2.29943
2.29943
2.29943
2.29943
2.29943
2.29943
2.29943
2.29943
2.29943
2.20804
2.20804
2.20804
2.19063
2.19063
2.19063
2.19063
2.19063
2.19063
2.19063
2.19063
2.19063
2.19063
2.19063
2.19063
2.18522
2.18522
2.12868
2.12868
2.12868
2.12868
2.12868
2.12868
2.12868
2.12868
2.12868
2.12868
2.12868
2.12868
2.12868
2.12868
2.12868
2.12868
2.12868
2.12868
2.12868
2.12868
2.12868
2.12868
2.12868
2.12868
2.12868
2.12573
2.06377
2.06377
2.06377
2.06377
2.06377
2.06377
2.06377
2.06377
2.06377
2.06377
2.06377
2.06377
2.06377
2.06377
2.06377
2.06377
2.06377
2.06377
2.06377
2.06377
2.06377
2.06377
2.06377
2.06377
2.06377
2.06082
2.06082
2.06082
2.06082
2.02262
2.02262
2.02262
2.02262
2.02262
2.02262
2.02262
2.02262
2.02262
2.02262
2.02262
2.02262
1.98067
1.91576
1.91576
1.91576
1.91576
1.91576
1.91576
1.91576
1.91576
1.91576
1.91576
1.91576
1.91576
1.91576
1.91576
1.91576
1.91383
1.91383
1.91383
1.89643
1.89643
1.89643
1.89643
1.89643
1.89643
1.89643
1.89643
1.89643
1.89643
1.89643
1.89643
1.89643
1.89643
1.89643
1.89643
1.89348
1.89348
1.89348
1.89348
1.88449
1.88449
1.88449
1.88449
1.57425
1.57425
1.57425
1.57425
1.57425
1.57425
1.57425
1.57425
1.57425
1.57425
1.57425
1.57425
1.57425
1.57425
1.57425
1.57425
1.57425
1.57425
1.57425
1.57425
1.57425
1.57425
1.57425
1.57425
1.57425
1.57425
1.57425
1.55876
1.55876
1.55876
1.55876
1.55876
1.55876
1.12508
1.12508
1.12508
1.12508
1.12508
1.12508
1.12508
1.12508
1.12508
1.12508
1.12508
1.12508
1.12315
1.12315
1.12315
1.12315
1.12315
1.12315
1.12315
1.12315
1.12315
1.12315
1.12315
1.12213
1.12213
1.12213
1.12213
1.12213
1.12213
1.12213
1.10381
1.10381
1.10381
1.10381
1.10381
1.10361
1.10361
1.10361
1.10361
1.10361
1.10361
1.10361
1.10361
1.10361
1.10361
1.10188
1.08834
1.08834
1.08834
1.08834
1.08834
1.08834
1.08814
1.08814
1.08814
1.08814
1.08814
1.08814
1.08814
1.08814
1.08814
1.08814
1.08814
1.08814
1.08814
1.08814
1.08814
1.08814
1.08814
1.08814
1.08814
1.08814
1.08814
1.08814
1.08539
1.08539
1.08519
1.08519
1.08519
1.08519
1.08519
1.01733
1.01733
1.01733
1.01733
1.01733
1.0154
1.0154
1.0154
1.0154
1.0154
1.0154
1.0154
1.0154
1.0154
1.0154
1.0154
1.0154
1.0154
1.0154
1.0154
1.0154
1.0154
1.0154
1.0154
1.0154
1.01346
1.01346
1.01346
1.01346
0.990257
0.990257
0.990257
0.990257
0.990257
0.990257
0.990257
0.990257
0.990257
0.990257
0.990257
0.990257
0.990257
0.990257
0.990257
0.990257
0.990257
0.990257
0.990257
0.990257
0.990257
0.990217
0.990217
0.990217
0.990014
0.990014
0.990014
0.990014
0.990014
0.990014
0.990014
0.990014
0.990014
0.990014
0.990014
0.990014
0.990014
0.990014
0.990014
0.990014
0.990014
0.990014
0.990014
0.98808
0.98808
0.988039
0.988039
0.988039
0.988039
0.988039
0.988039
0.988039
0.968743
0.968743
0.968743
0.968743
0.968743
0.968743
0.968743
0.966809
0.941671
0.941671
0.941671
0.941671
0.941671
0.941671
0.941671
0.941671
0.941671
0.941671
0.941671
0.941671
0.941671
0.941671
0.941671
0.941671
0.93872
0.93872
0.93872
0.93872
0.93872
0.93872
0.93872
0.93872
0.93872
0.867871
0.867871
0.867871
0.867871
0.867871
0.867871
0.867871
0.845339
0.845339
0.845339
0.845339
0.845339
0.845339
0.845339
0.845339
0.845339
0.845339
0.845339
0.842389
0.842389
0.842389
0.768304
0.768304
0.768304
0.768304
0.768304
0.768304
0.768304
0.768304
0.768304
0.768304
0.746486
0.746486
0.746486
0.746486
0.746486
0.746486
0.746486
0.746486
0.746486
0.746486
0.746486
0.746486
0.746486
0.746486
0.746486
0.746486
0.746486
0.746486
0.746486
0.746486
0.746486
0.746486
0.746486
0.746486
0.746486
0.746486
0.746486
0.746486
0.746486
0.744552
0.744552
0.744552
0.744552
0.717764
0.717764
0.717764
0.717764
0.717764
0.71748
0.71748
0.71748
0.71748
0.71748
0.717155
0.717155
0.717155
0.717155
0.717155
0.717155
0.717155
0.717155
0.717155
0.717155
0.717155
0.717155
0.717155
0.717155
0.717155
0.717155
0.717155
0.717155
0.717155
0.717155
0.717155
0.717155
0.717155
0.717155
0.717155
0.717155
0.717155
0.717155
0.717155
0.715221
0.715221
0.715221
0.715221
0.715221
0.714205
0.714205
0.714205
0.714205
0.714205
0.714205
0.714205
0.714205
0.714205
0.714205
0.712271
0.686216
0.686216
0.686216
0.681331
0.681331
0.681331
0.681331
0.681331
0.681331
0.606555
0.606555
0.606555
0.606555
0.606555
0.606555
0.606555
0.606555
0.606555
0.604622
0.573682
0.573682
0.573682
0.573682
0.573682
0.573682
0.573682
0.573682
0.573682
0.573682
0.573682
0.573682
0.573682
0.573682
0.573682
0.573682
0.573682
0.573682
0.573682
0.573682
0.573682
0.573682
0.573682
0.573682
0.573682
0.573682
0.573682
0.573682
0.561418
0.561418
0.561418
0.561418
0.561418
0.561418
0.561418
0.561418
0.561418
0.561418
0.561418
0.561418
0.561418


0.163599
0.163599
-0.00703146
-0.00703146
-0.00296884
-0.00296884
-0.00296884
-0.00296884
-0.00703146
-0.00703146
-0.00703146
-0.00703146
-0.00703146
-0.00703146
-0.00703146
-0.00703146
-0.00703146
-0.0279696
-0.0279696
-0.0279696
-0.0279696
-0.0279696
0.0157817
-0.0279696
-0.0279696
-0.0279696
-0.0279696
-0.0132817
-0.0132817
0.100159

0.022

