340616
340616
340616
340616
340616
266223
220131
220131
220131
220131
218601
195105
195105
114525
114525
114525
114525
114225
114225
114225
114225
114225
114225
114225
101636
101636
101636
101636
101636
101636
92326.1
92326.1
79657.6
78010
78010
78010
78010
74153.3
74153.3
74153.3
74153.3
74153.3
71092.5
71092.5
71092.5
71092.5
71092.5
71092.5
71092.5
65800.8
52703.1
52703.1
52703.1
52703.1
52703.1
52703.1
52703.1
52399.7
52399.7
52316.9
52316.9
52316.9
51994.5
49406.6
49406.6
49406.6
49406.6
49406.6
49406.6
49406.6
49406.6
49302.6
47468.9
47468.9
47468.9
47468.9
46292
46292
46292
46292
46292
46292
46292
46292
46292
45700.2
45700.2
45700.2
41351.3
41351.3
41351.3
41351.3
41351.3
41351.3
41351.3
41351.3
41351.3
41351.3
41351.3
35177.8
35177.8
35177.8
35177.8
35177.8
35177.8
35177.8
35177.8
35177.8
35177.8
35177.8
35177.8
35177.8
33967
33967
33967
33967
33967
33967
33967
33967
33794.7
33794.7
33794.7
33794.7
33794.7
33297.3
33297.3
33297.3
33297.3
33297.3
33297.3
33274.7
32371.3
32371.3
32371.3
32371.3
32371.3
32371.3
32371.3
32325.6
31917.1
31917.1
31917.1
31917.1
31917.1
31917.1
31917.1
31917.1
31917.1
31917.1
31917.1
31917.1
31917.1
31917.1
31902.1
31902.1
31733.5
31733.5
31733.5
31711.6
31711.6
31711.6
31711.6
31640.1
31584.8
31584.8
31584.8
31584.8
31584.8
31584.8
31584.8
31584.8
31584.8
31407.8
31211.5
31211.5
31211.5
28983.5
28983.5
27098.9
27098.9
25162.7
25162.7
25162.7
25162.7
25162.7
24905.7
24864
24864
24864
24864
24864
24864
24557.8
24557.8
24557.8
24557.8
23789.9
23789.9
23789.9
23789.9
23027.1
23027.1
23027.1
23027.1
23027.1
23027.1
23027.1
23027.1
23027.1
23027.1
23018.1
23018.1
23018.1
23018.1
23018.1
23018.1
23018.1
23018.1
23018.1
23018.1
22969.3
22969.3
22969.3
22969.3
22969.3
22969.3
22969.3
22969.3
22969.3
22969.3
22969.3
22969.3
22969.3
22969.3
22969.3
22969.3
22969.3
22969.3
22969.3
22969.3
22961.2
22961.2
22961.2
22743.2
22743.2
22743.2
22743.2
22627.9
22627.9
22627.9
22612.9
22612.9
22612.9
22612.1
22561.1
22561.1
22561.1
22561.1
22561.1
22561.1
22561.1
22561.1
22561.1
22561.1
22561.1
22514.3
22513.6
22513.6
22513.6
22513.6
22513.6
22513.6
22506.7
22506.7
22324.6
22324.6
22045.2
22045.2
22045.2
22044.2
22044.2
22044.2
21938.7
21851.7
21851.7
21851.7
21851.7
21851.7
21851.7
18390.2
18390.2
18390.2
18390.2
18390.2
18390.2
18390.2
18390.2
18390.2
18390.2
18301.1
18301.1
18301.1
18301.1
18301.1
18301.1
18301.1
18301.1
18301.1
18298.4
18298.4
18298.4
18298.4
18298.4
18298.4
18298.4
18298.4
18298.4
18298.4
18297.1
18290.9
18235
18235
18235
18212.7
18212.7
18189.7
18189.7
18178.2
18178.2
18178.2
18178.2
18178.2
18178.2
18158.3
18158.3
18151.4
17903.6
17903.6
16110.2
16110.2
16110.2
16110.2
16110.2
16080.4
16080.4
16080.4
16080.4
16080.4
16080.4
16080.4
16080.4
16080.4
16080.4
16080.4
16071.6
16071.6
16071.6
16071.6
16071.6
16071.6
16071.6
16071.6
16071.6
16044.8
16044.8
16044.8
16044.8
16014.2
16007.5
16007.5
16006.8
16006.8
16006.8
15999.7
15990.8
15990.8
15990.8
15978
15978
15978
15978
15978
15978
15978
15978
15978
15978
15972.9
15972.9
15953.7
15953.7
15953.7
15953.7
15953.7
15953.7
15940.9
15940.9
15940.9
15932.8
15932.8
15873.9
15859.1
15859.1
15505.5
15294.9
15294.9
15294.9
15294.9
15294.9
15157.5
15078.2
15078.2
15078.2
15078.2
15078.2
15078.2
15078.2
15078.2
15078.2
15046.7
15046.7
14966.7
14966.7
14966.7
14230.1
14230.1
14230.1
13951.3
13951.3
13951.3
13951.3
13951.3
13900.3
13900.3
13874.1
13874.1
13874.1
13874.1
13874.1
13874.1
13874.1
13874.1
13874.1
13858.8
13858.8
13849.7
13849.7
13849.7
13849.7
13766.6
13766.6
13738.1
13738.1
13738.1
13738.1
13703.4
13636.4
13636.4
13636.4
13636.4
13636.4
13636.4
13636.4
13636.4
13636.4
13636.4
13636.4
13636.4
13636.4
13636.4
13636.4
13636.4
13589.2
13519.4
13519.4
13519.4
13423.7
13423.7
13423.7
13423.7
13423.6
13423.6
13392
13392
13392
13392
13392
13392
13392
13392
13392
13392
13392
13392
13310
13257.1
13257.1
13257
13257
13257
13255.1
13178.7
13178.7
13178.7
13178.7
13178.7
13178.7
13178.7
13178.7
13131.2
13096.6
13096.6
13096.6
13096.6
13096.6
13096.6
13096.6
10966.4
10966.4
10966.4
10966.4
10758.8
10758.8
10758.8
10758.8
10758.8
10758.8
10758.8
10758.8
10758.8
10758.8
10758.8
10758.8
10758.8
10758.8
10758.8
10758.8
10758.8
10758.8
10758.8
10748.3
10748.3
10740.8
10740.8
10740.8
10706.9
10706.9
10706.9
10706.9
10706.9
10706.9
10706.9
10451.9
10451.9
10443.5
10443.5
10443.5
10443.5
10443.5
10443.5
10418.2
10418.2
10418.2
10383.4
10383.4
10383.4
10383.4
10383.4
10383.4
10383.4
10383.4
10383.4
10383.4
10352.9
10352.9
10352.9
10352.9
10352.9
10229.7
10148.1
10148.1
10148.1
10148.1
10148.1
10148.1
10148.1
10148.1
10148.1
10148.1
10148.1
10148.1
10148.1
10148.1
10148.1
10148.1
10148.1
10148.1
10148.1
10148.1
10148.1
10148.1
10146.7
10139.8
10139.8
10139.8
10139.8
10136.4
10001.9
10001.9
10001.9
10001.9
10001.9
10001.9
10001.9
10001.9
10001.9
10001.9
10001.9
10001.9
10001.9
10001.9
10001.9
10001.9
9328.88
9328.88
9328.88
9328.88
9328.88
9328.88
9328.88
9328.88
9193.16
9193.16
9193.16
9190.59
9190.59
9190.59
9190.59
9190.59
9190.59
9190.59
9154.95
9154.95
9154.95
9154.95
9154.95
9154.95
9154.95
9136.82
9136.82
9132.34
9132.34
9132.34
9110.35
9110.35
9110.35
9110.35
9110.35
9110.35
9110.35
9110.35
9108.88
9108.88
9108.88
9108.88
9075.22
9075.22
9035.67
9008.81
9008.81
9008.81
9008.81
9008.81
9008.81
9008.81
9008.81
9008.81
9008.81
8981.43
8981.19
8981.19
8981.19
8981.19
8981.19
8981.19
8981.19
8981.19
8979.85
8979.85
8979.17
8979.17
8979.17
8979.17
8971.75
8971.75
8971.75
8971.75
8971.75
8971.75
8971.75
8971.75
8917.03
8917.03
8917.03
8917.03
8917.03
8917.03
8917.03
8917.03
8917.03
8917.03
8917.03
8764.69
8764.69
8764.69
8764.69
8764.69
8764.69
8506.83
8506.83
8506.83
8506.83
8481.74
8481.74
8481.74
8481.74
8475.97
8475.97
8475.97
8262.62
8262.62
8262.62
8262.62
8239.47
8239.47
8223.63
8223.63
8209.96
8185.72
8185.72
8185.72
8185.72
8183.96
8183.96
8183.96
8165.6
8165.6
8165.6
8165.6
8129.26
8129.26
8129.26
8115.07
8115.07
8115.07
8115.07
8115.07
8115.07
8102.45
8102.45
8096.3
8096.3
8096.3
8096.3
8096.3
8096.26
8096.26
8096.26
8096.26
8096.26
8096.26
8096.26
8091.83
8091.83
8091.83
8091.83
8091.83
8091.83
8091.83
8091.83
8091.83
8082.74
8082.74
8082.74
8082.74
8082.74
8082.74
8082.74
8078.84
8078.84
8077.7
8069.84
8041.95
8010.47
8010.47
8010.47
8010.47
7956.67
7956.67
7901.76
7901.76
7901.76
7901.76
7901.76
7901.76
7901.76
7901.76
7901.76
7894.92
7867.97
7776.15
7776.15
7776.15
7776.15
7776.15
7773.9
7773.9
7773.9
7773.9
7773.9
7773.9
7773.9
7773.9
7773.9
7773.9
7773.9
7768.95
7760.92
7750.63
7750.63
7750.63
7750.63
7750.63
7750.63
7750.63
7750.63
7750.63
7709.9
7709.9
7709.9
7709.9
7709.9
7709.9
7703.57
7703.57
7691.15
7691.15
7691.15
7691.15
7682.46
7682.46
7682.46
7682.46
7682.46
7665.98
7665.98
7665.98
7665.98
7665.98
7663.92
7663.92
7603.92
7603.92
7603.92
7603.92
7586.36
7586.36
7586.36
7586.36
7586.36
7534.09
7534.09
7534.09
7534.09
7534.09
7534.09
7534.09
7534.09
7534.09
7534.09
7534.09
7534.09
7534.09
7534.09
7522.84
7522.84
7522.84
7522.84
7508.29
7508.29
7508.29
7506.93
7506.93
7506.93
7506.93
7506.93
7491.38
7491.38
7491.38
7491.38
7491.38
7491.38
7487.05
7487.05
7487.05
7487.05
7487.05
7487.05
7487.05
7487.05
7487.05
7487.05
7454.8
7454.8
7440.44
7440.44
7440.44
7440.44
7426.84
7426.84
7426.84
7426.84
7414.57
7336.83
7336.83
7336.83
7336.83
7336.83
7336.83
7336.83
7336.83
7333.12
7333.12
7333.12
7333.03
7333.03
7317.98
7317.98
7317.98
7317.98
7317.98
7317.98
7317.98
7315.13
7314.86
7302.51
7302.51
7296.44
7296.44
7296.44
7296.06
7296.06
7296.06
7296.06
7296.06
7296.06
7296.06
7296.06
7296.06
7296.06
7288.05
7288.05
7288.05
7281
7281
7281
7271.66
7271.66
7271.66
7271.66
7271.66
7271.66
7271.66
7271.66
7271.66
7271.66
7271.66
7271.66
7271.66
7259.46
7259.46
7259.46
7252.49
7236.41
7236.41
7236.41
7236.41
7236.41
7236.41
7236.41
7236.41
7236.41
7236.41
7232.14
7232.14
7228.69
7228.69
7228.22
7228.22
7228.22
7228.22
7228.22
7228.22
7228.22
7228.22
7228.22
7221.48
7220.72
7220.72
7220.72
7219.84
7208.83
7207.74
7207.74
7207.74
7207.74
7207.74
7205.02
7205.02
7183.37
7183.37
7183.37
7175.81
7175.81
7175.81
7140.2
7140.2
7140.2
7112.94
7075.81
7075.81
7075.81
7075.81
7075.81
7075.81
7060.64
7060.64
7060.64
7053.27
7053.27
7053.27
7053.27
7051.72
7051.72
7051.72
7051.72
7051.72
7046.6
7046.6
7046.45
7046.45
7035.45
7035.45
7035.45
7023.77
7023.77
7023.77
7018.91
7018.91
7018.91
7018.91
7018.91
7018.91
7018.91
7018.91
7018.91
7017.34
7017.34
7017.34
7012.49
7012.49
6994.94
6994.94
6994.94
6994.94
6994.94
6989.92
6989.92
6989.92
6988.81
6988.81
6988.81
6988.81
6987.47
6987.47
6987.47
6966.11
6966.11
6966.11
6966.11
6965.82
6965.82
6965.82
6953.12
6953.12
6953.12
6953.12
6933.04
6933.04
6933.04
6933.04
6902.82
6902.82
6902.82
6885.53
6885.53
6885.53
6885.53
6885.53
6885.53
6885.53
6885.53
6885.53
6885.53
6885.53
6885.53
6885.53
6885.53
6885.53
6883.54
6883.54
6883.54
6883.36
6883.36
6883.36
6883.36
6883.36
6883.36
6883.36
6883.36
6883.36
6883.36
6883.36
6882.65
6882.46
6882.46
6882.46
6882.46
6881.78
6881.78
6881.78
6881.78
6881.78
6881.78
6881.78
6881.78
6881.78
6881.77
6881.77
6881.77
6881.77
6881.77
6881.77
6881.77
6881.77
6881.51
6881.51
6876.59
6876.59
6876.59
6876.59
6876.59
6876.59
6876.59
6876.59
6876.59
6876.59
6873.28
6873.28
6873.28
6873.28
6873.28
6873.28
6873.28
6873.28
6873.28
6834.76
6834.76
6834.76
6834.76
6834.76
6825.15
6825.15
6817.44
6817.44
6805.84
6805.84
6805.84
6805.84
6805.84
6805.07
6800.19
6800.19
6800.19
6769.1
6769.1
6769.1
6769.1
6769.1
6769.1
6769.1
6755.45
6755.45
6755.45
6755.45
6750.21
6750.21
6750.21
6746.95
6746.95
6743.51
6743.51
6743.51
6743.51
6743.51
6743.51
6743.51
6743.51
6743.51
6743.51
6739.01
6737.08
6737.08
6737.08
6736.54
6736.54
6736.54
6736.54
6736.54
6734.87
6734.87
6715.63
6715.63
6715.63
6715.63
6715.63
6715.63
6715.63
6715.63
6715.63
6700.27
6698.39
6698.39
6698.39
6698.39
6698.39
6698.39
6676.18
6676.03
6676.03
6645.82
6645.82
6645.82
6623.59
6623.59
6623.59
6623.59
6623.59
6623.59
6623.59
6623.59
6623.59
6623.59
6622.85
6622.85
6622.85
6622.37
6622.37
6601.66
6601.66
6590.96
6590.96
6590.96
6590.96
6590.96
6590.96
6590.96
6590.96
6567.99
6567.99
6567.99
6538.92
6538.92
6538.92
6535.29
6535.29
6535.29
6535.29
6535.29
6535.29
6535.29
6535.29
6535.29
6535.29
6535.29
6535.29
6535.29
6535.29
6535.14
6535.14
6528.29
6528.29
6528.29
6524.58
6524.58
6524.58
6524.58
6524.58
6524.58
6524.58
6492.27
6492.27
6492.27
6492.27
6492.27
6492.27
6492.27
6492.27
6479.37
6479.37
6479.37
6479.37
6479.37
6479.37
6479.37
6479.31
6479.31
6479.31
6479.31
6479.31
6479.31
6479.31
6477.59
6477.59
6474.21
6474.21
6474.21
6474.21
6447.64
6447.64
6447.64
6447.64
6447.64
6447.64
6431.94
6431.94
6431.94
6431.87
6431.87
6431.87
6431.87
6431.87
6431.87
6431.87
6431.87
6431.87
6431.87
6431.87
6431.87
6431.87
6431.87
6431.87
6431.87
6431.87
6431.87
6431.87
6431.87
6431.87
6431.87
6431.87
6431.87
6428
6428
6428
6416.06
6389.11
6389.11
6389.11
6389.11
6389.11
6389.11
6389.11
6389.11
6389.11
6389.11
6389.11
6389.11
6388.81
6388.81
6388.81
6387.17
6385.91
6370.28
6370.28
6370.28
6370.28
6369.67
6369.67
6369.67
6369.67
6369.67
6369.67
6369.67
6353.93
6353.93
6353.93
6353.93
6353.36
6353.36
6353.36
6347.8
6346.88
6344.37
6333.67
6333.67
6333.67
6333.67
6333.67
6333.67
6333.67
6332.89
6332.89
6332.89
6332.89
6332.89
6328.65
6328.65
6328.65
6326.76
6319.44
6319.44
6279.3
6279.3
6279.3
6279.3
6279.3
6279.3
6279.3
6279.3
6279.3
6279.3
6279.3
6272.88
6272.88
6272.88
6272.88
6272.88
6272.88
6263.27
6262.69
6262.69
6262.69
6262.69
6262.69
6262.69
6262.69
6262.69
6262.69
6262.69
6262.69
6262.69
6262.69
6258.6
6246.05
6232.53
6232.53
6229.76
6220.15
6220.15
6220.15
6209.74
6209.74
6209.74
6205.03
6205.03
6196.38
6196.38
6196.38
6196.38
6196.38
6194.1
6194.1
6194.1
6194.1
6194.1
6194.1
6194.1
6194.1
6193.88
6193.88
6190.41
6190.41
6190.41
6190.41
6190.41
6190.41
6190.41
6190.41
6178.26
6178.26
6178.26
6178.26
6178.26
6178.26
6178.26
6178.26
6178.26
6174.47
6170.23
6164.37
6164.37
6164.37
6160.19
6160.18
6160.18
6160.18
6160.18
6160.18
6160.18
6160.18
6160.18
6160.18
6160.18
6160.18
6160.18
6160.18
6160.18
6160.18
6160.18
6160.18
6160.18
6160.18
6160.18
6141.72
6134.56
6133.33
6133.33
6122.38
6122.38
6117.62
6117.62
6117.62
6117.62
6117.62
6102.69
6102.69
6102.69
6102.69
6102.69
6102.69
6102.69
6102.69
6102.69
6102.69
6102.69
6089.27
6089.27
6089.27
6089.27
6089.27
6089.27
6089.27
6089.27
6089.27
6089.27
6089.27
6089.27
6089.27
6086.37
6086.37
6084.8
6084.8
6084.8
6063.41
6063.41
6063.41
6063.41
6063.41
6063.41
6063.41
6063.41
6063.41
5881.67
5881.67
5881.67
5881.67
5881.67
5881.67
5854.66
5854.66
5854.66
5854.66
5854.66
5854.66
5854.66
5854.66
5854.66
5850.17
5850.17
5850.17
5850.17
5849.08
5849.08
5849.08
5839.45
5839.45
5839.45
5826.91
5826.91
5826.91
5826.6
5826.6
5826.6
5826.6
5826.6
5821.48
5821.48
5821.48
5821.48
5821.48
5821.48
5795.93
5795.93
5795.93
5795.93
5795.93
5795.93
5795.93
5795.93
5795.93
5795.93
5795.93
5795.93
5793.02
5793.02
5793.02
5793.02
5793.02
5793.02
5793.02
5793.02
5787.97
5787.97
5769.1
5769.1
5769.1
5758.77
5758.77
5758.77
5758.77
5758.77
5758.77
5758.77
5758.77
5758.77
5758.77
5758.77
5758.77
5758.77
5758.77
5757.3
5757.3
5757.3
5757.3
5757.3
5757.3
5757.3
5757.3
5757.3
5757.3
5757.3
5754.51
5750.75
5742.75
5742.75
5742.75
5741.64
5741.64
5741.64
5741.64
5741.64
5741.64
5738.8
5723.62
5723.62
5723.62
5709.4
5709.4
5709.4
5709.4
5709.4
5709.4
5709.4
5709.4
5709.4
5709.4
5709.4
5709.4
5709.4
5709.4
5709.4
5709.4
5709.4
5709.4
5708.72
5708.72
5708.72
5706.31
5706.31
5704.71
5704.16
5704.16
5704.16
5704.16
5704.16
5702.16
5702.16
5692.86
5692.86
5692.86
5692.86
5680.24
5680.24
5680.24
5680.24
5680.24
5680.24
5676.3
5676.3
5669.46
5669.46
5656.49
5656.49
5652.62
5652.62
5652.62
5652.62
5652.23
5652.23
5652.23
5645.13
5645.13
5645.13
5645.13
5645.13
5645.13
5645.13
5642.76
5642.76
5642.76
5642.76
5642.76
5642.76
5642.76
5642.76
5642.76
5642.76
5642.76
5642.76
5642.76
5642.56
5642.56
5642.56
5642.56
5640.04
5640.04
5640.04
5639.12
5639.12
5639.12
5639.12
5639.12
5639.12
5639.12
5628.62
5628.62
5628.62
5628.62
5628.62
5628.62
5628.62
5628.62
5628.62
5628.62
5628.62
5623.61
5620.1
5620.1
5620.1
5620.1
5620.1
5618.22
5618.22
5618.18
5618.18
5618.18
5618.18
5618.18
5616.08
5616.08
5615.4
5615.4
5594.59
5594.59
5594.59
5574.11
5572.8
5572.8
5572.78
5572.78
5572.78
5572.78
5572.78
5572.78
5572.78
5570.84
5570.84
5570.84
5570.84
5570.84
5570.84
5570.84
5570.84
5570.84
5570.84
5570.84
5570.84
5570.84
5565.72
5565.72
5565.72
5565.72
5565.72
5565.72
5565.72
5565.72
5565.72
5565.72
5565.72
5565.72
5565.06
5565.06
5565.06
5565
5562.67
5556.54
5556.54
5556.54
5556.54
5556.54
5556.54
5556.54
5556.54
5556.54
5533.66
5533.66
5525.35
5522.22
5516.15
5516.15
5512.51
5512.51
5512.51
5512.51
5512.51
5512.51
5512.51
5512.51
5512.51
5501.32
5501.32
5501.32
5501.32
5501.32
5500.7
5500.7
5499.09
5499.09
5499.09
5499.09
5499.09
5497.14
5497.14
5497.14
5497.14
5495.57
5495.57
5491.67
5491.67
5491.67
5491.67
5486.92
5483.98
5483.98
5483.98
5483.98
5483.98
5483.98
5483.98
5483.98
5481.88
5481.88
5481.88
5481.63
5481.63
5481.63
5481.63
5475.37
5475.37
5475.37
5475.37
5475.37
5475.37
5475.37
5460.77
5460.77
5460.77
5460.77
5460.77
5457.63
5457.63
5457.63
5457.63
5457.63
5457.63
5457.63
5457.63
5457.63
5457.63
5457.63
5457.63
5457.63
5456.63
5456.63
5456.63
5456.63
5456.63
5456.63
5456.63
5456.63
5456.63
5440.15
5440.15
5438.12
5438.12
5438.12
5438.12
5438.12
5438.12
5438.12
5438.12
5432.32
5431.94
5431.26
5431.26
5431.26
5429.21
5429.21
5429.21
5429.21
5429.21
5429.21
5429.21
5429.07
5429.07
5425.45
5425.45
5422.61
5422.61
5421.71
5421.71
5420.6
5419.06
5412.17
5412.17
5412.17
5412.17
5412.17
5411.1
5411.1
5411.1
5411.1
5411.1
5411.1
5411.1
5411.1
5408.49
5408.49
5407.68
5407.68
5407.68
5407.68
5400.05
5397.48
5397.48
5397.48
5397.48
5397.48
5397.48


-3.33955
-3.62187
-3.55548
-3.5356
-3.46857
-3.32591
-3.30694
-4.16703
-3.88429
-2.59219
-2.60289
-2.48927
-1.7613
-1.34929
-0.725688
-0.238547
-0.59971
-0.669864
-3.82361
-6.47016
-6.46773
-6.18396
-4.29935
-4.24863
-3.89683
-3.1098
-2.55302
-1.12924
-0.163671
-8.03434

0.046

