372699
372699
372699
249522
266135
266135
266135
266135
266135
266135
216794
216794
216794
216794
216794
251545
236949
236949
251545
225286
216018
216018
216018
104468
104468
104468
104468
104468
104468
104468
104468
104468
104468
86751.7
86751.7
86751.7
89614.5
89614.5
89614.5
89614.5
82669.1
82669.1
82669.1
82669.1
82669.1
82669.1
82669.1
89614.5
89614.5
89614.5
71830.1
71830.1
71830.1
71830.1
71830.1
71830.1
71830.1
71830.1
71830.1
71830.1
71830.1
71830.1
71830.1
71830.1
71830.1
71830.1
71830.1
67442
67442
67442
67442
67442
67442
47612.1
67442
67442
67442
67442
67442
60026.2
60026.2
60026.2
60026.2
60026.2
60026.2
60026.2
60026.2
60026.2
60026.2
56598.2
56598.2
56598.2
56598.2
56598.2
56598.2
56598.2
56598.2
56598.2
42510.4
42510.4
42510.4
42510.4
44770.5
44770.5
42750.4
42750.4
33535.2
33535.2
33535.2
33535.2
33535.2
33535.2
28770.9
28770.9
28770.9
28770.9
28770.9
28770.9
27165.9
28770.9
28770.9
28770.9
28770.9
28770.9
28770.9
28770.9
28770.9
28770.9
28770.9
28770.9
28770.9
28770.9
28770.9
32931.8
29151.1
26093.5
26093.5
26093.5
26093.5
26093.5
26093.5
26093.5
26093.5
26093.5
26093.5
26093.5
26093.5
19622.1
19622.1
19622.1
19622.1
19622.1
19622.1
19622.1
19622.1
19622.1
19622.1
19622.1
19622.1
19622.1
19622.1
19622.1
19622.1
19622.1
21762.9
21762.9
21762.9
22878
22878
22878
13461.9
13461.9
13461.9
13461.9
12906
12906
12906
12906
12906
12906
12906
12906
12906
12906
12906
12906
12906
12247.1
12247.1
12247.1
12247.1
12247.1
12247.1
10608.2
10608.2
10608.2
10608.2
10454.7
8993.35
8993.35
8993.35
8993.35
8993.35
8993.35
8993.35
8993.35
8993.35
8993.35
8993.35
9653.58
9653.58
9653.58
9653.58
9653.58
9653.58
9653.58
9246.27
9246.27
9246.27
9246.27
9246.27
5225.42
5225.42
5225.42
5225.42
5225.42
5225.42
5225.42
5225.42
5225.42
5225.42
5225.42
5225.42
5225.42
5225.42
5225.42
5225.42
5225.42
5225.42
5225.42
5225.42
5225.42
5225.42
5225.42
5225.42
5225.42
5225.42
5225.42
5225.42
5225.42
5225.42
5225.42
5225.42
5225.42
5225.42
5225.42
5225.42
5225.42
5225.42
5225.42
5225.42
5225.42
5225.42
5225.42
5225.42
5572.63
5572.63
5319.73
5319.73
5319.73
5319.73
5572.63
4597.57
4597.57
4597.57
4597.57
4597.57
4597.57
4597.57
4597.57
4938.51
4829.32
4829.32
4845.79
4845.79
4845.79
4845.79
4845.79
3960.97
3960.97
3960.97
4638.46
4638.46
4638.46
4638.46
4638.46
4638.46
4638.46
4638.46
4638.46
4638.46
4638.46
4638.46
4638.46
4638.46
4638.46
4638.46
4652.52
2146.93
2146.93
2146.93
2146.93
2146.93
2146.93
2146.93
2146.93
2146.93
2146.93
2146.93
2146.93
2146.93
1968.82
1968.82
1968.82
1968.82
1968.82
1968.82
1968.82
1968.82
1968.82
1968.82
1968.82
1968.82
1968.82
1968.82
1968.82
1968.82
1968.82
1968.82
1968.82
1968.82
1968.82
1968.82
1968.82
1968.82
1968.82
1207.91
1207.91
1207.91
1207.91
1207.91
1207.91
1207.91
1207.91
1207.91
1207.91
1207.91
1207.91
1207.91
1207.91
1207.91
1207.91
1207.91
1207.91
1207.91
1207.91
1207.91
1207.91
1207.91
1207.91
1207.91
1207.91
1207.91
1207.91
1207.91
1207.91
1207.91
1207.91
1207.91
1207.91
1207.91
1207.91
1207.91
1207.91
1207.91
1207.91
1207.91
1207.91
1207.91
1207.91
1207.91
1207.91
1207.91
1207.91
1207.91
1207.91
1207.91
1207.91
1207.91
1207.91
1207.91
1207.91
1207.91
1207.91
1207.91
1207.91
1207.91
1207.91
1207.91
1207.91
1207.91
1207.91
1207.91
1207.91
1207.91
1207.91
1207.91
1207.91
1207.91
1207.91
1207.91
1207.91
1207.91
1207.91
1207.91
1207.91
1207.91
1207.91
1207.91
1207.91
1207.91
1207.91
1207.91
1207.91
1207.91
1207.91
1207.91
1207.91
1207.91
1207.91
1207.91
1207.91
1207.91
1207.91
1207.91
1207.91
1207.91
1207.91
1207.91
1207.91
1925.62
1925.62
1925.62
1925.62
1925.62
1925.62
1411.84
1411.84
1416.94
1416.94
1925.62
1925.62
1925.62
1925.62
1925.62
1925.62
2224.26
2224.26
1541.88
1216.84
1216.84
1216.84
1216.84
1216.84
1349.4
1349.4
1349.4
1349.4
1349.4
1349.4
1349.4
1349.4
1349.4
1349.4
1349.4
1349.4
1349.4
1349.4
1349.4
1349.4
1349.4
923.721
923.721
923.721
923.721
1114.27
1114.27
1114.27
1114.27
993.708
993.708
993.708
993.708
993.708
993.708
1040.79
1040.79
1040.79
816.819
816.819
816.819
816.819
816.819
816.819
816.819
816.819
816.819
816.819
816.819
816.819
816.819
816.819
816.819
816.819
816.819
816.819
816.819
816.819
1179.49
1179.49
1179.49
1179.49
1288.31
1288.31
1288.31
1122.86
1288.31
1288.31
1288.31
1288.31
1288.31
1288.31
1288.31
1255.73
979.289
979.289
979.289
979.289
979.289
979.289
979.289
979.289
979.289
856.992
856.992
856.992
979.289
979.289
1041.89
1041.89
1041.89
1041.89
1041.89
770.56
770.56
770.56
770.56
770.56
770.56
770.56
770.56
770.56
770.56
959.12
959.12
959.12
959.12
959.12
959.12
959.12
890.763
692.605
692.605
692.605
692.605
692.605
692.605
692.605
692.605
370.944
370.944
370.944
370.944
370.944
370.944
370.944
370.944
370.944
370.944
370.944
370.944
370.944
370.944
370.944
370.944
370.944
370.944
370.944
370.944
572.671
572.671
572.671
539.063
539.063
539.063
539.063
539.063
479.053
539.063
539.063
539.063
539.063
539.063
692.605
692.605
692.605
692.605
582.944
582.944
547.12
547.12
547.12
582.944
582.944
582.944
582.944
582.944
454.115
454.115
454.115
454.115
454.115
354.239
354.239
354.239
354.239
354.239
354.239
354.239
354.239
383.022
383.022
383.022
383.022
383.022
383.022
383.022
383.022
383.022
383.022
383.022
383.022
383.022
246.528
246.528
246.528
246.528
246.528
246.528
246.528
230.092
230.092
230.092
230.092
230.092
230.092
230.092
230.092
230.092
230.092
230.092
230.092
230.092
230.092
230.092
230.092
230.092
230.092
230.092
230.092
230.092
230.092
230.092
230.092
230.092
230.092
230.092
230.092
230.092
230.092
230.092
230.092
230.092
230.092
230.092
230.092
230.092
230.092
344.538
344.538
344.538
344.538
344.538
344.538
344.538
344.538
344.538
244.311
244.311
244.311
244.311
244.311
244.311
244.311
244.311
244.311
244.311
244.311
244.311
244.311
244.311
244.311
244.311
244.311
244.311
244.311
244.311
244.311
244.311
244.311
244.311
244.311
244.311
244.311
244.311
244.311
244.311
244.311
244.311
244.311
244.311
244.311
244.311
244.311
244.311
244.311
244.311
244.311
244.311
244.311
269.873
269.873
269.873
269.873
269.873
269.873
269.873
269.873
294.036
294.036
294.036
294.036
294.036
294.036
294.036
294.036
294.036
294.036
294.036
294.036
224.196
224.196
224.196
224.196
224.196
224.196
294.036
294.036
294.036
294.036
294.036
294.036
294.036
294.036
294.036
294.036
294.036
236.186
236.186
236.186
236.186
236.186
236.186
236.186
236.186
236.186
236.186
236.186
236.186
236.186
235.936
235.936
235.936
235.936
235.936
235.936
235.936
235.936
235.936
226.452
226.452
226.452
192.384
192.384
192.384
192.384
192.384
192.384
192.384
192.384
192.384
192.384
192.384
192.384
192.384
192.384
192.384
192.384
192.384
192.384
192.384
192.384
192.384
192.384
192.384
192.384
192.384
192.384
192.384
192.384
192.384
234.723
234.723
234.723
234.723
234.723
234.723
262.128
262.128
262.128
262.128
262.128
267.73
267.73
267.73
267.73
181.794
181.794
181.794
181.794
181.794
181.794
181.794
181.794
181.794
181.794
181.794
181.794
181.794
181.794
181.794
181.794
181.794
181.794
181.794
181.794
181.794
244.754
244.754
220.872
220.872
220.872
220.872
220.872
220.872
264.908
264.908
264.908
169.089
169.089
169.089
240.503
224.337
224.337
224.337
224.337
224.337
224.337
165.305
165.305
165.305
165.305
165.305
165.305
165.305
174.195
174.195
174.195
174.195
174.195
174.195
174.195
174.195
174.195
174.195
174.195
174.195
193.49
193.49
193.49
193.49
193.49
193.49
199.466
199.466
199.466
199.466
199.466
199.466
199.466
199.466
199.466
199.466
199.466
199.466
199.466
199.466
199.466
199.466
199.466
199.466
199.466
183.628
183.628
183.628
183.628
183.628
122.21
122.21
122.21
122.21
122.21
122.21
122.21
122.21
122.21
122.21
122.21
122.21
122.21
122.21
122.21
122.21
122.21
122.21
122.21
122.21
122.21
122.21
122.21
122.21
122.21
122.21
131.823
111.588
111.588
111.588
111.588
111.588
131.823
131.823
131.823
131.823
131.823
131.823
131.823
131.823
131.823
131.823
131.823
131.823
131.823
124.321
124.321
124.321
124.321
124.321
124.321
124.321
124.321
124.321
124.321
124.321
124.321
124.321
124.321
131.823
131.823
142.417
142.417
142.417
142.417
142.417
144.428
144.428
144.428
144.428
144.428
144.428
140.257
140.257
140.257
140.257
140.257
140.257
140.257
140.257
140.257
140.257
140.257
140.257
140.257
140.257
140.257
140.257
136.309
136.309
136.309
136.309
136.309
136.309
122.193
122.193
122.193
122.193
122.193
122.193
122.193
122.193
122.193
122.193
122.193
122.193
122.193
122.193
122.193
122.193
122.193
122.193
122.193
122.193
122.193
122.193
122.193
122.193
122.193
122.193
122.193
134.259
134.259
134.259
134.259
134.259
134.259
134.259
134.259
134.259
133.91
133.91
133.91
133.91
133.91
133.91
133.91
133.592
133.592
115.356
115.356
115.356
115.356
115.356
115.356
115.356
115.356
115.356
115.356
115.356
115.356
115.356
115.356
115.356
115.356
115.356
115.356
115.356
115.356
115.356
115.356
115.356
115.356
115.356
115.356
115.356
115.356
115.356
115.356
115.356
115.356
115.356
115.356
115.356
115.356
115.356
115.356
115.356
115.356
115.356
123.136
123.136
123.136
109.16
123.136
123.136
123.136
123.136
123.136
123.136
123.136
123.136
123.136
123.136
123.136
123.136
123.136
123.136
123.136
123.136
123.136
123.136
123.136
123.136
123.136
123.136
123.136
123.136
124.867
124.867
124.867
130.156
130.156
130.156
130.156
130.156
99.7421
99.7421
99.7421
99.7421
99.7421
99.7421
99.7421
99.7421
99.7421
93.685
93.685
93.685
93.685
93.685
93.685
93.685
84.6461
84.6461
84.6461
84.6461
84.6461
84.6461
84.6461
84.6461
84.6461
84.6461
84.6461
86.5885
86.5885
86.5885
96.5336
96.5336
96.5336
96.5336
96.5336
96.5336
96.5336
96.5336
96.5336
96.5336
96.5336
96.5336
96.5336
96.5336
96.5336
96.5336
96.5336
96.5336
96.5336
96.5336
96.5336
96.5336
117.479
117.479
117.479
88.3182
88.3182
88.3182
88.3182
88.3182
88.3182
84.3434
84.3434
84.3434
84.3434
84.3434
84.3434
88.3182
88.3182
88.3182
88.3182
88.3182
88.3182
88.3182
88.3182
88.3182
88.3182
88.3182
88.3182
88.3182
88.3182
88.3182
88.3182
88.3182
88.3182
88.3182
101.28
101.28
95.1538
95.1538
95.1538
95.1538
95.1538
95.1538
95.1538
101.28
93.9134
93.9134
93.9134
93.9134
93.9134
93.9134
93.9134
93.9134
101.28
101.28
101.28
101.28
101.28
101.28
101.28
101.28
101.28
101.28
101.28
101.28
101.28
101.28
92.5488
92.5488
92.5488
92.5488
92.5488
92.5488
92.5488
92.5488
92.5488
92.5488
92.5488
92.5488
92.5488
92.5488
92.5488
92.5488
92.5488
92.5488
92.5488
92.5488
92.5488
92.5488
92.5488
92.5488
92.5488
92.5488
92.5488
92.5488
94.8256
94.8256
97.3018
81.7701
81.7701
81.7701
95.4778
95.4778
95.4778
87.6911
87.6911
87.6911
87.6911
87.6911
95.4778
95.4778
95.4778
95.4778
95.4778
95.4778
95.4778
95.4778
95.4778
89.2505
89.2505
89.2505
89.2505
89.2505
89.2505
89.2505
89.2505
89.2505
89.2505
89.2505
82.7121
82.7121
82.7121
89.2505
91.3967
91.3967
91.3967
91.3967
91.3967
91.3967
83.984
83.984
83.984
83.984
83.984
83.984
83.984
83.984
83.984
83.984
83.984
83.984
83.984
83.984
83.984
83.984
83.984
83.984
98.2643
98.2643
98.2643
67.0062
67.0062
67.0062
67.0062
67.0062
67.0062
67.0062
67.0062
67.0062
67.0062
67.0062
67.0062
67.0062
67.0062
67.0062
67.0062
67.0062
67.0062
67.0062
67.0062
67.0062
67.0062
67.0062
67.0062
67.0062
74.1026
73.7337
73.7337
73.7337
73.7337
73.7337
68.984
68.984
68.984
68.984
68.984
68.984
68.984
68.984
68.984
68.984
68.984
68.984
68.984
68.984
68.984
68.984
68.984
68.984
68.984
68.984
68.984
68.984
68.984
68.984
68.984
68.984
68.984
68.984
68.984
68.984
68.984
68.984
68.984
68.984
68.984
68.984
68.984
68.984
68.984
75.6849
75.6849
67.5098
67.5098
67.5098
67.5098
67.5098
67.5098
67.5098
67.5098
67.5098
67.5098
67.5098
67.5098
67.9177
67.9177
67.9177
67.9177
66.2458
66.2458
66.2458
66.2458
66.2458
66.2458
66.2458
66.2458
66.2458
66.2458
66.2458
66.2458
68.1481
68.1481
68.1481
68.1481
68.1481
68.1481
68.1481
68.1481
68.1481
68.1481
65.552
65.552
65.552
65.552
65.552
65.552
65.552
65.552
65.552
65.552
65.9743
65.9743
65.9743
65.9743
65.9743
65.9743
65.9743
65.9743
65.9743
65.9743
65.9743
65.9743
65.9743
65.9743
68.1481
62.6635
62.6635
59.3233
59.3233
59.3233
59.3233
59.3233
59.3233
59.3233
59.3233
59.3233
59.3233
59.3233
59.3233
59.3233
59.3233
59.3233
59.3233
59.3233
59.3233
59.3233
59.3233
59.3233
62.6635
62.6635
62.6635
62.6635
62.6635
62.9973
62.9973
62.9973
62.9973
62.9973
60.2832
60.2832
57.3445
57.3445
57.3445
57.3445
57.3445
57.3445
57.3445
57.3445
57.3445
57.3445
57.3445
57.3445
57.3445
57.3445
57.3445
57.3445
57.3445
60.8823
60.8823
60.8823
60.8823
60.8823
60.8823
60.8823
60.8823
61.7821
61.7821
61.7821
60.9468
60.9468
60.9468
60.9468
60.9468
60.9468
60.9468
60.9468
60.9468
60.9468
55.7637
55.7637
55.7637
55.7637
55.7637
55.7637
55.7637
55.7637
55.7637
55.7637
53.4558
53.4558
53.4558
53.4558
53.4558
53.4558
53.4558
53.4558
53.4558
53.4558
53.4558
53.4558
53.4558
55.7637
55.7637
55.7637
55.7637
56.8955
56.8955
56.8955
56.8955
56.8955
56.8955
56.8955
56.8955
56.8955
56.8955
56.8955
56.8955
56.8955
56.8955
56.8955
56.8955
60.0476
60.0476
60.0476
60.0476
57.5614
57.5614
54.8323
54.8323
54.8323
54.8323
54.8323
54.8323
54.8323
54.8323
54.8323
54.8323
54.8323
54.8323
54.8323
54.8323
54.8323
54.8323
54.8323
54.8323
54.8323
54.8323
54.8323
54.8323
54.8323
54.8323
55.3977
55.3977
55.3977
55.3977
55.3977
55.3977
55.3977
55.3977
55.3977
55.3977
55.3977
55.3977
55.3977
55.3977
55.3977
55.3977
55.3977
55.3977
56.7595
56.7595
56.7595
56.7595
56.7595
56.7595
56.7595
56.7595
56.7595
56.7595
56.7595
56.547
56.547
56.547
56.547
56.547
56.547
56.547
56.547
56.547
56.6098
56.6098
56.6098
56.6098
56.6098
56.6098
56.6098
56.6098
56.6098
56.6098
56.6098
56.6098
56.6098
56.6098
55.2914
53.5126
53.5126
53.5126
53.5126
53.5126
53.5126
53.5126
53.5126
53.5126
53.5126
53.5126
53.5126
53.5126
53.5126
53.5126
54.0187
54.0187
54.0187
54.0187
54.7673
54.7673
54.7673
54.7673
54.7673
52.5567
52.5567
52.5567
52.5567
52.5567
52.5567
52.5567
52.5567
52.5567
52.5567
52.5567
52.5567
52.5567
52.5567
52.5567
52.5567
52.5567
52.5567
52.5567
52.5567
52.5567
52.5567
52.5567
52.5567
52.5567
52.5567
52.5567
52.5567
52.5567
52.5567
52.5567
52.5567
52.5567
52.5567
54.7673
54.7673
54.7673
54.7673
54.7673
54.7673
54.7673
53.8426
53.8426
53.8426
53.8426
53.8426
53.8426
53.8426
53.8426
53.8426
53.8426
53.8426
53.8426
53.8426
53.8426
53.8426
53.8426
53.8426
53.8426
53.8426
55.7839
55.7839
55.7839
55.7839
55.7839
55.7839
54.8692
54.8692
52.6705
52.6705
52.6705
52.6705
52.6705
54.5695
54.5695
54.5695
54.5695
54.5695
54.5695
51.8669
51.8669
51.8669
51.8669
51.8669
51.8669
51.8669
51.8669
51.8669
51.8669
51.8669
51.8669
51.8669
51.6905
51.6905
51.6905
51.6905
51.6905
51.6905
51.6905
51.6905
51.6905
48.2713
48.2713
48.2713
48.2713
48.2713
48.2713
48.2713
48.2713
48.2713
50.4927
50.4927
50.4927
50.4927
50.4927
50.4927
50.4927
50.4927
50.4927
50.4927
50.4927
50.4927
50.4927
50.4927
50.4927
50.4927
50.4927
50.4927
50.4927
50.4927
50.4927
50.4927
50.4927
50.183
50.183
50.183
50.183
50.4927
50.4927
50.4927
50.4927
50.4927
50.4927
50.4927
48.0231
48.0231
48.0231
48.0231
48.0231
48.0231
48.0231
48.0231
48.0231
48.0231
50.393
50.393
50.393
50.393
48.3133
48.3133
48.3133
48.3133
48.3133
49.2835
49.2835
49.2835
49.1477
49.1407
49.1407
49.1407
49.1407
49.1407
49.1407
49.1407
49.1407
49.1407
49.1407
48.8206
49.1407
49.1407
49.1407
49.2477
49.2477
49.2477
49.2477
49.2477
49.2477
49.2477
47.5715
47.5715
47.5715
47.5715
47.5715
47.5715
47.5715
47.5715
47.9572
47.9572
47.9572
47.9572
47.1755
47.1755
47.1755
46.731
46.731
46.731
46.731
46.731
46.731
46.731
46.731
46.731
46.731
46.731
46.731
46.731
46.731
46.731
46.7904
46.612
46.612
46.612
46.612
46.612
46.612
46.612
46.612
46.612
46.612
46.612
46.612
46.612
46.612
46.612
46.612
46.612
46.612
46.612
46.612
46.4051
46.4051
46.4051
46.4051
46.4051
46.4051
46.4051
46.4051
46.4051
46.4051
46.4051
46.4051
46.4051
46.3439
46.3439
46.3439
46.3439
46.3439
46.3439


-0.106781
-0.0165124
0.138442
0.180027
0.1548
0.200829
0.216645
0.217577
0.230095
0.214548
-0.00657116
0.182916
0.211748
0.20902
0.216053
0.206753
0.218967
0.109428
0.181723
0.0782209
0.0778878
0.191704
0.219765
0.203568
0.220263
0.219141
0.134872
-0.0198692
-0.540532
-5.61087

0.065

