2857.21
2148.99
2148.99
2148.99
2148.99
2148.99
2148.99
1832.61
1832.61
1832.61
1670.79
1670.79
1670.79
1521.48
1521.48
1521.48
1521.48
1521.48
1521.48
1364.63
1364.63
1364.63
979.385
979.385
979.385
979.385
979.385
979.385
979.385
979.385
979.385
979.385
821.821
821.821
642.58
642.58
642.58
642.58
535.549
535.549
535.549
535.549
535.549
535.549
535.549
535.549
535.549
535.549
520.656
520.656
520.656
311.298
311.298
311.298
311.298
311.298
282.234
251.782
251.782
251.782
251.782
251.782
251.782
251.782
251.782
251.782
251.782
251.782
243.384
207.168
207.168
207.168
207.168
139.6
139.6
139.6
139.6
139.6
139.6
139.6
139.6
139.6
139.6
123.713
123.713
123.713
123.713
123.713
123.713
123.713
123.713
123.713
123.713
123.713
123.713
108.652
108.652
98.8372
98.8372
92.4773
92.4773
91.951
91.951
91.5719
82.8808
72.6839
72.6839
72.6839
72.6839
72.6839
72.6839
72.6839
51.6877
38.3762
38.3762
38.3762
38.3762
22.0832
22.0832
21.0691
21.0691
21.0691
21.0691
21.0691
21.0691
21.0691
21.0691
21.0691
18.3834
14.2684
14.2684
13.923
13.923
13.4278
13.4278
13.4278
9.33178
9.33178
9.33178
9.33178
9.33178
9.33178
9.33178
9.33178
9.33178
9.33178
9.33178
9.33178
9.33178
9.33178
9.33178
9.24365
9.24365
9.24365
9.24365
9.24365
9.24365
7.64536
7.64536
6.33441
6.33441
5.66316
5.66316
5.66316
5.66316
5.66316
5.66316
5.59902
5.59902
5.59902
4.83858
3.85026
3.85026
3.85026
3.85026
3.85026
3.54879
3.54879
3.54879
3.54879
3.54879
3.54879
3.54879
3.54879
3.54879
3.54879
3.54879
3.54879
3.21255
3.15162
3.15162
3.15162
2.77979
2.77979
2.77417
2.77417
2.77417
2.77417
2.6693
2.6693
2.6693
2.6693
2.6693
2.6693
2.6693
2.56895
2.56895
2.56895
2.56895
2.56895
2.44232
2.44232
2.44232
2.44232
2.44232
2.40384
2.40384
2.40384
2.40384
2.40384
2.40384
2.40384
2.40384
2.28934
2.28934
2.28934
2.1991
2.1991
2.14796
2.14796
2.14796
2.14796
2.14796
2.14796
2.14796
2.14796
2.14796
2.14796
2.14796
2.14796
2.14796
2.14706
2.14706
2.14706
2.14706
2.14706
2.14706
2.14706
2.14706
2.14706
2.14706
2.14706
2.14706
2.14706
2.14706
2.14706
2.14706
2.14706
2.14706
2.14706
2.11991
2.11991
2.11991
2.11687
2.11687
2.11687
2.11687
2.11687
2.11575
2.11575
2.11575
2.05616
2.05616
2.05616
2.05616
2.05616
2.05616
2.05616
2.05616
2.05616
2.05616
2.04828
2.04828
2.04828
2.03315
2.03315
2.03315
1.97919
1.97919
1.97919
1.97919
1.97919
1.97919
1.97919
1.97919
1.97919
1.97919
1.96975
1.96975
1.96975
1.96975
1.96975
1.96975
1.94177
1.94177
1.94177
1.94177
1.94177
1.94177
1.94177
1.94177
1.94177
1.94177
1.94177
1.94177
1.94177
1.94177
1.90107
1.90107
1.90107
1.90107
1.90107
1.90107
1.90107
1.90107
1.90107
1.87716
1.87716
1.87716
1.87716
1.87716
1.87716
1.8657
1.8657
1.82674
1.817
1.817
1.817
1.817
1.817
1.817
1.817
1.817
1.817
1.817
1.817
1.817
1.81378
1.81378
1.81378
1.81378
1.81378
1.81378
1.81378
1.81378
1.6639
1.6639
1.6587
1.6587
1.6587
1.6347
1.6347
1.6347
1.6347
1.6347
1.6347
1.6347
1.6347
1.6347
1.6347
1.6347
1.6347
1.6347
1.6347
1.6347
1.6347
1.6347
1.6347
1.6347
1.6347
1.6347
1.6347
1.6347
1.6347
1.6347
1.61023
1.61023
1.61023
1.61023
1.61023
1.61023
1.60407
1.60407
1.60407
1.60407
1.60407
1.60407
1.59957
1.59957
1.59957
1.59957
1.59957
1.59957
1.59497
1.59497
1.59497
1.59497
1.59497
1.59497
1.59497
1.59497
1.59497
1.59497
1.59497
1.59497
1.59063
1.59063
1.59063
1.59063
1.59063
1.59063
1.59063
1.59063
1.59063
1.58905
1.58905
1.58905
1.58905
1.58905
1.56273
1.56273
1.56273
1.56273
1.54131
1.54131
1.54131
1.54131
1.52151
1.52151
1.52151
1.52151
1.52151
1.52151
1.52151
1.52151
1.52151
1.52151
1.52151
1.52151
1.52151
1.52151
1.52151
1.52151
1.52151
1.52151
1.52151
1.52151
1.52151
1.52151
1.52151
1.52151
1.52151
1.52151
1.52151
1.52151
1.52151
1.52151
1.52151
1.52151
1.52151
1.51489
1.51489
1.51489
1.50111
1.50111
1.50111
1.50111
1.50111
1.50111
1.50111
1.50111
1.50111
1.50111
1.50111
1.50111
1.50111
1.50111
1.50111
1.50111
1.50111
1.50111
1.50111
1.50111
1.50111
1.50111
1.50111
1.50111
1.4966
1.4966
1.4966
1.4966
1.4966
1.4966
1.4966
1.4966
1.49295
1.49295
1.49295
1.49295
1.49295
1.49295
1.49295
1.49295
1.49295
1.49295
1.49295
1.49295
1.49295
1.49295
1.49295
1.49295
1.49295
1.49295
1.49295
1.49295
1.49295
1.49232
1.49232
1.49232
1.49026
1.49026
1.49026
1.49003
1.49003
1.49003
1.49003
1.49003
1.4845
1.4845
1.4845
1.4845
1.4845
1.4845
1.4845
1.48277
1.48277
1.48277
1.48277
1.48277
1.48277
1.48277
1.48277
1.48277
1.48221
1.48221
1.48221
1.48221
1.48221
1.48221
1.48221
1.48221
1.48221
1.48221
1.48221
1.48221
1.48221
1.48221
1.48221
1.48221
1.48221
1.48221
1.47361
1.47361
1.47361
1.47361
1.47361
1.47361
1.47361
1.47361
1.47361
1.47361
1.47361
1.47178
1.47178
1.47178
1.47178
1.47178
1.47178
1.47178
1.47178
1.47178
1.47178
1.47178
1.47178
1.47178
1.47178
1.47178
1.47178
1.47178
1.47178
1.47178
1.47178
1.47011
1.47011
1.47011
1.47011
1.47011
1.47011
1.47011
1.47011
1.47011
1.47011
1.47011
1.47011
1.47011
1.47011
1.47011
1.47011
1.47011
1.47011
1.47011
1.47011
1.47011
1.47011
1.47011
1.46951
1.46951
1.46951
1.46951
1.46875
1.46875
1.46875
1.46875
1.46875
1.46875
1.46861
1.46861
1.46861
1.46861
1.46861
1.46861
1.46861
1.46861
1.46861
1.46861
1.46861
1.46861
1.46861
1.46861
1.46861
1.46861
1.46861
1.46861
1.46516
1.46516
1.46516
1.46516
1.46516
1.46516
1.46516
1.46516
1.46516
1.46516
1.46516
1.46516
1.46437
1.46437
1.46437
1.46437
1.46437
1.46437
1.46437
1.46361
1.46361
1.46361
1.46361
1.46361
1.46361
1.46361
1.46361
1.46361
1.46361
1.46361
1.46361
1.46361
1.46361
1.46361
1.46361
1.46361
1.46361
1.46361
1.46361
1.46361
1.46361
1.46361
1.46361
1.46361
1.46361
1.46361
1.46361
1.46361
1.46361
1.46361
1.46361
1.46361
1.46361
1.46361
1.46361
1.46361
1.46361
1.46301
1.46301
1.46301
1.46301
1.46301
1.46301
1.46301
1.46301
1.46301
1.46301
1.45836
1.45836
1.45836
1.45836
1.45836
1.45836
1.45836
1.45836
1.45836
1.45836
1.45836
1.45836
1.45836
1.45836
1.45836
1.45836
1.45836
1.45793
1.45793
1.45763
1.45763
1.45763
1.45763
1.45763
1.45763
1.45763
1.45763
1.45763
1.45763
1.45763
1.45763
1.45763
1.45763
1.45763
1.45763
1.45763
1.45763
1.45763
1.45763
1.45763
1.45763
1.45763
1.45763
1.45763
1.45763
1.45763
1.45763
1.45439
1.45439
1.45439
1.45439
1.45439
1.45439
1.45439
1.45439
1.45439
1.45439
1.45439
1.45439
1.45439
1.45439
1.45439
1.45439
1.45439
1.45439
1.45439
1.45439
1.45439
1.45439
1.45439
1.45439
1.45439
1.45439
1.45439
1.45439
1.45439
1.45439
1.45439
1.45439
1.45439
1.45439
1.45439
1.45439
1.45439
1.45439
1.45439
1.45439
1.45439
1.45439
1.45439
1.45439
1.45439
1.45439
1.45439
1.45439
1.45439
1.45439
1.45439
1.45439
1.45431
1.45431
1.45431
1.45431
1.45389
1.45389
1.45389
1.45389
1.45389
1.45389
1.45389
1.45389
1.45378
1.45378
1.453
1.453
1.453
1.453
1.453
1.453
1.453
1.453
1.453
1.453
1.453
1.453
1.453
1.453
1.453
1.453
1.453
1.453
1.453
1.453
1.453
1.453
1.453
1.453
1.45288
1.45288
1.45288
1.45288
1.45288
1.45288
1.45288
1.45288
1.45288
1.45288
1.45288
1.45288
1.45288
1.45288
1.45288
1.45288
1.45288
1.45288
1.45288
1.45288
1.45264
1.45264
1.45264
1.45264
1.45254
1.45254
1.45254
1.45254
1.45254
1.45254
1.45254
1.45254
1.45254
1.45254
1.45254
1.45254
1.45254
1.45254
1.45254
1.45233
1.45233
1.45233
1.45233
1.45233
1.45233
1.45233
1.45233
1.45233
1.45233
1.45197
1.45197
1.45197
1.45197
1.45197
1.44881
1.44881
1.44881
1.44881
1.44881
1.44881
1.44881
1.44881
1.44881
1.44881
1.44881
1.44881
1.44881
1.44881
1.44881
1.44881
1.44881
1.44881
1.44881
1.44881
1.44754
1.44754
1.44754
1.44754
1.44743
1.44743
1.44743
1.44743
1.44743
1.44743
1.44743
1.44743
1.44743
1.44743
1.44743
1.44743
1.44743
1.44743
1.44743
1.44602
1.44602
1.44463
1.44463
1.44463
1.44463
1.44463
1.44463
1.44463
1.44463
1.44463
1.44463
1.44463
1.44463
1.44463
1.44463
1.44463
1.44463
1.44463
1.44463
1.44463
1.44463
1.44463
1.44463
1.44463
1.44463
1.44463
1.44463
1.44463
1.44463
1.44463
1.44463
1.44463
1.44463
1.44463
1.44463
1.44463
1.44463
1.44463
1.44463
1.44463
1.44463
1.44463
1.44463
1.44463
1.44463
1.44463
1.44463
1.44463
1.44463
1.44463
1.44463
1.44463
1.44463
1.44463
1.44463
1.44463
1.44463
1.44463
1.44463
1.44463
1.44463
1.44463
1.44463
1.44463
1.44463
1.44409
1.44409
1.44409
1.44409
1.44409
1.44409
1.44409
1.44409
1.44409
1.44409
1.44409
1.44409
1.44409
1.44409
1.44409
1.44409
1.44409
1.44409
1.44409
1.44409
1.44409
1.44247
1.44247
1.44247
1.44247
1.44247
1.44247
1.44247
1.44247
1.44247
1.44247
1.44247
1.44247
1.44247
1.44247
1.44247
1.44247
1.44247
1.44247
1.44247
1.44247
1.44247
1.44247
1.44247
1.44247
1.44247
1.44247
1.44247
1.44247
1.44247
1.44247
1.44236
1.44236
1.44236
1.43876
1.43876
1.43876
1.43876
1.43876
1.43876
1.43876
1.43876
1.43876
1.43876
1.43876
1.43876
1.43876
1.43876
1.43876
1.43876
1.43876
1.43876
1.43876
1.43876
1.43876
1.43876
1.43876
1.43876
1.43876
1.43876
1.43876
1.43876
1.43876
1.43876
1.43876
1.43876
1.43876
1.43876
1.43876
1.43876
1.43876
1.43876
1.43876
1.43876
1.43876
1.43876
1.43876
1.43876
1.43876
1.43876
1.43876
1.4387
1.4387
1.4387
1.4387
1.4387
1.4387
1.4387
1.4387
1.4387
1.4387
1.4387
1.4387
1.4387
1.4387
1.4387
1.4387
1.4387
1.4387
1.4387
1.4387
1.4387
1.4387
1.4387
1.4387
1.4387
1.4387
1.4387
1.4387
1.4387
1.4387
1.4387
1.4387
1.4387
1.43656
1.43656
1.43656
1.43656
1.43656
1.43656
1.43656
1.43656
1.43656
1.43656
1.43656
1.43656
1.43656
1.43656
1.43656
1.43656
1.43656
1.43656
1.43656
1.43656
1.43656
1.43656
1.43656
1.43656
1.43656
1.43656
1.43656
1.43656
1.43656
1.43656
1.43656
1.43656
1.43656
1.43656
1.43656
1.43656
1.43656
1.43656
1.43656
1.43656
1.43656
1.43656
1.43656
1.43656
1.43656
1.43656
1.43656
1.43656
1.43656
1.43656
1.43656
1.43656
1.43656
1.43656
1.43656
1.43656
1.43656
1.43656
1.43656
1.43656
1.43656
1.43656
1.43656
1.43656
1.43656
1.43656
1.43656
1.43656
1.43656
1.43656
1.43628
1.43628
1.43628
1.43628
1.43628
1.43628
1.43628
1.43628
1.43628
1.43628
1.43628
1.43628
1.43628
1.43628
1.43628
1.43628
1.43628
1.43628
1.43628
1.43628
1.43628
1.43628
1.43628
1.43628
1.43628
1.43628
1.43628
1.43628
1.43628
1.43628
1.43628
1.43628
1.43628
1.43628
1.4357
1.4357
1.4357
1.4357
1.4357
1.4357
1.4357
1.4357
1.4357
1.4357
1.4357
1.4357
1.4357
1.4357
1.4357
1.4357
1.4357
1.4357
1.4357
1.4357
1.4357
1.4357
1.4357
1.4357
1.4357
1.4357
1.4357
1.4357
1.4357
1.4357
1.4357
1.4357
1.4357
1.4357
1.4357
1.4357
1.4357
1.4357
1.4357
1.4357
1.4357
1.4357
1.4357
1.4357
1.4357
1.4357
1.4357
1.4357
1.4357
1.4357
1.4357
1.4357
1.4357
1.4357
1.4357
1.4357
1.4357
1.4357
1.4357
1.4357
1.4357
1.4357
1.4357
1.4357
1.4357
1.4357
1.4357
1.4357
1.4357
1.4357
1.4357
1.4357
1.43458
1.43458
1.43458
1.43458
1.43458
1.43458
1.43458
1.43458
1.43458
1.43458
1.43458
1.43458
1.43458
1.43458
1.43458
1.43458
1.43458
1.43458
1.432
1.432
1.432
1.432
1.432
1.432
1.432
1.432
1.432
1.432
1.432
1.432
1.432
1.432
1.432
1.432
1.432
1.432
1.432
1.432
1.432
1.432
1.432
1.432
1.432
1.432
1.432
1.432
1.432
1.432
1.432
1.432
1.432
1.432
1.432
1.432
1.432
1.432
1.432
1.432
1.432
1.432
1.432
1.432
1.432
1.432
1.432
1.432
1.432
1.432
1.432
1.432
1.432
1.432
1.432
1.432
1.432
1.432
1.432
1.432
1.432
1.432
1.432
1.432
1.432
1.432
1.432
1.432
1.432
1.432
1.432
1.432
1.432
1.432
1.432
1.432
1.432
1.432
1.432
1.432
1.432
1.432
1.432
1.432
1.432
1.432
1.432
1.432
1.432
1.432
1.43076
1.43076
1.43076
1.43076
1.43076
1.43076
1.43076
1.43076
1.43076
1.43076
1.43076
1.43076
1.43076
1.43076
1.43076
1.43076
1.43076
1.43076
1.43076
1.43076
1.43076
1.43076
1.43076
1.43076
1.43076
1.43076
1.43076
1.43076
1.43076
1.43076
1.43076
1.43076
1.43076
1.43076
1.43076
1.43076
1.43076
1.43076
1.43076
1.43076
1.43076
1.43076
1.43076
1.43076
1.43076
1.43076
1.43076
1.43076
1.43076
1.43076
1.43076
1.43076
1.43076
1.43076
1.43076
1.43076
1.43076
1.43076
1.43076
1.43076
1.43076
1.43076
1.43076
1.43076
1.43076
1.43076
1.43076
1.43076
1.43076
1.43076
1.43076
1.43076
1.43076
1.43076
1.43076
1.43076
1.43076
1.43076
1.43076
1.43076
1.43076
1.43076
1.43076
1.43075
1.43075
1.43069
1.43069
1.43069
1.43069
1.43069
1.43067
1.43067
1.43067
1.43067
1.43067
1.43067
1.43067
1.43067
1.43067
1.43067
1.43067
1.43067
1.43067
1.43067
1.43067
1.43067
1.43067
1.43067
1.43055
1.43055
1.43055
1.43055
1.43055
1.43055
1.42056
1.42056
1.42056
1.42056
1.42056
1.42056
1.42056
1.42056
1.42056
1.42056
1.42056
1.42056
1.42056
1.42056
1.41735
1.41735
1.41735
1.41735
1.41735
1.41735
1.41735
1.41735
1.41735
1.41735
1.41735
1.41735
1.41735
1.41735
1.41735
1.41735
1.41735
1.41735
1.41735
1.41735
1.41735
1.41735
1.41735
1.41735
1.41735
1.41734
1.41734
1.41734
1.41734
1.41734
1.41734
1.41734
1.41734
1.41734
1.41734
1.41734
1.41734
1.41734
1.41734
1.41734
1.41734
1.41734
1.41734
1.41734
1.41734
1.41734
1.41734
1.41734
1.41734
1.41734
1.41734
1.41734
1.41734
1.41734
1.41734
1.41734
1.41734
1.41734
1.41734
1.41734
1.41734
1.41734
1.41734
1.41734
1.41734
1.41734
1.41734
1.41734
1.41734
1.41734
1.41734
1.41734
1.41734
1.41734
1.41734
1.41734
1.41734
1.41734
1.41734
1.41734
1.41734
1.41734
1.41734
1.41734
1.41734
1.41734
1.41734
1.41734
1.41734
1.41734
1.41734
1.41734
1.41734
1.41734
1.41734
1.41734
1.41734
1.41734
1.41734
1.41734
1.41734
1.41734
1.41734
1.41734
1.41734
1.41734
1.41734
1.41734
1.41734
1.41734
1.41734
1.41734
1.41734
1.41734
1.41734
1.41734
1.41734
1.41734
1.41734
1.41734
1.41734
1.41734
1.41731
1.41731
1.41731
1.41731
1.41731
1.41731
1.41731
1.41731
1.41731
1.41731
1.41731
1.41731
1.41731
1.41731
1.41728
1.41728
1.41728
1.41728
1.41728
1.41728
1.41728
1.41728
1.41728
1.41728
1.41728
1.41728
1.41728
1.41728
1.41697
1.41697
1.41697
1.41697
1.41697
1.41697
1.41697
1.41697
1.41697
1.41697
1.41697
1.41697
1.41697
1.41697
1.41697
1.41697
1.41697
1.41697
1.41697
1.41697
1.41697
1.41697
1.41697
1.41697
1.41697
1.41697
1.41697
1.41697
1.41697
1.41697
1.41697
1.41697
1.41697
1.41697
1.41697
1.41697
1.41697
1.41697
1.41697
1.41697
1.41697
1.41697
1.41697
1.41697
1.41697
1.41697
1.41697
1.41697
1.41697
1.41697
1.41697
1.41697
1.41697
1.41697
1.41697
1.41697
1.41697
1.41697
1.41697
1.41697
1.41697
1.41697
1.41697
1.41697
1.41697
1.41697
1.41697
1.41696
1.41696
1.41696
1.41685
1.41685
1.41685
1.41685
1.41685
1.41579
1.41579
1.41579
1.41579
1.41579
1.41579
1.41579
1.41579
1.41579
1.41579
1.41579
1.41579
1.41579
1.41579
1.41579
1.41579
1.41579
1.41579
1.41579
1.41579
1.41579
1.41579
1.41579
1.41579
1.41579
1.41579
1.41579
1.41579
1.41579
1.41579
1.41579
1.41579
1.41579
1.41579
1.41579
1.41579
1.41579
1.41579
1.41579
1.41579
1.41579
1.41579
1.41579
1.41579
1.41579
1.41579
1.41579
1.41579
1.41579
1.41579
1.41579
1.41579
1.41579
1.41579
1.41579
1.41579
1.41579
1.41579
1.41579
1.41579
1.41579
1.41579
1.41579
1.41579
1.41579
1.41579
1.41579
1.41579
1.41579
1.41579
1.41579
1.41579
1.41579
1.41579
1.41579
1.41579
1.41579
1.41579
1.41579
1.41579
1.41579
1.41579
1.41579
1.41579
1.41579
1.41579
1.41579
1.41579
1.41579
1.41579
1.41579
1.41579
1.41579
1.41579
1.41579
1.41579
1.41579
1.41579
1.41579
1.41579
1.41579
1.41579
1.41579
1.41579
1.41579
1.41579
1.41579
1.41579
1.41579
1.41579
1.41579
1.41579
1.41579
1.41579
1.41579
1.41579
1.41579
1.41579
1.41579
1.41579
1.41579
1.41579
1.41579
1.41579
1.41579
1.41579
1.41579
1.41579
1.41579
1.41579
1.41579
1.41574
1.41574
1.41574
1.41574
1.41574
1.41574
1.41574
1.41574
1.41574
1.41574
1.41574
1.41574
1.41564
1.41564
1.41564
1.41564
1.41564
1.41564
1.41564
1.41564
1.41564
1.41564
1.41564
1.41564
1.41564
1.41564
1.41564
1.41564
1.41564
1.41564
1.41564
1.41564
1.41564
1.41564
1.41564
1.41564
1.41564
1.41564
1.41564
1.41564
1.41564
1.41564
1.41564
1.41564
1.41564
1.41564
1.41564
1.41564
1.41564
1.41564
1.41564
1.41564
1.41564
1.41564
1.41564
1.41564
1.41564
1.41564
1.41564
1.41564
1.41564
1.41564
1.41564
1.41564
1.41564
1.41564
1.41564
1.41564
1.41564
1.41564
1.41564
1.41564
1.41564
1.41564
1.41564
1.41564
1.41564
1.41564
1.41564
1.41564
1.41564
1.41564


-0.239891
-0.218282
-0.228195
0.161443
0.0937297
0.0867749
0.0380279
0.0372045
0.0363961
0.0369108
0.036906
0.0325863
0.0326933
0.0335276
0.0324461
0.034334
0.0311772
0.0332351
0.0293403
0.0312986
0.0291183
0.0295979
0.0288167
0.0298155
0.0279746
0.0291306
0.0280158
0.0283576
0.0276339
0.131291

0.022

