2832.75
2832.75
2832.75
2832.75
2832.75
2832.75
2832.75
2832.75
2832.75
2832.75
2722.85
2722.85
2722.85
2722.85
2722.85
2722.85
2722.85
2722.85
2722.85
2722.85
2722.85
2722.85
2722.85
2722.85
2722.85
2722.85
2722.85
2722.85
2722.85
2722.85
2722.85
2451.49
2451.49
2451.49
2451.49
2451.49
2451.49
2451.49
2320.11
2320.11
2320.11
2320.11
2320.11
2320.11
2320.11
2320.11
2320.11
2320.11
2320.11
2320.11
2320.11
2320.11
2320.11
2320.11
2320.11
2144.61
2144.61
2144.61
2144.61
2144.61
2144.61
2144.61
2144.61
2144.61
2144.61
2144.61
2144.61
2144.61
2144.61
2144.61
2144.61
2144.61
2144.61
2144.61
2144.61
2144.61
2144.61
2144.61
2144.61
2144.61
1988.22
1988.22
1988.22
1988.22
1988.22
1988.22
1988.22
1988.22
1988.22
1988.22
1988.22
1988.22
1988.22
1988.22
1988.22
1988.22
1988.22
1988.22
1988.22
1988.22
1918.14
1918.14
1918.14
1918.14
1918.14
1918.14
1918.14
1918.14
1918.14
1918.14
1918.14
1918.14
1646.7
1646.7
1646.7
1646.7
1646.7
1646.7
1646.7
1646.7
1646.7
1646.7
1646.7
1646.7
1576.94
1576.94
1576.94
1576.94
1508.19
1508.19
1508.19
1508.19
1508.19
1508.19
1508.19
1508.19
1508.19
1508.19
1508.19
1508.19
1508.19
1508.19
1508.19
1508.19
1508.19
1508.19
1508.19
1461.03
1461.03
1461.03
1461.03
1461.03
1461.03
1461.03
1461.03
1461.03
1461.03
1461.03
1461.03
1461.03
1420.89
1420.89
1420.89
1420.89
1420.89
1420.89
1420.89
1420.89
1420.89
1420.89
1420.89
1420.89
1420.89
1420.89
1420.89
1420.89
1420.89
1300.04
1298.04
1298.04
1298.04
1298.04
1298.04
1298.04
1298.04
1298.04
1298.04
1298.04
1298.04
1298.04
1298.04
1298.04
1298.04
1298.04
1298.04
1298.04
1298.04
1298.04
1298.04
1298.04
1298.04
1298.04
1298.04
1298.04
1298.04
1217.26
1217.26
1217.26
1217.26
1217.26
1217.26
1217.26
1217.26
1217.26
1217.26
1217.26
1217.26
1217.26
1217.26
1217.26
1217.26
1217.26
1217.26
1202.22
1202.22
1202.22
1156.75
1156.75
1156.75
1156.75
1156.75
1156.75
1156.75
1156.75
1074.37
1074.37
1074.37
1074.37
1074.37
1074.37
1074.37
1074.37
1074.37
1074.37
1074.37
1074.37
1074.37
1074.37
1074.37
1074.37
1074.37
1074.37
1074.37
1074.37
1074.37
1074.37
1074.37
1074.37
1074.37
1074.37
1074.37
1074.37
1074.37
1074.37
1074.37
1074.37
1074.37
1074.37
1074.37
1074.37
1018.21
1018.21
1018.21
1018.21
1018.21
1018.21
1018.21
1018.21
1018.21
1018.21
1018.21
1018.21
1018.21
1018.21
1018.21
1018.21
1018.21
1018.21
1018.21
1018.21
1018.21
1018.21
1018.21
1018.21
1018.21
1018.21
978.14
978.14
978.14
978.14
978.14
978.14
978.14
978.14
978.14
978.14
940.261
940.261
940.261
940.261
940.261
940.261
940.261
940.261
940.261
940.261
901.028
901.028
901.028
901.028
901.028
901.028
901.028
901.028
901.028
901.028
901.028
901.028
807.284
807.284
807.284
807.284
807.284
807.284
807.284
807.284
807.284
785.597
785.597
785.597
785.597
785.597
785.597
785.597
785.597
785.597
785.597
785.597
785.597
785.597
785.597
785.597
785.597
785.597
785.597
785.597
785.597
785.597
785.597
785.597
785.597
785.597
785.597
785.597
785.597
777.836
777.836
777.836
777.836
777.836
741.747
741.747
670.041
670.041
670.041
670.041
670.041
670.041
670.041
670.041
670.041
670.041
670.041
670.041
670.041
670.041
670.041
670.041
670.041
670.041
670.041
670.041
670.041
670.041
670.041
670.041
670.041
670.041
670.041
670.041
670.041
670.041
670.041
670.041
670.041
670.041
670.041
670.041
670.041
670.041
670.041
670.041
670.041
670.041
670.041
670.041
670.041
670.041
670.041
670.041
670.041
670.041
670.041
670.041
670.041
670.041
670.041
670.041
670.041
670.041
670.041
670.041
670.041
670.041
670.041
670.041
670.041
670.041
670.041
670.041
670.041
670.041
670.041
670.041
670.041
670.041
670.041
670.041
670.041
670.041
670.041
670.041
670.041
670.041
670.041
670.041
670.041
670.041
670.041
670.041
670.041
649.241
649.241
649.241
649.241
563.363
563.363
563.363
563.363
563.363
563.363
563.363
563.363
521.482
521.482
501.06
501.06
501.06
501.06
501.06
501.06
501.06
501.06
501.06
501.06
501.06
501.06
501.06
501.06
494.97
494.97
494.97
494.97
494.97
494.97
494.97
494.97
494.97
494.97
494.97
494.97
494.97
494.97
494.97
494.97
494.97
494.97
494.97
494.97
494.97
494.97
494.97
494.97
494.97
494.242
484.091
484.091
484.091
484.091
484.091
484.091
484.091
484.091
484.091
484.091
484.091
484.091
484.091
484.091
484.091
484.091
484.091
484.091
484.091
484.091
483.656
483.656
483.656
483.656
483.656
483.656
483.656
483.656
483.656
483.656
483.656
479.839
479.839
479.839
479.839
479.839
479.839
479.839
479.839
479.839
478.626
478.626
478.626
478.626
478.626
478.626
478.626
478.626
478.626
478.626
478.626
478.626
478.626
478.626
478.626
478.626
475.224
475.224
475.224
475.224
475.224
426.39
426.39
426.39
426.39
426.39
426.39
426.39
426.39
420.054
412.625
412.625
412.625
412.625
412.625
412.625
412.625
412.625
412.625
412.625
412.625
412.625
412.625
412.625
412.625
412.625
412.625
412.625
412.625
412.625
412.625
364.527
364.527
364.527
364.527
364.527
364.527
364.527
364.527
364.527
364.527
364.527
364.527
364.527
364.527
364.527
364.527
364.527
364.527
364.527
364.527
364.527
364.527
364.527
364.527
364.527
364.527
347.178
347.178
347.178
347.178
347.178
347.178
347.178
347.178
347.178
347.178
347.178
347.178
347.178
347.178
347.178
347.178
347.178
347.178
347.178
315.86
315.86
315.86
315.86
315.86
315.86
315.86
315.86
315.86
315.86
315.86
315.86
315.86
315.86
315.86
315.86
315.86
315.86
315.86
315.86
315.86
315.86
315.86
315.86
315.86
308.471
308.471
308.471
308.471
308.471
308.471
308.471
308.471
308.471
308.471
308.471
308.471
308.471
308.471
308.471
308.471
308.471
298.08
298.08
298.08
298.08
282.961
273.13
273.13
273.13
273.13
273.13
273.13
273.13
273.13
273.13
273.13
273.13
272.876
272.876
272.876
272.876
272.876
217.06
217.06
217.06
217.06
217.06
217.06
217.06
217.06
217.06
217.06
217.06
217.06
217.06
217.06
217.06
217.06
217.06
217.06
217.06
217.06
217.06
217.06
217.06
217.06
217.06
217.06
217.06
217.06
217.06
217.06
217.06
217.06
217.06
190.619
190.619
190.619
190.619
190.619
190.619
190.619
190.619
190.619
190.619
190.619
190.619
190.619
190.619
190.619
190.619
190.619
190.619
190.619
190.619
190.619
190.619
190.619
190.619
190.619
190.619
190.619
190.619
190.619
190.619
190.619
190.619
187.314
187.314
187.314
186.014
186.014
186.014
186.014
186.014
186.014
186.014
186.014
186.014
186.014
186.014
186.014
186.014
186.014
186.014
186.014
186.014
186.014
186.014
186.014
186.014
184.067
184.067
184.067
184.067
184.067
184.067
184.067
184.067
184.067
184.067
184.067
184.067
184.067
184.067
184.067
184.067
184.067
184.067
184.067
184.067
179.456
179.456
179.456
179.456
179.456
179.456
179.456
179.456
179.456
179.456
179.456
172.55
172.55
172.55
172.55
172.55
172.55
172.55
172.55
172.55
172.55
172.55
172.55
172.55
172.55
172.55
172.55
172.55
172.55
172.55
172.55
169.557
169.557
169.557
169.557
169.557
169.557
169.557
169.557
169.557
169.557
169.557
169.557
169.557
169.557
169.557
169.557
169.557
169.557
167.466
167.466
167.466
162.087
162.087
159.92
159.92
159.92
159.92
159.92
159.92
159.92
159.92
159.92
156.434
156.434
146.535
146.535
146.535
146.535
146.535
146.535
146.535
146.535
146.535
146.535
146.535
146.535
146.535
146.535
146.535
146.535
146.535
146.535
146.535
146.535
146.535
146.535
146.535
146.535
146.535
146.535
146.535
146.535
146.535
146.535
146.535
146.535
146.535
146.535
146.535
146.535
146.535
146.535
146.535
146.535
146.535
146.535
146.535
146.535
146.535
146.535
146.535
146.535
146.535
146.535
146.535
146.535
146.535
146.535
146.535
146.535
146.535
146.535
146.535
146.535
146.535
146.535
146.535
146.535
146.535
146.535
146.535
146.535
146.535
146.535
146.535
146.535
146.535
146.535
146.535
146.535
145.227
145.227
145.227
145.227
144.187
144.187
144.187
144.187
144.187
144.187
144.187
144.187
144.187
144.187
144.187
144.187
144.187
144.187
144.187
144.187
142.209
142.209
142.209
132.349
132.349
132.349
132.349
132.349
132.349
132.349
132.349
132.349
132.349
132.349
132.349
132.349
132.349
132.349
132.349
132.349
132.349
132.349
132.349
132.349
132.349
132.349
132.349
132.349
132.349
132.349
132.349
132.349
132.349
132.349
132.349
124.875
124.875
124.875
124.875
124.875
124.875
124.875
117.635
117.635
117.635
117.635
117.635
117.635
117.635
117.635
117.635
117.635
117.635
117.635
117.635
117.635
117.635
117.635
117.635
117.635
117.635
117.09
117.09
117.09
117.09
117.09
117.09
117.09
117.09
117.09
117.09
117.09
117.09
117.09
117.09
117.09
117.09
117.09
117.09
117.09
117.09
117.09
117.09
117.09
117.09
117.09
117.09
117.09
117.09
117.09
117.09
117.09
117.09
117.09
116.636
116.636
116.636
116.636
116.636
116.636
116.636
116.636
116.636
116.636
116.636
116.636
116.636
116.636
116.636
116.636
116.636
116.636
116.636
116.636
102.405
102.405
102.405
102.405
102.405
102.405
100.971
100.971
100.971
100.971
100.971
100.971
100.971
100.971
100.971
100.971
100.971
100.971
100.971
100.971
100.971
100.971
100.971
100.971
100.971
100.971
100.971
100.971
100.971
100.971
100.971
100.971
100.971
99.8974
99.8974
99.8974
99.8974
99.8974
99.8974
99.8974
99.8974
99.8974
99.8974
99.8974
96.0751
96.0751
96.0751
96.0751
96.0751
96.0751
96.0751
93.9229
93.9229
93.9229
93.9229
93.9229
91.0611
91.0611
91.0257
91.0257
91.0257
91.0257
91.0257
91.0257
91.0257
91.0257
91.0257
91.0257
91.0257
91.0257
91.0257
91.0257
91.0257
91.0257
91.0257
90.672
90.672
90.672
89.4672
89.4672
83.317
83.317
83.317
83.317
83.317
83.317
83.317
83.317
83.317
83.317
83.317
83.317
83.317
83.317
83.317
83.317
83.317
83.317
83.317
83.317
83.317
83.317
83.317
83.317
83.317
83.317
83.317
83.317
83.317
83.317
83.317
83.317
83.317
83.317
83.317
83.317
83.317
83.317
83.317
83.317
83.2551
83.2551
83.2551
83.2551
83.2551
83.2551
83.2551
83.2551
83.2551
83.2551
83.2551
83.2551
83.2551
83.2551
83.2551
81.7549
64.7206
64.7206
64.7206
64.7206
64.7206
64.7206
64.7206
64.7206
57.7807
57.7807
57.7807
57.7807
57.7807
57.7807
57.7807
57.7807
57.7807
56.7408
56.7408
56.7408
56.7408
56.7408
56.7408
56.7408
56.7408
56.7408
56.7408
56.7408
56.7408
56.7408
56.7408
56.7408
56.7408
56.7408
56.7408
56.7408
56.7408
56.7408
56.7408
56.7408
56.7408
56.7408
56.7408
56.7408
56.7408
56.7408
56.7408
56.7408
56.7408
56.7408
56.7408
56.7408
56.7408
56.7408
56.7408
56.7408
56.7408
56.7408
56.7408
56.7408
56.7408
56.7408
56.7408
56.7408
56.7408
56.7408
56.7408
56.7408
56.7408
56.7408
56.7408
56.7408
56.7408
56.7408
56.7408
56.7408
56.7408
56.7408
56.7408
56.7408
56.7408
56.7408
56.7408
56.7408
56.7408
56.7408
56.7408
56.7408
56.7408
56.7408
56.7408
56.7408
56.7408
56.7408
56.7408
56.7408
56.7408
56.7408
56.7408
56.7408
56.7408
56.7408
56.7408
56.7408
56.7408
56.7408
56.7408
56.7408
56.7408
56.7054
56.7054
56.7054
56.7054
56.7054
56.7054
56.7054
56.7054
56.7054
56.7054
56.7054
56.7054
56.7054
56.7054
56.7054
56.7054
56.7054
56.7054
56.7054
56.7054
56.7054
56.7054
56.7054
56.232
56.232
56.232
56.232
56.232
56.232
56.232
56.232
56.232
56.232
56.232
56.232
56.232
56.232
56.232
56.232
56.232
56.232
56.232
55.978
55.978
55.978
55.978
55.978
55.978
55.978
55.978
55.978
55.978
55.978
55.6413
55.6413
55.6413
55.6413
55.6413
55.6413
55.6413
55.1947
55.1947
55.1947
54.8863
54.8863
54.8863
54.8863
54.8863
54.8863
54.8863
54.8863
54.8863
54.8863
54.8863
54.8863
54.8863
54.8863
54.8863
54.8863
53.4379
53.4379
53.4379
53.4379
53.4379
53.4379
53.4379
53.4379
53.4379
53.4379
52.9598
52.9598
52.9598
52.9598
52.9598
52.9598
52.9231
52.9231
52.9231
52.9231
52.9231
52.9231
52.9231
52.9231
52.9231
52.9231
52.9231
52.9231
52.9231
52.9231
52.9231
52.9231
52.9231
52.9231
52.9231
52.9231
52.3738
52.3738
52.3738
52.3738
52.3738
52.3738
52.3738
52.3738
52.3738
52.3738
52.3738
50.1944
50.1944
50.1944
50.1944
50.1944
50.1944
50.1944
50.1944
50.1944
50.1944
50.1944
50.1944
50.1944
50.1944
50.1944
50.1944
50.1944
50.1944
50.1944
50.1944
50.1944
50.1944
50.1944
50.1944
50.1944
50.1944
50.1944
50.1944
50.1944
50.1944
50.1944
46.5038
46.5038
46.5038
46.5038
46.5038
46.5038
46.5038
46.5038
46.5038
46.5038
46.5038
46.5038
46.5038
46.5038
46.5038
46.5038
46.5038
46.5038
46.5038
46.5038
46.5038
46.5038
46.5038
46.5038
46.5038
46.5038
46.5038
46.5038
46.5038
46.5038
46.5038
40.8285
40.8285
40.8285
40.8285
40.8285
40.8285
40.8285
40.8285
40.8285
40.8285
40.8285
40.8285
40.8285
40.8285
40.8285
40.8285
40.8285
40.8285
40.8285
40.8285
40.8285
40.8285
40.8285
40.8285
40.8285
40.8285
40.8285
39.3851
39.3851
39.3851
39.3851
39.3851
39.3851
39.3851
39.3851
39.3851
39.3851
39.3851
39.3851
39.3851
39.3851
39.3851
39.3851
39.3851
39.3851
39.3851
39.3851
39.3851
39.3851
39.3851
39.3851
39.3851
39.3851
39.3851
39.3851
39.3851
39.3851
39.3851
39.3851
39.3851
39.3851
39.3851
39.3851
39.3851
39.3851
39.3851
39.3851
39.3851
39.3851
39.3851
39.3851
39.3851
39.3851
39.3851
39.3851
39.3851
39.3851
39.3851
39.3851
39.3851
39.3851
38.2654
38.2654
38.2654
38.2654
38.2654
38.2654
38.2654
37.2818
37.2818
37.2818
37.2818
37.2818
37.2818
37.2818
37.2818
37.2818
37.2818
37.2818
37.2818
37.2818
37.2818
37.2818
37.2818
37.2818
37.2818
37.2818
37.2818
37.2818
36.5642
36.5642
36.5642
36.5642
36.5642
36.5642
36.5642
36.5642
36.5642
36.5642
36.5642
36.5642
36.5642
36.5642
36.5642
36.5642
36.5642
36.5642
36.5642
36.5642
36.5642
36.5642
36.5642
36.5642
36.5642
36.5642
36.5642
36.5642
36.5642
36.5642
36.5642
36.5642
36.5642
36.5642
36.5642
36.5642
36.5642
36.5642
36.5642
36.5642
36.5642
36.5642
36.5642
36.5642
36.5642
36.5642
36.5642
36.5642
36.5642
36.5642
36.2177
36.2177
36.2177
36.2177
36.2177
36.2177
36.2177
36.2177
36.2177
36.2177
36.2177
36.2177
36.2177
36.2177
36.2177
36.2177
36.2177
36.2177
36.2177
36.2177
36.2177
36.2177
36.2177
36.2177
36.2177
36.2177
36.2177
36.2177
36.2177
36.2177
36.2177
36.2177
35.6851
34.5654
34.5654
34.5654
34.5654
34.5654
34.5654
34.5654
34.5654
34.5654
34.5654
34.5654
34.5654
34.5654
34.5654
34.5654
34.5654
34.5654
34.5654
34.5654
34.5654
34.5654
34.5654
34.5654
34.5654
34.5654
34.5654
34.5654
34.5654
34.5654
34.5654
34.5654
33.5327
33.5327
33.5327
33.5327
33.5327
33.5327
33.5327
33.5327
33.5327
33.5327
33.5327
33.5327
33.5327
33.5327
33.5327
33.5327
33.5327
33.5327
33.5327
33.5262
33.5262
33.5262
33.5262
33.5262
33.5262
33.5262
33.5262
33.4384
33.4384
33.4384
33.4384
33.4384
33.4384
33.4384
33.4384
33.4384
33.4384
33.4384
33.4384
33.4384
30.8265
30.8265
30.8265
30.8265
30.8265
30.8265
30.8265
30.8265
30.8265
30.8265
30.8265
30.8265
30.8265
30.8265
30.8265
30.8265
30.8265
30.8265
30.8265
30.8265
30.8265
30.8265
30.8265
30.8265
30.8265
30.8265
30.8265
30.8265
30.8265
30.8265
30.8265
30.8265
30.8265
30.8265
30.8265
30.8265
30.8265
30.8265
30.8265
30.8265
30.8265
30.8265
30.8265
30.8265
30.8265
30.8265
30.8265
30.8265
30.8265
30.8265
30.8265
30.8265
30.8265
30.8265
30.8265
30.8265
30.8265
30.8265
30.8265
30.8265
30.2523
30.2523
28.9223
28.9223
28.9223
28.9223
28.9223
28.9223
28.9223
28.2852
28.2852
28.2852
28.2852
28.2852
28.2852
28.2852
28.2852
28.2852
28.2852
28.2852
28.2852
28.2852
28.2852
28.2852
28.2852
28.2852
28.2852
28.2852
28.2852
28.2852
28.2852
28.2852
28.2852
28.2852
28.2852
28.0312
28.0312
28.0312
28.0312
28.0312
28.0312
28.0312
28.0312
28.0312
28.0312
28.0312
28.0312
28.0312
28.0312
28.0312
28.0312
28.0312
28.0312
28.0312
28.0312
28.0312
26.7512
26.7512
26.7512
26.7512
26.7512
26.7512
26.7512
26.7512
26.7512
26.7512
26.7512
26.7512
26.7512
26.7512
26.7512
26.7512
26.7512
26.7512
26.7512
26.7512
26.7512
26.7512
26.7512
26.7512
24.7842
24.7842
24.7842
24.7842
24.7842
24.7842
24.7842
24.7842
24.7842
24.7842
24.7842
24.7842
24.7842
24.7842
24.7842
24.7842
24.7842
24.7842
24.7842
24.7842
24.7842
24.7842
24.7842
24.7842
24.7842
24.7842
24.7842
24.7842
24.7842
24.7842
24.7842
24.7842
24.7842
24.7842
24.7842
24.7842
24.7842
24.7842
24.7842
24.7842
24.7842
24.7842
24.7842
24.6675
24.6675
24.6675
22.3263
22.3263
22.3263
22.3263
22.3263
22.3263
22.3263
22.3263
22.3263
22.2767
22.2767
22.2767
22.2767
22.2767
22.2767
22.2767
22.2767
22.2767
22.2767
21.9848


0.682052
0.682052
-1.19051
-0.172662
-0.172662
-0.172662
-0.172662
-0.0201569
-0.252976
-0.252976
-0.252976
-0.162036
-0.162036
-0.162036
-0.162036
-0.162036
-0.162036
-0.162036
-0.165786
-0.165786
-0.0598456
-0.0598456
-0.0598456
-0.0598456
-0.125473
-0.125473
-0.125473
-0.134223
0.234851
0.457358

0.02

