421.089
421.089
421.089
407.258
407.258
359.921
359.921
359.921
359.921
359.921
359.393
359.393
344.091
341.328
317.278
317.278
317.278
258.152
258.152
258.152
258.152
258.152
258.152
258.152
258.152
258.152
258.152
258.152
258.152
258.152
258.152
258.152
254.723
254.723
254.723
254.723
254.723
254.723
254.723
254.723
254.723
254.723
254.723
254.723
249.232
249.232
249.232
234.62
222.354
218.235
218.235
218.235
218.235
218.235
196.24
196.24
196.24
196.24
196.24
196.24
196.24
196.24
196.24
196.24
190.37
190.37
190.37
190.37
190.37
190.37
190.37
170.487
170.487
170.487
170.487
170.487
170.487
170.487
170.487
170.487
170.487
170.487
170.487
170.487
159.677
159.677
159.677
159.677
159.677
159.677
159.677
159.677
159.677
159.677
159.677
159.677
159.677
154.841
154.841
154.841
154.841
154.841
154.841
154.841
154.841
154.841
154.841
154.841
135.362
135.362
135.362
135.362
135.362
135.362
135.362
135.362
135.362
135.362
135.362
135.362
135.362
135.362
120.454
120.454
120.454
120.454
120.454
120.454
120.454
120.454
120.454
120.454
120.454
120.454
118.51
118.51
118.51
118.51
118.51
118.51
118.51
118.51
118.51
118.51
118.51
118.51
118.51
118.51
118.51
118.51
118.51
118.51
118.51
118.51
118.51
118.51
118.51
118.51
118.51
118.51
118.51
118.51
118.51
118.51
118.51
118.51
118.51
118.51
118.51
118.51
118.51
118.51
118.51
118.51
118.51
118.51
118.51
118.51
118.51
118.51
118.51
118.51
118.51
118.51
118.51
118.51
111.235
111.235
111.235
111.235
111.235
111.235
111.235
111.235
111.235
111.235
111.235
111.235
111.235
111.235
111.235
111.235
111.235
110.741
110.741
110.741
110.741
109.66
109.66
109.66
109.66
109.66
109.66
109.66
109.66
109.66
109.66
109.66
109.66
109.66
109.66
109.66
109.66
109.66
109.66
109.66
109.66
109.66
109.66
109.66
109.66
109.66
109.66
109.66
109.66
109.66
109.66
109.66
109.66
109.66
109.66
109.66
109.66
109.66
109.66
109.66
109.66
109.66
109.66
109.66
109.66
109.66
109.66
109.66
109.304
109.304
109.304
109.304
109.304
109.304
109.304
109.304
109.304
109.304
109.304
109.304
109.304
109.304
109.304
109.304
109.304
108.234
108.234
108.234
108.234
108.234
108.234
108.234
108.234
105.756
105.756
105.756
105.756
105.756
105.756
105.756
105.756
105.756
105.756
105.756
105.756
105.756
105.756
105.756
105.756
105.756
105.756
105.756
105.756
105.756
105.756
105.756
105.756
105.756
105.756
105.756
105.756
105.756
105.756
105.756
105.756
105.756
105.756
105.756
105.756
105.756
105.756
105.756
105.756
105.756
105.756
105.756
105.756
105.756
105.756
105.756
105.756
105.756
105.756
105.756
105.756
105.756
105.756
105.756
105.756
105.756
105.756
105.756
105.756
105.756
105.756
105.756
105.756
105.756
105.756
105.756
105.756
101.853
101.853
101.853
101.853
101.853
101.853
101.853
101.853
101.853
101.853
101.853
101.853
101.853
101.853
101.853
101.853
101.853
101.853
101.853
101.853
101.853
101.853
101.853
101.853
101.853
101.853
101.853
101.853
101.853
101.853
101.853
101.853
101.853
101.853
101.853
101.853
101.853
101.853
101.853
101.853
101.601
101.601
101.601
101.601
101.601
101.601
101.601
101.601
101.601
101.601
101.601
101.601
101.601
101.601
101.601
101.601
101.601
101.601
101.601
101.378
101.378
101.378
101.378
101.378
101.378
101.378
101.378
101.378
101.378
101.378
101.378
101.378
101.378
101.378
101.378
101.378
101.378
101.378
101.155
78.6209
78.6209
78.6209
78.6209
78.6209
78.6209
78.6209
78.6209
78.6209
78.6209
78.6209
78.6209
78.6209
78.6209
78.6209
78.6209
78.6209
78.6209
78.6209
78.6209
78.6209
78.6209
78.6209
78.6209
78.6209
78.6209
78.6209
78.6209
78.6209
78.6209
78.6209
78.6209
78.6209
78.6209
78.6209
78.6209
78.6209
78.6209
78.6209
78.6209
78.6209
78.6209
78.6209
78.6209
78.6209
78.6209
72.0538
72.0538
72.0538
72.0538
72.0538
72.0538
72.0538
72.0538
72.0538
72.0538
72.0538
72.0538
72.0538
72.0538
72.0538
72.0538
72.0538
72.0538
72.0538
72.0538
72.0538
72.0538
72.0538
72.0538
72.0538
72.0538
72.0538
72.0538
72.0538
72.0538
72.0538
72.0538
72.0538
72.0538
72.0538
72.0538
72.0538
72.0538
72.0538
72.0538
68.6493
68.6493
68.6493
68.6493
68.6493
68.6493
68.6493
68.6493
68.6493
68.6493
68.6493
68.6493
68.6493
68.6493
68.6493
68.3454
68.3454
68.3454
68.3454
68.3454
68.3454
68.3454
68.3454
68.3454
68.3454
68.3454
68.3454
68.3454
68.3454
68.3454
68.3454
68.3454
68.3454
68.3454
68.3454
68.3454
68.3454
68.3454
68.3454
68.3454
68.3454
68.3454
68.3454
65.183
65.183
65.183
65.183
65.183
65.183
65.183
65.183
65.183
65.183
65.183
65.183
65.183
65.183
65.183
65.183
65.183
65.183
65.183
65.183
65.183
65.183
65.183
63.8265
63.8265
63.8265
63.8265
63.8265
63.8265
63.8265
63.8265
63.8265
63.8265
63.8265
63.8265
63.8265
63.8265
63.8265
63.8265
63.8265
63.8265
63.8265
63.8265
63.8265
63.8265
63.8265
63.8265
63.8265
63.8265
63.8265
63.8265
63.8265
63.8265
63.8265
63.8265
63.8265
63.8265
63.8265
63.8265
63.8265
63.8265
63.8265
63.8265
63.8265
63.8265
63.8265
63.8265
56.0364
56.0364
56.0364
56.0364
56.0364
56.0364
56.0364
55.4802
55.4802
55.4802
55.4802
55.4802
55.4802
55.4802
55.4802
55.4802
54.8872
54.8872
54.8872
54.8872
54.8872
54.8872
54.8872
54.8872
54.8872
54.8872
54.8872
54.8872
54.8872
54.8872
54.8872
54.8872
54.8872
54.8872
54.8872
54.8872
54.8872
54.8872
54.8872
54.8872
54.8872
54.8872
54.8872
54.8872
54.8872
54.8872
54.8872
54.8872
54.8872
54.8872
54.8872
54.8872
54.8872
54.8872
54.8872
54.8872
54.8872
54.8872
54.8872
54.8872
54.8872
54.8872
54.8872
54.8872
47.807
47.807
47.807
47.807
47.807
47.807
47.807
47.807
47.807
47.807
47.807
47.807
47.807
47.807
47.807
47.807
47.807
47.807
47.807
47.807
47.807
47.807
47.807
47.807
47.807
47.807
47.807
47.807
47.807
47.807
47.807
47.807
47.807
47.807
47.807
45.068
45.068
45.068
42.0285
42.0285
42.0285
42.0285
42.0285
42.0285
42.0285
42.0285
42.0285
42.0285
42.0285
42.0285
42.0285
42.0285
42.0285
42.0285
42.0285
42.0285
41.2507
39.9721
39.9721
39.9721
39.9721
38.8115
38.2834
38.2834
38.2834
38.2834
38.2834
38.2834
38.2834
38.2834
38.2834
38.2834
36.0868
36.0868
36.0868
36.0868
36.0868
36.0868
36.0868
36.0868
36.0868
36.0868
36.0868
36.0868
36.0868
36.0868
36.0868
36.0868
36.0868
36.0868
36.0868
36.0868
36.0868
36.0868
36.0868
36.0868
36.0868
36.0868
35.3338
35.3338
35.3338
35.3338
35.3338
35.3338
33.9002
33.9002
33.9002
33.9002
33.9002
33.9002
33.9002
33.9002
33.9002
33.9002
33.9002
33.9002
33.9002
33.9002
33.9002
33.9002
33.9002
33.9002
33.9002
33.9002
33.9002
33.9002
33.9002
33.9002
33.9002
33.9002
31.6894
31.6894
31.6894
31.6894
31.6894
31.6894
31.6894
31.6894
31.6894
31.6894
31.6894
31.6894
31.6894
31.6894
31.6894
31.6894
31.6894
31.6894
31.6894
31.6894
31.6894
31.6894
31.6894
31.6894
31.6894
31.6894
31.6894
31.6894
31.6894
31.6894
30.5172
30.5172
30.5172
30.5172
30.5172
30.5172
30.5172
30.5172
30.5172
30.5172
30.5172
30.5172
30.5172
30.5172
30.5172
30.5172
30.5172
30.5172
30.5172
30.5172
30.5172
30.5172
30.5172
30.5172
30.5172
30.5172
30.5172
30.5172
30.5172
30.5172
30.5172
30.5172
30.5172
30.5172
30.5172
30.5172
30.5172
30.5172
30.5172
30.5172
30.5172
30.5172
30.5172
30.5172
30.5172
30.5172
30.5172
30.5172
30.5172
30.5172
30.5172
30.5172
30.5172
30.5172
30.5172
30.5172
28.7151
28.7151
28.7151
28.7151
28.7151
28.7151
28.7151
28.7151
28.7151
28.7151
28.7151
28.7151
28.7151
28.7151
28.7151
28.7151
28.7151
28.7151
28.7151
28.7151
28.7151
28.7151
28.7151
28.7151
28.7151
28.7151
28.7151
28.7151
28.7151
28.7151
28.7151
28.7151
28.7151
28.7151
28.7151
28.7151
28.7151
28.7151
28.7151
28.7151
28.7151
28.7151
28.7151
28.7151
28.7151
23.6854
23.6854
23.6854
23.6854
23.6854
23.6854
23.6854
23.6854
23.6854
23.6854
23.6854
23.6854
23.6854
23.6854
23.6854
23.6854
23.6854
23.6854
23.6854
23.6854
23.6854
23.6854
23.6854
23.6854
23.6854
23.6854
23.6854
23.6854
23.6854
23.6854
23.6854
23.6854
23.6854
23.6854
23.6854
23.6854
23.6854
22.4624
22.4624
22.4624
22.4624
22.4624
22.4624
22.4624
22.4624
22.4624
22.4624
20.9059
20.9059
20.9059
20.9059
20.9059
20.9059
20.9059
20.9059
20.9059
20.9059
20.9059
20.9059
20.9059
20.9059
20.9059
20.5772
20.5772
20.5772
20.5772
20.5772
20.5772
20.5772
20.5772
20.5772
20.5772
20.5772
20.5772
20.5772
20.5772
20.5772
20.5772
20.5772
20.5772
20.5772
20.5772
20.5224
20.5224
20.5224
20.5224
20.5224
20.5224
20.5224
20.5224
20.5224
20.5224
20.4843
20.4843
20.4843
20.4843
19.7515
19.7515
19.3753
19.2722
19.2722
19.2722
19.2722
19.2722
19.2722
19.2722
19.2722
19.1859
19.1859
19.1859
19.1859
19.1859
19.1859
19.1859
19.1859
19.1859
19.1859
19.1859
19.1859
19.1859
19.1859
19.1859
18.9302
18.9302
18.9302
18.9302
18.9302
18.9302
18.9302
18.9302
18.9302
18.9302
18.7914
18.7914
18.7752
18.7752
18.7752
18.7752
18.7752
18.6099
18.6099
18.6099
18.6099
18.6099
18.6099
18.6099
18.6099
18.6099
18.6099
18.6099
18.5084
18.5084
18.5084
18.5084
18.5084
18.5084
18.5084
18.5084
18.3711
18.2519
18.2519
18.2519
18.2519
18.2519
18.2519
18.2519
18.2519
18.2519
18.2519
18.2185
18.1336
18.1336
18.0539
18.0539
18.0539
18.0539
18.0083
18.0083
18.0083
18.0083
17.9057
17.9057
17.9057
17.7952
17.7952
17.7952
17.7952
17.7952
17.7952
17.7952
17.7952
17.7952
17.7753
17.7753
17.7753
17.766
17.766
17.766
17.6335
17.6335
17.6335
17.6335
17.6335
17.6335
17.6335
17.6335
17.6335
17.6335
17.6335
17.6335
17.6335
17.6335
17.6335
17.6335
17.6335
17.6335
17.6335
17.6335
17.6335
17.6335
17.6335
17.6335
17.6335
17.6335
17.6335
17.6335
17.6335
17.6335
17.6335
17.6335
17.6335
17.6293
17.6293
17.6293
17.6293
17.6293
17.6293
17.6293
17.6195
17.6195
17.6195
17.6195
17.6195
17.6195
17.6195
17.6195
17.6195
17.6195
17.6195
17.613
17.613
17.613
17.613
17.613
17.613
17.613
17.613
17.613
17.613
17.613
17.613
17.613
17.6032
17.6032
17.6032
17.6032
11.7395
11.7395
11.7395
11.7395
11.7395
11.7395
11.7395
11.7395
11.7395
11.7395
11.6644
11.6644
11.6644
11.6644
11.6644
11.6644
11.6644
11.6644
11.6644
11.6644
11.6644
11.6644
11.6644
11.6644
11.6644
11.6644
11.6644
11.6644
11.6644
11.6644
11.6644
11.6644
11.6644
11.6644
11.6644
11.6644
11.6644
11.6644
11.6644
11.6644
11.6644
11.6644
11.6644
11.6644
11.6644
11.6644
11.6644
11.6644
11.6644
11.5107
11.5107
11.5107
11.4425
11.4425
11.4425
11.4425
11.4425
11.4425
11.4425
11.4425
11.4425
11.4425
11.4425
11.4425
11.3639
11.3639
11.3639
11.3639
11.3639
11.3639
11.3639
11.3639
11.3639
11.3639
11.3639
11.3639
11.3639
11.3639
11.3639
11.3639
11.339
11.2943
11.2943
11.2943
11.2943
11.2943
11.2943
11.2943
11.2943
11.2943
11.2943
11.2943
11.2943
11.2198
11.2198
11.2198
11.2198
11.2198
11.2198
11.2198
11.2198
11.2198
11.2198
11.1816
11.1816
11.1816
11.1816
11.1816
11.1816
11.1816
11.1816
11.1816
11.1816
11.1816
11.1816
11.1723
11.1723
11.1723
11.1723
11.1723
11.1192
11.1192
11.1192
11.1192
11.1192
11.1192
11.1192
11.1192
11.0959
11.0959
11.0959
11.0959
11.0959
11.0959
11.0959
11.0959
11.0959
11.0959
11.0959
11.0959
11.0959
11.0295
11.0295
11.0295
11.0295
11.0295
11.0295
11.0295
11.0295
11.0295
11.0295
11.0295
11.0295
11.0295
11.0295
11.0295
11.0295
11.0295
11.0295
11.0295
11.0295
11.0295
11.0295
11.0295
11.0295
11.0097
11.0075
11.0075
10.9922
10.9922
10.9922
10.9922
10.9922
10.9922
10.9922
10.9922
10.9922
10.9922
10.9922
10.9922
10.9922
10.9922
10.9922
10.9922
10.9922
10.9922
10.9922
10.9922
10.9922
10.9922
10.9922
10.9922
10.9922
10.9922
10.9922
10.9922
10.9922
10.9922
10.9819
10.9819
10.9819
10.9819
10.9819
10.9819
10.9799
10.9799
10.9773
10.9773
10.9405
10.9405
10.9381
10.9357
10.9357
10.9357
10.9357
10.9357
10.9357
10.9357
10.9135
10.9135
10.9135
10.8917
10.8818
10.8818
10.8818
10.8818
10.8679
10.8679
10.8611
10.8611
10.8611
10.8611
10.8611
10.8611
10.8611
10.8611
10.8611
10.8611
10.8611
10.8611
10.8576
10.8576
10.8576
10.8576
10.8576
10.8576
10.8576
10.8576
10.8576
10.8576
10.8576
10.8576
10.8576
10.8576
10.8576
10.8576
10.8576
10.8576
10.8499
10.8499
10.8499
10.8499
10.8499
10.8265
10.8265
10.8265
10.8265
10.8265
10.8265
10.8265
10.8265
10.8265
10.8265
10.8265
10.8265
10.8265
10.8265
10.8265
10.7998
10.7998
10.7998
10.7998
10.7998
10.7998
10.7998
10.785
10.785
10.785
10.785
10.785
10.785
10.785
10.785
10.7661
10.7346
10.7346
10.7346
10.7346
10.7346
10.7346
10.7346
10.7346
10.7346
10.7346
10.7346
10.7346
10.7346
10.7307
10.7307
10.7227
10.7227
10.7227
10.7227
10.7227
10.7227
10.7227
10.7227
10.7227
10.7227
10.7227
10.7227
10.7227
10.7227
10.7227
10.7227
10.7227
10.7227
10.7227
10.7036
10.7036
10.7036
10.7017
10.7017
10.7017
10.7017
10.7017
10.7017
10.7017
10.7001
10.7001
10.7001
10.7001
10.7001
10.7001
10.7001
10.7001
10.7001
10.6939
10.685
10.685
10.685
10.685
10.685
10.685
10.685
10.685
10.6779
10.6779
10.6779
10.6779
10.6779
10.674
10.674
10.674
10.674
10.674
10.6573
10.6573
10.6573
10.6573
10.6573
10.6573
10.6573
10.6573
10.6573
10.6573
10.6573
10.6573
10.6573
10.6573
10.6529
10.6529
10.6529
10.6529
10.6529
10.6473
10.6473
10.6473
10.6473
10.6473
10.6473
10.6473
10.6473
10.6473
10.6473
10.6473
10.6473
10.6473
10.6378
10.6378
10.6378
10.6378
10.6378
10.6329
10.6329
10.6299
10.6299
10.6299
10.6299
10.6299
10.6299
10.6299
10.6299
10.6299
10.6299
10.6299
10.6299
10.6299
10.6299
10.6299
10.6299
10.6299
10.6299
10.6299
10.6299
10.6299
10.6299
10.6226
10.6226
10.6226
10.622
10.622
10.622
10.622
10.622
10.622
10.622
10.6139
10.6139
10.6139
10.6139
10.6139
10.6139
10.6139
10.6139
10.6037
10.6037
10.6037
10.6037
10.6037
10.6037
10.6037
10.6037
10.6037
10.6037
10.6011
10.6011
10.6011
10.6005
10.6005
10.6005
10.6005
10.5908
10.5908
10.5908
10.5908
10.5908
10.5908
10.5908
10.5908
10.5887
10.5887
10.5887
10.5887
10.5887
10.5867
10.5867
10.5867
10.5867
10.5867
10.5867
10.5867
10.5867
10.5808
10.5808
10.5808
10.5808
10.5808
10.5808
10.5808
10.5808
10.5808
10.5808
10.5808
10.5808
10.5808
10.5808
10.5808
10.5808
10.5808
10.5808
10.5808
10.5808
10.5808
10.5808
10.5808
10.5794
10.5794
10.5794
10.5794
10.5794
10.5794
10.5794
10.5794
10.5794
10.5794
10.5794
10.5794
10.5777
10.5777
10.5777
10.5777
10.5777
10.5777
10.5777
10.5758
10.5758
10.5758
10.5758
10.5758
10.5758
10.5724
10.5724
10.5724
10.5724
10.5724
10.5724
10.5724
10.5724
10.5724
10.5724
10.5724
10.5724
10.5724
10.5724
10.5724
10.5693
10.5693
10.5603
10.5603
10.5603
10.5603
10.5603
10.5603
10.5603
10.5603
10.5603
10.5603
10.5603
10.5603
10.5603
10.5603
10.5603
10.5603
10.5603
10.5603
10.5603
10.5603
10.5603
10.5603
10.5603
10.5603
10.5603
10.5603
10.5603
10.5603
10.5603
10.5603
10.5603
10.5603
10.5603
10.5603
10.5603
10.5603
10.5603
10.5603
10.5603
10.5549
10.5549
10.5549
10.5549
10.5549
10.5549
10.5549
10.5549
10.5549
10.5549
10.5549
10.5549
10.5549
10.5549
10.5549
10.5549
10.5524
10.5524
10.5524
10.5524
10.5524
10.5456
10.5456
10.5456
10.5456
10.5456
10.5456
10.5456
10.5456
10.5456
10.5456
10.5456
10.5456
10.5456
10.5417
10.5417
10.5417
10.5417
10.5417
10.5417
10.5417
10.5417
10.5417
10.5417
10.5417
10.5417
10.5417
10.5417
10.5417
10.5417
10.5417
10.5417
10.5417
10.5417
10.5417
10.5417
10.5417
10.5417
10.5417
10.5417
10.5417
10.5417
10.5417
10.5417
10.5417
10.5417
10.5417
10.5414
10.5414
10.5414
10.5414
10.5404
10.5377
10.5377
10.5377
10.5377
10.5377
10.5377
10.5377
10.5377
10.5377
10.5377
10.5375
10.5375
10.5375
10.5375
10.5375
10.5375
10.5375
10.5375
10.5375
10.5375
10.5375
10.5375
10.5375
10.5375
10.5375
10.5375
10.5375
10.5375
10.5375
10.5375
10.5375
10.5375
10.5375
10.5375
10.5375
10.5358
10.5358
10.5358
10.5358
10.5358
10.5358
10.5358
10.535
10.535
10.535
10.535
10.535
10.535
10.535
10.535
10.535
10.535
10.535
10.535
10.535
10.5348
10.5348
10.5348
10.534
10.5339
10.5339
10.5339
10.5339
10.5312
10.5312
10.5312
10.5312
10.5302
10.5302
10.5302
10.5302
10.5302
10.5302
10.5302
10.5294
10.5294
10.5294
10.5294
10.5294
10.5294
10.5294
10.5294
10.5294
10.5294
10.5253
10.5253
10.5253
10.5253
10.5253
10.5253
10.5253
10.5253
10.5253
10.5253
10.5253
10.5253
10.5253
10.5252
10.5252
10.5252
10.5252
10.5252
10.5251
10.5222
10.5222
10.5222
10.5184
10.5184
10.5184
10.5184
10.5184
10.5184
10.5184
10.5184
10.5181
10.5181
10.5181
10.5181
10.5181
10.5181
10.5181
10.5181
10.5181
10.5181
10.5181
10.5181
10.5181
10.5181


0.0049897
0.0067796
0.00478324
0.0066549
0.00592001
0.00810355
0.00683523
0.00729008
0.00650149
0.00793876
0.00717636
0.00753037
0.00709507
0.00720113
0.00761318
0.00712088
0.00753675
0.00656084
0.00736681
0.00718352
0.00682847
0.00703045
0.00722476
0.00751071
0.00782194
0.00730171
0.00915009
0.00727021
0.0053687
0.252643

0.03

