486.611
486.611
486.611
486.611
486.611
486.611
486.611
148.04
148.04
148.04
148.04
148.04
55.7013
55.7013
55.7013
55.7013
55.7013
55.7013
55.7013
55.7013
46.3652
46.3652
46.3652
46.3652
46.3652
46.3652
46.3652
46.3652
46.3652
46.3652
46.3652
46.3652
46.3652
46.3652
46.3652
46.3652
46.3652
46.3652
46.3652
45.0757
45.0757
45.0757
45.0757
45.0757
41.0187
41.0187
41.0187
41.0187
41.0187
39.465
39.465
39.465
39.465
39.465
39.465
39.465
39.465
39.465
39.465
37.9101
37.9101
37.9101
37.9101
37.9101
37.9101
37.9101
37.9101
37.9101
37.9101
36.111
36.111
36.111
36.111
36.111
36.111
33.6818
33.6818
33.6818
33.6818
33.6818
33.6818
33.6818
33.6818
33.6818
33.6818
33.6818
33.6818
33.6818
33.6818
33.6818
33.6818
26.7751
26.7751
26.7751
26.7751
26.7751
26.7751
26.7751
25.7695
25.7695
25.7695
25.7695
25.7695
24.973
24.973
24.973
24.973
24.973
24.973
24.973
23.9283
23.9283
23.9283
23.9283
23.9283
23.9283
23.9283
23.9283
23.9283
23.9283
23.4446
23.4446
23.4446
23.4446
23.4446
23.4446
23.4446
23.4446
23.4446
23.4446
23.4446
23.0625
23.0625
23.0625
23.0625
23.0625
22.4943
22.4943
22.4943
22.4943
22.4943
22.4943
22.4943
22.4943
22.4943
22.4943
22.4943
22.4943
22.4943
22.4943
22.4943
22.4943
22.4943
22.0637
20.6607
20.6607
20.6607
20.6607
20.6607
20.6607
20.6607
20.6607
20.6607
20.6607
20.6607
20.6607
20.6607
20.6607
20.6607
20.6607
20.6607
20.6607
20.6607
20.6607
20.6607
20.6607
20.0519
20.0519
20.0519
20.0519
20.0519
20.0519
20.0519
20.0519
19.606
19.606
19.1711
19.1711
19.1559
19.1559
19.1559
19.1559
19.1559
19.1559
19.1559
19.1559
19.1559
18.3602
18.3602
18.2223
18.2223
18.2223
18.2223
18.2223
18.2223
18.2223
18.2223
18.2223
18.2223
18.2223
18.2223
18.2223
18.2223
18.2223
18.2223
18.2223
18.2223
18.2223
18.2223
18.2223
18.0636
18.0636
18.0636
18.0636
18.0636
18.0636
18.0636
18.0636
16.9713
16.9713
16.9713
16.9713
16.9713
16.9713
16.9713
16.9713
16.9713
16.9713
16.9713
16.9713
16.9713
16.9713
16.3408
16.3408
15.5223
15.5223
15.5223
15.5223
15.5223
15.5223
15.5223
15.5223
15.5223
15.5223
15.5223
15.5223
15.5223
15.5223
15.5223
15.5223
15.5223
15.0722
15.0722
15.0722
15.0722
15.0722
15.0722
15.0722
15.0722
15.0722
15.0722
15.0722
15.0722
15.0722
15.0722
14.9013
14.9013
13.6409
13.6409
13.6409
13.6409
13.6409
13.6409
13.6409
13.6409
13.6409
13.6409
13.6409
13.6409
13.6409
13.6409
13.6409
13.6409
13.6409
13.6409
13.6409
13.6409
13.0058
13.0058
13.0058
13.0058
13.0058
13.0058
13.0058
13.0058
12.8684
12.8684
12.8684
12.8684
12.8684
12.8684
12.8684
12.5889
12.5889
12.5889
12.5889
12.4509
12.4509
12.4509
12.4509
12.4509
12.4509
11.8165
11.8165
11.8165
11.8165
11.7154
11.7154
11.7154
11.7154
11.7154
11.7154
11.7154
11.7154
11.7154
11.7154
11.7154
11.7154
11.7154
11.514
11.514
11.514
11.514
11.514
11.514
11.514
11.514
11.514
11.514
11.514
11.514
11.514
11.514
11.514
11.514
11.0715
11.0715
11.0715
11.0715
11.0715
11.0715
11.0715
11.0715
11.0715
10.9977
10.9977
10.9977
10.9977
10.9977
10.9977
10.9977
10.9977
10.9977
10.9977
10.9977
10.9977
10.9977
10.6952
10.6952
10.6449
10.6449
10.6449
10.6449
10.6449
10.6449
10.6177
9.9353
9.9353
9.9353
9.9353
9.9353
9.9353
9.9353
9.9353
9.9353
9.9353
9.9353
9.9353
9.9353
9.9353
9.9353
9.9353
9.9353
9.9353
9.9353
9.9353
9.9353
9.9353
9.9353
9.9353
9.9353
9.9353
9.9353
9.9353
9.9353
9.9353
9.9353
9.9353
9.9353
9.9353
9.9353
9.9353
9.9353
9.9353
9.83428
9.83428
9.83428
9.83428
9.83428
9.83428
9.83428
9.83428
9.83428
9.83428
9.83428
9.83428
9.83428
9.62828
9.62828
9.62828
9.62828
9.62828
9.62828
9.62828
9.62828
9.62828
9.62828
9.62828
9.62828
9.62828
9.62828
9.62828
9.54283
9.54283
9.54283
9.54283
9.54283
9.54283
9.54283
9.54283
9.54283
9.54283
9.54283
9.39055
9.39055
9.39055
9.39055
9.39055
9.39055
9.39055
9.39055
9.39055
9.39055
9.39055
9.07285
9.07285
9.07285
9.07285
9.07285
9.07285
9.07285
9.07285
9.07285
9.07285
9.07285
9.07285
9.07285
9.07285
9.07285
9.07285
9.07285
9.07285
9.07285
9.07285
9.07285
9.05637
9.05637
9.05637
9.05637
9.05637
8.88028
8.88028
8.88028
8.5461
8.5461
8.5461
8.5461
8.5461
8.5461
8.5461
8.5461
8.5461
8.5461
8.5461
8.5461
8.5461
8.5461
8.5461
8.5461
8.5461
8.5461
8.5461
8.5461
8.5461
8.5461
8.5461
8.5461
8.5461
8.4167
8.4167
8.4167
8.4167
8.4167
8.26441
8.26441
8.26441
8.26441
8.26441
8.26441
8.26441
8.26441
8.26441
8.26441
8.26441
8.26441
8.26441
8.26441
8.26441
8.26441
8.26441
8.26441
8.26441
8.26441
8.26441
8.26441
8.26441
8.26441
8.26441
8.26441
8.26441
8.26441
8.26441
8.26441
8.26441
8.26441
8.21406
8.21406
8.21406
8.21406
8.21406
8.21406
8.21406
8.16919
8.16919
8.16919
8.16919
8.01691
8.01691
8.01691
8.01691
8.01691
8.01691
7.35099
7.35099
7.35099
7.35099
7.35099
7.35099
7.35099
7.35099
7.35099
7.35099
7.35099
7.35099
7.35099
7.35099
7.35099
7.35099
7.35099
7.35099
7.35099
7.35099
7.35099
7.35099
7.35099
7.35099
7.2045
7.2045
7.2045
7.10349
7.10349
7.10349
7.10349
7.10349
7.10349
7.10349
7.10349
7.10349
7.10349
7.10349
7.10349
7.10349
7.10349
7.10349
7.10349
7.10349
7.10349
7.10349
7.10349
7.10349
7.10349
7.05313
7.05313
7.05313
7.05313
7.05313
7.05313
7.05313
7.05313
7.05313
7.05313
7.05313
5.90594
5.90594
5.90594
5.90594
5.90594
5.90594
5.90594
5.90594
5.90594
5.90594
5.90594
5.90594
5.90594
5.90594
5.90594
5.90594
5.90594
5.80493
5.80493
5.80493
5.80493
5.80493
5.75457
5.75457
5.75457
5.75457
5.75457
5.75457
5.75457
5.75457
5.75457
5.75457
5.75457
5.75457
5.75457
5.75457
5.75457
5.75457
5.75457
5.75457
5.75457
5.75457
5.75457
5.75457
5.75457
5.75457
5.75457
5.75457
5.75457
5.75457
4.70321
4.70321
4.70321
4.70321
4.70321
4.70321
4.70321
4.70321
4.70321
4.70321
4.70321
4.70321
4.65285
4.65285
4.65285
4.65285
4.65285
4.65285
4.65285
4.65285
4.65285
4.65285
4.65285
4.65285
4.65285
4.65285
4.65285
4.65285
4.65285
4.65285
4.54451
4.54451
4.54451
4.54451
4.54451
4.54451
4.54451
4.54451
4.54451
4.54451
4.54451
4.54451
4.54451
4.54451
4.54451
4.54451
4.54451
4.54451
4.54451
4.54451
4.54451
4.54451
4.54451
4.54451
4.54451
4.54451
4.54451
4.54451
4.54451
4.54451
4.54451
4.54451
4.54451
4.54451
4.54451
4.54451
4.54451
4.54451
4.54451
4.54451
4.54451
4.50331
4.50331
4.50331
4.50331
4.50331
4.50331
4.50331
4.50331
4.50331
4.50331
4.50331
4.50331
4.50331
4.50331
4.50331
4.50331
4.50331
4.50331
4.50331
4.50331
4.43617
4.43617
4.43617
4.43617
4.43617
4.43617
4.43617
4.43617
4.43617
4.43617
4.43617
4.43617
4.43617
4.43617
4.26801
4.26801
4.26801
4.26801
4.26801
4.26801
4.26801
4.26801
4.26801
4.26801
4.26801
4.15967
4.15967
4.15967
4.15967
4.15967
4.15967
4.15967
4.15967
4.15967
4.15967
4.15967
4.15967
4.15967
4.15967
4.15967
4.15967
4.15967
4.15967
4.15967
4.15967
4.15967
4.15967
4.15967
4.1438
4.1438
4.1438
4.1438
4.1438
4.1438
4.1438
4.1438
4.1438
4.1438
4.1438
4.1438
4.1438
4.1438
4.1438
3.97015
3.97015
3.97015
3.97015
3.97015
3.97015
3.97015
3.97015
3.97015
3.97015
3.97015
3.97015
3.97015
3.97015
3.97015
3.97015
3.97015
3.97015
3.97015
3.97015
3.97015
3.82366
3.82366
3.82366
3.82366
3.82366
3.82366
3.82366
3.82366
3.82366
3.82366
3.82366
3.82366
3.82366
3.82366
3.82366
3.82366
3.82366
3.82366
3.82366
3.82366
3.82366
3.82366
3.78246
3.78246
3.78246
3.78246
3.78246
3.78246
3.78246
3.78246
3.78246
3.78246
3.78246
3.78246
3.78246
3.78246
3.78246
3.78246
3.78246
3.78246
3.78246
3.78246
3.78246
3.78246
3.78246
3.75835
3.75835
3.75835
3.75835
3.75835
3.75835
3.75835
3.75835
3.75835
3.75835
3.75835
3.75835
3.75835
3.75835
3.75835
3.75835
3.75835
3.75835
3.71715
3.71715
3.71715
3.71715
3.71715
3.71715
3.71715
3.71715
3.71715
3.60881
3.60881
3.60881
3.60881
3.60881
3.60881
3.60881
3.60881
3.60881
3.60881
3.60881
3.60881
3.60881
3.60881
3.60881
3.60881
3.60881
3.60881
3.60881
3.60881
3.60881
3.60881
3.60881
3.60881
3.60881
3.60881
3.60881
3.60881
3.60881
3.60881
3.60881
3.60881
3.60881
3.60881
3.60881
3.60881
3.60881
3.60881
3.60881
3.60881
3.60881
3.60881
3.60881
3.60881
3.60881
3.60881
3.60881
3.60881
3.60881
3.60881
3.60881
3.60881
3.60881
3.60881
3.60881
3.60881
3.60881
3.60881
3.60881
3.60881
3.60881
3.60881
3.60881
3.60881
3.60881
3.60881
3.60881
3.60881
3.60881
3.60881
3.60881
3.60881
3.60881
3.60881
3.60881
3.60881
3.60881
3.60881
3.60881
3.60881
3.60881
3.60881
3.60881
3.60881
3.60881
3.60881
3.60881
3.60881
3.60881
3.60881
3.60881
3.60881
3.60881
3.60881
3.60881
3.60881
3.60881
3.60881
3.60881
3.60881
3.60881
3.60881
3.60881
3.60881
3.60881
3.60881
3.60881
3.60881
3.60881
3.60881
3.60881
3.60881
3.60881
3.60881
3.60881
3.60881
3.60881
3.60881
3.60881
3.60881
3.60881
3.60881
3.60881
3.60881
3.60881
3.60881
3.60881
3.60881
3.60881
3.60881
3.60881
3.60881
3.60881
3.60881
3.60881
3.60881
3.60881
3.60881
3.60881
3.60881
3.60881
3.60881
3.60881
3.60881
3.60881
3.60881
3.60881
3.60881
3.60881
3.60881
3.60881
3.60881
3.60881
3.60881
3.60881
3.60881
3.60881
3.60881
3.60881
3.60881
3.60881
3.60881
3.60881
3.60881
3.60881
3.60881
3.60881
3.60881
3.60881
3.60881
3.60881
3.60881
3.60881
3.60881
3.60881
3.60881
3.60881
3.60881
3.60881
3.60881
3.60881
3.60881
3.60881
3.60881
3.60881
3.60881
3.60881
3.60881
3.60881
3.60881
3.60881
3.60881
3.60881
3.60881
3.60881
3.60881
3.60881
3.60881
3.60881
3.60881
3.60881
3.60881
3.60881
3.60881
3.60881
3.60881
3.60881
3.60881
3.60881
3.60881
3.60881
3.60881
3.60881
3.60881
3.60881
3.60881
3.60881
3.60881
3.60881
3.60881
3.60881
3.60881
3.60881
3.60881
3.60881
3.60881
3.60881
3.60881
3.60881
3.60881
3.60881
3.60881
3.60881
3.60881
3.60881
3.60881
3.60881
3.60881
3.60881
3.60881
3.60881
3.60881
3.60881
3.60881
3.60881
3.60881
3.60881
3.60881
3.60881
3.60881
3.60881
3.60881
3.60881
3.60881
3.60881
3.60881
3.60881
3.60881
3.60881
3.60881
3.60881
3.60881
3.60881
3.60881
3.60881
3.60881
3.60881
3.60881
3.60881
3.60881
3.60881
3.60881
3.60881
3.60881
3.60881
3.60881
3.60881
3.60881
3.60881
3.60881
3.60881
3.60881
3.60881
3.60881
3.60881
3.60881
3.60881
3.60881
3.60881
3.60881
3.60881
3.60881
3.60881
3.60881
3.60881
3.60881
3.60881
3.60881
3.60881
3.60881
3.60881
3.60881
3.60881
3.60881
3.60881
3.60881
3.60881
3.60881
3.60881
3.60881
3.60881
3.60881
3.60881
3.60881
3.60881
3.60881
3.60881
3.60881
3.60881
3.60881
3.60881
3.60881
3.60881
3.60881
3.60881
3.60881
3.60881
3.60881
3.60881
3.60881
3.60881
3.60881
3.60881
3.60881
3.60881
3.60881
3.60881
3.60881
3.60881
3.60881
3.60881
3.60881
3.60881
3.60881
3.60881
3.60881
3.60881
3.60881
3.60881
3.60881
3.60881
3.60881
3.60881
3.60881
3.60881
3.60881
3.60881
3.60881
3.60881
3.60881
3.60881
3.60881
3.60881
3.60881
3.60881
3.60881
3.60881
3.60881
3.60881
3.60881
3.60881
3.60881
3.60881
3.60881
3.60881
3.60881
3.60881
3.60881
3.60881
3.60881
3.60881
3.60881
3.60881
3.60881
3.60881
3.60881
3.60881
3.60881
3.60881
3.60881
3.60881
3.60881
3.60881
3.60881
3.60881
3.60881
3.60881
3.60881
3.60881
3.60881
3.60881
3.60881
3.60881
3.60881
3.60881
3.60881
3.60881
3.60881
3.60881
3.60881
3.60881
3.60881
3.60881
3.60881
3.60881
3.60881
3.60881
3.60881
3.60881
3.60881
3.60881
3.60881
3.60881
3.60881
3.60881
3.60881
3.60881
3.60881
3.60881
3.60881
3.60881
3.60881
3.60881
3.60881
3.60881
3.60881
3.60881
3.60881
3.60881
3.60881
3.60881
3.60881
3.60881
3.60881
3.60881
3.60881
3.60881
3.60881
3.60881
3.60881
3.60881
3.60881
3.60881
3.60881
3.60881
3.60881
3.60881
3.60881
3.60881
3.60881
3.60881
3.60881
3.60881
3.60881
3.60881
3.60881
3.60881
3.60881
3.60881
3.60881
3.60881
3.60881
3.60881
3.60881
3.60881
3.60881
3.60881
3.60881
3.60881
3.60881
3.60881
3.60881
3.60881
3.60881
3.60881
3.60881
3.60881
3.60881
3.60881
3.60881
3.60881
3.60881
3.60881
3.60881
3.60881
3.60881
3.60881
3.60881
3.60881
3.60881
3.60881
3.60881
3.60881
3.60881
3.60881
3.60881
3.60881
3.60881
3.60881
3.60881
3.60881
3.60881
3.60881
3.60881
3.60881
3.60881
3.60881
3.60881
3.60881
3.60881
3.60881
3.60881
3.60881
3.60881
3.60881
3.60881
3.60881
3.60881
3.60881
3.60881
3.60881
3.60881
3.60881
3.60881
3.60881
3.60881
3.60881
3.60881
3.60881
3.60881
3.60881
3.60881
3.60881
3.60881
3.60881
3.60881
3.60881
3.60881
3.60881
3.60881
3.60881
3.60881
3.60881
3.60881
3.60881
3.60881
3.60881
3.60881
3.60881
3.60881
3.60881
3.60881
3.60881
3.60881
3.60881
3.60881
3.60881
3.60881
3.60881
3.60881
3.60881
3.60881
3.60881
3.60881
3.60881
3.60881
3.60881
3.60881
3.60881
3.60881
3.60881
3.60881
3.60881
3.60881
3.60881
3.60881
3.60881
3.60881
3.60881
3.60881
3.60881
3.60881
3.60881
3.60881
3.60881
3.60881
3.60881
3.60881
3.60881
3.60881
3.60881
3.60881
3.60881
3.60881
3.60881
3.60881
3.60881
3.60881
3.60881
3.60881
3.60881
3.60881
3.60881
3.60881
3.60881
3.60881
3.60881
3.60881
3.60881
3.60881
3.60881
3.60881
3.60881
3.60881
3.60881
3.60881
3.60881
3.60881
3.60881
3.60881
3.60881
3.60881
3.60881
3.60881
3.60881
3.60881
3.60881
3.60881
3.60881
3.60881
3.60881
3.60881
3.60881
3.60881
3.60881
3.60881
3.60881
3.60881
3.60881
3.60881
3.60881
3.60881
3.60881
3.60881
3.60881
3.60881
3.60881
3.60881
3.60881
3.60881
3.60881
3.60881
3.60881
3.60881
3.60881
3.60881
3.60881
3.60881
3.60881
3.60881
3.60881
3.60881
3.60881
3.60881
3.60881
3.60881
3.60881
3.60881
3.60881
3.60881
3.60881
3.60881
3.60881
3.60881
3.60881
3.60881
3.60881
3.60881
3.60881
3.60881
3.60881
3.60881
3.60881
3.60881
3.60881
3.60881
3.60881
3.60881
3.60881
3.60881
3.60881
3.60881
3.60881
3.60881
3.60881
3.60881
3.60881
3.60881
3.60881
3.60881
3.60881
3.60881
3.60881
3.60881
3.60881
3.60881
3.60881
3.60881
3.60881
3.60881
3.60881
3.60881
3.60881
3.60881
3.60881
3.60881
3.60881
3.60881
3.60881
3.60881
3.60881
3.60881
3.60881
3.60881
3.60881
3.60881
3.60881
3.60881
3.60881
3.60881
3.60881
3.60881
3.60881
3.60881
3.60881
3.60881
3.60881
3.60881
3.60881
3.60881
3.60881
3.60881
3.60881
3.60881
3.60881
3.60881
3.60881
3.60881
3.60881
3.60881
3.60881
3.60881
3.60881
3.60881
3.60881
3.60881
3.60881
3.60881
3.60881
3.60881
3.60881
3.60881
3.60881
3.60881
3.60881
3.60881
3.60881
3.60881
3.60881
3.60881
3.60881
3.60881
3.60881
3.60881
3.60881
3.60881
3.60881
3.60881
3.60881
3.60881
3.60881
3.60881
3.60881
3.60881
3.60881
3.60881
3.60881
3.60881
3.60881
3.60881
3.60881
3.60881
3.60881
3.60881
3.60881
3.60881
3.60881
3.60881
3.60881
3.60881
3.60881
3.60881
3.60881
3.60881
3.60881
3.60881
3.60881
3.60881
3.60881
3.60881
3.60881
3.60881
3.60881
3.60881
3.60881
3.60881
3.60881
3.60881
3.60881
3.60881
3.60881
3.60881
3.60881
3.60881
3.60881
3.60881
3.60881
3.60881
3.60881
3.60881
3.60881
3.60881
3.60881
3.60881
3.60881
3.60881
3.60881
3.60881
3.60881
3.60881
3.60881
3.60881
3.60881
3.60881
3.60881
3.60881
3.60881
3.60881
3.60881
3.60881
3.60881
3.60881
3.60881
3.60881
3.60881
3.60881
3.60881
3.60881
3.60881
3.60881
3.60881
3.60881
3.60881
3.60881
3.60881
3.60881
3.60881
3.60881
3.60881
3.60881
3.60881
3.60881
3.60881
3.60881
3.60881
3.60881
3.60881
3.60881
3.60881
3.60881
3.60881
3.60881
3.60881
3.60881
3.60881
3.60881
3.60881
3.60881
3.60881
3.60881
3.60881
3.60881
3.60881
3.60881
3.60881
3.60881
3.60881
3.60881
3.60881
3.60881
3.60881
3.60881
3.60881
3.60881
3.60881
3.60881
3.60881
3.60881
3.60881
3.60881
3.60881
3.60881
3.60881
3.60881
3.60881
3.60881
3.60881
3.60881
3.60881
3.60881
3.60881
3.60881
3.60881
3.60881
3.60881
3.60881
3.60881
3.60881
3.60881
3.60881
3.60881
3.60881
3.60881
3.60881
3.60881
3.60881
3.60881
3.60881
3.60881
3.60881
3.60881
3.60881
3.60881
3.60881
3.60881
3.60881
3.60881
3.60881
3.60881
3.60881
3.60881
3.60881
3.60881
3.60881
3.60881
3.60881
3.60881
3.60881
3.60881
3.60881
3.60881
3.60881
3.60881
3.60881
3.60881
3.60881
3.60881
3.60881
3.60881
3.60881
3.60881
3.60881
3.60881
3.60881
3.60881
3.60881
3.60881
3.60881
3.60881
3.60881
3.60881
3.60881
3.60881
3.60881
3.60881
3.60881
3.60881
3.60881
3.60881
3.60881
3.60881
3.60881
3.60881
3.60881
3.60881
3.60881
3.60881
3.60881
3.60881
3.60881
3.60881
3.60881
3.60881
3.60881
3.60881
3.60881
3.60881
3.60881
3.60881
3.60881
3.60881
3.60881
3.60881
3.60881
3.60881
3.60881
3.60881
3.60881
3.60881
3.60881
3.60881
3.60881
3.60881
3.60881
3.60881
3.60881
3.60881
3.60881
3.60881
3.60881
3.60881
3.60881
3.60881
3.60881
3.60881
3.60881
3.60881
3.60881
3.60881
3.60881
3.60881
3.60881
3.60881
3.60881
3.60881
3.60881
3.60881
3.60881
3.60881
3.60881
3.60881


0.0413526
0.0413526
0.0413526
0.0413526
0.238197
0.0645466
0.0645466
0.0645466
0.0645466
0.0645466
0.0645466
0.0645466
-0.172887
-0.172887
-0.172887
-0.172887
-0.163732
-0.163732
-0.163732
-0.163732
-0.163732
-0.163732
-0.0331126
-0.0331126
-0.0331126
-0.0331126
-0.0331126
0.436262
0.436262
0.0413526

0.02

