8.65119e+08
8.65119e+08
8.65119e+08
8.65119e+08
8.65119e+08
7.63487e+08
7.63487e+08
7.63487e+08
7.63487e+08
7.63487e+08
6.64849e+08
6.64849e+08
6.64849e+08
6.64849e+08
6.64849e+08
6.64849e+08
6.64849e+08
6.64849e+08
6.64849e+08
6.64849e+08
6.64849e+08
6.64849e+08
6.64849e+08
6.64849e+08
6.64849e+08
6.64849e+08
6.64849e+08
6.64849e+08
6.64849e+08
6.64849e+08
6.64849e+08
9.7558e+08
9.7558e+08
9.7558e+08
9.7558e+08
9.7558e+08
9.7558e+08
9.7558e+08
9.7558e+08
9.7558e+08
9.7558e+08
9.7558e+08
9.7558e+08
9.7558e+08
9.18203e+08
9.18203e+08
9.18203e+08
9.18203e+08
9.18203e+08
9.18203e+08
9.18203e+08
9.18203e+08
9.22628e+08
9.22628e+08
8.58407e+08
8.58407e+08
8.58407e+08
8.58407e+08
8.58407e+08
8.58407e+08
8.58407e+08
8.58407e+08
8.58407e+08
8.58407e+08
8.58407e+08
8.33578e+08
8.33578e+08
8.33578e+08
8.33578e+08
8.33578e+08
8.33578e+08
8.33578e+08
8.33578e+08
8.33578e+08
8.33578e+08
8.33578e+08
8.33578e+08
8.33578e+08
4.09863e+08
4.09863e+08
4.09863e+08
5.41e+08
5.41e+08
5.41e+08
5.06757e+08
4.86674e+08
4.48027e+08
4.48027e+08
4.48027e+08
4.48027e+08
4.86674e+08
4.86674e+08
4.86674e+08
4.86674e+08
4.86674e+08
4.86674e+08
4.86674e+08
4.86674e+08
4.86674e+08
4.66539e+08
4.66539e+08
4.66539e+08
4.66539e+08
4.66539e+08
4.66539e+08
4.66539e+08
4.60104e+08
4.60104e+08
4.60104e+08
4.54036e+08
4.54036e+08
4.54036e+08
4.54036e+08
4.54036e+08
4.54036e+08
4.54036e+08
4.54036e+08
4.54036e+08
4.54036e+08
4.60104e+08
4.60104e+08
4.60104e+08
4.60104e+08
4.60104e+08
4.72008e+08
4.72008e+08
4.57777e+08
4.57777e+08
4.57777e+08
4.57777e+08
4.57777e+08
4.57777e+08
4.64178e+08
4.64178e+08
4.64178e+08
4.64178e+08
4.64178e+08
4.64178e+08
4.64178e+08
4.64178e+08
4.64178e+08
4.64178e+08
4.64178e+08
4.51626e+08
4.51626e+08
4.51626e+08
4.41634e+08
4.37302e+08
4.37302e+08
4.37302e+08
4.37302e+08
4.18523e+08
4.10781e+08
4.10781e+08
4.10781e+08
4.10781e+08
4.10781e+08
4.10781e+08
4.16811e+08
4.16811e+08
4.16811e+08
4.16811e+08
4.16811e+08
4.2114e+08
4.2114e+08
4.2114e+08
4.2114e+08
4.2114e+08
4.2114e+08
4.2114e+08
4.2114e+08
4.2114e+08
4.2114e+08
4.16588e+08
4.16588e+08
4.16588e+08
4.16588e+08
4.16588e+08
4.19792e+08
4.19792e+08
4.19792e+08
4.19792e+08
4.19792e+08
4.19792e+08
4.19792e+08
4.19792e+08
4.19792e+08
4.19792e+08
4.19792e+08
4.19792e+08
4.19792e+08
4.22853e+08
4.10979e+08
4.10979e+08
4.10979e+08
4.13541e+08
4.13541e+08
4.13541e+08
4.13541e+08
4.13541e+08
4.13541e+08
4.13541e+08
4.13541e+08
4.13541e+08
4.13541e+08
4.13541e+08
4.13541e+08
4.13541e+08
4.13541e+08
4.13541e+08
4.13541e+08
4.20196e+08
4.02931e+08
4.02931e+08
4.02931e+08
4.02931e+08
4.02931e+08
4.04046e+08
4.04046e+08
4.04046e+08
4.04046e+08
4.04046e+08
4.05819e+08
4.05819e+08
4.05819e+08
4.04697e+08
4.04697e+08
4.04697e+08
4.04697e+08
4.04697e+08
4.04697e+08
4.04697e+08
4.04697e+08
4.04697e+08
4.04697e+08
4.04697e+08
4.04697e+08
4.04697e+08
4.04697e+08
4.04697e+08
4.04697e+08
4.04697e+08
4.04697e+08
4.04697e+08
4.04697e+08
4.04697e+08
4.04697e+08
4.04697e+08
4.04697e+08
4.01173e+08
4.01173e+08
4.01173e+08
4.01173e+08
4.01173e+08
4.01173e+08
4.01173e+08
4.01173e+08
4.01173e+08
4.01173e+08
4.01173e+08
4.01173e+08
3.90136e+08
3.90136e+08
3.90136e+08
3.90136e+08
3.90136e+08
3.90136e+08
3.90136e+08
3.90136e+08
3.90136e+08
3.90136e+08
3.89638e+08
3.82021e+08
3.82021e+08
3.82021e+08
3.82021e+08
3.83177e+08
3.83177e+08
3.83177e+08
3.83177e+08
3.83177e+08
3.83177e+08
3.83177e+08
3.83177e+08
3.81967e+08
3.81967e+08
3.81967e+08
3.81967e+08
3.83177e+08
3.83177e+08
3.83177e+08
3.83177e+08
3.83177e+08
3.83177e+08
3.73958e+08
3.73958e+08
3.73958e+08
3.73958e+08
3.73958e+08
3.73958e+08
3.73958e+08
3.73958e+08
3.73958e+08
3.73958e+08
3.50736e+08
3.50736e+08
3.50736e+08
3.50736e+08
3.50736e+08
3.50736e+08
3.50736e+08
3.50736e+08
3.57527e+08
3.57527e+08
3.57527e+08
3.57577e+08
3.57577e+08
3.57577e+08
3.57577e+08
3.57577e+08
3.57577e+08
3.57577e+08
3.57577e+08
3.57577e+08
3.49e+08
3.49e+08
3.49e+08
3.49e+08
3.49e+08
3.49e+08
3.49e+08
3.52845e+08
3.52845e+08
3.52845e+08
3.52845e+08
3.52845e+08
3.52845e+08
3.55651e+08
3.55651e+08
3.56346e+08
3.56346e+08
3.56346e+08
3.56346e+08
3.56346e+08
3.56346e+08
3.56346e+08
3.56346e+08
3.56346e+08
3.56346e+08
3.56346e+08
3.56346e+08
3.56346e+08
3.56346e+08
3.55414e+08
3.55414e+08
3.55414e+08
3.55414e+08
3.55414e+08
3.55414e+08
3.55414e+08
3.17356e+08
3.17356e+08
3.17356e+08
3.17356e+08
3.17356e+08
3.17356e+08
3.17356e+08
3.17356e+08
3.16894e+08
3.16894e+08
3.16894e+08
3.16894e+08
3.14801e+08
3.14801e+08
3.14801e+08
3.14801e+08
3.14801e+08
3.14801e+08
3.14801e+08
3.14801e+08
3.14801e+08
3.14801e+08
3.12848e+08
3.12848e+08
3.12848e+08
3.12848e+08
3.12848e+08
3.12848e+08
3.12848e+08
3.12848e+08
3.12848e+08
3.12848e+08
2.80728e+08
2.80728e+08
2.80728e+08
2.80728e+08
2.80728e+08
2.80728e+08
2.80728e+08
2.80728e+08
2.80728e+08
2.80728e+08
2.82135e+08
2.82135e+08
2.82135e+08
2.82135e+08
2.82135e+08
2.82135e+08
2.72661e+08
2.72661e+08
2.72661e+08
2.72661e+08
2.72661e+08
2.72661e+08
2.72661e+08
2.70015e+08
2.70015e+08
2.70015e+08
2.70015e+08
2.70015e+08
2.70015e+08
2.70015e+08
2.70015e+08
2.70015e+08
2.70015e+08
2.70015e+08
2.71014e+08
2.71014e+08
2.71014e+08
2.71014e+08
2.62642e+08
2.62642e+08
2.62642e+08
2.62642e+08
2.62642e+08
2.62642e+08
2.62642e+08
2.62642e+08
2.62642e+08
2.62642e+08
2.62642e+08
2.62642e+08
2.62642e+08
2.62642e+08
2.62642e+08
2.62642e+08
2.62642e+08
2.62642e+08
2.62642e+08
2.62642e+08
2.62642e+08
2.62642e+08
2.62642e+08
2.62642e+08
2.62642e+08
2.62642e+08
2.62642e+08
2.62642e+08
2.63576e+08
2.63576e+08
2.63576e+08
2.63576e+08
2.63576e+08
2.63576e+08
2.63576e+08
2.63576e+08
2.63576e+08
2.63576e+08
2.63576e+08
2.63576e+08
2.63576e+08
2.63576e+08
2.63576e+08
2.63576e+08
2.63576e+08
2.63576e+08
2.63576e+08
2.56282e+08
2.56282e+08
2.56282e+08
2.56282e+08
2.56282e+08
2.56282e+08
2.53611e+08
2.53611e+08
2.53611e+08
2.53611e+08
2.53611e+08
2.53611e+08
2.53611e+08
2.53611e+08
2.53611e+08
2.53771e+08
2.52353e+08
2.52353e+08
2.46821e+08
2.46821e+08
2.46821e+08
2.46821e+08
2.46821e+08
2.46821e+08
2.46821e+08
2.46821e+08
2.46821e+08
2.46821e+08
2.46821e+08
2.46821e+08
2.46821e+08
2.46821e+08
2.46821e+08
2.46821e+08
2.46821e+08
2.46821e+08
2.53126e+08
2.53126e+08
2.53126e+08
2.53126e+08
2.53126e+08
2.53126e+08
2.53126e+08
2.53126e+08
2.53126e+08
2.53126e+08
2.53126e+08
2.53126e+08
2.5351e+08
2.5351e+08
2.5351e+08
2.5351e+08
2.5351e+08
2.5351e+08
2.33283e+08
2.33283e+08
2.33283e+08
2.33283e+08
2.33283e+08
2.33283e+08
2.33283e+08
2.33283e+08
2.33283e+08
2.33283e+08
2.33283e+08
2.33283e+08
2.33283e+08
2.33283e+08
2.33283e+08
2.33283e+08
2.33283e+08
2.33283e+08
2.28973e+08
2.28973e+08
2.28973e+08
2.28973e+08
2.28973e+08
2.28973e+08
2.28973e+08
2.26363e+08
2.26363e+08
2.26363e+08
2.26363e+08
2.26363e+08
2.26363e+08
2.26363e+08
2.26363e+08
2.26363e+08
2.26363e+08
2.26363e+08
2.26363e+08
2.26363e+08
2.26363e+08
2.26363e+08
2.26363e+08
2.26363e+08
2.27591e+08
2.27591e+08
2.27591e+08
2.26843e+08
2.26843e+08
2.26843e+08
2.26843e+08
2.26843e+08
2.26843e+08
2.26843e+08
2.26843e+08
2.26843e+08
2.26843e+08
2.26843e+08
2.26843e+08
2.26881e+08
2.27144e+08
2.27144e+08
2.27144e+08
2.27144e+08
2.27144e+08
2.27144e+08
2.27144e+08
2.27144e+08
2.27144e+08
2.27144e+08
2.27786e+08
2.17118e+08
2.17118e+08
2.17118e+08
2.17118e+08
2.17118e+08
2.17118e+08
2.14798e+08
2.14798e+08
2.17118e+08
2.17118e+08
2.17118e+08
2.17118e+08
2.17118e+08
2.17118e+08
2.17118e+08
2.17118e+08
2.17118e+08
2.17118e+08
2.20249e+08
2.20249e+08
2.20249e+08
7.02701e+07
7.02701e+07
7.02701e+07
7.02701e+07
1.15549e+08
1.15549e+08
1.15549e+08
1.15549e+08
1.15549e+08
1.15549e+08
1.15549e+08
1.16709e+08
1.16709e+08
1.16709e+08
1.16709e+08
1.16709e+08
1.16709e+08
1.16709e+08
1.16709e+08
1.16709e+08
1.16709e+08
1.20264e+08
1.20264e+08
1.20264e+08
1.20264e+08
1.20264e+08
1.20264e+08
1.20264e+08
1.20264e+08
1.24861e+08
1.24861e+08
1.24861e+08
1.24861e+08
1.24861e+08
1.24861e+08
1.24861e+08
1.24861e+08
1.24861e+08
1.24861e+08
1.24861e+08
1.24861e+08
1.24861e+08
1.24861e+08
1.24861e+08
1.24861e+08
1.24861e+08
1.24861e+08
1.24861e+08
1.24861e+08
1.24861e+08
1.24861e+08
1.24861e+08
1.24861e+08
1.24861e+08
1.24861e+08
1.26339e+08
1.26339e+08
1.26339e+08
1.26339e+08
1.26339e+08
1.26339e+08
1.26339e+08
1.26339e+08
1.26339e+08
1.26339e+08
1.26339e+08
1.26742e+08
1.26742e+08
1.26742e+08
1.26742e+08
1.26742e+08
1.26742e+08
1.26742e+08
1.26742e+08
1.26742e+08
1.26742e+08
1.26742e+08
1.26742e+08
1.26742e+08
1.26742e+08
1.26742e+08
1.26742e+08
1.27039e+08
1.27039e+08
1.27039e+08
1.27039e+08
1.27039e+08
1.27811e+08
1.27811e+08
1.27811e+08
1.27811e+08
1.27811e+08
1.27811e+08
1.27811e+08
1.27811e+08
1.27811e+08
1.27811e+08
1.27811e+08
1.27811e+08
1.27811e+08
1.27811e+08
1.27811e+08
1.27811e+08
1.27811e+08
1.27811e+08
1.27811e+08
1.27811e+08
1.30281e+08
1.30281e+08
1.30281e+08
1.27181e+08
1.27181e+08
1.27181e+08
1.27181e+08
1.27181e+08
1.27181e+08
1.27317e+08
1.27317e+08
1.27317e+08
1.27317e+08
1.27317e+08
1.27317e+08
1.27317e+08
1.27317e+08
1.27317e+08
1.27317e+08
1.27317e+08
1.27461e+08
1.27461e+08
1.27461e+08
1.28651e+08
1.28651e+08
1.28651e+08
1.28651e+08
1.28651e+08
1.28651e+08
1.28651e+08
1.28651e+08
1.28651e+08
1.28651e+08
1.28651e+08
1.28651e+08
1.28651e+08
1.28651e+08
1.28651e+08
1.2803e+08
1.2803e+08
1.2803e+08
1.2803e+08
1.2803e+08
1.2803e+08
1.2803e+08
1.2803e+08
1.2803e+08
1.2803e+08
1.2803e+08
1.2803e+08
1.2803e+08
1.26705e+08
1.25324e+08
1.25324e+08
1.25324e+08
1.2523e+08
1.2523e+08
1.2523e+08
1.2523e+08
1.2523e+08
1.2523e+08
1.2523e+08
1.2523e+08
1.2523e+08
1.2523e+08
1.2523e+08
1.2523e+08
1.2523e+08
1.2523e+08
1.2523e+08
1.2523e+08
1.2523e+08
1.2523e+08
1.2523e+08
1.2523e+08
1.25671e+08
1.25671e+08
1.25671e+08
1.25671e+08
1.26077e+08
1.26077e+08
1.26077e+08
1.26077e+08
1.26077e+08
1.26077e+08
1.26077e+08
1.26077e+08
1.26077e+08
1.26077e+08
1.26077e+08
1.26077e+08
1.25794e+08
1.25794e+08
1.25794e+08
1.25794e+08
1.25712e+08
1.25712e+08
1.25712e+08
1.25476e+08
1.25205e+08
1.25205e+08
1.25205e+08
1.25205e+08
1.25205e+08
1.25179e+08
1.25179e+08
1.25179e+08
1.25179e+08
1.25179e+08
1.25179e+08
1.25179e+08
1.25179e+08
1.25179e+08
1.25179e+08
1.25179e+08
1.25179e+08
1.22782e+08
1.22782e+08
1.22782e+08
1.21596e+08
1.21596e+08
1.21596e+08
1.21596e+08
1.21596e+08
1.21596e+08
1.21596e+08
1.21596e+08
1.21596e+08
1.21596e+08
1.21596e+08
1.21596e+08
1.21596e+08
1.21596e+08
1.21596e+08
1.21596e+08
1.21596e+08
1.21596e+08
1.21596e+08
1.21596e+08
1.21596e+08
1.21596e+08
1.21596e+08
1.21596e+08
1.21596e+08
1.21596e+08
1.21596e+08
1.21596e+08
1.21596e+08
1.21596e+08
1.21596e+08
1.21596e+08
1.21596e+08
1.21596e+08
1.21596e+08
1.21596e+08
1.21596e+08
1.21596e+08
1.21596e+08
1.21596e+08
1.21596e+08
1.21596e+08
1.21596e+08
1.21596e+08
1.21596e+08
1.21596e+08
1.21596e+08
1.21596e+08
1.21052e+08
1.21052e+08
1.21052e+08
1.21052e+08
1.21052e+08
1.21052e+08
1.21052e+08
1.21052e+08
1.21052e+08
1.21052e+08
1.21052e+08
1.21052e+08
1.21052e+08
1.21052e+08
1.21052e+08
1.21052e+08
1.21052e+08
1.20537e+08
1.20537e+08
1.20537e+08
1.20537e+08
1.20537e+08
1.20537e+08
1.20537e+08
1.20537e+08
1.20537e+08
1.20537e+08
1.20537e+08
1.20537e+08
1.20537e+08
1.20537e+08
1.20537e+08
1.20537e+08
1.20571e+08
1.18194e+08
1.18194e+08
1.18194e+08
1.18194e+08
1.18194e+08
1.18194e+08
1.18247e+08
1.18247e+08
1.18247e+08
1.18247e+08
1.18247e+08
1.18247e+08
1.18247e+08
1.18247e+08
1.18247e+08
1.18247e+08
1.18247e+08
1.18247e+08
1.18247e+08
1.18247e+08
1.16906e+08
1.16906e+08
1.16906e+08
1.16906e+08
1.16906e+08
1.16906e+08
1.16906e+08
1.16906e+08
1.16906e+08
1.16906e+08
1.16906e+08
1.16906e+08
1.16906e+08
1.16906e+08
1.16906e+08
1.16906e+08
1.16906e+08
1.1605e+08
1.1605e+08
1.1605e+08
1.1605e+08
1.16126e+08
1.16126e+08
1.16126e+08
1.16126e+08
1.16126e+08
1.16126e+08
1.16126e+08
1.16126e+08
1.16126e+08
1.16126e+08
1.16126e+08
1.16126e+08
1.16126e+08
1.16126e+08
1.16778e+08
1.16778e+08
1.16778e+08
1.16816e+08
1.16816e+08
1.16816e+08
1.16816e+08
1.16816e+08
1.16816e+08
1.16816e+08
1.16816e+08
1.16816e+08
1.16816e+08
1.16676e+08
1.16676e+08
1.16676e+08
1.16676e+08
1.1671e+08
1.1671e+08
1.1671e+08
1.16741e+08
1.16741e+08
1.16128e+08
1.16128e+08
1.16128e+08
1.16128e+08
1.16128e+08
1.16128e+08
1.16128e+08
1.16128e+08
1.16128e+08
1.16128e+08
1.16128e+08
1.16816e+08
1.16816e+08
1.16816e+08
1.14419e+08
1.14419e+08
1.14419e+08
1.14419e+08
1.14419e+08
1.14419e+08
1.14419e+08
1.14419e+08
1.14419e+08
1.14419e+08
1.14419e+08
1.14419e+08
1.14419e+08
1.14419e+08
1.14419e+08
1.14419e+08
1.14419e+08
1.14419e+08
1.14419e+08
1.14419e+08
1.14419e+08
1.14419e+08
1.14419e+08
1.14419e+08
1.14419e+08
1.1403e+08
1.1403e+08
1.1403e+08
1.1403e+08
1.1403e+08
1.1403e+08
1.1403e+08
1.1403e+08
1.1403e+08
1.1403e+08
1.1403e+08
1.1403e+08
1.1403e+08
1.1403e+08
1.1403e+08
1.1403e+08
1.1403e+08
1.1403e+08
1.1403e+08
1.1403e+08
1.1403e+08
1.1403e+08
1.1403e+08
1.1403e+08
1.1403e+08
1.1403e+08
1.1403e+08
1.1403e+08
1.1403e+08
1.1403e+08
1.1403e+08
1.1403e+08
1.14351e+08
1.14351e+08
1.14341e+08
1.14341e+08
1.14341e+08
1.14341e+08
1.14341e+08
1.14341e+08
1.14341e+08
1.14341e+08
1.14341e+08
1.14341e+08
1.14341e+08
1.14341e+08
1.14341e+08
1.14341e+08
1.14341e+08
1.14341e+08
1.14341e+08
1.14341e+08
1.14341e+08
1.14341e+08
1.14341e+08
1.14348e+08
1.14348e+08
1.14348e+08
1.14348e+08
1.14348e+08
1.14348e+08
1.14348e+08
1.14348e+08
1.14348e+08
1.14348e+08
1.14348e+08
1.14348e+08
1.14348e+08
1.14348e+08
1.14348e+08
1.14348e+08
1.14348e+08
1.14348e+08
1.14348e+08
1.14348e+08
1.14348e+08
1.14348e+08
1.14348e+08
1.14348e+08
1.14348e+08
1.14348e+08
1.14348e+08
1.14348e+08
1.14348e+08
1.14348e+08
1.14348e+08
1.14348e+08
1.14635e+08
1.14635e+08
1.14635e+08
1.13147e+08
1.13147e+08
1.13147e+08
1.13147e+08
1.13147e+08
1.13147e+08
1.13147e+08
1.12858e+08
1.12858e+08
1.12858e+08
1.12858e+08
1.12858e+08
1.12858e+08
1.12858e+08
1.12858e+08
1.12858e+08
1.12858e+08
1.12858e+08
1.12858e+08
1.13161e+08
1.12661e+08
1.12661e+08
1.12661e+08
1.12661e+08
1.12661e+08
1.12661e+08
1.12661e+08
1.12661e+08
1.12661e+08
1.12661e+08
1.12084e+08
1.12084e+08
1.12084e+08
1.12084e+08
1.12084e+08
1.12084e+08
1.12084e+08
1.12084e+08
1.12661e+08
1.12661e+08
1.12661e+08
1.12661e+08
1.12661e+08
1.12661e+08
1.12661e+08
1.12661e+08
1.12661e+08
1.12661e+08
1.12661e+08
1.12661e+08
1.12661e+08
1.1257e+08
1.1257e+08
1.1257e+08
1.1257e+08
1.1257e+08
1.12606e+08
1.12606e+08
1.12606e+08
1.12606e+08
1.11716e+08
1.11716e+08
1.11716e+08
1.11716e+08
1.11716e+08
1.11716e+08
1.11716e+08
1.11716e+08
1.11716e+08
1.11716e+08
1.12506e+08
1.12506e+08
1.12506e+08
1.12506e+08
1.12506e+08
1.12506e+08
1.12506e+08
1.12356e+08
1.12356e+08
1.12356e+08
1.12356e+08
1.12356e+08
1.12356e+08
1.12356e+08
1.12356e+08
1.12356e+08
1.12356e+08
1.12356e+08
1.12356e+08
1.12356e+08
1.12356e+08
1.12356e+08
1.12356e+08
1.12356e+08
1.12356e+08
1.12356e+08
1.12356e+08
1.12356e+08
1.12356e+08
1.12356e+08
1.12356e+08
1.12356e+08
1.12356e+08
1.12356e+08
1.12356e+08
1.12356e+08
1.12356e+08
1.12356e+08
1.12356e+08
1.12356e+08
1.12356e+08
1.12356e+08
1.12356e+08
1.12356e+08
1.12182e+08
1.12182e+08
1.12182e+08
1.12182e+08
1.12182e+08
1.12182e+08
1.12182e+08
1.11698e+08
1.11698e+08
1.11698e+08
1.11698e+08
1.11698e+08
1.11698e+08
1.11698e+08
1.11698e+08
1.11698e+08
1.11076e+08
1.11076e+08
1.11076e+08
1.11076e+08
1.11076e+08
1.11391e+08
1.11391e+08
1.11391e+08
1.11391e+08
1.11391e+08
1.11391e+08
1.11137e+08
1.11137e+08
1.11137e+08
1.11137e+08
1.11137e+08
1.11137e+08
1.11137e+08
1.11137e+08
1.11137e+08
1.11137e+08
1.11137e+08
1.11137e+08
1.11137e+08
1.11137e+08
1.11137e+08
1.11137e+08
1.11137e+08
1.11137e+08
1.11137e+08
1.11137e+08
1.11137e+08
1.11137e+08
1.11137e+08
1.1113e+08
1.1113e+08
1.1113e+08
1.1113e+08
1.1113e+08
1.1113e+08
1.1113e+08
1.1113e+08
1.10482e+08
1.10482e+08
1.10482e+08
1.10482e+08
1.10482e+08
1.10531e+08
1.10531e+08
1.10531e+08
1.10531e+08
1.10531e+08
1.10531e+08
1.10531e+08
1.10531e+08
1.10537e+08
1.10537e+08
1.10537e+08
1.10537e+08
1.10537e+08
1.10537e+08
1.10182e+08
1.10182e+08
1.10182e+08
1.10182e+08
1.10182e+08
1.10182e+08
1.10182e+08
1.10182e+08
1.10182e+08
1.10182e+08
1.10182e+08
1.10182e+08
1.10182e+08
1.10182e+08
1.10182e+08
1.10182e+08
1.10182e+08
1.10182e+08
1.10182e+08
1.10182e+08
1.10182e+08
1.10182e+08
1.10182e+08
1.10182e+08
1.10182e+08
1.10182e+08
1.10182e+08
1.10182e+08
1.10153e+08
1.10098e+08
1.10098e+08
1.10098e+08
1.10098e+08
1.10098e+08
1.10098e+08
1.10098e+08
1.10098e+08
1.10098e+08
1.10098e+08
1.10098e+08
1.10098e+08
1.10098e+08
1.10026e+08
1.10026e+08
1.10026e+08
1.10026e+08
1.10026e+08
1.10026e+08
1.10026e+08
1.10026e+08
1.10026e+08
1.10026e+08
1.10026e+08
1.10026e+08
1.10026e+08
1.10026e+08
1.10026e+08
1.10026e+08
1.10026e+08
1.10026e+08
1.10026e+08
1.10026e+08
1.10026e+08
1.10026e+08
1.10026e+08
1.10026e+08
1.10026e+08
1.10026e+08
1.09479e+08
1.09479e+08
1.09479e+08
1.09479e+08
1.09479e+08
1.09479e+08
1.09479e+08
1.09479e+08
1.09479e+08
1.09479e+08
1.09518e+08
1.09518e+08
1.09518e+08
1.09518e+08
1.09518e+08
1.09518e+08
1.09518e+08
1.09518e+08
1.09518e+08
1.09518e+08
1.09518e+08
1.09518e+08
1.09518e+08
1.09518e+08
1.09518e+08
1.09518e+08
1.09518e+08
1.09518e+08
1.09518e+08
1.09518e+08
1.09518e+08
1.09518e+08
1.09518e+08
1.09518e+08
1.09518e+08
1.09518e+08
1.09518e+08
1.09518e+08
1.09518e+08
1.09518e+08
1.09518e+08
1.09583e+08
1.09583e+08
1.09583e+08
1.09478e+08
1.09478e+08
1.09478e+08
1.09478e+08
1.09478e+08
1.09478e+08
1.09478e+08
1.09478e+08
1.09478e+08
1.09478e+08
1.09478e+08
1.09352e+08
1.09352e+08
1.08986e+08
1.08986e+08
1.08986e+08
1.08986e+08
1.08986e+08
1.08986e+08
1.08986e+08
1.08986e+08
1.08986e+08
1.08986e+08
1.08986e+08
1.08986e+08
1.08986e+08
1.08817e+08
1.08817e+08
1.08817e+08
1.08817e+08
1.08513e+08
1.08513e+08
1.08513e+08
1.08513e+08
1.08513e+08
1.08513e+08
1.08817e+08
1.08817e+08
1.08817e+08
1.08817e+08
1.08817e+08
1.08817e+08
1.08817e+08
1.08817e+08
1.08817e+08
1.08817e+08
1.08817e+08
1.08817e+08
1.08817e+08
1.08858e+08
1.08858e+08
1.08858e+08
1.08858e+08
1.08858e+08
1.08858e+08
1.08543e+08
1.08543e+08
1.08543e+08
1.08543e+08
1.08543e+08
1.08543e+08
1.08543e+08
1.08548e+08
1.08548e+08
1.08548e+08
1.08548e+08
1.08548e+08
1.08548e+08
1.08548e+08
1.08548e+08
1.08548e+08
1.08548e+08
1.08548e+08
1.08548e+08
1.08548e+08
1.08548e+08
1.08546e+08
1.08546e+08
1.08546e+08
1.08546e+08
1.08546e+08
1.08546e+08
1.08546e+08
1.08546e+08
1.08546e+08
1.08546e+08
1.0855e+08
1.0855e+08
1.0855e+08
1.0855e+08
1.0855e+08
1.0855e+08
1.0855e+08
1.0855e+08
1.0855e+08
1.0855e+08
1.08342e+08
1.08342e+08
1.08342e+08
1.08342e+08
1.08342e+08
1.08342e+08
1.08342e+08
1.08338e+08
1.08338e+08
1.08338e+08
1.08338e+08
1.08342e+08
1.08433e+08
1.0821e+08
1.0821e+08
1.0821e+08
1.0821e+08
1.0821e+08
1.0821e+08
1.0821e+08
1.0821e+08
1.08435e+08
1.08435e+08
1.08435e+08
1.08435e+08
1.08435e+08
1.08435e+08
1.08435e+08
1.08435e+08
1.08435e+08
1.08435e+08
1.08435e+08
1.08435e+08
1.08435e+08
1.0834e+08
1.0834e+08
1.0834e+08
1.0834e+08
1.0834e+08
1.0834e+08
1.0834e+08
1.0834e+08
1.0818e+08
1.0818e+08
1.0818e+08
1.0818e+08
1.0818e+08
1.0818e+08
1.0818e+08
1.0818e+08
1.0818e+08
1.0818e+08
1.0818e+08
1.08405e+08
1.08405e+08
1.08405e+08
1.08405e+08
1.08405e+08
1.08405e+08
1.08405e+08
1.08176e+08
1.08176e+08
1.08176e+08
1.08176e+08
1.08176e+08
1.08176e+08
1.08176e+08
1.08176e+08
1.08176e+08
1.08176e+08
1.08176e+08
1.08176e+08
1.08176e+08
1.08176e+08
1.08176e+08
1.08176e+08
1.08176e+08
1.08191e+08
1.08191e+08
1.08191e+08
1.07862e+08
1.07862e+08
1.07862e+08
1.07862e+08
1.07862e+08
1.07862e+08
1.07862e+08
1.07862e+08
1.07862e+08
1.07862e+08
1.07862e+08
1.08028e+08
1.08028e+08
1.08028e+08
1.08028e+08
1.08028e+08
1.08028e+08
1.08028e+08
1.08028e+08
1.08028e+08
1.08028e+08
1.07943e+08
1.07943e+08
1.07943e+08
1.07943e+08
1.07943e+08
1.07943e+08
1.07599e+08
1.07599e+08
1.07599e+08
1.07599e+08
1.07599e+08
1.07599e+08
1.07599e+08
1.07599e+08
1.07599e+08
1.07599e+08
1.07599e+08
1.07599e+08
1.07599e+08
1.07599e+08
1.07599e+08
1.07599e+08
1.07642e+08
1.07642e+08
1.07642e+08
1.07642e+08
1.07642e+08
1.07642e+08
1.07642e+08
1.07642e+08
1.07642e+08
1.07642e+08
1.07642e+08
1.07642e+08
1.07642e+08
1.07642e+08
1.07642e+08
1.07642e+08
1.07642e+08
1.07642e+08
1.07642e+08
1.07642e+08
1.07719e+08
1.07719e+08
1.07719e+08
1.07719e+08
1.07719e+08
1.07719e+08
1.07719e+08
1.07719e+08
1.07719e+08
1.07719e+08
1.07719e+08
1.07719e+08
1.07719e+08
1.07719e+08
1.07719e+08
1.07719e+08
1.07719e+08
1.07719e+08
1.07727e+08
1.07727e+08
1.07727e+08
1.07671e+08
1.07671e+08
1.07671e+08
1.07671e+08
1.07671e+08
1.07671e+08
1.07671e+08
1.07671e+08
1.07671e+08
1.07671e+08
1.07671e+08
1.07671e+08
1.07671e+08
1.07671e+08
1.07671e+08
1.07671e+08
1.07671e+08
1.07671e+08
1.07671e+08
1.07671e+08
1.07671e+08
1.07671e+08
1.07671e+08
1.07671e+08
1.07671e+08
1.07671e+08
1.075e+08
1.075e+08
1.075e+08
1.075e+08
1.075e+08
1.075e+08
1.075e+08
1.075e+08
1.07546e+08
1.07546e+08
1.07546e+08
1.07546e+08
1.07512e+08
1.07512e+08
1.07512e+08
1.07512e+08
1.07512e+08
1.07433e+08
1.07433e+08
1.07433e+08
1.07433e+08
1.07433e+08
1.07433e+08
1.07512e+08
1.07512e+08
1.07512e+08
1.07512e+08
1.07512e+08
1.07525e+08
1.07525e+08
1.07525e+08
1.07525e+08
1.07525e+08
1.07525e+08
1.07525e+08
1.07525e+08
1.07525e+08
1.07525e+08
1.07525e+08
1.07525e+08
1.07527e+08
1.07457e+08
1.07457e+08
1.07457e+08
1.07457e+08
1.07457e+08
1.07457e+08
1.07345e+08
1.07345e+08
1.07345e+08
1.07345e+08
1.07345e+08
1.07345e+08
1.07345e+08
1.07345e+08
1.07345e+08
1.07345e+08
1.07345e+08
1.07345e+08
1.07345e+08
1.07345e+08
1.07345e+08
1.07345e+08
1.07345e+08
1.07345e+08
1.07345e+08
1.07345e+08
1.07222e+08
1.07222e+08
1.07222e+08
1.07222e+08
1.07222e+08
1.07222e+08
1.07222e+08
1.07222e+08
1.07222e+08
1.07222e+08
1.07222e+08
1.07222e+08
1.07222e+08
1.07222e+08
1.07222e+08
1.07222e+08
1.07222e+08
1.07222e+08
1.07222e+08
1.07222e+08
1.07222e+08
1.07222e+08
1.07222e+08
1.07222e+08
1.071e+08
1.071e+08
1.071e+08
1.071e+08
1.071e+08
1.071e+08
1.071e+08
1.071e+08
1.071e+08
1.071e+08
1.071e+08
1.071e+08
1.071e+08
1.071e+08
1.071e+08
1.071e+08
1.06381e+08
1.06381e+08
1.06381e+08
1.06381e+08
1.06381e+08
1.06381e+08
1.06794e+08
1.06794e+08
1.06372e+08
1.06372e+08
1.06576e+08
1.06576e+08
1.06576e+08
1.06576e+08
1.06576e+08
1.06576e+08
1.06576e+08
1.06576e+08
1.06576e+08
1.06576e+08
1.06576e+08
1.06576e+08
1.06576e+08
1.06576e+08
1.06576e+08
1.06576e+08
1.06576e+08
1.06576e+08
1.06576e+08
1.06478e+08
1.06478e+08
1.06478e+08
1.06478e+08
1.06478e+08
1.06478e+08
1.06478e+08
1.06478e+08
1.06478e+08
1.06478e+08
1.06478e+08
1.06478e+08
1.06478e+08
1.06478e+08
1.06478e+08
1.06478e+08
1.06478e+08
1.06478e+08
1.06478e+08
1.06478e+08
1.06478e+08
1.06478e+08
1.06478e+08
1.06313e+08
1.06313e+08
1.06313e+08
1.06313e+08
1.06313e+08
1.06313e+08
1.06313e+08
1.06313e+08
1.06313e+08
1.06313e+08
1.06313e+08
1.06313e+08
1.06313e+08
1.06313e+08
1.06313e+08
1.06313e+08
1.06313e+08
1.06313e+08
1.0639e+08
1.0639e+08
1.0639e+08
1.0639e+08
1.0639e+08
1.0639e+08
1.06226e+08
1.06226e+08
1.06226e+08
1.06226e+08
1.06226e+08
1.06226e+08
1.06226e+08
1.0595e+08
1.0595e+08
1.0595e+08
1.0595e+08
1.0595e+08
1.0595e+08
1.0595e+08
1.0595e+08
1.0595e+08
1.06169e+08
1.06169e+08
1.06169e+08
1.06169e+08
1.06169e+08
1.06169e+08
1.06169e+08
1.06169e+08
1.06169e+08
1.06169e+08
1.06169e+08
1.06169e+08
1.06169e+08
1.06169e+08
1.06169e+08
1.06169e+08
1.06169e+08
1.06169e+08
1.06169e+08
1.05546e+08
1.05546e+08
1.05829e+08
1.05829e+08
1.05829e+08
1.05829e+08
1.05829e+08
1.05829e+08
1.05829e+08
1.05829e+08
1.05829e+08
1.05829e+08
1.05829e+08
1.05829e+08
1.05829e+08
1.05829e+08
1.05829e+08
1.05829e+08
1.05829e+08
1.05829e+08
1.05829e+08
1.05829e+08
1.05829e+08
1.05829e+08
1.05829e+08
1.05383e+08
1.05353e+08
1.05353e+08
1.05353e+08
1.05353e+08
1.05353e+08
1.05353e+08
1.05353e+08
1.05353e+08
1.05353e+08
1.05353e+08
1.05353e+08
1.05353e+08
1.05353e+08
1.05353e+08
1.05353e+08
1.05353e+08
1.05353e+08
1.05353e+08
1.05353e+08
1.05353e+08
1.05353e+08
1.05353e+08
1.05353e+08
1.05353e+08
1.05353e+08
1.05353e+08
1.05353e+08
1.05353e+08
1.05353e+08
1.05442e+08
1.05442e+08
1.05442e+08


6.79788
5.69931
3.87294
2.46886
2.69693
2.5475
2.9118
1.74713
1.49993
1.38831
-0.696908
0.180065
2.0313
1.9436
0.898042
0.756767
0.758824
-1.28959
-0.75705
-0.608898
-0.242085
0.628642
-0.0636284
-0.563785
2.70712
-0.624703
-2.23117
-1.93829
-1.91872
4.70196

0.024

