2301.03
1891.54
1481.69
777.171
777.171
777.171
777.171
686.472
719.846
719.846
748.488
748.488
537.121
537.121
537.121
537.121
537.121
537.121
537.121
537.121
537.121
618.248
618.248
618.248
618.248
618.248
618.248
618.248
618.248
638.32
599.271
587.265
587.265
439.671
645.418
734.261
764.718
764.718
787.933
787.933
787.933
542.33
542.33
424.149
528.547
567.98
567.98
567.98
639.668
587.425
638.209
698.768
698.768
698.768
501.305
501.305
501.305
381.009
381.009
381.009
381.009
381.009
556.656
762.658
454.51
454.51
459.282
413.015
413.015
413.015
413.015
413.015
578.896
456.063
456.063
472.625
472.625
370.926
370.926
330.215
330.215
248.285
248.285
248.285
255.472
212.396
212.396
259.625
259.625
208.146
208.146
208.146
224.234
224.234
224.234
224.234
233.352
180.686
180.686
180.686
180.686
225.15
225.15
225.15
246.76
239.181
200.711
200.711
200.711
286.267
268.135
223.803
223.803
251.862
208.209
208.209
208.209
208.209
208.209
208.209
197.61
219.358
219.358
219.358
219.358
219.358
217.313
217.313
217.313
251.326
251.326
196.213
196.213
305.924
294.992
220.484
220.484
220.484
220.484
258.264
258.264
201.516
201.516
221.856
221.856
286.649
286.649
286.649
266.083
258.486
225.668
225.668
225.668
225.668
225.668
225.668
238.399
238.399
245.216
245.216
194.21
177.611
185.382
185.345
181.616
173.255
181.616
149.047
149.047
149.047
149.047
111.869
111.869
111.869
111.869
111.869
165.071
174.541
174.541
174.541
174.541
174.541
207.472
186.74
186.74
189.721
189.721
189.721
189.721
189.721
189.721
189.721
189.474
189.721
231.205
231.205
192.619
192.619
192.619
192.619
192.619
192.619
192.619
229.674
229.674
175.778
175.778
175.778
194.172
194.172
209.895
159.366
159.366
159.366
211.969
211.969
211.969
211.969
211.969
211.969
226.557
226.557
222.063
201.303
201.303
226.557
255.317
252.718
252.718
217.002
206.646
204.208
217.002
158.452
158.452
158.452
159.739
159.739
150.387
142.567
149.439
149.439
170.18
170.18
288.728
288.728
288.728
288.728
288.728
288.728
164.86
192.891
210.897
212.366
212.366
201.129
221.454
159.465
201.565
164.727
151.854
151.854
151.854
151.854
151.854
151.854
151.854
151.415
108.456
108.456
108.456
108.456
108.456
108.456
108.456
108.456
108.456
133.124
133.124
133.124
133.124
159.315
213.535
213.535
208.004
208.004
219.599
269.215
217.227
190.607
222.191
269.215
244.649
244.649
244.649
244.649
244.649
213.009
186.861
173.962
213.009
203.541
203.541
203.541
166.308
166.308
166.308
166.308
166.308
111.77
111.77
111.77
190.679
190.679
222.823
222.823
325.275
325.275
325.805
237.858
237.858
237.509
168.282
168.282
164.884
189.253
189.253
189.253
189.253
189.253
189.253
189.253
201.469
316.922
175.819
175.819
175.819
175.819
175.819
259.129
259.129
259.129
259.129
167.691
158.963
158.963
167.691
167.691
139.831
257.101
259.129
259.129
279.833
256.653
256.653
256.653
210.466
210.466
210.466
161.646
175.109
175.109
179.055
179.055
179.055
179.055
179.207
157.966
140.189
181.322
181.322
181.322
155.811
155.811
155.811
151.636
151.636
151.636
151.636
151.636
145.17
133.216
133.216
145.17
145.17
145.17
151.636
151.636
151.636
151.636
151.636
151.636
151.636
151.636
151.636
186.603
186.603
186.603
182.163
182.163
182.163
158.881
134.629
124.857
136.442
136.442
173.747
219.94
219.94
219.94
219.94
219.94
212.069
171.173
171.173
159.419
159.419
189.01
189.01
189.01
189.01
162.979
162.979
162.979
124.283
108.307
119.527
119.527
119.527
119.527
119.527
119.527
148.482
138.916
138.916
138.916
138.916
138.916
138.916
131.957
110.37
141.016
141.016
151.671
151.671
151.671
151.671
151.671
151.671
151.671
148.437
148.437
158.377
159.144
159.144
159.144
159.144
165.257
172.293
197.69
177.628
177.628
177.628
177.628
183.911
183.911
183.911
183.911
183.911
183.911
183.911
183.911
183.911
183.911
183.911
176.68
176.68
176.68
176.68
176.68
229.524
224.499
223.537
221.729
221.729
221.729
221.729
221.729
223.244
223.244
223.244
223.244
289.121
174.014
174.014
174.014
186.375
186.375
186.375
178.075
178.075
186.375
186.375
186.375
186.375
186.375
186.375
186.375
186.375
193.336
184.102
153.804
153.804
190.968
190.968
190.968
151.739
162.856
162.856
162.856
156.489
168.248
139.938
136.987
136.987
136.987
110.808
110.808
113.796
113.796
113.796
113.796
113.796
113.796
143.619
156.54
156.54
136.953
136.953
136.953
136.953
177.694
161.584
161.584
161.584
150.136
150.136
150.136
131.73
131.73
131.73
131.73
131.73
131.73
147.266
147.266
147.266
147.266
147.266
147.266
147.266
236.041
179.93
179.93
179.93
179.93
194.341
194.341
194.341
231.09
185.186
185.186
254.827
250.379
250.379
250.379
211.094
211.094
211.094
254.827
217.965
217.965
217.965
217.965
193.853
217.965
217.965
217.965
217.965
217.965
217.965
217.965
217.965
238.232
238.232
238.232
238.232
230.5
189.753
189.753
189.753
147.02
147.02
147.02
169.26
169.26
169.26
169.26
169.26
169.26
195.39
195.39
195.39
195.39
195.39
195.39
210.095
210.095
210.095
273.331
265.804
247.294
258.687
168.549
168.549
168.549
168.549
168.549
188.869
188.869
152.968
127.98
127.98
127.98
127.98
127.98
127.98
127.98
127.98
127.98
152.954
136.685
150.03
150.03
150.03
150.03
150.03
150.03
165.159
165.159
112.379
112.379
112.379
112.379
145.932
124.863
124.863
124.863
174.116
174.116
174.116
180.773
180.773
180.773
187.478
187.478
145.134
145.134
145.134
140.055
269.362
212.3
181.845
181.845
144.988
144.988
144.988
144.988
176.859
189.036
189.036
146.79
220.666
172.712
172.712
165.791
165.791
165.791
165.791
144.947
113.08
113.08
144.947
144.947
144.947
130.749
130.749
130.749
130.749
130.749
130.749
130.749
123.368
123.368
123.368
180.057
196.636
199.71
199.71
214.135
241.046
206.137
208.075
182.685
182.685
182.685
182.685
153.315
115.856
115.856
147.099
160.981
160.981
126.793
126.793
126.793
126.793
100.72
100.72
100.72
112.082
112.082
112.082
112.082
113.113
113.113
113.113
113.113
113.113
113.113
116.931
116.931
116.931
110.431
110.431
110.431
116.931
116.931
116.931
116.104
116.931
116.931
116.931
116.931
116.931
116.931
116.931
116.931
116.931
116.931
116.931
131.514
131.514
131.514
131.514
131.514
204.881
189.834
154.69
154.69
154.69
154.69
193.933
193.933
193.933
243.219
215.399
215.399
207.631
177.973
177.973
150.468
150.468
149.085
149.085
149.085
149.085
150.468
150.468
150.468
117.041
132.579
143.293
143.293
111.02
111.02
111.02
102.545
102.545
102.545
102.545
102.545
103.517
103.517
107.456
107.456
112.412
186.593
147.767
147.767
124.708
128.255
128.255
171.942
147.785
147.785
147.785
141.924
141.924
141.924
147.785
147.785
135.208
156.859
139.19
132.866
132.866
131.394
131.394
132.866
102.591
102.591
102.591
102.591
63.8194
63.8194
70.0494
70.0494
70.0494
70.0494
70.0494
70.0494
70.0494
70.0494
81.0656
81.0656
113.137
116.687
116.687
133.157
133.157
133.157
133.157
165.581
165.581
165.581
165.581
121.392
121.392
121.392
121.392
121.392
111.643
101.383
111.643
111.643
111.643
111.643
111.643
156.957
148.974
148.453
126.752
126.752
126.752
126.752
126.752
126.752
126.752
126.752
118.132
118.132
118.132
118.132
118.132
118.132
82.8448
82.8448
99.631
99.631
123.203
123.203
123.203
123.203
120.548
117.217
118.493
118.493
118.493
118.493
118.493
118.493
131.213
136.902
136.902
136.902
136.902
136.902
134.994
117.591
117.591
117.591
117.591
117.591
117.591
135.043
135.043
135.043
135.043
135.043
135.043
135.043
135.043
98.1052
98.1052
127.13
127.13
127.13
127.13
156.708
156.708
137.188
143.684
137.621
137.621
137.621
137.621
113.763
113.763
106.891
110.309
110.309
110.309
156.666
152.638
163.138
163.138
163.138
147.195
164.193
164.193
150.39
150.39
164.193
164.193
164.193
164.193
172.725
173.726
164.074
133.083
133.644
133.644
154.832
153.169
153.169
127.269
127.269
127.269
127.269
127.269
127.269
91.5713
91.5713
127.269
127.106
104.049
106.496
106.496
106.496
104.665
104.665
131.506
131.506
131.506
92.5014
206.65
155.014
146.588
146.588
155.014
155.014
155.014
155.014
164.388
164.388
164.388
152.869
152.869
152.869
134.439
134.439
134.439
134.439
134.439
134.439
134.439
102.399
102.399
102.399
102.399
130.928
130.928
130.928
157.863
143.589
114.373
114.373
157.863
157.863
193.634
150.227
150.227
150.227
128.892
128.892
109.833
109.833
117.114
128.892
131.658
134.709
134.709
138.159
138.159
134.824
134.824
126.701
126.701
103.724
103.724
103.724
103.724
103.724
103.724
125.953
125.953
164.179
164.179
164.179
144.67
144.67
164.179
83.583
132.807
132.807
94.0077
94.0077
108.355
108.355
108.355
110.274
110.274
110.274
123.952
126.997
88.972
88.972
88.972
88.972
88.972
88.972
88.972
88.972
88.972
88.972
88.972
88.972
88.972
88.972
88.972
88.972
88.972
88.972
88.972
88.972
88.972
88.972
88.972
88.972
134.666
150.889
122.052
122.052
122.052
122.052
113.433
113.433
113.433
113.433
110.24
106.582
106.582
106.582
106.582
106.582
106.582
106.582
106.582
106.582
144.704
76.6445
76.6445
134.807
134.807
134.807
115.411
111.746
111.746
107.482
107.482
107.25
107.25
107.25
85.342
85.342
85.342
85.342
85.342
85.342
85.342
85.342
85.342
85.342
85.342
85.342
156.963
169.357
169.357
114.468
98.7215
98.7215
98.7215
79.5509
79.5509
79.5509
109.121
137.227
132.01
132.01
119.069
119.069
119.069
119.069
101.418
86.8847
86.8847
86.8847
101.582
101.582
159.047
159.047
110.529
110.529
138.101
138.101
138.101
138.101
85.0044
85.0044
85.0044
85.0044
89.9496
107.014
107.014
111.409
111.409
111.409
118.305
118.305
118.305
118.305
108.834
108.834
109.576
109.576
109.576
105.111
105.111
77.7637
77.7637
77.7637
125.953
125.953
99.5202
99.5202
99.5202
99.5202
99.5202
99.5202
97.5956
97.5956
97.5956
97.5956
97.5956
94.562
94.562
90.7504
90.7504
90.7504
90.7504
67.1404
67.1404
67.1404
67.1404
67.1404
67.1404
67.1404
67.1404
67.1404
91.7299
82.1238
82.1238
82.1238
92.1261
83.8283
83.8283
83.8283
83.8283
83.8283
72.8984
72.8984
72.8984
90.3024
90.3024
90.3024
90.3024
90.3024
90.3024
90.3024
90.3024
83.6788
83.6788
61.4444
61.4444
76.8755
76.8755
83.7878
83.7878
83.7878
102.296
102.296
102.296
47.7357
47.7357
57.1491
57.1491
57.1491
57.1491
65.3699
65.3699
65.3699
65.3699
126.897
155.567
155.567
144.463
144.463
144.463
144.463
144.463
117.056
144.463
144.463
138.43
138.43
138.43
138.43
94.531
87.9993
94.531
74.9477
74.9477
74.9477
74.9477
57.6715
57.6715
57.6715
57.6715
81.8356
81.8356
81.8356
73.4234
73.4234
133.204
133.204
167.212
160.136
116.576
100.416
98.7258
98.7258
68.6548
68.6548
58.3746
58.3746
58.3746
58.3746
58.3746
58.3746
58.3746
34.2481
34.2481
34.2481
34.2481
34.2481
34.2481
34.2481
33.4238
33.4238
34.2807
34.2807
34.2807
34.2807
67.1541
67.1541
67.1541
67.1541
67.1541
67.1541
67.1541
67.1541
67.1541
94.4332
120.783
130.287
130.287
130.287
179.165
148.672
148.672
107.932
107.932
107.932
107.932
144.311
188.904
188.904
198.846
220.929
215.741
215.741
215.741
124.788
124.788
137.416
137.416
137.416
117.433
117.433
117.433
117.433
117.433
117.433
111.11
117.433
117.433
143.923
143.923
196.034
196.034
154.664
210.163
204.225
204.225
210.163
207.186
181.106
181.106
181.106
130.387
130.387
130.387
130.387
131.861
131.861
131.861
131.861
131.861
131.861
101.121
131.861
131.861
131.861
147.592
86.4611
86.4611
86.4611
62.307
62.307
62.307
62.307
119.511
119.511
119.511
134.897
134.897
134.897
134.897
163.585
148.24
155.762
155.762
154.896
143.641
143.641
143.641
97.0729
97.0729
97.0729
97.0729
87.0371
87.0371
87.0371
88.3731
88.3731
88.3731
88.3731
88.3731
88.3731
88.3731
88.3731
88.3731
88.3731
88.3731
88.3731
102.403
91.2742
91.2742
91.2742
102.403
102.403
97.0769
97.0769
97.0769
118.67
115.17
115.17
132.813
121.861
121.861
121.861
121.861
121.861
121.861
121.861
121.006
121.861
121.861
121.861
121.861
158.787
107.627
107.627
107.627
107.627
107.627
107.627
107.627
107.627
95.6763
95.6763
95.6763
95.6763
95.6763
129.14
129.14
129.14
185.877
137.08
137.08
188.776
188.776
188.776
153.301
153.301
153.301
153.301
153.301
153.301
153.301
153.301
139.883
139.883
139.883
139.883
141.498
173.179
173.179
173.179
173.179
129.632
129.632
129.632
129.632
129.632
196.447
187.645
153.39
153.39
153.39
153.39
153.39
153.39
153.39
153.39
164.02
164.02
164.02
169.462
174.32
174.32
138.632
138.632
138.632
138.632
103.749
113.735
100.306
100.306
100.306
98.4152
98.4152
98.4152
98.4152
117.393
173.404
147.412
147.412
147.412
147.412
147.412
147.412
176.57
176.57
177.021
153.075
153.075
153.075
153.075
153.075
129.747
129.747
129.747
108.525
108.525
170.67
169.558
169.558
121.126
156.872
169.558
169.558
170.67
170.67
170.67
193.61
193.61
193.61
193.61
193.61
193.61
193.61
193.61
193.61
193.61
193.61
131.698
131.698
131.698
149.681
147.844
111.444
103.775
102.289
102.289
102.289
102.289
103.775
108.601
108.601
98.5599
98.5599
115.446
115.446
111.257
111.257
115.446
115.446
115.446
115.446
115.446
179.345
179.345
179.345
129.388
129.388
182.476
202.877
202.877
202.877
202.877
261.999
187.508
187.508
152.062
148.168
148.168
110.714
110.714
110.714
110.714
164.362
191.534
191.534
124.917
130.679
130.679
130.679
130.679
130.679
130.679
130.679
169.247
169.247
158.882
197.783
197.783
197.783
114.948
114.948
114.948
114.948
182.296
87.5953
87.5953
87.5953
87.5953
87.5953
87.5953
87.5953
128.528
128.528
128.528
128.528
128.528
134.412
125.782
167.695
167.695
167.695
167.695
167.695
167.695
167.695
167.695
167.695
232.162
232.162
314.382
276.967
276.967
276.967
264.126
187.693
211.751
211.751
192.782
260.378
195.155
190.367
190.367
190.367
190.367
137.105
137.105
139.674
182.796
182.796
181.001
181.001
179.141
179.141
179.141
179.141
179.141
179.141
144.039
179.141
143.953
143.953
143.953
154.147
154.147
154.147
200.039
200.039
200.039
245.46
147.452
133.038
133.038
146.554
146.554
192.635
147.432
220.341
220.341
194.908
194.908
194.908
185.935
212.759
147.985
153.305
179.666
191.454
159.746
155.718
155.718
151.761
155.718
155.718
155.718
182.352
182.352
182.352
142.925
142.925
156.19
156.19
156.19
156.19
151.562
121.354
121.354
131.563
131.563
174.724
174.724
174.724
138.303
138.303
138.303
130.584
110.666
112.233
174.45
174.45
174.45
174.45
174.45
179.939
133.854
133.854
159.791
159.791
159.791
159.791
155.002
155.002
155.002
160.688
160.688
160.688
160.688
160.688
160.688
134.151
135.581
117.837
139.347
139.347
136.532
136.532
134.133
134.133
134.133
124.424
124.424
114.56
114.56
123.196
115.921
115.921
117.95
113.891
113.891
113.891
96.3556
96.3556
96.3556
96.3556
96.3556
96.3556
96.3556
96.3556
96.3556
87.0839
89.7611
89.7611
89.7611
88.1119
88.1119
88.1119
88.1119
100.264
100.264
100.264
121.628
121.628
121.628
121.628
121.628
121.628
121.628
121.628
98.3989
98.3989
126.223
126.223
129.87
129.87
129.87
129.87
176.766
176.766
153.252
153.252
153.252
83.3637
83.3637
83.3637
83.3637
83.3637
133.234
133.234
133.234
133.234
133.234
133.234
109.236
109.236
109.236
109.236
109.236
110.913
110.913
110.913
136.057
136.057
121.712
121.712
121.712
121.712
121.712
96.9173
96.9173
96.9173
96.9173
110.542
110.542
110.542
110.542
135.329
135.329
135.329
135.329
118.139
118.139
118.139
132.743
148.658
148.658
142.928
142.928
142.928
142.928
149.433
139.227
85.0666
85.0666
83.1057
83.1057
83.1057
83.1057
83.1057
83.1057
145.153
145.153
145.153
145.153
151.788
159.067
160.062
68.6201
68.6201
68.6201
68.6201
68.6201
68.6201
68.6201
96.5352
79.2975
79.2975
79.2975
103.097
103.097
103.097
103.097
103.097
170.893
141.157
194.507
185.587
185.587
185.587
204.059
204.059
204.879
204.879
94.4566
179.632
168.615
168.034
168.034
168.034
213.62
151.425
149.128
149.128
149.128
189.419
175.098
189.419
221.854
221.854
221.854
221.854
221.854
221.854
151.044
151.044
221.854
261.613
174.584
174.584
183.951
195.851
158.365
158.365
176.422
176.422
98.5266
98.5266
98.5266
98.5266
98.5266
98.5266
98.5266
98.5266
98.5266
98.5266
98.5266
98.5266
93.8634
93.8634
98.5266
98.5266
121.812
121.812
97.4233
110.788
110.788
98.3337
98.3337
107.589
107.589
107.589
65.9207
65.9207
65.9207
65.9207
99.7829
99.7829
99.7829
99.7829
99.7829
95.0158
95.0158


0.991117
-0.157436
0.314971
0.0985624
0.182857
-0.0110323
0.0759758
-0.0376202
0.232931
-0.271879
-0.174468
-0.107474
0.0842857
-0.227528
-0.372306
-0.285078
0.155788
-0.039412
0.369069
-0.0838881
0.453881
0.383824
-0.204823
-0.176436
-0.216264
-0.336072
0.0902619
-0.38383
0.160684
-0.378155

0.022

