11247.7
518.531
518.531
75.5555
75.5555
74.638
74.638
74.638
74.638
74.638
74.638
74.638
74.638
74.638
74.638
57.054
51.9151
48.6554
48.6554
48.6554
48.6554
48.6554
48.6554
48.6554
48.6554
42.9679
42.9679
42.9679
42.9679
42.9679
42.9679
42.9679
42.9679
42.9679
42.9679
42.0621
42.0621
42.0621
42.0621
42.0621
42.0621
42.0621
42.0621
42.0621
42.0621
42.0621
42.0621
42.0621
42.0621
42.0621
42.0621
42.0621
42.0621
42.0621
42.0621
42.0621
42.0621
40.094
40.094
40.094
40.094
40.094
40.094
40.094
40.094
40.094
40.094
40.094
40.094
40.094
40.094
40.094
40.094
39.6167
39.2593
39.2593
39.2593
39.2593
39.2593
39.2593
39.2593
37.5939
37.5939
37.5939
37.5939
37.5939
37.5939
37.5939
37.5939
37.5939
37.5939
37.5939
37.5939
37.5939
37.5939
36.6549
35.3114
35.3114
35.3114
35.3114
35.3114
35.3114
35.3114
35.3114
35.3114
35.0691
35.0691
35.0691
35.0691
35.0691
35.0691
35.0691
35.0691
33.2044
33.2044
33.2044
33.2044
33.2044
33.2044
33.2044
33.2044
32.7866
32.7866
32.7866
32.7866
32.7866
32.7866
32.7866
32.7866
32.7866
32.7866
32.729
30.0958
30.0958
30.0958
30.0958
28.3181
28.3181
28.3181
28.3181
26.2676
26.2676
26.2676
26.2676
26.2676
26.2676
26.2676
25.3447
25.3447
25.3447
25.3447
24.3825
24.3825
24.3825
24.3825
24.3825
24.3825
24.3825
24.3825
23.104
23.104
22.8739
22.8739
22.6518
22.6518
22.6518
22.6518
22.6518
21.9437
21.9437
21.9437
21.9391
21.9391
21.9391
21.9391
21.9391
21.9239
21.5091
21.5091
21.5091
21.5091
21.5091
20.2368
19.9646
19.9646
19.9646
19.9646
19.9646
19.9646
19.9646
19.9646
19.7604
19.7604
19.7604
19.7604
19.7604
19.0201
19.0201
19.0201
19.0201
18.9206
18.4841
18.4841
18.4841
18.4841
18.2424
17.5188
17.5188
17.5188
16.9372
16.9372
16.7547
16.7547
16.7547
16.7547
16.7547
16.7547
16.7547
16.7547
16.7547
16.7547
16.7547
16.7547
16.7547
16.7547
16.7547
16.7547
16.7547
16.7547
16.7364
16.7364
16.7364
16.7364
16.7364
16.7364
16.7364
16.7364
16.4638
16.4638
16.137
15.8501
15.8501
15.8501
15.8501
15.8501
15.8501
15.8501
15.1277
15.1277
15.1277
15.1277
15.1277
15.1277
15.1277
15.1277
15.1277
14.6001
14.2875
14.2875
14.2875
14.2692
14.2692
14.2692
14.2692
14.2692
14.2692
14.2692
14.2692
12.3557
12.3557
12.3557
12.3557
12.3557
12.3557
12.3557
12.3557
11.6965
11.6965
11.6965
11.6965
11.6965
11.6965
11.6965
10.1151
10.1151
10.1151
10.1151
10.1151
10.1151
10.1151
10.1151
10.1151
10.1151
10.1151
10.1151
10.1151
10.1151
10.1151
10.1151
10.1151
10.1151
10.1151
10.1151
10.1151
10.1151
10.1151
10.1151
10.1151
10.1151
10.1151
10.1151
10.1151
10.1151
10.1151
10.1151
10.1151
10.1151
10.0253
9.46013
9.37223
9.37223
9.37223
9.37223
9.37223
9.37223
6.91946
6.91946
6.91946
6.91946
6.91946
6.91946
5.96484
5.96484
5.96484
5.30992
5.30992
5.30992
5.30992
5.30992
5.30992
5.30992
5.30992
5.30992
5.30992
5.30992
5.30992
5.30992
5.30992
5.30992
5.30992
5.30992
5.29405
5.29405
5.29405
5.29405
5.29405
5.29405
5.29405
5.29405
5.29405
5.29405
5.29405
5.27573
5.27573
5.27573
5.27573
5.27573
5.27573
5.27573
5.27573
5.27573
5.27573
5.27573
5.27573
5.27573
5.27573
5.25742
4.90707
4.90707
4.90707
4.90707
4.90707
4.90707
4.90707
4.90707
4.90707
4.90707
4.90707
4.90707
4.90707
4.90707
4.90707
4.90707
4.90707
4.90707
4.90707
4.90707
4.90707
4.90707
4.89792
4.89792
4.8912
4.8912
4.8912
4.8912
4.65377
4.53841
4.35194
4.35194
4.35194
4.35194
4.35194
4.35194
4.35194
4.35194
3.80779
3.80779
3.80779
3.80779
3.80779
3.80779
3.80779
3.80779
3.80779
3.80779
3.80779
3.78277
3.78277
3.78277
3.73913
3.73913
3.73913
3.73913
3.73913
3.73913
2.58217
2.58217
2.58217
2.58217
2.58217
2.58217
2.58217
2.58217
2.58217
2.58217
2.58217
2.58217
2.58217
2.56386
2.56386
2.50374
2.50374
2.50374
2.50374
2.50374
2.50374
2.48787
2.48543
2.48543
2.48543
2.47871
2.47871
2.47871
2.47871
2.47871
2.47871
2.47871
2.47871
2.47871
2.47871
2.46956
2.46956
2.4604
2.4311
2.4311
2.4311
2.4311
2.4311
2.4311
2.4311
2.4311
2.4311
2.4311
2.4311
2.4311
2.4311
2.42195
2.42195
2.42195
2.42195
2.42195
2.42195
2.42195
2.40944
2.40944
2.36183
2.36183
2.36183
2.21076
2.21076
2.10059
2.10059
2.10059
2.10059
1.98279
1.98279
1.98279
1.90435
1.90435
1.90435
1.90435
1.90435
1.90435
1.90435
1.90435
1.90435
1.90435
1.90435
1.90435
1.82592
1.82592
1.82592
1.82592
1.82592
1.82592
1.82592
1.82592
1.82592
1.82592
1.82592
1.82592
1.82592
1.82592
1.82592
1.82592
1.82592
1.82592
1.82592
1.82592
1.82592
1.82592
1.82592
1.82592
1.82592
1.82592
1.82592
1.82592
1.82592
1.82592
1.82592
1.82592
1.82592
1.82592
1.82592
1.82592
1.82592
1.82592
1.82592
1.82592
1.82592
1.77831
1.77831
1.77831
1.77831
1.77831
1.77831
1.77831
1.77831
1.77831
1.76244
1.76244
1.76244
1.76244
1.76244
1.76244
1.76244
1.73803
1.65563
1.65563
1.65563
1.65563
1.65563
1.65563
1.65563
1.65563
1.65563
1.65563
1.65563
1.65563
1.65563
1.65563
1.65563
1.65563
1.65563
1.65563
1.65563
1.65563
1.65563
1.65563
1.65563
1.65563
1.65563
1.54942
1.54942
1.54942
1.54942
1.54942
1.54942
1.54942
1.54942
1.54942
1.54942
1.54942
1.45146
1.45146
1.45146
1.45146
1.45146
1.45146
1.45146
1.45146
1.43315
1.43315
1.43315
1.32878
1.32878
1.32878
1.32878
1.32878
1.32878
1.32878
1.32878
1.32878
1.32878
1.32878
1.32878
1.32878
1.32878
1.32878
1.32878
1.32878
1.32878
1.32878
1.32878
1.32633
1.32633
1.32511
1.26957
1.26957
1.26957
1.26957
1.26957
1.26957
1.26957
1.26957
1.26957
1.26957
1.26957
1.26957
1.26957
1.26957
1.26957
1.26957
1.26957
1.26957
1.26957
1.2537
1.2537
1.2537
1.16581
1.15909
1.15909
1.13498
1.13498
1.13498
1.13498
1.13498
1.10324
1.10324
1.10324
1.10324
1.10324
1.10324
1.10324
1.10324
1.10324
1.09653
1.09653
1.09653
1.09653
1.09653
1.09653
1.09653
1.09653
1.09653
1.09653
1.09653
1.09653
1.09653
1.09653
1.09653
1.09653
1.09653
1.09653
1.09653
1.09653
1.09653
1.08066
1.08066
1.08066
1.08066
1.08066
1.08066
1.08066
1.08066
1.08066
1.08066
1.08066
1.08066
1.08066
1.08066
1.08066
1.08066
1.08066
1.08066
1.08066
1.08066
1.08066
1.08066
1.08066
1.08066
1.08066
1.08066
1.08066
1.08066
1.08066
1.08066
1.08066
1.08066
1.08066
1.08066
1.08066
1.08066
1.08066
1.08066
1.08066
1.08066
1.08066
1.08066
1.08066
1.08066
0.992767
0.992767
0.992767
0.992767
0.992767
0.992767
0.992767
0.992767
0.992767
0.992767
0.992767
0.992767
0.992767
0.992767
0.992767
0.992767
0.992767
0.992767
0.992767
0.992767
0.992767
0.992767
0.992767
0.992767
0.992767
0.992767
0.992767
0.992767
0.992767
0.992767
0.992767
0.917692
0.917692
0.917692
0.917692
0.917692
0.917692
0.917692
0.917692
0.917692
0.917692
0.917692
0.917692
0.917692
0.917692
0.917692
0.917692
0.917692
0.917692
0.917692
0.917692
0.917692
0.917692
0.917692
0.917692
0.917692
0.917692
0.917692
0.917692
0.917692
0.917692
0.917692
0.917692
0.917692
0.917692
0.917692
0.917692
0.917692
0.917692
0.917692
0.917692
0.917692
0.917692
0.917692
0.917692
0.917692
0.917692
0.917692
0.917692
0.917692
0.917692
0.917692
0.917692
0.917692
0.917692
0.917692
0.917692
0.917692
0.917692
0.917692
0.917692
0.917692
0.896329
0.896329
0.896329
0.896329
0.896329
0.826746
0.826746
0.826746
0.826746
0.826746
0.826746
0.826746
0.826746
0.826746
0.826746
0.821253
0.821253
0.821253
0.821253
0.821253
0.821253
0.821253
0.821253
0.821253
0.821253
0.821253
0.821253
0.821253
0.821253
0.821253
0.821253
0.821253
0.821253
0.821253
0.821253
0.821253
0.821253
0.821253
0.821253
0.821253
0.821253
0.821253
0.821253
0.821253
0.821253
0.821253
0.821253
0.821253
0.821253
0.821253
0.821253
0.821253
0.821253
0.821253
0.821253
0.821253
0.821253
0.821253
0.821253
0.821253
0.821253
0.821253
0.821253
0.821253
0.821253
0.821253
0.821253
0.821253
0.821253
0.821253
0.821253
0.821253
0.821253
0.821253
0.821253
0.821253
0.821253
0.821253
0.821253
0.821253
0.821253
0.821253
0.821253
0.821253
0.821253
0.821253
0.821253
0.821253
0.821253
0.821253
0.821253
0.821253
0.821253
0.821253
0.821253
0.821253
0.821253
0.821253
0.821253
0.821253
0.821253
0.821253
0.821253
0.821253
0.821253
0.821253
0.821253
0.821253
0.821253
0.821253
0.821253
0.821253
0.821253
0.821253
0.821253
0.821253
0.821253
0.821253
0.821253
0.821253
0.821253
0.821253
0.821253
0.821253
0.821253
0.821253
0.821253
0.821253
0.821253
0.821253
0.821253
0.821253
0.821253
0.821253
0.821253
0.821253
0.821253
0.821253
0.821253
0.821253
0.821253
0.821253
0.821253
0.821253
0.821253
0.821253
0.821253
0.821253
0.73336
0.73336
0.73336
0.73336
0.73336
0.73336
0.73336
0.73336
0.73336
0.73336
0.73336
0.73336
0.73336
0.73336
0.73336
0.73336
0.73336
0.73336
0.73336
0.73336
0.73336
0.73336
0.73336
0.73336
0.73336
0.73336
0.73336
0.73336
0.73336
0.73336
0.73336
0.73336
0.73336
0.73336
0.73336
0.73336
0.73336
0.73336
0.73336
0.73336
0.73336
0.73336
0.73336
0.73336
0.73336
0.73336
0.73336
0.73336
0.73336
0.73336
0.73336
0.73336
0.73336
0.73336
0.73336
0.73336
0.73336
0.73336
0.73336
0.73336
0.73336
0.73336
0.73336
0.73336
0.73336
0.73336
0.73336
0.73336
0.73336
0.73336
0.73336
0.73336
0.73336
0.73336
0.73336
0.73336
0.73336
0.73336
0.73336
0.73336
0.73336
0.73336
0.73336
0.73336
0.73336
0.73336
0.73336
0.73336
0.73336
0.73336
0.73336
0.73336
0.73336
0.73336
0.73336
0.73336
0.73336
0.73336
0.73336
0.73336
0.73336
0.73336
0.73336
0.73336
0.73336
0.73336
0.73336
0.73336
0.73336
0.73336
0.73336
0.73336
0.73336
0.73336
0.73336
0.73336
0.73336
0.73336
0.73336
0.73336
0.73336
0.73336
0.73336
0.73336
0.73336
0.73336
0.73336
0.73336
0.73336
0.73336
0.73336
0.73336
0.73336
0.73336
0.73336
0.73336
0.73336
0.73336
0.73336
0.73336
0.73336
0.73336
0.73336
0.73336
0.73336
0.73336
0.73336
0.73336
0.73336
0.73336
0.73336
0.73336
0.73336
0.73336
0.73336
0.73336
0.73336
0.73336
0.73336
0.73336
0.73336
0.73336
0.73336
0.73336
0.73336
0.73336
0.73336
0.73336
0.73336
0.73336
0.73336
0.73336
0.73336
0.73336
0.73336
0.73336
0.73336
0.73336
0.73336
0.73336
0.73336
0.73336
0.73336
0.73336
0.73336
0.73336
0.73336
0.73336
0.73336
0.73336
0.73336
0.73336
0.73336
0.73336
0.73336
0.73336
0.73336
0.73336
0.73336
0.73336
0.73336
0.73336
0.73336
0.73336
0.73336
0.73336
0.73336
0.73336
0.73336
0.73336
0.73336
0.73336
0.73336
0.73336
0.73336
0.73336
0.73336
0.73336
0.73336
0.73336
0.73336
0.73336
0.73336
0.73336
0.73336
0.73336
0.73336
0.73336
0.73336
0.73336
0.73336
0.73336
0.73336
0.73336
0.73336
0.73336
0.73336
0.73336
0.73336
0.73336
0.73336
0.73336
0.73336
0.73336
0.73336
0.73336
0.73336
0.73336
0.73336
0.73336
0.73336
0.73336
0.73336
0.73336
0.73336
0.73336
0.73336
0.73336
0.73336
0.73336
0.73336
0.73336
0.73336
0.73336
0.73336
0.73336
0.73336
0.73336
0.73336
0.73336
0.73336
0.73336
0.73336
0.73336
0.73336
0.73336
0.73336
0.73336
0.73336
0.73336
0.73336
0.73336
0.73336
0.73336
0.73336
0.73336
0.73336
0.73336
0.73336
0.73336
0.73336
0.73336
0.73336
0.73336
0.73336
0.73336
0.73336
0.73336
0.73336
0.73336
0.73336
0.73336
0.73336
0.73336
0.73336
0.73336
0.73336
0.73336
0.73336
0.73336
0.73336
0.73336
0.73336
0.73336
0.73336
0.73336
0.73336
0.73336
0.73336
0.73336
0.73336
0.73336
0.73336
0.73336
0.73336
0.73336
0.73336
0.73336
0.73336
0.73336
0.73336
0.73336
0.73336
0.73336
0.73336
0.73336
0.73336
0.73336
0.73336
0.73336
0.73336
0.73336
0.73336
0.73336
0.73336
0.73336
0.73336
0.73336
0.73336
0.73336
0.73336
0.73336
0.73336
0.73336
0.73336
0.73336
0.73336
0.73336
0.73336
0.73336
0.73336
0.73336
0.73336
0.73336
0.73336
0.73336
0.73336
0.73336
0.73336
0.73336
0.73336
0.73336
0.73336
0.73336
0.73336
0.73336
0.73336
0.73336
0.73336
0.73336
0.73336
0.73336
0.73336
0.73336
0.73336
0.73336
0.73336
0.73336
0.73336
0.73336
0.73336
0.73336
0.73336
0.73336
0.73336
0.73336
0.73336
0.73336
0.73336
0.73336
0.73336
0.73336
0.73336
0.73336
0.73336
0.73336
0.73336
0.73336
0.73336
0.73336
0.73336
0.73336
0.73336
0.73336
0.73336
0.73336
0.73336
0.73336
0.73336
0.73336
0.73336
0.73336
0.73336
0.73336
0.73336
0.73336
0.73336
0.73336
0.73336
0.73336
0.73336
0.73336
0.73336
0.73336
0.73336
0.73336
0.73336
0.73336
0.73336
0.73336
0.73336
0.73336
0.73336
0.73336
0.73336
0.73336
0.73336
0.73336
0.73336
0.73336
0.73336
0.73336
0.73336
0.73336
0.73336
0.73336
0.73336
0.73336
0.73336
0.73336
0.73336
0.73336
0.73336
0.73336
0.73336
0.73336
0.73336
0.73336
0.73336
0.73336
0.73336
0.73336
0.73336
0.73336
0.73336
0.73336
0.73336
0.73336
0.73336
0.73336
0.73336
0.73336
0.73336
0.73336
0.73336
0.73336
0.73336
0.73336
0.73336
0.73336
0.73336
0.73336
0.73336
0.73336
0.73336
0.73336
0.73336
0.73336
0.73336
0.73336
0.73336
0.73336
0.73336
0.73336
0.73336
0.73336
0.73336
0.73336
0.73336
0.73336
0.73336
0.73336
0.73336
0.73336
0.73336
0.73336
0.73336
0.73336
0.73336
0.73336
0.73336
0.73336
0.73336
0.73336
0.73336
0.73336
0.73336
0.73336
0.73336
0.73336
0.73336
0.73336
0.73336
0.73336
0.73336
0.73336
0.73336
0.73336
0.73336
0.73336
0.73336
0.73336
0.73336
0.73336
0.73336
0.73336
0.73336
0.73336
0.73336
0.73336
0.73336
0.73336
0.73336
0.73336
0.73336
0.73336
0.73336
0.73336
0.73336
0.73336
0.73336
0.73336
0.73336
0.73336
0.73336
0.73336
0.73336
0.73336
0.73336
0.73336
0.73336
0.73336
0.73336
0.73336
0.73336
0.73336
0.73336
0.73336
0.73336
0.73336
0.73336
0.73336
0.73336
0.73336
0.73336
0.73336
0.73336
0.73336
0.73336
0.73336
0.73336
0.73336
0.73336
0.73336
0.73336
0.73336
0.73336
0.73336
0.73336
0.73336
0.73336
0.73336
0.73336
0.73336
0.73336
0.73336
0.73336
0.73336
0.73336
0.73336
0.73336
0.73336
0.73336
0.73336
0.73336
0.73336
0.73336
0.73336
0.73336
0.73336
0.73336
0.73336
0.73336
0.73336
0.73336
0.73336
0.73336
0.73336
0.73336
0.73336
0.73336
0.73336
0.73336
0.73336
0.73336
0.73336
0.73336
0.73336
0.73336
0.73336
0.73336
0.73336
0.73336
0.73336
0.73336
0.73336
0.73336
0.73336
0.73336
0.73336
0.73336
0.73336
0.73336
0.73336
0.73336
0.73336
0.73336
0.73336
0.73336
0.73336
0.73336
0.73336
0.73336
0.73336
0.73336
0.73336
0.73336
0.73336
0.73336
0.73336
0.73336
0.73336
0.73336
0.73336
0.73336
0.73336
0.73336
0.73336
0.73336
0.73336
0.73336
0.73336
0.73336
0.73336
0.73336
0.73336
0.73336
0.73336
0.73336
0.73336
0.73336
0.73336
0.73336
0.73336
0.73336
0.73336
0.73336
0.73336
0.73336
0.73336
0.73336
0.73336
0.73336
0.73336
0.73336
0.73336
0.73336
0.73336
0.73336
0.73336
0.73336
0.73336
0.73336
0.73336
0.73336
0.73336
0.73336
0.73336
0.73336
0.73336
0.73336
0.73336
0.73336
0.73336
0.73336
0.73336
0.73336
0.73336
0.73336
0.73336
0.73336
0.73336
0.73336
0.73336
0.73336
0.73336
0.73336
0.73336
0.73336
0.73336
0.73336
0.73336
0.73336
0.73336
0.73336
0.73336
0.73336
0.73336
0.73336
0.73336
0.73336
0.73336
0.73336
0.73336
0.73336
0.73336
0.73336
0.73336
0.73336
0.73336
0.73336
0.73336
0.73336
0.73336
0.73336
0.73336
0.73336
0.73336
0.73336
0.73336
0.73336
0.73336
0.73336
0.73336
0.73336
0.73336
0.73336
0.73336
0.73336
0.73336
0.73336
0.73336
0.73336
0.73336
0.73336
0.73336
0.73336
0.73336
0.73336
0.73336
0.73336
0.73336
0.73336
0.73336
0.73336
0.73336
0.73336
0.73336
0.73336
0.73336
0.73336
0.73336
0.73336
0.73336
0.73336
0.73336
0.73336
0.73336
0.73336
0.73336
0.73336
0.73336
0.73336
0.73336
0.73336
0.73336
0.73336
0.73336
0.73336
0.73336
0.73336
0.73336
0.73336
0.73336
0.73336
0.73336
0.73336
0.73336
0.73336
0.73336
0.73336
0.73336
0.73336
0.73336
0.73336
0.73336
0.73336
0.73336
0.73336
0.73336
0.73336
0.73336
0.73336
0.73336
0.73336
0.73336
0.73336
0.73336
0.73336
0.73336
0.73336
0.73336
0.73336
0.73336
0.73336
0.73336
0.73336
0.73336
0.73336
0.73336
0.73336
0.73336
0.73336
0.73336
0.73336
0.73336
0.73336
0.73336
0.73336
0.73336
0.73336
0.73336
0.73336
0.73336
0.73336
0.73336
0.73336
0.73336
0.73336
0.73336
0.73336
0.73336
0.73336
0.73336
0.73336
0.73336
0.73336
0.73336
0.73336
0.73336
0.73336
0.73336
0.73336
0.73336
0.73336
0.73336
0.73336
0.73336
0.73336
0.73336
0.73336
0.73336
0.73336
0.73336
0.73336
0.73336
0.73336
0.73336
0.73336
0.73336
0.73336
0.73336
0.73336
0.73336
0.73336
0.73336
0.73336
0.73336
0.73336
0.73336
0.73336
0.73336
0.73336
0.73336
0.73336
0.73336
0.73336
0.73336
0.73336
0.73336
0.73336
0.73336
0.73336
0.73336
0.73336
0.73336
0.73336
0.73336
0.73336
0.73336
0.73336
0.73336
0.73336
0.73336
0.73336
0.73336
0.73336
0.73336
0.73336
0.73336
0.73336
0.73336
0.73336
0.73336
0.73336
0.73336
0.73336
0.73336
0.73336
0.73336
0.73336
0.73336
0.73336
0.73336
0.73336
0.73336
0.73336
0.73336
0.73336
0.73336
0.73336
0.73336
0.73336
0.73336
0.73336
0.73336
0.73336
0.73336
0.73336
0.702536
0.702536
0.702536
0.702536
0.702536
0.702536
0.702536
0.702536
0.697043
0.697043
0.697043
0.697043
0.697043
0.697043
0.697043
0.697043
0.697043
0.697043
0.697043
0.697043
0.697043
0.697043
0.697043
0.697043
0.697043
0.697043
0.697043
0.697043
0.697043
0.697043


-0.0114444
-0.0114444
-0.0114444
0.0230415
0.0230415
0.0230415
0.0230415
-0.0175481
-0.0175481
0.0230415
0.0230415
0.0230415
0.0230415
0.0230415
0.0230415
-0.0483718
-0.0791955
-0.00412
-0.00412
-0.00412
-0.00412
-0.00412
-0.00412
-0.00412
-0.00412
-0.0563066
-0.0563066
-0.0563066
-0.0563066
-0.0114444

0.019

