1.07196
0.10793
0.10793
0.10793
0.107826
0.107826
0.0571722
0.0571722
0.0571463
0.0571463
0.0303536
0.0249104
0.0249104
0.0249104
0.0249104
0.0249104
0.0249104
0.0249104
0.0249104
0.0249104
0.0249104
0.0249104
0.0249104
0.0249104
0.0249104
0.020919
0.020919
0.020919
0.020919
0.020919
0.020919
0.020919
0.020919
0.020919
0.020919
0.020919
0.020919
0.020919
0.020919
0.020919
0.01014
0.01014
0.01014
0.01014
0.01014
0.01014
0.01014
0.01014
0.01014
0.01014
0.01014
0.0083347
0.0083347
0.0083347
0.0083347
0.0083347
0.0083347
0.00772247
0.00772247
0.00772247
0.00772247
0.00772247
0.00772247
0.00772247
0.00701078
0.00701078
0.00701078
0.00701078
0.00174164
0.00174164
0.00174164
0.00174164
0.00174164
0.00174164
0.00174164
0.00174164
0.00174164
0.00174164
0.00174164
0.00174164
0.00174164
0.00174164
0.00174164
0.00174164
0.00174129
0.00174129
0.00174129
0.00174129
0.00174129
0.00171151
0.00171151
0.00171151
0.00171151
0.00171151
0.00171151
0.00171151
0.00171151
0.00171151
0.00171151
0.00171151
0.00171151
0.00171151
0.00171151
0.00171151
0.00171126
0.00171126
0.00171126
0.00171126
0.00171126
0.00171126
0.00171119
0.00171119
0.00171119
0.00171119
0.00171119
0.00171119
0.00171016
0.00171016
0.00171016
0.00171016
0.00171016
0.00171016
0.00170533
0.00170533
0.00170533
0.00170533
0.00170404
0.00170404
0.00170404
0.00170404
0.00170404
0.00170404
0.00170404
0.00170404
0.00170404
0.00170404
0.00170404
0.00170404
0.00170397
0.00170397
0.00170397
0.00170397
0.00170397
0.00170397
0.00170397
0.00170397
0.00170397
0.00170397
0.00113822
0.00113822
0.00113822
0.00113822
0.00113822
0.00113822
0.00113822
0.00113822
0.00113822
0.00113822
0.00113822
0.00113822
0.00112492
0.00112492
0.00112492
0.00112492
0.00112492
0.00112492
0.00112492
0.00109045
0.00109045
0.00109045
0.00109045
0.00109045
0.00109045
0.00109045
0.00109045
0.00109045
0.00109045
0.00109045
0.00109045
0.00109045
0.00109045
0.00109045
0.00109045
0.00109045
0.00109045
0.00109045
0.00109045
0.00109045
0.00109045
0.00109045
0.00109045
0.00109044
0.00109044
0.00109044
0.00109044
0.000442335
0.000442335
0.000442179
0.000442179
0.000442179
0.000442179
0.000442179
0.000442179
0.000442179
0.000442179
0.000442179
0.000442179
0.000372205
0.000115759
0.000115759
0.000106355
0.000106355
0.000106355
0.000106355
0.000106355
0.000106355
8.32833e-05
8.32833e-05
8.32833e-05
8.32833e-05
8.32833e-05
8.32833e-05
8.32833e-05
8.32833e-05
8.32833e-05
8.32833e-05
8.32833e-05
8.32833e-05
8.32833e-05
8.32833e-05
8.32833e-05
8.32833e-05
8.32833e-05
8.32833e-05
8.32833e-05
8.32833e-05
8.32833e-05
8.32833e-05
8.32833e-05
8.32832e-05
8.32832e-05
8.32666e-05
8.32666e-05
8.32666e-05
8.32399e-05
8.32399e-05
8.32399e-05
8.32399e-05
8.32399e-05
8.32399e-05
8.32399e-05
8.32399e-05
8.32399e-05
8.32399e-05
8.32399e-05
8.32399e-05
8.32399e-05
8.32399e-05
8.32399e-05
8.32399e-05
8.32399e-05
8.32399e-05
8.32399e-05
8.32399e-05
8.32399e-05
8.32399e-05
8.32399e-05
8.32399e-05
8.32399e-05
8.32399e-05
8.32399e-05
8.32399e-05
8.32399e-05
8.32399e-05
8.32399e-05
8.32399e-05
8.32399e-05
8.32399e-05
8.32399e-05
8.32399e-05
8.32399e-05
8.32399e-05
8.32399e-05
8.32399e-05
8.32399e-05
8.32399e-05
8.32399e-05
8.32399e-05
8.32399e-05
8.32399e-05
8.32399e-05
8.32394e-05
8.32394e-05
8.32394e-05
8.32394e-05
8.32394e-05
8.32394e-05
8.32394e-05
8.32394e-05
8.32394e-05
8.32394e-05
8.32394e-05
8.32394e-05
8.32394e-05
8.32394e-05
8.32394e-05
8.32394e-05
8.32394e-05
8.32394e-05
8.32394e-05
8.32394e-05
8.32394e-05
8.32394e-05
8.32394e-05
8.32394e-05
8.32394e-05
8.32394e-05
8.32394e-05
8.32394e-05
8.32394e-05
8.32394e-05
8.32394e-05
8.32394e-05
8.32394e-05
8.32394e-05
8.32394e-05
8.32394e-05
8.32394e-05
8.32394e-05
8.32394e-05
8.32394e-05
8.32394e-05
8.32394e-05
8.32394e-05
8.32076e-05
8.32076e-05
8.32076e-05
8.32076e-05
8.32076e-05
8.32076e-05
8.32076e-05
8.32076e-05
8.32076e-05
8.32076e-05
8.32076e-05
8.32076e-05
8.32076e-05
8.32076e-05
8.32076e-05
8.32076e-05
8.32076e-05
8.32076e-05
8.32076e-05
8.32076e-05
8.32076e-05
8.32076e-05
8.32076e-05
8.32076e-05
8.32076e-05
8.32076e-05
8.32076e-05
8.32076e-05
8.32076e-05
8.32076e-05
8.32076e-05
8.32076e-05
8.32076e-05
8.32076e-05
8.32076e-05
8.32075e-05
8.32075e-05
8.32075e-05
8.32075e-05
8.32075e-05
8.32075e-05
8.32075e-05
8.32075e-05
8.32075e-05
8.32075e-05
8.32075e-05
8.32075e-05
8.32075e-05
8.32075e-05
8.32075e-05
8.32075e-05
8.32075e-05
8.32075e-05
8.32075e-05
8.32075e-05
8.32075e-05
8.32075e-05
8.32075e-05
8.32075e-05
8.32075e-05
8.32075e-05
8.32075e-05
8.32075e-05
8.32075e-05
8.32075e-05
8.32075e-05
8.32075e-05
8.32075e-05
8.32075e-05
8.32075e-05
8.32075e-05
8.32075e-05
8.32075e-05
8.32075e-05
8.32075e-05
1.8281e-05
1.8281e-05
1.8281e-05
2.12932e-06
1.72083e-06
1.72083e-06
1.72083e-06
1.72083e-06
1.72083e-06
1.72083e-06
1.8509e-08
1.8509e-08
1.8509e-08
1.8509e-08
1.8509e-08
1.8509e-08
1.8509e-08
1.8509e-08
1.8509e-08
1.8509e-08
1.8509e-08
1.8509e-08
1.8509e-08
1.8509e-08
1.8509e-08
1.8509e-08
1.8509e-08
1.8509e-08
1.8509e-08
1.8509e-08
1.8509e-08
1.8509e-08
1.8509e-08
1.8509e-08
1.8509e-08
1.8509e-08
1.8509e-08
1.8509e-08
1.8509e-08
1.8509e-08
1.8509e-08
1.8509e-08
1.8509e-08
1.8509e-08
1.8509e-08
8.84891e-09
8.84891e-09
8.84891e-09
8.84891e-09
8.84891e-09
8.84891e-09
8.58058e-09
8.58058e-09
8.58058e-09
8.58058e-09
8.58058e-09
8.58058e-09
8.46082e-09
8.46082e-09
8.46082e-09
8.46082e-09
8.46082e-09
8.46082e-09
8.46082e-09
8.285e-09
8.285e-09
8.285e-09
8.285e-09
8.285e-09
8.285e-09
8.285e-09
8.285e-09
8.26659e-09
8.26659e-09
8.26659e-09
8.26659e-09
8.26659e-09
8.26659e-09
8.26659e-09
8.26659e-09
8.26659e-09
8.26659e-09
8.26659e-09
8.26659e-09
8.25428e-09
8.25367e-09
8.25367e-09
8.25367e-09
8.25367e-09
8.25367e-09
8.25367e-09
8.25367e-09
8.25367e-09
8.25367e-09
8.25367e-09
8.25367e-09
8.25356e-09
8.25356e-09
8.25356e-09
8.25356e-09
8.25356e-09
8.25355e-09
8.25355e-09
8.25355e-09
8.25347e-09
8.25347e-09
8.25347e-09
8.25347e-09
8.25347e-09
8.25347e-09
8.25347e-09
8.25347e-09
8.25347e-09
8.25347e-09
8.25347e-09
8.25347e-09
8.25347e-09
8.25347e-09
8.25347e-09
8.25347e-09
8.25347e-09
8.25347e-09
8.25347e-09
8.25347e-09
8.25347e-09
8.25347e-09
8.25347e-09
8.25347e-09
8.25347e-09
8.25347e-09
8.25347e-09
8.25347e-09
8.25347e-09
8.25347e-09
8.25347e-09
8.25347e-09
8.25342e-09
8.25342e-09
8.25342e-09
8.25342e-09
8.25342e-09
8.25342e-09
8.25342e-09
8.25341e-09
8.25341e-09
8.25341e-09
8.25341e-09
8.25341e-09
8.25341e-09
8.25341e-09
8.25341e-09
8.25341e-09
8.25341e-09
8.25341e-09
8.25341e-09
8.25341e-09
8.25341e-09
8.25341e-09
8.25341e-09
8.25341e-09
8.25341e-09
8.25341e-09
8.25341e-09
8.25341e-09
8.25341e-09
8.25341e-09
8.25341e-09
8.25341e-09
8.25341e-09
8.25341e-09
8.25341e-09
8.25341e-09
8.25341e-09
8.25341e-09
8.25341e-09
8.25341e-09
8.25341e-09
8.25341e-09
8.25341e-09
8.25341e-09
8.25341e-09
8.25341e-09
8.25341e-09
8.25341e-09
8.25341e-09
8.25341e-09
8.25341e-09
8.25341e-09
8.25341e-09
8.25341e-09
8.25341e-09
8.25341e-09
8.25341e-09
8.25341e-09
8.25341e-09
8.25341e-09
8.25341e-09
8.25341e-09
8.25341e-09
8.25341e-09
8.25341e-09
8.25341e-09
8.25341e-09
8.25341e-09
8.25341e-09
8.25341e-09
8.25341e-09
8.25341e-09
8.25341e-09
8.25341e-09
8.25341e-09
8.25341e-09
8.25341e-09
8.25341e-09
6.51822e-09
6.51822e-09
3.84166e-09
2.21209e-09
2.21209e-09
2.88575e-10
2.88575e-10
2.88575e-10
2.88575e-10
2.88575e-10
2.88575e-10
2.88575e-10
2.88575e-10
2.88575e-10
2.88575e-10
2.88575e-10
2.75698e-10
2.75698e-10
2.75698e-10
2.75698e-10
2.75698e-10
2.75698e-10
2.75698e-10
2.75698e-10
2.75698e-10
2.75698e-10
2.75698e-10
2.75698e-10
2.75698e-10
2.75698e-10
2.75698e-10
2.75698e-10
2.75698e-10
2.75698e-10
2.75698e-10
2.75698e-10
2.75698e-10
2.75698e-10
2.75695e-10
2.75695e-10
2.75695e-10
2.75695e-10
2.75695e-10
2.75695e-10
2.75695e-10
2.75695e-10
2.75695e-10
2.75695e-10
2.75695e-10
2.75695e-10
2.75695e-10
2.75695e-10
2.75695e-10
2.75695e-10
2.75695e-10
2.68202e-10
2.68202e-10
2.68202e-10
2.68202e-10
2.68202e-10
2.68202e-10
2.68202e-10
2.68202e-10
2.68202e-10
2.68202e-10
2.68202e-10
2.68202e-10
2.68202e-10
2.68202e-10
2.68202e-10
2.68202e-10
2.68202e-10
2.68202e-10
2.68202e-10
2.68202e-10
2.68202e-10
2.68202e-10
2.68202e-10
2.68202e-10
2.68202e-10
2.68202e-10
2.68202e-10
2.68202e-10
2.68202e-10
2.68202e-10
2.68202e-10
2.68202e-10
2.68202e-10
2.68202e-10
2.68202e-10
2.68202e-10
2.68202e-10
2.68202e-10
2.68202e-10
2.68196e-10
2.68196e-10
2.68196e-10
2.68196e-10
2.68196e-10
2.68196e-10
2.68196e-10
2.68196e-10
2.68196e-10
2.68196e-10
2.68196e-10
2.68196e-10
2.68196e-10
2.68196e-10
2.68196e-10
2.68016e-10
2.68016e-10
2.68016e-10
2.68016e-10
2.68016e-10
2.68016e-10
2.68016e-10
2.68016e-10
2.68016e-10
2.68016e-10
2.68016e-10
2.68016e-10
2.68016e-10
2.68016e-10
2.68016e-10
2.68016e-10
2.68016e-10
2.68016e-10
2.68016e-10
2.68016e-10
2.68016e-10
2.68013e-10
2.68013e-10
2.68013e-10
2.68013e-10
2.68013e-10
2.68013e-10
2.68013e-10
2.68013e-10
2.68013e-10
2.68013e-10
2.68013e-10
2.68013e-10
2.68013e-10
2.68013e-10
2.68013e-10
2.68013e-10
2.68013e-10
2.68013e-10
2.68013e-10
2.68013e-10
2.68013e-10
2.68013e-10
2.68013e-10
2.68013e-10
2.68013e-10
2.68013e-10
2.68013e-10
2.68013e-10
2.68013e-10
2.68013e-10
2.68013e-10
2.68013e-10
2.68013e-10
2.68013e-10
2.68013e-10
2.14596e-10
2.14596e-10
2.14596e-10
2.14596e-10
2.14596e-10
2.14596e-10
1.62454e-10
1.45772e-10
1.45772e-10
1.45772e-10
1.45772e-10
1.45772e-10
1.45772e-10
1.45772e-10
1.45772e-10
1.45772e-10
1.45772e-10
1.45337e-10
1.45337e-10
1.45337e-10
1.45337e-10
1.45337e-10
1.45337e-10
1.45337e-10
1.45337e-10
1.45329e-10
1.45329e-10
1.45329e-10
1.45329e-10
1.45329e-10
1.45328e-10
1.45328e-10
1.45327e-10
1.45327e-10
1.45327e-10
1.45327e-10
1.45327e-10
1.45323e-10
1.45323e-10
1.45323e-10
1.45323e-10
1.45323e-10
1.45323e-10
1.45323e-10
1.45323e-10
1.4426e-10
1.4426e-10
1.4426e-10
1.43855e-10
1.43855e-10
1.43855e-10
1.43855e-10
1.43855e-10
1.43855e-10
1.43855e-10
1.43855e-10
1.43855e-10
1.43855e-10
1.43855e-10
1.43855e-10
1.43855e-10
1.43855e-10
1.43855e-10
1.43855e-10
1.43855e-10
1.43855e-10
1.43855e-10
1.43855e-10
1.43855e-10
1.43855e-10
1.43855e-10
1.43855e-10
1.43855e-10
1.43855e-10
1.43855e-10
1.43855e-10
1.43855e-10
1.43838e-10
1.43838e-10
1.43838e-10
1.43838e-10
1.43838e-10
1.43838e-10
1.43833e-10
1.43833e-10
1.43833e-10
1.43764e-10
1.43764e-10
1.4375e-10
1.4375e-10
1.4375e-10
1.4375e-10
1.4375e-10
1.4375e-10
1.4375e-10
1.4375e-10
1.4375e-10
1.4375e-10
1.4375e-10
1.4375e-10
1.4375e-10
1.4375e-10
1.4375e-10
1.4375e-10
1.4375e-10
1.4375e-10
1.43747e-10
1.43747e-10
1.43747e-10
1.43747e-10
1.43747e-10
1.43746e-10
1.43746e-10
1.43746e-10
1.43746e-10
1.43746e-10
1.43746e-10
1.43746e-10
1.43746e-10
1.43746e-10
1.43746e-10
1.43746e-10
1.43746e-10
1.43746e-10
1.43746e-10
1.43746e-10
1.43746e-10
1.43746e-10
1.43746e-10
1.43746e-10
1.43746e-10
1.43746e-10
1.43746e-10
1.43746e-10
1.43746e-10
1.43746e-10
1.43746e-10
1.43746e-10
1.43746e-10
1.43746e-10
1.43746e-10
1.43746e-10
1.43746e-10
1.43746e-10
1.43746e-10
1.43746e-10
1.43746e-10
1.43746e-10
1.43746e-10
1.43746e-10
1.43746e-10
1.43746e-10
1.43746e-10
1.43746e-10
1.43746e-10
1.43746e-10
1.43746e-10
1.43746e-10
1.43746e-10
1.43746e-10
1.43746e-10
1.43746e-10
1.43746e-10
1.43746e-10
1.43746e-10
1.43746e-10
1.43746e-10
1.43746e-10
1.43746e-10
1.43746e-10
1.43746e-10
1.43746e-10
1.43746e-10
1.43746e-10
1.43746e-10
1.43746e-10
1.43746e-10
1.43746e-10
1.43746e-10
1.43746e-10
1.41169e-10
1.41169e-10
1.41169e-10
1.41169e-10
1.41169e-10
1.41169e-10
1.41169e-10
1.41169e-10
1.41169e-10
1.41169e-10
1.41169e-10
1.41169e-10
1.41169e-10
1.41169e-10
1.41169e-10
1.41169e-10
1.41169e-10
1.41169e-10
1.41169e-10
1.41169e-10
1.41169e-10
1.41169e-10
1.41169e-10
1.41169e-10
1.41169e-10
1.41169e-10
1.41169e-10
1.41169e-10
1.41169e-10
1.41169e-10
1.41169e-10
1.41169e-10
1.41169e-10
1.41169e-10
1.41169e-10
1.41169e-10
1.41169e-10
1.41169e-10
1.41169e-10
1.41169e-10
1.41169e-10
1.41169e-10
1.41169e-10
1.41169e-10
1.41169e-10
1.41169e-10
1.41169e-10
1.41169e-10
1.41169e-10
1.41169e-10
1.41169e-10
1.41169e-10
1.41169e-10
1.41169e-10
1.41169e-10
1.41169e-10
1.41169e-10
1.41169e-10
1.41169e-10
1.41169e-10
1.41169e-10
1.41169e-10
1.41169e-10
1.41169e-10
1.41169e-10
1.41169e-10
1.41169e-10
1.41169e-10
1.41169e-10
1.41169e-10
1.41169e-10
1.41169e-10
1.41169e-10
1.41169e-10
1.41169e-10
1.41169e-10
1.41169e-10
1.41169e-10
1.41169e-10
1.41169e-10
1.41169e-10
1.41169e-10
1.41169e-10
1.41169e-10
1.41169e-10
1.41169e-10
1.41169e-10
1.41169e-10
1.41169e-10
1.41169e-10
1.41169e-10
1.41169e-10
1.41169e-10
1.41169e-10
1.41169e-10
1.41169e-10
1.41169e-10
1.41169e-10
1.41169e-10
1.41169e-10
1.41169e-10
1.41169e-10
1.41169e-10
1.41169e-10
1.41169e-10
1.41169e-10
1.41169e-10
1.41169e-10
1.41169e-10
1.41169e-10
1.41169e-10
1.41169e-10
1.41169e-10
1.41169e-10
1.41169e-10
1.41169e-10
1.41169e-10
1.41169e-10
1.41169e-10
1.41169e-10
1.41169e-10
1.41169e-10
1.41169e-10
1.41169e-10
1.41169e-10
1.41169e-10
1.41159e-10
1.41159e-10
1.41159e-10
1.41159e-10
1.41159e-10
1.41159e-10
1.41159e-10
1.41159e-10
1.41159e-10
1.41159e-10
1.41159e-10
1.41159e-10
1.41159e-10
1.41159e-10
1.41159e-10
1.41159e-10
1.41159e-10
1.41159e-10
1.41159e-10
1.41159e-10
1.41159e-10
1.41159e-10
1.41159e-10
1.41159e-10
1.41159e-10
1.41159e-10
1.41159e-10
1.41159e-10
1.41159e-10
1.41159e-10
1.41159e-10
1.41159e-10
1.41159e-10
1.41159e-10
1.41159e-10
1.41159e-10
1.41159e-10
1.41159e-10
1.41159e-10
1.41159e-10
1.41159e-10
1.41159e-10
1.41159e-10
1.41159e-10
1.41159e-10
1.41159e-10
1.41159e-10
1.41159e-10
1.41159e-10
1.41159e-10
1.41159e-10
1.41159e-10
1.41159e-10
1.41159e-10
1.41159e-10
1.41159e-10
1.41159e-10
1.41159e-10
1.41159e-10
1.41159e-10
1.41159e-10
1.41159e-10
1.41159e-10
1.41159e-10
1.41159e-10
1.41159e-10
1.41159e-10
1.41159e-10
1.41159e-10
1.41159e-10
1.41159e-10
1.41159e-10
1.41159e-10
1.41159e-10
1.41159e-10
1.41159e-10
1.41159e-10
1.41159e-10
1.41159e-10
1.41159e-10
1.41159e-10
1.41159e-10
1.41159e-10
1.41159e-10
1.41159e-10
1.41159e-10
1.41159e-10
1.41159e-10
1.41159e-10
1.41159e-10
1.41159e-10
1.41159e-10
1.41159e-10
1.41159e-10
1.41159e-10
1.41159e-10
1.41159e-10
1.41159e-10
1.41159e-10
1.41159e-10
1.41159e-10
1.41159e-10
1.41159e-10
1.41159e-10
1.41159e-10
1.41159e-10
1.41159e-10
1.41159e-10
1.41159e-10
1.41159e-10
1.41159e-10
1.41159e-10
1.41159e-10
1.41159e-10
1.41159e-10
1.41159e-10
1.41159e-10
1.41159e-10
1.41159e-10
1.41159e-10
1.41159e-10
1.41159e-10
1.41159e-10
1.41159e-10
1.41159e-10
1.41159e-10
1.41159e-10
1.41159e-10
1.41159e-10
1.41159e-10
1.41159e-10
1.41159e-10
1.41159e-10
1.41159e-10
1.41159e-10
1.41159e-10
1.41159e-10
1.41159e-10
1.41159e-10
1.41159e-10
1.41159e-10
1.41159e-10
1.41159e-10
1.41159e-10
1.41159e-10
1.41159e-10
1.41159e-10
1.41159e-10
1.41159e-10
1.41159e-10
1.41159e-10
1.41159e-10
1.41159e-10
1.41159e-10
1.41159e-10
1.41159e-10
1.41159e-10
1.41159e-10
1.41159e-10
1.41159e-10
1.41159e-10
1.41159e-10
1.41159e-10
1.41159e-10
1.41159e-10
1.41159e-10
1.41159e-10
1.41159e-10
1.41159e-10
1.41159e-10
1.41159e-10
1.41159e-10
1.41159e-10
1.41159e-10
1.41159e-10
1.41159e-10
1.41159e-10
1.41159e-10
1.41159e-10
1.41159e-10
1.41159e-10
1.41159e-10
1.41159e-10
1.41159e-10
1.41159e-10
1.41159e-10
1.41159e-10
1.41159e-10
1.41159e-10
1.41159e-10
1.41159e-10
1.41159e-10
1.41159e-10
1.41159e-10
1.41159e-10
1.41159e-10
1.41159e-10
1.41159e-10
1.41159e-10
1.41159e-10
1.41159e-10
1.41159e-10
1.41159e-10
1.41159e-10
1.41159e-10
1.41159e-10
1.41159e-10
1.41159e-10
1.41159e-10
1.41159e-10
1.41159e-10
1.41159e-10
1.41159e-10
1.41159e-10
1.41159e-10
1.41159e-10
1.41159e-10
1.41159e-10
1.41159e-10
1.41159e-10
1.41159e-10
1.41159e-10
1.41159e-10
1.41159e-10
1.41159e-10
1.41159e-10
1.41159e-10
1.41159e-10
1.41159e-10
1.41159e-10
1.41159e-10
1.41159e-10
1.41159e-10
1.41159e-10
1.41159e-10
1.41159e-10
1.41159e-10
1.41159e-10
1.41159e-10
1.41159e-10
1.41159e-10
1.41159e-10
1.41159e-10
1.41159e-10
1.41159e-10
1.41159e-10
1.41159e-10
1.41159e-10
2.57798e-11
2.57798e-11
2.57798e-11
2.57798e-11
2.57798e-11
2.57798e-11
2.57798e-11
2.57798e-11
2.57798e-11
2.57798e-11
2.57798e-11
2.57798e-11
2.57798e-11
2.57798e-11
2.57798e-11
2.57798e-11
2.57798e-11
2.57798e-11
2.57798e-11
2.57798e-11
2.57798e-11
2.57798e-11
2.57798e-11
2.57798e-11
2.57798e-11
2.57798e-11
2.57798e-11
2.57798e-11
2.57798e-11
2.57798e-11
2.57798e-11
2.57798e-11
2.57798e-11
2.57798e-11
2.57798e-11
2.57798e-11
2.57798e-11
2.57798e-11
2.57798e-11
2.57798e-11
2.57798e-11
2.57798e-11
2.57798e-11
2.57798e-11
2.57798e-11
2.57798e-11
2.57798e-11
2.57798e-11
2.57798e-11
2.57798e-11
2.57798e-11
2.57798e-11
2.57798e-11
2.57798e-11
2.57798e-11
2.57798e-11
2.57798e-11
2.57798e-11
2.57798e-11
2.57798e-11
2.57798e-11
2.57798e-11
2.57798e-11
2.57798e-11
2.57798e-11
2.57798e-11
2.57798e-11
2.57798e-11
2.57798e-11
2.57798e-11
2.57798e-11
2.57798e-11
2.57798e-11
2.57798e-11
2.57798e-11
2.57798e-11
2.57798e-11
2.57798e-11
2.57798e-11
2.57798e-11
2.57798e-11
2.57798e-11
2.57798e-11
2.57798e-11
2.57798e-11
2.57798e-11
2.57798e-11
2.57798e-11
2.57798e-11
2.57798e-11
2.57798e-11
2.57798e-11
2.57798e-11
2.57798e-11
2.57798e-11
2.57798e-11
2.57798e-11
2.57798e-11
2.57798e-11
2.57798e-11
2.57798e-11
2.57798e-11
2.57797e-11
2.57797e-11
2.57797e-11
2.57797e-11
2.57797e-11
2.57797e-11
2.57797e-11
2.57797e-11
2.57797e-11
2.57797e-11
2.57797e-11
2.57797e-11
2.57797e-11
2.57797e-11
2.57733e-11
2.57733e-11
2.57733e-11
2.57733e-11
2.57733e-11
2.57733e-11
2.57733e-11
2.57733e-11
2.57733e-11
2.57733e-11
2.57733e-11
2.57733e-11
2.57733e-11
2.57733e-11
2.57733e-11
2.57733e-11
2.57733e-11
2.57733e-11
2.57733e-11
2.57733e-11
2.57733e-11
2.57733e-11
2.57733e-11
2.57733e-11
2.57733e-11
2.57733e-11
2.57733e-11
2.57733e-11
2.57733e-11
2.57733e-11
2.57733e-11
2.57733e-11
2.57733e-11
2.57733e-11
2.57733e-11
2.57733e-11
2.57733e-11
2.57733e-11
2.57733e-11
2.57733e-11
2.57733e-11
2.57733e-11
2.57733e-11
2.57733e-11
2.57733e-11
2.57733e-11
2.57733e-11
2.57733e-11
2.57733e-11
2.57733e-11
2.57733e-11
2.57733e-11
2.57733e-11
2.57733e-11
2.57733e-11
2.57733e-11
2.57733e-11
2.57733e-11
2.57733e-11
2.57733e-11
2.57733e-11
2.57733e-11
2.57733e-11
2.57733e-11
2.57733e-11
2.57733e-11
2.57733e-11
2.57733e-11
2.57733e-11
2.57733e-11
2.57733e-11
2.57733e-11
2.57733e-11
2.57733e-11
2.57733e-11
2.57733e-11
2.57733e-11
2.57733e-11
2.57733e-11
2.57733e-11
2.57733e-11
2.57733e-11
2.57733e-11
2.57733e-11
2.57733e-11
2.57733e-11
2.57733e-11
2.57733e-11
2.57733e-11
2.57733e-11
2.57733e-11
2.57733e-11
2.57733e-11
2.57733e-11
2.57733e-11
2.57733e-11
2.57733e-11
2.57733e-11
2.57733e-11
2.57733e-11
2.57733e-11
2.57733e-11
2.57733e-11
2.57733e-11
2.57733e-11
2.57733e-11
2.57733e-11
2.57733e-11
2.57733e-11
2.57733e-11
2.57733e-11
2.57733e-11
2.57733e-11
2.57733e-11
2.57733e-11
2.57733e-11
2.57733e-11
2.57733e-11
2.57733e-11
2.57733e-11
2.57733e-11
2.57733e-11
2.57733e-11
2.57733e-11
2.57733e-11
2.57733e-11
2.57733e-11
2.57733e-11
2.57733e-11
2.57733e-11
2.57733e-11
2.57733e-11
2.57733e-11
2.57733e-11
2.57733e-11
2.57733e-11
2.57733e-11
2.57733e-11
2.57733e-11
2.57733e-11
2.57733e-11
2.57733e-11
2.57733e-11
2.57733e-11
2.57733e-11
2.57733e-11
2.57733e-11
2.57733e-11
2.57733e-11
2.57733e-11
2.57733e-11
2.57733e-11
2.57733e-11
2.57733e-11
2.57733e-11
2.57733e-11
2.57733e-11
2.57733e-11
2.57733e-11
2.57733e-11
2.57733e-11
2.57733e-11
2.57733e-11
2.57733e-11
2.57733e-11
2.57733e-11
2.57733e-11
2.57733e-11
2.57733e-11
2.57733e-11
2.57733e-11
2.57733e-11
2.57733e-11
2.57733e-11
2.57733e-11
2.57733e-11
2.57733e-11
2.57733e-11
2.57733e-11
2.57733e-11
2.57733e-11
2.57733e-11
2.57733e-11
2.57733e-11
2.57733e-11
2.57733e-11
2.57733e-11
2.57733e-11
2.57733e-11
2.57733e-11
2.57733e-11
2.57733e-11
2.57733e-11
2.57733e-11
2.57733e-11
2.57733e-11
2.57733e-11
2.57733e-11
2.57733e-11
2.57733e-11
2.57733e-11
2.57733e-11
2.57733e-11
2.57733e-11
2.57733e-11
2.57733e-11
2.57733e-11
2.57733e-11
2.57733e-11
2.57733e-11
2.57733e-11
2.57733e-11
2.57733e-11
2.57733e-11
2.57733e-11
2.57733e-11
2.57733e-11
2.57733e-11
2.57733e-11
2.57733e-11
2.57733e-11
2.57733e-11
2.57733e-11
2.57733e-11
2.57733e-11
2.57733e-11
2.57733e-11
2.57733e-11
2.57733e-11
2.57733e-11
2.57733e-11
2.57733e-11
2.57733e-11
2.57733e-11
2.57733e-11
2.57733e-11
2.57733e-11
2.57733e-11
2.57733e-11
2.57733e-11
2.57733e-11
2.57733e-11
2.57733e-11
2.57733e-11
2.57733e-11
2.57733e-11
2.57733e-11
2.57733e-11
2.57733e-11
2.57733e-11
2.57733e-11
2.57733e-11
2.57733e-11
2.57733e-11
2.57733e-11
2.57733e-11
2.57733e-11
2.57733e-11
2.57733e-11
2.57733e-11
2.57733e-11
2.57733e-11
2.57733e-11
2.57733e-11
2.57733e-11
2.57733e-11
2.57733e-11
2.57733e-11
2.57733e-11
2.57733e-11
2.57732e-11
2.57732e-11
2.57732e-11
2.57732e-11
2.57732e-11
2.57732e-11
2.57732e-11
2.57732e-11
2.57732e-11
2.57732e-11
2.57732e-11
2.57732e-11
2.57732e-11
2.57732e-11
2.57732e-11
2.57732e-11
2.57732e-11
2.57732e-11
2.57732e-11
2.57732e-11
2.57732e-11
2.57732e-11
2.57732e-11
2.57732e-11
2.57732e-11
2.57732e-11
2.57732e-11
2.57732e-11
2.57732e-11
2.57732e-11
2.57732e-11
2.57732e-11
2.57732e-11
2.57732e-11
2.57732e-11
2.57732e-11
2.57732e-11
2.57732e-11
2.57732e-11
2.57732e-11
2.57732e-11
2.57732e-11
2.57732e-11
2.57732e-11
2.57732e-11
2.57732e-11
2.57732e-11
2.57732e-11
2.57732e-11
2.57732e-11
2.57732e-11
2.57732e-11
2.57732e-11
2.57732e-11
2.57732e-11
2.57732e-11
2.57732e-11
2.57732e-11
2.57732e-11
2.57732e-11
2.57732e-11
2.57732e-11
2.57732e-11
2.57732e-11
2.57732e-11
2.57732e-11
2.57732e-11
2.57732e-11
2.57732e-11
2.57732e-11
2.57732e-11
2.57732e-11
2.57732e-11
2.57732e-11
2.57732e-11
2.57732e-11
2.57732e-11
2.57732e-11
2.57732e-11
2.57732e-11
2.57732e-11
2.57732e-11
2.57732e-11
2.57732e-11
2.57732e-11
2.57732e-11
2.57732e-11
2.57732e-11
2.57732e-11
2.57732e-11
2.57732e-11
2.57732e-11
2.57732e-11
2.57732e-11
2.57732e-11
2.57732e-11
2.57732e-11
2.57732e-11
2.57732e-11
2.57731e-11
2.57731e-11
2.57731e-11
2.57731e-11
2.57731e-11
2.57731e-11
2.57731e-11
2.57731e-11
2.57731e-11
2.57731e-11
2.57731e-11
2.57731e-11
2.57731e-11
2.57731e-11
2.57731e-11
2.57731e-11
2.57731e-11
2.57731e-11
2.57731e-11
2.57731e-11
2.57731e-11
2.57731e-11
2.57731e-11
2.57731e-11
2.57731e-11
2.57731e-11
2.57731e-11
2.57731e-11
2.57731e-11
2.57731e-11
2.57731e-11
2.57731e-11
2.57731e-11
2.57731e-11
2.57731e-11
2.57731e-11
2.57731e-11
2.57731e-11
2.57731e-11
2.57731e-11
2.57731e-11
2.57731e-11
2.57731e-11
2.57731e-11
2.57731e-11
2.57731e-11
2.57731e-11
2.57731e-11
2.57731e-11
2.57731e-11
2.57731e-11
2.57731e-11
2.57731e-11
2.57731e-11
2.57731e-11
2.57731e-11
2.57731e-11
2.57731e-11
2.57731e-11
2.57731e-11
2.57731e-11
2.57731e-11
2.57731e-11
2.57731e-11
2.57731e-11
2.57731e-11
2.57731e-11
2.57731e-11
2.57731e-11
2.57731e-11
2.57731e-11
2.57731e-11
2.57731e-11
2.57731e-11
2.57731e-11
2.57731e-11
2.57731e-11
2.57731e-11
2.57731e-11
2.57731e-11
2.57731e-11
2.57731e-11
2.57731e-11
2.57731e-11
2.57731e-11
2.57731e-11
2.57731e-11
2.57731e-11
2.57731e-11
2.57731e-11
2.57731e-11
2.57731e-11
2.57731e-11
2.57731e-11
2.57731e-11
2.57731e-11
2.57731e-11
2.57731e-11
2.57731e-11
2.57731e-11
2.57731e-11
2.57731e-11
2.57731e-11
2.57731e-11
2.57731e-11
2.57731e-11
2.57731e-11
2.57731e-11
2.57731e-11
2.57731e-11
2.57731e-11
2.57731e-11
2.57731e-11
2.57731e-11
2.57731e-11
2.57731e-11
2.57731e-11
2.57731e-11
2.57731e-11
2.57731e-11
2.57731e-11
2.57731e-11
2.57731e-11
2.57731e-11
2.57731e-11
2.57731e-11
2.57731e-11
2.57731e-11
2.57731e-11
2.57731e-11
2.57731e-11
2.57731e-11
2.57731e-11
2.57731e-11
2.57731e-11
2.57731e-11
2.57731e-11
2.57731e-11
2.57731e-11
2.57731e-11
2.57731e-11
2.57731e-11
2.57731e-11
2.57731e-11
2.57731e-11
2.57731e-11
2.57731e-11
2.57731e-11
2.57731e-11
2.57731e-11
2.57731e-11
2.57731e-11
2.57731e-11
2.57731e-11
2.57731e-11
2.57731e-11
2.57731e-11
2.57731e-11
2.57731e-11
2.57731e-11
2.57731e-11
2.57731e-11
2.57731e-11
2.57731e-11
2.57731e-11
2.57731e-11
2.57731e-11
2.57731e-11
2.57731e-11
2.57731e-11
2.57731e-11
2.57731e-11
2.57731e-11


-8.73445e-07
-0.000287689
-0.000949175
-0.00328586
-0.00402208
-0.00683276
-0.00705443
-0.00471793
-0.00740587
-0.00761672
-0.00929366
-0.0081248
-0.00905479
-0.00763919
-0.0110308
-0.0179171
-0.0153081
-0.0109487
-0.0129699
-0.0156223
-0.0177426
-0.0151959
-0.015901
-0.00997089
-0.0157925
-0.0109415
-0.0225224
-0.0473785
-0.110075
0.195312

0.023

