-0.030099
-0.030099
-0.030099
-0.030099
-0.106705
-0.106705
-0.106705
-0.106705
-0.106705
-0.106705
-0.106705
-0.106705
-0.106705
-0.106705
-0.106705
-0.106705
-0.174049
-0.174049
-0.174049
-0.174049
-0.174049
-0.174049
-0.174049
-0.174049
-0.174049
-0.174049
-0.174049
-0.22681
-0.22681
-0.22681
-0.22681
-0.22681
-0.265149
-0.265149
-0.265149
-0.265149
-0.265149
-0.265149
-0.265149
-0.374272
-0.374272
-0.374272
-0.374272
-0.374272
-0.374272
-0.374272
-0.374272
-0.374272
-0.374272
-0.374272
-0.374272
-0.374272
-0.374272
-0.374272
-0.374272
-0.374272
-0.413768
-0.413768
-0.413768
-0.413768
-0.413768
-0.413768
-0.413768
-0.413768
-0.413768
-0.413768
-0.413768
-0.413768
-0.413768
-0.413768
-0.413768
-0.413768
-0.413768
-0.451369
-0.451369
-0.545132
-0.545132
-0.545132
-0.545132
-0.545132
-0.545132
-0.545132
-0.545132
-0.545132
-0.545132
-0.545132
-0.545132
-0.545132
-0.545132
-0.545132
-0.545132
-0.545132
-0.545132
-0.545132
-0.545132
-0.545132
-0.545132
-0.545132
-0.545132
-0.545132
-0.545132
-0.545132
-0.545132
-0.545132
-0.545132
-0.545132
-0.545132
-0.545132
-0.545132
-0.545132
-0.545132
-0.545132
-0.545132
-0.545132
-0.545132
-0.545132
-0.545132
-0.545132
-0.545132
-0.545132
-0.545132
-0.545132
-0.545132
-0.545132
-0.545132
-0.545132
-0.545132
-0.545132
-0.545132
-0.545132
-0.545132
-0.545132
-0.545132
-0.545132
-0.545132
-0.545132
-0.545132
-0.545132
-0.545132
-0.545132
-0.545132
-0.545132
-0.545132
-0.545132
-0.545132
-0.545132
-0.545132
-0.545132
-0.545132
-0.545132
-0.545132
-0.545132
-0.545132
-0.545132
-0.545132
-0.545132
-0.545132
-0.563074
-0.563074
-0.563074
-0.563074
-0.563074
-0.563074
-0.563074
-0.563074
-0.563074
-0.563074
-0.563074
-0.563074
-0.563074
-0.563074
-0.563074
-0.563074
-0.603799
-0.603799
-0.603799
-0.603799
-0.603799
-0.603799
-0.603799
-0.603799
-0.603799
-0.603799
-0.603799
-0.603799
-0.603799
-0.603799
-0.603799
-0.603799
-0.603799
-0.603799
-0.603799
-0.603799
-0.603799
-0.603799
-0.603799
-0.603799
-0.603799
-0.603799
-0.603799
-0.603799
-0.603799
-0.682231
-0.682231
-0.682231
-0.682231
-0.682231
-0.682231
-0.682231
-0.682231
-0.682231
-0.682231
-0.682231
-0.682231
-0.682231
-0.682231
-0.682231
-0.682231
-0.682231
-0.682231
-0.682231
-0.682231
-0.682231
-0.682231
-0.682231
-0.682231
-0.682231
-0.682231
-0.682231
-0.682231
-0.682231
-0.682231
-0.682231
-0.682231
-0.682231
-0.682231
-0.682231
-0.682231
-0.682231
-0.682231
-0.682231
-0.682231
-0.682231
-0.682231
-0.682231
-0.682231
-0.682231
-0.682231
-0.682231
-0.682231
-0.682231
-0.682231
-0.682231
-0.682231
-0.682231
-0.682231
-0.682231
-0.682231
-0.682231
-0.682231
-0.682231
-0.682231
-0.682231
-0.682231
-0.682231
-0.682231
-0.682231
-0.682231
-0.682231
-0.682231
-0.682231
-0.682231
-0.682231
-0.682231
-0.682231
-0.682231
-0.682231
-0.682231
-0.682231
-0.682231
-0.682231
-0.682231
-0.682231
-0.682231
-0.682231
-0.682231
-0.682231
-0.682231
-0.682231
-0.682231
-0.682231
-0.682231
-0.682231
-0.682231
-0.682231
-0.682231
-0.682231
-0.682231
-0.682231
-0.682231
-0.682231
-0.682231
-0.682231
-0.682231
-0.69866
-0.69866
-0.69866
-0.69866
-0.69866
-0.69866
-0.69866
-0.69866
-0.69866
-0.69866
-0.69866
-0.69866
-0.69866
-0.69866
-0.69866
-0.69866
-0.69866
-0.69866
-0.69866
-0.69866
-0.69866
-0.69866
-0.69866
-0.69866
-0.69866
-0.69866
-0.69866
-0.69866
-0.69866
-0.69866
-0.69866
-0.69866
-0.69866
-0.69866
-0.69866
-0.69866
-0.69866
-0.69866
-0.69866
-0.69866
-0.69866
-0.69866
-0.69866
-0.69866
-0.69866
-0.69866
-0.69866
-0.69866
-0.69866
-0.69866
-0.69866
-0.69866
-0.69866
-0.69866
-0.69866
-0.69866
-0.69866
-0.69866
-0.69866
-0.69866
-0.69866
-0.699658
-0.699658
-0.699658
-0.699658
-0.699658
-0.699658
-0.699658
-0.699658
-0.699658
-0.699658
-0.699658
-0.699658
-0.699658
-0.699658
-0.699658
-0.699658
-0.699658
-0.699658
-0.699658
-0.699658
-0.699658
-0.699658
-0.699658
-0.699658
-0.699658
-0.699658
-0.699658
-0.699658
-0.699658
-0.699658
-0.699658
-0.699658
-0.699658
-0.699658
-0.699658
-0.699658
-0.699658
-0.699658
-0.699658
-0.699658
-0.699658
-0.699658
-0.699658
-0.699658
-0.699658
-0.699658
-0.699658
-0.699658
-0.699658
-0.699658
-0.699658
-0.699658
-0.699658
-0.699658
-0.699658
-0.699658
-0.699658
-0.699658
-0.747019
-0.747019
-0.747019
-0.747019
-0.747019
-0.747019
-0.747019
-0.747019
-0.747019
-0.747019
-0.747019
-0.747019
-0.747019
-0.747019
-0.747019
-0.747019
-0.747019
-0.747019
-0.747019
-0.747019
-0.747019
-0.747019
-0.747019
-0.747019
-0.747019
-0.747019
-0.747019
-0.747019
-0.747019
-0.747019
-0.747019
-0.747019
-0.747019
-0.747019
-0.747019
-0.747019
-0.747019
-0.747019
-0.747019
-0.747019
-0.747019
-0.747019
-0.747019
-0.747019
-0.747019
-0.747019
-0.747019
-0.747019
-0.747019
-0.747019
-0.747019
-0.747019
-0.747019
-0.747019
-0.747019
-0.747019
-0.749916
-0.749916
-0.749916
-0.749916
-0.749916
-0.749916
-0.749916
-0.749916
-0.749916
-0.749916
-0.749916
-0.749916
-0.749916
-0.749916
-0.750481
-0.750481
-0.750481
-0.750481
-0.750481
-0.750481
-0.750481
-0.750481
-0.750481
-0.750481
-0.750481
-0.750481
-0.750481
-0.750481
-0.750481
-0.750481
-0.750481
-0.750481
-0.750481
-0.750481
-0.750481
-0.750481
-0.750481
-0.750481
-0.750481
-0.750481
-0.750481
-0.750481
-0.750481
-0.750481
-0.750481
-0.750481
-0.750481
-0.754468
-0.754468
-0.754468
-0.754468
-0.754468
-0.754468
-0.754468
-0.754468
-0.754468
-0.754468
-0.754468
-0.754468
-0.754468
-0.754468
-0.754468
-0.754468
-0.754468
-0.754468
-0.755747
-0.755747
-0.759447
-0.759447
-0.759447
-0.759447
-0.759447
-0.759447
-0.759447
-0.759447
-0.759447
-0.759447
-0.759447
-0.759447
-0.759447
-0.759447
-0.759447
-0.759447
-0.759447
-0.759447
-0.759447
-0.759447
-0.759447
-0.759447
-0.759447
-0.759447
-0.759447
-0.759447
-0.759447
-0.759447
-0.759447
-0.759447
-0.759447
-0.759447
-0.759447
-0.759447
-0.763837
-0.763837
-0.763837
-0.763837
-0.763837
-0.763837
-0.763837
-0.763837
-0.763837
-0.763837
-0.763837
-0.763837
-0.763837
-0.763837
-0.763837
-0.763837
-0.763837
-0.763837
-0.763837
-0.763837
-0.763837
-0.763837
-0.763837
-0.763837
-0.763837
-0.763837
-0.763837
-0.763837
-0.763837
-0.763837
-0.763837
-0.763837
-0.763837
-0.763837
-0.763837
-0.763837
-0.763837
-0.763837
-0.763837
-0.763837
-0.763837
-0.763837
-0.763837
-0.763837
-0.763837
-0.763837
-0.763837
-0.763837
-0.763837
-0.763837
-0.763837
-0.763837
-0.763837
-0.763837
-0.763837
-0.763837
-0.763837
-0.763837
-0.763837
-0.763837
-0.763837
-0.763837
-0.763837
-0.763837
-0.763837
-0.763837
-0.763837
-0.763837
-0.763837
-0.763837
-0.763837
-0.763837
-0.763837
-0.763837
-0.763837
-0.763837
-0.763837
-0.763837
-0.763837
-0.763837
-0.763837
-0.763837
-0.763837
-0.763837
-0.763837
-0.763837
-0.763837
-0.763837
-0.763837
-0.763837
-0.763837
-0.763837
-0.763837
-0.763837
-0.763837
-0.763837
-0.763837
-0.763837
-0.763837
-0.763837
-0.763837
-0.763837
-0.763837
-0.763837
-0.763837
-0.763837
-0.763837
-0.763837
-0.763837
-0.763837
-0.763837
-0.763837
-0.763837
-0.763837
-0.763837
-0.763837
-0.763837
-0.763837
-0.763837
-0.763837
-0.763837
-0.763837
-0.763837
-0.763837
-0.763837
-0.763837
-0.763837
-0.763837
-0.763837
-0.763837
-0.763837
-0.763837
-0.763837
-0.763837
-0.763837
-0.763837
-0.763837
-0.763837
-0.763837
-0.763837
-0.763837
-0.763837
-0.763837
-0.763837
-0.763837
-0.763837
-0.763837
-0.763837
-0.763837
-0.763837
-0.763837
-0.763837
-0.763837
-0.763837
-0.763837
-0.763837
-0.763837
-0.763837
-0.763837
-0.763837
-0.763837
-0.763837
-0.763837
-0.763837
-0.763837
-0.763837
-0.763837
-0.763837
-0.763837
-0.763837
-0.763837
-0.763837
-0.763837
-0.763837
-0.763837
-0.763837
-0.763837
-0.763837
-0.763837
-0.763837
-0.763837
-0.763837
-0.763837
-0.763837
-0.763837
-0.763837
-0.763837
-0.763837
-0.763837
-0.769562
-0.769562
-0.769562
-0.769562
-0.769562
-0.772844
-0.772844
-0.772844
-0.772844
-0.772844
-0.772844
-0.772844
-0.772844
-0.772844
-0.772844
-0.772844
-0.772844
-0.772844
-0.772844
-0.772844
-0.772844
-0.772844
-0.772844
-0.772844
-0.772844
-0.772844
-0.772844
-0.772844
-0.772844
-0.772844
-0.772844
-0.772844
-0.772844
-0.772844
-0.772844
-0.772844
-0.772844
-0.772844
-0.772844
-0.772844
-0.772844
-0.772844
-0.772844
-0.772844
-0.772844
-0.772844
-0.772844
-0.772844
-0.772844
-0.772844
-0.772844
-0.772844
-0.772844
-0.772844
-0.772844
-0.772844
-0.772844
-0.772844
-0.772844
-0.772844
-0.772844
-0.772844
-0.772844
-0.772844
-0.772844
-0.772844
-0.772844
-0.772844
-0.772844
-0.772844
-0.772844
-0.772844
-0.772844
-0.772844
-0.772844
-0.772844
-0.772844
-0.772844
-0.772844
-0.772844
-0.772844
-0.772844
-0.772844
-0.772844
-0.772844
-0.772844
-0.772844
-0.772844
-0.772844
-0.772844
-0.772844
-0.772844
-0.772844
-0.772844
-0.772844
-0.772844
-0.772844
-0.772844
-0.77969
-0.77969
-0.77969
-0.77969
-0.77969
-0.77969
-0.77969
-0.77969
-0.77969
-0.77969
-0.77969
-0.77969
-0.77969
-0.77969
-0.77969
-0.77969
-0.77969
-0.77969
-0.77969
-0.77969
-0.77969
-0.77969
-0.77969
-0.77969
-0.77969
-0.77969
-0.77969
-0.77969
-0.77969
-0.77969
-0.77969
-0.77969
-0.77969
-0.77969
-0.77969
-0.77969
-0.77969
-0.77969
-0.77969
-0.77969
-0.77969
-0.77969
-0.77969
-0.77969
-0.77969
-0.77969
-0.77969
-0.77969
-0.77969
-0.77969
-0.77969
-0.77969
-0.77969
-0.77969
-0.77969
-0.77969
-0.77969
-0.77969
-0.77969
-0.77969
-0.77969
-0.77969
-0.77969
-0.77969
-0.783516
-0.783516
-0.783516
-0.783516
-0.783516
-0.783516
-0.783516
-0.783516
-0.783516
-0.783516
-0.783516
-0.783516
-0.783516
-0.783516
-0.783516
-0.783516
-0.783516
-0.783516
-0.783516
-0.783516
-0.783516
-0.783516
-0.783516
-0.783516
-0.783516
-0.783516
-0.783516
-0.783516
-0.783516
-0.783516
-0.783516
-0.783516
-0.783516
-0.783516
-0.783516
-0.783516
-0.783516
-0.783516
-0.783516
-0.783516
-0.783516
-0.783516
-0.783516
-0.783516
-0.783516
-0.783516
-0.783516
-0.783516
-0.783516
-0.783516
-0.783516
-0.783516
-0.783516
-0.783516
-0.783516
-0.783516
-0.783516
-0.783516
-0.783516
-0.783516
-0.783516
-0.783516
-0.783516
-0.783516
-0.783516
-0.783516
-0.783516
-0.783516
-0.783516
-0.783516
-0.783516
-0.783516
-0.783516
-0.783516
-0.783516
-0.783516
-0.783516
-0.783516
-0.783516
-0.783516
-0.783516
-0.783516
-0.783516
-0.783516
-0.783516
-0.783516
-0.783516
-0.783516
-0.783516
-0.783516
-0.783516
-0.783516
-0.783516
-0.783516
-0.783516
-0.783516
-0.783516
-0.783516
-0.783516
-0.783516
-0.783516
-0.783516
-0.783516
-0.783516
-0.783516
-0.783516
-0.783516
-0.783516
-0.783516
-0.783516
-0.783516
-0.783516
-0.783516
-0.783516
-0.783516
-0.783516
-0.783516
-0.783516
-0.783516
-0.783516
-0.783516
-0.783516
-0.783516
-0.783516
-0.783516
-0.783516
-0.783516
-0.783516
-0.783516
-0.783516
-0.783516
-0.783516
-0.783516
-0.783516
-0.783516
-0.783516
-0.783516
-0.783516
-0.783516
-0.783516
-0.783516
-0.783516
-0.783516
-0.783516
-0.783516
-0.783516
-0.783516
-0.783516
-0.783516
-0.783516
-0.783516
-0.783516
-0.783516
-0.783516
-0.783516
-0.783516
-0.783516
-0.783516
-0.783516
-0.783516
-0.783516
-0.783516
-0.783516
-0.783516
-0.79984
-0.79984
-0.79984
-0.79984
-0.79984
-0.79984
-0.79984
-0.79984
-0.79984
-0.79984
-0.79984
-0.79984
-0.79984
-0.79984
-0.79984
-0.79984
-0.79984
-0.79984
-0.79984
-0.79984
-0.79984
-0.800679
-0.800679
-0.800679
-0.800679
-0.800679
-0.800679
-0.800679
-0.800679
-0.800679
-0.800679
-0.800679
-0.800679
-0.800679
-0.800679
-0.800679
-0.800679
-0.800679
-0.800679
-0.800679
-0.800679
-0.800679
-0.800679
-0.800679
-0.800679
-0.800679
-0.800679
-0.800679
-0.800679
-0.800679
-0.800679
-0.800679
-0.800679
-0.800679
-0.800679
-0.800679
-0.800679
-0.800679
-0.800679
-0.800679
-0.800679
-0.800679
-0.800679
-0.800679
-0.800679
-0.800679
-0.800679
-0.800679
-0.800679
-0.800679
-0.800679
-0.800679
-0.800679
-0.800679
-0.800679
-0.800679
-0.800679
-0.800679
-0.800679
-0.800679
-0.800679
-0.800679
-0.800679
-0.800679
-0.800679
-0.800679
-0.800679
-0.800679
-0.800679
-0.800679
-0.800679
-0.800679
-0.800679
-0.800679
-0.800679
-0.800679
-0.800679
-0.800679
-0.800679
-0.800679
-0.800679
-0.800679
-0.800679
-0.800679
-0.800679
-0.800679
-0.800679
-0.800679
-0.800679
-0.800679
-0.800679
-0.800679
-0.800679
-0.800679
-0.800679
-0.800679
-0.800679
-0.800679
-0.800679
-0.800679
-0.800679
-0.800679
-0.800679
-0.800679
-0.800679
-0.800679
-0.800679
-0.800679
-0.800679
-0.800679
-0.800679
-0.800679
-0.800679
-0.800679
-0.800679
-0.800679
-0.800679
-0.800679
-0.800679
-0.800679
-0.800679
-0.800679
-0.800679
-0.800679
-0.800679
-0.800679
-0.800679
-0.800679
-0.800679
-0.800679
-0.800679
-0.800679
-0.800679
-0.800679
-0.800679
-0.800679
-0.800679
-0.800679
-0.800679
-0.800679
-0.800679
-0.800679
-0.800679
-0.800679
-0.800679
-0.800679
-0.800679
-0.800679
-0.800679
-0.800679
-0.800679
-0.800679
-0.800679
-0.800679
-0.800679
-0.800679
-0.800679
-0.800679
-0.800679
-0.800679
-0.800679
-0.800679
-0.800679
-0.800679
-0.800679
-0.800679
-0.800679
-0.800679
-0.800679
-0.800679
-0.800679
-0.800679
-0.800679
-0.800679
-0.800679
-0.800679
-0.800679
-0.800679
-0.800679
-0.800679
-0.800679
-0.800679
-0.800679
-0.800679
-0.800679
-0.800679
-0.800679
-0.800679
-0.800679
-0.800679
-0.800679
-0.800679
-0.800679
-0.800679
-0.800679
-0.800679
-0.800679
-0.800679
-0.800679
-0.800679
-0.800679
-0.800679
-0.800679
-0.800679
-0.800679
-0.800679
-0.800679
-0.800679
-0.800679
-0.800679
-0.800679
-0.800679
-0.800679
-0.800679
-0.800679
-0.800679
-0.800679
-0.800679
-0.800679
-0.800679
-0.800679
-0.800679
-0.800679
-0.800679
-0.800679
-0.800679
-0.800679
-0.800679
-0.800679
-0.800679
-0.800679
-0.800679
-0.800679
-0.807738
-0.807738
-0.807738
-0.807738
-0.807738
-0.807738
-0.807738
-0.807738
-0.807738
-0.807738
-0.807738
-0.807738
-0.807738
-0.807738
-0.807738
-0.807738
-0.807738
-0.807738
-0.807738
-0.807738
-0.807738
-0.807738
-0.807738
-0.807738
-0.807738
-0.807738
-0.807738
-0.807738
-0.807738
-0.807738
-0.807738
-0.807738
-0.807738
-0.807738
-0.807738
-0.807738
-0.807738
-0.807738
-0.807738
-0.807738
-0.807738
-0.807738
-0.807738
-0.807738
-0.807738
-0.807738
-0.807738
-0.807738
-0.807738
-0.807738
-0.807738
-0.807738
-0.817414
-0.817414
-0.817414
-0.817414
-0.817414
-0.817414
-0.817414
-0.817414
-0.817414
-0.817414
-0.817414
-0.817414
-0.817414
-0.817414
-0.817414
-0.817414
-0.817414
-0.817414
-0.817414
-0.817414
-0.817414
-0.817414
-0.817414
-0.817414
-0.817414
-0.817414
-0.817414
-0.817414
-0.817414
-0.817414
-0.817414
-0.817414
-0.817414
-0.817414
-0.817414
-0.817414
-0.817414
-0.817414
-0.817414
-0.817414
-0.817414
-0.817414
-0.817414
-0.817414
-0.817414
-0.817414
-0.817414
-0.817414
-0.817414
-0.817414
-0.817414
-0.817414
-0.817414
-0.817414
-0.817414
-0.817414
-0.817414
-0.817414
-0.817414
-0.817414
-0.817414
-0.817414
-0.817414
-0.817414
-0.817414
-0.817414
-0.817414
-0.817414
-0.817414
-0.817414
-0.817414
-0.817414
-0.817414
-0.817414
-0.817414
-0.817414
-0.817414
-0.817414
-0.817414
-0.817414
-0.817414
-0.817414
-0.817414
-0.817414
-0.817414
-0.817414
-0.817414
-0.817414
-0.817414
-0.817414
-0.817414
-0.817414
-0.817414
-0.817414
-0.817414
-0.817414
-0.817414
-0.817414
-0.817414
-0.817414
-0.817414
-0.817414
-0.817414
-0.817414
-0.817414
-0.817414
-0.817414
-0.817414
-0.817414
-0.817414
-0.817414
-0.817414
-0.81744
-0.81744
-0.81744
-0.81744
-0.81744
-0.81744
-0.81744
-0.81744
-0.81744
-0.81744
-0.81744
-0.81744
-0.81744
-0.81744
-0.81744
-0.81744
-0.81744
-0.81744
-0.81744
-0.81744
-0.81744
-0.81744
-0.81744
-0.81744
-0.81744
-0.81744
-0.81744
-0.81744
-0.81744
-0.81744
-0.81744
-0.81744
-0.81744
-0.81744
-0.81744
-0.81744
-0.81744
-0.81744
-0.81744
-0.81744
-0.81744
-0.81744
-0.81744
-0.81744
-0.81744
-0.81744
-0.81744
-0.81744
-0.81744
-0.81744
-0.81744
-0.81744
-0.81744
-0.81744
-0.81744
-0.81744
-0.81744
-0.81744
-0.81744
-0.81744
-0.81744
-0.81744
-0.81744
-0.81744
-0.81744
-0.81744
-0.81744
-0.81744
-0.81744
-0.81744
-0.81744
-0.81744
-0.81744
-0.81744
-0.81744
-0.81744
-0.81744
-0.81744
-0.81744
-0.81744
-0.81744
-0.81744
-0.81744
-0.81744
-0.81744
-0.81744
-0.81744
-0.81744
-0.81744
-0.81744
-0.81744
-0.81744
-0.81744
-0.81744
-0.81744
-0.81744
-0.81744
-0.81744
-0.81744
-0.81744
-0.81744
-0.81744
-0.81744
-0.81744
-0.81744
-0.81744
-0.81744
-0.81744
-0.81744
-0.81744
-0.81744
-0.81744
-0.81744
-0.81744
-0.81744
-0.81744
-0.81744
-0.81744
-0.81744
-0.81744
-0.81744
-0.81744
-0.81744
-0.81744
-0.81744
-0.81744
-0.81744
-0.81744
-0.81744
-0.81744
-0.81744
-0.81744
-0.81744
-0.81744
-0.81744
-0.81744
-0.81744
-0.81744
-0.81744
-0.81744
-0.81744
-0.81744
-0.81744
-0.81744
-0.81744
-0.81744
-0.81744
-0.81744
-0.81744
-0.81744
-0.81744
-0.81744
-0.81744
-0.81744
-0.81744
-0.81744
-0.81744
-0.81744
-0.81744
-0.81744
-0.81744
-0.81744
-0.81744
-0.81744
-0.81744
-0.81744
-0.81744
-0.81744
-0.81744
-0.81744
-0.81744
-0.81744
-0.81744
-0.81744
-0.81744
-0.81744
-0.81744
-0.81744
-0.81744
-0.81744
-0.81744
-0.81744
-0.81744
-0.81744
-0.81744
-0.81744
-0.81744
-0.81744
-0.81744
-0.81744
-0.81744
-0.81744
-0.81744
-0.81744
-0.81744
-0.81744
-0.81744
-0.81744
-0.81744
-0.81744
-0.821193
-0.821193
-0.821193
-0.821193
-0.821193
-0.821193
-0.821193
-0.821193
-0.821193
-0.821193
-0.821193
-0.821193
-0.821193
-0.821193
-0.821193
-0.821193
-0.821193
-0.821193
-0.821193
-0.821193
-0.821193
-0.821193
-0.821193
-0.821193
-0.821193
-0.821193
-0.821193
-0.821193
-0.821193
-0.821193
-0.821193
-0.821193
-0.821193
-0.821193
-0.821193
-0.821193
-0.821193
-0.821193
-0.821193
-0.821193
-0.821193
-0.821193
-0.821193
-0.821193
-0.821193
-0.821193
-0.821193
-0.821193
-0.821193
-0.821193
-0.821193
-0.821193
-0.821193
-0.821193
-0.821193
-0.821193
-0.821193
-0.821193
-0.821193
-0.821193
-0.821193
-0.821193
-0.821193
-0.821193
-0.821193
-0.821193
-0.821193
-0.821193
-0.821193
-0.821193
-0.821193
-0.821193
-0.821193
-0.821193
-0.821193
-0.821193
-0.821193
-0.821193
-0.821193
-0.821193
-0.821193
-0.821193
-0.821193
-0.821193
-0.821193
-0.821193
-0.821193
-0.821193
-0.821193
-0.821193
-0.821193
-0.821193
-0.821193
-0.821193
-0.821193
-0.821193
-0.821193
-0.821193
-0.821193
-0.821193
-0.821193
-0.821193
-0.821193
-0.821193
-0.821193
-0.821193
-0.821193
-0.821193
-0.821193
-0.821193
-0.821193
-0.821193
-0.821193
-0.821193
-0.821193
-0.821193
-0.821193
-0.821193
-0.821193
-0.821193
-0.821193
-0.821193
-0.821193
-0.821193
-0.821193
-0.821193
-0.821193
-0.821193
-0.821193
-0.821193
-0.821193
-0.821193
-0.821193
-0.821193
-0.821193
-0.821193
-0.821193
-0.821193
-0.821193
-0.821193
-0.821193
-0.821193
-0.821193
-0.821193
-0.821193
-0.821193
-0.821193
-0.821193
-0.821193
-0.821193
-0.821193
-0.821193
-0.821193
-0.821193
-0.821193
-0.821193
-0.821193
-0.821193
-0.821193
-0.821193
-0.821193
-0.821193
-0.821193
-0.821193
-0.821193
-0.821193
-0.821193
-0.821193
-0.821193
-0.821193
-0.821193
-0.821193
-0.821193
-0.821193
-0.821193
-0.821193
-0.821193
-0.821193
-0.821193
-0.821193
-0.821193
-0.821193
-0.821193
-0.821193
-0.821193
-0.821193
-0.821193
-0.821193
-0.821193
-0.821193
-0.821193
-0.821193
-0.821193
-0.821193
-0.821193
-0.821193
-0.821193
-0.821193
-0.821193
-0.821193
-0.821193
-0.821193
-0.821193
-0.821193
-0.821193
-0.821193
-0.821193
-0.821193
-0.821193
-0.821193
-0.821193
-0.821193
-0.821193
-0.821193
-0.821193
-0.821193
-0.821193
-0.821193
-0.821193
-0.821193
-0.821193
-0.821193
-0.821193
-0.821193
-0.821193
-0.821193
-0.821193
-0.821193
-0.821193
-0.821193
-0.821193
-0.821193
-0.821193
-0.821193
-0.821193
-0.821193
-0.821193
-0.821193
-0.821193
-0.821193
-0.821193
-0.821193
-0.821193
-0.821193
-0.821193
-0.821193
-0.821193
-0.821193
-0.821193
-0.821193
-0.821193
-0.821193
-0.821193
-0.821193
-0.821193
-0.821193
-0.821193
-0.821193
-0.821193
-0.821193
-0.821193
-0.821193
-0.821193
-0.821193
-0.821193
-0.821193
-0.821193
-0.821193
-0.821193
-0.821193
-0.821193
-0.821193
-0.821193
-0.821193
-0.824911
-0.824911
-0.824911
-0.824911
-0.824911
-0.824911
-0.824911
-0.824911
-0.824911
-0.824911
-0.824911
-0.824911
-0.825304
-0.825304


0.0266673
-0.159874
0.00708785
-0.22656
-0.127819
0.0897502
0.0824375
0.169232
-0.121916
0.0318408
-0.0448396
-0.0552466
0.11167
0.0672405
-0.0735216
-0.0319194
-0.218813
-0.110331
-0.152055
-0.00719379
0.0498558
-0.159998
0.120237
0.142326
-0.131656
-0.0269886
-0.00768968
0.00514357
-0.0646535
0.183909

0.029

