368706
224159
219192
224159
224159
224159
224159
224159
224159
231226
231226
231226
231226
231226
231226
231226
231226
231226
231226
231226
231226
231226
231226
231226
198482
198265
198265
198265
198265
198265
198265
198265
198265
198265
198265
195750
195750
195750
195750
195750
195750
109932
109932
109932
109932
109932
109932
109932
109932
109932
109932
109932
97451.1
97451.1
97451.1
97451.1
97451.1
79091.8
79091.8
70818.8
70818.8
70818.8
51550.7
51550.7
51550.7
51550.7
51550.7
51550.7
51550.7
51550.7
51550.7
51550.7
51550.7
67165.7
67165.7
66401.4
66401.4
66401.4
66401.4
66401.4
66872.1
66872.1
52352.1
52352.1
52352.1
44348.6
44348.6
44348.6
44348.6
44348.6
44348.6
44348.6
44348.6
44348.6
44348.6
44348.6
44348.6
40531.3
40531.3
40531.3
40531.3
40531.3
40531.3
40531.3
40531.3
40531.3
40531.3
40531.3
32630.4
32630.4
32630.4
32630.4
32630.4
32630.4
32630.4
32630.4
32630.4
32630.4
32630.4
44348.6
44348.6
44348.6
44348.6
44348.6
37678.3
37678.3
19952.5
19952.5
19952.5
19952.5
32076.3
32076.3
32076.3
34242.3
34242.3
34242.3
34242.3
34242.3
34242.3
34242.3
34242.3
34242.3
34242.3
34242.3
34242.3
34242.3
34242.3
34242.3
34242.3
34242.3
28127.8
28127.8
28127.8
28127.8
28127.8
28127.8
31734.4
31734.4
31734.4
37395.7
31243.6
31243.6
27434.3
27434.3
27434.3
27434.3
27434.3
26286.5
26286.5
26286.5
26286.5
26286.5
26286.5
24446.9
24446.9
21130.1
21130.1
21130.1
21130.1
21130.1
21130.1
21130.1
19394.8
21130.1
21130.1
21130.1
21130.1
21130.1
21130.1
21130.1
24446.9
24446.9
24446.9
24446.9
24474.5
24474.5
24474.5
24474.5
18352.3
18352.3
18352.3
18352.3
18352.3
18057.4
18057.4
18352.3
18352.3
18352.3
18352.3
18352.3
18352.3
18352.3
18352.3
18352.3
18352.3
12577.3
12577.3
12577.3
12577.3
12577.3
12577.3
12577.3
12577.3
12577.3
12577.3
12577.3
12577.3
12818.1
12818.1
12818.1
12818.1
12818.1
12818.1
12818.1
12818.1
11448.2
11448.2
11448.2
11448.2
11448.2
11448.2
11448.2
11448.2
11448.2
11448.2
11448.2
11448.2
11448.2
11448.2
11448.2
11448.2
11448.2
11448.2
11448.2
11448.2
11448.2
11448.2
11448.2
11448.2
11448.2
11448.2
11448.2
11448.2
11448.2
11448.2
11448.2
11448.2
11448.2
11448.2
11448.2
11448.2
12366.8
12366.8
12366.8
12366.8
12366.8
10863.3
10863.3
10863.3
11953.4
12515.5
12515.5
13005.3
13005.3
13005.3
12342.6
12342.6
12342.6
12960
12960
12960
12960
12960
10526.7
10526.7
10526.7
9529.68
9529.68
9529.68
9529.68
9529.68
9529.68
9529.68
9529.68
9529.68
9529.68
12051.9
12051.9
12051.9
12051.9
12051.9
12051.9
12051.9
12051.9
12051.9
12051.9
12051.9
12051.9
12051.9
12051.9
9595.71
9595.71
9595.71
9595.71
9595.71
9595.71
9582.17
9582.17
9582.17
9582.17
9582.17
9582.17
9582.17
9582.17
9582.17
9582.17
9582.17
9582.17
9582.17
9582.17
9582.17
9582.17
9582.17
9582.17
9582.17
9718.4
9742.69
9742.69
9742.69
9742.69
9742.69
9742.69
9874.06
9874.06
9874.06
9874.06
9874.06
9874.06
9874.06
9874.06
9362.91
9362.91
9362.91
9362.91
9362.91
9362.91
9362.91
9362.91
9362.91
9362.91
9362.91
9362.91
9362.91
8525.9
8525.9
8525.9
8525.9
8525.9
8525.9
8525.9
8525.9
8525.9
8525.9
8525.9
8525.9
8525.9
8525.9
8525.9
8525.9
8525.9
8525.9
8525.9
8525.9
8525.9
8525.9
8525.9
8525.9
8525.9
8525.9
8353.38
8353.38
8353.38
8353.38
8353.38
8353.38
8353.38
8353.38
8353.38
8353.38
8353.38
8353.38
8353.38
8353.38
8353.38
8353.38
8353.38
8353.38
8353.38
8353.38
8353.38
8353.38
8353.38
8353.38
8353.38
8353.38
8353.38
8353.38
8353.38
8353.38
8353.38
8353.38
8353.38
8353.38
8353.38
8353.38
8353.38
8353.38
8353.38
8353.38
8353.38
8353.38
8353.38
8353.38
8353.38
8353.38
8353.38
8353.38
8438.01
8438.01
8438.01
8438.01
8438.01
8438.01
8438.01
8438.01
8438.01
8438.01
8438.01
8438.01
8438.01
8438.01
8438.01
8438.01
8438.01
8438.01
7974.73
7883.32
7883.32
7883.32
7883.32
7883.32
7883.32
7974.73
7974.73
7974.73
7974.73
7974.73
7974.73
7974.73
7974.73
7893.83
7893.83
7893.83
7893.83
7341.08
7341.08
7290.69
7290.69
7290.69
7290.69
7290.69
7290.69
7290.69
7290.69
7290.69
7290.69
7290.69
7290.69
7290.69
7290.69
7341.08
7341.08
7341.08
7341.08
7341.08
7341.08
7341.08
7341.08
7341.08
7893.83
7974.73
7974.73
7974.73
7974.73
7974.73
7974.73
7974.73
7974.73
7974.73
7974.73
7974.73
7974.73
7974.73
7974.73
7974.73
7974.73
7974.73
7974.73
7974.73
7974.73
7900.03
7900.03
7900.03
7900.03
7900.03
7947.01
7947.01
7947.01
7947.01
7947.01
7947.01
7947.01
7947.01
7947.01
7947.01
7947.01
7947.01
7947.01
7947.01
7947.01
7947.01
7947.01
7947.01
7947.01
7947.01
7947.01
7947.01
7947.01
7947.01
7947.01
7947.01
7947.01
7947.01
7947.01
7947.01
7947.01
7947.01
8248.18
8248.18
8248.18
8248.18
8248.18
8248.18
8030.61
8030.61
8030.61
8248.18
8248.18
8248.18
7012.35
7012.35
7012.35
7012.35
7012.35
7012.35
7012.35
7012.35
7012.35
7012.35
7012.35
7012.35
7012.35
7012.35
7012.35
7012.35
7012.35
7012.35
7012.35
7012.35
7012.35
7012.35
7012.35
7012.35
7012.35
7012.35
7012.35
7012.35
7012.35
7012.35
7012.35
7012.35
7907.83
7907.83
7907.83
7907.83
7907.83
7907.83
7907.83
7907.83
7907.83
7907.83
7907.83
7907.83
7907.83
7907.83
7907.83
7907.83
7828.62
7828.62
7828.62
7828.62
7828.62
7657.42
7657.42
7657.42
7657.42
7657.42
7657.42
7657.42
7657.42
7657.42
7907.83
7907.83
7907.83
7907.83
7907.83
7907.83
7973.6
7973.6
7891.78
7891.78
7891.78
7848.5
7848.5
7848.5
7848.5
7848.5
7848.5
7848.5
7848.5
7848.5
7848.5
7848.5
7848.5
7848.5
7848.5
7848.5
7848.5
7848.5
7848.5
7848.5
7848.5
7848.5
7848.5
7794.83
7794.83
7794.83
7790.43
7790.43
7790.43
7790.43
7790.43
7790.43
7790.43
7790.43
7790.43
7790.43
7790.43
7790.43
7790.43
7790.43
7790.43
7790.43
7790.43
7790.43
7790.43
7790.43
7790.43
7510.72
7510.72
7510.72
7510.72
7510.72
7510.72
7510.72
7510.72
7510.72
7510.72
7510.72
7510.72
7482.63
7482.63
7482.63
7482.63
7510.72
7510.72
7510.72
7510.72
7510.72
7510.72
7510.72
7510.72
7510.72
7495.35
7495.35
7495.35
7495.35
7495.35
7495.35
7495.35
7495.35
7495.35
7269.47
7269.47
7269.47
6650.53
6650.53
7269.47
7269.47
7269.47
6901.6
6901.6
6901.6
6901.6
6901.6
6901.6
6901.6
6901.6
6901.6
6901.6
6901.6
6901.6
6901.6
6901.6
5857.47
5857.47
5857.47
5857.47
5857.47
5857.47
5857.47
5857.47
5857.47
5857.47
5857.47
5857.47
5857.47
5857.47
5857.47
5857.47
5857.47
5857.47
5857.47
6607.69
6607.69
6607.69
6607.69
6607.69
6607.69
6753.17
6753.17
6507.07
6507.07
6507.07
6507.07
6507.07
6507.07
6507.07
6753.17
6753.17
6753.17
6753.17
6753.17
6753.17
6753.17
6753.17
6753.17
6753.17
6753.17
6753.17
6753.17
6753.17
6340.74
6340.74
6340.74
6340.74
6340.74
6340.74
6340.74
6340.74
6340.74
6340.74
6340.74
6340.74
6340.74
6340.74
6340.74
6342.25
6342.25
6342.25
6342.25
6342.25
6342.25
6342.25
6342.25
6342.25
6342.25
6342.25
6342.25
6227.75
6227.75
6227.75
6227.75
6227.75
6227.75
6227.75
6227.75
6227.75
6227.75
6227.75
6227.75
6227.75
6227.75
6397.13
6397.13
6397.13
6397.13
6397.13
6194.52
6194.52
6194.52
6194.52
6194.52
6194.52
6194.52
6194.52
5912.25
5912.25
5912.25
5912.25
5912.25
5912.25
5912.25
5912.25
5912.25
5912.25
5929.05
5929.05
5929.05
5929.05
5929.05
5929.05
5929.05
5929.05
5929.05
5929.05
5929.05
5929.05
5929.05
5929.05
5929.05
5929.05
5929.05
5929.05
5929.05
5929.05
5929.05
5929.05
5929.05
5929.05
5929.05
5929.05
5929.05
6041.13
6041.13
6041.13
6041.13
6041.13
6041.13
6483.24
6483.24
6043.73
6043.73
6043.73
6043.73
5894.78
5894.78
5894.78
5894.78
5894.78
5894.78
5894.78
5894.78
5894.78
5894.78
5894.78
5894.78
5894.78
5894.78
5894.78
5894.78
5894.78
5894.78
5894.78
5894.78
5894.78
5894.78
6036.08
6036.08
6036.08
6043.73
6261.5
6261.5
6261.5
6261.5
6261.5
6121.04
6121.04
6121.04
6121.04
6121.04
6121.04
6121.04
6121.04
6121.04
6121.04
6121.04
6121.04
6121.04
6121.04
5695.89
5695.89
5901.71
5901.71
5901.71
5901.71
5901.71
5901.71
5901.71
5901.71
5901.71
5901.71
5901.71
5901.71
5901.71
5901.71
5901.71
5901.71
6009.88
5995.89
5995.89
5995.89
5995.89
5995.89
5995.89
5995.89
5995.89
5995.89
5968.79
5730.47
5730.47
5730.47
5730.47
5730.47
5730.47
5730.47
5730.47
5730.47
5730.47
5730.47
5730.47
5730.47
5730.47
5730.47
5730.47
5730.47
5730.47
5730.47
5730.47
5730.47
5730.47
5730.47
5730.47
5730.47
5730.47
5730.47
5730.47
5730.47
5730.47
5730.47
5730.47
5730.47
5730.47
5730.47
5730.47
5730.47
5730.47
5730.47
5730.47
5730.47
5730.47
5941.44
5941.44
5941.44
6051.7
6051.7
6051.7
5363.02
5363.02
5363.02
5363.02
5363.02
5363.02
5363.02
5363.02
5363.02
5567.84
5567.84
5567.84
5567.84
5567.84
5567.84
5567.84
5567.84
5567.84
5669.3
5669.3
5669.3
5669.3
5669.3
5669.3
5669.3
5828.81
5828.81
5576.84
5576.84
5567.14
5576.84
5576.84
5576.84
5520.81
5520.81
5520.81
5520.81
5520.81
5520.81
5520.81
5520.81
5520.81
5520.81
5520.81
5520.81
5520.81
5520.81
5520.81
5520.81
5520.81
5597.95
5597.95
5597.95
5597.95
5597.95
5597.95
5597.95
5597.95
5597.95
5597.95
5317.26
5317.26
5317.26
5317.26
5317.26
5317.26
5597.95
5597.95
5597.95
5597.95
5597.95
5597.95
5597.95
5597.95
5597.95
5597.95
5597.95
5597.95
5581.18
5581.18
5581.18
5130.36
5130.36
5130.36
5130.36
5130.36
5130.36
5130.36
5130.36
5130.36
5159.69
5159.69
5159.69
5159.69
5159.69
5159.69
5159.69
5159.69
5159.69
5159.69
5159.69
5159.69
5159.69
5159.69
5159.69
5159.69
5159.69
5159.69
5159.69
5159.69
5159.69
5159.69
5159.69
5159.69
5159.69
5159.69
5159.69
5159.69
5159.69
5159.69
5159.69
5159.69
5159.69
5159.69
5159.69
5159.69
5159.69
5159.69
5159.69
5159.69
5159.69
5159.69
5159.69
5159.69
5159.69
5229.18
5537.11
5471.18
5471.18
5471.18
5471.18
5471.18
5471.18
5471.18
5471.18
5471.18
5471.18
5471.18
5489.94
5489.94
5489.94
5489.94
5489.94
5489.94
5489.94
5489.94
5489.94
5489.94
5489.94
5489.94
5489.94
5489.94
5489.94
5489.94
5489.94
5489.94
5489.94
5519.15
5519.15
5519.15
5519.15
5446.58
5446.58
5446.58
5446.58
5446.58
5446.58
5446.58
5446.58
5446.58
5446.58
5446.58
5446.58
5446.58
5446.58
5446.58
5446.58
5446.58
5446.58
5446.58
5446.58
5446.58
5446.58
5446.58
5446.58
5446.58
5522.63
5522.63
5522.63
5516.48
4999.18
4999.18
4999.18
4999.18
4999.18
4999.18
4999.18
4999.18
4999.18
4999.18
4999.18
4999.18
5421.29
5421.29
5421.29
5421.29
5421.29
5494.86
5494.86
5494.86
5494.86
5140.07
5140.07
5140.07
5140.07
5140.07
5140.07
5140.07
5140.07
5140.07
5140.07
5140.07
4866.38
4866.38
4866.38
4866.38
4866.38
4866.38
4866.38
4866.38
4866.38
4866.38
4866.38
4866.38
4866.38
4866.38
4866.38
4866.38
4866.38
4866.38
4866.38
4866.38
4866.38
4866.38
5040.64
5040.64
5040.64
5040.64
5040.64
5040.64
5040.64
5040.64
5040.64
5040.64
5040.64
5040.64
5140.07
5140.07
5140.07
5140.07
5140.07
5140.07
5140.07
5140.07
5140.07
5140.07
5140.07
4972.9
4972.9
4972.9
4972.9
4972.9
4972.9
4972.9
4972.9
4972.9
4972.9
4972.9
4972.9
4972.9
4972.9
4972.9
4972.9
4972.9
4972.9
4972.9
4972.9
4972.9
4972.9
4972.9
4972.9
4972.9
4972.9
4970.94
4970.94
4970.94
4970.94
4970.94
4970.94
4970.94
4970.94
4970.94
4970.94
4970.94
4970.94
4970.94
4970.94
4970.94
4970.94
4970.94
4970.94
4970.94
4970.94
4970.94
4970.94
4970.94
4970.94
4970.94
4970.94
4970.94
4970.94
4970.94
4970.94
4970.94
4970.94
4970.94
4970.94
4970.94
4970.94
4970.94
4970.94
4999.44
4999.44
4999.44
4999.44
4999.44
4999.44
4999.44
4999.44
4999.44
4999.44
4999.44
4999.44
5075.35
5075.35
5075.35
5075.35
5075.35
5075.35
5075.35
5075.35
5075.35
5075.35
5075.35
5075.35
5075.35
5075.35
5164.81
5105.75
5105.75
5105.75
5105.75
5105.75
5164.81
5211.17
5211.17
5211.17
5211.17
5211.17
4909.65
4909.65
4909.65
4909.65
4909.65
4909.65
4909.65
4909.65
4909.65
4909.65
4909.65
4909.65
4909.65
4909.65
4909.65
4909.65
4909.65
4909.65
4909.65
4909.65
4909.65
4909.65
4909.65
4909.65
4909.65
4909.65
4909.65
4909.65
4909.65
4909.65
4909.65
4909.65
4909.65
4909.65
4909.65
4989.2
4989.2
4989.2
4989.2
4989.2
4873.23
4873.23
4873.23
4873.23
4873.23
4873.23
4989.2
4989.2
4989.2
4989.2
4989.2
4989.2
4989.2
4989.2
4989.2
4989.2
4989.2
4943.35
4943.35
4943.35
4989.2
4989.2
4989.2
4920.67
4920.67
4920.67
4920.67
4920.67
4920.67
4920.67
4920.67
4920.67
4920.67
4920.67
4955.42
4955.42
4955.42
4955.42
4955.42
4955.42
4955.42
4885.87
4885.87
4955.42
4955.42
4955.42
4955.42
4955.42
4955.42
4955.42
4955.42
4955.42
4955.42
4818.03
4818.03
4818.03
4818.03
4818.03
4818.03
4818.03
4818.03
4818.03
4818.03
4818.03
4818.03
4818.03
4818.03
4818.03
4818.03
4818.03
4818.03
4818.03
4818.03
4818.03
4818.03
4818.03
4818.03
4818.03
4912.34
4912.34
4968.7
4968.7
4968.7
4968.7
4790.3
4790.3
4790.3
4790.3
4790.3
4790.3
4790.3
4790.3
4790.3
4790.3
4790.3
4790.3
4790.3
4790.3
4790.3
4790.3
4790.3
4790.3
4790.3
4790.3
4790.3
4790.3
4790.3
4790.3
4790.3
4790.3
4790.3
4790.3
4790.3
4790.3
4790.3
4790.3
4790.3
4790.3
4790.3
4790.3
4790.3
4790.3
4790.3
4790.3
4790.3
4790.3
4790.3
4790.3
4790.3
4790.3
4790.3
4790.3
4790.3
4790.3
4790.3
4790.3
4790.3
4790.3
4790.3
4790.3
4790.3
4790.3
4790.3
4790.3
4361.93
4361.93
4361.93
4361.93
4361.93
4361.93
4361.93
4361.93
4361.93
4361.93
4361.93
4361.93
4361.93
4361.93
4361.93
4361.93
4361.93
4361.93
4361.93
4361.93
4361.93
4361.93
4361.93
4361.93
4361.93
4361.93
4361.93
4361.93
4605.17
4605.17
4605.17
4605.17
4605.17
4605.17
4605.17
4611.95
4611.95
4611.95
4611.95
4611.95
4611.95
4611.95
4611.95
4611.95
4611.95
4611.95
4611.95
4611.95
4611.95
4611.95
4611.95
4611.95
4611.95
4611.95
4611.95
4611.95
4611.95
4611.95
4611.95
4611.95
4544.83
4544.83
4544.83
4544.83
4544.83
4544.83
4544.83
4544.83
4544.83
4544.83
4544.83
4544.83
4544.83
4544.83
4544.83
4544.83
4544.83
4544.83
4544.83
4718.62
4718.62
4718.62
4718.62
4718.62
4718.62
4596.6
4596.6
4596.6
4596.6
4596.6
4596.6
4596.6
4596.6
4596.6
4596.6
4596.6
4596.6
4596.6
4718.62
4718.62
4168.77
4168.77
4168.77
4168.77
4168.77
4168.77
4168.77
4168.77
4168.77
4168.77
4168.77
4168.77
4168.77
4168.77
4168.77
4168.77
4168.77
4168.77
4168.77
4168.77
4168.77
4272.33
4272.33
4178
4178
4178
4178
4178
4178
4178
4178
4178
4178
4178
4178
4178
4178
4178
4178
4178
4178
4178
4178
4178
4178
4178
4178
4178
4178
4178
4256.5
4272.33
4272.33
4272.33
4272.33
4272.33
4272.33
4272.33
4272.33
4272.33
4272.33
4272.33
4272.33
4272.33
4272.33
4272.33
4272.33
4272.33
4272.33
4272.33
4272.33
4272.33
4272.33
4272.33
4441.55
4441.55
4441.55
4441.55
4441.55
4441.55
4441.55
4441.55
4441.55
4441.55
4441.55
4441.55
4441.55
4441.55
4441.55
4441.55
4441.55
4441.55
4441.55
4441.55
4441.55
4441.55
4441.55
4441.55
4441.55
4441.55
4441.55
4441.55
4441.55
4441.55
4441.55
4441.55
4441.55
4485.88
4485.88
4485.88
4485.88
4485.88
4485.88
4485.88
4485.88
4485.88
4485.88
4485.88
4485.88
4485.88
4485.88
4485.88
4485.88
4485.88
4485.88
4485.88
4485.88
4485.88
4485.88
4485.88
4485.88
4485.88
4485.88
4393.53
4393.53
4393.53
4393.53
4393.53
4393.53
4393.53
4393.53
4393.53
4393.53
4393.53
4393.53
4393.53
4393.53
4393.53
4393.53
4393.53
4393.53
4393.53
4393.53
4393.53
4393.53
4393.53
4393.53
4393.53
4393.53
4393.53
4393.53
4393.53
4393.53
4393.53
4393.53
4393.53
4393.53
4393.53
4393.53
4393.53
4393.53
4393.53
4048.42
4048.42
4048.42
4248.76
4248.76
4248.76
4248.76
4385.76
4385.76
4385.76
4385.76
4385.76
4385.76
4385.76
4385.76
4385.76
4162.07
4162.07
4162.07
4162.07
4306.42
4306.42
4306.42
4306.42
4306.42
4385.76
4385.76
4304.54
4282.48
4282.48
4282.48
4282.48
4304.54
4304.54
4304.54
4393.53
4393.53
4393.53
4393.53
4393.53
4393.53
4393.53
4393.53
4393.53
4393.53
4393.53
4393.53
4393.53
4393.53
4393.53
4428.93
4428.93
4428.93
4428.93
4428.93
4428.93
4419.53
4419.53
4428.93
4437.5
4299.61
4299.61
4299.61
4299.61
4299.61
4299.61
4299.61
4299.61
4299.61
4299.61
4299.61
4299.61
4299.61
4299.61
4299.61
4299.61
4299.61
4299.61
4299.61
4299.61
4299.61
4299.61
4299.61
4299.61
4299.61
4299.61
4299.61
4299.61
4299.61
4299.61
4299.61
4420.67
4420.67
4420.67
4420.67
4420.67
4420.67
4420.67
4420.67
4420.67
4374.51
4374.51
4374.51
4374.51
4374.51
4374.51
4374.51
4374.51
4374.51
4388.13
4388.13
4388.13
4388.13
4208.64
4208.64
4208.64
4208.64
4208.64
4208.64
4208.64
4208.64
4208.64
4208.64
4208.64
4208.64
4208.64
4208.64
4208.64
4208.64
4208.64
4208.64
4208.64
4208.64
4208.64
4208.64
4208.64
4208.64
4208.64


0.740369
3.15866
4.01977
4.92205
4.17658
5.36196
0.861019
1.35981
-2.39417
-2.63516
-2.75009
-0.888712
-0.876623
-0.229549
-2.00884
-2.65159
-1.43447
-1.06746
-1.10034
-1.71016
-3.46594
-5.07251
-4.74152
-3.70423
-2.13702
0.38028
2.03834
1.69548
2.13988
-0.214132

0.053

