71.9274
72.0261
72.0261
72.0261
72.0261
72.0261
72.0261
64.3105
64.3105
64.3105
64.3105
49.4873
49.4873
49.4873
49.4873
49.4873
49.4873
49.4873
47.2293
47.2293
47.2293
37.3023
37.3023
36.976
36.976
36.976
36.976
36.976
28.0866
28.0866
28.0866
28.0866
28.0866
28.0866
28.0866
28.0866
28.0866
28.0866
28.0866
28.0866
28.0866
28.0866
28.0866
28.0866
25.5051
25.5051
25.5051
25.5051
25.5051
25.5051
25.5051
25.5051
25.5051
24.9951
24.9951
24.9951
24.9951
24.2554
24.2554
24.2554
24.2554
24.2554
20.4955
20.4955
20.4955
20.4955
20.4955
20.4955
19.4908
19.4908
14.517
14.517
14.517
14.517
14.517
13.9677
13.9677
13.9677
13.9677
13.3831
13.3831
13.3831
13.3831
13.3777
13.3777
13.3777
13.3777
13.3777
13.3777
13.3777
13.3777
13.3777
13.3777
13.3777
12.9082
12.6422
12.6422
12.6422
12.6422
11.7523
11.7523
11.7523
11.7523
11.495
11.495
10.7426
10.7426
10.7426
10.7426
10.7426
10.7426
10.7426
10.7426
10.4883
10.4883
10.4883
10.4883
10.4883
10.4883
10.4883
10.4883
10.4883
10.4883
10.4883
10.4883
10.4883
10.3628
10.3628
10.3628
10.3628
10.3628
9.66101
9.66101
9.66101
9.66101
9.66101
9.16498
9.16498
9.16498
9.16498
9.16498
8.66787
8.66787
8.66787
8.57422
8.55498
8.55498
7.7235
7.7235
7.7235
7.7235
7.7235
7.6345
7.6345
7.62694
7.52494
7.52494
7.52494
7.52494
7.13554
7.13554
7.13554
7.13554
7.13554
7.13554
7.08605
7.08605
7.08605
7.08605
7.08605
7.06801
7.06801
7.06801
6.76468
6.76468
6.76468
6.76468
6.76468
6.76468
6.76468
6.76468
6.76468
6.51362
6.51362
6.50807
6.50807
6.40254
6.40254
6.40254
6.39122
6.39122
6.39122
6.39122
6.39122
6.39122
6.39122
6.39122
6.39122
6.32526
6.32526
6.32526
6.32526
6.17689
6.17689
6.17689
6.16249
6.16249
6.16249
6.0212
6.0212
6.0212
6.0212
5.96194
5.96194
5.96194
5.82392
5.82392
5.82392
5.82392
5.82392
5.82392
5.78997
5.78997
5.78997
5.78997
5.78308
5.78308
5.78308
5.78308
5.78308
5.64062
5.64062
5.64062
5.55368
5.55368
5.52964
5.52964
5.44127
5.44127
5.24621
5.24621
5.24621
5.24621
5.24621
5.24621
5.24621
5.24621
5.24621
5.20607
5.20607
5.20607
5.20607
5.20607
5.20607
5.20607
5.20607
5.12224
5.12224
5.12224
5.12224
5.12224
5.12224
5.12224
5.12224
5.12224
5.12224
5.12224
5.12224
5.12224
5.12224
5.02402
5.02402
5.02402
5.01758
5.01758
5.01758
5.01758
5.01758
4.69594
4.69594
4.69594
4.69594
4.69594
4.69594
4.69594
4.69594
4.69594
4.69225
4.69225
4.69225
4.69225
4.69225
4.67747
4.67747
4.67747
4.67747
4.66503
4.66503
4.66503
4.66503
4.63949
4.63949
4.63949
4.57569
4.57569
4.5512
4.5512
4.5512
4.5512
4.5512
4.54614
4.52387
4.50169
4.50169
4.50169
4.50169
4.50169
4.50169
4.49627
4.48617
4.48617
4.48617
4.48617
4.48617
4.48617
4.47115
4.47115
4.47115
4.47115
4.40513
4.40513
4.40513
4.40513
4.40513
4.40513
4.40513
4.38896
4.38896
4.38896
4.38614
4.38614
4.38614
4.38614
4.38614
4.38614
4.38614
4.38614
4.38614
4.38614
4.38614
4.38506
4.38506
4.38506
4.38506
4.38506
4.38506
4.38057
4.38057
4.38057
4.38057
4.37735
4.37735
4.37735
4.37547
4.37547
4.37547
4.37547
4.37547
4.37547
4.37547
4.37547
4.37547
4.37547
4.37547
4.37416
4.37416
4.3716
4.3716
4.3716
4.3716
4.36652
4.36652
4.36652
4.36652
4.36513
4.36513
4.36513
4.36513
4.36513
4.36463
4.36463
4.36463
4.36463
4.36463
4.36463
4.36463
4.36463
4.35987
4.35987
4.35987
4.35987
4.35987
4.35987
4.35987
4.35987
4.35928
4.35928
4.359
4.359
4.359
4.359
4.359
4.359
4.35862
4.35862
4.35862
4.35816
4.35816
4.35792
4.35792
4.35792
4.35792
4.35792
4.35792
4.35792
4.35273
4.35273
4.35273
4.35273
4.35241
4.35241
4.35241
4.35241
4.35241
4.35241
4.35091
4.35091
4.35091
4.35091
4.35091
4.35091
4.35021
4.35021
4.35021
4.35021
4.35021
4.34911
4.34911
4.34911
4.34911
4.34911
4.34911
4.34908
4.34908
4.34908
4.34908
4.34908
4.34908
4.34816
4.34816
4.34816
4.34816
4.34816
4.34741
4.34741
4.34741
4.34741
4.34741
4.347
4.347
4.347
4.347
4.34668
4.34668
4.34668
4.34613
4.34613
4.3461
4.3461
4.3461
4.3461
4.3461
4.3461
4.3461
4.3461
4.3461
4.3461
4.3461
4.3461
4.3461
4.3461
4.3455
4.3455
4.3453
4.3453
4.3453
4.3453
4.3453
4.34529
4.34529
4.34529
4.34529
4.34529
4.34514
4.34514
4.34514
4.34511
4.34511
4.34511
4.34511
4.34511
4.34511
4.34511
4.34511
4.34511
4.34509
4.34509
4.34509
4.34507
4.34507
4.34507
4.34502
4.34502
4.34502
4.34502
4.34502
4.34502
4.34496
4.34496
4.34496
4.34496
4.34496
4.34496
4.34476
4.34476
4.34465
4.34465
4.34465
4.34423
4.34423
4.34423
4.34423
4.34423
4.34423
4.34419
4.34419
4.34419
4.34419
4.34419
4.34408
4.34408
4.34408
4.34408
4.34408
4.34408
4.34408
4.34408
4.34408
4.34408
4.34408
4.34408
4.34408
4.34408
4.34401
4.34401
4.34387
4.34387
4.34387
4.34387
4.34387
4.34387
4.34387
4.34387
4.34387
4.34386
4.34386
4.34386
4.34383
4.34383
4.34383
4.34383
4.34383
4.34383
4.34383
4.3438
4.3438
4.3438
4.3438
4.3438
4.34379
4.34379
4.34379
4.34379
4.34379
4.34379
4.34379
4.34379
4.34379
4.34378
4.34378
4.34378
4.34376
4.34376
4.34376
4.34376
4.34376
4.34376
4.34376
4.34371
4.34371
4.34371
4.34371
4.34371
4.34371
4.34371
4.34371
4.3437
4.3437
4.3437
4.3437
4.3437
4.3437
4.3437
4.3437
4.3437
4.3437
4.34368
4.34368
4.34368
4.34368
4.34368
4.34368
4.34368
4.34368
4.34368
4.34368
4.34368
4.34368
4.34368
4.34368
4.34368
4.34368
4.34368
4.34368
4.34368
4.34368
4.34368
4.34368
4.34368
4.34368
4.34368
4.34368
4.34368
4.34368
4.34368
4.34368
4.34368
4.34368
4.34368
4.34368
4.34368
4.34368
4.34368
4.34367
4.34367
4.34367
4.34367
4.34367
4.34367
4.34367
4.34367
4.34365
4.34365
4.34365
4.34365
4.34365
4.34365
4.34365
4.34365
4.34365
4.34365
4.34365
4.34365
4.34364
4.34364
4.34364
4.34364
4.34364
4.34364
4.34364
4.34364
4.34364
4.34364
4.34364
4.34364
4.34364
4.34364
4.34364
4.34364
4.34364
4.34364
4.34364
4.34364
4.34364
4.34364
4.34364
4.34364
4.34364
4.34364
4.34364
4.34364
4.34364
4.34364
4.34364
4.34364
4.34364
4.34364
4.34364
4.34364
4.34364
4.34364
4.34364
4.34364
4.34364
4.34364
4.34364
4.34364
4.34363
4.34363
4.34363
4.34363
4.34363
4.34363
4.34363
4.34363
4.34363
4.34363
4.34363
4.34363
4.34363
4.34363
4.34363
4.34363
4.34363
4.34363
4.34363
4.34363
4.34363
4.34363
4.34363
4.34363
4.34363
4.34363
4.34363
4.34363
4.34363
4.34363
4.34363
4.34363
4.34363
4.34363
4.34363
4.34363
4.34363
4.34363
4.34363
4.34363
4.34363
4.34363
4.34363
4.34363
4.34363
4.34363
4.34363
4.34363
4.34363
4.34363
4.34363
4.34363
4.34363
4.34363
4.34363
4.34363
4.34363
4.34363
4.34363
4.34363
4.34363
4.34363
4.34363
4.34363
4.34363
4.34363
4.34363
4.34363
4.34363
4.34363
4.34363
4.34363
4.34363
4.34363
4.34363
4.34363
4.34363
4.34363
4.34363
4.34363
4.34363
4.34363
4.34363
4.34363
4.34363
4.34363
4.34363
4.34363
4.34363
4.34363
4.34363
4.34363
4.34363
4.34363
4.34363
4.34363
4.34363
4.34363
4.34363
4.34363
4.34363
4.34363
4.34363
4.34363
4.34363
4.34363
4.34363
4.34363
4.34363
4.34363
4.34363
4.34363
4.34363
4.34363
4.34363
4.34363
4.34363
4.34363
4.34363
4.34363
4.34363
4.34363
4.34363
4.34363
4.34363
4.34363
4.34363
4.34363
4.34363
4.34363
4.34363
4.34363
4.34363
4.34363
4.34363
4.34363
4.34363
4.34363
4.34363
4.34363
4.34363
4.34363
4.34363
4.34363
4.34363
4.34363
4.34363
4.34363
4.34363
4.34363
4.34363
4.34363
4.34363
4.34363
4.34363
4.34363
4.34363
4.34363
4.34363
4.34363
4.34363
4.34363
4.34363
4.34363
4.34363
4.34363
4.34363
4.34363
4.34363
4.34363
4.34363
4.34363
4.34363
4.34363
4.34363
4.34363
4.34363
4.34363
4.34363
4.34363
4.34363
4.34363
4.34363
4.34363
4.34363
4.34363
4.34363
4.34363
4.34363
4.34363
4.34363
4.34363
4.34363
4.34363
4.34363
4.34363
4.34363
4.34363
4.34363
4.34363
4.34363
4.34363
4.34363
4.34363
4.34363
4.34363
4.34363
4.34363
4.34363
4.34363
4.34363
4.34363
4.34363
4.34363
4.34363
4.34363
4.34363
4.34363
4.34363
4.34363
4.34363
4.34363
4.34363
4.34363
4.34363
4.34363
4.34363
4.34363
4.34363
4.34363
4.34363
4.34363
4.34363
4.34363
4.34363
4.34363
4.34363
4.34363
4.34363
4.34363
4.34363
4.34363
4.34363
4.34363
4.34363
4.34363
4.34363
4.34363
4.34363
4.34363
4.34363
4.34363
4.34363
4.34363
4.34363
4.34363
4.34363
4.34363
4.34363
4.34363
4.34363
4.34363
4.34363
4.34363
4.34363
4.34363
4.34363
4.34363
4.34363
4.34363
4.34363
4.34363
4.34363
4.34363
4.34363
4.34363
4.34363
4.34363
4.34363
4.34363
4.34363
4.34363
4.34363
4.34363
4.34363
4.34363
4.34363
4.34363
4.34363
4.34363
4.34363
4.34363
4.34363
4.34363
4.34363
4.34363
4.34363
4.34363
4.34363
4.34363
4.34363
4.34363
4.34363
4.34363
4.34363
4.34363
4.34363
4.34363
4.34363
4.34363
4.34363
4.34363
4.34363
4.34363
4.34363
4.34363
4.34363
4.34363
4.34363
4.34363
4.34363
4.34363
4.34363
4.34363
4.34363
4.34363
4.34363
4.34363
4.34363
4.34363
4.34363
4.34363
4.34363
4.34363
4.34363
4.34363
4.34363
4.34363
4.34363
4.34363
4.34363
4.34363
4.34363
4.34363
4.34363
4.34363
4.34363
4.34363
4.34363
4.34363
4.34363
4.34363
4.34363
4.34363
4.34363
4.34363
4.34363
4.34363
4.34363
4.34363
4.34363
4.34363
4.34363
4.34363
4.34363
4.34363
4.34363
4.34363
4.34363
4.34363
4.34363
4.34363
4.34363
4.34363
4.34363
4.34363
4.34363
4.34363
4.34363
4.34363
4.34363
4.34363
4.34363
4.34363
4.34363
4.34363
4.34363
4.34363
4.34363
4.34363
4.34363
4.34363
4.34363
4.34363
4.34363
4.34363
4.34363
4.34363
4.34363
4.34363
4.34363
4.34363
4.34363
4.34363
4.34363
4.34363
4.34363
4.34363
4.34363
4.34363
4.34363
4.34363
4.34363
4.34363
4.34363
4.34363
4.34363
4.34363
4.34363
4.34363
4.34363
4.34363
4.34363
4.34363
4.34363
4.34363
4.34363
4.34363
4.34363
4.34363
4.34363
4.34363
4.34363
4.34363
4.34363
4.34363
4.34363
4.34363
4.34363
4.34363
4.34363
4.34363
4.34363
4.34363
4.34363
4.34363
4.34363
4.34363
4.34363
4.34363
4.34363
4.34363
4.34363
4.34363
4.34363
4.34363
4.34363
4.34363
4.34363
4.34363
4.34363
4.34363
4.34363
4.34363
4.34363
4.34363
4.34363
4.34363
4.34363
4.34363
4.34363
4.34363
4.34363
4.34363
4.34363
4.34363
4.34363
4.34363
4.34363
4.34363
4.34363
4.34363
4.34363
4.34363
4.34363
4.34363
4.34363
4.34363
4.34363
4.34363
4.34363
4.34363
4.34363
4.34363
4.34363
4.34363
4.34363
4.34363
4.34363
4.34363
4.34363
4.34363
4.34363
4.34363
4.34363
4.34363
4.34363
4.34363
4.34363
4.34363
4.34363
4.34363
4.34363
4.34363
4.34363
4.34363
4.34363
4.34363
4.34363
4.34363
4.34363
4.34363
4.34363
4.34363
4.34363
4.34363
4.34363
4.34363
4.34363
4.34363
4.34363
4.34363
4.34363
4.34363
4.34363
4.34363
4.34363
4.34363
4.34363
4.34363
4.34363
4.34363
4.34363
4.34363
4.34363
4.34363
4.34363
4.34363
4.34363
4.34363
4.34363
4.34363
4.34363
4.34363
4.34363
4.34363
4.34363
4.34363
4.34363
4.34363
4.34363
4.34363
4.34363
4.34363
4.34363
4.34363
4.34363
4.34363
4.34363
4.34363
4.34363
4.34363
4.34363
4.34363
4.34363
4.34363
4.34363
4.34363
4.34363
4.34363
4.34363
4.34363
4.34363
4.34363
4.34363
4.34363
4.34363
4.34363
4.34363
4.34363
4.34363
4.34363
4.34363
4.34363
4.34363
4.34363
4.34363
4.34363
4.34363
4.34363
4.34363
4.34363
4.34363
4.34363
4.34363
4.34363
4.34363
4.34363
4.34363
4.34363
4.34363
4.34363
4.34363
4.34363
4.34363
4.34363
4.34363
4.34363
4.34363
4.34363
4.34363
4.34363
4.34363
4.34363
4.34363
4.34363
4.34363
4.34363
4.34363
4.34363
4.34363
4.34363
4.34363
4.34363
4.34363
4.34363
4.34363
4.34363
4.34363
4.34363
4.34363
4.34363
4.34363
4.34363
4.34363
4.34363
4.34363
4.34363
4.34363
4.34363
4.34363
4.34363
4.34363
4.34363
4.34363
4.34363
4.34363
4.34363
4.34363
4.34363
4.34363
4.34363
4.34363
4.34363
4.34363
4.34363
4.34363
4.34363
4.34363
4.34363
4.34363
4.34363
4.34363
4.34363
4.34363
4.34363
4.34363
4.34363
4.34363
4.34363
4.34363
4.34363
4.34363
4.34363
4.34363
4.34363
4.34363
4.34363
4.34363
4.34363
4.34363
4.34363
4.34363
4.34363
4.34363
4.34363
4.34363
4.34363
4.34363
4.34363
4.34363
4.34363
4.34363
4.34363
4.34363
4.34363
4.34363
4.34363
4.34363
4.34363
4.34363
4.34363
4.34363
4.34363
4.34363
4.34363
4.34363
4.34363
4.34363
4.34363
4.34363
4.34363
4.34363
4.34363
4.34363
4.34363
4.34363
4.34363
4.34363
4.34363
4.34363
4.34363
4.34363
4.34363
4.34363
4.34363
4.34363
4.34363
4.34363
4.34363
4.34363
4.34363
4.34363
4.34363
4.34363
4.34363
4.34363
4.34363
4.34363
4.34363
4.34363
4.34363
4.34363
4.34363
4.34363
4.34363
4.34363
4.34363
4.34363
4.34363
4.34363
4.34363
4.34363
4.34363
4.34363
4.34363
4.34363
4.34363
4.34363
4.34363
4.34363
4.34363
4.34363
4.34363
4.34363
4.34363
4.34363
4.34363
4.34363
4.34363
4.34363
4.34363
4.34363
4.34363
4.34363
4.34363
4.34363
4.34363
4.34363
4.34363
4.34363
4.34363
4.34363
4.34363
4.34363
4.34363
4.34363
4.34363
4.34363
4.34363
4.34363
4.34363
4.34363
4.34363
4.34363
4.34363
4.34363
4.34363
4.34363
4.34363
4.34363
4.34363
4.34363
4.34363
4.34363
4.34363
4.34363
4.34363
4.34363
4.34363
4.34363
4.34363
4.34363
4.34363
4.34363
4.34363
4.34363
4.34363
4.34363
4.34363
4.34363
4.34363
4.34363
4.34363
4.34363
4.34363
4.34363
4.34363
4.34363
4.34363
4.34363
4.34363
4.34363
4.34363
4.34363
4.34363
4.34363
4.34363
4.34363
4.34363
4.34363
4.34363
4.34363
4.34363
4.34363
4.34363
4.34363
4.34363
4.34363
4.34363
4.34363
4.34363
4.34363
4.34363
4.34363
4.34363
4.34363
4.34363
4.34363
4.34363
4.34363
4.34363
4.34363
4.34363
4.34363
4.34363
4.34363
4.34363
4.34363
4.34363
4.34363
4.34363
4.34363
4.34363
4.34363
4.34363
4.34363
4.34363
4.34363
4.34363
4.34363
4.34363
4.34363
4.34363
4.34363
4.34363
4.34363
4.34363
4.34363
4.34363
4.34363
4.34363
4.34363
4.34363
4.34363
4.34363
4.34363
4.34363
4.34363
4.34363
4.34363
4.34363
4.34363
4.34363
4.34363
4.34363
4.34363
4.34363
4.34363
4.34363
4.34363
4.34363
4.34363
4.34363
4.34363
4.34363
4.34363
4.34363
4.34363
4.34363
4.34363
4.34363
4.34363
4.34363
4.34363
4.34363
4.34363
4.34363
4.34363
4.34363
4.34363
4.34363
4.34363
4.34363
4.34363
4.34363
4.34363
4.34363
4.34363
4.34363
4.34363
4.34363
4.34363
4.34363
4.34363
4.34363
4.34363
4.34363
4.34363
4.34363
4.34363
4.34363
4.34363
4.34363
4.34363
4.34363
4.34363
4.34363
4.34363
4.34363
4.34363
4.34363
4.34363
4.34363
4.34363
4.34363
4.34363
4.34363
4.34363
4.34363
4.34363
4.34363
4.34363
4.34363
4.34363
4.34363
4.34363
4.34363
4.34363
4.34363
4.34363
4.34363
4.34363
4.34363
4.34363
4.34363
4.34363
4.34363
4.34363
4.34363
4.34363
4.34363
4.34363
4.34363
4.34363
4.34363
4.34363
4.34363
4.34363
4.34363
4.34363
4.34363
4.34363
4.34363
4.34363
4.34363
4.34363
4.34363
4.34363
4.34363
4.34363
4.34363
4.34363
4.34363
4.34363
4.34363
4.34363
4.34363
4.34363
4.34363
4.34363
4.34363
4.34363
4.34363
4.34363
4.34363
4.34363
4.34363
4.34363
4.34363
4.34363
4.34363
4.34363
4.34363
4.34363
4.34363
4.34363
4.34363
4.34363
4.34363
4.34363
4.34363
4.34363
4.34363
4.34363
4.34363
4.34363
4.34363
4.34363
4.34363
4.34363
4.34363
4.34363
4.34363
4.34363
4.34363
8.24004
8.24004
8.24004
7.82839
7.82839
7.82839
7.82839
10.0311
10.0311
10.0311
10.0311
9.21024
9.21024
9.03805
9.03805
9.03805
9.03805
8.89759
8.89759
8.68693
8.68693
8.68693
8.68693
7.77129
7.18916
7.18916
7.18916
7.18916
7.18916
7.10282
7.10282
7.10282
6.94305
6.80027
6.80027
6.80027
6.80027
6.79404
6.79404
6.59679
6.59679
6.59679
6.56055
6.56055
6.56055
6.21395
6.21395
5.69927
5.69927
5.69927
5.52008
5.52008
5.42457
5.42457
5.33414
5.33414
5.33933
5.33269
5.33269
5.186
5.186
5.186
5.186
5.14506
5.14506
5.01929
5.01929
5.01929
4.99055
4.97946
4.97297
4.97297
4.97297
4.9713
4.95833
4.95833
4.95833
4.95833
4.95991
4.95991
4.95991
4.9413
4.9413
4.9413
3.94158
3.94158
3.94158
3.94158
3.94158
3.79654
3.79654
3.79654
3.79654
3.82513
3.82513
3.82513
3.82513
3.62833
3.62833
3.55326
3.55326
3.55326
3.51597
3.51597
3.50638
3.50638
3.51148
3.51148
3.51148
3.50146
3.50146
3.50146
3.50146
3.50146
3.46872
3.46872
3.47329
3.47329
3.47329
3.41618
3.41618
3.41618
3.40638
3.40638
3.40638
3.21287
3.1801
3.1801
3.1801
3.1801
3.1801
3.1801
3.15923
3.14878
3.14878
3.14875
3.13028
3.13028
3.13028
3.13028
3.13119
3.10371
3.10371
3.10371
3.10418
3.10151
3.10151
3.07247
3.07158
3.07158
3.07158
2.98342
2.98342
2.98342
2.98342
2.96654
2.96373
2.96215
2.96215
2.96215
2.96215
2.92146
2.92146
2.92643
2.92643
2.92643
2.92119
2.92119
2.88088
2.88088
2.88595
2.88118
2.88118
2.88118
2.87998
2.86292
2.86292
2.86292
2.86292
2.84782
2.84782
2.84782
2.81322
2.8053
2.80402
2.80184
2.67746
2.67746
2.67746
2.67746
2.67746
2.66036
2.66036
2.66036
2.66036
2.66036
2.6145
2.6145
2.6145
2.60255
2.60255
2.60255
2.60255
2.60255
2.60255
2.60255
2.60255


0.122235
-0.0579475
-0.0497901
-0.053443
-0.0328202
-0.041244
-0.0599345
-0.0352877
-0.0025056
-0.0505368
-0.0436355
-0.0501414
-0.0381493
-0.0460836
-0.0410113
-0.0493376
-0.0571698
-0.0493376
-0.0410113
-0.0470195
-0.0550994
-0.0304538
-0.0581194
-0.0412779
-0.0716925
-0.0587719
-0.0249643
-0.0595339
0.114569
-1.11943

0.021

