189.79
189.79
189.79
189.79
189.79
189.79
189.79
189.79
189.79
189.79
189.79
189.79
189.79
189.79
189.79
189.79
189.79
189.79
189.79
189.79
189.79
189.79
160.893
160.893
160.893
160.893
160.893
160.893
160.893
160.893
133.252
133.252
133.252
133.252
133.252
133.252
133.252
133.252
133.252
133.252
133.252
133.252
133.252
133.252
133.252
123.055
74.2259
74.2259
74.2259
74.2259
74.2259
64.4092
64.4092
64.4092
64.4092
64.4092
64.4092
64.4092
64.4092
64.4092
64.4092
64.4092
64.4092
64.4092
59.746
59.746
59.746
59.746
59.746
59.746
59.746
59.746
59.746
59.746
59.746
54.0725
54.0725
54.0725
54.0725
54.0725
54.0725
48.946
48.946
48.946
48.946
48.946
48.946
48.946
48.946
48.946
48.946
48.946
48.946
48.946
48.946
48.946
48.946
48.946
48.946
48.946
48.946
48.946
48.946
48.7971
48.7971
48.7971
48.7971
48.7971
48.7971
48.7971
48.7971
48.7971
48.7971
48.7971
48.7971
48.7971
48.7971
48.7971
48.7971
45.0202
45.0202
45.0202
45.0202
45.0202
45.0202
45.0202
45.0202
45.0202
45.0202
45.0202
45.0202
45.0202
45.0202
45.0202
41.3307
41.3307
41.3307
41.3307
41.3307
41.3307
41.3307
41.3307
41.3307
41.3307
41.3307
41.3307
41.3307
41.3307
41.3307
41.3307
40.1356
40.1356
40.1356
40.1356
40.1356
40.1356
40.1356
40.1356
40.1356
40.1356
40.1356
40.1356
40.1356
40.1356
40.1356
40.1356
40.1356
40.1356
40.1356
40.1356
40.1356
40.1356
40.1356
39.8151
39.8151
39.8151
38.7844
38.7844
38.7844
38.7844
38.7844
38.7844
38.7844
38.7844
38.7844
38.7844
38.7844
38.7844
38.7844
38.359
38.359
38.359
38.359
37.8967
37.8967
37.8967
37.8967
37.8967
37.8967
37.8967
37.8967
37.8967
37.8967
37.8967
37.8967
37.8967
36.7962
36.7962
36.7962
36.7962
36.7962
36.7962
36.7962
36.7962
36.7962
34.9327
34.9327
34.9327
34.9327
34.9327
34.9327
34.9327
34.9327
34.9327
34.9327
34.9327
34.9327
34.9327
34.9327
34.9327
34.9327
34.9327
34.9327
34.9327
34.9327
34.9327
34.9327
34.9327
34.9327
34.9327
34.9327
34.9327
34.9327
34.9327
34.9327
34.9327
34.9327
34.9327
34.9327
34.218
34.218
34.218
31.5506
31.5506
31.5506
31.5506
31.5506
31.5506
31.5506
31.5506
31.5506
31.3352
31.3352
31.3352
31.3352
31.3352
31.3352
31.3352
31.3352
30.2878
30.2878
30.2878
30.2878
30.2878
30.2878
30.2878
30.2878
30.2878
30.2878
30.2878
30.2878
30.2878
30.2878
30.0153
30.0153
30.0153
30.0153
30.0153
30.0153
25.1881
25.1881
25.1881
25.1881
25.1881
25.1881
25.1881
25.1881
25.1881
25.1881
25.1881
25.1881
25.1881
25.1881
24.7758
24.7758
24.7758
24.7758
24.7758
24.7758
24.6477
24.6477
22.3133
22.3133
22.3133
22.3133
22.3133
22.3133
22.3133
22.3133
22.3133
22.3133
22.3133
22.3133
22.3133
22.3133
22.3133
22.3133
22.3133
22.3133
22.3133
22.3133
22.3133
22.3133
22.3133
22.3133
22.3133
22.3133
22.3133
22.3133
22.3133
22.3133
22.1693
22.1693
22.1693
22.1693
22.1693
22.1693
22.1693
21.9395
21.9395
21.9395
21.9395
21.9395
21.9395
21.5201
21.5201
19.8468
19.8468
19.8468
19.8468
19.8468
19.8468
19.8468
19.8468
19.8468
19.8468
19.8468
19.8468
19.8468
19.8468
19.8468
19.8468
19.8468
19.8468
19.8468
19.8468
19.8468
19.8468
19.8468
19.8468
19.8468
19.8468
19.8468
19.8468
19.8468
19.8468
19.8468
19.8468
19.8468
19.8468
19.8468
19.8468
19.8468
19.8468
19.8468
19.8468
19.8468
19.8468
17.8234
17.8234
17.8234
17.8234
17.8234
17.8234
17.8234
17.8234
17.8234
17.8234
17.8234
17.8234
17.8234
17.8234
17.8234
17.8234
17.8234
17.8234
17.8234
17.8234
17.8234
17.8234
17.8234
17.8234
17.8234
17.8234
17.8234
17.8234
17.8234
17.8234
17.8234
17.8234
17.8234
17.8234
17.8234
17.8234
17.8234
17.8234
17.8234
17.8234
17.8234
17.8234
17.8234
17.8234
17.8234
17.8234
17.8234
17.8234
17.8234
17.8234
17.8234
17.8234
17.8234
17.8234
17.8234
17.8234
17.8234
17.8234
17.6794
17.6794
17.1703
17.1703
17.1703
17.1703
17.1703
17.1703
17.1703
17.1703
17.1703
17.1703
17.1703
17.1703
17.1703
17.1703
17.1703
17.1703
17.1703
17.1703
17.1703
17.1703
17.0708
17.0708
17.0708
17.0708
17.0708
17.0708
17.0708
17.0708
17.0708
16.9887
16.9887
16.9887
16.9887
16.9887
16.9887
16.9887
16.9887
16.9887
16.9887
16.9887
16.9887
16.9887
16.9887
16.9887
15.7775
15.7775
15.7775
15.7775
15.7775
15.7775
15.7775
15.7775
15.7775
15.7775
15.7775
15.7775
15.7775
15.7775
15.7775
15.7775
15.7775
15.7775
15.7775
15.7775
15.7775
15.7775
15.4714
15.4714
15.4714
15.4714
14.4496
14.4496
14.4496
14.4496
14.4496
14.4496
14.4496
14.4496
14.4496
14.4496
14.4496
14.4496
14.4496
14.4496
14.4496
14.4496
14.4496
14.0422
14.0422
14.0422
14.0422
14.0422
14.0422
14.0422
14.0422
14.0422
14.0422
14.0422
14.0422
14.0422
14.0422
14.0422
14.0422
14.0422
14.0422
14.0422
14.0422
14.0422
14.0422
14.0422
14.0422
14.0422
14.0422
14.0422
14.0422
14.0422
14.0422
14.0422
14.0422
14.0422
14.0422
14.0422
14.0422
14.0422
14.0422
13.9644
13.9644
13.9644
13.9644
13.9644
13.9644
13.9644
13.9644
13.9644
13.9644
13.9644
13.9644
13.9644
13.9644
13.9644
13.9644
13.9644
13.9644
13.9644
13.9644
13.9644
13.723
13.723
13.723
13.723
13.723
13.723
13.723
13.723
13.723
13.723
13.723
13.723
13.723
13.723
13.723
13.723
13.723
13.723
13.723
13.723
13.723
13.723
13.2948
13.2948
13.2948
13.2948
13.2948
13.2948
13.2948
13.2948
13.2948
13.2948
13.2948
13.2948
13.2948
13.2948
13.2948
13.2948
13.2948
13.2948
13.2948
13.2948
13.2948
13.2948
13.2948
13.2948
13.2948
13.2948
13.2948
13.2948
13.2948
12.9466
12.9466
12.9466
12.9466
12.9466
12.9466
12.9466
12.9466
12.9466
12.9466
12.9466
11.8528
11.8528
11.8528
11.8528
11.8528
11.8528
11.8528
11.8528
11.8528
11.8528
11.8528
11.8528
11.8528
11.8528
11.8528
11.8528
11.8528
11.8528
11.8528
11.8528
11.8528
11.8528
11.8528
11.8528
11.8528
11.8528
11.3981
11.3981
11.3981
11.3981
11.3981
11.3981
11.3981
11.3981
11.1307
11.1307
11.1307
11.1307
11.1307
11.1307
11.1307
11.1307
11.1307
11.1307
11.1307
11.1307
11.1307
11.1307
11.1307
11.1307
11.1307
11.1307
11.1307
10.6827
10.6827
10.6827
10.6827
10.6827
10.6827
10.6827
10.6827
10.6827
10.6827
10.6827
10.6827
10.6827
10.6827
10.6827
10.1975
9.97314
9.97314
9.97314
9.97314
9.97314
9.97314
9.97314
9.97314
9.97314
9.97314
9.97314
9.97314
9.97314
9.97314
9.97314
9.97314
9.97314
9.97314
9.97314
9.97314
9.97314
9.97162
9.97162
9.97162
9.97162
9.97162
9.81933
9.81933
9.81933
9.81933
9.81933
9.81933
9.81933
9.76989
9.76989
9.76989
9.76989
9.76989
9.76989
9.76989
9.76989
9.76989
9.76989
9.76989
9.76989
9.76989
9.76989
9.76989
9.76989
9.76989
9.76989
9.76989
9.76989
9.76989
9.76989
9.76989
9.76989
9.76989
9.76989
9.76989
9.76989
9.76989
9.50682
9.50682
9.50682
9.50682
9.50682
9.50682
9.50682
9.50682
9.50682
9.50682
9.50682
9.50682
9.50682
9.50682
9.50682
9.50682
9.50682
9.50682
9.50682
9.50682
9.50682
9.50682
9.50682
9.50682
8.89309
8.89309
8.89309
8.84335
8.84335
8.84335
8.84335
8.84335
8.84335
8.84335
8.84335
8.84335
8.84335
8.84335
8.84335
8.84335
8.84335
8.84335
8.84335
8.84335
8.84335
8.84335
8.79025
8.79025
8.79025
8.79025
8.79025
8.79025
8.56899
8.56899
8.56899
8.56899
8.56899
8.56899
8.56899
8.56899
8.56899
8.56899
8.56899
8.56899
8.56899
8.56899
8.56899
8.56899
8.28822
8.28822
8.28822
8.28822
8.28822
8.28822
8.28822
8.28822
8.28822
7.66839
7.66839
7.66839
7.66839
7.66839
7.66839
7.66839
7.66839
7.66839
7.66839
7.66839
7.66839
7.66839
7.66839
7.66839
7.66839
7.66839
7.66839
7.66839
7.66839
7.66839
7.66839
7.66839
7.66839
7.66839
7.66839
7.66839
7.66839
7.66839
7.66839
7.66839
7.66839
7.66839
7.66839
7.66839
7.66839
7.66839
7.66839
7.66839
7.66839
7.66839
7.66839
7.66839
7.66839
7.66839
7.66839
7.66839
7.66839
7.66839
7.66839
7.66839
7.66839
7.66839
7.66839
7.66839
7.66839
7.66839
7.66839
7.66839
7.66839
7.66839
7.62902
7.62902
7.62902
7.62902
7.62902
7.62902
7.62902
7.62902
7.62902
7.62902
7.62902
7.62902
7.62902
7.62902
7.62902
7.62902
7.62902
7.62902
7.62902
7.62902
7.62902
7.62902
7.62902
7.62902
7.62902
7.62902
7.62902
7.62902
7.62902
7.62902
7.62902
7.62902
7.62902
7.25913
7.25913
7.25913
7.25913
7.25913
7.25913
7.25913
7.25913
7.25913
7.25913
7.25913
7.25913
7.25913
7.25913
7.25913
7.25913
7.25913
7.25913
7.25913
7.25913
7.25913
7.25913
7.25913
6.89627
6.89627
6.89627
6.89627
6.89627
6.89627
6.89627
6.89627
6.89627
6.89627
6.89627
6.89627
6.89627
6.89627
6.45253
6.45253
6.45253
6.45253
6.45253
6.45253
6.45253
6.45253
6.45253
6.45253
6.45253
6.45253
6.45253
6.45253
6.17817
6.17817
6.17817
6.17817
6.17817
6.17817
6.17817
6.17817
6.17817
6.17817
6.17817
6.17817
6.17817
6.17817
6.17817
6.17817
6.17817
6.14246
6.14246
6.14246
6.14246
6.14246
6.14246
6.10462
6.10462
5.96789
5.96789
5.96789
5.96789
5.96789
5.96789
5.96789
5.96789
5.96789
5.96789
5.96789
5.96789
5.96789
5.96789
5.96789
5.96789
5.96789
5.96789
5.96789
5.96789
5.96789
5.96789
5.96789
5.96789
5.96789
5.96789
5.91845
5.91845
5.91845
5.91845
5.91845
5.91845
5.91845
5.91845
5.91845
5.52873
5.52873
5.52873
5.52873
5.52873
5.52873
5.52873
5.52873
5.52873
5.52873
5.52873
5.52873
5.52873
5.52873
5.52873
5.52873
5.52873
5.52873
5.52873
5.52873
5.52873
5.52873
5.52873
5.52873
5.52873
5.52873
5.52873
5.52873
5.52873
5.52873
5.52873
5.52873
5.52873
5.52873
5.52873
5.52873
5.52873
5.52873
5.52873
5.52873
5.52873
5.52873
5.52873
5.52873
5.52873
5.52873
5.52873
5.52873
5.52873
5.52873
5.52873
5.52873
5.52873
5.52873
5.52873
5.52873
5.52873
5.52873
5.52873
5.52873
5.52873
5.52873
5.52873
5.52873
5.52873
5.52873
5.52873
5.52873
5.52873
5.52873
5.52873
5.52873
5.52873
5.52873
5.52873
5.02396
5.02396
5.02396
5.02396
5.02396
5.02396
5.02396
5.02396
5.02396
5.02396
5.02396
5.02396
5.02396
5.02396
5.02396
5.02396
5.02396
5.02396
5.02396
5.02396
5.02396
5.02396
5.02396
5.02396
5.02396
5.02396
5.02396
5.02396
5.02396
5.02396
5.02396
5.02396
5.02396
5.02396
5.02396
5.02396
5.02396
5.02396
5.02396
5.02396
5.02396
5.02396
5.02396
5.02396
5.02396
5.02396
5.02396
5.02396
5.02396
5.02396
5.02396
5.02396
5.02396
5.02396
5.02396
5.02396
5.02396
4.9678
4.9678
4.9678
4.9678
4.9678
4.9678
4.9678
4.9678
4.9678
4.9678
4.9678
4.9678
4.9678
4.9678
4.9678
4.9678
4.9678
4.9678
4.9678
4.9678
4.9678
4.9678
4.9678
4.9678
4.9678
4.9678
4.9678
4.9678
4.9678
4.9678
4.9678
4.9678
4.9678
4.9678
4.9678
4.9678
4.9678
4.9678
4.9678
4.9678
4.9678
4.9678
4.9678
4.9678
4.9678
4.9678
4.9678
4.9678
4.9678
4.9678
4.9678
4.9678
4.9678
4.9678
4.94766
4.94766
4.94766
4.94766
4.94766
4.94766
4.94766
4.94766
4.94766
4.94766
4.94766
4.94766
4.94766
4.94766
4.94766
4.94766
4.94766
4.94766
4.94766
4.94766
4.94766
4.94766
4.94766
4.94766
4.94766
4.94766
4.5848
4.5848
4.5848
4.5848
4.5848
4.5848
4.5848
4.5848
4.5848
4.5848
4.5848
4.5848
4.57869
4.56038
4.56038
4.56038
4.56038
4.56038
4.56038
4.56038
4.56038
4.56038
4.56038
4.56038
4.56038
4.56038
4.4676
4.41328
4.41328
4.41328
4.41328
4.41328
4.41328
4.41328
4.41328
4.41328
4.41328
4.41328
4.41328
4.34919
4.34919
4.34919
4.34919
4.34919
4.34919
4.34919
4.34919
4.34919
4.34919
4.34919
4.34919
4.34919
4.34919
4.34919
4.34919
4.2082
4.2082
4.2082
4.2082
4.2082
4.2082
4.2082
4.2082
4.2082
4.2082
4.2082
4.2082
4.2082
4.2082
4.2082
4.2082
4.2082
4.20515
4.17768
4.17768
4.17768
4.17768
4.17768
4.17768
4.17768
4.17768
4.17768
4.17768
4.17768
4.17768
4.17768
4.17768
4.17768
4.17768
4.17768
4.17768
4.17768
4.17768
4.17493
4.17493
4.17493
4.17493
4.17493
4.17493
4.17493
4.02783
4.02783
4.02783
4.02783
4.02783
4.02783
4.02783
4.02783
4.02783
4.02783
4.02783
4.02783
4.02783
4.02783
4.02783
4.02783
4.02783
4.02783
4.02783
4.02783
4.02783
4.02783
4.02783
4.02783
4.02783
4.02783
4.02783
4.02783
3.79223
3.79223
3.79223
3.79223
3.79223
3.79223
3.79223
3.79223
3.79223
3.79223
3.79223
3.79223
3.79223
3.79223
3.79223
3.79223
3.79223
3.79223
3.79223
3.79223
3.79223
3.79223
3.79223
3.79223
3.79223
3.79223
3.79223
3.79223
3.79223
3.79223
3.79223
3.79223
3.79223
3.79223
3.79223
3.79223
3.79223
3.79223
3.79223
3.79223
3.79223
3.79223
3.79223
3.79223
3.79223
3.79223
3.79223
3.79223
3.79223
3.79223
3.79223
3.79223
3.79223
3.79223
3.78307
3.78307
3.78307
3.78307
3.74981
3.74981
3.74981
3.74981
3.74981
3.74981
3.74981
3.74981
3.74981
3.74981
3.74981
3.74981
3.72112
3.62011
3.62011
3.62011
3.62011
3.62011
3.62011
3.62011
3.60637
3.60637
3.60637
3.60637
3.60637
3.60637
3.60637
3.60637
3.60637
3.60637
3.60637
3.60637
3.60637
3.60637
3.60637
3.60637
3.60637
3.60637
3.60637
3.54442
3.54442
3.54442
3.54442
3.54442
3.54442
3.54442
3.54442
3.54442
3.54442
3.54442
3.54442
3.54442
3.54442
3.54442
3.54442
3.54442
3.54442
3.54442
3.54442
3.54442
3.54442
3.54442
3.54442
3.54442
3.54442
3.54442
3.54442
3.54442
3.54442
3.54442
3.54442
3.54442
3.54442
3.54442
3.54442
3.54442
3.54442
3.54442
3.54442
3.54442
3.54442
3.54442
3.54442
3.54442
3.54442
3.54442
3.54442
3.54442
3.54442
3.54442
3.54442
3.54442
3.54442
3.54442
3.54442
3.54442
3.54442
3.54442
3.54442
3.54442
3.54442
3.54442
3.4547
3.4547
3.4547
3.4547
3.4547
3.4547
3.4547
3.4547
3.4547
3.4547
3.4547
3.4547
3.4547
3.4547
3.4547
3.4547
3.39274
3.39274
3.39274
3.39274
3.39274
3.39274
3.39274
3.39274
3.39274
3.39274
3.39274
3.39274
3.39274
3.39274
3.39274
3.39274
3.39274
3.39274
3.39274
3.39274
3.39274
3.39274
3.39274
3.39274
3.39274
3.39274
3.39274
3.39274
3.39274
3.39274
3.39274
3.39274
3.39274
3.35032
3.35032
3.35032
3.35032
3.35032
3.35032
3.35032
3.35032
3.35032
3.35032
3.35032
3.35032
3.35032
3.35032
3.35032
3.35032
3.35032
3.35032
3.35032
3.35032
3.35032
3.35032
3.35032
3.35032
3.35032
3.35032
3.35032
3.11472
3.11472
2.98257
2.98257
2.98257
2.98257
2.98257
2.98257
2.98257
2.98257
2.98257
2.98257
2.98257
2.98257
2.98257
2.98257
2.98257
2.98257
2.98257
2.98257
2.98257
2.98257
2.98257
2.98257
2.98257
2.98257
2.98257
2.98257
2.98257
2.98257
2.98257
2.98257
2.98257
2.98257
2.98257
2.98257
2.98257
2.98257
2.98257
2.98257
2.98257
2.98257
2.98257
2.98257
2.98257
2.98257
2.98257
2.98257
2.98257
2.98257
2.98257
2.98257
2.98257
2.98257
2.98257
2.98257
2.98257
2.98257
2.98257
2.98257
2.98257
2.98257
2.98257
2.98257
2.98257
2.98257
2.98257
2.98257
2.98257
2.98257
2.98257
2.98257
2.98257
2.98257
2.98257
2.98257
2.98257
2.98257
2.98257
2.98257
2.98257
2.98257
2.98257
2.98257
2.98257
2.98257
2.98257
2.98257
2.98257
2.98257
2.98257
2.98257
2.98257
2.98257
2.98257
2.98257
2.98257
2.98257
2.98257
2.98257
2.98257
2.98257
2.98257
2.98257
2.0014
2.0014
2.0014
2.0014
2.0014
2.0014
2.0014
2.0014
2.0014
2.0014
2.0014
2.0014
2.0014
2.0014
2.0014
2.0014
2.0014
2.0014
2.0014
2.0014
2.0014
1.96814
1.96814
1.96814
1.96814
1.96814
1.96814
1.96814
1.96814
1.96814
1.96814
1.96814
1.96814
1.95471
1.95471
1.95471
1.95471
1.95471
1.95471
1.95471
1.95471
1.95471
1.95471
1.95471
1.92022
1.92022
1.92022
1.92022
1.92022
1.92022
1.92022
1.92022
1.92022
1.92022
1.92022
1.92022
1.92022
1.92022
1.92022
1.92022
1.92022
1.92022
1.92022
1.92022
1.92022
1.92022
1.92022
1.92022
1.80548
1.80548
1.80548
1.80548
1.80548
1.79205
1.79205
1.79205
1.79205
1.79205
1.79205
1.79205
1.79205
1.79205
1.79205
1.79205
1.79205
1.79205
1.79205
1.79205
1.79205
1.79205
1.79205
1.79205
1.79205
1.79205
1.79205
1.79205
1.79205
1.79205
1.79205
1.79205
1.79205
1.79205
1.79205
1.79205
1.79205
1.79205
1.79205
1.79205
1.79205
1.79205
1.79205
1.79205
1.79205
1.79205
1.79205
1.79205
1.79205
1.79205
1.79205
1.79205
1.79205
1.79205
1.79205
1.79205
1.79205
1.79205
1.79205
1.79205
1.79205
1.79205
1.79205
1.79205
1.79205
1.79205
1.79205
1.79205
1.79205
1.79205
1.79205
1.79205
1.79205
1.79205
1.79205
1.79205
1.79205
1.79205
1.79205
1.79205
1.79205
1.79205
1.79205
1.79205
1.79205
1.79205
1.79205
1.79205
1.79205
1.79205
1.79205
1.79205
1.79205
1.79205
1.79205
1.79205
1.79205
1.79205
1.79205
1.79205
1.79205
1.79205
1.79205
1.79205
1.79205
1.79205
1.79205
1.79205
1.79205
1.79205
1.79205
1.79205
1.79205
1.79205
1.79205
1.79205
1.79205
1.79205
1.79205
1.79205
1.79205
1.79205
1.79205
1.79205
1.79205
1.79205
1.79205
1.79205
1.79205
1.79205
1.79205
1.79205
1.79205
1.79205
1.79205
1.79205
1.79205
1.79205
1.79205
1.79205
1.79205
1.79205
1.79205
1.79205
1.79205
1.79205
1.79205
1.79205
1.79205
1.79205
1.79205
1.79205
1.79205
1.79205
1.79205
1.79205
1.79205
1.79205
1.79205
1.79205
1.79205
1.76305
1.76305
1.74963
1.74963
1.74963
1.74963
1.74963
1.74963
1.74963
1.74963
1.74963
1.74963


0.0306711
0.0306711
0.0306711
0.0306711
0.0306711
0.24247
-0.19303
-0.0990326
-0.0990326
0.0511185
-0.0990326
-0.0990326
0.12833
-0.24308
-0.00747703
0.00625629
0.00625629
0.00625629
0.00625629
0.00625629
0.00625629
0.00625629
-0.048677
-0.0352489
-0.0352489
-0.0352489
-0.0352489
-0.0352489
-0.0352489
0.0306711

0.027

