141.872
141.872
141.872
141.872
141.872
141.872
141.872
119.952
131.313
131.313
131.313
132.073
132.073
132.073
158.726
136.269
136.269
136.269
136.269
136.269
152.342
152.342
152.342
152.342
152.342
152.342
155.814
120.552
120.552
120.552
120.552
163.368
163.368
161.432
161.432
161.432
161.432
159.436
159.436
171.623
171.623
171.623
171.623
171.623
171.623
167.964
167.964
171.623
171.623
171.623
163.063
161.567
161.567
152.673
152.673
152.673
152.673
152.673
152.673
173.971
177.757
156.565
156.565
156.565
157.406
157.406
157.406
157.406
157.406
157.406
157.406
157.406
157.406
157.406
150.294
150.294
150.294
150.294
150.294
150.294
150.294
148.949
148.949
148.949
148.949
148.949
148.949
148.949
148.949
148.949
159.219
159.219
159.219
159.219
177.379
177.379
184.239
184.239
184.239
186.038
186.038
186.56
162.138
162.138
162.138
162.138
162.138
162.138
162.138
145.527
145.527
146.219
146.219
151.767
151.767
151.767
151.767
151.767
151.767
151.767
151.767
151.767
151.767
151.767
151.767
181.345
181.345
164.252
133.703
133.703
133.703
133.703
133.703
133.703
141.123
141.123
141.123
103.08
103.08
103.08
103.08
151.446
160.819
179.778
179.778
169.385
148.952
148.952
148.952
187.629
187.629
187.629
187.629
187.629
187.629
187.629
187.629
187.629
187.629
187.629
179.394
179.394
179.394
179.394
179.394
157.11
157.11
157.11
148.04
148.04
148.04
148.04
148.04
148.04
148.04
148.04
148.04
148.04
173.325
173.325
173.325
173.325
198.589
165.581
165.581
152.428
152.428
165.575
165.575
165.575
165.575
176.415
176.415
184.309
184.309
184.309
162.01
162.01
162.01
170.016
170.016
170.016
170.016
175.777
187.563
187.563
186.926
186.926
186.926
186.926
179.273
179.273
166.829
183.784
183.784
183.784
183.784
194.207
199.307
201.116
162.16
162.16
162.16
162.16
162.16
184.098
184.098
184.098
184.098
180.082
165.475
165.475
165.475
165.475
165.475
165.475
165.475
165.475
165.475
165.475
165.475
165.475
165.475
165.475
165.475
165.475
165.475
165.475
180.216
180.216
180.216
173.625
173.625
194.377
178.721
178.721
168.895
168.895
168.895
173.805
173.805
165.282
165.282
165.282
165.282
165.282
161.11
141.611
161.11
161.11
179.072
179.072
161.285
161.285
161.285
161.285
167.176
175.28
185.818
185.818
185.818
185.818
185.818
185.818
186.562
186.562
186.562
186.562
186.562
186.562
177.055
177.055
179.206
179.206
179.206
179.206
179.206
168.27
168.27
168.27
168.27
168.27
164.496
168.27
168.27
168.27
168.27
167.995
167.995
167.995
167.995
174.08
179.883
179.883
179.883
145.35
145.35
164.949
172.916
172.916
172.916
164.237
160.56
160.56
160.56
160.56
160.56
160.56
160.56
160.56
160.56
160.56
160.56
160.56
160.56
160.56
160.56
160.56
160.56
160.56
160.56
160.56
160.56
177.131
155.416
155.416
155.416
155.416
155.416
157.796
157.796
157.796
153.704
142.704
153.704
153.704
130.375
130.375
130.375
130.375
130.375
160.526
160.526
160.526
160.526
160.526
160.526
164.844
164.844
164.844
164.844
162.517
162.517
162.517
162.517
162.517
162.517
162.517
162.517
162.517
162.517
162.517
162.517
162.517
139.906
139.906
139.906
139.906
139.906
139.906
139.906
139.906
139.906
139.906
139.906
139.906
139.906
139.906
139.906
139.906
139.906
139.906
139.906
139.906
139.906
139.906
137.184
137.184
137.184
137.184
137.184
130.521
130.521
130.521
177.687
177.687
177.687
177.687
193.047
193.047
205.93
205.93
205.93
214.965
214.965
214.965
214.374
214.374
224.958
207.954
207.954
207.954
219.269
219.269
219.269
219.269
219.269
214.274
214.274
214.274
214.274
214.274
214.274
214.274
214.274
214.274
247.208
247.208
242.571
245.237
218.518
218.518
218.518
218.518
218.518
218.518
236.717
236.717
236.717
214.347
214.347
197.723
197.723
197.723
197.723
197.723
197.723
197.723
197.723
197.723
197.723
197.723
197.723
197.723
197.723
197.723
197.723
197.723
197.723
197.723
197.723
145.242
145.242
207.076
207.076
210.086
219.916
219.916
219.916
219.916
219.916
219.916
219.916
227.443
227.443
240.068
240.068
227.684
197.544
197.544
197.544
197.544
215.44
215.44
215.44
215.44
215.44
215.44
215.44
215.44
212.356
213.565
213.565
213.565
213.565
213.565
213.565
213.565
213.565
213.565
213.565
213.565
213.565
213.565
213.565
213.565
226.557
226.557
215.574
204.738
243.209
243.209
215.402
204.478
192.49
204.478
204.478
204.478
204.478
207.073
207.073
207.073
207.073
207.073
207.073
227.334
227.334
227.334
227.334
227.334
227.334
227.334
227.334
227.334
227.334
227.334
229.664
229.072
221.804
221.804
221.804
189.065
203.73
208.698
208.698
212.12
212.12
222.779
222.779
235.49
235.49
216.343
216.343
234.22
220.165
220.165
220.165
220.165
234.22
234.22
234.22
206.796
206.796
206.796
206.796
206.796
228.846
228.846
228.846
228.846
213.488
213.488
213.488
213.488
221.237
221.237
214.785
214.785
225.179
215.666
215.666
215.666
215.666
215.666
185.279
185.279
185.279
185.279
185.279
191.134
191.134
191.134
191.134
191.134
191.134
191.134
191.134
191.134
191.134
229.519
229.519
229.519
229.519
229.519
229.519
229.519
229.519
229.519
205.16
205.16
205.16
205.16
205.16
205.16
228.667
228.667
212.12
212.12
212.12
212.12
212.12
212.12
212.12
212.12
212.12
212.12
212.12
212.12
217.429
217.429
210.129
210.129
210.129
210.129
210.129
210.129
210.129
210.129
210.129
210.129
222.37
222.37
222.37
222.37
171.722
171.722
184.428
184.428
184.428
184.428
221.313
221.313
221.313
221.313
221.313
221.313
221.313
222.449
195.712
195.712
195.712
195.712
195.712
195.712
195.712
195.712
189.634
230.281
230.281
230.281
200.862
200.862
200.862
200.862
200.862
200.862
200.862
209.2
209.2
209.2
209.2
209.2
209.2
242.053
242.053
242.053
242.053
244.473
244.473
244.473
241.448
241.448
235.094
241.448
241.448
241.448
241.448
223.133
223.133
232.573
174.728
174.728
226.42
226.42
217.926
221.373
221.373
236.894
236.894
236.894
236.894
236.894
243.577
243.577
246.053
246.053
246.053
235.594
235.594
235.594
235.594
235.594
224.87
224.87
224.87
216.191
216.191
216.191
223.103
223.103
223.103
224.87
224.87
224.87
244.849
246.598
265.908
265.908
265.908
265.908
254.117
251.212
251.212
251.212
251.212
251.212
251.212
251.212
251.212
251.212
251.212
251.212
251.212
235.553
216.725
216.725
216.725
216.725
216.725
216.725
210.567
210.567
210.567
210.567
210.567
227.519
227.519
182.824
182.824
182.824
182.824
227.519
220.8
210.413
210.413
220.8
173.388
173.388
173.388
173.388
173.388
173.388
196.75
196.75
196.75
196.75
196.75
196.75
199.74
199.74
199.74
199.74
199.74
199.74
160.669
160.669
160.669
160.669
160.669
192.191
192.191
192.191
192.191
192.191
192.191
192.191
192.191
192.191
192.191
192.191
186.236
186.236
186.236
186.236
186.236
174.636
174.636
174.636
174.636
170.69
170.69
192.566
192.566
203.454
208.934
208.934
208.934
208.934
208.934
217.634
217.634
217.634
217.634
202.023
202.023
202.023
202.023
202.023
202.023
202.023
196.519
196.519
196.519
196.519
196.519
196.519
196.519
196.519
196.519
196.519
196.519
196.519
196.519
209.626
209.626
209.626
209.626
209.626
209.626
211.897
211.897
211.897
211.897
211.897
211.897
211.897
211.897
211.897
213.316
213.316
213.316
213.316
213.316
213.316
213.316
213.316
213.316
213.316
201.152
228.904
228.904
170.328
170.328
170.328
170.328
170.328
170.328
170.328
170.328
193.372
193.372
193.372
193.372
174.643
174.643
174.643
174.643
174.643
174.643
174.643
174.643
174.643
174.643
177.839
177.839
177.839
177.839
191.041
189.757
189.757
173.489
138.628
138.628
155.804
155.804
161.628
161.628
161.628
161.628
161.628
161.628
161.628
203.812
203.812
178.35
178.35
154.021
154.021
154.021
154.021
154.021
154.021
194.258
194.258
194.258
194.258
194.258
207.383
207.383
207.383
207.383
202.501
202.501
202.501
202.501
222.775
228.369
228.369
172.958
189.205
189.205
179.617
179.617
179.617
179.617
179.617
179.617
179.617
179.617
191.021
191.021
191.021
191.021
191.021
202.833
202.833
202.833
202.833
173.613
173.613
190.478
190.478
190.478
190.478
190.478
188.862
188.862
188.862
188.683
188.683
188.683
188.683
188.683
147.793
147.793
140.72
140.72
140.72
140.72
140.72
140.72
140.72
140.72
140.72
140.72
160.237
160.237
160.209
160.209
160.209
160.209
160.209
160.209
161.849
134.023
134.023
134.023
134.023
134.023
134.023
134.023
134.023
134.023
134.023
134.023
134.023
134.023
134.023
134.023
134.023
134.023
134.023
134.023
134.023
134.023
134.023
134.023
134.023
134.023
134.023
134.023
134.023
134.023
134.023
134.023
155.342
155.342
170.919
170.919
131.639
131.639
137.125
137.125
139.365
139.365
139.365
139.365
139.365
139.365
152.954
143.387
143.387
143.387
152.954
152.954
145.006
145.006
145.006
145.006
145.006
145.006
145.006
145.006
140.219
140.219
140.219
140.219
140.219
140.219
140.219
140.219
110.915
110.915
110.915
110.915
110.915
110.915
104.306
104.306
104.306
131.652
131.652
131.652
131.652
131.652
151.333
151.333
151.333
151.333
151.333
151.333
162.225
162.225
162.225
162.225
162.225
162.225
162.225
173.294
115.61
115.61
190.912
190.912
190.912
190.912
190.912
190.912
206.314
206.314
206.314
210.092
210.092
210.092
210.092
210.092
220.435
220.435
225.176
194.852
194.852
194.852
194.852
194.852
194.852
175.932
201.921
201.921
196.666
196.666
196.666
188.911
188.911
188.911
188.911
188.911
188.911
188.911
188.911
188.911
188.911
188.911
200.33
200.33
200.33
200.33
211.621
211.621
211.621
211.621
211.621
206.71
206.71
206.71
199.631
199.631
199.631
199.631
199.631
215.762
215.762
215.762
215.762
215.762
227.297
227.297
176.489
176.489
176.489
176.489
176.489
176.489
186.456
186.456
186.456
220.329
220.329
190.057
190.057
190.057
190.057
190.057
200.823
200.823
179.008
200.823
222.331
203.626
207.323
220.656
214.798
214.798
214.798
209.871
209.871
209.871
223.83
208.462
208.462
208.462
204.401
204.401
204.401
212.31
219.286
219.286
207.351
213.815
213.815
213.815
213.815
213.815
213.815
234.471
234.471
224.061
224.061
207.402
207.402
207.402
195.707
195.707
204.675
204.675
204.675
204.675
204.675
204.675
204.675
204.675
204.675
209.549
196.334
196.334
196.334
196.334
196.334
196.334
196.334
215.17
215.17
204.853
191.531
191.531
191.531
191.531
198.678
198.678
198.678
198.678
225.424
225.424
225.424
226.258
234.258
234.258
234.258
197.307
197.307
197.307
209.4
209.4
223.021
208.508
204.77
166.36
166.36
166.36
166.36
163.984
163.984
163.984
163.984
163.984
157.651
157.651
124.227
124.227
128.261
136.038
136.038
136.038
136.038
136.038
142.405
149.34
149.34
142.925
142.925
142.925
119.605
131.375
131.375
131.375
137.585
127.515
127.515
127.515
143.382
143.382
143.382
174.587
174.587
174.587
183.368
166.792
166.792
166.792
187.162
187.162
187.162
174.288
174.288
174.288
174.288
180.997
180.997
201.832
201.832
201.832
196.645
196.645
201.832
201.832
184.112
184.112
184.112
184.112
184.112
184.112
184.112
184.112
201.832
201.832
208.898
169.963
167.254
169.963
169.963
178.989
178.989
179.694
179.694
171.143
179.694
179.694
179.694
179.694
179.694
179.694
179.694
179.694
185.052
185.052
185.052
185.052
166.914
166.914
166.914
166.914
148.9
148.9
148.9
148.9
148.9
148.9
148.9
148.9
133.196
168.251
168.251
172.351
171.739
167.551
167.551
167.551
167.551
163.775
167.923
167.923
167.923
167.923
167.923
172.351
180.355
180.355
180.355
182.814
182.814
182.814
182.814
166.122
166.122
166.023
166.023
155.219
155.219
155.219
155.219
155.219
164.414
164.414
164.414
164.414
164.414
191.567
191.567
191.567
191.567
191.567
191.567
165.725
165.725
171.547
171.547
171.547
171.547
181.657
170.659
177.86
157.438
157.438
157.438
185.298
185.298
185.298
185.298
192.051
161.558
161.558
161.558
161.558
163.251
163.251
163.251
163.251
161.567
161.567
161.567
161.567
161.567
161.567
173.73
173.73
154.917
154.917
154.917
154.917
154.917
154.917
154.917
159.92
159.92
159.92
159.92
159.92
159.92
159.92
159.92
158.684
158.684
149.388
149.388
149.388
149.388
149.388
149.388
149.388
149.388
152.896
158.684
158.684
158.684
158.684
158.684
176
176
176
176
176.294
176.294
176.294
176.294
176.294
176.294
166.492
154.435
154.435
154.435
154.435
154.435
154.435
168.039
168.039
168.039
168.039
168.039
173.032
173.032
152.263
152.263
169.623
169.623
169.623
169.623
169.623
169.623
155.416
155.416
155.416
155.416
155.416
155.416
155.416
155.416
155.416
155.416
155.416
175.652
175.652
175.652
175.652
175.652
175.652
175.652
175.652
175.652
175.652
174.328
174.328
174.328
174.328
174.328
174.328
174.328
174.328
189.096
192.741
192.741
192.741
192.741
193.945
193.945
207.668
207.668
207.668
194.194
197.806
197.806
181.042
181.042
181.042
184.885
184.885
184.885
184.885
184.885
186.173
186.173
186.173
186.173
186.173
186.173
186.173
186.173
186.173
186.173
194.347
185.163
185.163
185.163
185.163
185.163
185.163
185.163
185.163
185.163
194.347
194.347
200.881
200.881
200.881
200.881
183.548
151.398
183.548
183.548
195.887
195.887
195.887
155.599
165.062
165.062
172.425
163.085
163.085
156.316
156.316
156.316
156.316
156.316
149.209
118.021
118.021
118.021
118.021
118.021
118.021
118.021
163.522
159.724
159.724
163.522
164.191
164.191
164.191
164.191
164.057
164.057
164.057
164.057
164.057
164.057
164.057
164.057
164.057
164.057
164.057
178.077
178.077
178.077
178.077
178.077
178.077
178.077
178.077
178.077
178.077
178.077
175.445
175.445
175.445
175.445
175.445
158.133
158.133
158.133
182.418
182.418
182.418
182.418
182.418
182.418
182.418
182.418
182.418
182.418
179.2
179.2
175.171
175.171
175.171
188.888
188.888
188.888
200.599
200.599
200.599
200.599
200.599
200.599
200.599
200.599
198.378
198.378
187.775
187.775
187.775
187.775
187.775
187.775
187.775
193.86
193.86
166.802
195.602
195.602
195.602
165.72
165.72
174.032
174.032
174.032
174.032
174.032
174.032
174.032
174.032
177.784
193.936
193.936
193.936
193.936
170.318
170.318
170.318
170.318
170.318
170.318
170.318
170.318
170.318
170.318
170.318
182.367
182.367
182.367
182.367
193.1
193.1
193.1
193.1
193.1
186.787
186.787
186.787
160.405
160.405
160.405
160.405
160.405
160.405
160.405
160.405
160.405
194.706
194.706
194.706
175.462
175.462
175.462
175.462
162.226
143.688
135.19
167.392
167.392
167.392
167.392
187.199
187.199
187.199
190.561
184.479
163.283
164.706
164.706
164.706
164.706
164.706
164.706
164.706
164.706
164.706
164.706
164.706
171.949
187.428
187.428
187.428
187.428
140.685
140.685
140.685
140.685
140.685
153.817
153.817
153.817
153.817
153.817
153.817
153.817
153.817
153.817
153.817
153.817
153.817
153.817
153.817
153.817
153.817
153.817
153.817
153.817
153.817
153.817
178.498
156.37
156.37
156.37
156.37
156.37
156.37
168.131
168.131
168.131
168.131
168.131
168.131
168.131
142.214
142.214
142.214
142.214
160.174
160.174
160.174
160.174
160.174
160.174
160.174
160.174
160.174
160.174
160.174
160.174
160.174
160.174
160.174
160.174
160.174
160.174
203.712
203.712
203.712
203.712
205.932
217.186
217.186
217.186
164.78
179.581
195.166
206.099
206.099
206.099
206.099
206.099
206.099
201.777
171.359
163.149
171.359
171.359
171.359
171.359
171.359
171.359
171.359
173.868
170.397
144.643
144.643
144.643
144.643
144.643
144.643
144.643
144.643
144.643
144.643
144.643
133.012
133.012
133.012
133.012
133.012
133.012
133.012
133.012
133.012
155.21
152.136
152.136
152.136
152.136
152.136
152.136
152.136
170.995
150.5
150.5
121.901
121.901
121.901
124.855
124.855
125.463
125.463
156.741
156.741
156.741
156.741
156.741
156.741
156.741
170.785
170.785
141.472
138.407
138.407
154.409
154.409
161.172
161.172
148.912
148.912
148.912
148.912
148.912
148.912
148.912
161.172
161.172
161.172
160.1
160.1
160.1
160.1
160.1
156.161
161.032
161.032
156.664
156.664
156.664
156.664
169.938
169.938
169.938
169.938
169.938
182.569
182.569
182.569
182.569
182.569
182.569
178.339
155.128
155.128
155.128
155.128
155.128
155.128
155.128
155.128
155.128
155.128
155.128
155.128
155.128
166.046
166.046
166.046
166.046
188.335
178.662
178.662
188.335
182.932
182.932
182.932
182.932
182.932
182.932
168.323
168.323
168.323
180.121


0.936747
-0.0667208
-2.18522
-0.0498453
-0.410794
1.16957
-0.230163
0.974561
0.329541
1.3227
3.17244
-4.2981
-1.0255
2.64305
2.4121
0.641113
-1.99834
0.141411
0.616113
2.82274
2.26554
1.62989
1.57677
-1.93022
-0.847057
1.85678
-2.75149
-0.473921
-1.61114
-3.04962

0.022

