435.447
435.447
435.447
435.447
435.447
435.447
435.447
432.992
409.225
409.225
409.225
409.225
409.225
409.225
409.225
409.225
409.225
409.225
409.225
359.403
359.403
359.403
359.403
351.877
351.877
351.877
351.877
351.877
351.877
351.877
351.877
351.877
350.621
313.151
313.151
313.151
313.151
313.151
313.151
313.151
313.151
313.151
313.151
313.151
313.151
313.151
313.151
308.173
308.173
308.173
308.173
308.173
308.173
308.173
308.173
300.31
300.31
271.766
271.766
271.766
271.766
250.856
250.856
250.856
250.856
250.856
250.856
250.856
246.568
246.568
246.568
246.568
246.568
246.568
246.568
246.568
246.568
246.568
246.568
246.568
246.568
246.568
232.555
232.555
232.555
232.555
232.555
232.555
232.555
232.555
224.963
224.963
224.042
224.042
224.042
224.042
224.042
224.042
224.042
224.042
206.835
206.835
206.835
206.835
206.835
206.835
206.835
206.835
177.685
177.685
177.685
177.685
177.685
177.685
177.685
177.685
177.685
177.685
177.685
177.685
177.685
177.685
174.718
174.718
174.718
174.718
174.718
174.718
174.718
174.718
174.718
174.718
156.038
156.038
156.038
156.038
156.038
156.038
156.038
156.038
153.797
153.797
153.758
153.758
153.758
152.297
152.297
152.297
152.297
152.297
152.297
152.297
152.297
152.297
152.297
152.297
152.297
152.297
152.297
152.297
152.297
152.297
152.297
152.297
152.297
150.748
150.748
141.015
141.015
141.015
141.015
141.015
141.015
141.015
141.015
141.015
141.015
141.015
141.015
141.015
141.015
141.015
141.015
141.015
141.015
141.015
141.015
141.015
141.015
141.015
141.015
141.015
141.015
139.466
139.466
139.466
139.466
139.466
139.466
139.466
139.466
139.466
139.466
139.466
139.466
136.831
136.831
136.831
136.831
134.556
134.556
134.556
134.556
134.556
134.556
134.556
134.556
134.556
134.556
134.556
134.556
134.556
134.556
134.556
134.556
134.556
134.556
134.556
134.556
134.556
134.556
134.556
134.556
134.556
134.556
134.556
134.556
134.556
134.556
134.556
134.556
134.556
134.556
134.556
134.556
130.512
130.512
120.751
120.751
120.751
120.751
120.751
120.751
120.751
120.751
120.751
120.751
120.751
120.751
120.751
120.751
120.751
120.751
120.751
120.751
120.751
120.751
120.751
120.751
120.751
120.751
120.751
120.751
120.751
120.751
120.751
120.751
120.751
120.751
111.575
111.575
111.575
111.575
111.575
111.575
111.575
111.575
111.575
111.575
111.575
111.575
111.575
111.575
110.142
110.142
110.142
110.142
110.142
110.142
110.142
110.142
110.142
110.142
110.142
110.142
110.142
110.142
110.142
110.142
110.142
110.142
110.142
110.142
110.142
110.142
105.425
105.425
105.425
105.425
105.425
105.425
105.425
105.425
105.425
105.425
105.425
105.425
105.425
105.425
105.425
105.425
105.425
105.425
105.425
105.425
102.506
102.506
102.506
102.506
102.506
102.506
102.506
102.506
102.506
102.506
102.506
102.506
102.506
102.506
102.506
102.506
102.506
102.03
102.03
102.03
102.03
102.03
102.03
102.03
102.03
100.069
100.069
100.069
96.4303
96.4303
96.2685
96.2685
96.2685
96.2685
93.9928
93.9928
93.9928
93.9928
93.9928
93.9928
93.9928
93.9928
93.9928
93.9928
93.9928
93.9928
93.9928
93.9345
93.9345
93.3201
93.3201
93.3201
93.3201
93.3201
93.3201
93.3201
93.3201
93.3201
93.3201
93.3201
93.3201
93.3201
93.3201
93.3201
93.3201
93.3201
93.3201
93.3201
93.3201
93.3201
93.3201
93.3201
93.2618
93.2618
93.2618
93.2618
93.2618
93.2618
93.2618
93.2618
93.2618
93.2618
93.2618
93.2618
93.2618
93.2618
93.2618
93.2618
93.2618
93.2618
93.2618
93.2618
93.2618
93.2618
93.2618
93.2618
93.2618
93.2618
93.2618
93.2618
92.3986
92.3986
92.3986
92.3986
92.3986
92.3986
92.3986
92.3986
92.3986
92.3986
92.3986
92.3986
92.3986
92.3986
92.3986
92.3986
92.3986
92.3986
92.3986
92.3986
92.3986
92.3986
92.3986
92.2095
92.2095
92.2095
92.2095
92.2095
92.2095
92.2095
92.2095
92.2095
92.2095
92.2095
92.2095
92.2095
92.2095
92.2095
92.2095
92.2095
89.4318
89.4318
89.4318
89.4318
89.4318
88.4092
88.4092
88.4092
88.4092
88.4092
88.4092
88.4092
88.4092
88.4092
88.4092
88.4092
85.6315
85.6315
85.6315
85.6315
85.6315
85.6315
85.6315
85.6315
85.6315
85.6315
85.6315
85.6315
85.6315
82.42
82.42
81.3973
81.3973
81.3973
81.3973
81.3973
81.3973
81.3973
81.3973
81.3973
81.3973
81.3973
81.3973
81.3973
81.3973
81.3973
81.3973
81.3973
81.3973
81.3973
81.3973
81.3973
81.3973
81.3973
81.3973
81.3391
81.3391
81.3391
81.3391
81.3391
81.3391
81.3391
81.3391
81.3391
81.3391
81.3391
81.3391
81.3391
81.3391
81.3391
81.3391
81.3391
81.3391
81.3391
81.3391
81.3391
81.3391
81.3391
81.3391
81.3391
77.9558
77.9558
77.9558
77.9558
77.9558
77.9558
77.9558
77.9558
77.9558
77.8701
77.8701
77.8701
77.8701
77.8701
77.8701
77.8701
77.8701
77.8701
77.8701
77.8701
76.9212
76.9212
76.9212
76.9212
76.9212
76.9212
76.9212
76.9212
76.9212
76.9212
76.9212
76.9212
76.9212
76.9212
76.9212
76.9212
76.9212
76.9212
76.9212
76.9212
76.9212
76.9212
76.9212
73.31
73.31
73.31
73.2244
73.2244
73.2244
73.2244
73.2244
73.2244
73.2244
73.2244
73.2244
73.2244
73.2244
73.2244
73.2244
73.2244
73.2244
73.2244
73.2244
73.2244
73.2244
73.2244
73.2244
73.2244
73.2244
73.2244
73.2244
73.2244
73.2244
73.2244
73.2244
73.2244
73.2244
73.2244
73.2244
73.2244
73.2244
73.2244
73.2244
73.2244
73.2244
73.2244
73.2244
71.5523
71.5523
71.5523
71.5523
71.5523
71.5523
71.5523
71.5523
71.5523
71.5523
71.5523
71.5523
71.5523
71.5523
71.5523
66.988
66.988
66.988
66.988
66.988
66.988
66.988
66.988
66.988
66.988
66.988
66.988
66.988
63.689
63.689
63.689
63.689
63.689
63.689
63.689
63.689
63.689
63.689
63.689
63.689
63.689
63.689
63.689
63.689
63.689
60.712
60.712
60.712
60.712
60.712
60.712
60.712
60.712
60.712
60.712
60.712
60.712
60.712
60.712
60.712
60.712
60.712
60.712
60.712
60.712
60.712
60.712
60.712
60.712
60.712
60.712
60.712
60.712
56.1477
56.1477
56.1477
56.1477
56.1477
56.1477
56.1477
56.1477
56.1477
56.1477
56.1477
56.1477
56.1477
56.1477
56.1477
56.1477
56.1477
56.1477
56.1477
56.1477
56.1477
56.1477
56.1477
56.1477
56.1477
56.1477
56.1477
56.1477
56.1477
56.1477
56.1477
56.1477
56.1477
56.1477
56.1477
56.1477
56.1477
56.1477
56.1477
56.1477
56.1477
56.1477
56.1477
56.1477
56.1477
56.1477
56.1477
56.1477
56.1477
56.1477
56.1477
56.1477
56.1477
56.1477
56.1477
56.1477
56.1477
56.1477
56.1477
56.1477
56.1477
56.1477
56.1477
56.1477
56.1477
56.1477
56.1477
56.1477
56.1477
56.1477
56.1477
56.1477
56.1477
56.1477
56.1477
56.1477
56.1477
56.1477
56.1477
56.1477
56.1477
56.1477
56.1477
56.1477
56.1477
56.1477
56.1477
56.1477
56.1477
56.1477
56.1477
56.1477
56.1477
56.1477
56.1477
56.1477
56.1477
56.1477
56.1477
56.1477
56.1477
56.1477
56.1477
50.5688
50.5688
50.5688
50.5688
50.5688
50.5688
50.5688
50.5688
50.5688
50.5688
50.5688
50.5688
50.5688
45.4416
45.4416
45.4416
45.4416
45.4416
45.4416
45.4416
45.4416
45.4416
45.4416
45.4416
42.9997
42.9997
42.9997
42.9997
42.9997
42.9997
42.9997
42.9997
42.9997
42.9997
41.31
41.31
41.31
41.31
41.31
41.31
38.868
38.868
38.868
38.868
38.868
38.868
38.868
38.868
38.868
38.868
38.868
38.868
38.868
38.868
38.868
38.868
38.868
38.868
38.868
38.868
38.868
38.868
38.868
38.868
38.868
38.868
37.1783
37.1783
37.1783
37.1783
37.1783
37.1783
37.1783
37.1783
37.1783
37.1783
37.1783
37.1783
37.1783
37.1783
37.1783
37.1783
37.1783
37.1783
37.1783
37.1783
37.1783
37.1783
37.1783
37.1783
37.1783
37.1783
37.1783
37.1783
37.1783
37.1783
37.1783
37.1783
33.9668
33.9668
33.9668
33.9668
33.9668
33.9668
33.9668
33.9668
33.9668
33.9668
33.9668
33.9668
33.9668
33.9668
33.9668
33.9668
33.9668
33.9668
33.9668
33.9668
33.9668
33.9668
33.9668
33.9668
33.9668
33.9668
33.9668
33.9668
33.9086
33.9086
33.9086
33.9086
33.9086
33.9086
33.9086
33.9086
33.9086
33.9086
33.9086
33.9086
33.9086
33.9086
33.9086
33.9086
33.9086
33.9086
31.6286
31.6286
31.6286
31.6286
31.6286
31.6286
31.6286
31.6286
31.6286
31.6286
31.6286
31.6286
31.6286
31.6286
31.6286
31.6286
31.6286
31.6286
31.6286
31.6286
31.6286
31.6286
31.6286
31.6286
31.6286
31.6286
31.6286
31.6286
31.6286
31.6286
31.6286
31.6286
31.6286
31.6286
31.6286
31.6286
31.6286
31.6286
31.6286
31.6286
31.6286
31.6286
31.6286
31.6286
31.6286
31.6286
31.6286
31.6286
31.6286
31.6286
31.6286
31.6286
31.6286
31.6286
31.6286
31.6286
31.6286
31.6286
31.6286
31.6286
31.6286
31.6286
31.6286
31.6286
31.6286
31.6286
31.6286
31.6286
31.6286
31.6286
31.6286
31.3675
31.3675
31.3675
31.3675
31.3675
31.3675
31.3675
31.3675
31.3675
31.3675
31.3675
31.3675
31.3675
31.3675
31.3675
31.3675
31.3675
31.3675
31.3092
31.3092
31.3092
31.3092
31.3092
31.3092
31.3092
31.3092
31.3092
31.3092
31.3092
31.3092
31.3092
31.3092
31.3092
31.3092
31.3092
31.3092
31.3092
31.3092
31.3092
31.3092
31.3092
31.3092
31.3092
31.3092
31.3092
31.3092
31.3092
31.3092
31.3092
31.3092
31.3092
31.3092
31.3092
31.3092
31.3092
31.3092
31.3092
31.3092
31.3092
31.3092
31.3092
31.3092
31.3092
31.3092
31.3092
31.3092
31.3092
31.3092
31.3092
31.3092
31.3092
31.3092
31.3092
31.3092
31.3092
31.3092
31.3092
31.3092
31.3092
31.3092
31.3092
31.3092
31.3092
31.3092
31.3092
31.3092
31.3092
31.3092
31.3092
31.3092
31.3092
31.3092
31.3092
31.3092
31.3092
31.3092
31.3092
31.3092
31.3092
31.3092
31.3092
31.3092
31.3092
31.3092
31.3092
31.3092
31.3092
31.3092
31.3092
31.3092
31.3092
31.3092
31.3092
31.3092
31.3092
31.3092
31.3092
31.3092
31.3092
31.3092
31.3092
31.3092
31.3092
31.3092
31.3092
31.3092
31.3092
31.3092
31.3092
31.3092
31.3092
31.3092
31.3092
31.3092
31.3092
31.3092
31.3092
31.3092
31.3092
31.3092
31.3092
31.3092
31.3092
31.3092
31.3092
31.3092
31.3092
31.3092
31.3092
31.3092
31.3092
31.3092
31.3092
31.3092
31.3092
31.3092
31.3092
31.3092
31.3092
31.3092
31.3092
31.3092
31.3092
31.3092
31.3092
31.3092
31.3092
31.3092
31.3092
31.3092
31.3092
31.3092
31.3092
31.3092
31.3092
31.3092
31.3092
31.3092
31.3092
31.3092
31.3092
31.3092
31.3092
31.3092
31.3092
31.3092
31.3092
31.3092
31.3092
31.3092
31.3092
31.3092
31.3092
31.3092
31.3092
31.3092
31.3092
31.3092
31.3092
31.3092
31.3092
31.3092
31.3092
31.3092
31.3092
30.9067
30.9067
30.9067
30.9067
30.9067
30.9067
30.9067
30.9067
30.9067
30.9067
30.9067
30.9067
30.9067
30.9067
30.9067
30.9067
30.9067
30.9067
30.9067
30.9067
30.9067
30.9067
30.9067
30.9067
30.9067
30.9067
30.9067
30.9067
30.9067
30.9067
30.9067
30.9067
30.9067
30.9067
30.9067
30.9067
30.9067
30.9067
30.9067
30.9067
30.9067
30.9067
30.9067
30.9067
30.9067
28.7844
28.7844
28.7844
28.7844
28.7844
28.7844
28.7844
28.7844
28.7844
28.7844
28.7844
28.7844
28.7844
28.7844
28.7844
28.7844
28.7844
28.7844
28.7844
28.7844
28.7844
28.7844
28.7844
28.7844
28.5233
28.5233
28.5233
28.5233
28.5233
28.5233
28.5233
28.5233
28.5233
28.5233
28.5233
28.5233
28.5233
28.5233
28.5233
28.5233
28.5233
28.5233
28.5233
28.5233
28.5233
28.5233
28.5233
28.5233
28.5233
28.5233
28.5233
28.5233
28.5233
28.5233
28.5233
28.5233
28.5233
28.5233
28.5233
28.5233
28.5233
28.5233
28.5233
28.5233
28.5233
28.5233
27.7223
27.7223
27.7223
27.7223
27.7223
27.7223
27.7223
27.7223
27.7223
27.7223
27.7223
27.7223
27.7223
27.7223
27.7223
27.7223
27.7223
27.7223
27.7223
27.7223
27.7223
27.7223
27.7223
27.7223
27.7223
27.7223
27.7223
27.7223
27.7223
27.7223
27.7223
27.7223
27.7223
27.7223
27.7223
27.7223
27.7223
27.7223
27.7223
27.7223
27.7223
27.7223
27.7223
27.581
27.581
27.581
27.581
27.581
27.581
27.581
27.581
27.581
27.581
27.581
27.581
27.581
27.581
27.581
27.581
27.581
27.581
27.581
27.581
27.581
27.581
27.581
27.581
27.581
27.581
27.581
27.581
27.581
27.581
27.581
27.581
27.581
27.581
27.581
27.581
27.581
27.581
27.581
27.581
27.581
27.581
27.1785
27.1785
27.1785
27.1785
27.1785
27.1785
27.1785
27.1785
27.1785
27.1785
27.1785
27.1785
27.1785
27.1785
27.1785
27.1785
27.1785
27.1785
27.1785
27.1785
27.1785
26.7267
26.7267
26.7267
26.7267
26.7267
26.7267
26.7267
26.7267
26.7267
26.7267
23.9747
23.9747
23.9747
23.9747
23.9747
23.9747
23.9747
23.9747
23.9747
23.9747
23.9747
23.9747
23.9747
23.9747
23.9747
23.9747
23.9747
23.9747
23.9747
23.9747
23.9747
23.9747
23.9747
23.9747
23.9747
23.9747
23.9747
23.9747
23.9747
23.6554
23.6554
23.6554
23.523
23.523
23.523
23.523
23.523
23.523
23.523
23.523
23.523
23.523
23.523
23.523
23.523
23.523
23.523
23.523
23.523
23.523
23.523
23.523
23.1205
23.1205
23.1205
23.1205
23.1205
23.1205
23.1205
23.1205
23.1205
23.1205
23.1205
23.1205
23.1205
23.1205
23.1205
23.1205
23.1205
23.1205
23.1205
23.1205
23.1205
23.1205
23.1205
22.8938
22.8938
22.8938
22.8938
22.8938
22.8938
22.8938
22.8938
22.8938
22.8938
22.8938
22.8938
22.8938
22.8938
22.8938
22.8938
22.8938
22.8938
22.8938
22.8938
22.8938
22.8938
22.8938
22.8938
22.8938
22.8938
22.8938
22.8938
22.4913
22.4913
22.4913
22.4913
22.4913
22.4913
22.4913
22.4913
22.4913
22.4913
22.4913
22.4913
22.4913
22.4913
22.4913
22.4913
22.4913
22.1719
22.1719
22.1719
22.1719
22.1719
22.1719
22.1719
22.1719
22.1719
22.1719
22.1719
22.1719
22.1719
22.1719
22.1719
22.1719
22.1719
22.1719
22.1719
22.1719
19.1949
19.1949
19.1949
19.1949
19.1949
19.1949
19.1949
19.1949
19.1949
19.1949
19.1949
19.1949
19.1949
19.1949
19.1949
19.1949
19.1949
19.1949
19.1949
19.1949
19.1949
19.1949
19.1949
19.1949
19.1949
19.1949
19.1949
19.1949
19.1949
19.1949
19.1949
19.1949
19.1949
19.1949
19.1949
19.1949
19.1949
19.1949
19.1949
19.1949
19.1949
19.1949
19.1949
19.1949
19.1949
19.1949
19.1949
19.1949
19.1949
19.1949
19.1949
19.1949
19.1949
19.1949
19.1949
19.1949
19.1949
19.1949
19.1949
19.1949
19.1949
19.1949
19.1949
19.1949
19.1949
19.1949
19.1949
19.1949
19.1949
19.1949
19.1949
19.1949
19.1949
19.1949
19.1949
16.2178
16.2178
16.2178
16.2178
16.2178
16.2178
16.2178
16.2178
16.2178
16.2178
16.2178
16.2178
16.2178
16.2178
16.2178
16.2178
16.2178
16.2178
16.2178
16.2178
16.2178
16.2178
16.2178
16.2178
16.2178
16.2178
16.2178
16.2178
16.2178
16.2178
16.2178
16.2178
16.2178
16.2178
16.2178
16.2178
16.2178
16.2178
16.2178
16.2178
16.2178
16.2178
16.2178
16.2178
16.2178
16.2178
16.2178
16.2178
16.2178
16.2178
16.2178
16.2178
16.2178
16.2178
16.2178
16.2178
16.2178
16.2178
16.2178
16.2178
16.2178
16.2178
16.2178
16.2178
16.2178
16.2178
16.2178
16.2178
16.2178
16.2178
16.2178
16.2178
16.2178
16.2178
16.2178
16.2178
16.2178
16.2178
16.2178
16.2178
16.2178
16.2178
16.2178
16.2178
16.2178
16.2178
16.2178
16.2178
16.2178
16.2178
16.2178
16.2178
16.2178
16.2178
16.2178
16.2178
16.2178
16.2178
16.2178
16.2178
16.2178
16.2178
16.2178
16.2178
16.2178
16.2178
16.2178
16.2178
16.2178
16.2178
16.2178
16.2178
16.2178
16.2178
16.2178
16.2178
16.2178
16.2178
16.2178
16.2178
16.2178
16.2178
16.2178
16.2178
16.2178
16.2178
16.2178
16.2178
16.2178
16.2178
16.2178
16.2178
16.2178
16.2178
16.2178
16.2178
16.2178
16.2178
16.2178
16.2178
16.2178
16.2178
16.2178
16.2178
16.2178
16.2178
16.2178
16.2178
16.2178
16.2178
16.2178
16.2178
16.2178
16.2178
16.2178
16.2178
16.2178
16.2178
16.2178
16.2178
16.2178
16.2178
16.2178
16.2178
16.2178
16.2178
16.2178
16.2178
16.2178
16.2178
16.2178
16.2178
16.2178
16.2178
16.2178
16.2178
16.2178
16.2178
16.2178
16.2178
16.2178
16.2178
16.2178
16.2178
16.2178
16.2178
16.2178
16.2178
16.2178
16.2178
16.2178
16.2178
16.2178
16.2178
16.2178
16.2178
16.2178
16.2178
16.2178
16.2178
16.2178
16.2178
16.2178
16.2178
16.2178
16.2178
16.2178
16.2178
16.2178
16.2178
16.2178
16.2178
16.2178
16.2178
16.2178
16.2178
16.2178
16.2178
16.2178
16.2178
16.2178
16.2178
16.2178
16.2178
16.2178
16.2178
16.2178
16.2178
16.2178
16.2178
16.2178
16.2178
16.2178
16.2178
16.2178
16.2178
16.2178
16.2178
16.2178
16.2178
16.2178
16.2178
16.2178
16.2178
16.2178
16.2178
16.2178
16.2178
16.2178
16.2178
15.4707
15.4707
15.4707
15.4707
15.4707
13.3483
13.3483
13.3483
13.3483
13.3483
13.3483
13.3483
13.3483
13.3483
13.3483
13.3483
13.3483
13.3483
13.3483
13.3483
13.3483
13.3483
13.3483
13.3483
13.3483
13.3483
13.3483
13.3483
13.3483
13.3483
13.3483
13.3483
13.3483
13.3483
13.3483
13.3483
13.3483
13.3483
13.3483
13.3483
13.3483
13.3483
13.3483
13.3483
13.3483
13.3483
13.3483
13.3483
13.3483
13.3483
13.3483
13.3483
13.3307
13.3307
13.3307
13.3307
13.3307
13.3307
13.3307
13.3307
13.3307
13.3307
13.3307
13.3307
13.3307
13.3307
13.3307
13.3307
13.3307
13.3307


-0.0504703
-0.0504703
-0.0504703
0.0157817
0.0157817
0.0157817
0.0126566
0.0126566
0.0126566
0.0126566
0.0126566
0.0126566
0.0126566
0.0673458
0.0673458
0.0673458
0.0360949
0.0360949
0.0360949
0.0614081
0.0614081
-0.0551579
-0.0551579
-0.0551579
-0.0357823
-0.989874
-0.989874
-0.989874
-0.989874
-0.0504703

0.027

