-0.0379098
-0.0542384
-0.0542384
-0.0542384
-0.0542384
-0.0542384
-0.0542384
-0.0542384
-0.0542384
-0.0542384
-0.0542384
-0.0542384
-0.0542384
-0.0542384
-0.0660865
-0.0660865
-0.0660865
-0.0660865
-0.0660865
-0.0660865
-0.0660865
-0.0660865
-0.0660865
-0.0660865
-0.0660865
-0.0686262
-0.0686262
-0.0686262
-0.0686262
-0.0686262
-0.0686262
-0.0686262
-0.0686262
-0.0686262
-0.0686262
-0.0686262
-0.0686262
-0.0686262
-0.0686262
-0.0686262
-0.0827887
-0.0920738
-0.0920738
-0.0920738
-0.0920738
-0.0920738
-0.0920738
-0.0920738
-0.109591
-0.109591
-0.109591
-0.109591
-0.109591
-0.109591
-0.109591
-0.109591
-0.130751
-0.130751
-0.130751
-0.130751
-0.130751
-0.130751
-0.130751
-0.130751
-0.133302
-0.133302
-0.145027
-0.145027
-0.145027
-0.145027
-0.167257
-0.167257
-0.167257
-0.167257
-0.167257
-0.167257
-0.194987
-0.194987
-0.194987
-0.194987
-0.194987
-0.194987
-0.194987
-0.194987
-0.194987
-0.194987
-0.194987
-0.194987
-0.194987
-0.194987
-0.194987
-0.194987
-0.194987
-0.194987
-0.194987
-0.194987
-0.194987
-0.194987
-0.194987
-0.1973
-0.1973
-0.1973
-0.252898
-0.252898
-0.252898
-0.252898
-0.252898
-0.252898
-0.252898
-0.252898
-0.252898
-0.252898
-0.252898
-0.252898
-0.252898
-0.252898
-0.252898
-0.252898
-0.267627
-0.267627
-0.267627
-0.273097
-0.273097
-0.273097
-0.273097
-0.273097
-0.273097
-0.276084
-0.276084
-0.276084
-0.276084
-0.276084
-0.276084
-0.296661
-0.296661
-0.307408
-0.307408
-0.307408
-0.307408
-0.307408
-0.307408
-0.307408
-0.31187
-0.313449
-0.324238
-0.324238
-0.324238
-0.324238
-0.324238
-0.324238
-0.324238
-0.324238
-0.324238
-0.324238
-0.324238
-0.324238
-0.337406
-0.337406
-0.346836
-0.360848
-0.360848
-0.360848
-0.360848
-0.360848
-0.360848
-0.360848
-0.360848
-0.360848
-0.363969
-0.392631
-0.392631
-0.392631
-0.398705
-0.398705
-0.398705
-0.398705
-0.398705
-0.398705
-0.398705
-0.398705
-0.398705
-0.398705
-0.398705
-0.398705
-0.398705
-0.398705
-0.398705
-0.398705
-0.398705
-0.398705
-0.398705
-0.398705
-0.398705
-0.398705
-0.405651
-0.405651
-0.405651
-0.405651
-0.405651
-0.405651
-0.405651
-0.419082
-0.419082
-0.420083
-0.420083
-0.420083
-0.420083
-0.420083
-0.420083
-0.420083
-0.420083
-0.420083
-0.420083
-0.420083
-0.420083
-0.420083
-0.420083
-0.420083
-0.420083
-0.425474
-0.425474
-0.425474
-0.425474
-0.425474
-0.425474
-0.425474
-0.425474
-0.425474
-0.425474
-0.425474
-0.425474
-0.425474
-0.425474
-0.425474
-0.425474
-0.425474
-0.425474
-0.425474
-0.425474
-0.425474
-0.425474
-0.449771
-0.449771
-0.449771
-0.449771
-0.449771
-0.449771
-0.449771
-0.449771
-0.449771
-0.449771
-0.449771
-0.449771
-0.449771
-0.449771
-0.449771
-0.449771
-0.449771
-0.449771
-0.449771
-0.449771
-0.449771
-0.449771
-0.449771
-0.449771
-0.449771
-0.449771
-0.449771
-0.471537
-0.471537
-0.471537
-0.471537
-0.471537
-0.471537
-0.471537
-0.471537
-0.471537
-0.471537
-0.471537
-0.471537
-0.471537
-0.471537
-0.471537
-0.475233
-0.475233
-0.475233
-0.475233
-0.475233
-0.475233
-0.475233
-0.475233
-0.475233
-0.475233
-0.475233
-0.475233
-0.475233
-0.477775
-0.477775
-0.477775
-0.477775
-0.477775
-0.477775
-0.477775
-0.477775
-0.477775
-0.477775
-0.477775
-0.477775
-0.477775
-0.477775
-0.477775
-0.486681
-0.486681
-0.486681
-0.486681
-0.486681
-0.520528
-0.564099
-0.564099
-0.564099
-0.564099
-0.611738
-0.611738
-0.611738
-0.611738
-0.611738
-0.611738
-0.611738
-0.611738
-0.611738
-0.611738
-0.611738
-0.611738
-0.611738
-0.64878
-0.64878
-0.64878
-0.64878
-0.64878
-0.64878
-0.64878
-0.64878
-0.64878
-0.64878
-0.64878
-0.64878
-0.64878
-0.64878
-0.64878
-0.64878
-0.64878
-0.64878
-0.64878
-0.64878
-0.64878
-0.64878
-0.649836
-0.649836
-0.649836
-0.649836
-0.649836
-0.649836
-0.649836
-0.649836
-0.649836
-0.649836
-0.649836
-0.649836
-0.649836
-0.649836
-0.649836
-0.649836
-0.649836
-0.649836
-0.649836
-0.649836
-0.649836
-0.656153
-0.656153
-0.656153
-0.656153
-0.656153
-0.656153
-0.656153
-0.656153
-0.656745
-0.656745
-0.656745
-0.656745
-0.656745
-0.656745
-0.664168
-0.664168
-0.664168
-0.664168
-0.671229
-0.671229
-0.671229
-0.671229
-0.671229
-0.671229
-0.671229
-0.671229
-0.671229
-0.671229
-0.671229
-0.671229
-0.671229
-0.671229
-0.671229
-0.671229
-0.671229
-0.671229
-0.671229
-0.671229
-0.671229
-0.671229
-0.671229
-0.671229
-0.671229
-0.671229
-0.671229
-0.671229
-0.671229
-0.671229
-0.671229
-0.671229
-0.671229
-0.671229
-0.671229
-0.671229
-0.671229
-0.671229
-0.671229
-0.69189
-0.69189
-0.69189
-0.706007
-0.706007
-0.706007
-0.708161
-0.708161
-0.708161
-0.708161
-0.708161
-0.708161
-0.708161
-0.708161
-0.708161
-0.708161
-0.708161
-0.708161
-0.708161
-0.708161
-0.708161
-0.708161
-0.708161
-0.719713
-0.719713
-0.719713
-0.719713
-0.719713
-0.719713
-0.719713
-0.719713
-0.719713
-0.719713
-0.719713
-0.719713
-0.719713
-0.719713
-0.719713
-0.719713
-0.719713
-0.719713
-0.719713
-0.719713
-0.719713
-0.719713
-0.719713
-0.719713
-0.719713
-0.719713
-0.719713
-0.719713
-0.719713
-0.719713
-0.719713
-0.719713
-0.719713
-0.719713
-0.738572
-0.738572
-0.738572
-0.738572
-0.738572
-0.738572
-0.738572
-0.738572
-0.738572
-0.738572
-0.738572
-0.738572
-0.738572
-0.738572
-0.738572
-0.738572
-0.738572
-0.738572
-0.738572
-0.738572
-0.738572
-0.738572
-0.738572
-0.738572
-0.738572
-0.738572
-0.764472
-0.764472
-0.764472
-0.764472
-0.764472
-0.764472
-0.764472
-0.764472
-0.764472
-0.764472
-0.764472
-0.764472
-0.775852
-0.775852
-0.775852
-0.775852
-0.775852
-0.775852
-0.775852
-0.775852
-0.775852
-0.775852
-0.775852
-0.775852
-0.775852
-0.775852
-0.77976
-0.77976
-0.77976
-0.77976
-0.77976
-0.77976
-0.77976
-0.77976
-0.77976
-0.77976
-0.77976
-0.77976
-0.792441
-0.792441
-0.792441
-0.792441
-0.792441
-0.796193
-0.796193
-0.796193
-0.796193
-0.802816
-0.802816
-0.802816
-0.802816
-0.802816
-0.802816
-0.803405
-0.803405
-0.803405
-0.803405
-0.803405
-0.803405
-0.803405
-0.803405
-0.803405
-0.803405
-0.803405
-0.803405
-0.803405
-0.803405
-0.803405
-0.803405
-0.825946
-0.825946
-0.825946
-0.825946
-0.825946
-0.825946
-0.825946
-0.825946
-0.825946
-0.825946
-0.825946
-0.825946
-0.825946
-0.825946
-0.825946
-0.825946
-0.825946
-0.825946
-0.825946
-0.825946
-0.825946
-0.825946
-0.825946
-0.825946
-0.825946
-0.825946
-0.825946
-0.825946
-0.825946
-0.825946
-0.825946
-0.825946
-0.825946
-0.825946
-0.825946
-0.825946
-0.825946
-0.826391
-0.826391
-0.826391
-0.826391
-0.826391
-0.827255
-0.827255
-0.827255
-0.827255
-0.827255
-0.827255
-0.827255
-0.827255
-0.827255
-0.833714
-0.833714
-0.833714
-0.833714
-0.833714
-0.833714
-0.833714
-0.833714
-0.833714
-0.833714
-0.833714
-0.833714
-0.833714
-0.834168
-0.834168
-0.834168
-0.834168
-0.834168
-0.834168
-0.834168
-0.834168
-0.834168
-0.834168
-0.834168
-0.834168
-0.834168
-0.834168
-0.845816
-0.845816
-0.845816
-0.845816
-0.845816
-0.845816
-0.845816
-0.845816
-0.845816
-0.845816
-0.845816
-0.845816
-0.845816
-0.845816
-0.845816
-0.845816
-0.845816
-0.845816
-0.845816
-0.845816
-0.845816
-0.850018
-0.850018
-0.850018
-0.850018
-0.850018
-0.850018
-0.850018
-0.850018
-0.850018
-0.850018
-0.850018
-0.850018
-0.850018
-0.850018
-0.850018
-0.850018
-0.850018
-0.850018
-0.850018
-0.850018
-0.850018
-0.850018
-0.850018
-0.850018
-0.850018
-0.850018
-0.850018
-0.850018
-0.858776
-0.858776
-0.858776
-0.858776
-0.858776
-0.858776
-0.858776
-0.858776
-0.858776
-0.858776
-0.858776
-0.858776
-0.858776
-0.858776
-0.858776
-0.858776
-0.858776
-0.858776
-0.858776
-0.858776
-0.858776
-0.858776
-0.858776
-0.858776
-0.858776
-0.858776
-0.858776
-0.858776
-0.858776
-0.862708
-0.862708
-0.862708
-0.862708
-0.862708
-0.862708
-0.862708
-0.862708
-0.862708
-0.862708
-0.862708
-0.862708
-0.862708
-0.862708
-0.862708
-0.862708
-0.862708
-0.862708
-0.862708
-0.862708
-0.862708
-0.862708
-0.862708
-0.862708
-0.862708
-0.862708
-0.862708
-0.862708
-0.862708
-0.862708
-0.862708
-0.864181
-0.864181
-0.864181
-0.864181
-0.864181
-0.864181
-0.864181
-0.864181
-0.864181
-0.864181
-0.864181
-0.864181
-0.864181
-0.864181
-0.864181
-0.864181
-0.864181
-0.864181
-0.864181
-0.864181
-0.864181
-0.864181
-0.864181
-0.864181
-0.864181
-0.864181
-0.864181
-0.864181
-0.864181
-0.864181
-0.864181
-0.864181
-0.864181
-0.864181
-0.864181
-0.864181
-0.864181
-0.864181
-0.864181
-0.864181
-0.87428
-0.87428
-0.87428
-0.87428
-0.87428
-0.87428
-0.87428
-0.87428
-0.87428
-0.87428
-0.87428
-0.87428
-0.87428
-0.87428
-0.87428
-0.87428
-0.87428
-0.87428
-0.87428
-0.87428
-0.87428
-0.87428
-0.87428
-0.87428
-0.87428
-0.87428
-0.87428
-0.891498
-0.891498
-0.891498
-0.891498
-0.891498
-0.891498
-0.891498
-0.891498
-0.891498
-0.891498
-0.891498
-0.891498
-0.891498
-0.891498
-0.891498
-0.891498
-0.891498
-0.891498
-0.891498
-0.891498
-0.891498
-0.891498
-0.891498
-0.891498
-0.891498
-0.891498
-0.896113
-0.896113
-0.896113
-0.896113
-0.896113
-0.896113
-0.896113
-0.896113
-0.896113
-0.896113
-0.896113
-0.896113
-0.896113
-0.896113
-0.896113
-0.896113
-0.896113
-0.896113
-0.896113
-0.896113
-0.896113
-0.896113
-0.896113
-0.896113
-0.896113
-0.896113
-0.896113
-0.896113
-0.896113
-0.896113
-0.896113
-0.903458
-0.903458
-0.903458
-0.903458
-0.903458
-0.903458
-0.903458
-0.903458
-0.903458
-0.903458
-0.903458
-0.903458
-0.903458
-0.903458
-0.903458
-0.903458
-0.903458
-0.903458
-0.903458
-0.903458
-0.903458
-0.903458
-0.903458
-0.903458
-0.903458
-0.903458
-0.908134
-0.908134
-0.908134
-0.908134
-0.908134
-0.908134
-0.908134
-0.908134
-0.908134
-0.908134
-0.908134
-0.908134
-0.908134
-0.908134
-0.908134
-0.908134
-0.908134
-0.908134
-0.908134
-0.908134
-0.908134
-0.908134
-0.908134
-0.908896
-0.908932
-0.908932
-0.908932
-0.908932
-0.908932
-0.908932
-0.908932
-0.908932
-0.909628
-0.909628
-0.909628
-0.909628
-0.909628
-0.909628
-0.909628
-0.909628
-0.909628
-0.909628
-0.909628
-0.909628
-0.909628
-0.909628
-0.909628
-0.909628
-0.909628
-0.909628
-0.909628
-0.909628
-0.909628
-0.909628
-0.909628
-0.909628
-0.913291
-0.913291
-0.913291
-0.913291
-0.913291
-0.913291
-0.913291
-0.913291
-0.913291
-0.913291
-0.913291
-0.913291
-0.913291
-0.913291
-0.913291
-0.914204
-0.914204
-0.914204
-0.914204
-0.914204
-0.914204
-0.914204
-0.914204
-0.914204
-0.914204
-0.914204
-0.914204
-0.918589
-0.918589
-0.918589
-0.918589
-0.918589
-0.918589
-0.918589
-0.918589
-0.918589
-0.918589
-0.918589
-0.918589
-0.918589
-0.918589
-0.918589
-0.918589
-0.918589
-0.918589
-0.918589
-0.918589
-0.918589
-0.918589
-0.918589
-0.918589
-0.918589
-0.918589
-0.918589
-0.918589
-0.918589
-0.918589
-0.918589
-0.918589
-0.918589
-0.918589
-0.918589
-0.918589
-0.918589
-0.918589
-0.918589
-0.918589
-0.918589
-0.918589
-0.918589
-0.918589
-0.918589
-0.918589
-0.918589
-0.918589
-0.918589
-0.918589
-0.918589
-0.918589
-0.918589
-0.918589
-0.918589
-0.918589
-0.918589
-0.918589
-0.918589
-0.918589
-0.918589
-0.918589
-0.918589
-0.918589
-0.918589
-0.918589
-0.918589
-0.918589
-0.918589
-0.918589
-0.918589
-0.918589
-0.918589
-0.918589
-0.918589
-0.918589
-0.918589
-0.919003
-0.919003
-0.919003
-0.919003
-0.919003
-0.919003
-0.919003
-0.919003
-0.919003
-0.919003
-0.919003
-0.919003
-0.919003
-0.919003
-0.919003
-0.919003
-0.919003
-0.919003
-0.919003
-0.919003
-0.919003
-0.919003
-0.919003
-0.919223
-0.919223
-0.919223
-0.919223
-0.919223
-0.919223
-0.919223
-0.919223
-0.919223
-0.91957
-0.91957
-0.91957
-0.91957
-0.91957
-0.91957
-0.91957
-0.91957
-0.91957
-0.91957
-0.91957
-0.91957
-0.91957
-0.91957
-0.923506
-0.923506
-0.923506
-0.923506
-0.923506
-0.923506
-0.923506
-0.923506
-0.923506
-0.927305
-0.927305
-0.927305
-0.927305
-0.927305
-0.927305
-0.927305
-0.927305
-0.927305
-0.927305
-0.927305
-0.927305
-0.927305
-0.927655
-0.927655
-0.927655
-0.927655
-0.927655
-0.927655
-0.927655
-0.927655
-0.927655
-0.927655
-0.927655
-0.927655
-0.927655
-0.927655
-0.927655
-0.927655
-0.927655
-0.927655
-0.927655
-0.927796
-0.927796
-0.927796
-0.927796
-0.927796
-0.927796
-0.927796
-0.927796
-0.927796
-0.927796
-0.928146
-0.928146
-0.928146
-0.928146
-0.928146
-0.928146
-0.928146
-0.928146
-0.928146
-0.928146
-0.928146
-0.928146
-0.928146
-0.928146
-0.928146
-0.928146
-0.928146
-0.928146
-0.928146
-0.928146
-0.928146
-0.928146
-0.928146
-0.928146
-0.928146
-0.928146
-0.928146
-0.928146
-0.928316
-0.928316
-0.928316
-0.928316
-0.928316
-0.928316
-0.928316
-0.928316
-0.928316
-0.928316
-0.928316
-0.928316
-0.928316
-0.928316
-0.928316
-0.928316
-0.928316
-0.928316
-0.928316
-0.928316
-0.928316
-0.928316
-0.928316
-0.928316
-0.928316
-0.928316
-0.928316
-0.928316
-0.928316
-0.928316
-0.928316
-0.928316
-0.928316
-0.928316
-0.928316
-0.928316
-0.928316
-0.928316
-0.928316
-0.928316
-0.928316
-0.928316
-0.92929
-0.92929
-0.92929
-0.92929
-0.92929
-0.92929
-0.92929
-0.92929
-0.92929
-0.92929
-0.92929
-0.92929
-0.92929
-0.92929
-0.92929
-0.92929
-0.92929
-0.92929
-0.92929
-0.92929
-0.92929
-0.92929
-0.92929
-0.92929
-0.92929
-0.92929
-0.92929
-0.92929
-0.92929
-0.92929
-0.92929
-0.92929
-0.92929
-0.92929
-0.92929
-0.92929
-0.92929
-0.92929
-0.92929
-0.92929
-0.92929
-0.92929
-0.92929
-0.92929
-0.92929
-0.929524
-0.929524
-0.929524
-0.929524
-0.929524
-0.929524
-0.929524
-0.929524
-0.929524
-0.929524
-0.929524
-0.929524
-0.929524
-0.929524
-0.929524
-0.929524
-0.929524
-0.929524
-0.929524
-0.929524
-0.929524
-0.929524
-0.929524
-0.929524
-0.929524
-0.929524
-0.929524
-0.929524
-0.929524
-0.929524
-0.929524
-0.929524
-0.929524
-0.929524
-0.929524
-0.929524
-0.929524
-0.929524
-0.929524
-0.929524
-0.929524
-0.929524
-0.929524
-0.929524
-0.929524
-0.929524
-0.929524
-0.929539
-0.929539
-0.929539
-0.929539
-0.929539
-0.929539
-0.929539
-0.929539
-0.929539
-0.929539
-0.929539
-0.929539
-0.929539
-0.929539
-0.929539
-0.929539
-0.929539
-0.929539
-0.929539
-0.929539
-0.929539
-0.929539
-0.929539
-0.929539
-0.929539
-0.929539
-0.929539
-0.929539
-0.929539
-0.929539
-0.929539
-0.929539
-0.929539
-0.929539
-0.929539
-0.929539
-0.929539
-0.929539
-0.929539
-0.929539
-0.929539
-0.929539
-0.929539
-0.929539
-0.929539
-0.929539
-0.929539
-0.93026
-0.93026
-0.93026
-0.93026
-0.93026
-0.93026
-0.932878
-0.932878
-0.932878
-0.932878
-0.932878
-0.932878
-0.932878
-0.932878
-0.932878
-0.932878
-0.933951
-0.933951
-0.933951
-0.933951
-0.933951
-0.933951
-0.933951
-0.933951
-0.933951
-0.933951
-0.933951
-0.933951
-0.933951
-0.933951
-0.934448
-0.934448
-0.934448
-0.934448
-0.934448
-0.934448
-0.934448
-0.934448
-0.934448
-0.934448
-0.934448
-0.934448
-0.934448
-0.934448
-0.934448
-0.934448
-0.934448
-0.934448
-0.934448
-0.934448
-0.934448
-0.934448
-0.934448
-0.934448
-0.934448
-0.934448
-0.934448
-0.934448
-0.934448
-0.934448
-0.935426
-0.935426
-0.935426
-0.935426
-0.935426
-0.935426
-0.935426
-0.935426
-0.935426
-0.935426
-0.935426
-0.935426
-0.935426
-0.935426
-0.935426
-0.935426
-0.935426
-0.935426
-0.935426
-0.935426
-0.935428
-0.935428
-0.935428
-0.935428
-0.936407
-0.936407
-0.936407
-0.936407
-0.936407
-0.936407
-0.936407
-0.936407
-0.936407
-0.936407
-0.936407
-0.936407
-0.936407
-0.936407
-0.936407
-0.936407
-0.936407
-0.936407
-0.936856
-0.936856
-0.936856
-0.936856
-0.936856
-0.936856
-0.936856
-0.936856
-0.936856
-0.936856
-0.936856
-0.936856
-0.936856
-0.936856
-0.936856
-0.936856
-0.936856
-0.936856
-0.936856
-0.936856
-0.936856
-0.936856
-0.936856
-0.936856
-0.936856
-0.936856
-0.936856
-0.936856
-0.936856
-0.936856
-0.936856
-0.936856
-0.936856
-0.936856
-0.936856
-0.936856
-0.936856
-0.936856
-0.936856
-0.936856
-0.936856
-0.936856
-0.936856
-0.936856
-0.936856
-0.936856
-0.936856
-0.936856
-0.936856
-0.936856
-0.936856
-0.936856
-0.937403
-0.937403
-0.937403
-0.937403
-0.937403
-0.937403
-0.937403
-0.937403
-0.937403
-0.937403
-0.937403
-0.937403
-0.937403
-0.937403
-0.937403
-0.937403
-0.937403
-0.937403
-0.937403
-0.937403
-0.937403
-0.937403
-0.937403
-0.937403
-0.937403
-0.937403
-0.937403
-0.937403
-0.937403
-0.937403
-0.937403
-0.937403
-0.937403
-0.937403
-0.937403
-0.937403
-0.937403
-0.937403
-0.937403
-0.937403
-0.937403
-0.937403
-0.937403
-0.937403
-0.937403
-0.937403
-0.937403
-0.937403
-0.937403
-0.937403
-0.937403
-0.937403
-0.937403
-0.937403
-0.937403
-0.937403
-0.937403
-0.937403
-0.937403
-0.937403
-0.937403
-0.937403
-0.937403
-0.937403
-0.937403
-0.937403
-0.937403
-0.937403
-0.937403
-0.937403
-0.937403
-0.937403
-0.937403
-0.937403
-0.937403
-0.937403
-0.937403
-0.937403
-0.937403
-0.937403
-0.937403
-0.937403
-0.937403
-0.941285
-0.941285
-0.941285
-0.941285
-0.941285
-0.941285
-0.941285
-0.941285
-0.941285
-0.941285
-0.941285
-0.941285
-0.941285
-0.941285
-0.941285
-0.941285
-0.941285
-0.941285
-0.941285
-0.941285
-0.941285
-0.941285
-0.941285
-0.941285
-0.941285
-0.941285
-0.941285
-0.941285
-0.941285
-0.941285
-0.941285
-0.941285
-0.941285
-0.941285
-0.941285
-0.941285
-0.941285
-0.941285
-0.941285
-0.941285
-0.941285
-0.941285
-0.941285
-0.941285
-0.941285
-0.941285
-0.941285
-0.941285
-0.941285
-0.941285
-0.941285
-0.941285
-0.941285
-0.941285
-0.942537
-0.942537
-0.942537
-0.942537
-0.942537
-0.942537
-0.942537
-0.942537
-0.942537
-0.942537
-0.942537
-0.942537
-0.942537
-0.942537
-0.942537
-0.942537
-0.942537
-0.942537
-0.942537
-0.942537
-0.942537
-0.942537
-0.942537
-0.942537
-0.942537
-0.942537
-0.942537
-0.942537
-0.942537
-0.942537
-0.942537
-0.942537
-0.942537
-0.942537
-0.942537
-0.942537
-0.942537
-0.942537
-0.942537
-0.942537
-0.942537
-0.942537
-0.942537
-0.942537
-0.942537
-0.942537
-0.942537
-0.942537
-0.942537
-0.942537
-0.942823
-0.942823
-0.942823
-0.942823
-0.942823
-0.942823
-0.942823
-0.942823
-0.942823
-0.942823
-0.942823
-0.942823
-0.942823
-0.942823
-0.942823
-0.942823
-0.942823
-0.942823
-0.942823
-0.942823
-0.942823
-0.942823
-0.942823
-0.942823
-0.942823
-0.942823
-0.942823
-0.942823
-0.942823
-0.942823
-0.943087
-0.943087
-0.943087
-0.943087
-0.943087
-0.943087
-0.943087
-0.943087
-0.943087
-0.943087
-0.943087
-0.943087
-0.943087
-0.943087
-0.943087
-0.943087
-0.943087
-0.943087
-0.943087
-0.943087
-0.943087
-0.943087
-0.943087
-0.943087
-0.943087
-0.943087
-0.943087
-0.943087
-0.943087
-0.943087
-0.943087
-0.943087
-0.943087
-0.943087
-0.943087
-0.943087
-0.943087
-0.943087
-0.943087
-0.943087
-0.943087
-0.943087
-0.943087
-0.943087
-0.943087
-0.943087
-0.943087
-0.943306
-0.943306
-0.943306
-0.943306
-0.943306
-0.943306
-0.943306
-0.943306
-0.943306
-0.943306
-0.943306
-0.943306
-0.943306
-0.943306
-0.943306
-0.943306
-0.943306
-0.943306
-0.943306
-0.943306
-0.943306
-0.943306
-0.943306
-0.943306
-0.943306
-0.943306
-0.943306
-0.943306
-0.943306
-0.943306
-0.943306
-0.943306
-0.943306
-0.943306
-0.943306
-0.943306
-0.943306
-0.943306
-0.943306
-0.943306
-0.943306
-0.943306
-0.943306
-0.943306
-0.943306
-0.943306
-0.943306
-0.943306
-0.943306
-0.943306
-0.943306
-0.943306
-0.943306
-0.943306
-0.943306
-0.943306
-0.943306
-0.943306
-0.943306
-0.943306
-0.943306
-0.943306
-0.943306
-0.943306
-0.943306
-0.943306
-0.943306
-0.943306
-0.944171
-0.944171
-0.944171
-0.944171
-0.944171
-0.944171
-0.944171
-0.944171
-0.944171
-0.944171
-0.944171
-0.944171
-0.944171
-0.944171
-0.944171
-0.944171
-0.944171
-0.944171
-0.944171
-0.944171
-0.944171
-0.944171
-0.944171
-0.944171
-0.944171
-0.944171
-0.944171
-0.944171
-0.944171
-0.944171
-0.944171
-0.944171
-0.944171
-0.944171
-0.944171
-0.944171
-0.944171
-0.944171
-0.944171
-0.944171
-0.944171
-0.944171
-0.944171
-0.944171
-0.944171
-0.944171
-0.944171
-0.944171
-0.944171
-0.944171
-0.944171
-0.944171
-0.944171
-0.944171
-0.944171
-0.944171
-0.944171
-0.944171
-0.944171
-0.944171
-0.944171
-0.944171
-0.944171
-0.944171
-0.944171
-0.944171
-0.944171
-0.944171
-0.944171
-0.944171
-0.944171
-0.944171
-0.944171
-0.944171
-0.944171
-0.944171
-0.944171
-0.944171
-0.944171
-0.944171
-0.944171
-0.944171
-0.944171
-0.944171
-0.944171
-0.944171
-0.944171
-0.944171
-0.944171
-0.944171
-0.944171
-0.944171
-0.944171
-0.944171
-0.944171
-0.944171
-0.944171
-0.944171
-0.944171
-0.944171
-0.944171
-0.944171
-0.944171
-0.944171
-0.944171
-0.944171
-0.944307
-0.944307
-0.944307
-0.944307
-0.944307
-0.944307
-0.944307
-0.944307
-0.944307
-0.944307
-0.944307
-0.944307
-0.944307
-0.944307
-0.944307
-0.944307
-0.944307
-0.944307
-0.944307


-0.0375072
-0.00961333
0.0632038
-0.00155644
-0.00625629
0.0236518
0.056856
-0.0574053
0.0128483
0.0523392
0.0196844
0.00277718
0.00759911
-0.0052797
0.0129704
0.00808741
0.0332347
0.0681478
-0.0223701
-0.0184027
-0.0135197
0.0179754
0.0160833
-0.00918607
0.0136418
-0.0101016
-0.0340892
0.0127262
0.0282296
-0.297525

0.021

