2.10603e+09
4.96919e+09
4.96919e+09
4.96919e+09
4.96919e+09
4.96919e+09
4.96919e+09
6.70374e+09
3.87969e+09
3.87969e+09
3.87969e+09
3.87969e+09
3.87969e+09
3.87969e+09
8.37819e+09
6.1928e+09
6.1928e+09
6.1928e+09
6.1928e+09
6.1928e+09
7.40084e+09
7.40084e+09
7.40084e+09
7.40084e+09
7.40084e+09
5.98342e+09
5.98342e+09
5.98342e+09
5.38573e+09
9.779e+09
1.11325e+10
1.11789e+10
1.11789e+10
1.11789e+10
1.11789e+10
1.14147e+10
1.14147e+10
1.14147e+10
1.2921e+10
1.2921e+10
1.2921e+10
1.2921e+10
1.2921e+10
1.2921e+10
1.2921e+10
1.2921e+10
1.2921e+10
1.48298e+10
1.48298e+10
2.2667e+10
2.2667e+10
2.2667e+10
2.2667e+10
2.2667e+10
2.2667e+10
2.2667e+10
2.2667e+10
2.2667e+10
2.2667e+10
2.2667e+10
2.2667e+10
2.2667e+10
2.07992e+10
2.2667e+10
2.2667e+10
2.2667e+10
2.2667e+10
2.2667e+10
2.2667e+10
2.2667e+10
2.2667e+10
2.2667e+10
2.2232e+10
2.2232e+10
2.2667e+10
2.2667e+10
2.2667e+10
2.2667e+10
2.2667e+10
2.2667e+10
2.2667e+10
2.2667e+10
2.2667e+10
2.2667e+10
2.2667e+10
2.2667e+10
2.2667e+10
2.2667e+10
2.2667e+10
2.00769e+10
1.4927e+10
1.4927e+10
1.4927e+10
1.4927e+10
2.26641e+10
2.26641e+10
2.26641e+10
2.26641e+10
2.26641e+10
2.52856e+10
2.52856e+10
2.43798e+10
2.52856e+10
2.51458e+10
2.51458e+10
2.50687e+10
2.50687e+10
2.50687e+10
2.46178e+10
2.50687e+10
2.50687e+10
2.50687e+10
2.13924e+10
2.33851e+10
2.316e+10
2.316e+10
2.316e+10
2.316e+10
2.316e+10
2.50687e+10
2.50687e+10
2.50687e+10
2.50687e+10
2.50687e+10
2.50687e+10
2.50687e+10
2.87774e+10
2.87591e+10
2.87591e+10
2.87591e+10
2.87591e+10
2.87591e+10
2.87591e+10
2.87591e+10
2.87591e+10
2.87591e+10
2.8687e+10
2.86682e+10
2.8687e+10
2.90332e+10
2.90332e+10
2.93425e+10
2.93425e+10
2.93425e+10
2.93425e+10
2.93425e+10
2.93425e+10
2.93425e+10
2.93425e+10
2.93425e+10
2.93425e+10
3.11641e+10
3.11641e+10
3.11641e+10
3.11641e+10
3.22805e+10
3.22805e+10
3.22805e+10
3.22805e+10
3.22805e+10
3.1877e+10
3.22805e+10
3.22805e+10
3.10796e+10
3.10796e+10
3.10796e+10
3.10796e+10
3.10796e+10
3.10796e+10
3.11704e+10
3.11704e+10
3.11704e+10
3.11704e+10
3.11704e+10
3.11704e+10
3.11704e+10
3.11704e+10
3.11704e+10
3.11704e+10
3.30307e+10
3.30307e+10
3.30307e+10
3.30307e+10
3.30307e+10
3.30307e+10
3.30307e+10
3.30307e+10
3.30307e+10
2.53403e+10
2.53403e+10
2.53403e+10
3.01731e+10
3.01731e+10
3.30307e+10
3.30307e+10
3.30307e+10
3.33334e+10
3.33334e+10
3.33334e+10
3.33334e+10
3.33334e+10
3.33334e+10
3.33334e+10
3.33334e+10
3.33334e+10
3.33334e+10
3.33334e+10
3.33334e+10
3.33334e+10
3.45964e+10
3.45964e+10
3.45964e+10
3.45964e+10
3.45964e+10
3.45964e+10
3.46295e+10
3.46295e+10
3.46295e+10
3.46295e+10
3.46295e+10
3.46295e+10
3.64064e+10
3.84003e+10
3.84003e+10
3.84003e+10
3.61664e+10
3.61664e+10
3.84003e+10
3.84003e+10
3.84003e+10
3.84003e+10
3.84003e+10
3.84003e+10
3.84003e+10
3.84003e+10
3.84003e+10
3.84003e+10
3.84003e+10
3.84003e+10
3.84003e+10
3.84003e+10
3.84003e+10
3.84003e+10
3.7823e+10
3.7823e+10
3.84003e+10
3.84003e+10
3.64577e+10
3.64577e+10
3.64577e+10
3.64577e+10
3.64577e+10
3.64577e+10
3.61592e+10
3.61592e+10
3.61592e+10
3.61592e+10
3.61592e+10
3.61592e+10
4.0248e+10
4.0248e+10
4.0248e+10
4.01288e+10
4.01288e+10
4.01288e+10
4.05422e+10
4.05071e+10
4.04381e+10
4.04381e+10
4.04381e+10
4.04381e+10
4.04381e+10
4.03499e+10
4.03499e+10
4.03499e+10
4.08073e+10
4.08073e+10
4.10818e+10
4.10818e+10
4.10818e+10
4.10818e+10
4.10818e+10
4.10818e+10
4.10818e+10
4.10818e+10
4.10818e+10
4.10818e+10
4.10818e+10
4.10818e+10
4.10818e+10
4.10818e+10
4.02678e+10
4.02678e+10
4.02678e+10
4.02678e+10
4.02678e+10
4.02678e+10
4.06827e+10
4.07655e+10
3.89921e+10
3.89921e+10
3.89921e+10
3.89921e+10
3.89921e+10
3.89921e+10
3.89921e+10
3.89921e+10
4.12822e+10
4.12822e+10
4.12822e+10
4.12822e+10
4.12822e+10
4.12822e+10
4.12822e+10
4.12822e+10
4.12822e+10
4.21347e+10
4.21347e+10
4.14788e+10
3.82478e+10
3.82478e+10
3.82478e+10
4.03295e+10
4.0739e+10
4.0739e+10
4.36979e+10
4.05298e+10
4.05298e+10
4.05298e+10
4.05298e+10
4.05298e+10
4.05298e+10
4.14026e+10
4.14026e+10
3.87557e+10
3.87557e+10
3.87557e+10
3.87557e+10
3.87557e+10
4.07688e+10
4.07688e+10
4.07688e+10
4.07688e+10
3.89818e+10
3.89818e+10
3.89818e+10
3.89818e+10
4.04648e+10
4.04648e+10
4.04648e+10
4.04648e+10
4.04648e+10
4.04648e+10
4.04648e+10
4.04648e+10
4.04648e+10
4.32954e+10
4.32954e+10
4.51031e+10
4.51031e+10
4.51031e+10
4.4895e+10
4.50595e+10
4.50595e+10
4.50595e+10
4.50595e+10
4.50595e+10
4.37279e+10
4.37279e+10
4.37279e+10
4.37279e+10
4.50082e+10
4.31933e+10
4.31933e+10
4.47001e+10
4.47001e+10
4.47001e+10
4.47001e+10
4.47001e+10
4.47001e+10
4.47001e+10
4.47001e+10
4.47001e+10
4.47001e+10
4.47001e+10
4.47001e+10
4.47001e+10
4.47001e+10
4.49174e+10
4.49174e+10
4.49174e+10
4.49174e+10
4.49174e+10
4.49174e+10
4.49174e+10
4.49174e+10
4.49174e+10
4.49174e+10
4.50963e+10
4.51508e+10
4.51508e+10
4.58908e+10
4.58908e+10
4.58908e+10
4.58908e+10
4.58908e+10
4.58908e+10
4.58908e+10
4.58908e+10
4.58908e+10
4.63214e+10
4.59478e+10
4.59478e+10
4.59478e+10
4.59478e+10
4.59478e+10
4.59478e+10
4.59478e+10
4.59478e+10
4.59478e+10
4.59478e+10
4.59478e+10
4.59478e+10
4.53523e+10
4.53523e+10
4.53523e+10
4.71297e+10
4.71297e+10
4.71297e+10
4.75512e+10
4.76696e+10
4.76696e+10
4.76696e+10
4.76696e+10
4.76696e+10
4.77389e+10
4.57512e+10
4.57512e+10
4.57512e+10
4.55615e+10
4.55615e+10
4.57512e+10
4.57512e+10
4.57512e+10
4.57512e+10
4.57512e+10
4.57512e+10
4.57512e+10
4.57512e+10
4.57512e+10
4.57512e+10
4.83056e+10
4.83056e+10
4.83056e+10
4.9602e+10
4.9602e+10
4.9602e+10
4.96652e+10
4.96652e+10
4.47325e+10
4.47325e+10
4.47325e+10
4.86863e+10
4.86863e+10
4.87023e+10
4.87023e+10
4.87023e+10
4.87023e+10
4.87023e+10
4.87023e+10
4.87023e+10
4.94418e+10
5.07877e+10
5.07877e+10
4.90181e+10
4.90181e+10
4.90181e+10
4.90181e+10
4.90181e+10
4.90181e+10
4.46016e+10
4.20993e+10
4.79918e+10
4.79918e+10
4.80734e+10
4.80734e+10
4.80734e+10
4.80734e+10
4.80734e+10
4.80734e+10
4.80734e+10
4.80734e+10
4.80734e+10
4.80734e+10
4.8981e+10
4.8981e+10
4.84182e+10
4.84182e+10
4.95632e+10
4.95632e+10
4.95632e+10
4.95632e+10
4.95632e+10
4.95632e+10
4.98182e+10
3.97844e+10
3.97844e+10
3.97844e+10
3.97844e+10
3.97844e+10
3.97844e+10
3.97844e+10
3.97844e+10
3.97844e+10
3.97844e+10
3.97844e+10
3.97844e+10
3.97844e+10
3.97844e+10
4.49541e+10
4.43026e+10
4.40454e+10
4.40454e+10
4.43026e+10
3.5042e+10
3.5042e+10
3.5042e+10
3.5042e+10
4.60243e+10
4.60243e+10
4.60243e+10
4.60243e+10
4.60243e+10
4.60243e+10
4.60243e+10
4.60243e+10
4.7743e+10
4.7743e+10
4.7743e+10
5.12275e+10
5.12895e+10
5.12895e+10
5.12306e+10
5.12306e+10
5.12306e+10
5.12306e+10
5.12306e+10
4.98503e+10
4.88859e+10
4.88859e+10
4.90003e+10
4.96556e+10
4.60772e+10
4.60772e+10
4.60772e+10
4.60772e+10
4.60772e+10
4.60772e+10
4.60772e+10
4.60772e+10
4.60772e+10
4.78939e+10
4.78939e+10
4.78939e+10
4.78939e+10
4.60271e+10
4.78939e+10
4.78939e+10
4.92031e+10
4.92031e+10
5.02795e+10
5.02795e+10
5.02795e+10
5.04773e+10
5.04773e+10
5.08662e+10
5.08662e+10
5.08662e+10
5.13286e+10
5.13286e+10
5.13286e+10
5.10954e+10
5.10954e+10
5.10954e+10
5.10954e+10
5.10954e+10
5.10954e+10
5.14742e+10
5.14742e+10
5.14742e+10
5.14742e+10
5.14742e+10
5.14742e+10
5.14742e+10
5.14742e+10
5.1265e+10
5.1265e+10
5.068e+10
5.068e+10
5.068e+10
5.068e+10
5.068e+10
5.068e+10
5.068e+10
5.17209e+10
5.08881e+10
5.08881e+10
5.08881e+10
5.17209e+10
5.17209e+10
5.05376e+10
5.05376e+10
5.28694e+10
5.28694e+10
5.29095e+10
5.27656e+10
5.27656e+10
5.19643e+10
5.19643e+10
5.19643e+10
5.19643e+10
5.19643e+10
5.19643e+10
5.19643e+10
5.28918e+10
5.28918e+10
5.28918e+10
5.3576e+10
5.3576e+10
5.3576e+10
5.3576e+10
5.35627e+10
5.35627e+10
5.35083e+10
5.35083e+10
5.35083e+10
5.35083e+10
5.35083e+10
5.35083e+10
5.26507e+10
5.35083e+10
5.37392e+10
5.33405e+10
5.33405e+10
5.33405e+10
5.37392e+10
5.37392e+10
5.37392e+10
5.44542e+10
5.22019e+10
5.22019e+10
5.22019e+10
5.22019e+10
5.22019e+10
5.22019e+10
5.22019e+10
5.22019e+10
5.22019e+10
5.22019e+10
5.22019e+10
4.9293e+10
5.15417e+10
5.18561e+10
5.18561e+10
5.18561e+10
5.18561e+10
5.18561e+10
5.18561e+10
5.18561e+10
5.18561e+10
5.41815e+10
5.41815e+10
5.41815e+10
5.41815e+10
5.34576e+10
5.34576e+10
5.34576e+10
5.34576e+10
5.34576e+10
5.34576e+10
5.34576e+10
5.34576e+10
5.34576e+10
5.34576e+10
5.34576e+10
5.47227e+10
5.47227e+10
5.45731e+10
5.45731e+10
5.45731e+10
4.90208e+10
4.90208e+10
4.90208e+10
4.90208e+10
4.90208e+10
4.90208e+10
4.90208e+10
4.90208e+10
4.46221e+10
4.46221e+10
4.57624e+10
4.57624e+10
4.57624e+10
5.02809e+10
5.02809e+10
5.02809e+10
5.1447e+10
5.1447e+10
5.1447e+10
5.1447e+10
5.1447e+10
5.1447e+10
5.01815e+10
5.01815e+10
5.01815e+10
5.01815e+10
5.30243e+10
5.30243e+10
5.30243e+10
5.30243e+10
5.30243e+10
5.30243e+10
5.30243e+10
5.30243e+10
5.30243e+10
5.30243e+10
5.30243e+10
5.30243e+10
5.30243e+10
5.30243e+10
5.30243e+10
5.30243e+10
5.30243e+10
5.30243e+10
5.30243e+10
5.30243e+10
5.30243e+10
5.30243e+10
5.63497e+10
5.63497e+10
5.63497e+10
5.67518e+10
5.67518e+10
5.67518e+10
5.7108e+10
5.66396e+10
5.66396e+10
5.66396e+10
5.66396e+10
5.66396e+10
5.66396e+10
5.71827e+10
5.71827e+10
5.71827e+10
5.72992e+10
5.72992e+10
5.72933e+10
5.72933e+10
5.72933e+10
5.72992e+10
5.72992e+10
4.37938e+10
4.37938e+10
4.37938e+10
4.37938e+10
4.37938e+10
4.24149e+10
4.24149e+10
4.24149e+10
4.24149e+10
4.24149e+10
4.24149e+10
4.24149e+10
4.24149e+10
4.24149e+10
4.78829e+10
4.78829e+10
4.78829e+10
4.84261e+10
4.84261e+10
4.84261e+10
4.84261e+10
5.46177e+10
5.39361e+10
5.39361e+10
5.42849e+10
5.42849e+10
5.60826e+10
5.60826e+10
5.62104e+10
5.62104e+10
5.61191e+10
5.61191e+10
5.61191e+10
5.60244e+10
5.60244e+10
5.60244e+10
5.59796e+10
5.59796e+10
5.59796e+10
5.61191e+10
5.61191e+10
5.61191e+10
5.61191e+10
5.61191e+10
5.53873e+10
5.53873e+10
5.53873e+10
5.53873e+10
5.53873e+10
5.53873e+10
5.56709e+10
5.56709e+10
5.56709e+10
5.64252e+10
5.64252e+10
5.61746e+10
5.61746e+10
5.61746e+10
5.61746e+10
5.61746e+10
5.61746e+10
5.61746e+10
5.61746e+10
5.60931e+10
5.60931e+10
5.60931e+10
5.60931e+10
5.60931e+10
5.60931e+10
5.60931e+10
5.60931e+10
5.60931e+10
5.50209e+10
5.50209e+10
5.60931e+10
5.60931e+10
5.60931e+10
5.60931e+10
5.67771e+10
5.67771e+10
5.67771e+10
5.67771e+10
5.67771e+10
5.67771e+10
5.67771e+10
5.67771e+10
5.67771e+10
5.69492e+10
5.70415e+10
5.73208e+10
5.73208e+10
5.73208e+10
5.73208e+10
5.73208e+10
5.73208e+10
5.76578e+10
5.76578e+10
5.61407e+10
5.61407e+10
5.61407e+10
5.61407e+10
5.61407e+10
5.61407e+10
5.67141e+10
5.67141e+10
5.75155e+10
5.75155e+10
5.83285e+10
5.83285e+10
5.83285e+10
5.84468e+10
5.84468e+10
5.84468e+10
5.84468e+10
5.84468e+10
5.90707e+10
5.90707e+10
5.90707e+10
5.73704e+10
5.72797e+10
5.72797e+10
5.72797e+10
5.73704e+10
5.73704e+10
5.68754e+10
5.68754e+10
5.68754e+10
5.68754e+10
5.68754e+10
5.68754e+10
5.68754e+10
5.79894e+10
5.79436e+10
5.79436e+10
5.79436e+10
5.79436e+10
5.79436e+10
5.79436e+10
5.79436e+10
5.79436e+10
5.79436e+10
5.79436e+10
5.79436e+10
5.79436e+10
5.79436e+10
5.79436e+10
5.79436e+10
5.79436e+10
5.91028e+10
5.88079e+10
5.88079e+10
5.88079e+10
5.88079e+10
5.88079e+10
5.88079e+10
5.88079e+10
5.88079e+10
5.88079e+10
5.74246e+10
5.79334e+10
5.83127e+10
5.88679e+10
5.88408e+10
5.88408e+10
5.90201e+10
5.90201e+10
5.90201e+10
5.90201e+10
5.90201e+10
5.87104e+10
5.87104e+10
5.87104e+10
5.87104e+10
5.87104e+10
5.87104e+10
5.87104e+10
5.87104e+10
5.87104e+10
5.89211e+10
5.89211e+10
5.89211e+10
5.89211e+10
5.89211e+10
5.89211e+10
5.89211e+10
5.89211e+10
5.89211e+10
5.89211e+10
5.89211e+10
5.89211e+10
5.89211e+10
5.89211e+10
5.89211e+10
5.89211e+10
5.88031e+10
5.88031e+10
5.88031e+10
5.88031e+10
5.88031e+10
5.88031e+10
5.96336e+10
5.96336e+10
5.96336e+10
5.96336e+10
5.96336e+10
5.96336e+10
6.00864e+10
6.00864e+10
6.00864e+10
5.74889e+10
5.87511e+10
5.95871e+10
5.95871e+10
5.95871e+10
5.95871e+10
5.95871e+10
5.95871e+10
5.92774e+10
5.92774e+10
5.92774e+10
5.92774e+10
5.92774e+10
5.94958e+10
5.92478e+10
5.92478e+10
5.95006e+10
5.95006e+10
5.95006e+10
5.8181e+10
5.8181e+10
5.727e+10
5.727e+10
5.727e+10
5.727e+10
5.727e+10
5.58497e+10
5.58497e+10
5.58497e+10
5.58497e+10
5.58497e+10
5.58497e+10
5.58497e+10
5.58497e+10
5.58497e+10
5.58497e+10
5.58497e+10
5.58497e+10
5.58497e+10
5.58497e+10
5.58497e+10
5.58497e+10
5.58497e+10
5.73268e+10
5.73268e+10
5.73459e+10
5.73459e+10
5.4455e+10
5.4455e+10
5.4455e+10
5.55907e+10
5.55907e+10
5.55907e+10
5.55907e+10
5.55907e+10
5.55907e+10
5.55907e+10
5.74004e+10
5.74004e+10
5.78193e+10
5.78193e+10
5.78193e+10
5.78193e+10
5.83133e+10
5.87163e+10
5.87163e+10
5.94184e+10
5.95135e+10
5.95135e+10
5.95135e+10
5.95607e+10
5.96618e+10
5.96618e+10
5.96618e+10
5.96618e+10
5.96618e+10
5.96618e+10
5.94064e+10
5.94064e+10
5.94064e+10
5.94064e+10
5.56278e+10
5.56278e+10
5.56278e+10
5.56278e+10
5.698e+10
5.698e+10
5.698e+10
5.698e+10
5.698e+10
5.698e+10
5.698e+10
5.698e+10
5.698e+10
5.698e+10
5.83369e+10
5.69658e+10
5.795e+10
5.795e+10
5.88413e+10
5.88413e+10
5.88413e+10
5.88413e+10
5.88413e+10
5.88413e+10
5.88413e+10
5.94431e+10
5.94431e+10
5.94431e+10
5.94431e+10
5.94431e+10
5.94431e+10
5.94431e+10
5.90146e+10
5.83316e+10
5.91096e+10
5.91096e+10
5.91096e+10
5.91096e+10
5.88113e+10
5.88113e+10
5.88113e+10
5.88113e+10
5.86242e+10
5.86242e+10
5.86242e+10
5.96241e+10
5.96241e+10
5.96241e+10
5.97583e+10
5.97583e+10
5.97583e+10
5.97583e+10
5.97583e+10
5.97583e+10
5.97583e+10
5.99345e+10
5.99345e+10
5.99345e+10
5.99345e+10
5.99519e+10
5.99519e+10
5.99519e+10
5.99519e+10
5.99519e+10
5.99519e+10
5.99519e+10
6.02718e+10
5.9844e+10
5.9844e+10
5.32947e+10
5.32947e+10
5.32947e+10
5.32947e+10
5.32947e+10
5.32947e+10
5.38759e+10
5.38759e+10
5.50825e+10
5.50825e+10
5.64851e+10
5.64851e+10
5.64851e+10
5.64851e+10
5.64851e+10
5.64851e+10
5.64851e+10
5.64851e+10
5.64851e+10
5.64851e+10
5.64851e+10
5.58438e+10
5.58438e+10
5.58438e+10
5.64851e+10
5.64851e+10
5.64851e+10
5.64851e+10
5.64851e+10
5.7522e+10
5.7522e+10
5.7522e+10
5.75253e+10
5.75253e+10
5.75253e+10
5.49515e+10
5.49515e+10
5.49515e+10
5.49515e+10
5.49515e+10
5.49515e+10
5.49515e+10
5.49515e+10
5.49515e+10
5.49515e+10
5.49515e+10
5.49515e+10
5.75502e+10
5.75502e+10
5.75502e+10
5.75502e+10
5.75502e+10
5.75502e+10
5.75502e+10
5.8249e+10
5.8249e+10
5.8249e+10
5.83281e+10
5.83281e+10
5.83281e+10
5.83281e+10
5.83281e+10
5.97031e+10
5.97031e+10
5.97031e+10
5.97031e+10
5.96445e+10
5.99469e+10
5.99469e+10
5.99469e+10
5.99747e+10
5.99747e+10
5.99747e+10
6.05268e+10
6.05268e+10
6.05268e+10
6.06694e+10
6.06694e+10
6.06694e+10
6.06694e+10
6.06694e+10
6.07402e+10
6.05067e+10
6.05067e+10
6.05067e+10
6.05067e+10
6.05067e+10
6.07793e+10
6.07793e+10
6.07793e+10
6.07793e+10
6.07793e+10
6.07799e+10
6.07799e+10
6.07799e+10
6.07799e+10
6.07799e+10
6.07799e+10
6.07799e+10
6.12328e+10
6.12328e+10
6.12328e+10
6.13048e+10
6.11249e+10
6.11249e+10
6.11249e+10
6.11249e+10
6.11187e+10
6.11187e+10
6.11187e+10
6.09782e+10
6.09816e+10
6.09816e+10
6.09816e+10
6.09816e+10
6.09378e+10
6.09378e+10
6.09378e+10
6.09378e+10
6.09378e+10
6.09378e+10
6.09378e+10
6.09378e+10
6.09378e+10
6.09378e+10
6.04691e+10
6.04691e+10
6.04691e+10
6.04691e+10
6.04691e+10
6.04691e+10
6.04691e+10
6.04691e+10
6.04691e+10
6.04691e+10
6.04691e+10
6.04691e+10
6.04691e+10
5.99946e+10
5.99946e+10
5.99946e+10
6.04691e+10
6.04691e+10
6.04691e+10
6.04691e+10
6.03419e+10
6.03419e+10
6.03798e+10
6.06255e+10
6.06255e+10
6.06134e+10
6.06134e+10
6.06134e+10
6.06134e+10
6.06134e+10
6.06134e+10
6.06134e+10
6.06134e+10
6.06392e+10
6.06392e+10
6.08166e+10
6.08166e+10
6.08166e+10
6.08166e+10
6.09968e+10
6.09968e+10
6.12402e+10
6.12402e+10
6.12402e+10
6.12402e+10
6.10171e+10
6.11078e+10
6.11078e+10
6.11078e+10
6.11078e+10
6.11078e+10
6.13581e+10
6.05278e+10
6.05278e+10
6.05278e+10
6.08434e+10
6.07106e+10
6.07106e+10
6.07106e+10
6.07106e+10
6.12288e+10
6.12288e+10
6.12288e+10
6.12288e+10
6.12288e+10
6.12288e+10
6.09891e+10
6.12288e+10
6.12288e+10
6.12288e+10
6.12288e+10
6.12453e+10
5.78113e+10
5.78113e+10
5.78113e+10
4.89546e+10
4.89546e+10
4.89546e+10
4.89546e+10
5.30226e+10
5.30226e+10
5.45787e+10
5.45787e+10
5.51584e+10
5.79862e+10
5.79862e+10
5.8696e+10
5.8696e+10
5.8696e+10
5.8696e+10
5.8696e+10
5.8696e+10
5.8696e+10
5.8696e+10
5.86112e+10
5.86112e+10
5.86112e+10
5.86112e+10
5.86112e+10
5.72911e+10
5.72911e+10
5.72911e+10
5.72911e+10
5.72911e+10
5.86112e+10
5.86112e+10
5.86112e+10
5.86112e+10
5.86112e+10
5.86112e+10
5.86112e+10
6.03529e+10
6.03529e+10
5.99087e+10
5.99087e+10
5.99087e+10
5.99087e+10
5.87171e+10
5.87171e+10
5.87171e+10
5.79769e+10
5.79769e+10
5.79769e+10
5.79769e+10
5.79769e+10
5.79769e+10
5.79769e+10
5.79769e+10
5.79769e+10
5.99376e+10
5.99376e+10
5.99376e+10
5.99376e+10
5.99376e+10
5.99376e+10
5.98265e+10
5.98265e+10
6.06385e+10
6.06385e+10
6.06385e+10
6.06385e+10
6.06385e+10
6.04249e+10
6.06385e+10
6.06385e+10
6.06385e+10
6.06385e+10
6.06385e+10
6.06385e+10
6.06385e+10
6.06385e+10
6.06385e+10
6.1074e+10
6.11897e+10
6.11897e+10
6.11897e+10
6.11897e+10
6.11897e+10
6.11897e+10
6.01745e+10
6.01745e+10
6.01745e+10
6.01745e+10
6.01745e+10
6.01745e+10
6.01745e+10
6.01745e+10
6.01745e+10
6.01745e+10
6.01745e+10
6.01745e+10
6.01745e+10
6.05282e+10
6.05282e+10
6.05282e+10
6.09472e+10
6.09472e+10
6.09472e+10
6.09472e+10
6.09472e+10
6.09472e+10
6.12434e+10
6.12434e+10
6.13556e+10
6.13556e+10
6.12222e+10
6.13821e+10
6.13821e+10
6.16357e+10
6.16357e+10
6.17097e+10
6.17097e+10
6.17097e+10
6.17097e+10
6.17097e+10
6.17097e+10
6.17097e+10
6.17097e+10
6.024e+10
6.04067e+10
6.04067e+10
6.04067e+10
6.04067e+10
6.04067e+10
6.04067e+10
6.08135e+10
6.08135e+10
6.08135e+10
6.08135e+10
6.08135e+10
6.08135e+10
6.08135e+10
6.08135e+10
6.08135e+10
6.08135e+10
6.08135e+10
6.12186e+10
6.12186e+10
6.12186e+10
6.14791e+10
6.14791e+10
6.14791e+10
6.14791e+10
6.14791e+10
6.14791e+10
6.14791e+10
6.13215e+10
6.13215e+10
6.13215e+10
6.14791e+10
6.14791e+10
6.14791e+10
6.14791e+10
6.14791e+10
6.15291e+10
6.13236e+10
6.08217e+10
6.08217e+10
6.08217e+10
6.08217e+10
6.08156e+10
6.09955e+10
6.09955e+10
6.09955e+10
6.09955e+10
6.09955e+10
6.09955e+10
6.09955e+10
6.09955e+10
6.09955e+10
6.09955e+10
6.16694e+10
6.16694e+10
6.10842e+10
6.10842e+10
6.10842e+10
6.17718e+10
6.17718e+10
6.17718e+10
6.17718e+10
6.17718e+10
6.17718e+10
6.20444e+10
6.20444e+10
6.20444e+10
6.20444e+10
6.20444e+10
6.20444e+10
6.20444e+10
6.20707e+10
6.20707e+10
6.20707e+10
6.20707e+10
6.20707e+10
6.18925e+10
6.18925e+10
6.18925e+10
6.18925e+10
6.18925e+10
6.18925e+10
6.18925e+10
6.18925e+10
6.18925e+10
6.18925e+10
6.18383e+10
6.18383e+10
6.18383e+10
6.18383e+10
6.18383e+10
6.18383e+10
6.17999e+10
6.20272e+10
6.20272e+10
6.08924e+10
6.14536e+10
6.14536e+10
6.17187e+10
6.17187e+10
6.19739e+10
6.19739e+10
6.19739e+10
6.19739e+10
6.19739e+10
6.19739e+10
6.19739e+10
6.19739e+10
6.19739e+10
6.19739e+10
6.19739e+10
6.19739e+10
6.19667e+10
6.19667e+10
6.19667e+10
6.19667e+10
6.19667e+10
6.19667e+10
6.19667e+10
6.19667e+10
6.19667e+10
6.20705e+10
6.20705e+10
6.20705e+10
6.20705e+10
6.20705e+10
6.20705e+10
6.20705e+10
6.20705e+10
6.153e+10
6.153e+10
6.153e+10
6.153e+10
6.153e+10
6.153e+10
6.17146e+10
6.18479e+10
6.18479e+10
6.18479e+10
6.18479e+10
6.21355e+10
6.1935e+10
6.19203e+10
6.19203e+10
6.19203e+10
6.19203e+10
6.19203e+10
6.19203e+10
6.19203e+10
6.1935e+10
6.1935e+10
6.1935e+10
6.1935e+10
6.1935e+10
6.1935e+10
6.1935e+10
6.22492e+10
6.22492e+10
6.12826e+10
6.12826e+10
6.12826e+10
6.17398e+10
6.19693e+10
6.19693e+10
6.19693e+10
6.19693e+10
6.19693e+10
6.19693e+10
6.20879e+10
6.20879e+10
6.15326e+10
6.15326e+10
6.15326e+10
6.15326e+10
6.15326e+10
6.21484e+10
6.21484e+10
6.21484e+10
6.21484e+10
6.21484e+10
6.17274e+10
6.17274e+10
6.17274e+10
6.17274e+10
6.17274e+10
6.08235e+10
6.10502e+10
6.10502e+10
6.10502e+10
6.17274e+10
6.17274e+10
6.17274e+10
6.17274e+10
6.1712e+10
6.19043e+10
6.22016e+10
6.21716e+10
6.11107e+10
6.11107e+10
6.11107e+10
6.11107e+10
6.11107e+10
6.11107e+10
6.11107e+10
6.11107e+10
6.11107e+10
6.11107e+10
6.11107e+10
6.11107e+10
6.1155e+10
6.1155e+10
6.1155e+10
6.1155e+10
6.1155e+10
6.13075e+10
6.13075e+10
6.13075e+10
6.19446e+10
6.19446e+10
6.19446e+10
6.19446e+10
6.19446e+10
6.19446e+10
6.19446e+10
6.19446e+10
6.20558e+10
6.2249e+10
6.04093e+10
6.04093e+10
6.12657e+10
6.19983e+10
6.19983e+10
6.19983e+10
6.19983e+10
6.19983e+10
6.21097e+10
6.21097e+10
6.21097e+10
6.21458e+10
6.21458e+10
6.20792e+10
6.14781e+10
6.14781e+10
6.20792e+10
6.20792e+10
6.20792e+10
6.20792e+10
6.20792e+10
6.20792e+10
6.20792e+10
6.20792e+10
6.1995e+10
6.1995e+10
6.1995e+10
6.19853e+10
6.19853e+10
6.1995e+10
6.1995e+10
6.20441e+10
6.20441e+10
6.21704e+10
6.21704e+10
6.21704e+10
6.21704e+10
6.21945e+10
6.21945e+10
6.21945e+10
6.21945e+10
6.21945e+10
6.21945e+10
6.21945e+10
6.21945e+10
6.21945e+10
6.21945e+10
6.21945e+10
6.21945e+10
6.21945e+10
6.21945e+10
6.21945e+10
6.21945e+10
6.21945e+10
6.21945e+10
6.21945e+10
6.21945e+10
6.24966e+10
6.24966e+10
6.2617e+10
6.19186e+10
6.19186e+10
6.19186e+10
6.19186e+10
6.19186e+10
6.21939e+10
6.21939e+10
6.21939e+10
6.21939e+10
6.21939e+10
6.21939e+10
6.21939e+10
6.21939e+10
6.25834e+10
6.27306e+10
6.27306e+10
6.27306e+10
6.27306e+10
6.23561e+10
6.25895e+10
6.23804e+10
6.23804e+10
6.23804e+10
6.23804e+10
6.25093e+10
6.28006e+10
6.28006e+10
6.28006e+10
6.28006e+10
6.28006e+10
6.28406e+10
6.28406e+10
6.28406e+10
6.28406e+10
6.28406e+10
6.26348e+10
6.26348e+10
6.26348e+10
6.26348e+10
6.27755e+10
6.28241e+10
6.28241e+10
6.28241e+10
6.28241e+10
6.30825e+10
6.30825e+10
6.30825e+10
6.30825e+10
6.30825e+10
6.30825e+10
6.25218e+10
6.25218e+10
6.25218e+10
6.25218e+10
6.25218e+10
6.25218e+10
6.29494e+10
6.29494e+10
6.29494e+10
6.29267e+10
6.25705e+10
6.25705e+10
6.25705e+10
6.25705e+10
6.25705e+10
6.25705e+10
6.25705e+10
6.25705e+10
6.26318e+10
6.26318e+10
6.26694e+10
6.26694e+10
6.26694e+10
6.26694e+10
6.2996e+10
6.2996e+10
6.2996e+10
6.31328e+10
6.31328e+10
6.3134e+10
6.3134e+10
6.3134e+10
6.3134e+10
6.3134e+10
6.32117e+10
6.32964e+10
6.32964e+10
6.32964e+10
6.32964e+10
6.33179e+10
6.33179e+10
6.33179e+10
6.33585e+10
6.33585e+10
6.33585e+10
6.33585e+10
6.15159e+10
6.11198e+10
6.11198e+10
6.11198e+10
6.11198e+10
6.11198e+10
6.11198e+10
6.11198e+10
6.11198e+10
6.11198e+10
6.11198e+10
6.11198e+10
6.11198e+10
6.11198e+10
6.11198e+10
6.17907e+10
6.21857e+10
6.26536e+10
6.26536e+10
6.26536e+10
6.26536e+10
6.26536e+10
6.26536e+10
6.26536e+10
6.26536e+10
6.26536e+10
6.26536e+10
6.26536e+10
6.26536e+10
6.26536e+10
6.29434e+10
6.29434e+10
6.29434e+10
6.3131e+10
6.3131e+10
6.3131e+10
6.3131e+10
6.3131e+10
6.32704e+10
6.29918e+10
6.25978e+10
6.29488e+10
6.29488e+10
6.29488e+10
6.29488e+10
6.29488e+10
6.29488e+10
6.29488e+10
6.29488e+10
6.29488e+10
6.29488e+10
6.30148e+10
6.31795e+10
5.71056e+10
5.71056e+10
5.71056e+10
5.71056e+10
5.71056e+10
5.71056e+10
5.89445e+10
5.89445e+10
5.89445e+10
5.89445e+10
5.89445e+10
5.89445e+10
5.89445e+10
5.89445e+10
5.89445e+10
5.89445e+10
5.89445e+10
5.89445e+10
5.89445e+10
5.89445e+10
5.89445e+10
5.89445e+10
5.89445e+10
5.89445e+10
5.89445e+10
5.89445e+10
5.89445e+10
6.06636e+10
6.06946e+10
6.06946e+10
6.06946e+10
6.06946e+10
6.06946e+10
6.06946e+10
6.19722e+10
6.23133e+10
6.23133e+10
6.23133e+10
6.24921e+10
6.2277e+10
6.18621e+10
6.19046e+10
6.19046e+10
6.19046e+10
6.22357e+10
6.1936e+10
6.24008e+10
6.24008e+10
6.24008e+10
6.24008e+10
6.24008e+10
6.24008e+10
6.23856e+10
6.26853e+10
6.26853e+10
6.26853e+10
6.26853e+10
6.30254e+10
6.30254e+10
6.30254e+10
6.2621e+10
6.30458e+10
6.31895e+10
6.27442e+10
6.27442e+10
6.27442e+10
6.27442e+10
6.27442e+10
6.29382e+10
6.29382e+10
6.29382e+10
6.28029e+10
6.28029e+10
6.28029e+10
6.28029e+10
6.28029e+10
6.29964e+10
6.29964e+10
6.29964e+10
6.29964e+10
6.29981e+10
6.29981e+10
6.29981e+10
6.29981e+10
6.29981e+10
6.29981e+10
6.29981e+10
6.29981e+10
6.29981e+10
6.25248e+10
6.25551e+10
6.24892e+10
6.24892e+10
6.24892e+10
6.24892e+10
6.27478e+10
6.27478e+10
6.27478e+10
6.27478e+10
6.30449e+10
6.30449e+10
6.30449e+10
6.30449e+10
6.31492e+10
6.31271e+10
6.31271e+10
6.32543e+10
6.32543e+10
6.32543e+10
6.32543e+10
6.32543e+10
6.32543e+10
6.32543e+10
6.3341e+10
6.3341e+10
6.3341e+10
6.3341e+10
6.33925e+10
6.33925e+10
6.33925e+10
6.33925e+10


0.4114
8.25288
-3.68356
5.86509
4.32737
2.52147
1.15494
-0.351313
-2.96319
-0.285443
2.98939
-1.07635
-1.27481
-0.757047
5.26835
5.8313
3.78901
8.75469
-4.67706
-3.90527
-4.58025
-1.17584
-0.790319
3.73424
-3.99577
-3.58967
6.36835
-2.13636
0.683015
9.27835

0.023

