136.274
132.037
96.8572
96.8572
96.8572
96.8572
70.2848
70.2848
70.2848
70.2848
70.2848
65.5888
65.5888
65.5888
65.5888
65.5888
65.5888
65.5888
51.7747
51.7747
51.7747
51.7747
51.7747
47.5695
47.5695
47.5695
47.5695
47.5695
47.5695
33.9555
33.9555
33.9555
33.9555
33.9555
33.9555
33.9555
33.9555
33.9555
30.1014
30.1014
30.1014
30.1014
30.1014
30.1014
30.1014
30.1014
30.1014
30.1014
30.1014
29.0225
29.0225
29.0225
29.0225
29.0225
29.0225
27.6442
27.6442
27.6442
27.6442
27.6442
27.6442
27.236
27.236
27.236
26.7521
26.7521
26.7521
26.7521
26.1858
26.1858
26.1858
26.1858
26.1858
24.1817
23.7076
23.7076
23.7076
23.7076
23.7076
23.7076
23.7076
23.7076
23.0145
23.0145
22.3738
21.9713
21.9713
21.9713
21.9713
21.9713
21.9713
21.9713
21.9713
20.9242
20.9242
20.9242
20.9242
20.9242
20.9242
20.9242
20.6258
20.3362
20.3362
20.3362
18.5917
18.5917
18.5917
18.5917
18.5201
18.5201
18.5201
18.5201
18.5201
18.5201
18.5201
18.5201
18.5201
18.2565
15.6989
15.6989
15.6989
15.6989
15.6989
15.6989
15.6989
15.6989
15.6989
15.6989
15.6989
15.6989
15.6989
15.6989
15.6989
15.6989
15.6989
15.6989
15.6989
15.693
15.693
13.3634
13.3634
13.3634
13.3634
13.3634
13.1577
12.9962
12.9962
12.9962
12.9962
12.9962
12.9962
11.4652
11.4652
11.4652
10.7684
10.7684
10.2294
10.2294
10.2294
10.2294
10.2294
10.2294
10.2294
10.2294
10.0861
10.0861
10.0806
10.0806
9.80976
9.80976
9.80976
9.80976
9.80976
9.80976
9.80976
9.80976
9.80976
9.80976
9.80976
9.80751
9.80751
9.80751
9.74415
9.74415
9.74415
9.74415
9.74415
9.74415
9.74415
9.74415
9.74415
9.74415
9.67652
9.67652
9.67652
9.67652
9.67652
9.67652
9.67652
9.67652
9.53148
9.43399
9.43399
9.43399
9.43399
8.28101
8.28101
8.28101
8.28101
8.28101
8.28101
8.28101
8.28101
8.28101
8.28101
7.98541
7.98541
7.89575
7.84069
7.84069
7.84069
7.84069
7.84069
7.84069
7.84069
7.84069
7.84069
7.84069
7.84069
7.84069
7.84069
7.84069
7.84069
7.84069
7.84069
7.84069
7.84069
7.84069
7.61588
7.17823
7.17823
6.98159
6.98159
6.85884
6.85884
6.85884
6.85884
6.85884
6.85884
6.85884
6.85884
6.85884
6.85884
6.85884
6.85884
6.85884
6.85884
6.85884
6.84977
6.84977
6.84977
6.84977
6.84913
6.84913
6.84913
6.84913
6.84913
6.70483
6.59322
6.52152
4.7213
4.7213
4.7213
4.67478
4.67478
4.67478
4.34248
4.34248
4.34248
4.34248
4.34248
4.34248
4.34248
4.34248
4.34248
4.34248
4.34248
4.34248
4.31473
4.31473
4.27804
4.27804
4.27804
4.27804
4.27804
4.27804
4.25466
4.25466
4.25466
4.25466
4.25284
4.03044
4.03044
4.03044
4.02391
4.02391
4.02391
4.02391
4.02391
4.02391
3.90556
3.90556
3.90556
3.90556
3.90556
3.90556
3.90556
3.90556
3.81154
3.81154
3.78955
3.78955
3.78955
3.78955
3.78955
3.66242
3.51103
3.51103
3.51103
3.51103
3.51103
3.39346
3.31319
3.31319
3.31319
3.31319
3.31319
3.31319
3.07536
3.07536
3.07536
2.74951
2.74951
2.74951
2.74951
2.74951
2.66518
2.66518
2.66518
2.48258
2.48258
2.48258
2.48258
2.48258
2.48258
2.48258
2.48258
2.48258
2.48258
2.48258
2.48258
2.48258
2.48258
2.48258
2.48258
2.48258
2.48258
2.48258
2.23297
2.23297
2.23297
2.23297
2.23297
2.23297
2.23297
2.23297
2.22169
2.22169
2.22169
2.10425
2.10425
2.10425
2.10425
2.10425
2.10425
2.10425
2.10425
2.10425
2.10425
1.9467
1.9467
1.9467
1.9467
1.9467
1.9467
1.9467
1.9467
1.9467
1.93558
1.92639
1.92639
1.8499
1.8499
1.8499
1.8499
1.8499
1.82579
1.82579
1.82579
1.82579
1.82579
1.82579
1.82579
1.7106
1.7106
1.7106
1.7106
1.7106
1.7106
1.7106
1.7106
1.7106
1.70609
1.70609
1.70609
1.70609
1.70609
1.70609
1.70609
1.70609
1.70609
1.70259
1.70259
1.70259
1.6806
1.6806
1.6806
1.6806
1.6806
1.6806
1.6806
1.6806
1.63957
1.63957
1.63957
1.63957
1.63957
1.63957
1.63957
1.63957
1.63957
1.63957
1.63957
1.63957
1.63957
1.63661
1.63661
1.6311
1.6311
1.6311
1.6311
1.6311
1.6311
1.6311
1.6311
1.6311
1.61299
1.61299
1.61299
1.61299
1.61299
1.61299
1.61299
1.61299
1.61299
1.61299
1.61299
1.61076
1.61076
1.61076
1.61076
1.61076
1.61076
1.61076
1.61076
1.61076
1.61076
1.61076
1.61076
1.61076
1.60063
1.60063
1.60063
1.60063
1.60063
1.60063
1.56093
1.56093
1.56093
1.56093
1.56093
1.56093
1.56093
1.56093
1.56093
1.55068
1.55068
1.52683
1.52683
1.52683
1.47185
1.47185
1.47185
1.47185
1.47185
1.47185
1.47185
1.47185
1.47185
1.47185
1.45172
1.44342
1.44342
1.42369
1.42077
1.42077
1.42077
1.42077
1.42077
1.42077
1.42077
1.42077
1.42077
1.40816
1.40816
1.40816
1.40816
1.40816
1.40127
1.40127
1.40127
1.39965
1.39965
1.37286
1.37286
1.37286
1.26172
1.26172
1.18984
1.18984
1.18984
1.18984
1.18984
1.18984
1.18984
1.18984
1.18984
1.18984
1.18984
1.18984
1.18984
1.18984
1.18399
1.18399
1.18399
1.18399
1.18399
1.14412
1.14412
1.14412
1.14412
1.14412
1.14412
1.14412
1.14412
1.14412
1.14412
1.13418
1.13418
1.13418
1.13418
1.1295
1.1295
1.1295
1.1295
1.1295
1.1295
1.1295
1.1295
1.1295
1.12946
1.12673
1.12673
1.1017
1.07893
1.07893
1.07468
1.07468
1.06409
1.06409
1.06409
1.06409
1.04948
1.04948
1.04948
1.04948
1.02385
1.02385
1.02385
1.02385
1.02385
1.02385
1.02385
1.02385
1.02385
1.02385
1.02385
1.02385
1.02385
1.02385
1.01666
0.999425
0.942531
0.942531
0.942531
0.942531
0.942531
0.942531
0.942531
0.942531
0.942531
0.923393
0.923393
0.923393
0.923393
0.923393
0.923393
0.923393
0.923393
0.923393
0.923393
0.923393
0.923393
0.923393
0.923393
0.923393
0.923393
0.923393
0.923393
0.923393
0.923393
0.919705
0.919705
0.919705
0.919705
0.919705
0.919705
0.919705
0.919705
0.919705
0.897772
0.897772
0.897772
0.897772
0.897772
0.897772
0.835615
0.835615
0.835615
0.835615
0.835615
0.828417
0.828417
0.790964
0.790964
0.766465
0.766465
0.762952
0.762952
0.762952
0.762952
0.762952
0.762952
0.762952
0.762952
0.762952
0.762952
0.752961
0.752961
0.752961
0.752961
0.752961
0.74779
0.74779
0.74779
0.74779
0.74779
0.74779
0.74779
0.74779
0.74779
0.74779
0.74779
0.74779
0.74779
0.74779
0.74779
0.743922
0.743922
0.743922
0.743922
0.734318
0.734318
0.734318
0.734318
0.723498
0.71997
0.66454
0.66454
0.66454
0.66454
0.66454
0.66454
0.611473
0.611473
0.611473
0.611312
0.611312
0.611312
0.611312
0.611312
0.609504
0.609504
0.609504
0.609504
0.609504
0.609504
0.609504
0.609504
0.609504
0.603206
0.603206
0.583969
0.583969
0.583969
0.579935
0.579935
0.579935
0.579935
0.579935
0.579935
0.579935
0.579935
0.579935
0.579935
0.579935
0.574419
0.574419
0.574419
0.574419
0.563004
0.563004
0.563004
0.563004
0.563004
0.563004
0.559315
0.559315
0.559315
0.559315
0.559315
0.545558
0.545558
0.545558
0.545558
0.544241
0.544241
0.544241
0.544241
0.544241
0.544241
0.544241
0.544241
0.542491
0.542491
0.542491
0.542491
0.542491
0.542491
0.542491
0.542491
0.542491
0.542491
0.541073
0.539675
0.539675
0.527751
0.527751
0.527751
0.527751
0.527751
0.527751
0.527751
0.527751
0.527751
0.527751
0.527751
0.527751
0.527751
0.527751
0.509814
0.509814
0.509814
0.509814
0.509814
0.509814
0.509814
0.509814
0.509814
0.509814
0.509814
0.509814
0.509814
0.509814
0.474275
0.474275
0.474275
0.455716
0.455716
0.455716
0.435499
0.435499
0.435499
0.429728
0.429728
0.429728
0.429728
0.429728
0.429728
0.429728
0.429728
0.429728
0.429728
0.429728
0.429728
0.429728
0.429728
0.429728
0.426319
0.426319
0.426319
0.426319
0.426319
0.426319
0.426319
0.426319
0.426319
0.426319
0.426319
0.424822
0.424822
0.424822
0.424822
0.423441
0.423441
0.423441
0.423441
0.423441
0.423441
0.423441
0.423441
0.423441
0.423441
0.423441
0.423441
0.422493
0.422493
0.422493
0.413555
0.413555
0.413555
0.413555
0.413542
0.413542
0.413542
0.413542
0.411329
0.410775
0.410775
0.403342
0.403342
0.403342
0.403342
0.403342
0.403342
0.403342
0.395784
0.395784
0.395784
0.395784
0.395784
0.395784
0.395784
0.395784
0.395784
0.395784
0.395784
0.395784
0.384747
0.384747
0.384747
0.384747
0.384747
0.384747
0.384747
0.384747
0.384747
0.384747
0.384747
0.384747
0.384747
0.384747
0.384747
0.384747
0.384747
0.384747
0.384747
0.384747
0.384747
0.384747
0.38026
0.38026
0.38026
0.38026
0.38026
0.38026
0.38026
0.38026
0.38026
0.379953
0.379953
0.379852
0.379654
0.379654
0.379654
0.379654
0.379654
0.378788
0.377864
0.377731
0.376793
0.376793
0.376793
0.376793
0.376793
0.376793
0.373683
0.366554
0.364537
0.364537
0.364537
0.361496
0.361496
0.360171
0.360171
0.360171
0.360171
0.360171
0.360171
0.360171
0.360171
0.360171
0.360171
0.360171
0.360171
0.360171
0.360171
0.360171
0.360171
0.360171
0.360171
0.360171
0.360171
0.360171
0.360171
0.360171
0.360171
0.360171
0.360171
0.360171
0.360171
0.360171
0.360171
0.321105
0.321105
0.321105
0.321105
0.321105
0.321105
0.321105
0.297219
0.297219
0.290455
0.290455
0.259176
0.259176
0.259176
0.259176
0.259176
0.259176
0.259176
0.259176
0.259176
0.259176
0.259176
0.259176
0.259176
0.259176
0.259176
0.256955
0.256955
0.256955
0.256955
0.256955
0.256955
0.246664
0.246664
0.246664
0.246664
0.246664
0.246664
0.246664
0.246664
0.246664
0.246664
0.246664
0.246664
0.246664
0.245703
0.245703
0.245703
0.245703
0.245703
0.245703
0.238508
0.238508
0.238508
0.238508
0.238508
0.227065
0.227065
0.227065
0.227065
0.227065
0.211409
0.211409
0.211409
0.211409
0.211409
0.211409
0.211409
0.211409
0.211409
0.211409
0.211409
0.211409
0.211409
0.209504
0.209504
0.209504
0.209504
0.209504
0.209504
0.209504
0.209504
0.209504
0.209504
0.209504
0.209504
0.209504
0.209504
0.209504
0.209504
0.209504
0.209504
0.209504
0.209504
0.209504
0.209504
0.209504
0.209504
0.209182
0.207956
0.207956
0.207956
0.207956
0.207956
0.205166
0.205166
0.205166
0.205166
0.205166
0.205166
0.205166
0.205166
0.205166
0.205166
0.205043
0.202158
0.202158
0.202158
0.202158
0.202158
0.202158
0.202158
0.201639
0.201639
0.201639
0.201639
0.201639
0.201639
0.201639
0.201639
0.199527
0.199527
0.199527
0.199527
0.199471
0.199471
0.199298
0.199144
0.199144
0.199144
0.199144
0.199144
0.199144
0.196587
0.196587
0.196587
0.196587
0.195503
0.195503
0.191694
0.191694
0.191694
0.191694
0.191694
0.191694
0.191694
0.191694
0.191694
0.191694
0.191694
0.191694
0.191694
0.191694
0.191694
0.191694
0.191694
0.191694
0.191694
0.191694
0.191694
0.191694
0.19159
0.19159
0.19159
0.19159
0.19159
0.19159
0.19159
0.19159
0.19159
0.191154
0.191154
0.191154
0.191154
0.191154
0.191154
0.191154
0.191154
0.191071
0.191071
0.191071
0.191071
0.191071
0.191005
0.191005
0.191005
0.191005
0.191005
0.191005
0.190048
0.190048
0.188792
0.188792
0.187477
0.187477
0.187477
0.187477
0.187477
0.187477
0.187477
0.187477
0.187477
0.187477
0.187477
0.187477
0.184182
0.184182
0.184182
0.184182
0.184182
0.184182
0.181943
0.168283
0.168283
0.168283
0.168283
0.168283
0.168283
0.168283
0.168283
0.168283
0.168283
0.168283
0.168283
0.168283
0.166457
0.166457
0.166457
0.166457
0.166457
0.166457
0.166457
0.166457
0.164686
0.164686
0.164686
0.164686
0.164686
0.164686
0.164686
0.164686
0.164686
0.164686
0.164686
0.164686
0.163288
0.163288
0.163288
0.163288
0.163288
0.163288
0.163288
0.163288
0.163288
0.163288
0.163288
0.162507
0.159909
0.159909
0.159909
0.159909
0.159909
0.159909
0.159909
0.159909
0.159909
0.159909
0.159734
0.159734
0.159734
0.159734
0.159734
0.159734
0.159734
0.159734
0.159734
0.159734
0.159734
0.15959
0.15959
0.15959
0.156945
0.156775
0.156775
0.156775
0.155568
0.155365
0.155151
0.155151
0.154959
0.154895
0.154895
0.154223
0.154223
0.154223
0.154223
0.152489
0.152489
0.152489
0.152489
0.152489
0.152489
0.152489
0.152489
0.152489
0.152489
0.152489
0.150743
0.150743
0.150743
0.150743
0.150743
0.150715
0.150715
0.150715
0.150715
0.150263
0.150263
0.150263
0.149335
0.149335
0.149335
0.149335
0.149335
0.149335
0.149335
0.149335
0.149335
0.149335
0.149263
0.148901
0.148901
0.148335
0.147474
0.147474
0.147474
0.147262
0.147262
0.147262
0.147262
0.14595
0.144102
0.144102
0.144102
0.144102
0.14355
0.14355
0.14355
0.14355
0.14355
0.14355
0.14355
0.14355
0.135431
0.135431
0.117604
0.117604
0.117604
0.117604
0.117604
0.117604
0.117604
0.117604
0.117604
0.117604
0.117604
0.117604
0.117604
0.117604
0.117604
0.117604
0.117604
0.117604
0.117604
0.11759
0.11759
0.117537
0.117537
0.117537
0.117473
0.117473
0.117473
0.117473
0.117473
0.117473
0.117473
0.117473
0.117473
0.117473
0.117473
0.117473
0.117473
0.117473
0.117473
0.117473
0.117473
0.117473
0.113876
0.113876
0.113876
0.113876
0.113876
0.113876
0.113876
0.112994
0.112994
0.112994
0.111768
0.111768
0.111768
0.111768
0.111768
0.111768
0.111575
0.111575
0.111575
0.111575
0.111575
0.11097
0.11097
0.11097
0.11097
0.11097
0.11097
0.11097
0.11097
0.11097
0.11097
0.110889
0.110694
0.110694
0.110694
0.110683
0.110683
0.110683
0.110683
0.110683
0.110683
0.110683
0.110001
0.110001
0.110001
0.110001
0.110001
0.110001
0.109629
0.109629
0.109629
0.109629
0.109629
0.109629
0.109629
0.109629
0.109447
0.109447
0.109447
0.10943
0.10943
0.104366
0.104366
0.104366
0.104366
0.0938707
0.0921237
0.0921237
0.0921237
0.0921237
0.0921237
0.0921237
0.0921237
0.0909611
0.0909611
0.0909611
0.0909611
0.0909611
0.0851079
0.0845344
0.0845344
0.0845344
0.0845344
0.0845344
0.0845344
0.0845344
0.0845344
0.0845344
0.0845344
0.0845344
0.0845344
0.0843692
0.0843692
0.0843692
0.0843692
0.0843692
0.0843692
0.0825122
0.0825122
0.0825122
0.0825122
0.0825122
0.0825122
0.0825122
0.0825122
0.0825122
0.081605
0.081605
0.081605
0.081605
0.081605
0.081605
0.0800303
0.0800303
0.0800303
0.0800303
0.0800303
0.0800303
0.0797049
0.0797049
0.0797049
0.0797049
0.0797049
0.0797049
0.0786884
0.0786884
0.0786884
0.077028
0.077028
0.077028
0.077028
0.077028
0.077028
0.077028
0.0762448
0.0762448
0.0762448
0.0762448
0.0762448
0.0762448
0.0762448
0.0762448
0.0762335
0.0762335
0.0762335
0.0756435
0.0753867
0.0753867
0.0753867
0.0753867
0.0753867
0.0753867
0.0753867
0.0753867
0.0753867
0.0753867
0.0753867
0.0753867
0.0753867
0.0753867
0.0753867
0.0753867
0.0750219
0.074281
0.074281
0.074281
0.074281
0.074281
0.074281
0.074281
0.074281
0.074281
0.074281
0.0735301
0.0735301
0.0735301
0.0735301
0.0735301
0.0719054
0.0719054
0.0719054
0.0719054
0.0719054
0.0719054
0.0719054
0.0719054
0.0719054
0.0719054
0.0719054
0.0719034
0.0719034
0.0719034
0.0719034
0.0712285
0.0712285
0.0712285
0.0712285
0.0712285
0.0712285
0.0712285
0.0712285
0.0712202
0.0712202
0.0712202
0.065585
0.065585
0.065585
0.0634738
0.0634738
0.0634738
0.0634738
0.0634738
0.0634738
0.0634738
0.0634738
0.0634738
0.0634738
0.0634738
0.0634738
0.0634738
0.0634738
0.0634738
0.0634738
0.0634738
0.0632343
0.0632343
0.0632343
0.0632343
0.0632343
0.0632343
0.0632343
0.0632343
0.0632343
0.0623825
0.0623825
0.0623825
0.0623825
0.0619246
0.0619246
0.0617695
0.0617695
0.0617695
0.0617695
0.0617695
0.0617695
0.0617695
0.0617695
0.0617695
0.0617695
0.0617695
0.0616191
0.0616191
0.0605784
0.0605784
0.0600989
0.0600989
0.0600989
0.0600989
0.0599333
0.0599333
0.0599333
0.0599333
0.0599333
0.0599333
0.0599333
0.0599333
0.0599333
0.0599333
0.0599333
0.0599333
0.0599333
0.0599333
0.0599333
0.0599333
0.0599333
0.0598581
0.0598581
0.0598581
0.0598581
0.0598581
0.0596616
0.0593381
0.0588843
0.0588843
0.0588843
0.0588843
0.0588843
0.0588843
0.058338
0.058338
0.058338
0.058338
0.058338
0.058338
0.058338
0.0579879
0.0579879
0.0579879
0.0579879
0.0576354
0.0576354
0.0576354
0.0576354
0.0576354
0.0564716
0.0564716
0.0564716
0.0564716
0.0564716
0.0564716
0.0564716
0.0564716
0.0564716
0.0564716
0.0564716
0.0564716
0.0564716
0.0564716
0.0564716
0.0564716
0.0564716
0.0564716
0.0564716
0.0564716
0.0564716
0.0564716
0.0564716
0.0563308
0.0563308
0.0563308
0.0559026
0.0559026
0.0559026
0.0559026
0.0559026
0.0559026
0.0559026
0.0559026
0.0559026
0.0559026
0.0559026
0.0559026
0.0559026
0.0372682
0.0372682
0.0372682
0.0372682
0.0372682
0.0363995
0.0363995
0.0363995
0.0363995
0.0363995
0.0363995
0.0363995
0.0363995
0.0363995
0.0363995
0.0363995
0.0363995
0.0363995
0.0363995
0.0363995
0.0363995
0.0363995
0.0363995
0.0363995
0.0346005
0.0346005
0.0346005
0.0346005
0.0346005
0.0345308
0.0345308
0.0345308
0.0342768
0.0342768
0.0340206
0.0319254
0.0319254
0.0319254
0.0319254
0.0319254
0.0319254
0.0319254
0.0319254
0.0319254
0.0318212
0.0276319
0.0276319
0.0276319
0.0276319
0.0276319
0.0276319
0.0276319
0.0276319
0.0276319
0.0276319
0.0276319
0.0276319
0.0276319
0.0276319
0.0276319
0.0276319
0.0276319
0.0272575
0.0272575
0.0272575
0.0272575
0.0272575
0.0272575
0.0272575
0.0272575
0.0265881
0.0247131
0.0247131
0.0247131
0.0247131
0.0247131
0.0247131
0.0247131
0.0247131
0.0247131
0.0247131
0.0243933
0.0243933
0.0243933
0.0243933
0.0243933
0.0243933
0.0243933
0.0242169
0.0242169
0.0242169
0.0242169
0.0242169
0.0242169
0.0242169
0.0242169
0.0242169
0.0242169
0.0242169
0.0242169
0.0242169
0.0242169
0.0242169
0.0242169
0.0239447
0.0237299
0.0236328
0.0233808
0.0233808
0.0232514
0.0232514
0.0232514
0.0232316
0.0232108
0.0232108
0.0232108
0.0232108
0.0232108
0.0232108
0.0232108
0.0232108
0.0232108
0.0232108
0.0226025
0.0226025
0.0226025
0.0226025
0.0226025
0.0226025
0.0226025
0.0226025
0.0226025
0.0226025
0.0226025
0.0226025
0.0225783
0.0225783
0.0225783
0.0225783
0.0225223
0.0225223
0.0225223
0.0225223
0.0225223
0.0225223
0.0225223
0.0225223
0.0223622
0.0223622
0.0223622
0.0223622
0.0223622
0.0223622
0.0223622
0.0223622
0.0223622
0.0223622
0.0222137
0.0222137
0.0222137
0.0221894
0.0221894
0.0221894
0.0221894
0.0221894
0.0221894
0.0221894
0.0221894
0.0221894
0.0221894
0.0221894
0.0221894
0.0221894
0.0221894
0.0221894
0.0221894
0.0221894
0.0221527
0.0221527
0.0221527
0.0221527
0.0221527
0.0221527
0.0221527
0.0221527
0.0221527
0.0221527
0.0221527
0.0221527
0.0221527
0.0221527
0.0221527
0.0221472
0.0221472
0.0221472
0.0221472
0.0221472
0.0221472
0.0221472
0.0221472
0.0221449
0.0221449
0.0221449
0.0221449
0.0221449
0.0221449
0.0215357
0.0215357
0.0215357
0.0214919
0.0214919
0.0214919
0.0214919
0.0214919
0.0214919
0.0214919
0.0214919
0.0214141
0.0213557
0.0213557
0.0213557
0.0213557
0.0213557
0.0213557
0.0213557
0.0213557
0.0213557
0.0213557
0.0213557
0.0213557
0.0213557
0.0213557
0.0213557
0.0212156
0.0212156
0.0212156
0.0210952
0.0210351
0.0210351
0.0210351
0.0204568
0.0204568
0.0204568
0.0204568
0.0204568
0.0204568
0.0204568
0.0204568
0.0204568
0.0204568
0.0204568
0.0204568
0.0204568
0.0204568
0.0204568
0.0204568
0.0204568


-0.048033
-0.00297294
-0.00496981
0.0120221
0.0142179
0.0291363
0.0247765
0.0407234
0.0315255
0.00636584
-0.0128769
-0.000847385
-0.0152105
-0.0246906
-0.0266524
-0.016094
-0.0201585
-0.0129504
0.00126269
0.00493041
0.0160463
0.0144345
0.00520609
0.00547885
0.000744039
-0.0072339
-0.0059135
-0.0360703
-0.0817295
-0.0494509

0.022

