1.30267
1.30267
1.25939
1.25939
1.17079
1.30319
1.3033
1.3033
1.3033
1.52936
1.43515
1.43515
1.43515
0.797098
0.216816
0.216816
0.216816
0.69421
0.69421
1.03205
0.594134
0.594134
0.594134
0.594134
0.594134
0.594134
0.594134
0.594134
0.594134
0.594134
0.594134
0.594134
0.594134
0.594134
0.594134
0.930439
0.930439
0.930439
0.788658
0.788658
0.788658
0.788658
0.406132
0.406132
0.406132
0.406132
0.406132
0.406132
0.380911
0.380911
0.380911
0.36108
0.264366
0.264366
0.357775
0.357775
0.357775
0.357775
0.357775
0.339787
0.357775
0.357775
0.357775
0.357775
0.357775
0.357775
0.357775
0.239416
0.239416
0.239416
0.322558
0.322558
0.322558
0.811801
0.248131
0.394256
0.723358
0.723358
0.803904
0.803904
0.627849
0.627849
0.52573
0.52573
0.52573
0.52573
0.52573
0.52573
0.52573
0.52573
0.52573
0.52573
0.52573
0.52573
0.52573
0.52573
0.368971
0.354567
0.354567
0.354567
0.354567
0.341451
0.341451
0.341451
0.341451
0.341451
0.629678
0.629678
0.344162
0.328663
0.399664
0.399664
0.399664
0.399664
0.740505
0.373916
0.373916
0.373916
0.373916
0.373916
0.373916
0.373916
0.373916
0.284362
0.284362
0.284362
0.284362
0.284362
0.297237
0.297237
0.378785
0.351284
0.298969
0.298969
0.351284
0.351284
0.490921
0.490921
0.483749
0.483749
0.317235
0.317235
0.317235
0.317235
0.617774
0.617774
0.617774
0.617774
0.617774
0.617774
0.617774
0.617774
0.617774
0.668849
0.637645
0.637645
0.632273
0.632273
0.632273
0.632273
0.632273
0.51873
0.633553
0.676043
0.676043
0.492845
0.492836
0.492836
0.492836
0.492836
0.568182
0.809933
0.809933
0.809933
0.809933
0.835979
1.12467
1.12467
1.12467
1.06243
1.06243
0.997139
1.04005
1.04005
0.578433
0.578433
0.578433
0.578433
0.578433
0.578433
0.578433
0.578433
0.578433
0.45889
0.45889
0.45889
0.45889
0.45889
0.45889
0.799822
0.436725
0.436725
0.436725
1.14048
0.389599
0.681218
0.523726
0.681218
0.681218
0.652846
0.652846
0.652846
0.500921
0.500921
0.286697
0.286697
0.286697
0.286697
0.836881
0.836881
0.836881
1.03216
1.03216
1.03216
1.03216
1.03216
1.03216
0.839782
0.486996
0.486996
0.486996
0.486996
0.486996
0.486996
0.486996
0.486996
1.38192
1.38192
1.38025
1.38025
1.38025
1.38025
1.38025
1.10521
1.13429
1.00743
1.00743
1.00743
0.552658
0.552658
0.552658
0.552658
0.552658
0.800371
0.800371
0.690487
0.690487
0.800371
0.800371
0.800371
0.720708
0.720708
0.720708
0.720708
0.720708
0.720708
0.720708
0.720708
0.720708
0.720708
0.720708
0.720708
0.720751
0.720751
0.720751
0.720751
0.720751
0.473231
0.473231
0.473231
0.473231
0.473231
0.473231
0.473231
0.88347
0.88347
0.88347
0.88347
0.88347
0.659364
0.659364
0.659364
0.659364
0.659364
0.659364
0.682935
0.682935
0.682935
0.646983
0.646983
0.646983
0.646983
0.858512
0.618476
0.652914
0.44737
0.416866
0.529233
0.529534
0.517425
0.42957
0.42957
0.42957
0.42957
0.294934
0.294934
0.294934
0.44964
0.44964
0.44964
0.44964
0.44964
0.44964
0.44964
0.565535
0.565535
0.565893
0.664515
0.664515
0.341086
0.341086
0.341086
0.341086
0.336068
0.336068
0.336068
0.336068
0.825295
0.825295
0.892186
0.480946
0.480946
0.480946
0.726034
0.726034
0.726034
0.726034
0.834893
0.834893
0.834893
0.834893
0.834893
0.834893
0.853682
0.811867
0.811867
0.811867
0.811867
0.811867
0.76494
0.76494
0.76494
0.76494
0.76494
0.201825
0.201825
0.201825
0.201825
0.217497
0.217497
0.204501
0.204501
0.204501
0.204501
0.204501
0.204501
0.204501
0.204501
0.191149
0.191149
0.191149
0.191149
0.390468
0.390508
0.390508
0.390508
0.390508
0.283854
0.770611
0.770611
0.412424
0.412424
1.02458
0.205447
0.889268
0.321597
0.321597
0.222305
0.266242
0.266242
0.266242
0.266242
0.266242
0.266242
0.110392
0.110392
0.110392
0.110392
0.660471
1.13344
1.1596
0.928637
0.928637
0.928637
0.614408
0.614408
0.826387
0.826387
0.826387
0.826387
0.826387
1.00215
0.768562
0.768562
0.768562
0.768562
0.557536
0.557536
0.557536
0.557536
0.557536
1.00109
1.00109
0.975134
0.975134
0.975134
0.975134
0.975134
0.917656
0.917656
0.917656
0.917656
0.917726
0.991503
0.785237
0.785237
0.785237
0.785237
0.69194
0.703369
0.703369
0.703369
0.703369
0.703369
1.13899
1.17468
1.17468
1.4327
1.4447
1.4447
1.4447
1.4447
1.4447
1.4447
0.897947
0.897947
0.897947
0.897947
0.897947
0.897947
0.897947
0.897947
0.897947
0.542576
0.542576
0.542576
0.542576
0.542576
0.542576
0.542576
0.542576
0.542576
0.542576
0.542576
0.542576
0.542576
0.542579
0.542579
0.542579
0.542579
0.542579
0.887757
0.887757
0.887757
1.06212
1.06212
1.06212
1.06212
1.06212
1.15461
1.15461
1.15461
0.852104
0.852104
0.852104
0.845788
0.845788
0.845788
1.0042
1.0042
1.0042
1.03732
1.03732
0.840721
0.840721
0.840721
0.840721
0.840721
0.840721
0.840721
0.840721
0.840721
0.840721
0.840721
0.840721
0.881366
0.881366
0.881366
0.881366
0.881366
0.881366
0.881368
0.862594
0.862594
0.862594
0.862594
0.968223
0.970387
0.970387
0.970387
0.970387
0.970387
0.229874
0.229874
0.126756
0.126756
0.126756
0.126756
0.126756
0.126756
0.126756
0.122244
0.122244
0.122244
0.470948
0.470948
0.470948
0.470948
0.470948
0.470948
0.470948
0.31858
0.31858
0.470948
0.734001
0.67545
0.67545
0.67545
0.333747
0.333747
0.333747
0.333747
0.333747
0.333747
0.333747
0.333747
0.333747
0.333747
0.421586
0.421586
0.421586
0.899781
0.455697
0.455684
0.455684
0.455684
0.455684
0.455684
0.455684
0.455684
0.455684
0.455684
0.455684
0.491126
0.491126
0.491126
0.90624
0.90624
0.90624
0.90624
0.912126
0.912126
0.912126
0.912116
0.776464
0.429601
0.429601
0.776464
0.776464
0.776464
0.776464
0.544918
0.544918
0.544918
0.544918
0.688394
0.688394
0.632583
0.632583
0.632583
0.632583
0.632583
0.632583
0.627779
0.627779
0.627779
0.627779
0.630738
0.633619
0.633619
0.633619
0.633619
0.633619
0.633619
0.633746
0.633746
0.633746
0.633746
0.633746
0.633746
0.633746
0.633746
0.633746
0.633746
0.633746
0.683638
0.683638
0.813504
0.813504
0.813504
0.873003
0.872974
0.947744
0.947744
0.947744
0.947744
0.947744
0.947744
0.947744
0.947744
0.947744
0.95313
0.981742
0.981742
1.12702
0.658703
0.658703
0.21805
0.21805
0.580976
0.452037
0.452037
0.452037
0.452037
0.452037
0.452037
0.452037
0.452037
0.673459
0.673459
0.673459
0.673459
0.339921
0.339921
0.339921
0.339923
0.888571
0.888571
0.888571
0.888571
0.43085
0.43085
0.43085
0.43085
0.43085
0.430848
0.430848
0.852513
0.852513
0.805685
0.414157
0.407871
0.407871
0.407874
0.407874
0.407874
0.407874
0.407874
0.407874
0.629215
0.629215
0.629215
0.629215
0.629231
0.629231
0.629231
0.629231
0.629231
0.629231
0.629231
0.629231
0.629231
0.629231
0.785421
0.785421
0.785421
0.785421
0.785421
0.785421
0.785421
0.785421
0.785421
0.825959
0.478692
0.478692
0.478692
0.478692
0.478692
0.478692
0.478692
0.582433
0.582433
0.582433
0.582433
0.582433
0.967801
0.967801
0.873724
0.873724
0.873724
0.873724
0.873724
0.873724
0.873724
0.873724
0.873724
0.873724
0.873724
0.873724
0.873724
0.871773
0.871773
0.867175
0.867175
0.871773
0.871773
0.871773
0.296351
0.296351
0.296351
0.296351
0.296351
0.296351
0.296351
0.464927
0.464927
0.46522
0.46522
0.46522
0.46522
0.46522
0.46522
0.46522
0.46522
0.46522
0.46522
0.46522
0.46522
0.46522
0.46522
0.46522
0.46522
0.46522
0.689677
0.689677
0.688703
0.688703
0.688703
0.457965
0.512384
0.440753
0.440753
0.440753
0.440753
0.682602
0.682602
0.682602
0.682602
0.4264
0.4264
0.4264
0.4264
0.4264
0.4264
0.458143
0.458143
0.458143
0.458143
0.936928
0.936928
0.962299
0.406214
0.406214
0.406214
0.406214
0.406214
0.406214
0.406214
0.571826
0.396246
0.396246
0.396246
0.396246
0.396246
0.396246
0.396246
0.396246
0.396246
0.396246
0.396246
0.396246
0.396246
0.396246
0.396272
0.341984
0.823673
0.691458
0.691458
0.691458
0.691458
0.691458
0.361682
0.361682
0.361682
0.361682
0.367627
0.367627
0.367627
0.367627
0.367627
0.367627
0.367627
0.272636
0.272636
0.272636
0.37094
0.37094
0.37094
0.37094
0.37094
0.37094
0.37094
1.06581
1.14863
0.818306
0.818306
0.818306
0.818306
0.901323
0.901323
0.901323
0.901323
0.901323
0.901323
0.901323
0.901323
0.901323
0.901323
0.901323
0.901323
0.901323
0.901323
0.406176
0.406176
0.324062
0.324062
0.324062
0.405245
0.556599
0.58937
0.58937
0.58937
0.585665
0.635884
0.635884
0.653153
0.359139
0.359139
0.549096
0.549096
0.549096
0.604769
0.450824
0.450824
0.522959
0.508607
0.508607
0.508607
0.508607
0.508607
0.508607
0.411369
0.411369
0.411369
0.905976
0.508322
0.508322
0.508322
0.508322
0.742572
0.742572
0.899554
0.899554
0.899554
0.899554
0.760442
0.760483
0.760483
0.760483
0.604396
0.604396
0.604396
0.374346
0.374346
0.374346
0.374346
0.374346
0.374346
0.748442
0.748442
0.748442
0.748442
0.828889
0.672021
0.672021
0.828889
0.828889
0.828889
0.828889
0.828889
0.828889
0.828889
0.828889
1.32586
1.32586
1.3165
1.3165
1.3165
1.3165
1.3165
0.922301
0.922301
1.28463
1.17872
1.30527
1.30527
1.30527
1.30527
0.671976
1.00145
1.46081
1.46081
1.47634
0.494849
0.494849
0.494849
0.494849
0.794608
0.794608
0.794608
0.691862
0.691862
0.691862
0.47991
0.47991
0.47991
0.47991
0.47991
1.01586
0.941546
0.941546
0.941546
0.941546
1.01586
0.569894
0.569894
0.569894
0.569894
0.569894
0.569894
0.74475
0.74475
0.74475
0.74475
0.74475
0.74475
0.74475
0.74475
0.74475
0.74475
0.74475
1.05006
0.888182
1.03346
1.03346
1.03346
1.07713
1.07713
1.12697
1.12697
1.15813
1.15813
1.15813
1.15813
1.15813
1.18212
1.18212
1.18212
1.0674
1.07373
1.07373
1.07373
1.07373
1.07373
1.3516
1.3516
1.10684
1.10684
1.12128
0.899684
0.991502
0.991502
0.991502
0.991502
0.874301
0.874301
0.686498
0.898865
0.898865
0.898865
1.09894
1.09763
1.09805
0.535611
0.535611
0.535611
0.535611
0.535611
0.706868
0.808844
1.18335
1.18325
1.18325
1.18325
1.18325
1.18325
1.11111
1.11111
1.11111
1.11118
1.19188
1.21055
0.835347
0.835347
0.835347
0.835347
0.800226
0.800226
0.800226
0.891883
0.891883
0.891883
0.891883
0.891883
0.891883
0.852054
0.852054
0.932435
0.917388
0.917388
0.918931
0.667724
0.667724
0.667724
0.667724
0.667724
0.667724
0.667724
0.91995
0.91995
0.91995
0.91995
0.837708
0.837708
0.837708
0.837708
0.837708
0.837708
1.32021
1.29267
1.16722
1.07976
1.09475
1.09475
1.09475
0.807925
0.773932
0.773932
0.773932
0.794438
0.794438
0.794438
0.794438
0.794438
0.794438
0.866651
0.866651
0.866651
0.866651
0.866651
0.866651
0.866651
0.866651
0.866651
0.866651
0.866651
0.866651
0.86917
1.01413
0.469078
0.469078
0.469078
0.469078
0.510842
0.510842
0.510842
0.510842
0.510842
0.510842
0.698564
1.10814
0.490217
1.10814
1.10814
0.64944
0.64944
0.64944
0.64944
0.64944
0.64944
0.64944
0.769122
0.842127
0.842127
0.401373
0.401373
0.842127
0.842127
0.922642
0.847714
0.682487
0.682487
0.816654
0.816654
0.816654
0.816654
0.816654
0.816654
0.816654
0.816654
0.261291
0.261291
0.789824
0.789824
0.789824
0.789824
0.789824
0.789824
0.789824
0.85272
0.85272
0.85272
0.785647
0.785647
0.791708
0.791708
0.791708
0.791708
0.482365
0.482365
0.482365
0.464567
0.464567
0.464567
0.464567
0.444568
0.444568
0.444568
0.444568
0.444568
0.826157
0.857108
0.857108
0.857108
0.86093
0.86093
0.894628
0.894628
0.894628
0.894628
0.894628
0.930015
0.313804
0.683267
0.410334
0.720866
0.575882
0.575882
0.641725
0.641725
0.641725
0.622153
0.622153
0.622153
0.622153
0.622153
0.622153
0.546997
0.546997
0.546997
0.546997
0.669579
0.669579
0.669579
0.669568
0.669568
0.669568
0.669568
0.669568
0.669568
0.669568
0.669568
0.669568
0.960033
0.960033
1.20612
1.52665
0.929928
1.17393
1.17393
1.17454
0.956976
0.956976
0.956976
0.956976
0.956976
0.779109
0.779109
0.779109
0.779109
0.779109
0.779109
0.952374
0.952374
0.952374
0.954933
0.954933
1.37084
1.37084
1.37084
1.36716
1.36716
1.54291
1.54291
1.48114
1.48114
1.27156
1.27156
1.12417
0.765624
0.765624
0.765624
0.647312
0.584179
0.584179
1.07975
1.43352
1.43352
1.54427
1.06208
1.06561
1.06561
1.06561
1.06561
1.06561
1.06561
1.06561
1.06561
1.06561
1.0451
1.0451
1.0451
1.0451
1.0451
1.0451
1.05152
1.05152
1.55035
1.62296
1.62296
1.62296
1.62296
1.69113
1.69113
0.415082
0.992857
0.992857
0.992857
0.992857
0.992857
1.34717
1.34916
1.34916
1.34507
1.34507
1.34507
1.34507
1.34507
1.10051
1.10051
1.10051
0.973045
1.10051
1.10051
1.10051
1.10051
1.10051
1.02004
1.02004
1.02004
1.02004
1.3755
1.65416
1.65416
1.65416
1.73306
1.73306
1.26759
1.26759
1.26759
1.26759
1.26759
1.26759
1.26759
1.26759
1.26759
1.45073
1.45073
1.45073
1.50466
1.50466
1.50466
1.38241
1.38241
1.38241
1.38241
1.38241
1.38241
1.38241
1.38241
1.38241
1.38241
1.38241
1.38241
1.38241
1.42069
1.42069
1.42069
1.42069
1.42069
1.42069
1.42069
1.42069
1.42069
1.46585
1.46585
1.48476
1.39865
1.34738
1.00205
1.00205
1.00205
1.00205
1.00205
1.00205
1.00205
1.00205
1.00205
1.00205
1.00205
1.00205
1.07637
1.12083
1.12083
1.12083
1.12083
1.71974
1.71974
1.68382
1.68382
1.68382
1.68382
1.78083
1.63049
1.78083
1.78083
2.16475
2.16475
1.03862
1.03862
1.03862
1.03862
1.03862
1.81011
1.81011
1.81011
1.81011
1.81011
1.40378
1.40378
1.40378
1.40378
0.556971
0.811842
1.37215
1.37215
1.43098
1.58561
1.58561
1.58016
1.58016
1.58016
1.58016
1.58561
1.58561
1.58561
1.58561
1.58561
1.58561
1.98687
2.0237
1.97933
1.97933
1.97933
1.98885
1.98885
1.50013
1.50013
2.0988
2.0988
2.1714
2.1714
2.08746
2.1714
2.09455
2.09455
2.09455
2.09455
2.09455
1.51494
1.51494
1.51494
1.51494
1.51494
1.51494
1.68958
1.05114
1.05114
0.871083
0.870428
0.870428
0.870428
0.870428
0.870428
0.961201
0.961201
0.961201
0.961201
0.961201
0.961201
0.961201
0.961201
0.961201
0.961201
0.961201
0.961201
1.13022
1.13022
1.13022
1.13022
1.9824
2.10465
2.10465
2.10465
2.10465
2.10465
2.17777
2.17777
2.17777
2.17777
2.17777
2.17777
2.17777
1.34869
1.34869
1.34869
1.34869
1.34869
1.34869
1.34869
1.34869
1.34869
1.34869
1.34869
1.34869
1.34869
1.34869
1.34869
1.34869
1.34869
1.34869
1.34869
2.23562
2.23562
2.23562
2.07289
2.07289
1.98938
1.98938
1.98938
0.277675
1.17652
1.17652
1.17652
1.17652
1.17652
1.17652
1.23761
1.23761
1.80652
1.80652
1.80652
1.80652
1.94329
1.94329
1.94329
1.94329
1.94329
1.94329
2.28323
2.43677
2.05524
2.05524
2.05523
2.05523
2.05523
2.05523
2.05523
2.05523
2.05523
1.83069
1.83069
1.45615
1.45615
1.45898
1.45898
1.03707
1.03707
0.784083
0.784083
0.784083
0.784083
0.784083
0.784083
0.784083
0.784083
0.784083
0.784083
0.784083
0.784083
0.784083
0.784083
0.784083
0.784083
0.784083
0.784083
1.2993
1.2993
1.2993
1.2993
1.2993
1.2993
1.2993
1.2993
1.73157
1.73157
1.73157
1.73157
1.73157
1.73157
1.81983
0.481605
0.481605
0.481605
0.481605
0.481605
0.481605
0.481605
0.481605
0.481605
0.481605
0.481605
0.481605
0.481605
0.481605
0.481605
0.481605
0.481605
0.481605
0.481605
0.481605
0.481605
0.481605
1.58471
1.58471
1.58471
1.58471
1.58471
1.58471
1.58471
1.81614
1.81614
1.79593
1.79593
1.79593
1.79593
1.79593
1.79593
1.37209
1.39306
1.39306
1.39306
1.65078
1.65078
1.65078
1.68963
1.68963
1.68963
1.68963
1.10738
1.10738
1.10738
1.10783
1.10783
0.704687
0.704687
0.470877
0.470877
0.470877
0.527274
0.999437
0.999437
1.32148
1.32148
1.25093
1.11832
1.11832
1.11832
0.928664
0.928664
0.928664
0.928664
0.928664
0.928664
0.928664
0.928664
0.928664
0.928666
0.928666
0.928666
1.62038
1.81203
1.81203
1.70274
1.81203
1.81203
1.81203
1.95968
1.95968
1.95968
2.56364
2.66399
2.66399
1.76339
2.66399
2.90715
2.90715
3.05118
2.07003
3.11069
3.11069
2.89918
2.89918
2.89918
2.20879
2.20879
2.20879
2.14844
1.78478
1.78478
1.78478
1.78478
1.78478
1.59785
1.71203
1.71203
1.56944
1.56944
1.56944
1.56944
1.56944
1.56944
1.56944
1.56944
1.56944
1.73885
1.73885
1.73885
1.73885
1.73885
1.73885
1.73885
1.73885
2.24963
1.27739
1.27739
1.27739
2.52971
2.52971
2.52971
2.52971
2.52971
2.52971
2.45911
2.45911
2.45911
2.50457
1.29948
1.29948
1.29948
2.52971
2.52971
2.52971
2.52971
2.46875
2.46875
2.41343
2.41343
2.57451
2.57451
2.57451
1.97815
1.97815
2.21329
2.3635
2.66782
2.66782
2.66782
2.66782
2.66782
2.66782
2.76339
2.60348
2.60348
2.67808
2.67808
1.93244
1.93244
1.93244
1.93244
1.93244
2.13773
2.13773
2.64274
2.29567
2.29567
2.29567
2.49963
2.64274
2.64274
2.64274
2.64274
2.64274
2.23791
2.23791
3.01166
3.01166
2.93607
2.93607
2.93607
2.92914
2.92914
2.92914
2.84983
2.84983
2.84983
2.84983
2.84983
2.84983
2.84983
2.84983
2.84983
2.92794
2.69884
2.69884
2.69884
2.69884
2.69884
2.27646
2.25796
2.69884
2.69884
2.95732
2.95732
2.06286
2.06286
1.75287
1.75287
1.75287
1.75287
1.25436
1.25436
1.25436
1.03383
1.03383
1.03383
1.03383
1.07095
1.22779
1.22779
1.22779
1.4553
1.29333
1.29333
1.29333
1.99582
1.99582
1.99582
1.83991
1.83991
1.83991
1.83991
1.83991
1.99817
1.99817
1.99817
1.99817
1.99817
2.22225
1.38918
1.38918
1.38918
1.48239
1.48239
1.48239
1.48029
0.784357
0.784357
3.07037
3.07037
3.16997
3.16997
2.88706
2.88706
2.88706
2.88707
2.88707
2.49946
1.94722
1.94722
1.94722
1.94722
1.94722
1.94722
1.94722
2.33628
2.33628
2.31581
2.31581
2.09337
2.09337
2.09337
2.09337
2.92904
2.92904
2.92904
2.87122
2.87122
2.78845
2.77877
2.77877
2.77877
2.77877
2.33242
2.33242
2.33242
2.48223
2.70354
2.70354
2.70354
2.6339
1.55987
1.55987
1.55987
1.55987
1.55987
1.55987
1.55987
2.24826
2.24826
2.24826
2.54554
2.39798
2.39798
1.99821
1.99821
1.99821
1.99821
1.99821
1.78488
1.78488
1.78488
1.78488
1.73959
1.73959
1.65608
1.65608
1.25249
1.67406
1.67406
1.67406
1.67406
1.59368
1.59368
1.59368
1.59368
1.37281
1.37281
1.37281
1.37281
1.37281
1.37281
1.40623
1.40623
1.40645
1.4682
1.4682
1.4682
1.4682
1.4682
1.4682
1.4682
1.4682
1.4682
1.4682
1.4682
1.4682
1.4682
1.4682
1.69967


-0.237281
-0.166845
-0.22544
-0.0442824
0.4962
-0.409711
-0.171728
0.63805
0.58269
-0.103244
0.38908
0.416547
0.107395
-0.0654012
0.361492
0.506272
-0.49028
0.70098
0.28898
0.674001
0.794366
-0.0845058
-0.693777
0.658376
-0.477157
-0.120701
-0.0671102
-0.268166
0.133824
-0.306314

0.022

