193.878
193.878
193.878
186.74
186.74
186.74
186.74
186.74
186.74
186.74
186.74
186.74
186.74
186.74
186.74
186.74
186.74
186.74
186.74
186.74
186.74
186.74
186.74
186.74
186.74
186.74
186.74
186.74
186.74
186.74
186.74
186.74
186.74
186.74
181.889
180.852
180.852
180.852
180.852
180.852
180.852
180.852
180.852
180.852
180.852
180.852
173.807
173.807
173.807
173.807
173.807
157.465
157.465
157.465
157.465
157.465
157.465
157.465
157.465
157.465
157.465
157.465
157.465
157.465
157.465
157.465
157.465
157.465
157.465
157.465
157.465
157.465
157.465
157.465
157.465
157.465
157.465
135.791
135.791
135.791
135.791
135.791
135.791
135.791
135.791
135.791
135.791
135.791
135.791
135.791
135.791
135.791
135.791
135.791
135.791
135.791
135.791
135.791
135.791
135.791
135.791
135.791
135.791
135.791
135.791
135.791
135.791
135.791
135.791
135.791
135.791
135.791
135.791
135.791
135.791
135.791
135.791
135.791
135.791
135.791
135.791
135.791
135.791
135.791
135.791
135.791
135.791
135.791
135.791
135.791
135.791
135.791
135.791
135.161
135.161
135.161
135.161
135.161
130.313
130.313
130.313
119.675
119.675
119.675
119.675
119.675
119.675
119.675
119.675
119.675
119.675
119.675
119.675
119.123
119.123
104.954
98.5272
98.5272
98.5272
98.5272
98.5272
98.5272
98.5272
98.5272
98.5272
98.5272
98.5272
98.5272
98.5272
98.5272
98.5272
98.5272
98.5272
98.5272
90.0064
90.0064
90.0064
90.0064
90.0064
90.0064
90.0064
90.0064
76.4029
76.4029
76.4029
76.4029
76.4029
76.4029
76.4029
76.4029
76.4029
76.4029
76.4029
76.4029
76.4029
76.4029
76.4029
76.4029
76.4029
70.1341
70.1341
70.1341
70.1341
70.1341
70.1341
53.4466
53.4466
53.4466
53.4466
53.4466
53.4466
53.4466
53.4466
53.4466
53.4466
53.4466
53.4466
53.4466
53.4466
53.4466
53.4466
53.4466
53.4466
53.4466
53.4466
53.4466
53.4466
53.4466
53.4466
53.4466
53.4466
53.4466
53.4466
53.4466
53.4466
53.4466
53.4466
53.4466
53.4466
53.4466
53.4466
53.4466
53.4466
53.4466
53.4466
53.4466
53.4466
53.4466
53.4466
53.4466
53.4466
53.4466
53.4466
53.4466
53.4466
53.4466
53.4466
53.4466
53.4466
53.4466
53.4466
53.4466
46.265
46.265
46.265
46.265
46.265
46.265
46.265
46.265
36.4264
36.4264
36.4264
36.4264
36.4264
36.4264
36.4264
36.4264
36.4264
36.4264
36.4264
36.4264
36.4264
36.4264
36.4264
36.4264
36.4264
36.4264
36.4264
36.4264
36.4264
36.4264
36.4264
36.4264
36.4264
36.4264
36.4264
36.4264
36.4264
36.4264
36.4264
36.4264
36.4264
36.4264
36.4264
36.4264
36.4264
36.4264
36.4264
36.4264
36.4264
36.4264
36.397
36.397
36.397
36.397
36.397
36.397
36.397
36.397
36.397
36.397
36.397
36.397
36.397
36.397
36.397
36.397
36.397
36.397
33.0628
33.0628
33.0628
33.0628
33.0628
33.0628
33.0628
33.0628
33.0628
33.0628
30.8755
30.8755
30.8755
30.8755
30.8755
30.8755
30.8755
30.8755
30.8755
30.8755
30.8755
30.8755
30.8755
30.8755
30.8755
30.8755
30.8755
30.8755
30.8755
30.8755
30.8755
30.8755
30.8755
30.8755
30.2918
30.2918
30.2918
30.2918
30.2918
30.2918
30.2918
30.2918
26.1596
26.1596
26.1596
26.1596
26.1596
26.1596
26.1596
26.1596
26.1596
26.1596
26.1596
26.1596
26.1596
26.1596
26.1596
26.1596
26.1596
26.1596
26.1596
26.1596
26.1596
26.1596
26.1596
26.1596
26.1596
26.1596
26.1596
26.1596
26.1596
26.1596
26.1596
26.1596
26.1596
26.1596
26.1596
26.1596
26.1596
26.1596
25.9519
25.9519
25.9519
25.9519
25.9519
25.9519
25.9519
25.9519
25.9519
25.9519
25.9519
25.9519
25.9519
25.9519
25.9519
25.9519
25.9519
25.9519
25.9519
25.9519
25.9519
25.9519
25.9519
25.9519
25.9519
25.9519
25.9519
25.9519
25.9519
25.9519
25.9519
25.9519
23.7698
23.7698
23.7698
23.7698
22.3043
22.3043
20.3136
20.3136
20.3136
20.3136
20.3136
20.3136
20.3136
20.3136
20.3136
20.3136
20.3136
20.3136
20.3136
20.3136
20.3136
17.9777
17.9777
17.9777
17.9777
17.9777
17.9777
17.9777
17.9777
17.9777
17.9777
17.9777
17.9777
17.9777
17.9777
17.9777
17.9777
17.9777
17.9777
17.9777
17.9777
17.9777
17.9777
17.9777
17.9777
17.9777
17.9777
17.9777
17.9777
17.9777
17.9777
17.9777
17.9777
17.9777
17.9777
17.9777
17.9777
17.9777
17.9777
16.0692
16.0692
16.0692
15.9407
15.9407
15.9407
15.9407
15.9407
15.9407
15.9407
15.9407
15.9407
15.9407
15.9407
15.9407
15.9407
15.9407
15.9407
15.9407
15.9407
15.9407
15.9407
12.8507
12.8507
12.8507
12.8507
12.8507
12.8507
12.8507
12.2227
12.2227
12.2227
12.2227
12.2227
12.2227
12.2227
12.2227
12.2227
10.3744
10.3744
10.3744
10.3744
10.3744
10.3744
10.3744
10.3744
10.3744
10.3744
10.3744
10.3744
10.0199
10.0199
10.0199
10.0199
10.0199
10.0199
10.0199
10.0199
10.0199
10.0199
10.0199
10.0199
10.0199
10.0199
10.0199
10.0199
10.0199
10.0199
10.0199
10.0199
10.0199
10.0199
10.0199
10.0199
10.0199
10.0199
10.0199
10.0199
10.0199
10.0199
10.0199
10.0199
10.0199
10.0199
10.0199
10.0199
10.0199
10.0199
10.0199
10.0199
10.0199
10.0199
10.0199
10.0199
10.0199
10.0199
10.0199
10.0199
10.0199
10.0199
10.0199
10.0199
10.0199
10.0199
6.8787
6.8787
6.8787
6.8787
6.8787
6.8787
6.8787
6.8787
6.8787
6.8787
6.8787
6.8787
6.8787
6.8787
6.8787
6.8787
6.8787
6.8787
6.8787
6.8787
6.8787
6.8787
6.8787
6.8787
6.8787
6.8787
6.8787
6.8787
6.8787
6.8787
6.8787
6.8787
6.8787
6.8787
6.8787
6.8787
6.8787
6.8787
6.8787
6.8787
6.09175
6.09175
6.09175
6.09175
6.09175
6.09175
6.09175
6.09175
6.09175
6.09175
6.09175
6.09175
6.09175
6.09175
5.23619
5.23619
5.23619
5.23619
5.23619
5.23619
5.23619
5.23619
5.23619
5.23619
5.23619
4.87942
4.87942
4.87942
4.87942
4.4778
4.4778
4.4778
4.4778
4.4778
4.4778
4.4778
4.4778
4.4778
4.4778
4.4778
4.4778
4.4778
4.4778
4.4778
4.4778
4.4778
4.4778
4.4778
4.4778
4.4778
4.4778
4.4778
4.4778
4.4778
4.4778
4.4778
4.4778
4.4778
4.4778
4.4778
4.14627
4.14627
4.14627
4.14627
4.14627
4.14627
4.06055
4.06055
3.86977
3.86977
3.86977
3.86977
3.86977
3.86977
3.86977
3.86977
3.86977
3.86977
3.84271
3.84271
3.84271
3.84271
3.84271
3.84271
3.84271
3.84271
3.84271
3.84271
3.84271
3.58594
3.58594
3.58594
3.58594
3.58594
3.58594
3.58594
3.58594
3.58594
3.58594
3.58594
3.58594
3.58594
3.58594
3.46358
3.46358
3.46358
3.46358
3.45017
3.45017
3.45017
3.45017
3.45017
3.45017
3.45017
3.45017
3.45017
3.45017
3.45017
3.45017
3.45017
3.45017
3.45017
3.45017
3.45017
3.24365
3.24365
3.24365
3.24365
3.24365
3.24365
3.24365
3.24365
3.24365
3.24365
3.24365
3.24365
3.24365
3.24365
3.24365
3.24365
3.24365
3.24365
3.24365
3.24365
2.61274
2.61274
2.61274
2.61274
2.61274
2.61274
2.61274
2.61274
2.61274
2.61274
2.61274
2.61274
2.61274
2.61274
2.61274
2.61274
2.61274
2.61274
2.61274
2.61274
2.61274
2.61274
2.61274
2.61274
2.61274
2.61274
2.61274
2.61274
2.61274
2.61274
2.61274
2.61274
2.61274
2.61274
2.61274
2.61274
2.61274
2.61274
2.61274
2.61274
2.61274
2.31963
2.31963
2.31963
2.31963
2.31963
2.31963
2.31963
2.31963
2.31963
2.31963
2.31963
2.31963
2.31963
2.31963
2.31963
2.31963
2.31963
2.31963
2.15777
2.15777
2.15777
2.15777
2.15777
2.15777
2.15777
2.01256
2.01256
2.01256
2.01256
2.01256
2.01256
2.01256
2.01256
2.01256
2.01256
2.01256
2.01256
2.01256
2.01256
2.01256
2.01256
2.01256
2.01256
2.01256
2.01256
2.01256
2.01256
2.01256
2.01256
2.01256
2.01256
2.01256
2.01256
2.01256
2.01256
2.01256
2.01256
2.01256
2.01256
1.87791
1.87791
1.87791
1.87791
1.87791
1.87791
1.87791
1.87791
1.87791
1.87791
1.87791
1.87791
1.72776
1.72776
1.72776
1.72776
1.72776
1.72776
1.72776
1.72776
1.72776
1.72776
1.72776
1.72776
1.72776
1.72776
1.72776
1.72776
1.72776
1.72776
1.72776
1.72776
1.72776
1.72776
1.72776
1.72776
1.72776
1.72776
1.72776
1.72776
1.72776
1.72776
1.72776
1.72776
1.72776
1.72776
1.72776
1.72776
1.72776
1.72776
1.72776
1.72776
1.72776
1.72776
1.5597
1.5597
1.5597
1.5597
1.5597
1.5597
1.5597
1.5597
1.5597
1.5597
1.5597
1.5597
1.5597
1.5597
1.5597
1.5597
1.5597
1.5597
1.5597
1.5597
1.5597
1.5597
1.5597
1.5597
1.5597
1.5597
1.5597
1.5597
1.5597
1.5597
1.5597
1.5597
1.50969
1.50969
1.50969
1.50969
1.50969
1.50969
1.50969
1.50969
1.50969
1.50969
1.50969
1.50969
1.50969
1.46956
1.46956
1.46956
1.46956
1.46956
1.46956
1.46956
1.41956
1.41956
1.41956
1.41956
1.41956
1.41956
1.41956
1.41052
1.41052
1.41052
1.41052
1.41052
1.41052
1.41052
1.41052
1.41052
1.41043
1.41043
1.41043
1.41043
1.41043
1.41043
1.41043
1.41043
1.41043
1.41043
1.41043
1.41043
1.41043
1.41043
1.41043
1.41043
1.41043
1.41043
1.41043
1.38015
1.38015
1.38015
1.38015
1.38015
1.38015
1.38015
1.38015
1.38015
1.38015
1.38015
1.38015
1.38015
1.38015
1.38015
1.38015
1.38015
1.38015
1.38015
1.38015
1.38015
1.38015
1.38015
1.38015
1.38015
1.38015
1.38015
1.38015
1.38015
1.38015
1.38015
1.38015
1.38015
1.38015
1.38015
1.38015
1.38015
1.38015
1.22138
1.22138
1.22138
1.20069
1.20069
1.20069
1.20069
1.20069
1.20069
1.20069
1.20069
1.20069
1.20069
1.20069
1.20069
1.20069
1.14142
1.14142
1.14142
1.14142
1.14142
1.14142
1.14142
1.14142
1.14142
1.14142
1.14142
1.14142
1.14142
1.14142
1.14142
1.14125
1.14125
1.14125
1.04216
1.04216
1.04216
1.04216
1.04216
1.04216
1.04216
1.04216
1.04216
1.04216
1.04216
1.04216
1.04216
1.04216
1.04216
1.04216
1.04216
1.04216
1.04216
1.04216
1.04216
1.04216
1.04216
1.03254
1.03254
1.03254
1.03254
1.03254
0.813749
0.813749
0.813749
0.813749
0.813749
0.813749
0.813749
0.813749
0.813749
0.813749
0.813749
0.813749
0.813749
0.813749
0.813749
0.813749
0.813749
0.813749
0.813749
0.813749
0.813749
0.813749
0.813749
0.813749
0.813749
0.813749
0.813749
0.813749
0.813749
0.813749
0.694051
0.694051
0.694051
0.694051
0.694051
0.694051
0.694051
0.694051
0.694051
0.694051
0.694051
0.694051
0.694051
0.694051
0.694051
0.694051
0.694051
0.694051
0.694051
0.694051
0.694051
0.694051
0.694051
0.694051
0.694051
0.694051
0.694051
0.694051
0.694051
0.694051
0.694051
0.694051
0.694051
0.694051
0.694051
0.694051
0.694051
0.694051
0.694051
0.694051
0.694051
0.694051
0.694051
0.694051
0.694051
0.694051
0.694051
0.694051
0.694051
0.694051
0.694051
0.694051
0.694051
0.694051
0.694051
0.694051
0.693885
0.693885
0.693885
0.693885
0.693885
0.693885
0.693885
0.693885
0.693885
0.693885
0.693885
0.693885
0.693885
0.693885
0.693885
0.693885
0.693885
0.693885
0.634202
0.634202
0.634202
0.634202
0.634202
0.634202
0.634202
0.634202
0.634202
0.634202
0.634202
0.634202
0.634202
0.634202
0.634202
0.634202
0.634202
0.634202
0.574353
0.574353
0.574353
0.574353
0.574353
0.574353
0.574353
0.574353
0.574353
0.574353
0.574353
0.574353
0.574353
0.574353
0.574353
0.574353
0.574353
0.574353
0.574353
0.574353
0.574353
0.574353
0.574353
0.574353
0.574353
0.574353
0.574353
0.574353
0.574353
0.574353
0.574353
0.574353
0.574353
0.574353
0.574353
0.574353
0.574353
0.574353
0.574353
0.574353
0.574353
0.574353
0.574353
0.574353
0.574353
0.574353
0.574353
0.574353
0.574353
0.514836
0.514836
0.514836
0.514836
0.514836
0.514836
0.514836
0.514836
0.514836
0.514836
0.514836
0.514836
0.514836
0.514836
0.514836
0.514836
0.514836
0.514836
0.514836
0.514836
0.51467
0.51467
0.51467
0.51467
0.51467
0.51467
0.51467
0.51467
0.51467
0.51467
0.51467
0.51467
0.51467
0.51467
0.51467
0.51467
0.455154
0.455154
0.455154
0.455154
0.455154
0.395471
0.395471
0.395471
0.395471
0.395471
0.395471
0.395471
0.395471
0.395471
0.395471
0.395471
0.395471
0.395471
0.395471
0.395471
0.395471
0.395471
0.395471
0.395471
0.395471
0.395471
0.395471
0.395305
0.395305
0.395305
0.395305
0.395305
0.395139
0.395139
0.395139
0.395139
0.395139
0.395139
0.395139
0.395139
0.395139
0.395139
0.395139
0.395139
0.395139
0.395139
0.395139
0.395139
0.395139
0.395139
0.395139
0.395139
0.395139
0.395139
0.395139
0.395139
0.395139
0.395139
0.395139
0.395139
0.395139
0.395139
0.395139
0.395139
0.395139
0.395139
0.395139
0.395139
0.395139
0.395139
0.395139
0.395139
0.395139
0.395139
0.395139
0.395139
0.395139
0.395139
0.395139
0.395139
0.395139
0.395139
0.394972
0.394972
0.394972
0.394972
0.394972
0.394972
0.394972
0.394972
0.394972
0.394972
0.394972
0.394972
0.394972
0.394972
0.394972
0.394972
0.394972
0.394972
0.394972
0.394972
0.394972
0.335456
0.335456
0.335456
0.335456
0.335456
0.335456
0.335456
0.335456
0.335456
0.335456
0.335456
0.335456
0.335456
0.335456
0.33529
0.33529
0.33529
0.33529
0.33529
0.33529
0.33529
0.275607
0.275607
0.275607
0.275607
0.275607
0.275607
0.275607
0.275607
0.275275
0.215592
0.215592
0.215592
0.215592
0.215592
0.215592
0.215592
0.215592
0.215592
0.215592
0.215592
0.215592
0.215592
0.215592
0.215592
0.215592
0.215592
0.215592
0.215592
0.215592
0.215592
0.215592
0.215592
0.215592
0.215592
0.215592
0.215592
0.215592
0.215592
0.215592
0.215592
0.215592
0.215592
0.215592
0.215592
0.215592
0.215592
0.215592
0.215592
0.215592
0.215592
0.215592
0.215592
0.215592
0.215592
0.215592
0.215592
0.215592
0.215592
0.215592
0.215592
0.215592
0.215592
0.21526
0.21526
0.21526
0.21526
0.21526
0.21526
0.21526
0.21526
0.21526
0.21526
0.21526
0.21526
0.21526
0.21526
0.21526
0.21526
0.21526
0.21526
0.21526
0.21526
0.21526
0.21526
0.21526
0.21526
0.21526
0.21526
0.21526
0.21526
0.21526
0.21526
0.21526
0.21526
0.21526
0.21526
0.21526
0.21526
0.21526
0.21526
0.21526
0.21526
0.21526
0.21526
0.215094
0.215094
0.215094
0.215094
0.215094
0.215094
0.215094
0.215094
0.215094
0.215094
0.215094
0.215094
0.215094
0.215094
0.215094
0.215094
0.215094
0.215094
0.215094
0.215094
0.215094
0.215094
0.214928
0.214928
0.214928
0.214928
0.214928
0.214928
0.214928
0.214928
0.214928
0.214928
0.214928
0.214928
0.214928
0.214928
0.214928
0.214928
0.214928
0.214928
0.214928
0.214928
0.214928
0.214928
0.214928
0.214928
0.214928
0.214928
0.214928
0.214928
0.214928
0.214761
0.214761
0.214761
0.214761
0.214761
0.214595
0.214595
0.214595
0.214595
0.214595
0.214595
0.214595
0.214595
0.214595
0.214595
0.214595
0.214595
0.214595
0.214595
0.214595
0.214595
0.214595
0.214595
0.214595
0.214595
0.214595
0.214595
0.214595
0.214595
0.214595
0.214595
0.214595
0.214595
0.214595
0.214595
0.214595
0.214595
0.214595
0.214595
0.214595
0.214595
0.214595
0.214595
0.214595
0.214595
0.214595
0.214595
0.214595
0.214595
0.214595
0.214595
0.214595
0.214595
0.214595
0.214595
0.214595
0.214595
0.214595
0.214595
0.214595
0.214595
0.214595
0.214595
0.214595
0.214595
0.214595
0.214595
0.214595
0.214595
0.214595
0.214595
0.214595
0.214595
0.214595
0.214595
0.214595
0.214429
0.214429
0.214429
0.214429
0.214429
0.214429
0.214429
0.214429
0.214429
0.214429
0.214429
0.214429
0.214429
0.214429
0.214429
0.214429
0.214429
0.214429
0.214429
0.214429
0.214429
0.214429
0.214429
0.214429
0.214429
0.214429
0.214429
0.214429
0.214429
0.214429
0.214429
0.214429
0.214429
0.214429
0.214429
0.214429
0.214429
0.214429
0.214429
0.214429
0.214429
0.214429
0.214429
0.214429
0.214429
0.214429
0.214429
0.214429
0.214429
0.214429
0.214263
0.214263
0.214097
0.214097
0.214097
0.214097
0.214097
0.214097
0.214097
0.214097
0.214097
0.214097
0.214097
0.214097
0.214097
0.214097
0.214097
0.214097
0.214097
0.214097
0.214097
0.214097
0.214097
0.214097
0.214097
0.214097
0.214097
0.214097
0.214097
0.214097
0.214097
0.214097
0.214097
0.214097
0.214097
0.214097
0.214097
0.214097
0.214097
0.213931
0.213931
0.213931
0.213931
0.213931
0.213931
0.213931
0.213931
0.213931
0.213931
0.213931
0.213931
0.213931
0.213931
0.213931
0.213931
0.213931
0.213931
0.213931
0.213931
0.213931
0.213931
0.213931
0.213931
0.213931
0.213931
0.213931
0.213931
0.213931
0.213931
0.213931
0.213931
0.213931
0.213931
0.213931
0.213931
0.213765
0.213765
0.213765
0.213765
0.213765
0.213765
0.213765
0.213765
0.213765
0.213765
0.213765
0.213765
0.213765
0.213765
0.213765
0.213765
0.213765
0.213765
0.213765
0.213765
0.213765
0.213765
0.213765
0.213765
0.213765
0.213765
0.213765
0.213765
0.213765
0.213765
0.213765
0.213765
0.213765
0.213765
0.213765
0.213765
0.213765
0.213765
0.213765
0.213765
0.213765
0.213765
0.213765
0.213765
0.213765
0.213765
0.213765
0.213765
0.213765
0.213765
0.213765
0.213765
0.213765
0.213765
0.213765
0.213765
0.213765
0.213765
0.213765
0.213765
0.213765
0.213765
0.213765
0.213765
0.213765
0.213765
0.213765
0.213765
0.213765
0.213765
0.213765
0.213765
0.213765
0.213765
0.213599
0.213599
0.213599
0.213599
0.213599
0.213599
0.213599
0.213599
0.213599
0.213599
0.213599
0.213599
0.213599
0.213599
0.213599
0.213599
0.213599
0.213599
0.213599
0.213599
0.213599
0.213599
0.213599
0.213599
0.213599
0.213599
0.213599
0.213599
0.213599
0.213599
0.213599
0.213599
0.213599
0.213599
0.213599
0.213599
0.213599
0.213599
0.213599
0.213599
0.213599
0.213599
0.213599
0.213599
0.213599
0.213599
0.213599
0.213599
0.213599
0.213599
0.213599
0.213599
0.213599
0.213599
0.213599
0.213599
0.213599
0.213599
0.213599
0.213599
0.213599
0.213599
0.213599
0.213599
0.213599
0.213599
0.213599
0.213599
0.213599
0.213599
0.213599
0.213599
0.213599
0.213599
0.213599
0.213599
0.213599
0.213599
0.213599
0.213599
0.213599
0.213599
0.213599
0.213599
0.213599
0.213599
0.213599
0.213599
0.213599
0.213599
0.213599
0.213599
0.213599
0.213599
0.213599
0.213599
0.213599
0.213599
0.213599
0.213599
0.213599
0.213599
0.213599
0.213599
0.213599
0.213599
0.213599
0.213599
0.213599


-0.0101566
-0.0101566
-0.0101566
-0.0101566
-0.0101566
-0.0101566
-0.0101566
-0.0101566
-0.0101566
-0.0101566
-0.0101566
-0.0101566
-0.0101566
-0.0101566
-0.0101566
-0.0101566
-0.0101566
-0.0101566
-0.0101566
-0.0101566
-0.0101566
-0.0101566
-0.0101566
-0.0101566
-0.0101566
-0.0101566
-0.0101566
-0.0101566
-0.0101566
-0.45892

0.026

