116.128
116.128
116.128
116.128
97.0423
97.0423
97.0423
97.0423
96.7073
96.7073
96.7073
67.0653
67.0653
67.0653
67.0653
67.0653
67.0653
67.0653
57.7189
57.7189
57.7189
57.7189
57.7189
57.7189
39.9132
39.9132
39.9132
39.9132
31.2273
31.2273
31.2273
31.2273
29.6417
29.6417
31.2273
31.2273
31.2273
31.2273
31.2273
31.2273
30.792
30.792
30.792
30.792
30.792
30.792
30.792
18.0332
18.0332
18.0332
18.0332
18.0332
18.0332
18.0332
18.0332
18.0332
18.0332
18.0332
18.0332
16.4893
16.4893
16.4893
16.4893
16.4893
16.4893
16.4893
16.4893
16.4893
16.4893
17.9899
17.9899
17.9899
17.9899
18.2426
15.8278
15.0629
15.0629
10.7509
10.7509
10.7509
10.7509
10.7509
10.7509
10.7509
10.7509
9.28628
9.28628
9.28628
9.28628
9.28628
9.28628
9.28628
9.28628
9.28628
11.2884
11.2884
11.2884
9.33055
9.33055
9.33055
9.33055
9.33055
9.33055
9.33055
9.33055
9.33055
9.33055
9.33055
9.33055
9.33055
9.33055
9.33055
9.33055
9.33055
9.33055
9.33055
9.33055
8.27286
8.27286
8.27286
8.27286
8.27286
8.27286
9.33055
9.33055
9.33055
8.01994
7.64266
7.64266
7.64266
7.64266
8.01994
7.84319
7.84319
7.84319
7.84319
7.77841
7.77841
7.72198
7.72198
7.72198
7.72198
7.72198
7.1644
7.1644
7.1644
5.46835
5.46835
5.46835
5.46835
5.46835
6.2051
6.2051
5.41938
5.41938
5.41938
5.41938
5.41938
5.41938
5.41938
5.41938
5.41938
5.06709
5.06709
5.06709
5.06709
5.06709
5.70521
5.70521
5.70521
5.70521
5.70521
5.70521
5.70521
5.6051
5.6051
5.6051
5.8373
5.8373
5.8373
5.8373
5.8373
5.8373
5.8373
5.8373
5.8373
5.8373
5.8373
5.8373
5.8373
5.8373
5.539
5.539
4.7703
4.7703
4.7703
4.7703
4.7703
4.7703
4.7703
4.7703
4.7703
4.7703
4.7703
4.7703
4.7703
4.7703
5.10286
5.04828
5.04828
4.76965
4.76965
4.56058
4.56058
4.54256
4.54256
4.54256
4.54256
4.54256
4.08685
4.08685
4.08685
4.08685
3.79911
3.79911
3.79911
3.79911
3.79911
3.79911
3.79911
3.79911
3.79911
3.79911
3.79911
3.79911
3.79911
3.79911
3.79911
3.79911
3.79911
3.79911
3.95226
4.04958
4.04958
4.04958
4.04958
4.04958
4.04958
4.04958
4.04958
4.04958
4.04958
4.04958
4.04958
3.85368
3.85368
3.45003
3.45003
3.45003
3.45003
3.45003
3.45003
3.45003
3.45003
3.45003
3.45003
3.45003
3.45003
3.45003
3.45003
3.45003
3.45003
3.28417
3.28417
3.28417
3.28417
3.06762
3.06762
3.06762
3.06762
3.06762
3.06762
2.63123
2.63123
2.63123
2.63123
2.63123
2.63123
2.63123
2.63123
2.58092
2.58092
2.58092
2.58092
2.58092
2.58092
2.58092
2.58092
2.58092
2.58092
2.58092
2.58092
2.58092
2.58092
2.58092
2.58092
2.58092
2.58092
2.58092
2.62945
2.62945
2.62945
2.62945
2.62945
2.62945
2.62945
2.48892
2.48892
2.48892
2.48892
2.48892
2.48892
2.48892
2.48892
2.48892
2.54587
2.54587
2.54587
2.54587
2.45774
2.45774
2.45774
2.45774
2.45774
2.45774
2.45774
2.45774
2.54587
2.54587
2.54587
2.54587
2.54587
2.52875
2.43551
2.43551
2.43551
2.40475
2.40475
2.40475
2.40475
2.40475
2.40475
1.92409
1.92409
1.92409
1.92409
1.92409
1.92409
1.92409
1.92409
1.92409
1.92409
1.92409
1.92409
1.92409
1.92409
1.48951
1.48951
1.48951
1.48951
1.48951
1.48951
1.48951
1.35718
1.35718
1.35718
1.35718
1.35718
1.35718
1.35718
1.35718
1.35718
1.48951
1.48951
1.48951
1.48951
1.48951
1.48951
1.48951
1.48951
1.48951
1.48951
1.56044
1.56044
1.56044
1.56044
1.56044
1.56044
1.56044
1.56044
1.56044
1.56044
1.56044
1.56044
1.56044
1.56044
1.56044
1.56044
1.56044
1.56044
1.56044
1.56044
1.56044
1.56044
1.56044
1.56044
1.56044
1.56044
1.60032
1.60032
1.56807
1.56807
1.56807
1.55541
1.55541
1.55541
1.55541
1.55541
1.51027
1.51027
1.51027
1.51027
1.51027
1.51027
1.51027
1.51027
1.51027
1.51027
1.51027
1.51027
1.51027
1.51027
1.51027
1.51027
1.51027
1.51027
1.51027
1.51027
1.51027
1.51027
1.51027
1.51027
1.51027
1.51027
1.51027
1.51027
1.51027
1.51027
1.51027
1.51027
1.51027
1.51027
1.51027
1.56914
1.56914
1.56914
1.56914
1.56914
1.56914
1.56914
1.56914
1.56914
1.56914
1.56914
1.56914
1.56914
1.56914
1.56914
1.52269
1.52269
1.52269
1.41019
1.41019
1.41019
1.41019
1.41019
1.41019
1.41019
1.41019
1.41019
1.41019
1.41019
1.41019
1.41019
1.41019
1.41019
1.41019
1.43799
1.43799
1.43799
1.43799
1.43799
1.43799
1.43799
1.43799
1.43799
1.37083
1.37083
1.37083
1.37083
1.37083
1.37083
1.37083
1.37083
1.37083
1.37083
1.37083
1.37083
1.37083
1.37083
1.37083
1.37083
1.37083
1.37083
1.37083
1.37083
1.37083
1.37083
1.37083
1.37083
1.37083
1.37083
1.37083
1.37083
1.42273
1.42273
1.42273
1.38712
1.32766
1.32766
1.32766
1.32766
1.32766
1.32766
1.32766
1.32766
1.32766
1.32766
1.32766
1.32766
1.32766
1.32766
1.32159
1.32159
1.32159
1.32159
1.32159
1.32159
1.32159
1.32159
1.32159
1.32159
1.32159
1.26314
1.26314
1.26314
1.26314
1.26314
1.26314
1.26314
1.26314
1.26314
1.26314
1.26314
1.26314
1.26314
1.25555
1.25555
1.25555
1.25555
1.24561
1.24561
1.24561
1.24561
1.24561
1.24561
1.22607
1.22607
1.22607
1.22607
1.22607
1.22607
1.22607
1.22607
1.22607
1.22607
1.22607
1.22607
1.22607
1.22607
1.22607
1.22607
1.22607
1.21038
1.21038
1.21038
1.21038
1.21038
1.21038
1.19704
1.19704
1.19704
0.994734
0.994734
0.994734
0.994734
0.994734
0.994734
0.994734
0.994734
0.994734
0.806749
0.806749
0.806749
0.806749
0.806749
0.806749
0.806749
0.806749
0.806749
0.806749
0.806749
0.83797
0.83797
0.834334
0.834334
0.834334
0.834334
0.834334
0.834334
0.834334
0.776521
0.776521
0.776521
0.776521
0.776521
0.776521
0.776521
0.776521
0.776521
0.776521
0.776521
0.776521
0.797589
0.767004
0.767004
0.767004
0.767004
0.767004
0.767004
0.767004
0.783823
0.783823
0.783823
0.783823
0.783823
0.783823
0.783823
0.783823
0.783823
0.783823
0.783823
0.783823
0.783823
0.783823
0.783394
0.783394
0.783394
0.783394
0.783394
0.783394
0.783394
0.783394
0.783394
0.783394
0.783394
0.783394
0.783394
0.783394
0.783394
0.783394
0.783394
0.783394
0.783394
0.783394
0.783394
0.783394
0.783394
0.783394
0.783394
0.783394
0.783394
0.783394
0.783394
0.783394
0.783394
0.783394
0.783394
0.783394
0.783394
0.797589
0.797589
0.797589
0.797589
0.797589
0.797589
0.797589
0.797589
0.797589
0.771483
0.771483
0.771483
0.771483
0.771483
0.771483
0.771483
0.771483
0.771483
0.771483
0.771483
0.771483
0.771483
0.771483
0.771483
0.771483
0.771483
0.771483
0.771483
0.744962
0.744962
0.744962
0.744962
0.744962
0.744962
0.744962
0.744962
0.744962
0.744962
0.744962
0.744962
0.744962
0.744962
0.744962
0.744962
0.744962
0.744962
0.744962
0.744962
0.744962
0.744962
0.744962
0.744962
0.744962
0.744962
0.744962
0.744962
0.744431
0.744431
0.744431
0.744431
0.744431
0.744431
0.744431
0.744431
0.744431
0.662865
0.662865
0.654918
0.654918
0.654918
0.654918
0.654918
0.654918
0.662865
0.662865
0.662865
0.662865
0.662865
0.662865
0.662865
0.662865
0.662865
0.662865
0.662865
0.669516
0.630378
0.630378
0.630378
0.630378
0.630378
0.628623
0.628623
0.628623
0.628623
0.628623
0.628623
0.628623
0.628623
0.628623
0.628623
0.628623
0.628623
0.628623
0.630378
0.630378
0.630378
0.630378
0.630378
0.630378
0.630378
0.630378
0.630378
0.630378
0.630378
0.630378
0.630378
0.630378
0.630378
0.615371
0.615371
0.615371
0.615371
0.614103
0.614103
0.614103
0.614103
0.598244
0.598244
0.598244
0.598244
0.566625
0.566625
0.566625
0.566625
0.566625
0.566625
0.566625
0.566625
0.566625
0.566625
0.566625
0.559931
0.559931
0.559931
0.559931
0.559931
0.559931
0.559931
0.559931
0.559931
0.559931
0.559931
0.559931
0.565228
0.565228
0.565228
0.565228
0.565228
0.565228
0.565228
0.565228
0.565228
0.565228
0.565228
0.56323
0.56323
0.56323
0.56323
0.56323
0.56323
0.56323
0.56323
0.56323
0.56323
0.56323
0.56323
0.56323
0.56323
0.532666
0.532666
0.532666
0.532666
0.532666
0.506065
0.506065
0.506065
0.506065
0.506065
0.506065
0.506065
0.506065
0.506065
0.506065
0.506065
0.506065
0.506065
0.506065
0.506065
0.51449
0.51449
0.51385
0.508821
0.508821
0.508821
0.508821
0.508821
0.508821
0.508821
0.508821
0.508821
0.508821
0.508821
0.508821
0.508821
0.508821
0.508821
0.50319
0.50319
0.50319
0.50319
0.446163
0.446163
0.446163
0.446163
0.446163
0.446163
0.446163
0.446163
0.446163
0.446163
0.446163
0.446163
0.446163
0.446163
0.446163
0.446163
0.446163
0.446163
0.446163
0.446163
0.446163
0.475695
0.475695
0.475695
0.475695
0.475695
0.475695
0.480638
0.480638
0.480638
0.480638
0.480638
0.480638
0.480638
0.480638
0.480638
0.478182
0.478182
0.478182
0.468701
0.468701
0.468701
0.468701
0.468701
0.468701
0.470351
0.470351
0.470351
0.470351
0.467849
0.467849
0.467849
0.467849
0.467849
0.467849
0.467849
0.467849
0.467849
0.467849
0.463078
0.463078
0.463078
0.463078
0.463078
0.463078
0.463078
0.463078
0.458927
0.458927
0.458927
0.458927
0.458927
0.458927
0.458927
0.458927
0.458927
0.457634
0.457634
0.457634
0.45747
0.45747
0.45747
0.45747
0.45747
0.45747
0.45747
0.450621
0.410117
0.410117
0.410117
0.410117
0.410117
0.410117
0.410117
0.410117
0.410117
0.410117
0.410117
0.410117
0.410117
0.410117
0.410117
0.410117
0.410117
0.410117
0.410117
0.410117
0.410117
0.410117
0.410117
0.410117
0.410117
0.410117
0.410117
0.410117
0.410117
0.410117
0.410117
0.410117
0.410117
0.410117
0.410117
0.410117
0.410117
0.410117
0.410117
0.410117
0.410117
0.410117
0.410117
0.410117
0.410117
0.410117
0.410117
0.410117
0.410117
0.410117
0.410117
0.410117
0.410117
0.410117
0.410117
0.410117
0.408216
0.408216
0.408216
0.408216
0.408216
0.402465
0.402465
0.402465
0.402465
0.402465
0.402465
0.402465
0.402465
0.402465
0.381209
0.381209
0.381209
0.381209
0.381209
0.381209
0.381209
0.381209
0.381209
0.381209
0.381209
0.381209
0.381209
0.381209
0.381209
0.381209
0.381209
0.381209
0.381209
0.382614
0.382614
0.382614
0.382614
0.382614
0.382614
0.382614
0.382614
0.382614
0.382614
0.382614
0.382614
0.382614
0.382614
0.382614
0.382614
0.382614
0.382614
0.382614
0.382614
0.382614
0.382614
0.382614
0.382614
0.382614
0.382614
0.382614
0.382614
0.382614
0.382614
0.382614
0.359783
0.359783
0.359783
0.347231
0.347231
0.347231
0.347231
0.347231
0.339031
0.339031
0.337697
0.337697
0.337697
0.337697
0.337697
0.337697
0.337697
0.337697
0.337697
0.337697
0.337697
0.337697
0.337697
0.337697
0.337697
0.337697
0.337697
0.349876
0.349876
0.350294
0.350294
0.350294
0.350294
0.350294
0.341162
0.341162
0.337562
0.337562
0.337562
0.337562
0.337562
0.337562
0.337562
0.337562
0.337562
0.337562
0.337562
0.337562
0.337562
0.337562
0.337562
0.337562
0.337562
0.337562
0.337562
0.337562
0.337562
0.337562
0.337562
0.337562
0.337562
0.337562
0.337562
0.337562
0.337562
0.338839
0.338839
0.33428
0.33428
0.33428
0.33428
0.33428
0.33428
0.33428
0.332906
0.332906
0.332906
0.332906
0.332906
0.332906
0.332906
0.332906
0.332906
0.329866
0.329866
0.329866
0.329866
0.329866
0.329866
0.329866
0.324821
0.324821
0.324821
0.324821
0.324821
0.32327
0.32327
0.321929
0.321929
0.321929
0.321929
0.321929
0.321929
0.321929
0.321929
0.321929
0.321929
0.321929
0.321929
0.321929
0.321929
0.321929
0.317458
0.317458
0.317458
0.317458
0.317458
0.317458
0.317458
0.317458
0.317458
0.317458
0.314666
0.314666
0.314666
0.314666
0.314666
0.314666
0.314666
0.314666
0.314666
0.314666
0.314666
0.314666
0.314666
0.314666
0.314666
0.313527
0.313527
0.313527
0.312467
0.312467
0.312467
0.307396
0.307396
0.307396
0.307396
0.307396
0.307396
0.307396
0.307396
0.307396
0.307396
0.307396
0.307396
0.307396
0.307396
0.307396
0.307396
0.304017
0.304017
0.304017
0.304017
0.304017
0.301568
0.301568
0.301568
0.301568
0.301568
0.301568
0.301568
0.298367
0.298367
0.298367
0.298367
0.298367
0.298367
0.298367
0.298367
0.298367
0.298367
0.298367
0.298367
0.298322
0.298322
0.298322
0.298322
0.298322
0.298322
0.298322
0.298322
0.298322
0.298322
0.298322
0.298322
0.298422
0.298422
0.298422
0.298422
0.298422
0.298422
0.298422
0.298422
0.298422
0.298422
0.298422
0.298422
0.298422
0.298422
0.299187
0.299187
0.299187
0.299187
0.299187
0.299187
0.299187
0.299187
0.299187
0.299187
0.299187
0.299187
0.299187
0.293642
0.293642
0.293642
0.293642
0.293642
0.293642
0.288049
0.288049
0.288049
0.288049
0.288049
0.288049
0.288049
0.288049
0.288049
0.288049
0.288049
0.288049
0.288049
0.288049
0.288049
0.288049
0.288049
0.288049
0.278959
0.278959
0.278959
0.278959
0.278959
0.278959
0.278959
0.278959
0.278959
0.278959
0.278959
0.278959
0.27623
0.27623
0.27623
0.27623
0.27623
0.269041
0.269041
0.269041
0.251505
0.251505
0.251505
0.251505
0.251505
0.251505
0.251505
0.251505
0.251505
0.251505
0.251505
0.251505
0.251505
0.251505
0.253074
0.253074
0.253074
0.253074
0.253074
0.253074
0.253074
0.257095
0.257095
0.257095
0.257095
0.257095
0.257095
0.257095
0.257095
0.258312
0.258312
0.258312
0.258312
0.258312
0.258312
0.258312
0.258312
0.258312
0.258312
0.258312
0.258312
0.258312
0.258312
0.258312
0.258312
0.258312
0.258312
0.258312
0.258312
0.258312
0.258312
0.258312
0.259062
0.259062
0.259062
0.259062
0.259062
0.259062
0.259062
0.259062
0.259062
0.258214
0.257962
0.257962
0.257962
0.257962
0.257962
0.257855
0.257855
0.257855
0.257601
0.257601
0.255752
0.255752
0.252359
0.252359
0.252359
0.244221
0.244221
0.244221
0.244221
0.244221
0.244221
0.244221
0.246798
0.246798
0.246798
0.246798
0.246798
0.246798
0.246798
0.246798
0.241769
0.241769
0.241769
0.241769
0.241769
0.237994
0.237994
0.237994
0.237994
0.237994
0.237994
0.237994
0.237994
0.237994
0.237994
0.237994
0.237994
0.237994
0.237994
0.243054
0.241784
0.241784
0.241784
0.241784
0.241784
0.241784
0.241784
0.241784
0.241784
0.241784
0.241784
0.241784
0.241784
0.240216
0.240216
0.239584
0.236553
0.236553
0.234429
0.234429
0.234429
0.234429
0.234429
0.234429
0.234429
0.234429
0.234429
0.234429
0.234429
0.234429
0.234429
0.234429
0.234429
0.234429
0.234429
0.234429
0.234429
0.234429
0.234429
0.234429
0.234429
0.234429
0.234429
0.234429
0.234429
0.234429
0.234429
0.234429
0.234429
0.234429
0.234429
0.234429
0.234429
0.234429
0.234429
0.234429
0.235904
0.235904
0.235904
0.235904
0.230707
0.230707
0.230129
0.230129
0.225243
0.225243
0.225243
0.225243
0.225243
0.225243
0.225243
0.225243
0.225243
0.225243
0.225243
0.225243
0.225243
0.225243
0.225243
0.225243
0.225243
0.225243
0.225243
0.225243
0.225243
0.225243
0.225243
0.225243
0.225243
0.225243
0.225243
0.225243
0.225243
0.225243
0.225243
0.225243
0.225243
0.225243
0.225243
0.225243
0.225243
0.225243
0.225243
0.225243
0.225243
0.225243
0.225243
0.225243
0.234433
0.234433
0.230691
0.230691
0.230691
0.230691
0.230691
0.230691
0.230691
0.230691
0.230691
0.230691
0.230691
0.230691
0.230691
0.230691
0.230691
0.230691
0.230691
0.230691
0.230691
0.230691
0.230691
0.230691
0.230691
0.230691
0.230691
0.230691
0.230691
0.230691
0.225865
0.225865
0.225865
0.225865
0.225865
0.225865
0.225865
0.225865
0.225865
0.225865
0.225865
0.225865
0.225865
0.225865
0.225865
0.225865
0.225865
0.225865
0.225865
0.225865
0.225865
0.225865
0.225865
0.225865
0.225865
0.222808
0.222808
0.222808
0.222808
0.222808
0.222808
0.222808
0.222808
0.222808
0.222808
0.222808
0.222808
0.222808
0.222808
0.222808
0.222808
0.222808
0.222808
0.222808
0.222808
0.222808
0.222808
0.222808
0.222808
0.222808
0.222808
0.222808
0.221984
0.221984
0.221984
0.221984
0.221984
0.221907
0.221907
0.221907
0.221907
0.218037
0.215837
0.215789
0.215789
0.215789
0.215789
0.215789
0.215789
0.215789
0.217829
0.217829
0.217829
0.217829
0.217829
0.217829
0.217829
0.217829
0.217829
0.217829
0.217829
0.217829
0.217829
0.217829
0.217829
0.217829
0.217829
0.217829
0.217829
0.217829
0.217829
0.216499
0.216499
0.216499
0.216499
0.216499
0.216499
0.216305
0.214591
0.214591
0.209953
0.209953
0.209953
0.209329
0.209329
0.209329
0.209329
0.209329
0.209329
0.209329
0.209329
0.209329
0.209329
0.209329
0.209329
0.209329
0.209329
0.209329
0.209329
0.209329
0.209329
0.209329
0.209329
0.209329
0.209329
0.209329
0.209329
0.209114
0.209114
0.209114
0.209114
0.209114
0.209114
0.209114
0.209114
0.209114
0.209114
0.209114
0.209114
0.209114
0.207674
0.207674
0.207674
0.207674
0.207674
0.207674
0.207674
0.207674
0.205703
0.205703
0.204387
0.204387
0.204387
0.204387
0.204387
0.204387
0.204387
0.204387
0.204387
0.204387
0.204387
0.204387
0.204387
0.204387
0.204387
0.204387
0.204387
0.204387
0.204387
0.204387
0.204387
0.204387
0.204387
0.204387
0.203704
0.203704
0.203704
0.203704
0.203704
0.203704
0.203704
0.203704
0.203704
0.203704
0.203704
0.203704
0.203704
0.203704
0.203704
0.203704
0.203704
0.203704
0.203704
0.203704
0.203704
0.203704
0.203704
0.203704
0.203704
0.203704
0.203704
0.190768
0.190768
0.190768
0.190768
0.190768
0.193923
0.193923
0.193923
0.193923
0.193923
0.193923
0.193923
0.193923
0.193923
0.195808
0.195808
0.195808
0.195808
0.195808
0.195808
0.195808
0.195808
0.195808
0.195808
0.195808
0.195808
0.196267
0.196267
0.196267
0.196267
0.196267
0.196267
0.196267
0.196267
0.196267
0.196267
0.196267
0.196267
0.196267
0.196267
0.196267
0.196267
0.196267
0.196267
0.196267
0.196267
0.196267
0.196267
0.196267
0.196267
0.196267
0.196267
0.196267
0.196267
0.196267
0.196267
0.196267
0.196478
0.196478
0.196478
0.196478
0.196478
0.196478
0.196478
0.196478
0.196478
0.196478
0.196478
0.196478
0.196478
0.196478
0.196478
0.196478
0.196478
0.196478
0.196478
0.196478
0.196478
0.196478
0.196478
0.196478
0.196478
0.196478
0.197603
0.197603
0.197603
0.197603
0.191495
0.191495
0.191495
0.191495
0.191495
0.191495
0.191495
0.191495
0.191495
0.191495
0.191495
0.191495
0.191495
0.191495
0.191495
0.191495
0.191495
0.191495
0.191495
0.191495
0.191495
0.191495
0.191495
0.191495
0.191495
0.190702
0.190702
0.190702
0.190702
0.190702
0.190702
0.190702
0.190702
0.190702
0.190702
0.190702
0.190702
0.190702
0.190702
0.190702
0.190702
0.190702
0.190702
0.190702
0.190702
0.190702
0.190702
0.190702
0.190702
0.190702
0.190702
0.190702
0.191403
0.191403
0.191953
0.191953
0.191069
0.191069
0.189824


-0.0497275
-0.0621429
-0.0688175
-0.103924
-0.118458
-0.115695
-0.103967
-0.104191
-0.140122
-0.156016
-0.130909
-0.119919
-0.0460854
-0.0442288
-0.0335842
-0.0392889
-0.0393684
-0.0317407
0.0699927
0.0734622
0.0848611
0.0658985
0.031382
0.0159183
0.025377
0.0115981
-0.0226071
-0.0398416
-0.014147
-0.0889656

0.023

