134.81
134.81
134.81
97.2723
97.2723
97.2723
97.2723
97.2723
66.899
66.899
66.899
59.6565
59.6565
51.8991
51.8991
51.3246
46.2053
46.2053
46.2053
43.9611
43.9313
22.5773
22.5773
22.5773
22.5773
22.5773
22.5773
22.5773
22.5773
22.5773
22.5773
22.5773
22.5773
22.5773
22.5773
22.5773
19.768
19.768
19.768
19.768
19.768
19.768
17.6166
17.6166
17.6166
17.6166
17.6166
17.6166
17.6166
16.3675
16.3675
16.5436
16.5436
15.3805
15.3805
15.1848
15.1848
14.2281
14.2281
14.2281
14.2281
14.2281
14.2281
14.2281
14.2281
13.3143
13.3143
13.3143
13.3143
13.3143
13.3143
13.3143
13.3143
13.3143
11.7646
11.7646
11.7307
11.7307
11.7307
11.7307
11.7307
11.7307
11.8372
11.8372
11.8372
12.1737
12.1737
12.1737
12.1737
11.9971
11.9971
11.9971
11.9971
11.9971
11.9971
11.9971
11.9971
11.9971
11.9971
11.9971
11.9971
11.9971
11.9971
11.9971
11.9971
11.9971
11.9202
11.9202
11.0428
10.598
10.598
10.598
10.598
10.598
10.598
10.598
10.598
10.598
10.598
10.598
10.4622
10.4622
10.4622
10.4622
10.4622
10.4622
12.668
12.668
12.668
12.668
12.668
12.668
12.668
12.668
12.668
12.668
12.668
12.668
12.668
12.668
11.3506
11.3506
11.3506
11.3506
11.2934
11.2934
11.2934
11.2934
11.2934
11.2934
11.2934
11.2934
11.2934
11.2934
11.2934
11.2934
11.2934
11.2934
10.7033
10.7033
10.7033
10.7033
10.7033
10.7033
10.7033
10.7033
10.7033
10.7033
10.7033
10.7033
10.5781
10.3681
10.3681
10.3681
10.3109
9.52545
9.52545
8.638
8.638
8.638
8.638
8.638
8.638
8.638
8.638
8.88476
8.88476
8.66992
8.66992
8.66992
8.88476
8.88476
8.88476
8.88476
8.95288
8.95288
7.87816
7.87816
7.87816
7.87816
8.01606
7.89059
7.89059
7.89059
7.89059
7.89059
7.89059
8.65306
8.65306
8.65306
8.65306
7.5784
7.5784
7.9089
7.9089
7.9089
7.9089
7.9089
7.9089
7.9089
6.99259
6.99259
6.99259
6.99259
7.0038
7.0038
7.0038
6.8665
6.8665
6.8665
6.8665
6.8665
6.8665
6.8665
6.8665
6.75789
6.75789
6.75789
6.75789
6.75789
6.75789
6.75789
6.75789
6.65162
6.65162
6.65162
6.65162
6.70891
6.70891
6.70891
6.70891
6.70891
6.82035
6.82035
6.82035
6.82035
6.82035
7.27901
7.27901
7.27901
7.27901
6.94474
6.94474
6.94474
6.94474
6.90427
6.90427
6.90427
6.90427
6.90427
6.90427
6.90427
6.90427
6.90427
6.90427
6.90427
6.90427
6.90427
6.90427
6.90427
6.90427
6.9504
6.9504
6.9504
6.9504
6.9504
6.9504
7.06853
7.06853
7.06853
7.06853
7.06853
7.06853
7.06853
7.06853
7.06853
7.06853
7.06853
7.06853
7.13753
7.13753
7.1436
7.1436
7.1436
7.1436
7.1436
6.89449
6.89449
6.89449
6.89449
6.89449
6.89449
6.89449
6.89449
6.54099
6.54099
6.89449
6.89449
6.89449
6.89449
6.89449
6.89449
6.89449
6.89449
6.89449
6.89449
6.89449
6.89449
6.04039
6.04039
6.04039
6.04039
5.99051
5.99051
5.94521
6.07337
6.07337
5.94008
6.08371
6.08371
6.08371
6.08371
6.08371
6.08371
5.90352
5.67134
5.67134
5.64134
5.77079
5.77079
5.86038
5.86038
5.93582
5.93582
5.93582
5.93582
5.89533
5.83932
5.83932
5.83932
5.87382
5.87382
5.87382
5.87382
5.85234
5.85234
5.85234
5.87382
5.87382
5.86553
5.86553
5.86553
5.86553
5.86553
5.86553
5.86553
5.86553
5.80057
5.80057
5.57662
5.57406
5.57406
5.57406
5.57406
5.22411
5.22411
5.17097
5.17097
5.17097
5.17097
5.17097
5.17097
4.96914
4.96914
4.96914
4.96914
4.96914
4.96914
4.96283
5.03815
5.03815
5.03815
5.03815
5.03815
5.03815
5.03815
5.03815
5.03815
5.07665
5.07665
5.06596
5.08389
5.0828
5.0828
5.13287
4.98346
4.98346
4.98346
4.98346
4.98346
4.98346
4.98346
4.98346
4.9721
4.9721
4.9721
4.9721
4.9721
4.9721
4.9721
4.9721
4.9721
4.9721
4.9721
4.9721
4.9721
4.9721
4.91825
4.88682
4.88682
4.88682
4.88682
4.88682
4.88682
4.88682
4.88682
4.88682
4.88682
4.88682
4.98219
4.98219
4.98219
4.98219
5.17395
5.17395
5.17395
5.23455
5.23455
5.23455
5.23455
5.24029
5.18682
5.18682
5.18682
5.18682
5.18682
5.18682
5.0125
5.0125
5.0125
5.0125
5.0125
5.0125
5.03128
5.03128
5.03941
5.03941
5.03941
5.03941
5.03941
5.03941
4.94325
4.8192
4.88377
4.88377
4.88377
4.9029
4.9029
4.9029
4.92724
4.92724
4.92724
4.92724
4.92724
4.92724
4.92724
4.92724
4.92724
4.92724
4.92724
4.92724
4.92724
4.92724
4.92724
4.92724
4.92724
4.92724
4.92724
5.09662
5.09662
5.07975
5.14646
5.14646
5.10326
5.10326
5.10326
5.10326
5.10326
5.10326
5.10326
5.10326
5.10326
5.10326
5.10645
5.10645
5.10645
5.02188
5.02188
5.02286
5.02286
5.02286
5.02286
5.02286
5.02286
5.02286
5.02286
5.02286
5.02286
5.02286
5.02286
5.02286
5.02286
5.02286
5.02286
5.02286
5.02286
5.08747
5.10068
5.10068
5.10068
5.10068
5.16643
5.16643
5.0468
5.03485
5.03485
5.03485
5.03485
5.03485
5.03485
5.03485
5.03485
5.07094
5.07094
5.02795
5.01187
5.03204
5.03204
5.03204
5.03204
5.03204
5.00511
5.00511
5.00511
4.996
4.996
4.996
4.996
4.91539
4.91539
4.90625
4.90669
4.90669
4.90669
4.90669
4.90669
4.90669
4.90669
4.90669
4.90669
4.90669
4.90669
4.90669
4.94414
4.94414
4.88969
4.87535
4.87535
4.87535
4.87535
4.87535
4.87535
4.87535
4.87535
4.89514
4.89489
4.89489
4.89489
4.89489
4.89489
4.89489
4.89795
4.89795
4.89795
4.89795
4.90162
4.9128
4.88933
4.88933
4.88933
4.88933
4.88933
4.88933
4.88933
4.88933
4.82514
4.82514
4.82514
4.82514
4.82514
4.82514
4.82514
4.82514
4.82404
4.82404
4.82404
4.82667
4.82667
4.82667
4.82667
4.82667
4.82667
4.82667
4.85137
4.85137
4.84209
4.84209
4.84209
4.85922
4.85727
4.85727
4.85727
4.85576
4.85576
4.85164
4.81952
4.81952
4.78572
4.57937
4.60425
4.57319
4.52781
4.52781
4.52781
4.52781
4.52781
4.58027
4.58027
4.60734
4.60734
4.60734
4.41522
4.41522
4.41522
4.41522
4.41522
4.38122
4.38122
4.38122
4.41522
4.41522
4.42804
4.42804
4.42804
4.42804
4.42804
4.42804
4.42804
4.42804
4.42804
4.42804
4.42804
4.42804
4.42804
4.42804
4.42804
4.42804
4.37609
4.37609
4.37609
4.37609
4.37609
4.37609
4.37609
4.37609
4.37609
4.37609
4.37609
4.38583
4.38583
4.38583
4.38583
4.38583
4.38583
4.40325
4.40325
4.38751
4.39169
4.39169
4.39169
4.35673
4.33962
4.33962
4.33962
4.33962
4.33962
4.33962
4.33962
4.33962
4.33962
4.33962
4.33962
4.30822
4.30822
4.30822
4.38633
4.38633
4.38633
4.38633
4.38633
4.33219
4.32819
4.32819
4.32819
4.32819
4.32819
4.33219
4.33219
4.3071
4.3071
4.3071
4.3071
4.3071
4.3071
4.3071
4.1981
4.19689
4.14716
4.14716
4.13477
4.13477
4.13477
4.13477
4.14716
4.09918
4.0715
4.0715
4.0715
4.03788
4.03788
4.07715
4.07715
4.07715
4.07767
4.07767
4.07767
4.07767
4.07767
4.06044
4.06044
4.06044
4.06044
4.06044
4.06044
4.06044
4.06044
4.06044
4.06044
4.06044
4.00403
4.00403
3.46381
3.46381
3.46381
3.46381
3.46381
3.46381
3.46381
3.24576
3.24576
3.24576
3.24576
3.24576
3.24576
3.24576
3.24576
3.24576
3.24576
3.41967
3.47215
3.47215
3.47215
3.47215
3.47215
3.47196
3.47196
3.47196
3.5436
3.5436
3.5436
3.5436
3.5436
3.5436
3.5436
3.5436
3.5436
3.55921
3.55543
3.55543
3.57904
3.57904
3.55823
3.57904
3.57904
3.57904
3.57904
3.55558
3.55558
3.55581
3.55581
3.55581
3.55581
3.55581
3.55581
3.55581
3.55581
3.55581
3.53325
3.53325
3.53325
3.53325
3.53325
3.53325
3.5599
3.5599
3.5599
3.26678
3.26678
3.26678
3.20358
2.8463
2.8463
2.8463
2.87533
2.87533
2.87533
3.14829
3.1836
3.1836
3.2994
3.2994
3.2994
3.2994
3.2994
3.2994
3.2994
3.2994
3.2994
3.2994
3.2994
3.2994
3.2994
3.2994
3.2994
3.2994
3.2994
3.2994
3.2994
3.46481
3.44382
3.44382
3.44382
3.44382
3.47052
3.4285
3.4285
3.42923
3.42923
3.40567
3.40567
3.40605
3.41569
3.41569
3.41569
3.16336
3.16336
3.16336
3.16336
3.16336
3.16336
3.16336
3.16336
3.16336
3.07262
3.14059
3.14059
3.15117
3.23817
3.23817
3.22284
3.19574
3.19574
3.22943
3.22943
3.22943
3.22943
3.22943
3.22943
3.24536
3.24536
3.24536
3.24536
3.24536
3.24536
3.24536
3.24536
3.24536
3.24009
3.06437
3.06437
3.06437
2.99226
2.97708
2.97708
2.97708
3.00563
3.00563
3.00563
3.00563
3.00563
3.00563
3.00563
3.11681
3.11681
3.11681
3.0994
3.0994
3.0994
3.06849
3.06849
3.06849
3.06849
3.084
3.084
3.084
3.084
3.084
3.084
3.084
3.084
3.084
3.084
3.07574
3.07574
3.19716
3.16903
3.16903
3.16903
3.16903
3.16903
3.16903
3.14416
3.14416
3.14416
3.14416
3.14416
3.14416
3.14416
3.14416
3.14416
3.14416
3.13642
3.13642
3.14416
3.14416
3.09707
3.09707
3.09707
3.09707
3.09707
3.09707
3.10497
3.10497
3.07309
3.07309
3.07309
3.07309
3.09409
3.09409
3.11877
3.11877
3.11877
3.11877
3.11877
3.11877
3.11877
3.11877
3.11877
3.11877
3.11877
3.11877
3.11877
3.11877
3.11877
3.13137
3.13137
3.13137
3.13137
3.13137
3.14176
3.14176
3.14176
3.14176
3.14176
3.14176
3.14176
3.14176
3.15113
3.07725
3.07725
3.08692
3.08692
3.08692
3.0851
3.13306
3.12745
3.12745
3.08753
3.08753
3.08753
3.08988
3.08988
3.08988
3.08988
3.09832
3.09832
3.09832
3.09832
3.09832
2.99598
2.98534
2.98534
2.94136
2.94136
2.94716
2.94947
2.96458
2.98476
2.98476
2.98476
2.95657
2.95657
2.95657
2.95657
2.95657
2.95657
2.95657
2.95657
2.95657
2.98246
2.98246
2.98246
2.90622
2.90622
2.87146
2.87146
2.84397
2.84397
2.88
2.88
2.88
2.88
2.88
2.88
2.7555
2.7555
2.7555
2.78331
2.78331
2.78331
2.75658
2.79329
2.79329
2.79329
2.79329
2.79329
2.79329
2.84001
2.84001
2.84001
2.79685
2.79685
2.76851
2.45741
2.48756
2.48756
2.41676
2.41676
2.41676
2.41676
2.41676
2.41678
2.41678
2.41678
2.41678
2.41678
2.41678
2.41678
2.41678
2.41678
2.41678
2.41678
2.41678
2.41678
2.41678
2.41678
2.41678
2.29817
2.29817
2.12879
2.12879
2.12879
2.12879
2.12879
2.12762
2.20045
2.20045
2.20045
2.20045
2.20045
2.22196
2.2629
2.2629
2.2629
2.2629
2.2629
2.2629
2.2629
2.26265
2.32136
2.32136
2.32136
2.32136
2.32136
2.32136
2.32136
2.32136
2.32136
2.3201
2.3201
2.3201
2.3201
2.3201
2.35172
2.35172
2.38199
2.38199
2.38884
2.38884
2.38884
2.38884
2.38884
2.38884
2.31923
2.31923
2.31923
2.31923
2.31936
2.29458
2.29458
2.29458
2.29458
2.24585
2.26334
2.26334
2.1315
2.16159
2.16159
2.16159
2.16159
2.16159
2.18271
2.18271
2.18271
2.17735
2.17735
2.17735
2.17735
2.18271
2.18271
2.18271
2.09921
2.09921
2.09921
2.09921
2.09921
2.07989
2.07989
2.1097
2.1097
2.08666
2.09107
2.09107
2.09107
2.09107
2.09107
2.09107
2.09106
2.09106
2.09106
2.09106
2.09106
2.09106
2.09106
2.09106
2.09106
2.09106
2.09106
2.13952
2.13952
2.1559
2.1559
2.1559
2.16007
2.16007
2.16007
2.1326
2.1326
2.1326
2.1326
2.1326
2.1326
2.1326
2.1326
2.1326
2.1179
2.1179
2.1179
2.1179
2.1179
2.1179
2.12226
2.11473
2.11473
2.09091
2.09091
2.09091
2.09091
2.09091
2.09091
2.09091
2.09091
1.95568
1.95568
1.95751
1.95751
1.95751
1.95751
1.95751
1.95751
1.95751
1.95741
1.95741
1.95741
1.95741
1.99386
1.99386
1.99386
1.99386
1.99386
1.97881
1.97881
1.93902
1.94031
1.94457
1.94457
1.94457
1.97167
1.97167
1.97167
1.97167
1.97167
1.97167
1.97167
1.97167
1.97167
1.97167
1.97167
1.97167
1.97167
1.97167
1.97167
1.97167
1.99607
1.99607
1.99
1.99
1.98545
1.93094
1.93094
1.93094
1.92988
1.93094
1.93094
1.93201
1.93201
1.93201
1.97835
1.97835
1.97835
1.97835
1.97835
1.97835
1.97835
1.97835
1.99925
1.99925
1.99924
1.98221
1.98221
1.96362
1.96362
1.96362
1.96362
1.96362
1.96362
1.96362
1.96362
1.94549
1.9306
1.91
1.91
1.92284
1.8832
1.8832
1.8832
1.8832
1.74893
1.74893
1.77993
1.77993
1.77993
1.77993
1.77993
1.77993
1.77993
1.77993
1.81007
1.81007
1.85916
1.85916
1.85916
1.85916
1.85271
1.85271
1.85271
1.85271
1.85271
1.85271
1.85271
1.85271
1.85271
1.85271
1.85271
1.85271
1.86827
1.84961
1.84961
1.84961
1.84961
1.79267
1.79267
1.79267
1.79267
1.79267
1.79267
1.79267
1.79267
1.87632
1.87632
1.86228
1.86228
1.8465
1.8465
1.8465
1.8465
1.8465
1.8465
1.84135
1.85064
1.85064
1.85064
1.85064
1.85064
1.85064
1.85064
1.85064
1.85064
1.85064
1.83609
1.83609
1.83609
1.83609
1.83609
1.83609
1.83609
1.83627
1.83627
1.82489
1.82489
1.83781
1.83781
1.83781
1.83906
1.77191
1.77191
1.77191
1.77191
1.77191
1.77195
1.77195
1.81251
1.81251
1.81251
1.81251
1.80772
1.80772
1.81927
1.79685
1.79685
1.79685
1.80225
1.80225
1.80335
1.80335
1.81927
1.81927
1.75656
1.73522
1.73522
1.68369
1.68369
1.68369
1.68369
1.69703
1.69703
1.69703
1.69703
1.69703
1.69703
1.69703
1.69703
1.69703
1.69703
1.69703
1.69703
1.69703
1.69703
1.69703
1.69703
1.69703
1.69703
1.69703
1.69931
1.69931
1.69931
1.69931
1.69931
1.69915
1.69915
1.69915
1.69915
1.69915
1.69915
1.69915
1.69915
1.69915
1.69915
1.69663
1.69663
1.69663
1.69663
1.69663
1.68808
1.68808
1.68808
1.6851
1.6851
1.64959
1.64959
1.65117
1.65117
1.65117
1.63654
1.63654
1.63654
1.63654
1.63654
1.6369
1.6369
1.6369
1.6369
1.6369
1.6369
1.6369
1.6369
1.6369
1.6369
1.6369
1.62594
1.63055
1.63055
1.6297
1.6297
1.6297
1.6297
1.6297
1.6297
1.6297
1.6297
1.6297
1.6297
1.63698
1.6016
1.6016
1.6016
1.6016
1.6016
1.6016
1.57891
1.57891
1.579
1.579
1.579
1.57988
1.57988
1.57988
1.57988
1.57988
1.57988
1.57988
1.57988
1.57988
1.57973
1.57973
1.57973
1.57973
1.57973
1.57973
1.56867
1.56999
1.57973
1.57973
1.57973
1.57973
1.57973
1.57973
1.57973
1.57973
1.57973
1.57973
1.57973
1.57973
1.57973
1.57973
1.57973
1.57973
1.55549
1.55549
1.50025
1.50025
1.50025
1.50025
1.50025
1.50243
1.50243
1.50243
1.50243
1.5179
1.5179
1.5179
1.49518
1.48423
1.48423
1.48423
1.48423
1.48423
1.48423
1.48423
1.48423
1.51375
1.53966
1.53966
1.54118
1.54118
1.55031
1.55031
1.54246
1.54246
1.54246
1.54246
1.54246
1.54246
1.54246
1.54246
1.54246
1.54246
1.54246
1.54246
1.54246
1.54246
1.54246
1.54246
1.54246
1.54246
1.49574
1.49574
1.49577
1.49577
1.49577
1.49577
1.49601
1.49601
1.49601
1.49601
1.49601
1.49601
1.49601
1.49601
1.39895
1.39895
1.39895
1.39895
1.39895
1.39895
1.39895
1.39895
1.39895
1.40168
1.40168
1.40168
1.40168
1.40168
1.40678
1.40678
1.40678
1.40678
1.40678
1.42062
1.42062
1.42062
1.42062
1.42877
1.42877
1.42292
1.42292
1.42877
1.42877
1.42877
1.42877
1.42877
1.42877
1.42877
1.40237
1.40237
1.40237
1.40237
1.40237
1.40237
1.40237
1.40237
1.40237
1.40125
1.40125
1.40125
1.40125
1.40125
1.40125
1.40125
1.40125
1.40125
1.40125
1.40125
1.40125
1.40125
1.3976
1.3976
1.3976
1.3976
1.3976
1.3976
1.39814
1.39814
1.39814
1.39814
1.39814
1.40099
1.42225
1.42225
1.38888
1.38888
1.38888
1.38888
1.38888
1.38897
1.38897
1.38897
1.38897
1.38897
1.38897
1.38897
1.38897
1.38955
1.38955
1.38955
1.38955
1.38955
1.39202
1.39202
1.39751
1.39751
1.39751
1.39751
1.39751
1.39751
1.39751
1.39751
1.39751
1.39751
1.40387
1.40362
1.40362
1.38434
1.38434
1.38434
1.38434
1.38698
1.33426
1.35575
1.35575
1.35575
1.35061
1.35061
1.35061
1.35061
1.35061
1.35061
1.35061
1.35061
1.35061
1.35422
1.35422
1.35314
1.35314
1.35314
1.35314
1.35403
1.35403
1.35403
1.35403
1.35403
1.35403
1.35403
1.35403
1.31333
1.31333
1.31333
1.31333
1.31333
1.31333
1.31333
1.31333
1.28219
1.28219
1.28219
1.28219
1.28219
1.28219
1.28219
1.28219
1.28219
1.28219
1.28219
1.28219
1.28219
1.29115
1.29115
1.29115
1.29115
1.29115
1.29115
1.28808
1.28808
1.28808
1.28808
1.28808
1.28808
1.30021
1.33182
1.33182
1.33182
1.33182
1.33182
1.33182
1.33182
1.33182
1.29341
1.29341
1.29341
1.29341
1.29341
1.29341
1.29341
1.29341
1.29541
1.28726
1.28726
1.28726
1.28726
1.28726
1.2895
1.2895
1.2895
1.28269
1.28269
1.28269
1.28269
1.28269
1.28269
1.28639
1.28639
1.28639
1.28639
1.28639
1.28678
1.28678
1.28678
1.28678
1.28678
1.2682
1.2682
1.2682
1.2682
1.2682
1.2682
1.2682
1.2682
1.29646
1.29767
1.30086
1.30086
1.30626
1.30626
1.30721
1.30721
1.30721
1.30721
1.30721
1.30721
1.30721
1.30721
1.31341
1.31341
1.31341
1.31731
1.30562
1.30562
1.30562
1.30562
1.30562
1.30562
1.30562
1.30562
1.30562
1.30562
1.30562
1.30562
1.28802
1.26739
1.27431
1.27431
1.27431
1.27431
1.27431
1.27431
1.27431
1.21838
1.21838
1.21838
1.21838
1.21838
1.21838
1.21838
1.19899
1.19899
1.19899
1.19899
1.19899
1.20665
1.18924
1.18924
1.18924
1.19275
1.18883
1.18883
1.18883
1.18883
1.18883
1.18883
1.18883
1.18883
1.18883
1.18883
1.18883
1.18883
1.18883
1.18883
1.18883
1.18883
1.18883
1.18884
1.18884
1.18884
1.18884
1.18884
1.1927
1.1927
1.1927
1.1927
1.1927
1.1927
1.1927
1.1923
1.1923
1.1923
1.1923
1.1923
1.1923
1.1923
1.1923
1.19878
1.19878
1.19878
1.19878
1.19515
1.19515
1.19515
1.19515
1.19515
1.19515
1.19747
1.19747
1.19747
1.19962
1.19962
1.19549
1.19549
1.19549
1.17908
1.17908
1.17908
1.17908
1.17908
1.17908
1.17908
1.17908
1.17908
1.17908
1.17908
1.17908
1.17908
1.17908
1.1681
1.1681
1.1681
1.1681
1.16681
1.16681
1.16681
1.16681


0.121689
0.208187
0.162761
0.239959
0.192863
0.0794169
-0.272509
-0.414005
-0.366509
-0.0177456
0.112597
0.182961
0.20585
0.135397
0.173382
0.114611
0.173811
-0.0393306
-0.0167371
0.158753
0.317161
0.370929
0.157552
0.1368
-0.00841743
-0.112881
-0.217828
-0.196295
-0.104467
0.0454525

0.02

