208257
208257
208257
208257
208257
208257
109475
109475
109475
109475
109475
109475
109475
109475
109475
109475
109475
109475
80405.5
80405.5
80405.5
80405.5
80405.5
80405.5
80405.5
80405.5
80405.5
75494.1
75494.1
75494.1
75494.1
75494.1
75494.1
75494.1
75494.1
71790.3
71790.3
71790.3
71790.3
71790.3
71790.3
71790.3
71790.3
68925.5
68925.5
68925.5
68925.5
68925.5
53954.1
53954.1
53954.1
53954.1
53954.1
53954.1
53954.1
53954.1
53954.1
53954.1
53954.1
53954.1
53954.1
53954.1
53954.1
53954.1
53954.1
53954.1
53954.1
53954.1
53815.1
53815.1
48135.4
48135.4
46763.9
46763.9
46763.9
30895.7
30895.7
30895.7
30895.7
30895.7
30895.7
30895.7
30895.7
30895.7
30895.7
30895.7
30895.7
30895.7
30895.7
30895.7
30895.7
30895.7
30895.7
30895.7
30895.7
30895.7
30895.7
30895.7
28920.7
28920.7
28920.7
28920.7
28920.7
28920.7
28920.7
28920.7
28920.7
28920.7
28920.7
28920.7
28920.7
28920.7
28920.7
28920.7
28920.7
28920.7
28920.7
28920.7
28920.7
28920.7
28920.7
28920.7
28920.7
28920.7
28920.7
28920.7
28920.7
28920.7
28920.7
28920.7
28920.7
28920.7
28920.7
28920.7
28920.7
28920.7
28920.7
28920.7
28920.7
28920.7
28920.7
28920.7
28920.7
28920.7
28920.7
28920.7
28920.7
28920.7
28920.7
28920.7
27152.9
27152.9
27152.9
27152.9
27152.9
27152.9
27152.9
27152.9
27152.9
27152.9
27152.9
27152.9
27152.9
27152.9
27152.9
27152.9
26551.5
26551.5
26551.5
26551.5
26551.5
26551.5
26551.5
26551.5
26551.5
26551.5
26551.5
26551.5
26551.5
26551.5
26551.5
26551.5
26551.5
26551.5
26551.5
25297.6
25297.6
25297.6
25297.6
25297.6
25297.6
25297.6
25297.6
25297.6
25297.6
25297.6
25297.6
25297.6
25297.6
25297.6
25297.6
25297.6
24524.6
24524.6
24524.6
24524.6
24524.6
24524.6
24524.6
24524.6
24524.6
24524.6
24524.6
24524.6
24524.6
24077.8
24077.8
24077.8
24077.8
24077.8
24077.8
24077.8
24077.8
24077.8
24077.8
21272.3
21272.3
21272.3
21272.3
21272.3
21272.3
21272.3
21272.3
21272.3
21113.9
21113.9
21113.9
21113.9
21113.9
21113.9
21113.9
21113.9
21113.9
21113.9
21113.9
21113.9
21113.9
21113.9
21113.9
21113.9
21113.9
16837.5
16837.5
16837.5
16837.5
16837.5
16837.5
16837.5
16837.5
16837.5
16837.5
16837.5
16837.5
16837.5
16837.5
16449.2
16449.2
16449.2
16449.2
16449.2
16449.2
16449.2
16449.2
16449.2
16449.2
16449.2
16449.2
16449.2
16449.2
16449.2
16449.2
16449.2
16449.2
16449.2
16449.2
16234.1
16234.1
16234.1
16234.1
16234.1
16234.1
16234.1
16234.1
16234.1
16234.1
16234.1
16234.1
16234.1
16234.1
16234.1
16234.1
16234.1
16234.1
16234.1
16234.1
16234.1
16234.1
16234.1
16234.1
16234.1
16234.1
16234.1
16234.1
16234.1
16234.1
16234.1
16234.1
16234.1
16234.1
16234.1
16234.1
16234.1
16234.1
16234.1
16234.1
16234.1
16234.1
16234.1
16234.1
16234.1
16234.1
16234.1
16234.1
16234.1
16234.1
16234.1
16234.1
16234.1
15379.6
15379.6
15379.6
15379.6
15379.6
15379.6
15379.6
15379.6
15379.6
15379.6
15379.6
15379.6
15379.6
15379.6
15379.6
15379.6
15379.6
15379.6
15379.6
15379.6
15379.6
15379.6
15379.6
15379.6
15379.6
15379.6
15379.6
15379.6
15379.6
15379.6
15379.6
15379.6
15379.6
15379.6
15379.6
15379.6
15379.6
15379.6
15379.6
15379.6
15371.1
15371.1
15371.1
15371.1
15371.1
15371.1
15123.8
15123.8
15123.8
15123.8
15123.8
15123.8
15123.8
15123.8
15123.8
15123.8
15123.8
15123.8
15123.8
15123.8
15123.8
15123.8
15123.8
15123.8
15123.8
15123.8
15123.8
15123.8
15123.8
15123.8
15123.8
15123.8
15123.8
15123.8
15123.8
15123.8
15123.8
15123.8
14826.1
14746.7
14746.7
14746.7
14746.7
14746.7
14746.7
14746.7
14746.7
14746.7
14734.5
14734.5
14734.5
14734.5
14547.6
14547.6
14547.6
14547.6
14547.6
14547.6
14547.6
14547.6
14547.6
14547.6
14547.6
14547.6
14547.6
14547.6
14547.6
14547.6
14547.6
14547.6
14547.6
14547.6
14547.6
14547.6
14547.6
14547.6
14547.6
14547.6
14547.6
14547.6
14547.6
14547.6
14547.6
14547.6
14547.6
14547.6
14547.6
14547.6
14547.6
14547.6
14547.6
14547.6
14547.6
14547.6
14547.6
14547.6
14547.6
14547.6
14547.6
14547.6
14547.6
14547.6
14547.6
14547.6
14547.6
14547.6
14547.6
14547.6
14547.6
14547.6
14547.6
14547.6
14547.6
14547.6
14483.7
14483.7
14483.7
14483.7
14445.6
14445.6
14445.6
14445.6
14445.6
14445.6
14445.6
14445.6
14445.6
14445.6
14445.6
14445.6
14445.6
14445.6
14445.6
14445.6
14445.6
14445.6
14225.3
14225.3
14225.3
14225.3
14225.3
14225.3
14225.3
14225.3
14225.3
14225.3
14225.3
14225.3
14225.3
14210.9
14210.9
14210.9
14210.9
14210.9
14210.9
14210.9
14210.9
14210.9
14210.9
14210.9
14210.9
14210.9
14210.9
14210.9
14210.9
14210.9
14210.9
14210.9
14210.9
14203.2
14203.2
14203.2
14203.2
14203.2
14203.2
14203.2
14203.2
14027.9
13713.8
13713.8
13713.8
13713.8
13713.8
13713.8
13713.8
13713.8
13713.8
13713.8
13713.8
13713.8
13713.8
13713.8
13713.8
13624.9
13624.9
13624.9
13624.9
13624.9
13624.9
13624.9
13624.9
13624.9
13624.9
13624.9
13624.9
13624.9
13624.9
13624.9
13624.9
13624.9
13624.9
13279.5
13279.5
13279.5
13279.5
13279.5
13279.5
13279.5
13279.5
13279.5
13279.5
13279.5
13279.5
13279.5
13279.5
13279.5
13279.5
13279.5
13279.5
13279.5
13279.5
13279.5
13279.5
13279.5
13279.5
13279.5
13279.5
13279.5
13279.5
13279.5
13279.5
13279.5
13279.5
13279.5
13279.5
13279.5
13279.5
13279.5
13279.5
13279.5
13279.5
12557.6
12557.6
12557.6
12557.6
12557.6
12557.6
12557.6
12557.6
12557.6
12557.6
12557.6
12557.6
12557.6
12557.6
12557.6
12557.6
12557.6
12557.6
12557.6
12557.6
12557.6
12557.6
12557.6
12557.6
12557.6
12557.6
12557.6
12557.6
12285
12285
12269.1
12269.1
12269.1
12269.1
12269.1
12269.1
11833.8
11833.8
11833.8
11833.8
11833.8
11833.8
11833.8
11833.8
11833.8
11833.8
11833.8
11170.5
11170.5
11170.5
11170.5
11170.5
11170.5
11170.5
11170.5
11170.5
11170.5
11150.5
11150.5
11150.5
11150.5
11150.5
11150.5
11150.5
11150.5
11150.5
11150.5
11150.5
11150.5
11150.5
11150.5
11150.5
11150.5
11150.5
11150.5
11150.5
11150.5
10646.4
10646.4
10646.4
10646.4
10646.4
10425.3
9807.42
9807.42
9807.42
9807.42
9807.42
9807.42
9807.42
9807.42
9807.42
9807.42
9807.42
9807.42
9807.42
9807.42
9807.42
9807.42
9807.42
9719.03
9719.03
9719.03
9719.03
9719.03
9719.03
9719.03
9719.03
9719.03
9711.93
9711.93
9711.93
9711.93
9711.93
9711.93
9711.93
9711.93
9711.93
9581.18
9581.18
9581.18
9581.18
9581.18
9581.18
9581.18
9581.18
9581.18
9581.18
9581.18
9581.18
9581.18
9581.18
9581.18
9581.18
9581.18
9581.18
9531.79
9531.79
9531.79
9531.79
9531.79
8897.75
8586.22
8586.22
8586.22
8586.22
8586.22
8586.22
8586.22
8586.22
8586.22
8586.22
8586.22
8586.22
8586.22
8586.22
8586.22
8586.22
8586.22
8586.22
8586.22
8586.22
8586.22
8586.22
8586.22
8586.22
8586.22
8586.22
8586.22
8586.22
8586.22
8586.22
8586.22
8586.22
8586.22
8586.22
8586.22
8586.22
8586.22
8586.22
8586.22
8586.22
8586.22
8586.22
8548.71
8548.71
8548.71
8548.71
8548.71
8548.71
8548.71
8548.71
8548.71
8548.71
8548.71
8548.71
8548.71
8548.71
8548.71
8548.71
8548.71
8548.71
8548.71
8548.71
8548.71
8548.71
8548.71
8548.71
8548.71
8548.71
8548.71
8548.71
8548.71
8548.71
8548.71
8548.71
8548.71
8548.71
8548.71
8194.83
8194.83
8194.83
8194.83
8194.83
8194.83
8194.83
8194.83
8194.83
8194.83
8194.83
8194.83
8194.83
8194.83
8194.83
8194.83
8194.83
8194.83
8194.83
8194.83
8194.83
7369.41
7369.41
7369.41
7369.41
7369.41
7369.41
7369.41
7369.41
7369.41
7369.41
7369.41
7369.41
7369.41
7369.41
7369.41
7369.41
7369.41
7369.41
7369.41
7369.41
7369.41
7369.41
7369.41
7369.41
7369.41
7369.41
7369.41
7369.41
7369.41
7369.41
7369.41
7369.41
7369.41
7369.41
7369.41
7369.41
7369.41
7369.41
7369.41
7369.41
7369.41
7369.41
7369.41
7369.41
7369.41
7369.41
7369.41
7369.41
7369.41
7369.41
7369.41
7369.41
7369.41
7369.41
7369.41
7369.41
7369.41
7369.41
7369.41
7369.41
7369.41
7369.41
7369.41
7369.41
7369.41
7369.41
7369.41
7369.41
7369.41
7369.41
7369.41
7369.41
7369.41
7369.41
7369.41
7369.41
7369.41
7369.41
7369.41
7369.41
7369.41
7369.41
7369.41
7369.41
7369.41
7369.41
7369.41
7369.41
7369.41
7369.41
7369.41
7369.41
7369.41
7369.41
7369.41
7369.41
7369.41
7369.41
7369.41
7369.41
7369.41
7369.41
7369.41
7369.41
7369.41
7369.41
7212.65
7092.15
7092.15
7092.15
7092.15
7092.15
7092.15
6907.9
6907.9
6907.9
6802.09
6802.09
6774.56
6774.56
6774.56
6774.56
6774.56
6774.56
6774.56
6774.56
6774.56
6738.6
6738.6
6738.6
6738.6
6738.6
6738.6
6543.24
6543.24
6543.24
6543.24
6543.24
6543.24
6543.24
6543.24
6543.24
6543.24
6543.24
6543.24
6543.24
6543.24
6543.24
6543.24
6543.24
6543.24
6543.24
5889.12
5889.12
5889.12
5889.12
5889.12
5889.12
5889.12
5889.12
5889.12
5889.12
5889.12
5889.12
5889.12
5889.12
5889.12
5889.12
5889.12
5889.12
5889.12
5889.12
5889.12
5889.12
5889.12
5889.12
5889.12
5889.12
5889.12
5889.12
5889.12
5889.12
5889.12
5889.12
5889.12
5889.12
5889.12
5889.12
5889.12
5889.12
5889.12
5889.12
5889.12
5889.12
5889.12
5889.12
5889.12
5889.12
5889.12
5889.12
5889.12
5889.12
5889.12
5889.12
5889.12
5889.12
5889.12
5889.12
5889.12
5889.12
5889.12
5889.12
5889.12
5889.12
5889.12
5889.12
5889.12
5889.12
5889.12
5889.12
5889.12
5889.12
5889.12
5889.12
5889.12
5889.12
5618.67
5618.67
5618.67
5618.67
5618.67
5618.67
5618.67
5618.67
5618.67
5618.67
5618.67
5618.67
5618.67
5618.67
5618.67
5618.67
5618.67
5618.67
5618.67
5618.67
5618.67
5618.67
5618.67
5618.67
5618.67
5618.67
5618.67
5618.67
5618.67
5618.67
5618.67
5618.67
5618.67
5618.67
5618.67
5618.67
5618.67
5618.67
5618.67
5618.67
5618.67
5618.67
5618.67
5618.67
5618.67
5618.67
5618.67
5618.67
5065.82
5065.82
5065.82
5065.82
5065.82
5065.82
5065.82
5065.82
5065.82
5065.82
5065.82
5065.82
5065.82
5065.82
5065.82
5059.11
5059.11
5059.11
5059.11
5059.11
5059.11
5059.11
5059.11
5059.11
5059.11
5059.11
5059.11
5059.11
5059.11
5059.11
5059.11
5059.11
5059.11
5059.11
5059.11
5059.11
5059.11
5059.11
5059.11
5059.11
5059.11
5059.11
5059.11
5059.11
5059.11
5059.11
5059.11
5059.11
5059.11
5059.11
5059.11
5059.11
5059.11
5059.11
5059.11
5059.11
5059.11
5059.11
5059.11
5059.11
5059.11
5059.11
5059.11
5059.11
5059.11
5059.11
5059.11
5059.11
5059.11
5059.11
5059.11
5059.11
5059.11
5059.11
5059.11
5059.11
5059.11
5059.11
5059.11
5059.11
5059.11
5059.11
5059.11
5059.11
5059.11
5059.11
5059.11
5059.11
5059.11
5018.15
5018.15
5018.15
5018.15
5018.15
5018.15
5018.15
5018.15
5018.15
5018.15
5018.15
5018.15
5018.15
4961.24
4961.24
4961.24
4961.24
4961.24
4961.24
4961.24
4961.24
4961.24
4633.66
4633.66
4633.66
4633.66
4633.66
4633.66
4633.66
4633.66
4633.66
4633.66
4633.66
4633.66
4633.66
4633.66
4633.66
4633.66
4633.66
4633.66
4633.66
4633.66
4633.66
4633.66
4633.66
4633.66
4633.66
4633.66
4633.66
4633.66
4633.66
4633.66
4633.66
4633.66
4522.44
4522.44
4522.44
4522.44
4522.44
4522.44
4522.44
4522.44
4522.44
4522.44
4522.44
4522.44
4522.44
4522.44
4522.44
4522.44
4522.44
4522.44
4522.44
4522.44
4522.44
4522.44
4522.44
4522.44
4522.44
4522.44
4522.44
4522.44
4522.44
4522.44
4522.44
4178.6
4178.6
4178.6
4178.6
4178.6
4178.6
4178.6
4178.6
4178.6
4178.6
4178.6
4178.6
4178.6
4178.6
4178.6
4178.6
4178.6
4178.6
4178.6
4138.14
4138.14
4138.14
4138.14
4138.14
4138.14
4138.14
4138.14
4138.14
4138.14
4138.14
4138.14
4138.14
4138.14
4138.14
4138.14
4138.14
4138.14
4138.14
4138.14
4138.14
4138.14
4138.14
3994.81
3994.81
3994.81
3994.81
3994.81
3994.81
3994.81
3994.81
3994.81
3994.81
3994.81
3994.81
3994.81
3994.81
3994.81
3994.81
3994.81
3994.81
3994.81
3994.81
3994.81
3994.81
3994.81
3994.81
3994.81
3994.81
3994.81
3994.81
3994.81
3994.81
3994.81
3994.81
3994.81
3994.81
3988.55
3988.55
3988.55
3988.55
3988.55
3988.55
3988.55
3988.55
3988.55
3940.78
3940.78
3940.78
3940.78
3940.78
3940.78
3940.78
3940.78
3940.78
3940.78
3940.78
3940.78
3940.78
3940.78
3940.78
3940.78
3940.78
3940.78
3940.78
3912.18
3912.18
3912.18
3912.18
3912.18
3912.18
3912.18
3912.18
3912.18
3912.18
3912.18
3912.18
3912.18
3912.18
3912.18
3912.18
3912.18
3912.18
3912.18
3912.18
3912.18
3912.18
3912.18
3912.18
3912.18
3912.18
3912.18
3912.18
3912.18
3912.18
3912.18
3912.18
3912.18
3912.18
3912.18
3912.18
3912.18
3912.18
3912.18
3912.18
3912.18
3912.18
3912.18
3912.18
3908.42
3908.42
3908.42
3908.42
3855.07
3855.07
3855.07
3855.07
3855.07
3855.07
3855.07
3855.07
3823.71
3809.75
3809.75
3809.75
3809.75
3809.75
3809.75
3809.75
3809.75
3809.75
3809.75
3809.75
3809.75
3809.75
3809.75
3809.75
3809.75
3809.75
3809.75
3809.75
3809.75
3809.75
3809.75
3809.75
3677.08
3677.08
3677.08
3677.08
3677.08
3677.08
3677.08
3677.08
3677.08
3677.08
3677.08
3677.08
3677.08
3677.08
3677.08
3677.08
3677.08
3677.08
3677.08
3677.08
3677.08
3677.08
3677.08
3677.08
3677.08
3677.08
3677.08
3677.08
3677.08
3677.08
3677.08
3677.08
3677.08
3639.04
3639.04
3639.04
3639.04
3639.04
3639.04
3639.04
3540.73
3540.73
3540.73
3540.73
3540.73
3540.73
3540.73
3540.73
3540.73
3540.73
3540.73
3540.73
3540.73
3540.73
3540.73
3540.73
3540.73
3540.73
3540.73
3540.73
3540.73
3540.73
3481.21
3481.21
3481.21
3481.21
3481.21
3481.21
3481.21
3481.21
3481.21
3481.21
3481.21
3481.21
3481.21
3481.21
3481.21
3481.21
3481.21
3481.21
3481.21
3481.21
3481.21
3294.39
3294.39
3294.39
3294.39
3294.39
3294.39
3294.39
3294.39
3294.39
3294.39
3294.39
3294.39
3294.39
3294.39
3294.39
3294.39
3294.39
3294.39
3294.39
3294.39
3294.39
3294.39
3294.39
3294.39
3294.39
3294.39
3294.39
3294.39
3294.39
3294.39
3294.39
3294.39
3294.39
3294.39
3294.39
3294.39
3294.39
3294.39
3294.39
3294.39
3294.39
3294.39
3294.39
3294.39
3294.39
3294.39
3294.39
3294.39
3294.39
3294.39
3294.39
3294.39
3294.39
3294.39
3294.39
3294.39
3294.39
3294.39
3294.39
3294.39
3294.39
3294.39
3294.39
3294.39
3279.33
3279.33
3279.33
3279.33
3279.33
3279.33
3279.33
3279.33
3279.33
3279.33
3279.33
3279.33
3268.79
3268.79
3268.79
3268.79
3268.79
3268.79
3268.79
3268.79
3268.79
3268.79
3268.79
3268.79
3268.79
3268.79
3268.79
3268.79
3243.21
3243.21
3243.21
3243.21
3243.21
3243.21
3243.21
3243.21
3243.21
3243.21
3243.21
3243.21
3243.21
3243.21
3243.21
3243.21
3243.21
3243.02
3243.02
3243.02
3216.01
3215.1
3215.1
3215.1
3215.1
3215.1
3215.1
3179.79
3179.79
3179.79
3179.79
3179.79
3179.79
3030.6
3030.6
3030.6
3030.6
3030.6
3030.6
3030.6
2954.52
2954.52
2954.52
2954.52
2954.52
2954.52
2954.52
2954.52
2954.52
2954.52
2954.52
2954.52
2954.52
2954.52
2954.52
2954.52
2954.52
2954.52
2954.52
2954.52
2954.52
2954.52
2954.52
2954.52
2954.52
2954.52
2954.52
2954.52
2954.52
2954.52
2954.52
2954.52
2954.52
2954.52
2954.52
2954.52
2954.52
2954.52
2954.52
2954.52
2954.52
2954.52
2954.52
2954.52
2954.52
2954.52
2954.52
2954.52
2954.52
2954.52
2954.52
2954.52
2954.52
2954.52
2954.52
2954.52
2954.52
2954.52
2954.52
2954.52
2954.52
2954.52
2954.52
2954.52
2954.52
2954.52
2954.52
2954.52
2954.52
2954.52
2954.52
2954.52
2954.52
2954.52
2954.52
2954.52
2954.52
2954.52
2954.52
2954.52
2954.52
2954.52
2954.52
2954.52
2954.52
2954.52
2954.52
2954.52
2954.52
2954.52
2954.52
2954.52
2954.52
2954.52
2954.52
2954.52
2954.52
2954.52
2954.52
2954.52
2954.52
2954.52
2954.52
2954.52
2954.52
2954.52
2954.52
2942.78
2942.78
2942.78
2942.78
2942.78
2942.78
2942.78
2942.78
2942.78
2942.78
2942.78
2942.78
2942.78
2942.78
2911.14
2911.14
2911.14
2911.14
2911.14
2911.14
2911.14
2911.14
2911.14
2911.14
2911.14
2911.14
2911.14
2911.14
2911.14
2911.14
2911.14
2911.14
2911.14
2886.5
2886.5
2886.5
2886.5
2886.5
2886.5
2886.5
2886.5
2886.5
2886.5
2886.5
2886.5
2886.5
2886.5
2886.5
2886.5
2886.5
2886.5
2886.5
2886.5
2886.5
2886.5
2886.5
2886.5
2886.5
2886.5
2886.5
2886.5
2886.5
2886.5
2886.5
2886.5
2886.5
2886.5
2886.5
2886.5
2886.5
2886.5
2886.5
2886.5
2886.5
2886.5
2886.5
2813.84
2813.84
2813.84
2813.84
2813.84
2813.84
2813.84
2813.84
2813.84
2813.84
2813.84
2813.84
2813.84
2803.82
2803.82
2803.82
2803.82
2803.82
2803.82
2803.82
2803.82
2803.82
2803.82
2803.82
2803.82
2750.96
2750.96
2750.96
2750.96
2750.96
2750.96
2750.96
2750.96
2750.96
2750.96
2750.96
2750.96
2750.96
2750.96
2624.32
2624.32
2624.32
2624.32
2624.32
2624.32
2624.32
2624.32
2624.32
2624.32
2624.32
2624.32
2624.32
2624.32
2624.32
2624.32
2624.32
2624.32
2624.32
2624.32
2624.32
2624.32
2624.32
2624.32
2624.32
2624.32
2624.32
2624.32
2624.32
2624.32
2624.32
2624.32
2624.32
2624.32
2624.32
2624.32
2624.32
2624.32
2624.32
2624.32
2624.32
2624.32
2624.32
2624.32
2624.32
2624.32
2624.32
2624.32
2624.32
2624.32
2624.32
2624.32
2624.32
2624.32
2624.32
2624.32
2624.32
2624.32
2624.32
2624.32
2624.32
2624.32


1.37288
-4.63417
-0.706781
1.75611
-2.45261
-0.0847467
-1.15835
2.54009
-1.08077
-1.04436
2.42705
0.908542
-3.70635
-1.01181
0.906071
0.80313
-3.17395
2.60754
-3.79242
1.84379
-0.743685
4.39882
2.12888
3.71286
-3.57039
-3.06968
3.75568
1.29255
-3.22775
9.12529

0.048

