366398
281527
281527
281527
274137
274137
201487
201487
201487
193400
193400
193400
193400
138317
138317
138317
130624
130624
130624
130624
130624
130624
130624
113365
113365
113365
112581
112581
112581
112581
106182
106182
106182
89998.3
88883.1
88883.1
81108.8
81108.8
81108.8
81108.8
81108.8
81108.8
81108.8
81108.8
81108.8
81108.8
81108.8
81108.8
81108.8
81108.8
81108.8
75980.3
75980.3
75980.3
72421.4
72421.4
72421.4
72421.4
72421.4
72421.4
72421.4
72421.4
72421.4
72421.4
72421.4
72421.4
72421.4
62372.8
62372.8
62372.8
62372.8
62372.8
60379.2
60379.2
60379.2
60379.2
60379.2
60379.2
58455.2
52234.5
52234.5
52234.5
44964.8
44964.8
44964.8
44964.8
44964.8
44964.8
44964.8
44964.8
44964.8
44964.8
44964.8
44964.8
34904.5
34904.5
34904.5
34904.5
34904.5
34904.5
32339.9
32339.9
32339.9
32339.9
32339.9
32339.9
32339.9
32339.9
32339.9
30815.5
30458.1
25807.5
25807.5
25807.5
25807.5
25807.5
25807.5
25807.5
25807.5
25807.5
25807.5
25807.5
25807.5
25807.5
25807.5
25807.5
25807.5
25807.5
25807.5
25807.5
25807.5
25807.5
25807.5
25807.5
25807.5
25807.5
25807.5
25807.5
25807.5
25499.3
25499.3
25499.3
25499.3
25499.3
25499.3
25499.3
25499.3
25040.8
25040.8
25040.8
25040.8
24956.6
24956.6
24956.6
24956.6
24956.6
24956.6
24956.6
24956.6
24956.6
24956.6
24956.6
24956.6
24956.6
24956.6
24956.6
24956.6
24956.6
24956.6
22341.3
22341.3
22341.3
22341.3
22341.3
22341.3
22341.3
22341.3
20161.9
20161.9
20161.9
20161.9
20161.9
20161.9
20161.9
20161.9
20161.9
20161.9
20161.9
20161.9
20161.9
20161.9
20161.9
20161.9
20161.9
20161.9
20161.9
20161.9
20161.9
20161.9
20161.9
20161.9
20161.9
20161.9
20161.9
20161.9
20161.9
20161.9
20161.9
20161.9
20161.9
20161.9
20161.9
20161.9
20161.9
20161.9
20161.9
20161.9
20161.9
20161.9
20161.9
20161.9
20161.9
20161.9
20161.9
17468.5
17468.5
17468.5
17468.5
17468.5
17468.5
17468.5
17468.5
17468.5
17468.5
16737.3
16737.3
16737.3
16737.3
16737.3
16737.3
16737.3
16737.3
16737.3
16737.3
16737.3
16737.3
16737.3
16737.3
16737.3
16737.3
16737.3
16737.3
16737.3
16737.3
16737.3
16737.3
16737.3
16737.3
16737.3
16737.3
16737.3
16737.3
16737.3
16737.3
16737.3
16737.3
16737.3
16737.3
16737.3
16737.3
16737.3
16737.3
16737.3
16737.3
16737.3
16737.3
16737.3
16737.3
16737.3
16737.3
16737.3
16737.3
16737.3
16737.3
16737.3
16737.3
16737.3
16737.3
16737.3
16737.3
16737.3
16737.3
16737.3
16737.3
16737.3
16737.3
16737.3
16737.3
16737.3
16547.9
16547.9
16547.9
16262.2
16262.2
16262.2
16262.2
16262.2
16262.2
16262.2
16262.2
16262.2
16262.2
16262.2
16262.2
16262.2
16262.2
16262.2
16262.2
16014.1
16014.1
16014.1
16014.1
16014.1
16014.1
16014.1
16014.1
16014.1
16014.1
16014.1
16014.1
16014.1
16014.1
16014.1
16014.1
16014.1
16014.1
16014.1
16014.1
16014.1
16014.1
16014.1
16014.1
16014.1
16014.1
16014.1
16014.1
16014.1
16014.1
16014.1
16014.1
16014.1
16014.1
16014.1
16014.1
16014.1
16014.1
16014.1
16014.1
16014.1
16014.1
16014.1
16014.1
15999.5
15999.5
15016.9
15016.9
15016.9
15016.9
15016.9
15016.9
15016.9
15016.9
15016.9
15016.9
15016.9
15016.9
15016.9
15016.9
15016.9
15016.9
15016.9
15016.9
15016.9
15016.9
15016.9
15016.9
15016.9
15016.9
15016.9
15016.9
15016.9
15016.9
15016.9
15016.9
15016.9
15016.9
15016.9
15016.9
15016.9
15016.9
15016.9
15016.9
15016.9
14688.1
14688.1
14688.1
14688.1
14688.1
14688.1
14688.1
14688.1
14688.1
14688.1
14688.1
14688.1
14688.1
14688.1
14688.1
14688.1
14688.1
14688.1
14295
14295
14295
14295
14295
14295
14295
14295
14295
14295
14295
13667.7
13667.7
13667.7
13667.7
13667.7
13667.7
13667.7
13667.7
13667.7
13667.7
13667.7
13667.7
13667.7
13667.7
13667.7
13667.7
13667.7
13667.7
13667.7
13667.7
13667.7
13667.7
13667.7
13667.7
13667.7
13667.7
13667.7
13667.7
13667.7
13667.7
13667.7
13667.7
13667.7
13667.7
13667.7
13560.4
13560.4
13560.4
13560.4
13560.4
13560.4
13560.4
13560.4
13560.4
13560.4
13560.4
13560.4
13560.4
13560.4
13560.4
13560.4
13560.4
13560.4
13560.4
13560.4
13560.4
13560.4
13560.4
13560.4
13560.4
13560.4
13560.4
13560.4
13560.4
13560.4
13560.4
13560.4
13560.4
13560.4
13560.4
13560.4
13560.4
13560.4
13560.4
13560.4
13560.4
13560.4
13560.4
13560.4
13560.4
13560.4
13560.4
13560.4
13560.4
13560.4
13560.4
13560.4
13560.4
13560.4
13560.4
13560.4
13560.4
13560.4
13560.4
13560.4
13560.4
13560.4
13560.4
13560.4
13560.4
13560.4
13560.4
13560.4
13560.4
13560.4
13560.4
13153.7
13153.7
13153.7
13153.7
13153.7
13153.7
13153.7
13153.7
12925
12925
12925
12925
12925
12925
12925
11938.2
11938.2
11938.2
11938.2
11938.2
11938.2
11938.2
11938.2
11938.2
11938.2
11938.2
11938.2
11938.2
11938.2
11938.2
11938.2
11938.2
11938.2
11938.2
11938.2
11938.2
11938.2
11938.2
11938.2
11938.2
11938.2
11938.2
11938.2
11938.2
11938.2
11938.2
11938.2
11938.2
11938.2
11938.2
11938.2
11938.2
11938.2
11938.2
11938.2
11938.2
11938.2
11938.2
11938.2
11938.2
11938.2
11938.2
11938.2
11938.2
11938.2
11938.2
11938.2
11938.2
11938.2
11938.2
11938.2
11938.2
11938.2
11938.2
11938.2
11938.2
11938.2
11938.2
11938.2
11938.2
11938.2
11938.2
11938.2
11938.2
11938.2
11938.2
11938.2
11938.2
11938.2
11938.2
11938.2
11938.2
11938.2
11938.2
11938.2
11938.2
11938.2
11938.2
11938.2
11938.2
11938.2
11938.2
11938.2
11938.2
11938.2
11938.2
11938.2
11938.2
11938.2
11938.2
11938.2
11938.2
11938.2
11938.2
11938.2
11938.2
11938.2
11938.2
11938.2
11938.2
11938.2
11938.2
11938.2
11938.2
11938.2
11938.2
11938.2
11938.2
11938.2
11938.2
11938.2
11938.2
11938.2
11938.2
11938.2
11938.2
11938.2
11938.2
11938.2
11938.2
11938.2
11938.2
11938.2
11938.2
11938.2
11938.2
11938.2
11938.2
11938.2
11938.2
11938.2
11938.2
11938.2
11938.2
11938.2
11938.2
11938.2
11938.2
11938.2
11938.2
11938.2
11938.2
11938.2
11938.2
11938.2
11938.2
11938.2
11938.2
11938.2
11938.2
11938.2
11938.2
11938.2
11938.2
11938.2
11938.2
11938.2
11938.2
11938.2
11938.2
11938.2
11938.2
11901.2
11901.2
11901.2
11901.2
11901.2
11901.2
11552
11552
11552
11552
11552
11552
11552
11552
11552
11552
10603.8
10603.8
10603.8
10603.8
10603.8
10603.8
10603.8
10603.8
10603.8
10603.8
10603.8
10603.8
10603.8
10603.8
10603.8
10603.8
10603.8
10603.8
10603.8
10603.8
10603.8
10603.8
10603.8
10603.8
10603.8
10603.8
10603.8
10603.8
10603.8
10603.8
10603.8
10603.8
10603.8
10603.8
10603.8
10603.8
10603.8
10603.8
10603.8
10603.8
10603.8
10603.8
10603.8
10603.8
10603.8
10603.8
10603.8
10603.8
10603.8
10068.6
10068.6
10068.6
10068.6
10068.6
10068.6
10068.6
10068.6
10068.6
10068.6
10068.6
10068.6
10068.6
10068.6
10068.6
10068.6
10068.6
10068.6
10068.6
10068.6
10068.6
10050.1
10050.1
10050.1
10050.1
10050.1
10050.1
10050.1
10050.1
10050.1
10050.1
10050.1
10050.1
10050.1
10050.1
10050.1
10050.1
10050.1
10050.1
10050.1
10050.1
10050.1
10050.1
10050.1
10050.1
10050.1
10050.1
10050.1
10050.1
10050.1
10050.1
10050.1
10050.1
10050.1
10050.1
10050.1
10050.1
10050.1
10050.1
10050.1
10050.1
10050.1
10050.1
10050.1
10050.1
10050.1
10042.4
10042.4
10042.4
10042.4
10042.4
10042.4
10042.4
10042.4
10042.4
10042.4
10042.4
10042.4
10042.4
10042.4
10042.4
10042.4
10042.4
10042.4
10042.4
10042.4
10042.4
10042.4
10042.4
10042.4
10042.4
10042.4
10042.4
10042.4
10042.4
10042.4
10042.4
9887.66
9887.66
9887.66
9887.66
9887.66
9887.66
9887.66
9887.66
9887.66
9887.66
9887.66
9887.66
9654.13
9654.13
9654.13
9654.13
9654.13
9654.13
9654.13
9654.13
9654.13
9654.13
9654.13
9654.13
9654.13
9654.13
9654.13
9654.13
9654.13
9654.13
9654.13
9654.13
9654.13
9654.13
9654.13
9654.13
9654.13
9654.13
9654.13
9654.13
9654.13
9654.13
9654.13
9654.13
9654.13
9654.13
9654.13
9654.13
9654.13
9654.13
9654.13
9654.13
9654.13
9654.13
9654.13
9654.13
9654.13
9654.13
9654.13
9654.13
9654.13
9654.13
9654.13
9654.13
9342.54
9342.54
9342.54
9342.54
9342.54
9342.54
9342.54
9342.54
9342.54
9342.54
9342.54
9342.54
9342.54
9342.54
9342.54
9342.54
9342.54
9342.54
9342.54
9342.54
9342.54
9342.54
9342.54
9342.54
9342.54
9342.54
9342.54
9342.54
9342.54
9342.54
9342.54
9342.54
9342.54
9342.54
9342.54
9342.54
9342.54
9342.54
9342.54
9342.54
9342.54
9342.54
8834.17
8834.17
8834.17
8834.17
8834.17
8834.17
8834.17
8834.17
8834.17
8834.17
8834.17
8834.17
8834.17
8834.17
8834.17
8834.17
8834.17
8834.17
8834.17
8834.17
8834.17
8834.17
8834.17
8834.17
8834.17
8834.17
8834.17
8834.17
8834.17
8834.17
8834.17
8834.17
8834.17
8834.17
8834.17
8768.77
8768.77
8768.77
8768.77
8768.77
8768.77
8768.77
8768.77
8768.77
8768.77
8768.77
8768.77
8768.77
8768.77
8768.77
8768.77
8768.77
8768.77
8768.77
8768.77
8768.77
8768.77
8768.77
8768.77
8768.77
8768.77
8768.77
8768.77
8768.77
8768.77
8768.77
8768.77
8768.77
8768.77
8768.77
8768.77
8768.77
8768.77
8768.77
8768.77
8768.77
8768.77
8768.77
8768.77
8768.77
8768.77
8768.77
8768.77
8768.77
8768.77
8768.77
8768.77
8768.77
8768.77
8768.77
8768.77
8748.5
8748.5
8748.5
8748.5
8748.5
8748.5
8748.5
8748.5
8748.5
8748.5
8748.5
8748.5
8748.5
8748.5
8748.5
8748.5
8748.5
8748.5
8748.5
8748.5
8748.5
8748.5
8748.5
8748.5
8748.5
8748.5
8748.5
8748.5
8748.5
8748.5
8748.5
8748.5
8748.5
8748.5
8713.71
8713.71
8713.71
8713.71
8713.71
8713.71
8713.71
8713.71
8713.71
8608.28
8608.28
8608.28
8608.28
8608.28
8608.28
8608.28
8608.28
8608.28
8608.28
8608.28
8608.28
8608.28
8608.28
8608.28
8608.28
8480.5
8480.5
8480.5
8480.5
8480.5
8480.5
8480.5
8480.5
8480.5
8480.5
8480.5
8480.5
8480.5
8418.16
8418.16
8418.16
8418.16
8418.16
8125.44
8125.44
8125.44
7989.45
7989.45
7989.45
7989.45
7989.45
7989.45
7989.45
7989.45
7989.45
7989.45
7989.45
7989.45
7989.45
7989.45
7989.45
7989.45
7989.45
7989.45
7989.45
7989.45
7989.45
7989.45
7989.45
7989.45
7989.45
7989.45
7989.45
7989.45
7989.45
7989.45
7989.45
7989.45
7989.45
7989.45
7989.45
7989.45
7989.45
7989.45
7989.45
7989.45
7989.45
7989.45
7989.45
7989.45
7989.45
7989.45
7989.45
7989.45
7989.45
7989.45
7989.45
7989.45
7989.45
7989.45
7989.45
7989.45
7989.45
7989.45
7989.45
5596.07
5596.07
5596.07
5596.07
5596.07
5596.07
5596.07
5596.07
5596.07
5596.07
5596.07
5596.07
5596.07
5596.07
5596.07
5596.07
5596.07
5596.07
5596.07
5596.07
5596.07
5596.07
5596.07
5596.07
5596.07
5596.07
5596.07
5596.07
5596.07
5596.07
5596.07
5596.07
5596.07
5596.07
5596.07
5596.07
5596.07
5507.92
5507.92
5507.92
5507.92
5507.92
5507.92
5507.92
5507.92
5507.92
5507.92
5507.92
5507.92
5507.92
5507.92
5507.92
5507.92
5507.92
5507.92
5507.92
5507.92
5507.92
5507.92
5507.92
5507.92
5507.92
5113.44
5113.44
5113.44
5113.44
5113.44
5113.44
5113.44
5113.44
5113.44
5113.44
5113.44
5113.44
5113.44
5113.44
5113.44
5113.44
5113.44
5113.44
5113.44
5113.44
5113.44
5113.44
5113.44
5113.44
5113.44
5113.44
5113.44
5113.44
5113.44
5113.44
5113.44
5113.44
5113.44
5113.44
5113.44
5113.44
5113.44
5113.44
5113.44
5113.44
5113.44
5113.44
5113.44
5113.44
5113.44
5113.44
5113.44
5113.44
5113.44
5113.44
5113.44
5113.44
5113.44
5113.44
5113.44
5113.44
5113.44
5113.44
5113.44
5113.44
5113.44
5113.44
5113.44
5113.44
5113.44
5113.44
5113.44
5113.44
5113.44
5113.44
5113.44
5113.44
5113.44
5113.44
5113.44
5113.44
5113.44
5113.44
5113.44
5113.44
5113.44
5113.44
5113.44
5113.44
5113.44
5113.44
5113.44
5113.44
5113.44
5113.44
5113.44
5113.44
4612.91
4612.91
4612.91
4612.91
4612.91
4612.91
4612.91
4612.91
4612.91
4612.91
4612.91
4612.91
4612.91
4612.91
4612.91
4612.91
4612.91
4612.91
4612.91
4612.91
4612.91
4612.91
4612.91
4612.91
4612.91
4612.91
4612.91
4612.91
4612.91
4612.91
4612.91
4612.91
4612.91
4612.91
4612.91
4612.91
4612.91
4612.91
4612.91
4612.91
4612.91
4612.91
4612.91
4612.91
4612.91
4612.91
4612.91
4612.91
4612.91
4555.63
4555.63
4555.63
4555.63
4555.63
4555.63
4555.63
4555.63
4555.63
4555.63
4555.63
4555.63
4555.63
4555.63
4555.63
4555.63
4531.31
4531.31
4531.31
4531.31
4531.31
4335.64
4335.64
4335.64
4335.64
4335.64
4335.64
4335.64
4335.64
4335.64
4335.64
4335.64
4335.64
4335.64
4335.64
4335.64
4335.64
4335.64
4335.64
4335.64
4335.64
4335.64
4335.64
4335.64
4335.64
4335.64
4335.64
4335.64
4335.64
4335.64
4335.64
4335.64
4335.64
4335.64
4335.64
4335.64
4335.64
4335.64
4335.64
4335.64
4335.64
4335.64
4335.64
4335.64
4335.64
4335.64
4335.64
4335.64
4335.64
4335.64
4335.64
4226.56
4226.56
4226.56
4226.56
4226.56
4226.56
4226.56
4226.56
4226.56
4226.56
4226.56
4226.56
4226.56
4226.56
4226.56
4226.56
4226.56
4226.56
4226.56
4226.56
4226.56
4226.56
4226.56
4226.56
4226.56
4226.56
4226.56
4226.56
4226.56
4226.56
4226.56
4226.56
4226.56
4226.56
4226.56
4226.56
4226.56
4226.56
4226.56
4226.56
4226.56
4226.56
4226.56
4226.56
4226.56
4226.56
4226.56
4226.56
4226.56
4226.56
4226.56
4226.56
4226.56
4226.56
4226.56
4226.56
4226.56
4226.56
4226.56
4226.56
4226.56
4226.56
4226.56
4226.56
4226.56
4226.56
4226.56
4226.56
4226.56
4226.56
4226.56
4226.56
4226.56
4226.56
4226.56
4226.56
4226.56
4226.56
4226.56
4226.56
4226.56
4226.56
4226.56
4226.56
4226.56
4226.56
4226.56
4226.56
4226.56
4226.56
4226.56
4226.56
4226.56
4226.56
4226.56
4226.56
4226.56
4226.56
4226.56
4226.56
4226.56
4226.56
4226.56
4226.56
4226.56
4226.56
4226.56
4226.56
4226.56
4226.56
4226.56
4226.56
4226.56
4226.56
4226.56
4226.56
4226.56
4226.56
4226.56
4226.56
4226.56
4226.56
4226.56
4226.56
4226.56
4226.56
4226.56
4226.56
4226.56
4226.56
4226.56
4226.56
4226.56
4226.56
4226.56
4226.56
4226.56
4226.56
4226.56
4226.56
4226.56
4226.56
4226.56
4226.56
3793.89
3793.89
3793.89
3793.89
3793.89
3793.89
3793.89
3793.89
3793.89
3793.89
3793.89
3793.89
3793.89
3793.89
3793.89
3793.89
3793.89
3793.89
3793.89
3793.89
3793.89
3793.89
3793.89
3793.89
3793.89
3793.89
3793.89
3793.89
3793.89
3793.89
3793.89
3793.89
3793.89
3793.89
3793.89
3793.89
3793.89
3793.89
3793.89
3793.89
3793.89
3793.89
3793.89
3793.89
3793.89
3793.89
3793.89
3793.89
3793.89
3793.89
3793.89
3793.89
3793.89
3793.89
3793.89
3793.89
3793.89
3793.89
3793.89
3793.89
3793.89
3793.89
3793.89
3793.89
3793.89
3787.76
3787.76
3787.76
3787.76
3787.76
3787.76
3787.76
3787.76
3787.76
3787.76
3787.76
3787.76
3787.76
3787.76
3787.76
3787.76
3787.76
3787.76
3787.76
3787.76
3787.76
3764.26
3764.26
3764.26
3764.26
3764.26
3764.26
3764.26
3764.26
3764.26
3764.26
3764.26
3764.26
3764.26
3764.26
3764.26
3764.26
3764.26
3764.26
3764.26
3764.26
3764.26
3764.26
3764.26
3764.26
3764.26
3764.26
3764.26
3764.26
3764.26
3764.26
3764.26
3764.26
3764.26
3764.26
3764.26
3764.26
3764.26
3764.26
3764.26
3764.26
3764.26
3764.26
3764.26
3764.26
3764.26
3764.26
3764.26
3764.26
3764.26
3764.26
3764.26
3764.26
3764.26
3764.26
3764.26
3764.26
3764.26
3764.26
3764.26
3764.26
3764.26
3764.26
3764.26
3764.26
3764.26
3764.26
3764.26
3684.37
3684.37
3684.37
3684.37
3684.37
3684.37
3684.37
3684.37
3684.37
3684.37
3684.37
3684.37
3684.37
3684.37
3684.37
3684.37
3684.37
3684.37
3684.37
3684.37
3684.37
3684.37
3684.37
3684.37
3684.37
3684.37
3684.37
3684.37
3684.37
3684.37
3684.37
3684.37
3684.37
3684.37
3684.37
3684.37
3684.37
3684.37
3684.37
3684.37
3684.37
3684.37
3684.37
3684.37
3684.37
3684.37
3684.37
3684.37
3684.37
3684.37
3684.37
3684.37
3673.47
3673.47
3673.47
3594.18
3594.18
3594.18
3594.18
3594.18
3594.18
3594.18
3594.18
3594.18
3594.18
3594.18
3594.18
3594.18
3594.18
3594.18
3594.18
3594.18
3594.18
3594.18
3594.18
3594.18
3594.18
3594.18
3594.18
3594.18
3594.18
3594.18
3594.18
3573.71
3573.71
3573.71
3573.71
3573.71
3573.71
3573.71
3573.71
3573.71
3573.71
3573.71
3573.71
3573.71
3573.71
3573.71
3573.71
3573.71
3573.71
3573.71
3573.71
3573.71
3573.71
3573.71
3573.71
3573.71
3573.71
3573.71
3492.4
3492.4
3492.4
3492.4
3492.4
3492.4
3492.4
3492.4
3492.4
3492.4
3492.4
3492.4
3492.4
3492.4
3492.4
3492.4
3492.4
3492.4
3492.4
3492.4
3492.4
3492.4
3492.4
3492.4
3492.4
3492.4
3492.4
3492.4
3492.4
3492.4
3492.4
3492.4
3492.4
3492.4
3492.4
3492.4
3492.4
3492.4
3492.4
3492.4
3492.4
3492.4
3492.4
3492.4
3492.4
3492.4
3492.4
3492.4
3492.4
3492.4
3492.4
3492.4
3492.4
3492.4
3492.4
3492.4
3492.4
3492.4
3492.4
3492.4
3492.4
3492.4
3492.4
3492.4
3492.4
3492.4
3492.4
3492.4
3492.4
3492.4
3492.4
3492.4
3492.4
3492.4
3492.4
3492.4
3492.4
3492.4
3492.4
3492.4
3492.4
3492.4
3492.4
3492.4
3492.4
3492.4
3492.4
3492.4
3492.4
3492.4
3492.4
3492.4
3492.4
3492.4
3492.4
3492.4
3492.4
3492.4
3492.4
3492.4
3492.4


-3.00943
1.6517
-1.30845
3.09915
-4.06423
1.72765
-4.1616
-0.762604
-1.14732
-1.96064
1.87687
-2.87056
1.80444
-1.31306
-2.07815
-0.987503
-3.60296
4.28694
-1.32009
-2.26966
-5.48699
2.48465
-4.2482
2.20056
2.6765
-2.74246
3.72124
-4.70055
-5.64374
9.68274

0.048

