45.3956
45.3956
45.3956
45.3956
45.3956
37.6358
32.1449
32.1449
33.1788
29.5868
29.5868
24.6668
24.6668
24.7954
24.7954
24.7954
29.5868
29.5868
22.7444
22.7444
22.9714
22.9714
22.9714
23.9537
21.8399
21.8399
23.5261
21.4316
21.4316
21.2423
22.0972
21.3177
21.3177
21.3177
21.3177
18.5555
18.5555
18.5555
18.5555
18.5555
18.5555
19.7502
18.8196
18.8196
18.8196
18.8196
18.8196
18.809
18.809
18.809
18.809
18.3313
18.6722
18.6722
18.6722
18.6722
17.8894
17.8894
18.1918
16.595
16.595
16.595
14.8421
13.1528
13.1528
13.1528
14.231
14.231
12.5386
12.5386
12.5386
12.5386
12.5386
12.5386
12.5386
13.4421
13.4421
13.4421
13.5663
13.5663
11.8314
11.8314
11.2107
10.9334
10.9334
10.9334
10.9334
10.9341
10.9341
10.9341
10.9341
10.6016
10.6016
10.6016
10.6016
9.62225
9.62225
9.62225
10.3445
7.71575
7.71575
7.71575
7.71575
7.71575
7.71575
7.71575
8.21385
10.217
9.57191
9.3661
9.3661
9.3661
9.3661
9.3661
9.3661
9.3661
9.3661
9.08608
9.08608
9.08608
9.08608
8.16879
8.16879
8.17907
8.17907
8.17907
8.17907
8.62221
8.62221
6.99722
6.99722
6.71993
6.99722
6.99722
6.99722
7.18514
7.18514
7.18514
7.18514
7.18514
7.18514
7.18514
7.18514
7.18514
6.82015
6.82015
6.82015
6.82015
6.82015
6.82015
6.82015
6.82015
6.82015
6.82015
6.82015
6.82015
6.82015
6.82015
6.29006
6.28141
6.28141
6.82015
7.23484
7.23484
7.23484
7.6014
7.6014
7.6014
7.57702
7.04492
7.04492
6.72702
6.28333
6.28333
6.22121
6.37038
5.98154
5.98154
5.98154
6.44705
6.44705
5.48712
5.48712
5.48712
5.48712
5.48712
5.09829
5.09829
4.30611
3.97874
3.97874
3.97874
3.97874
3.97874
3.97874
3.97874
5.25474
5.25474
5.25474
5.65835
5.72387
5.72387
5.72387
5.20612
5.20612
5.20612
5.20612
5.20612
5.20612
5.20612
5.20612
5.20612
5.50349
5.50349
5.43825
5.43825
5.1467
5.1467
5.1467
4.33158
4.33158
4.33158
4.84871
4.84871
4.9428
4.9428
4.59724
4.60822
4.60822
4.60822
4.60822
4.60822
4.60315
4.64303
4.13656
4.13656
4.3744
4.3744
4.3744
4.3744
4.3744
4.57654
4.57654
4.57654
4.84083
5.65849
5.65849
5.65849
5.65849
5.65849
5.65849
5.65849
5.65849
5.65849
5.61269
5.61269
5.43285
5.10297
5.10297
5.10297
5.10297
5.10297
5.10297
4.82518
4.82518
4.82518
4.82518
4.82518
5.57833
5.57833
6.16463
4.748
4.748
4.748
5.34701
5.33063
5.11896
5.11896
5.11896
4.81146
3.70632
3.70632
3.70632
3.70632
3.46267
3.46267
3.46267
3.46267
3.31991
3.31991
3.31991
3.31991
3.61885
3.61885
3.61885
3.66341
3.66341
3.66341
3.66341
3.66341
3.66341
3.66341
3.66341
3.79875
3.79875
3.79875
3.45765
3.45765
3.44901
3.44901
3.44901
3.32538
3.57857
4.03504
4.05695
3.7775
3.54537
3.54537
3.21294
3.21294
3.21294
3.21294
3.5254
3.40874
3.40874
3.40874
3.40874
3.40874
3.40874
3.40874
3.40874
3.03685
3.03685
3.03685
3.03685
3.03685
3.03685
3.03685
2.56139
2.56139
2.90015
2.90015
2.90015
2.90015
2.90015
2.90015
2.90015
2.90015
2.90015
2.90015
2.90015
3.21661
3.21661
3.21661
3.21661
3.21661
3.3454
3.3454
3.3454
3.37798
3.58554
3.58554
3.58554
3.58554
3.85211
3.65553
3.65553
3.65553
3.65553
3.65553
3.65553
3.65553
3.64616
3.64616
3.85474
3.39405
3.39405
3.36241
3.36241
3.36241
3.36241
3.36241
3.36241
2.98395
3.09571
3.09571
3.09571
3.09571
3.09571
3.36241
3.36241
3.36241
3.36241
3.36241
3.39192
3.39192
3.39192
3.39192
3.39192
3.39192
3.11858
3.42828
3.42828
3.42828
3.42828
3.42828
3.42828
3.42828
3.48625
3.48625
3.48625
3.48625
3.48625
3.48625
3.16323
3.16323
3.37381
3.37381
3.37381
3.37381
3.37381
3.37381
3.43117
3.51397
3.51397
3.51397
3.51397
3.51397
3.51397
3.51397
3.51397
3.66046
4.02449
4.17566
4.00343
3.73208
3.73208
3.73208
3.73208
3.73208
4.0914
4.0914
4.05066
3.76299
4.05066
3.89835
4.05066
4.05066
3.81057
3.81057
3.29305
3.29305
3.29844
3.29844
3.24814
3.24814
3.24814
3.24814
3.24814
3.24814
3.12003
3.12003
2.98793
2.98793
2.98793
2.98793
2.98793
2.98793
3.11993
3.11993
3.11993
3.11993
3.11993
3.11457
3.11457
3.11457
2.85297
2.85297
2.85297
2.85297
2.85297
3.00383
3.00383
3.00383
3.00383
3.00383
3.00383
3.00383
2.88858
2.88858
3.05677
3.08488
3.08488
3.08488
3.08488
3.08488
3.08488
3.08488
3.08488
3.12707
3.15689
3.15689
3.15689
3.15689
3.15689
3.08863
3.08863
3.08863
3.08863
3.05244
3.08863
2.85494
2.85494
2.85494
2.83778
2.84127
2.84127
2.84127
2.84127
2.84185
2.80591
2.80591
2.80591
2.80591
2.80591
2.91388
2.91388
2.91388
2.91388
3.05585
2.96709
2.96709
2.96709
2.96709
2.96709
2.96709
3.05021
3.19154
3.19154
3.19154
3.19154
3.20803
3.20803
3.16684
3.16684
3.16684
3.22026
3.18903
3.18631
3.18903
3.18903
3.18903
3.18903
3.18903
3.18903
3.18903
3.18903
3.18903
3.18903
3.18903
3.05977
3.05977
3.1144
3.09442
2.84961
2.84961
2.84961
2.84961
2.96484
3.01366
3.01366
2.96924
2.96924
2.96924
2.96924
2.96924
2.96924
3.024
3.024
3.02912
3.02912
3.02912
2.94044
2.94044
2.84638
2.8598
2.62453
2.8598
2.8598
2.8598
2.8598
2.79888
2.79888
2.88064
2.88064
2.88064
2.88064
2.88064
2.75726
2.75726
2.75726
2.75726
2.75726
2.49439
2.43011
2.56337
2.57687
2.57687
2.57687
2.57687
2.57687
2.57687
2.57687
2.52133
2.52133
2.52133
2.3943
2.3943
2.3943
2.3943
2.3943
2.3943
2.3943
2.3943
2.3943
2.3943
2.3943
2.3943
2.17257
2.17257
2.17257
2.17257
2.17257
2.17257
2.17257
2.17257
2.17257
2.17257
2.42479
2.56711
2.56711
2.48412
2.48412
2.48412
2.48412
2.27986
2.27986
2.17385
2.17385
2.17385
2.26112
2.3037
2.3037
2.3037
2.3037
2.38028
2.38028
2.38028
2.38028
2.38028
2.38028
2.38028
2.38028
2.38028
2.38028
2.38028
2.38028
2.38028
2.51956
2.51956
2.51956
2.51956
2.51956
2.51956
2.51956
2.46959
2.46959
2.46959
2.46959
2.46959
2.57429
2.57429
2.57429
2.57429
2.57429
2.57429
2.57429
2.66222
2.66222
2.66222
2.5807
2.5807
2.5807
2.52981
2.52981
2.52981
2.52981
2.43573
2.43573
2.43573
2.43573
2.43573
2.30938
2.30938
2.30938
2.44409
2.44409
2.41323
2.41323
2.2969
2.37429
2.37429
2.37429
2.37429
2.37429
2.38335
2.34571
2.34571
2.34025
2.34025
2.34025
2.34025
2.34025
2.34025
2.34025
2.34025
2.34025
2.34025
2.34025
2.44866
2.44866
2.44866
2.43968
2.38639
2.42862
2.14791
2.14791
2.14791
2.14791
2.14791
2.14791
2.14791
2.14791
2.14791
2.14791
2.06832
2.06832
2.06832
2.06832
2.06832
2.06832
2.06832
2.06832
2.06832
2.19979
2.19979
2.25454
2.25454
2.25454
2.25454
2.25454
2.27817
2.27817
2.27817
2.264
2.264
2.02513
2.02513
2.02513
2.02513
2.02513
1.89602
1.84746
1.84746
2.00739
2.00739
2.00739
2.00739
2.00739
2.00739
2.17495
2.16172
2.13721
2.13721
2.05805
2.09727
2.09727
2.10103
2.10103
2.10103
2.12272
2.12272
2.08712
2.08712
2.08712
2.08712
2.13797
2.04749
2.04749
2.04749
2.04749
2.04749
2.04749
2.03849
2.03849
2.11855
2.08636
2.08636
2.08636
2.08636
2.08636
2.02265
2.02265
2.02265
2.02265
2.02265
2.07459
2.01938
2.07459
2.07459
2.07459
2.07459
2.07459
2.07459
1.99609
1.99609
1.99609
1.99609
1.99609
1.99609
1.99609
1.95781
1.95781
1.95892
1.9058
1.9058
1.95117
1.95892
1.97514
1.97514
1.97514
1.97514
2.02871
2.02871
2.02871
2.02871
1.94994
1.94994
1.99773
1.99154
1.99154
1.99154
1.99154
1.99154
1.99154
1.99154
1.99154
1.99154
1.99494
1.99494
1.99494
1.99494
1.99494
1.99494
1.99494
1.99494
1.99494
1.96645
1.96439
1.78906
1.78906
1.79046
1.79046
1.8511
1.8511
1.76253
1.8511
1.8511
1.8511
1.8511
1.85095
1.8511
1.8511
1.86402
1.86402
1.78062
1.78062
1.78062
1.78062
1.78062
1.78062
1.78062
1.78062
1.78062
1.78062
1.78062
1.78062
1.78062
1.78062
1.78062
1.78062
1.78062
1.78062
1.78062
1.78062
1.78062
1.78062
1.83522
1.84089
1.82311
1.81387
1.81387
1.81387
1.81387
1.81387
1.81387
1.81387
1.81387
1.81387
1.81387
1.77306
1.83064
1.84045
1.82581
1.82581
1.82011
1.82011
1.82011
1.67753
1.67753
1.67753
1.67753
1.67753
1.67753
1.67753
1.67753
1.67753
1.67753
1.67753
1.76519
1.77529
1.77529
1.73724
1.73724
1.73724
1.73724
1.77359
1.77359
1.77359
1.77359
1.77359
1.77359
1.77359
1.77359
1.76939
1.72434
1.72434
1.72434
1.72434
1.72434
1.72434
1.72434
1.72434
1.72434
1.72434
1.72434
1.7639
1.7639
1.76737
1.78975
1.78975
1.7674
1.70546
1.70546
1.70546
1.70546
1.72178
1.72178
1.72178
1.72178
1.72178
1.59702
1.59702
1.59702
1.59702
1.59702
1.59702
1.59702
1.59702
1.59702
1.59702
1.59702
1.59702
1.59702
1.59702
1.59702
1.59702
1.59702
1.59702
1.59702
1.65964
1.68832
1.68832
1.68832
1.68832
1.75173
1.75173
1.71897
1.71897
1.68479
1.68479
1.67558
1.67558
1.70782
1.69565
1.70494
1.58132
1.58132
1.70782
1.61414
1.6434
1.6434
1.6434
1.6434
1.6434
1.6434
1.6434
1.6434
1.6434
1.6434
1.6434
1.72332
1.72332
1.72332
1.72332
1.72332
1.72332
1.72332
1.72332
1.72332
1.72332
1.72332
1.72332
1.72332
1.72332
1.72332
1.72332
1.72332
1.72332
1.72332
1.72332
1.72332
1.72332
1.72332
1.72332
1.80647
1.80647
1.80647
1.80647
1.83983
1.85597
1.85597
1.85597
1.85597
1.85597
1.91367
1.91367
1.91367
1.91367
1.8414
1.8414
1.8414
1.8414
1.8414
1.8414
1.8414
1.8414
1.91152
1.91152
1.91152
1.91152
1.92535
1.96071
1.96071
1.88536
1.81134
1.81134
1.81134
1.96071
1.90838
1.94376
1.88925
1.97478
1.92264
1.92264
1.84632
1.84632
1.78327
1.79852
1.79852
1.79852
1.82266
1.82266
1.82266
1.82266
1.82266
1.82266
1.82266
1.82266
1.82266
1.82266
1.82266
1.82266
1.82266
1.82266
1.82266
1.82266
1.85016
1.85016
1.85016
1.85016
1.85016
1.92219
1.87084
1.87084
1.87084
1.82481
1.63919
1.63919
1.63919
1.63919
1.66953
1.66953
1.71205
1.71205
1.71205
1.71205
1.73478
1.77841
1.77841
1.77841
1.77841
1.8569
1.8569
1.86493
1.87488
1.87488
1.87488
1.87488
1.87324
1.87324
1.83897
1.83897
1.83897
1.83897
1.83897
1.83897
1.8775
1.8775
1.8775
1.94146
1.94146
1.98545
1.98545
1.98545
1.94823
1.94823
1.94823
1.94823
1.94823
1.94823
1.96196
1.99693
1.97625
1.97625
1.97625
1.96231
1.94819
1.95049
1.97134
1.97134
1.97134
1.98026
1.98026
1.92471
1.8516
1.8516
1.8516
1.82
1.82
1.82
1.82
1.82
1.82
1.82
1.82
1.82
1.82
1.82
1.82
1.82
1.82
1.82
1.77281
1.77281
1.79932
1.782
1.79954
1.79954
1.79954
1.79954
1.84096
1.86762
1.86762
1.86762
1.72462
1.72462
1.72462
1.72462
1.73237
1.73237
1.73237
1.78664
1.78664
1.78664
1.78664
1.70587
1.70587
1.70587
1.63535
1.63535
1.63535
1.63535
1.63535
1.63535
1.63535
1.63535
1.63535
1.63535
1.63535
1.63535
1.66345
1.67364
1.67364
1.67364
1.67364
1.75235
1.75235
1.75235
1.75235
1.7034
1.7034
1.7034
1.7034
1.7034
1.7034
1.7034
1.7034
1.7034
1.7034
1.7034
1.7034
1.7034
1.7034
1.74052
1.74052
1.68832
1.68832
1.65189
1.65189
1.67138
1.67232
1.67232
1.67232
1.67232
1.67232
1.68791
1.70096
1.70096
1.71857
1.71374
1.71374
1.71374
1.71374
1.71374
1.71374
1.71374
1.71251
1.71251
1.71251
1.72808
1.72808
1.72808
1.72808
1.72808
1.72808
1.72808
1.73983
1.73983
1.73983
1.73983
1.73983
1.73983
1.77445
1.77445
1.80921
1.81352
1.81352
1.80366
1.77852
1.76629
1.77852
1.77852
1.77852
1.77852
1.77852
1.77852
1.77852
1.82633
1.82633
1.82633
1.82633
1.82564
1.84532
1.84532
1.84532
1.84532
1.84532
1.75725
1.78736
1.78736
1.79082
1.79082
1.79082
1.79082
1.79082
1.79082
1.79082
1.79082
1.76704
1.76704
1.76704
1.76704
1.76704
1.72022
1.72022
1.72022
1.72022
1.70706
1.70706
1.70706
1.70706
1.70706
1.70706
1.70706
1.68516
1.68516
1.68516
1.68516
1.71217
1.71217
1.71217
1.68134
1.68134
1.71217
1.71217
1.71217
1.71877
1.71877
1.71877
1.72395
1.72395
1.73197
1.73197
1.73197
1.73197
1.73197
1.73197
1.71983
1.71983
1.71983
1.71983
1.71983
1.71983
1.71983
1.71983
1.71983
1.71849
1.71849
1.71983
1.7055
1.7055
1.7055
1.7055
1.7055
1.7055
1.71458
1.71458
1.71458
1.71458
1.60752
1.60752
1.60752
1.60752
1.60752
1.60752
1.60752
1.60752
1.60752
1.64215
1.64215
1.72054
1.62987
1.62987
1.62987
1.62987
1.70421
1.66129
1.66129
1.61682
1.61682
1.61682
1.61682
1.62396
1.58622
1.59
1.58445
1.58445
1.58445
1.59031
1.61985
1.61985
1.61985
1.61985
1.61985
1.61985
1.58518
1.58518
1.62122
1.60723
1.60723
1.60723
1.60723
1.60723
1.60723
1.60723
1.60723
1.64727
1.64727
1.64727
1.62087
1.62087
1.64128
1.52394
1.59529
1.59529
1.59529
1.59529
1.59529
1.59529
1.61648
1.61353
1.61648
1.61648
1.61648
1.61648
1.6125
1.6125
1.6125
1.6125
1.6125
1.6125
1.6125
1.59599
1.59599
1.59599
1.59599
1.62016
1.62016
1.60346
1.60346
1.60273
1.60273
1.53689
1.53689
1.53689
1.53689
1.53689
1.53689
1.53689
1.55877
1.56635
1.56635
1.56635
1.56635
1.56635
1.56635
1.56635
1.56635
1.56635
1.56635
1.53099
1.54146
1.54146
1.54146
1.55123
1.53569
1.54709
1.54709
1.56093
1.51652
1.51652
1.51652
1.51652
1.51652
1.51559
1.51559
1.51652
1.44502
1.44502
1.44502
1.44502
1.44502
1.44502
1.44502
1.44502
1.44502
1.44502
1.44502
1.50285
1.56372
1.56372
1.56373
1.56373
1.55887
1.57462
1.57462
1.57462
1.57462
1.53045
1.53045
1.53045
1.56204
1.54315
1.57657
1.57657
1.57657
1.57657
1.57657
1.57657
1.57657
1.57657
1.57657
1.57657
1.57657
1.57657
1.57657
1.57657
1.57657
1.57657
1.53709
1.53709
1.57354
1.57354
1.56944
1.56944
1.56944
1.5486
1.57253
1.57253
1.57253
1.57376
1.57376
1.57376
1.57376
1.57376
1.57376
1.57376
1.54118
1.54118
1.54118
1.54118
1.53825
1.51214
1.51214
1.51214
1.51214
1.51214
1.51214
1.48076
1.48076
1.48076
1.50774
1.51699
1.56858
1.56778
1.56778
1.56778
1.56778
1.56778
1.5345
1.5345
1.50788
1.52011
1.52011
1.52011
1.52011
1.52011
1.52011
1.52594
1.52906
1.52907
1.53067
1.53067
1.53067
1.53067
1.52784
1.52784
1.52784
1.52784
1.52784
1.55222
1.55222
1.55222
1.55222
1.47701
1.47701
1.47701
1.47701
1.48323
1.48323
1.48323
1.48323
1.52867
1.52867
1.52867
1.53916
1.533
1.533
1.53916
1.53916
1.52946
1.52946
1.52946
1.52946
1.55076
1.55076
1.55076
1.55076
1.55076
1.55076
1.55076
1.56556
1.56556
1.56556
1.56556
1.54876
1.54876
1.54876
1.52852
1.52852
1.52852
1.52852
1.58234
1.58234
1.58234
1.58234
1.58234
1.58234
1.56887
1.56887
1.56887
1.56887
1.55098
1.55098
1.55098
1.55098
1.55098
1.56291
1.56291
1.55147
1.55147
1.55147
1.51064
1.51064
1.51064
1.51064
1.51064
1.51064
1.49551
1.49551
1.49551
1.49551
1.49551
1.49551
1.49551
1.49551
1.49551
1.49551
1.48377
1.48377
1.48377
1.47908
1.47908
1.47908
1.46478
1.47406
1.47406
1.47406
1.47406
1.47406
1.47908
1.47908
1.3759
1.3759
1.3759
1.3759
1.3759
1.3759
1.3759
1.3759
1.34096
1.36043
1.36043
1.3759
1.3759
1.3759
1.3759
1.3759
1.3759
1.3759
1.3759
1.39676
1.39676
1.39676
1.39676
1.39565
1.39565
1.39565
1.39565
1.39565
1.39565
1.39565
1.38677
1.38677
1.38677
1.38677
1.38677
1.38515
1.39565
1.48998
1.48998
1.48998
1.48998
1.42712
1.42712
1.42712
1.3824
1.3824
1.3824
1.3824
1.3824
1.3824
1.3824
1.40581
1.40581
1.40581
1.40581
1.40581
1.40581
1.45455
1.45455
1.45455
1.44053
1.44053
1.44053
1.44053
1.44053
1.44053
1.44053
1.45818
1.49248
1.49248
1.49248
1.49248
1.40052
1.40052
1.40052
1.40052
1.40052
1.40052
1.40067
1.40067
1.39446
1.39224
1.39446
1.39446
1.3974
1.30055
1.30055
1.30055
1.3974
1.3974
1.3974
1.35372
1.35372
1.35372
1.35372
1.35372
1.35372
1.35372
1.35372
1.35372
1.35372
1.35372
1.35372
1.34855
1.34855
1.34855
1.34855
1.30488
1.31355
1.31355
1.27315
1.32038
1.31516
1.27349
1.21275
1.21275
1.21275
1.21275
1.21275
1.21275
1.22624
1.24796
1.24796
1.24796
1.24796
1.24796
1.24796
1.30625
1.30625
1.30625
1.30625
1.30625
1.30625
1.30625
1.29556
1.30625
1.30625
1.30625
1.30625
1.30625
1.30625
1.30625
1.30625
1.30043
1.31573
1.31573
1.27816
1.27816
1.28951
1.28951
1.31626
1.31626
1.31626
1.31626
1.31626
1.31626
1.31626
1.31626
1.31626
1.31626
1.35222
1.35222
1.35222
1.35222
1.35222
1.35222
1.35222
1.35222
1.35222
1.35222
1.43054
1.43054
1.42881
1.42881
1.42881
1.42881
1.42881
1.42881
1.40578
1.40123
1.40123
1.36998
1.36998
1.36998
1.36998
1.36998
1.36998
1.36998
1.36998
1.36998
1.36998
1.39342
1.39342
1.42427
1.42427
1.42989
1.42989
1.42989
1.42989
1.42989
1.42989
1.42989
1.42989
1.42989
1.42989
1.42989
1.42989
1.42989
1.55189
1.49821
1.4923
1.4923
1.49821
1.49821
1.49821
1.49821
1.49821
1.55189
1.55189
1.55189
1.42437
1.43634
1.43634
1.43634
1.43634
1.43634
1.43634
1.43634
1.43634
1.43634
1.43634
1.53111
1.6324
1.6324
1.6324
1.6324
1.6324
1.6316
1.6316
1.6316
1.6316
1.6316
1.62606
1.62606
1.62606
1.62606
1.62606
1.62606
1.62606
1.62606
1.63161
1.63161
1.55263
1.57157
1.61204
1.5209
1.5209
1.5209
1.5209
1.5209
1.5209
1.61204
1.61204
1.61204
1.61204
1.61204
1.61204
1.67431
1.67431
1.67431
1.67431
1.67431
1.83371
1.85294
1.83036
1.83036
1.83036
1.83036
1.83036
1.88876
1.88876
1.88876
1.88876
1.88876
1.88876
1.90241
1.90241


-0.0640902
-0.00320734
-0.0248033
-0.0281666
-0.0170647
-0.030197
-0.039115
-0.0429213
-0.0427607
-0.0368754
0.00778208
-0.0271685
-0.0320852
-0.0330205
-0.0379893
-0.0309258
-0.0230396
-0.0366554
-0.0338845
-0.0244502
-0.00901626
-0.0434403
-0.0293209
-0.0258089
-0.0449945
-0.0299299
-0.0539988
0.0377343
0.0297821
-0.292517

0.02

