2454.69
2454.69
1322.46
1103.98
1322.46
1320.78
1320.78
1077.11
1054.1
1054.1
805.064
805.064
918.037
918.037
918.037
918.037
822.232
822.232
822.232
822.232
822.232
710.592
710.592
660.768
660.768
713.16
698.766
524.332
524.332
524.332
524.332
524.332
524.332
346.659
346.659
346.659
290.601
319.005
319.005
319.005
319.005
319.005
322.34
322.34
433.158
433.158
433.158
257.093
250.056
260.768
260.768
275.479
222.085
222.085
222.085
222.085
222.085
222.085
204.352
204.352
199.903
199.903
212.449
212.449
212.449
193.55
193.55
193.55
209.08
209.08
209.08
209.08
209.08
173.271
192.801
192.801
192.801
192.801
192.801
192.801
188.176
188.176
176.02
176.02
176.02
202.612
193.159
193.159
164.855
159.941
161.569
164.855
164.855
180.364
180.364
180.364
180.364
180.364
170.237
173.026
173.026
173.026
143.142
161.286
155.211
130.137
130.137
130.137
130.137
130.137
130.137
131.059
131.059
131.059
131.059
131.059
131.059
119.904
119.904
121.657
121.657
121.657
123.648
129.66
131.059
127.518
131.059
131.059
131.059
131.059
131.059
131.059
131.059
131.059
127.963
127.963
127.963
127.963
109.557
109.557
109.557
109.557
109.557
109.557
109.557
104.17
104.17
117.078
117.078
117.078
108.64
108.64
108.64
108.64
108.64
108.64
108.64
108.986
108.986
108.986
113.564
113.564
113.564
113.564
113.564
113.564
113.564
113.564
113.564
113.564
113.564
112.959
112.959
103.469
95.6377
95.6377
95.6377
95.6377
95.6377
95.6377
95.6377
85.5789
85.5789
85.5789
85.5789
85.5789
85.5789
80.9511
80.9511
89.9032
89.9032
89.9032
89.9032
89.9032
89.9032
89.9032
89.9032
89.9032
89.9032
89.9032
89.9032
85.369
85.369
85.369
73.7084
73.7084
73.7084
73.7084
82.6937
82.5312
63.4305
63.6068
63.6068
61.8549
61.8549
61.8549
65.3013
65.3013
65.3013
65.3013
65.3013
65.3013
65.3013
65.3013
65.3013
65.3013
65.3013
65.3013
65.3013
65.3013
65.3013
65.3013
65.3013
65.3013
65.3013
65.3013
89.3072
82.6068
82.6068
80.3426
79.8511
79.8511
79.8511
79.8511
79.8511
79.8511
79.8511
75.8645
75.8645
75.8645
75.7145
75.7145
75.7145
75.7145
75.7145
75.7145
75.7145
66.3816
66.3816
66.3816
66.3816
66.3816
66.4221
66.4221
66.8501
66.8501
69.0463
69.0463
66.0427
66.0427
66.0427
66.0427
64.4598
64.4598
64.4598
64.4598
64.4598
64.4598
64.4598
64.4598
64.4598
69.0901
69.0901
69.0901
69.0901
61.0461
57.5429
57.5429
57.7268
57.7268
57.7268
57.7268
57.7268
57.7268
56.2954
56.2954
56.2954
56.2954
56.9363
56.9363
56.9363
56.9363
56.9363
56.9363
56.9363
56.9363
54.6485
54.6485
54.6485
51.6951
51.6951
51.6951
51.6951
48.8657
48.8657
48.8657
48.14
48.14
48.14
48.14
50.1463
50.1463
50.1463
49.8451
49.8451
49.8451
49.0376
49.0376
49.0376
49.0376
49.0376
49.0376
49.0376
49.0376
48.1725
48.1725
47.8542
47.8542
46.2447
46.2447
46.2447
46.2447
46.334
46.334
43.6417
43.6417
43.6417
45.4452
45.4452
44.2705
43.3608
43.3608
43.3608
47.3456
47.3456
46.6898
48.7844
48.7844
48.7844
48.7844
48.7844
46.9215
46.9215
44.6129
44.6129
44.6129
48.5136
48.5136
48.5136
48.5136
48.5136
48.5136
45.4989
45.4989
45.4989
49.5386
49.5386
43.3726
43.3726
43.3726
43.3726
41.8525
36.963
36.963
36.963
36.963
36.963
36.963
41.8525
41.8525
39.083
40.3517
42.0512
42.0512
42.8685
42.8685
42.8685
42.8685
42.8685
42.8685
42.8685
40.2137
40.2137
40.2137
44.1422
44.1422
44.1422
44.1422
44.1422
41.01
41.325
41.325
41.325
41.325
41.325
41.325
41.325
41.325
41.325
41.325
37.2487
37.2487
37.2487
35.6115
35.6115
35.6115
35.6115
35.6115
35.6115
32.1626
32.1626
32.1626
32.1626
32.1626
39.2419
39.1555
39.1555
39.3977
39.3977
39.3977
39.3977
39.3977
39.3977
44.0678
43.0563
37.4645
37.4645
37.4645
37.4645
35.546
35.546
37.4645
33.6872
33.6872
33.6872
33.6872
31.0068
31.0068
31.0068
31.0068
31.0068
31.0068
31.0068
31.0068
31.0068
31.0068
31.0068
33.9863
33.9863
33.9863
35.1911
35.1911
35.1911
35.1911
35.1911
35.1911
35.1911
35.1911
35.1911
35.1911
35.1911
30.2408
30.2408
30.2408
30.2408
27.4897
27.4897
27.4897
27.4897
27.4897
27.4897
27.4897
35.1254
35.1254
35.1254
35.1254
35.1254
35.1254
35.1254
35.1254
35.1254
35.1254
35.1254
35.1254
35.1254
35.1254
35.1254
35.1254
35.1254
35.1254
35.1254
35.1254
35.1254
35.1254
36.9966
36.9966
36.9966
36.9966
36.9966
36.9966
36.9966
36.9966
36.9966
36.9966
36.9966
36.9966
36.9966
40.1618
40.1618
40.1688
41.6178
41.6178
41.6178
41.6178
41.7706
41.7706
42.5076
42.5076
42.5076
42.5076
42.5076
42.5076
42.5076
42.5076
42.5076
42.5076
42.5076
42.5076
42.5076
42.6246
42.6246
42.6246
42.6246
42.9132
42.9132
43.1003
43.1003
44.166
44.166
44.166
44.166
44.166
44.166
44.166
44.166
44.166
44.166
44.166
44.166
44.166
44.166
46.1496
46.1496
46.3421
46.3421
46.3421
46.3421
46.0334
46.0334
46.0334
46.0334
43.5121
43.5121
41.5435
41.5435
43.5121
44.6736
38.7392
38.7392
38.7392
38.7392
38.7392
38.7392
37.4653
37.4653
37.4653
37.4653
37.4653
37.8462
37.8462
37.8462
37.8462
37.8462
37.8462
37.8462
37.8462
37.8462
37.8462
37.8462
45.6771
45.6771
45.6771
45.6771
45.6771
45.6771
45.6771
45.6771
45.6771
45.6771
45.6771
45.6771
44.1886
44.1886
44.1886
44.2984
45.5392
45.5392
45.5392
46.7324
46.7324
46.7324
46.7324
46.7324
45.0363
45.0363
45.0363
45.0363
45.0363
44.6122
44.5879
42.2509
42.2509
43.6147
43.825
43.0166
43.0166
44.5879
44.5879
44.5879
44.5879
41.3708
41.3708
41.3708
41.3708
41.3708
41.3708
41.3708
41.3708
41.3708
41.3708
41.3708
45.0142
45.0142
45.0142
43.5748
43.5748
43.5748
43.5748
43.7999
43.7999
43.8494
42.1801
42.1801
42.1801
42.1801
42.2585
42.2585
43.7081
42.4709
42.4709
42.4709
42.4709
42.4709
42.4923
42.4923
42.4923
42.4923
42.4923
42.4923
42.4923
41.3799
40.314
40.046
40.046
40.046
40.046
40.046
41.0037
41.5221
41.5221
41.5221
34.0791
32.6569
32.6569
32.6569
32.6569
32.6569
34.4498
35.8425
35.8425
36.6378
37.1891
37.1891
37.1891
37.1891
35.2803
33.3538
33.7423
33.7423
33.7423
32.4559
34.7753
34.6999
36.0275
36.0275
34.3369
36.4837
36.4837
36.4837
36.4837
36.4837
36.4837
37.1891
37.1891
37.1891
37.1891
33.3188
33.3188
34.9975
32.5725
32.6547
33.6163
33.6163
33.6163
33.6163
33.6163
33.6163
33.6163
33.6163
33.6163
33.6163
33.6163
33.6163
33.6163
33.6163
33.6163
33.6163
33.6163
33.6163
33.6163
33.6163
33.6163
33.6163
33.6163
35.1624
35.0082
33.3905
33.3905
33.3905
33.3905
33.3905
33.3905
33.3905
33.8036
28.282
28.282
28.282
28.282
28.282
28.282
29.5662
29.5662
29.5662
29.5662
29.6939
29.6939
29.6939
29.6939
29.6939
29.6939
29.6939
29.6939
29.6939
29.6939
29.8016
29.8016
29.8016
29.9819
31.5196
31.5196
31.5196
31.5196
31.5196
31.5196
31.5196
31.5196
31.5196
31.5196
33.8175
33.8175
34.2474
31.2709
31.2709
31.2709
31.2709
33.3923
33.3923
33.3923
33.3923
33.3923
33.3923
33.3923
33.3923
34.1575
34.1575
34.1575
34.1575
34.1575
34.1575
34.1575
34.1575
35.2702
34.0854
34.0854
34.0854
34.0854
34.0854
34.0854
34.0854
33.6195
33.6195
33.6195
33.6195
33.6195
33.6195
33.6195
33.6195
33.6195
33.6195
33.6195
33.6195
34.5637
34.7887
34.7887
34.926
34.926
34.7927
35.0438
35.0438
35.0808
35.0808
35.0808
35.0808
35.0808
35.0808
35.266
35.266
36.0937
36.0937
33.653
33.653
33.653
34.4373
34.4373
34.4373
34.4373
34.4373
34.4373
34.4373
33.821
33.821
33.821
33.9463
34.4445
34.4445
34.4445
34.4445
34.4445
34.4445
34.4445
35.1071
35.1071
35.1071
35.1071
35.1071
35.1071
35.1071
35.1071
35.1071
31.6175
31.6175
31.6175
31.6175
31.6175
31.6175
31.6175
31.6175
31.6175
31.6175
31.6175
31.6175
31.6175
31.6175
31.6175
31.5789
31.5789
31.5789
31.6693
31.6693
33.1032
33.1032
33.1032
33.1032
35.1019
35.1978
35.1978
37.4121
37.4121
37.4121
37.4121
37.3933
37.2462
37.2462
37.2462
37.2462
36.9237
37.0239
37.0239
36.7994
36.7994
36.7994
36.3224
37.0808
37.0808
37.0808
36.4597
35.0644
35.0644
36.4597
36.4597
36.536
36.536
36.536
36.536
37.3744
37.4795
37.4795
36.5272
36.5272
36.5272
36.3969
36.3422
36.3391
36.3391
36.3391
36.3391
35.2787
35.2787
35.2787
35.2787
35.2787
35.2787
35.2787
35.2787
34.3587
34.9534
32.8175
32.8175
34.2828
34.2828
34.2828
34.2828
34.2828
34.2019
34.2019
33.5665
33.5665
33.5665
33.5665
33.5665
33.5665
34.2019
34.2019
34.2019
34.2019
34.2019
34.2019
34.2019
34.2019
34.2828
34.2828
34.2828
34.2828
34.2828
34.2828
34.2828
34.2828
34.2828
34.2828
34.2828
34.2828
34.2828
33.3728
33.3728
33.3728
33.3728
35.2002
35.2002
35.4023
35.4023
35.4023
35.4023
35.4023
35.4023
35.4023
35.4023
35.4023
35.4023
35.4023
36.1751
36.2007
36.2232
36.478
36.478
35.8807
35.547
35.9632
34.2784
34.2784
34.2784
34.2784
34.2784
34.2784
34.2784
32.2777
32.2777
32.2777
32.2777
32.2777
32.2777
32.2777
32.2777
32.2777
32.2777
32.2777
32.2777
35.142
35.142
34.6984
34.6984
34.5354
34.5354
34.5354
34.5354
34.5354
34.0647
34.0647
34.0647
31.6423
31.6423
31.6423
33.0953
33.3113
33.4815
33.4815
33.4815
34.0647
33.9046
33.9046
33.9046
33.9046
33.495
33.495
33.495
33.5627
33.5627
33.5627
32.4125
32.4125
32.4125
32.4125
32.4125
32.4125
32.4125
32.3218
32.3218
32.3218
31.7106
31.7106
31.7106
31.7106
31.7106
31.7106
30.3694
30.3694
30.3694
30.3694
30.7834
30.7834
30.7834
30.7834
30.7834
31.8984
31.8984
31.8984
30.7932
30.7932
31.3314
32.8905
32.8905
32.8905
32.7123
32.4375
32.103
32.103
32.1132
32.1132
32.1132
32.1132
32.1132
32.1132
32.1132
32.1132
32.1132
31.6008
30.9254
30.9254
30.7712
30.7712
30.7712
31.5521
31.5521
31.5521
31.5521
31.5521
31.4636
31.4636
31.4636
31.4636
31.4636
31.4636
31.4636
31.4636
31.4636
31.4636
31.4636
31.4636
31.4636
31.4636
31.4636
31.4636
31.4636
31.4636
30.9759
30.9759
30.9759
29.5621
29.9454
29.9454
29.9454
29.9454
29.9454
29.9454
29.1734
29.1734
29.467
29.5928
29.5928
29.5928
29.5928
29.5928
29.5928
29.5928
29.6005
29.6005
30.0996
30.0996
30.0996
30.0996
30.0996
30.0996
30.0996
29.3169
27.1773
27.1773
27.1773
28.1247
28.1247
28.1247
28.1247
28.1247
28.1247
29.2659
29.2659
29.2659
29.2659
29.2659
29.2659
29.2659
29.2659
29.2659
29.2659
29.2659
29.2659
29.2659
32.0251
31.7345
31.7345
32.2825
32.2825
32.8743
32.8743
33.156
32.5826
32.5826
32.7387
32.7387
32.7387
32.8891
32.8891
32.8891
32.8891
32.8891
32.8891
32.8891
32.8891
32.8891
32.8891
32.8891
32.8891
32.8891
32.8891
33.9425
33.9425
33.9425
33.1853
35.4148
35.4148
35.1445
35.1445
34.926
34.8554
34.8554
34.4143
34.4143
34.4143
34.4143
34.4143
34.4143
34.5199
34.5199
34.5199
32.7383
32.7383
34.5199
34.3665
32.0315
32.0315
32.0315
33.8937
33.8937
30.2008
30.2008
30.2008
30.2008
30.2008
30.2008
30.2008
30.2008
30.2008
30.2008
30.2008
30.2008
29.35
29.35
29.35
29.35
29.35
29.613
27.2025
27.2025
27.2025
27.2025
29.2876
29.2791
29.2791
29.2791
29.2791
29.2791
29.7624
29.7624
29.7624
29.7624
29.7624
29.7624
29.7624
29.7624
31.867
31.867
26.4231
26.4231
26.4231
26.4231
26.4231
28.0296
28.0296
28.0296
28.0296
28.0296
28.7031
28.7031
28.7031
28.7031
25.5391
25.5391
25.5391
25.5391
25.5391
25.5391
25.5391
22.177
22.177
22.177
22.177
22.177
27.8234
27.8295
27.8295
28.5738
28.5738
28.5738
28.5255
28.5255
28.6652
28.6652
28.6652
28.6652
28.6652
30.0437
30.0437
30.0437
30.0437
30.0437
30.0437
30.1816
30.1816
30.1816
28.5666
28.5666
28.5666
28.5666
29.1111
28.7279
28.0342
28.0342
28.7279
28.7279
29.1873
29.1873
29.1873
29.9438
30.4858
30.4858
30.4858
30.4858
29.5657
29.5657
29.5657
29.5657
29.5657
29.5657
28.6258
29.5657
27.9591
27.9591
27.9591
27.9591
27.9591
27.9591
27.9591
27.9591
27.9591
27.9591
27.9591
28.4243
28.4243
28.4243
29.0984
28.0272
28.0272
28.0272
28.0272
28.0272
27.9028
27.9028
27.9028
27.9028
27.9028
27.9028
27.9028
27.9028
27.9028
27.9028
27.9028
27.9028
27.9028
27.9028
28.0089
28.3547
28.3547
28.3547
28.3547
28.4175
28.4352
28.4352
29.2295
28.4868
28.4868
28.4868
28.4868
25.6293
25.3574
28.9899
28.2753
28.2753
28.2753
28.2132
28.2132
28.2132
28.0922
28.0922
28.0922
28.4225
28.4225
28.4225
28.4225
28.4225
28.4225
28.4225
28.4225
28.9058
28.9058
28.9058
28.9445
28.9445
28.9445
26.9668
26.9668
26.9668
27.6841
27.1643
27.0412
26.3707
26.3707
26.3707
26.3707
26.3707
26.3707
26.3707
26.3707
26.3707
25.1146
25.1146
25.1146
25.1146
25.1146
25.1146
25.1146
25.1146
25.1146
25.1146
25.1146
25.1146
26.4578
26.4578
26.4578
26.5663
26.5663
26.5663
26.7429
27.0234
26.6335
26.577
26.3946
26.6335
26.6335
26.6335
26.6335
26.6335
26.6335
26.6335
26.6335
26.6335
26.6335
26.6335
26.1011
26.1011
26.1011
26.1011
26.1011
26.1011
26.1011
26.1011
26.1011
26.1011
26.1011
24.8877
24.8877
25.1052
25.5307
25.5307
25.4964
25.4964
25.4964
25.4964
25.5307
25.9766
25.9766
26.2676
26.1172
26.2741
26.1182
26.1182
26.2539
26.2539
26.2539
26.2539
26.2741
26.2741
26.2741
26.2741
26.3118
26.3118
26.3118
26.3118
24.9602
24.9602
24.9602
24.9602
25.5145
25.5145
25.5145
25.5145
25.5145
25.1316
25.1316
25.1316
25.2657
25.2657
25.2657
25.2657
25.2657
24.7427
25.2657
25.8179
25.8179
25.8179
25.8179
25.8179
25.8179
25.8179
25.8179
25.8179
26.2396
26.2396
26.2396
26.2396
26.2396
26.3672
26.3366
26.3366
26.3366
26.3366
26.3366
26.3366
26.3366
26.3366
26.3366
26.3748
26.3748
26.3748
26.3748
26.3748
26.1644
26.1644
26.1644
26.1067
26.1067
26.1067
25.6412
25.6412
25.6412
25.6412
25.6412
25.6412
25.6412
25.7693
25.7693
25.7693
25.9694
26.1067
26.1067
26.1067
26.192
26.192
26.192
26.192
26.192
26.192
25.9474
25.9474
25.9474
25.9474
25.9474
26.2635
26.2635
26.1507
26.1507
26.0578
26.3119
25.6034
25.6034
25.6034
25.373
25.373
25.373
25.373
25.373
24.7445
23.32
23.32
23.32
22.3445
22.3445
22.5607
22.5607
22.6009
22.6009
22.6009
23.5159
23.5159
24.5977
24.5977
24.7445
24.7445
24.7445
25.5258
25.5881
25.5881
25.5881
25.5881
25.5881
25.5881
25.5881
25.5881
25.5881
25.5881
26.0083
26.0083
25.7923
25.2776
25.2776
25.2776
25.2776
25.2776
25.2776
25.2776
25.2776
25.8336
25.8336
25.8336
25.8814
25.8814
25.7978
25.7978
25.7978
25.7978
25.4944
25.4944
25.674
25.674
25.674
26.0426
26.0397
26.0397
25.7174
26.0397
26.0397
26.0397
26.0397
26.0397
26.3188
26.4251
26.0956
26.0956
26.0956
26.0956
26.1513
26.7781
26.4071
26.3823
26.3823
26.3823
26.3823
26.3823
26.2516
26.2516
26.2516
26.2516
26.2516
26.2516
26.2516
26.2516
26.2516
26.4655
26.1633
26.1633
26.1633
26.1633
26.1633
25.6807
25.7452
25.7654
25.7654
26.2943
26.2943
26.4459
26.4459
26.4459
26.4459
26.0338
26.0338
26.0338
26.0338
25.7047
25.7047
25.5341
25.4134
25.4134
25.4134
25.4134
25.4134
25.4134
25.4134
25.6386
25.6386
25.6386
25.5747
25.4566
25.4511
25.4511
25.4511
25.4511
25.4511
25.5581
25.4942
25.6451
25.804
25.804
26.196
26.196
26.196
25.9229
25.9229
26.1048
26.1048
26.1048
26.1048
26.1048
25.137
24.9196
25.0345
25.0345
25.0345
25.0345
25.0345
25.0345
25.0345
25.0345
26.1465
26.0601
26.0601
26.0601
26.0601
26.0601
26.0042
26.0272
26.0272
26.0272
26.0272
26.0272
26.0272
26.0272
26.0272
26.1201
26.0381
26.0381
26.0381
26.0381
26.1092
26.1092
26.0843
26.0771
26.0771
26.0771
26.0771
26.0771
26.0771
26.0771
26.0771
26.0771
26.0771
26.0798
23.0199
23.0199
23.0199
23.0199
23.0199
23.0199
23.0199
23.3149
23.3149
23.3149
23.3149
23.3149
23.1614
23.1684
23.1684
23.1684
23.1684
23.1684
23.1684
23.1684
22.6545
22.6545
22.6545
22.6545
22.7481
22.7481
22.7481
23.1418
23.1418
23.3149
23.3149
23.3149
23.3149
23.3149
23.3149
23.3149
24.0363
23.811
23.811
23.6295
23.6295
23.6295
23.5591
23.5591
24.6023
24.6023
23.8275
23.8275
24.3634
24.2765
24.2765
24.2765
24.2765
24.3634
24.3634
24.3634
24.3634
24.3634
24.3634
24.3634
24.3634
24.3634
24.3634
24.3634
24.3634
24.3634
24.3634
24.3634
24.6217
24.6217
24.815
24.815
24.815
24.815
24.815
24.815
23.8103
23.8103
23.8103
23.8103
23.8103
23.8103
23.8103
23.8103
23.8103
23.8103
23.8103
23.9408
23.9408
23.4169
23.4169
23.4169
23.3281
23.6579
23.6579
23.6579
23.6579
23.6579
23.6579
23.6413
23.4854
23.6132
23.6132
23.6132
23.6132
23.6132
23.4968
23.4968
23.5925
23.5925
23.5925
23.5925
23.5925
23.5925
24.3227
24.1365
23.6978
23.6978
23.6978
23.6978
23.6978
23.6978
23.6978
23.6978
23.6978
23.6978
23.6978
23.6978
23.6978
23.6978
24.0045
24.0045
24.5988
24.5988
24.4549
24.4549
24.4549
23.9
23.9
24.4549
24.0242
24.0242
24.0242
24.0242
24.0242
24.0242
23.1583
23.1583
23.1583
23.1583
23.1583
23.1583
23.7031
23.5483
23.5483
23.5483
23.5483
23.5586
23.5586
23.5586
23.7093
23.7093
24.1646
24.1646
24.1646
24.1646
24.1646
24.1646
24.1646
24.1646
24.1646
24.1472
24.1472
24.1472
23.6765
24.2254
24.3995


-0.026022
-0.24899
-0.147507
-0.231682
0.103194
0.250559
0.437631
0.390829
0.191133
0.285257
-0.150259
-0.289887
-0.366395
-0.330345
-0.367342
-0.163417
-0.234612
-0.0953029
-0.0632254
0.0429465
-0.0946777
-0.128342
0.126288
0.151876
0.211669
0.0176874
-0.40252
-0.273689
0.0990008
0.0543518

0.022

