111.022
111.022
105.182
85.8595
85.8595
51.8463
49.1086
49.1086
39.9669
39.9669
39.9669
39.9669
39.9669
39.9669
39.9669
39.9669
35.5198
35.5198
35.5198
35.5198
35.5198
26.3919
26.3919
26.3919
26.3919
21.8082
21.8082
21.8082
21.8082
16.7985
16.7985
16.7985
16.7985
16.7985
16.7985
16.7985
14.3676
14.3676
14.3676
14.3676
14.3676
14.3676
14.3676
14.3676
14.3651
14.3651
12.6925
12.6925
12.6925
12.6925
12.6925
12.6925
12.6925
12.6925
12.6925
12.6925
12.6925
12.6925
12.6925
12.6925
12.6925
12.6925
10.515
10.515
10.3614
10.3614
10.3614
10.3614
9.74438
9.43955
9.24413
9.24413
9.24413
9.24413
9.24413
9.24413
9.24413
9.24413
9.24413
9.24413
9.24413
9.24413
8.68513
8.68513
8.68513
8.68513
8.68513
8.68513
8.68513
8.68513
8.68513
8.68513
8.68513
8.37377
8.37377
8.37377
8.37377
8.13568
8.13568
8.13568
8.13568
8.13568
8.13568
7.79443
7.79443
7.79443
7.79443
7.53648
7.53648
7.53018
7.53018
7.53018
7.53018
7.53018
7.53018
7.53018
7.53018
7.45476
7.45476
7.45476
7.45476
7.45476
7.38579
7.2736
7.2736
7.25686
7.25686
7.25686
7.25686
7.25686
5.07776
5.07776
5.07776
5.07776
5.07776
4.9129
4.84607
4.8325
4.8325
4.39748
4.29815
4.07316
3.52822
3.52822
3.52822
3.52822
3.52822
3.52822
3.52822
3.52822
3.52822
3.52822
3.52822
3.52822
3.52822
3.52822
3.52822
3.47332
3.47332
3.47332
3.41057
3.41057
3.41057
3.41057
3.41057
3.29911
3.29911
3.29911
3.2351
3.2351
3.05431
3.05431
3.05431
3.05431
3.05431
3.02373
3.02373
3.02373
3.02373
3.02373
3.02373
2.9952
2.9952
2.88205
2.88205
2.81333
2.81333
2.81001
2.81001
2.81001
2.81001
2.81001
2.81001
2.73363
2.73363
2.73363
2.73363
2.73363
2.73363
2.73363
2.73363
2.73363
2.56388
2.56388
2.56388
2.56388
2.56388
2.56388
2.53271
2.53271
2.53271
2.53271
2.53271
2.50661
2.50661
2.50661
2.50661
2.50661
2.47467
2.47467
2.47467
2.46946
2.38496
2.38496
2.26577
2.26577
2.26577
2.26577
2.26577
2.26475
2.26475
2.26475
2.26475
2.24868
2.24868
2.24868
2.24868
2.24868
2.24868
2.24313
2.24313
2.24313
2.24313
2.24313
2.23581
2.23581
2.23581
2.23581
2.235
2.235
2.23387
2.23387
2.23387
2.23387
2.19719
2.19719
2.19719
2.05284
2.05284
2.05284
2.05284
2.05284
2.05284
2.05284
2.05284
2.05284
2.05284
2.05284
2.05284
2.05284
2.05284
2.05284
2.05284
2.05284
2.05284
2.05284
2.05091
2.05091
2.04453
2.04453
2.04453
2.02206
2.00886
2.00777
2.00777
1.87907
1.87907
1.87907
1.87907
1.86848
1.86848
1.86848
1.86848
1.86848
1.86848
1.82703
1.74444
1.74444
1.74444
1.74444
1.73932
1.70756
1.70403
1.70403
1.70403
1.70403
1.70403
1.70403
1.70403
1.67395
1.67395
1.67395
1.67395
1.63441
1.63441
1.63441
1.63441
1.63441
1.63441
1.63441
1.63441
1.63441
1.63441
1.63441
1.62761
1.62761
1.62761
1.62481
1.54632
1.5435
1.52793
1.52793
1.52793
1.52793
1.50266
1.47266
1.47266
1.47072
1.47072
1.47072
1.42903
1.42903
1.42903
1.42903
1.42903
1.42903
1.42518
1.42518
1.42518
1.42418
1.42418
1.42418
1.42418
1.42418
1.42418
1.42418
1.42418
1.36922
1.36922
1.36753
1.36753
1.36753
1.36753
1.36753
1.36753
1.36753
1.36753
1.36753
1.36753
1.36753
1.36753
1.36753
1.36753
1.36753
1.36753
1.36753
1.36309
1.36227
1.36227
1.36227
1.36227
1.34158
1.34158
1.34158
1.34158
1.34069
1.34069
1.34069
1.3397
1.3397
0.968029
0.929935
0.891318
0.891318
0.891318
0.858387
0.858387
0.858387
0.858387
0.858387
0.858387
0.858387
0.858387
0.857979
0.857979
0.857783
0.773195
0.773195
0.773195
0.773195
0.773195
0.773195
0.773195
0.773195
0.773195
0.773195
0.747942
0.747942
0.724213
0.724213
0.724213
0.724213
0.724213
0.711981
0.711981
0.711981
0.711981
0.711981
0.711981
0.711981
0.711981
0.711981
0.707267
0.707267
0.707267
0.707267
0.706049
0.706049
0.652789
0.652789
0.652789
0.652789
0.652789
0.652789
0.652789
0.652789
0.652789
0.652789
0.565901
0.565901
0.565901
0.565901
0.565901
0.565901
0.565901
0.565901
0.565901
0.565901
0.565901
0.565901
0.565901
0.54574
0.54574
0.54574
0.530691
0.530691
0.530691
0.530691
0.530691
0.530691
0.530691
0.530691
0.530691
0.530691
0.530691
0.530691
0.530691
0.530691
0.530691
0.501131
0.501131
0.491584
0.491584
0.491584
0.491584
0.491584
0.491584
0.491584
0.491584
0.485768
0.485768
0.485768
0.485768
0.471108
0.471108
0.471108
0.471108
0.46699
0.46699
0.46699
0.46699
0.46699
0.46699
0.46699
0.448503
0.445934
0.445934
0.445934
0.445934
0.445934
0.445934
0.445934
0.445934
0.438474
0.438474
0.438474
0.438474
0.438474
0.438474
0.438474
0.438474
0.437323
0.437323
0.408943
0.408943
0.408943
0.408943
0.408943
0.408943
0.408943
0.405716
0.405716
0.405716
0.405716
0.405716
0.405716
0.405716
0.397933
0.397933
0.395979
0.395979
0.395979
0.395979
0.395979
0.395979
0.395979
0.395979
0.395979
0.395979
0.392368
0.391182
0.391182
0.391182
0.381226
0.381226
0.381226
0.381226
0.381226
0.381226
0.381226
0.381226
0.381226
0.381226
0.376548
0.368523
0.367964
0.367964
0.367964
0.367964
0.367336
0.367336
0.365919
0.365919
0.365919
0.365919
0.365919
0.365919
0.365919
0.365919
0.365919
0.365919
0.363195
0.363195
0.363195
0.363195
0.363195
0.363195
0.363195
0.363195
0.363195
0.363195
0.361588
0.361588
0.336047
0.336047
0.336047
0.336047
0.336047
0.336047
0.336047
0.336047
0.336047
0.336047
0.336047
0.336047
0.336047
0.334363
0.334363
0.332827
0.332827
0.332827
0.332827
0.332827
0.332827
0.331572
0.324308
0.324308
0.324308
0.324308
0.311315
0.311315
0.308961
0.308961
0.308961
0.308961
0.308961
0.308961
0.308961
0.308961
0.308961
0.308961
0.308961
0.308961
0.308961
0.308961
0.308961
0.308961
0.308961
0.308961
0.308961
0.308961
0.308961
0.308961
0.308961
0.308961
0.308462
0.308462
0.308462
0.308462
0.308462
0.308462
0.308462
0.308462
0.308462
0.308462
0.308462
0.308462
0.29029
0.29029
0.29029
0.29029
0.29029
0.29029
0.29029
0.29029
0.29029
0.29029
0.29029
0.29029
0.287865
0.287865
0.287865
0.287865
0.287865
0.287865
0.287865
0.287865
0.287865
0.287865
0.282096
0.282096
0.282096
0.282096
0.273271
0.273271
0.273271
0.273271
0.273271
0.273271
0.273271
0.273271
0.273148
0.273148
0.273148
0.273148
0.273148
0.273014
0.273014
0.273014
0.273014
0.269048
0.269048
0.269048
0.269048
0.269048
0.26794
0.26794
0.26794
0.267493
0.267493
0.266367
0.266367
0.266367
0.266367
0.266367
0.264983
0.259565
0.259565
0.259565
0.259565
0.259565
0.259565
0.259563
0.259563
0.259563
0.240908
0.240908
0.240908
0.240908
0.240908
0.238347
0.238347
0.238347
0.238347
0.238347
0.238347
0.238347
0.238347
0.238347
0.238347
0.233836
0.233836
0.225271
0.225271
0.225271
0.225271
0.225271
0.225271
0.225271
0.225271
0.225271
0.211848
0.211848
0.211848
0.211848
0.211848
0.211848
0.211848
0.211848
0.211848
0.211848
0.211402
0.211402
0.211402
0.211402
0.211402
0.211402
0.211402
0.211402
0.211402
0.211402
0.211402
0.211096
0.207516
0.207516
0.205379
0.205379
0.202969
0.202969
0.202969
0.202969
0.202969
0.202969
0.202969
0.202969
0.202919
0.202919
0.190845
0.190845
0.190845
0.190845
0.189568
0.189568
0.189568
0.189568
0.189568
0.189568
0.189568
0.189568
0.189568
0.189568
0.189568
0.189568
0.188702
0.187291
0.187291
0.180725
0.180725
0.180725
0.178941
0.176029
0.176029
0.176029
0.176029
0.176029
0.176029
0.176029
0.176029
0.176029
0.176029
0.176029
0.176029
0.175013
0.175013
0.174682
0.174211
0.174211
0.174211
0.174211
0.174211
0.174211
0.174211
0.174211
0.174211
0.17403
0.17403
0.17403
0.17403
0.173873
0.173873
0.173721
0.173721
0.173721
0.173721
0.173721
0.171318
0.171318
0.171318
0.171318
0.171318
0.171318
0.171318
0.171318
0.171148
0.171148
0.170575
0.168402
0.168402
0.168402
0.168402
0.168402
0.168402
0.167851
0.167851
0.167851
0.167851
0.167851
0.167851
0.167851
0.166392
0.166392
0.166392
0.166392
0.166392
0.166334
0.164166
0.164166
0.164166
0.164166
0.156571
0.156571
0.156571
0.156571
0.156571
0.156571
0.156571
0.156571
0.156571
0.156571
0.156571
0.156571
0.156497
0.156497
0.156497
0.15577
0.148906
0.148906
0.148906
0.146837
0.146837
0.146837
0.146837
0.146837
0.141598
0.141598
0.141598
0.141598
0.141598
0.141598
0.140895
0.140895
0.140895
0.140544
0.136104
0.136104
0.136104
0.136104
0.136104
0.136104
0.133025
0.133025
0.133025
0.133025
0.133025
0.133025
0.133025
0.133025
0.133025
0.133025
0.133025
0.133025
0.133025
0.133025
0.133025
0.133012
0.133012
0.133012
0.132527
0.132527
0.132527
0.132527
0.132527
0.132527
0.132527
0.132527
0.132527
0.132498
0.132498
0.132498
0.132498
0.132498
0.132498
0.132498
0.132498
0.130586
0.129971
0.129971
0.129971
0.129971
0.129971
0.129971
0.129971
0.129372
0.129372
0.129372
0.129303
0.124765
0.124151
0.121695
0.121695
0.121695
0.121557
0.121557
0.121557
0.121557
0.121557
0.121557
0.121557
0.121557
0.121557
0.118578
0.117661
0.117661
0.106144
0.106144
0.106144
0.106038
0.106038
0.1037
0.0992565
0.0992565
0.0992565
0.0992565
0.0992565
0.0992565
0.0992565
0.0991441
0.0991441
0.0991441
0.0991441
0.0991441
0.0991441
0.0991441
0.0991441
0.0991441
0.0991441
0.0991441
0.0991441
0.0991441
0.0991441
0.0981307
0.0981307
0.0981307
0.0981307
0.0981307
0.0981307
0.0981307
0.0981307
0.0981307
0.0981307
0.0956774
0.0956774
0.0956774
0.0956774
0.0956774
0.0880437
0.0880437
0.0880437
0.0880437
0.0880437
0.0880437
0.0880437
0.0880437
0.0880437
0.0880437
0.0880437
0.0880437
0.0880335
0.0879693
0.0879693
0.0879693
0.0879653
0.0879653
0.0879653
0.0879653
0.0879653
0.0875188
0.0875188
0.0875188
0.0868492
0.0868492
0.0868492
0.0868492
0.0868492
0.0868492
0.0868492
0.0868492
0.0868492
0.0868492
0.0868447
0.0868447
0.0868447
0.0868447
0.0868447
0.0868447
0.0868447
0.0868447
0.0868447
0.0868447
0.0865308
0.0865308
0.086022
0.086022
0.086022
0.086022
0.0853422
0.0853422
0.0851465
0.0851465
0.0848429
0.0848429
0.0848429
0.0848429
0.0846866
0.0846385
0.0846385
0.0846385
0.0846385
0.0844132
0.0844132
0.0844132
0.0844103
0.0844103
0.0839718
0.0839718
0.0839718
0.0839718
0.0839718
0.0839718
0.0839718
0.0839718
0.0839718
0.0839718
0.0839718
0.0839718
0.0839718
0.0839718
0.0839718
0.0839718
0.0839145
0.0839145
0.0839145
0.0839145
0.0839145
0.0839145
0.0839145
0.0839145
0.0829412
0.0824767
0.0824767
0.0824767
0.0824767
0.0824767
0.0824767
0.0824767
0.0824767
0.0824767
0.0824767
0.0824767
0.0824767
0.0820675
0.0820675
0.0820675
0.0820675
0.0812415
0.0812415
0.0812415
0.0812415
0.0812415
0.0812415
0.0812415
0.0810364
0.080854
0.080854
0.0806707
0.0806707
0.0806707
0.0806707
0.0806707
0.0806707
0.0765431
0.0765431
0.0765431
0.0765431
0.0765431
0.0765431
0.0765431
0.0765431
0.0763301
0.0763301
0.0763301
0.0762837
0.075965
0.075965
0.0755504
0.0755504
0.0755504
0.0755076
0.0755076
0.075459
0.075459
0.075459
0.075459
0.075459
0.075459
0.075459
0.075459
0.075459
0.075459
0.075459
0.075459
0.0752935
0.0752935
0.0752935
0.0752935
0.0752935
0.0752935
0.0752935
0.0752935
0.0752935
0.0752935
0.0752484
0.0752484
0.0752484
0.0752484
0.0752484
0.0752484
0.0752484
0.0752484
0.0752484
0.0752484
0.0752484
0.0752484
0.0752484
0.0752484
0.0752484
0.0752484
0.0752484
0.0752484
0.0752484
0.0752016
0.0752016
0.0752016
0.0751856
0.0751856
0.0750058
0.0750008
0.0647668
0.0647668
0.0647668
0.0647668
0.0647668
0.0647668
0.0647668
0.0647668
0.0647668
0.0647668
0.0647668
0.0647668
0.0647668
0.0647668
0.0647668
0.0647668
0.0647668
0.0647668
0.064606
0.064606
0.064606
0.064606
0.064606
0.064606
0.0646011
0.0646011
0.0645447
0.0645447
0.0645447
0.06424
0.06424
0.0642096
0.0636083
0.0636083
0.0636083
0.0636083
0.0636083
0.0636083
0.0636083
0.0636083
0.0636083
0.0636083
0.0636083
0.0636083
0.0635366
0.0635366
0.0635366
0.0635366
0.0635366
0.063536
0.0622342
0.062172
0.0621322
0.0621322
0.0621322
0.0621322
0.0621322
0.0621322
0.0621322
0.0621322
0.0621109
0.0621109
0.0621109
0.0613318
0.0613318
0.0613318
0.0613318
0.0613318
0.0613318
0.0613318
0.0613318
0.0613318
0.0613318
0.0613318
0.0613318
0.0613318
0.0613318
0.0613318
0.0613318
0.0613318
0.0613318
0.0613318
0.0613318
0.0613318
0.0613318
0.0613318
0.0586181
0.0586181
0.0586026
0.0576602
0.0576602
0.0573045
0.0573045
0.0573045
0.0573045
0.0573045
0.0573045
0.0573045
0.0573045
0.0573045
0.0573045
0.0573045
0.0572362
0.0572362
0.0566701
0.0566701
0.0566701
0.0566701
0.0566701
0.0565555
0.0565555
0.0565555
0.0565555
0.0565555
0.0565555
0.0565555
0.0555756
0.0555756
0.0555756
0.0555756
0.0555756
0.0555756
0.0550903
0.0550903
0.0550903
0.0550903
0.0508164
0.0508164
0.0508164
0.0508164
0.0508164
0.0508164
0.0508164
0.0500921
0.0500921
0.0500921
0.0500921
0.0500921
0.0500921
0.0494678
0.0494678
0.0494678
0.0494678
0.0494678
0.0494678
0.0494678
0.0494678
0.0494678
0.0494678
0.0494678
0.0494678
0.0494678
0.0494678
0.0482579
0.0472412
0.0472412
0.0472412
0.0472412
0.0471312
0.0471312
0.0471312
0.0471312
0.0471312
0.0471312
0.0471312
0.0470023
0.0469283
0.0469283
0.0469283
0.0469283
0.04637
0.04637
0.04637
0.04637
0.04637
0.04637
0.04637
0.04637
0.04637
0.04637
0.046307
0.046307
0.0460735
0.0460735
0.0460609
0.0460609
0.0460609
0.0457388
0.0457388
0.0457388
0.0457388
0.0457388
0.0455985
0.0455985
0.0455985
0.0455985
0.0455985
0.0455743
0.0455743
0.0455743
0.0455743
0.0455743
0.0455695
0.0455394
0.0455394
0.0455394
0.0455394
0.0455394
0.0455394
0.0455394
0.0455394
0.0447709
0.0447709
0.0447709
0.0447709
0.0447709
0.0447709
0.0447709
0.0447709
0.0447709
0.0447709
0.0447709
0.0447709
0.0447709
0.0446696
0.0446696
0.0446696
0.0446696
0.0445675
0.0444714
0.0444714
0.0444452
0.0444452
0.0444452
0.0444452
0.0444452
0.0444452
0.0444452
0.0443685
0.0443685
0.0440823
0.0440423
0.0440423
0.0440423
0.0440423
0.0440343
0.0440343
0.0440343
0.0438454
0.0438454
0.0438454
0.0429429
0.0429429
0.0429429
0.0429429
0.042884
0.042884
0.0422906
0.0422906
0.0422906
0.0415256
0.0415256
0.0415256
0.0415256
0.0415256
0.0415256
0.0413553
0.0413553
0.0413553
0.0413553
0.0413553
0.0413553
0.0413553
0.0413553
0.0413553
0.0413553
0.0413553
0.0413553
0.0413553
0.0413553
0.0413553
0.0413553
0.041348
0.0413294
0.0413294
0.0413294
0.0413294
0.0413294
0.0412808
0.0412808
0.0412808
0.0412808
0.0412808
0.0412808
0.0412808
0.041176
0.041176
0.0410443
0.0410443
0.0410443
0.0410443
0.0410443
0.0410443
0.0410443
0.0410443
0.0410443
0.0410269
0.0410269
0.0410269
0.0410269
0.0408307
0.0408307
0.0408307
0.0408307
0.0408307
0.0408307
0.0408307
0.0408307
0.0400236
0.039866
0.039866
0.039866
0.0397817
0.0397409
0.0397409
0.0397409
0.0397409
0.0395076
0.0395076
0.0395076
0.0395076
0.0395076
0.0395076
0.0393941
0.0393941
0.0393941
0.0393941
0.0393941
0.0393941
0.0393523
0.0393523
0.0393396
0.0393396
0.0393396
0.0392637
0.0392637
0.0392637
0.0392377
0.0392377
0.0392377
0.0392229
0.0392229
0.0381599
0.0381599
0.0381599
0.0381599
0.0381599
0.0381599
0.0381599
0.0381599
0.0381599
0.0381599
0.0381599
0.0381599
0.0379739
0.0379739
0.0379739
0.0379739
0.0379503
0.0378721
0.0378721
0.0378721
0.0378721
0.0378721
0.0378721
0.0378721
0.0374937
0.0374864
0.0374864
0.0366998
0.0366998
0.0366998
0.0366998
0.0366998
0.0366998
0.0366998
0.0366998
0.0366998
0.0366998
0.0366998
0.0366998
0.0366998
0.0361845
0.0361845
0.0361845
0.0361845
0.0361845
0.0361845
0.0361845
0.0355043
0.0355043
0.0355043
0.0355016
0.0355016
0.0355016
0.0355016
0.03548
0.03548
0.03548
0.03548
0.03548
0.03548
0.03548
0.03548
0.0354027
0.0354027
0.0354027
0.0354027
0.0354027
0.0354027
0.0354027
0.0354027
0.0353378
0.0353378
0.0353378
0.0353378
0.0353378
0.0353378
0.0353378
0.0353378
0.0353378
0.0350736
0.0350736
0.0350736
0.0350736
0.0350736
0.0350736
0.0350736
0.0350736
0.0350736
0.0350175
0.0350175
0.0350175
0.0350175
0.0350175
0.0350175
0.0350175
0.0345116
0.0345116
0.0345116
0.0345116
0.0345116
0.0345116
0.0345116
0.0345116
0.0341441
0.0341441
0.0341441
0.0341441
0.0341441
0.0341441
0.0341441
0.0339019
0.0339019
0.0339019
0.0339019
0.0339019
0.0339019
0.0339019
0.0339019
0.0339019
0.0337081
0.0336166
0.0334528
0.0329473
0.0329473
0.0329473
0.0329473
0.0329473
0.0329473
0.0329473
0.0321695
0.0321695
0.0321695
0.0321695
0.0321695
0.0321695
0.0321695
0.0321695
0.0321441
0.0321441
0.0321441
0.0321441
0.0321441
0.0321441
0.0321441
0.0321441
0.0321365
0.0321365
0.0321365
0.0319868
0.0319868
0.0319868
0.0318797
0.0314863
0.0314863
0.0314863
0.031459
0.0314347
0.0314347
0.0306078
0.0306078
0.0306078
0.0306078
0.0306078
0.0304519
0.0304519
0.0304519
0.0304519
0.0304519
0.0304519
0.0304519
0.0304519
0.0304519
0.0304519
0.0304023
0.0304023
0.0304023
0.0303999
0.0303999
0.0303999
0.0303999
0.0303999
0.0303999
0.0303254
0.0303254
0.0303254
0.0303254
0.0303254
0.0303254
0.0303254
0.0303254
0.030246
0.030246
0.0300513
0.0300513
0.0300513
0.0299594
0.0299594
0.0299594
0.0299594
0.0299594
0.0299594
0.0299594
0.0298913
0.0298913
0.0298913
0.0298913
0.0298913
0.0296943
0.0296943
0.0296943
0.0296943
0.0296943
0.0296943
0.0296943
0.0296943
0.0296943
0.0296943
0.0296943
0.0296943
0.0296943
0.0296943
0.0296943
0.0296943
0.0296943
0.0296943
0.0296943
0.0296943
0.0296943
0.0296943
0.0296943
0.0296943
0.0296943
0.0296943
0.0296943
0.0296943
0.0296783
0.0296783
0.0296663
0.0296663
0.0296663
0.0296663
0.0296663
0.0296663
0.0296663
0.0296663
0.0294791
0.029432
0.029432
0.0294043
0.0294043
0.0294043
0.0289241
0.0289241
0.0289241
0.0289241
0.0289241
0.0289241
0.0289241
0.0289241
0.0289241
0.0289241
0.0289241
0.0289241
0.0287863
0.0287863
0.0287863
0.0287863
0.0287863
0.0287863
0.0287863
0.0284772
0.0284772
0.0284772
0.0284772
0.0284772
0.0283964
0.0283964
0.0283964
0.0283691
0.028366
0.028366
0.0283404
0.0283404
0.0282338
0.0282338
0.0282338
0.0282338
0.0282338
0.0280883
0.0280883
0.0280883
0.0280883
0.0280883
0.0280883
0.0280883
0.0280883
0.0280883
0.0280883
0.0280883
0.0280883
0.0280883
0.0250473
0.0250473
0.0250473
0.0250473
0.0250473
0.0250473
0.0250473
0.0250473
0.0250473
0.0250473
0.0250473
0.0249767
0.0249767
0.0249767
0.0249767
0.0249767
0.024655
0.024655
0.024655
0.024655
0.024368
0.024368
0.024368
0.024368
0.024368
0.024368
0.024368
0.024368
0.024368
0.024368
0.024368
0.024368
0.024313
0.024313
0.0219471
0.0219471
0.0219471
0.0219471
0.0219471
0.0219471
0.0219471
0.0219471
0.0219471
0.0219471
0.0219471
0.0219471
0.0219471
0.0219471
0.0219471
0.0219327
0.0218498
0.0218498
0.0218498
0.0218498
0.0218498
0.0218498
0.0218498
0.0218498
0.0218498
0.0218498
0.0218498
0.0218498
0.0218498
0.0218498
0.0218498
0.0218498
0.0218498
0.0218498
0.0218498
0.0218498
0.0218498
0.0218498
0.0218498
0.0218498
0.0217984
0.0217984
0.0217984
0.0217984
0.0217698
0.0217698
0.0217698
0.0217698
0.0217018
0.0217018
0.0217018
0.0217018
0.0217018
0.0217018
0.0217018
0.0215846
0.0215846
0.0215846
0.0215846
0.0210386
0.0210386
0.0210386
0.0210386
0.0210386
0.0210386
0.0206251
0.0202257
0.0202257
0.0202257
0.0202257
0.0202257
0.0202257
0.0202257
0.0202257
0.0202257
0.0202257
0.0202257
0.0202257
0.0202257
0.0202257
0.0202257
0.0202257
0.0202257
0.0202257
0.0202257
0.0202257
0.0202257
0.0202257
0.019964
0.019964
0.019964
0.019964
0.019964
0.019964
0.019964
0.0199378


-0.0267479
-0.0308683
-0.0303629
-0.0437097
-0.0436822
-0.0217961
-0.0192674
-0.00776862
-0.00635265
0.00501336
0.00819399
0.00463762
0.00125742
-0.00881437
-0.0102355
-0.0120472
-0.0251885
-0.000389432
-0.0482064
-0.0473423
-0.0194379
-0.0139933
-0.0105602
-0.0102058
0.012652
0.00510474
0.0154758
0.0441556
0.0454582
-0.0413291

0.024

