19.0534
19.0534
19.0534
19.0534
19.0534
19.0534
19.0534
19.0534
19.0534
19.0534
19.0534
19.0534
19.0534
19.0534
17.4692
17.4692
17.4692
17.4692
17.4692
17.4692
17.4692
17.4692
17.4692
17.4692
17.4692
17.4692
17.4692
17.4692
17.4692
17.4692
17.4692
17.4692
17.4692
17.4692
17.4692
17.4692
17.4692
16.7348
16.7348
16.6014
16.6014
16.6014
15.7659
15.7659
15.7659
15.7659
15.7659
15.7659
15.7659
15.7659
15.7659
15.7659
15.7659
15.7659
15.7659
15.7659
15.7659
15.7659
15.7659
15.7659
15.7659
15.7659
15.7659
15.7659
15.7659
15.7659
15.7659
15.7659
15.7659
15.7659
15.7659
15.512
15.512
15.512
15.512
15.512
15.512
15.512
15.512
15.512
15.512
15.512
15.512
15.512
15.512
15.512
15.512
15.512
15.512
15.512
15.512
15.512
15.512
15.512
15.512
15.512
15.512
15.512
15.512
15.512
15.512
14.9632
14.9632
14.9632
14.5178
14.5178
14.5178
14.1917
14.1917
14.1917
14.1917
14.1917
14.1917
14.1917
14.1917
14.1917
14.1917
14.1917
14.1917
14.1917
14.1917
14.1917
14.1917
14.1917
14.1917
14.1917
14.1917
14.1917
14.1917
14.1917
14.1917
14.1917
14.1917
14.1917
14.1917
14.1917
14.1917
14.1917
14.1917
14.1917
14.1917
14.1917
14.1917
14.1917
14.1917
14.1917
14.1917
14.1917
14.1917
14.1917
14.1917
14.1917
14.1917
13.7293
13.7293
13.7293
13.7293
13.7293
13.7293
13.7293
13.7293
13.7293
13.7293
13.7293
13.7293
13.7293
13.7293
13.7293
13.7293
13.7293
13.7293
13.7293
13.7293
13.7293
13.7293
13.124
13.124
13.124
13.124
13.124
13.124
13.124
13.124
13.124
13.124
13.124
13.124
13.124
13.124
13.124
13.124
13.124
13.124
13.124
13.124
13.124
13.124
13.124
13.124
13.124
13.124
13.124
13.124
13.124
13.124
13.124
13.124
13.124
13.124
13.124
13.124
13.124
13.124
13.124
13.124
13.124
13.124
13.124
13.124
13.124
13.124
13.124
13.124
13.124
12.0233
12.0233
12.0233
12.0233
12.0233
12.0233
12.0233
12.0233
12.0233
12.0233
12.0233
12.0233
12.0233
12.0233
12.0233
12.0233
12.0233
12.0233
12.0233
12.0233
12.0233
12.0233
12.0233
12.0233
12.0233
12.0233
12.0233
12.0233
12.0233
12.0233
12.0233
12.0233
12.0233
12.0233
12.0233
12.0233
12.0233
12.0233
12.0233
12.0233
12.0233
12.0233
12.0233
12.0233
12.0233
12.0233
12.0233
12.0233
12.0233
12.0233
12.0233
12.0233
12.0233
12.0233
12.0233
12.0233
12.0233
12.0233
12.0233
12.0233
12.0233
12.0233
12.0233
12.0233
12.0233
12.0233
12.0233
12.0233
10.594
10.594
10.594
10.594
10.594
10.594
10.594
10.594
10.594
10.594
10.594
10.594
10.594
10.594
10.594
10.594
10.594
10.594
10.594
10.594
10.594
10.594
10.594
10.594
10.594
10.594
10.594
10.594
10.594
10.594
10.594
10.594
10.594
10.594
10.594
10.594
10.594
10.594
10.594
10.594
10.594
10.594
10.594
10.594
10.594
10.594
10.594
10.594
10.594
10.594
10.594
10.594
10.594
10.594
10.594
10.594
10.594
10.594
10.594
10.594
10.594
10.594
10.594
10.594
10.594
10.594
10.594
10.594
10.594
10.594
10.594
10.594
10.594
10.594
10.594
10.594
10.594
10.594
10.594
10.594
10.594
10.594
10.594
10.594
10.594
10.594
10.594
10.594
10.594
10.594
10.594
10.594
10.594
10.594
10.594
10.594
10.594
10.594
10.594
10.594
10.594
10.594
10.594
10.594
10.594
10.594
10.594
10.594
10.594
10.594
10.594
10.594
10.594
10.594
10.4983
10.4983
10.4983
10.4983
10.4983
10.4983
10.4983
10.3358
10.3358
10.3358
10.3358
10.3358
10.3358
10.3358
10.3358
10.3358
10.3358
10.3358
10.3358
10.3358
10.3358
10.3358
10.3358
10.3358
10.3358
10.318
10.318
10.318
10.318
10.318
10.318
10.318
10.318
10.318
10.318
10.318
10.318
10.318
10.318
10.318
10.318
10.318
10.318
10.318
10.318
10.318
10.318
10.318
10.318
10.318
10.318
10.318
10.318
10.318
10.318
10.318
10.318
10.318
10.318
10.318
10.318
10.318
10.318
10.318
10.318
10.318
10.318
10.318
10.318
10.318
10.114
10.114
10.114
10.114
10.114
10.114
10.114
10.114
10.114
10.114
10.114
10.114
10.114
10.114
10.114
10.114
10.114
10.114
10.0001
10.0001
10.0001
10.0001
10.0001
10.0001
10.0001
10.0001
10.0001
10.0001
10.0001
10.0001
10.0001
9.94489
9.94489
9.94489
9.94489
9.94489
9.94489
9.94489
9.94489
9.94489
9.94489
9.94489
9.94489
9.94489
9.94489
9.94489
9.83921
9.83921
9.83921
9.83921
9.83921
9.83921
9.83921
9.83921
9.83921
9.83921
9.83921
9.83921
9.83921
9.78272
9.78272
9.78272
9.78272
9.78272
9.78272
9.78272
9.78272
9.78272
9.78272
9.78272
9.78272
9.78272
9.78272
9.78272
9.78272
9.78272
9.78272
9.78272
9.78272
9.78272
9.78272
9.78272
9.78272
9.78272
9.78272
9.78272
9.78272
9.78272
9.78272
9.78272
9.78272
9.78272
9.78272
9.78272
9.78272
9.78272
9.78272
9.78272
9.78272
9.78272
9.78272
9.78272
9.78272
9.78272
9.78272
9.78272
9.78272
9.78272
9.78272
9.78272
9.78272
9.78272
9.78272
9.78272
9.78272
9.78272
9.78272
9.78272
9.78272
9.78272
9.78272
9.78272
9.78272
9.78272
9.78272
9.78272
9.78272
9.78272
9.78272
9.78272
9.78272
9.78272
9.40579
9.40579
9.40579
9.40579
9.40579
9.40579
9.40579
9.40579
9.40579
9.40579
9.40579
9.40579
9.40579
9.40579
9.40579
9.40579
9.40579
9.40579
9.40579
9.40579
8.92823
8.92823
8.92823
8.92823
8.92823
8.92823
8.92823
8.92823
8.92823
8.92823
8.92823
8.92823
8.92823
8.92823
8.92823
8.92823
8.92823
8.92823
8.92823
8.92823
8.92823
8.92823
8.92823
8.92823
8.92823
8.92823
8.92823
8.92823
8.92823
8.92823
8.92823
8.92823
8.92823
8.92823
8.92823
8.92823
8.92823
8.92823
8.92823
8.92823
8.92823
8.92823
8.92823
8.92823
8.92823
8.92823
8.92823
8.92823
8.92823
8.92823
8.92823
8.92823
8.92823
8.92823
8.92823
8.92823
8.92823
8.92823
8.92823
8.92823
8.92823
8.92823
8.92823
8.92823
8.92823
8.92823
8.92823
8.92823
8.92823
8.92823
8.92823
8.92823
8.92823
8.92823
8.92823
8.92823
8.92823
8.92823
8.92823
8.92823
8.92823
8.92823
8.92823
8.92823
8.92823
8.92823
8.92823
8.92823
8.92823
8.92823
8.92823
8.92823
8.92823
8.92823
8.92823
8.92823
8.92823
8.92823
8.92823
8.92823
8.92823
8.92823
8.92823
8.92823
8.92823
8.92823
8.92823
8.92823
8.92823
8.92823
8.92823
8.92823
8.92823
8.92823
8.92823
8.92823
8.92823
8.92823
8.92823
8.92823
8.92823
8.92823
8.92823
8.92823
8.92823
8.92823
8.92823
8.92823
8.92823
8.92823
8.92823
8.92823
8.92823
8.92823
8.92823
8.92823
8.92823
8.6535
8.6535
8.6535
8.6535
8.6535
8.6535
8.6535
8.6535
8.6535
8.6535
8.6535
8.6535
8.6535
8.6535
8.6535
8.6535
8.6535
8.6535
8.6535
8.6535
8.6535
8.6535
8.6535
8.6535
8.6535
8.6535
8.6535
8.6535
8.6535
8.6535
8.6535
8.6535
8.6535
8.6535
8.6535
8.6535
8.6535
8.6535
8.6535
8.6535
8.6535
8.6535
8.6535
8.6535
8.6535
8.6535
8.6535
8.6535
8.6535
8.6535
8.6535
8.6535
8.6535
8.6535
8.6535
8.6535
8.6535
8.6535
8.6535
8.6535
8.6535
8.6535
8.6535
8.6535
8.6535
8.6535
8.6535
8.6535
8.6535
8.6535
8.6535
8.6535
8.6535
8.6535
8.6535
8.6535
8.6535
8.6535
8.6535
8.6535
8.6535
8.6535
8.6535
8.6535
8.6535
8.6535
8.6535
8.6535
8.6535
8.6535
8.6535
8.6535
8.6535
8.6535
8.6535
8.6535
8.6535
8.6535
8.6535
8.6535
8.6535
8.6535
8.6535
8.6535
8.6535
8.6535
8.6535
8.6535
8.6535
8.6535
8.6535
8.6535
8.6535
8.6535
8.6535
8.6535
8.6535
8.6535
8.6535
8.6535
8.6535
8.6535
8.6535
8.6535
8.6535
8.6535
8.6535
8.6535
8.6535
8.6535
8.6535
8.6535
8.6535
8.6535
8.6535
8.6535
8.6535
8.6535
8.6535
8.6535
8.6535
8.6535
8.6535
8.6535
8.6535
8.6535
8.6535
8.6535
8.6535
8.6535
8.6535
8.6535
8.6535
8.6535
8.6535
8.6535
8.6535
8.6535
8.6535
8.6535
8.6535
8.6535
8.6535
8.6535
8.6535
8.6535
8.6535
8.6535
8.6535
8.6535
8.6535
8.6535
8.6535
8.6535
8.6535
8.6535
8.6535
8.6535
8.6535
8.6535
8.6535
8.6535
8.6535
8.6535
8.6535
8.6535
8.6535
8.6535
8.6535
8.6535
8.6535
8.6535
8.6535
8.6535
8.6535
8.6535
8.6535
8.6535
8.6535
8.6535
8.6535
8.6535
8.6535
8.6535
8.6535
8.6535
8.6535
8.6535
8.6535
8.6535
8.6535
8.6535
8.6535
8.6535
8.6535
8.6535
8.6535
8.6535
8.6535
8.6535
8.6535
8.6535
8.6535
8.6535
8.6535
8.6535
8.6535
8.6535
8.6535
8.6535
8.6535
8.6535
8.6535
8.6535
8.6535
8.6535
8.6535
8.6535
8.6535
8.6535
8.6535
8.6535
8.6535
8.6535
8.6535
8.6535
8.6535
8.6535
8.6535
8.6535
8.6535
8.6535
8.6535
8.6535
8.6535
8.6535
8.6535
8.6535
8.6535
8.6535
8.6535
8.6535
8.6535
8.6535
8.6535
8.6535
8.6535
8.6535
8.6535
8.6535
8.6535
8.6535
8.6535
8.6535
8.6535
8.6535
8.6535
8.6535
8.6535
8.6535
8.6535
8.6535
8.6535
8.6535
8.6535
8.6535
8.6535
8.6535
8.6535
8.6535
8.6535
8.6535
8.54001
8.54001
8.54001
8.54001
8.54001
8.54001
8.54001
8.54001
8.54001
8.54001
8.54001
8.54001
8.54001
8.54001
8.54001
8.54001
8.54001
8.54001
8.54001
8.54001
8.54001
8.54001
8.54001
8.54001
8.54001
8.54001
8.54001
8.54001
8.54001
8.54001
8.54001
8.54001
8.54001
8.54001
8.54001
8.54001
8.54001
8.54001
8.54001
8.54001
8.54001
8.54001
8.54001
8.54001
8.54001
8.54001
8.54001
8.54001
8.54001
8.54001
8.54001
8.54001
8.54001
8.54001
8.54001
8.54001
8.54001
8.54001
8.54001
8.54001
8.54001
8.54001
8.54001
8.54001
8.54001
8.54001
8.54001
8.54001
8.54001
8.54001
8.54001
8.54001
8.54001
8.54001
8.54001
8.54001
8.54001
8.54001
8.54001
8.54001
8.46439
8.46439
8.46439
8.46439
8.46439
8.46439
8.46439
8.46439
8.46439
8.46439
8.46439
8.46439
8.46439
8.46439
8.46439
8.46439
8.46439
8.46439
8.46439
8.46439
8.37438
8.37438
8.37438
8.37438
8.37438
8.37438
8.37438
8.37438
8.37438
8.37438
8.37438
8.37438
8.37438
8.37438
8.37438
8.37438
8.37438
8.37438
8.37438
8.37273
8.37273
8.37273
8.37273
8.37273
8.37273
8.20635
8.20635
8.20635
8.20635
8.20635
8.20635
8.20635
8.20635
8.20635
8.20635
8.20635
8.20635
8.20635
8.20635
8.20635
8.20635
8.20635
8.20635
8.20635
8.20635
8.20635
8.20635
8.20635
8.20635
8.20635
8.20635
8.20635
8.20635
8.20635
8.20635
8.20635
8.20635
8.20635
8.20635
8.20635
8.20635
8.20635
8.20635
8.20635
8.20635
8.20635
8.20635
8.20635
8.20635
8.20635
8.20635
8.20635
8.20635
8.20635
8.20635
8.20635
8.20635
8.20635
8.20635
8.20635
8.20635
8.20635
8.20635
8.20635
8.20635
8.20635
8.20635
8.20635
8.20635
8.20635
8.20635
8.20635
8.20635
8.20635
8.20635
7.98565
7.98565
7.98565
7.98565
7.98565
7.98565
7.98565
7.98565
7.98565
7.98565
7.98565
7.98565
7.98565
7.98565
7.98565
7.98565
7.98565
7.98565
7.98565
7.98565
7.98565
7.98565
7.98565
7.98565
7.98565
7.98565
7.98565
7.98565
7.98565
7.98565
7.98565
7.98565
7.98565
7.98565
7.98565
7.98565
7.98565
7.98565
7.98565
7.98565
7.98565
7.98565
7.98565
7.98565
7.98565
7.98565
7.98565
7.98565
7.98565
7.98565
7.98565
7.98565
7.98565
7.98565
7.98565
7.98565
7.98565
7.98565
7.98565
7.98565
7.98565
7.98565
7.98565
7.98565
7.98565
7.98565
7.98565
7.98565
7.98565
7.98565
7.98565
7.98565
7.98565
7.98565
7.98565
7.98565
7.98565
7.98565
7.98565
7.98565
7.98565
7.98565
7.98565
7.98565
7.98565
7.98565
7.98565
7.98565
7.98565
7.98565
7.98565
7.98565
7.98565
7.98565
7.98565
7.98565
7.98565
7.98565
7.98565
7.98565
7.98565
7.98565
7.98565
7.98565
7.98565
7.98565
7.98565
7.98565
7.98565
7.98565
7.98565
7.98565
7.98565
7.98565
7.98565
7.98565
7.98565
7.98565
7.98565
7.98565
7.98565
7.98565
7.98565
7.98565
7.98565
7.98565
7.98565
7.98565
7.98565
7.98565
7.98565
7.98565
7.98565
7.98565
7.98565
7.98565
7.98565
7.98565
7.98565
7.98565
7.98565
7.98565
7.98565
7.98565
7.98565
7.98565
7.98565
7.98565
7.98565
7.98565
7.98565
7.98565
7.98565
7.98565
7.98565
7.98565
7.98565
7.98565
7.98565
7.98565
7.98565
7.98565
7.98565
7.98565
7.98565
7.98565
7.98565
7.98565
7.98565
7.98565
7.98565
7.98565
7.98565
7.98565
7.98565
7.98565
7.98565
7.98565
7.98565
7.98565
7.98565
7.98565
7.98565
7.98565
7.98565
7.98565
7.98565
7.98565
7.98565
7.98565
7.98565
7.98565
7.98565
7.98565
7.98565
7.98565
7.98565
7.98565
7.98565
7.98565
7.98565
7.98565
7.98565
7.98565
7.98565
7.98565
7.98565
7.98565
7.98565
7.98565
7.98565
7.98565
7.98565
7.98565
7.98565
7.98565
7.98565
7.98565
7.98565
7.98565
7.98565
7.98565
7.98565
7.98565
7.98565
7.98565
7.98565
7.98565
7.98565
7.98565
7.98565
7.98565
7.98565
7.98565
7.98565
7.98565
7.98565
7.98565
7.98565
7.98565
7.98565
7.98565
7.98565
7.98565
7.98565
7.98565
7.98565
7.98565
7.98565
7.98565
7.98565
7.98565
7.98565
7.98565
7.98565
7.98565
7.98565
7.98565
7.98565
7.98565
7.98565
7.98565
7.98565
7.98565
7.98565
7.98565
7.98565
7.98565
7.98565
7.98565
7.98565
7.98565
7.98565
7.98565
7.98565
7.98565
7.98565
7.98565
7.98565
7.98565
7.98565
7.98565
7.98565
7.98565
7.98565
7.98565
7.98565
7.98565
7.98565
7.98565
7.98565
7.98565
7.98565
7.98565
7.98565
7.98565
7.98565
7.98565
7.98565
7.98565
7.98565
7.98565
7.98565
7.98565
7.98565
7.98565
7.98565
7.98565
7.98565
7.98565
7.98565
7.98565
7.98565
7.98565
7.98565
7.98565
7.98565
7.98565
7.98565
7.98565
7.98565
7.98565
7.98565
7.98565
7.98565
7.98565
7.98565
7.98565
7.98565
7.98565
7.98565
7.98565
7.98565
7.98565
7.98565
7.98565
7.98565
7.98565
7.98565
7.98565
7.98565
7.98565
7.98565
7.98565
7.98565
7.98565
7.98565
7.98565
7.98565
7.98565
7.98565
7.98565
7.98565
7.98565
7.98565
7.98565
7.98565
7.98565
7.98565
7.98565
7.98565
7.98565
7.98565
7.98565
7.98565
7.98565
7.98565
7.98565
7.98565
7.98565
7.98565
7.98565
7.98565
7.98565
7.98565
7.98565
7.98565
7.98565
7.98565
7.98565
7.98565
7.98565
7.98565
7.98565
7.98565
7.98565
7.98565
7.98565
7.98565
7.98565
7.98565
7.98565
7.98565
7.98565
7.98565
7.98565
7.98565
7.98565
7.98565
7.98565
7.98565
7.98565
7.98565
7.98565
7.98565
7.98565
7.98565
7.98565
7.98565
7.98565
7.98565
7.98565
7.98565
7.98565
7.98565
7.98565
7.98565
7.98565
7.98565
7.98565
7.98565
7.98565
7.98565
7.98565
7.98565
7.98565
7.98565
7.98565
7.98565
7.98565
7.98565
7.98565
7.98565
7.98565
7.98565
7.98565
7.98565
7.98565
7.98565
7.98565
7.98565
7.98565
7.98565
7.98565
7.98565
7.98565
7.98565
7.98565
7.98565
7.98565
7.98565
7.98565
7.98565
7.98565
7.98565
7.98565
7.98565
7.98565
7.98565
7.98565
7.98565
7.98565
7.98565
7.98565
7.98565
7.98565
7.98565
7.98565
7.98565
7.98565
7.98565
7.98565
7.98565
7.98565
7.98565
7.98565
7.98565
7.98565
7.98565
7.98565
7.98565
7.98565
7.98565
7.98565
7.98565
7.98565
7.98565
7.98565
7.98565
7.98565
7.98565
7.98565
7.98565
7.98565
7.98565
7.98565
7.98565
7.98565
7.98565
7.98565
7.98565
7.98565
7.98565
7.98565
7.98565
7.98565
7.98565
7.98565
7.98565
7.98565
7.98565
7.98565
7.98565
7.98565
7.98565
7.98565
7.98565
7.98565
7.98565
7.98565
7.98565
7.98565
7.98565
7.98565
7.98565
7.98565
7.98565
7.98565
7.98565
7.98565
7.98565
7.98565
7.98565
7.98565
7.98565
7.98565
7.98565
7.98565
7.98565
7.98565
7.98565
7.98565
7.98565
7.98565
7.98565
7.98565
7.98565
7.98565
7.98565
7.98565
7.98565
7.98565
7.98565
7.98565
7.98565
7.98565
7.98565
7.98565
7.98565
7.98565
7.98565
7.98565
7.98565
7.98565
7.98565
7.98565
7.98565
7.98565
7.98565
7.98565
7.98565
7.98565
7.98565
7.98565
7.98565
7.98565
7.98565
7.98565
7.98565
7.98565
7.98565
7.98565
7.98565
7.98565
7.98565
7.98565
7.98565
7.98565
7.98565
7.98565
7.98565
7.98565
7.98565
7.98565
7.98565
7.98565
7.98565
7.98565
7.98565
7.98565
7.98565
7.98565
7.98565
7.98565
7.98565
7.98565
7.98565
7.98565
7.98565
7.98565
7.98565
7.98565
7.98565
7.98565
7.98565
7.98565
7.98565
7.98565
7.98565
7.98565
7.98565
7.98565
7.98565
7.98565
7.98565
7.98565
7.98565
7.98565
7.98565
7.98565
7.98565
7.98565
7.98565
7.98565
7.98565
7.98565
7.98565
7.98565
7.98565
7.98565
7.98565
7.98565
7.98565
7.98565
7.98565
7.98565
7.98565
7.98565
7.98565
7.98565
7.98565
7.98565
7.98565
7.98565
7.98565
7.98565
7.98565
7.98565
7.98565
7.98565
7.98565
7.98565
7.98565
7.98565
7.98565
7.98565
7.98565
7.98565
7.98565
7.98565
7.98565
7.98565
7.98565
7.98565
7.98565
7.98565
7.98565
7.98565
7.98565
7.98565
7.98565
7.98565
7.98565
7.98565
7.98565
7.98565
7.98565
7.98565
7.91208
7.91208
7.91208
7.91208
7.91208
7.91208
7.91208
7.91208
7.91208
7.91208
7.91208
7.91208
7.91208
7.91208
7.91208
7.91208
7.91208
7.91208
7.91208
7.91208
7.91208
7.91208
7.91208
7.91208
7.91208
7.91208
7.91208
7.91208
7.91208
7.91208
7.91208
7.91208
7.91208
7.91208
7.91208
7.91208
7.91208
7.91208
7.91208
7.91208
7.91208
7.91208
7.91208
7.91208
7.91208
7.91208
7.91208
7.91208
7.91208
7.91208
7.91208
7.91208
7.91208
7.91208
7.91208
7.91208
7.91208
7.91208
7.91208
7.91208


3.16505
0.314412
-2.20638
-3.60562
-3.16576
-2.0651
-2.62165
-2.81731
-1.98246
-0.8314
-1.49834
0.299732
-0.917998
-1.0281
-0.0796353
0.630194
0.111002
0.0883837
2.2476
-1.13539
0.61019
-0.813539
-2.00196
-2.07471
-0.753375
-2.77395
-1.60822
3.89473
-2.31666
0.849918

0.039

