1.10533
0.864773
0.864773
0.580079
0.580079
0.53868
0.239282
0.239282
0.239282
0.239282
0.0990406
0.076264
0.0877647
0.0737552
0.0276282
0.0101754
0.0101754
0.00523655
0.00659161
0.006074
0.006074
0.006074
0.00600749
0.00580499
0.00581567
0.00581366
0.00581366
0.00581366
0.0031768
0.0031768
0.0149472
0.0118587
0.0118587
0.0118587
0.0118587
0.0168879
0.0168879
0.0325785
0.0448131
0.0448131
0.0195676
0.0195676
0.0195676
0.0186946
0.0186946
0.0143505
0.0143505
0.0143505
0.0143505
0.0143506
0.0123202
0.0123202
0.0123202
0.0135332
0.0135332
0.0137751
0.0137751
0.0137751
0.0160526
0.00736046
0.00736046
0.00736046
0.00736046
0.0125045
0.0125045
0.0125045
0.0125045
0.0125045
0.0125045
0.0125045
0.0125045
0.00302586
0.00302586
0.00302586
0.0207359
0.0101188
0.0101188
0.0310877
0.0158781
0.0158781
0.0177058
0.0242634
0.0242634
0.0242634
0.0229713
0.0185104
0.0185104
0.0185104
0.0136873
0.0136873
0.0136873
0.0136873
0.0136873
0.000627151
0.000609573
0.00493847
0.00167484
0.00205571
0.00205571
0.00205571
0.00759013
0.00759013
0.00759013
0.00759013
0.0059508
0.00469798
0.00469798
0.00394108
0.00394108
0.00394108
0.000799392
0.000222852
9.20766e-05
9.20766e-05
9.20766e-05
9.67614e-05
9.67614e-05
7.55708e-06
7.55708e-06
7.55708e-06
7.55708e-06
7.55708e-06
7.55708e-06
1.73355e-05
1.73355e-05
3.5761e-06
3.5761e-06
1.36648e-06
1.36648e-06
1.36648e-06
1.21946e-06
1.21946e-06
1.21946e-06
1.21946e-06
1.21946e-06
2.91669e-06
2.91669e-06
2.91669e-06
2.91669e-06
2.91669e-06
2.91669e-06
2.94386e-06
4.4002e-06
4.42386e-06
4.42386e-06
4.42387e-06
4.42387e-06
4.42387e-06
4.42387e-06
4.42387e-06
4.42387e-06
4.42387e-06
4.42387e-06
4.42387e-06
4.42387e-06
4.42387e-06
4.42387e-06
0.000215141
0.000412343
0.000412343
0.000412343
0.000412343
0.000208095
0.000186258
0.000313027
0.000321346
0.000556386
0.000556386
0.000698563
0.00077571
0.00077082
0.00077082
0.00077082
0.00111447
0.00112724
0.000437908
0.000437908
0.000437908
0.000437908
0.000458743
0.000458743
0.00055281
0.000550197
0.000740956
0.000918962
0.000166776
0.000166776
0.000166776
0.000166776
0.00016717
0.00016717
0.000115064
0.000140273
0.000107537
5.24396e-05
5.97906e-06
5.97906e-06
5.97906e-06
5.97906e-06
1.15254e-05
1.0979e-05
1.0979e-05
1.0649e-05
1.06507e-05
1.06507e-05
1.06507e-05
1.06507e-05
1.06507e-05
1.0651e-05
1.0651e-05
1.06469e-05
1.06469e-05
1.06469e-05
1.06522e-05
1.06522e-05
1.06522e-05
2.00857e-06
2.68668e-06
2.68668e-06
2.68668e-06
2.68668e-06
2.68768e-06
7.59558e-06
7.59558e-06
7.59558e-06
7.59558e-06
7.59558e-06
7.59558e-06
7.59558e-06
7.59558e-06
7.59558e-06
7.59558e-06
7.59558e-06
7.59558e-06
7.59558e-06
7.59558e-06
7.59558e-06
7.59558e-06
7.59558e-06
7.59558e-06
7.59558e-06
0.000281823
0.000294867
0.000294867
0.000295913
0.000320044
0.000431612
0.00047951
0.00047951
0.000482086
0.000482086
0.000482086
0.000482086
0.00051909
0.000528924
0.000528924
0.000531906
0.000531906
0.000531906
0.000536693
0.000573379
0.00068004
0.000624954
0.000735172
0.00072538
0.00072538
0.000758972
0.000771407
0.000972635
0.000950887
0.000952484
0.00096085
0.000961659
0.000961659
0.000952876
0.000831269
0.000813088
0.000496942
0.000496942
0.00049558
0.00049558
0.00049558
0.00049558
0.000505756
0.000814079
0.000812824
0.000774731
0.00046374
0.00017433
0.000270805
0.000270805
0.000270805
0.000270805
0.000279643
0.000279965
0.000279965
0.000279965
0.000276479
0.000276479
0.000276479
8.50973e-05
1.26118e-05
1.26118e-05
1.26118e-05
1.15e-05
2.6464e-06
2.6464e-06
2.6464e-06
2.6464e-06
5.5563e-06
5.5563e-06
5.5563e-06
5.5563e-06
5.88764e-06
5.88764e-06
9.15677e-06
9.98913e-06
1.01069e-05
1.01351e-05
1.01351e-05
1.0137e-05
1.01298e-05
1.01298e-05
1.01298e-05
1.01342e-05
1.01342e-05
1.01342e-05
1.01344e-05
1.01344e-05
3.01096e-05
3.01096e-05
1.61911e-05
1.61911e-05
1.61911e-05
1.61911e-05
1.61911e-05
1.61911e-05
2.96955e-05
2.96955e-05
2.96955e-05
4.14983e-05
4.14983e-05
4.14983e-05
4.79321e-05
4.79321e-05
4.79321e-05
0.000271977
0.000254672
6.28613e-05
6.28613e-05
5.79431e-05
6.47438e-05
7.26242e-05
7.75881e-05
7.75881e-05
8.65553e-05
8.65553e-05
8.65553e-05
8.65553e-05
9.21312e-05
9.39825e-05
9.18604e-05
0.000109598
0.000109598
0.000109598
7.75249e-05
7.75249e-05
7.75249e-05
7.75249e-05
7.75249e-05
7.75234e-05
0.000186121
0.000287285
0.000287285
0.000287285
0.000287285
0.000377702
0.000377702
0.000127327
0.000127327
0.000169807
0.000169807
0.000169807
0.000189535
0.00020379
0.00020379
0.000231594
0.000231594
0.000231594
0.000336041
0.000351761
0.000359141
0.000359141
0.000394922
0.000394922
0.000394922
0.000394922
0.000199315
0.000199315
0.000304237
0.000304237
0.000338817
0.000338817
0.000338817
0.000338817
0.000342269
0.000347227
6.77422e-05
7.7396e-05
1.4046e-05
1.4046e-05
1.4046e-05
1.4046e-05
2.18224e-05
5.51904e-05
4.01211e-05
4.01211e-05
4.39726e-05
4.63299e-05
4.73722e-05
4.73722e-05
2.63336e-05
1.93683e-06
1.93683e-06
1.93683e-06
1.93683e-06
1.93683e-06
1.93683e-06
1.93676e-06
1.93676e-06
1.08599e-06
1.08599e-06
1.08599e-06
1.08599e-06
1.08599e-06
1.03029e-06
1.03029e-06
1.03029e-06
1.03026e-06
1.03026e-06
1.03026e-06
1.03026e-06
1.03026e-06
1.03026e-06
1.03026e-06
1.03026e-06
1.03026e-06
1.03026e-06
1.03026e-06
1.03026e-06
1.03026e-06
1.03026e-06
1.03026e-06
1.03026e-06
8.2287e-07
8.2287e-07
8.2287e-07
1.04398e-05
1.04398e-05
9.43153e-06
9.43153e-06
9.43153e-06
9.43153e-06
2.32753e-05
2.32753e-05
1.10462e-05
1.10462e-05
1.10462e-05
1.04925e-05
1.04925e-05
1.04925e-05
1.04925e-05
1.04925e-05
1.04925e-05
0.000211485
0.000211165
0.000211165
0.00021142
0.00023123
0.00023123
0.000235518
0.000235518
0.000235518
0.000238397
0.000240973
0.000240973
0.000240973
0.000240973
0.000242226
0.000242226
0.000242226
0.000242549
0.000242549
0.000242774
0.000242774
0.000242774
0.000242872
0.000242935
0.000243013
0.000243179
0.000243183
0.000243183
0.000243183
2.43257e-06
2.91955e-06
2.91955e-06
2.97112e-06
2.97112e-06
3.00072e-06
3.00185e-06
3.02672e-06
3.0268e-06
3.0268e-06
3.02626e-06
3.02626e-06
3.02626e-06
3.02626e-06
3.02626e-06
3.02626e-06
3.02626e-06
3.02626e-06
3.02626e-06
3.02626e-06
1.62452e-05
1.62452e-05
2.41919e-05
2.4184e-06
2.4184e-06
2.4184e-06
2.4184e-06
2.4184e-06
2.4184e-06
2.4184e-06
2.4184e-06
2.4184e-06
2.4184e-06
2.41836e-06
2.41836e-06
2.41836e-06
2.41836e-06
2.41836e-06
2.41836e-06
2.41836e-06
2.41836e-06
2.41836e-06
2.41836e-06
2.41836e-06
0.000143563
0.000143563
0.000143563
0.000143563
0.00035814
5.96041e-05
2.38722e-06
5.50289e-06
5.50289e-06
5.50289e-06
5.50289e-06
1.73045e-08
1.73045e-08
1.73045e-08
1.73045e-08
1.73045e-08
8.0069e-09
8.0069e-09
8.0069e-09
8.0069e-09
8.0069e-09
8.0069e-09
8.0069e-09
8.0069e-09
8.0069e-09
8.0069e-09
8.0069e-09
8.0069e-09
8.0069e-09
8.0069e-09
8.0069e-09
8.0069e-09
8.0069e-09
8.0069e-09
8.0069e-09
8.00703e-09
8.00703e-09
8.00703e-09
8.00703e-09
8.00703e-09
8.00703e-09
8.00703e-09
8.00703e-09
0.000100093
0.000118446
0.000118446
0.000121965
0.000121965
0.000133101
0.000146871
0.000146871
0.000209836
3.99815e-05
1.49839e-05
1.57032e-05
1.74795e-05
3.90589e-05
5.13344e-05
4.65608e-05
4.65608e-05
4.89569e-05
4.89569e-05
5.11926e-05
5.11926e-05
5.11926e-05
5.18241e-05
5.18241e-05
5.40861e-05
5.40861e-05
6.29792e-05
6.30704e-05
6.30704e-05
6.65968e-05
6.65968e-05
6.92505e-05
6.94951e-05
8.17802e-05
0.0001025
0.000120558
0.000138375
0.000152987
0.000152987
0.000152987
0.000152987
0.000152987
0.000152987
0.000152987
0.000167199
0.000167199
0.000169248
0.000169248
0.000169248
0.000169248
0.000177031
0.000182258
0.000182258
0.000191364
0.000191364
0.000191364
0.00019466
0.000194683
0.000195529
0.000195529
0.000195529
0.000195529
0.000195529
0.000196133
0.000196133
0.000196133
0.000196133
0.000196133
0.000196157
0.000196157
0.000196157
0.000196157
0.000200055
0.000200055
0.000200094
0.000200149
0.000200791
0.000200791
0.000200791
0.000200791
0.000200791
0.000200934
0.000200934
0.000202238
0.000202238
0.000202238
0.000202238
0.000202795
0.000202989
0.000202989
0.000202989
0.000202989
0.000203076
0.000203076
0.000203076
0.000203076
0.0002031
0.0002031
0.0002031
0.000203338
0.000203338
0.000203338
0.000203455
0.000203455
0.000203455
0.000203455
0.000203613
0.000203613
0.00020424
0.00020424
0.000204249
0.000204287
0.000204288
0.000204288
0.000204288
0.000204288
0.000204288
0.000204288
0.00020548
0.000205514
0.000205545
0.000205545
0.000205545
0.000205715
0.000205715
0.000205715
0.000205715
0.000205715
0.000205715
0.000205715
0.000205809
0.000205809
0.00020589
0.00020589
0.00020589
0.00020589
0.000205946
0.000205946
0.000205946
0.000206089
0.000206089
0.000216823
0.000220784
0.000220784
0.000220784
0.000220784
0.000220817
0.000220817
0.000235022
0.000235022
0.000235022
0.000235022
0.0002378
0.000238227
0.000240034
0.000240034
0.000240034
0.000240034
0.000240034
0.000240034
0.000240034
0.000240034
0.000245625
0.000245625
0.000245625
0.000245625
0.000250134
0.000250134
0.000250134
0.000250134
0.000250134
0.000250134
0.000261842
0.000261842
0.000261842
0.00027921
0.000286903
0.000286903
0.000286903
0.000286903
0.000286903
0.00029279
0.00029279
0.000298875
0.000298875
0.000298875
0.000298875
0.000298875
0.000372503
0.000372503
0.000376786
0.000387479
0.000387479
0.000387479
0.000387479
0.000387479
0.000387479
0.000393468
0.000409528
0.000496235
0.000534955
0.000534955
0.000534955
0.000534955
0.000534955
0.00069547
0.000557653
0.000728543
0.000728543
0.000728543
0.000728543
0.000728543
0.000928596
0.000981823
0.000981823
0.000981823
0.000674336
0.000674336
0.000800483
0.000877924
0.000877924
0.000877924
0.000877924
0.000981971
0.000981971
0.000981971
0.000981971
0.000981971
0.000981971
0.00109546
0.00113572
0.00113572
0.00113572
0.000767023
0.000850664
0.000850664
0.000850664
0.00100318
0.00100318
0.00102299
0.00102356
0.0010342
0.0010342
0.0010342
0.00104588
0.00105803
0.00106008
0.00106008
0.000630488
0.000630488
0.000630488
0.000630488
0.000630488
0.000630488
0.000716994
0.000716994
0.000798579
0.000798579
0.000865957
0.000872428
0.000872428
0.000872428
0.000883711
0.000883711
0.000987373
0.000987373
0.000987373
0.000987373
0.000995527
0.000995527
0.000995527
0.000995527
0.000995527
0.00100277
0.00100277
0.00100277
0.00100277
0.00100277
0.00100277
0.00100277
0.00100277
0.00100277
0.00101149
0.00101371
0.00101827
0.000633922
0.000633922
0.00067223
0.00067223
0.000643437
0.000643437
0.000643437
0.000541701
7.09923e-05
7.09923e-05
7.09923e-05
7.09923e-05
0.000128353
0.000559934
0.000559934
0.000827889
0.000932956
0.000800427
0.000800427
0.000800427
0.000809282
0.000897135
0.000897135
0.000897135
0.000897135
0.000897135
0.000943108
0.000943108
0.000943108
0.00110612
0.00110804
0.00124981
0.00124981
0.00124981
0.000621624
0.000936101
0.000936101
0.000936101
0.00102899
0.00102899
0.00102899
0.00102899
0.00102899
0.00102899
0.0010334
0.0010334
0.0010334
0.00104418
0.00107416
0.00107416
0.00109124
0.00109124
0.00109124
0.000664398
0.000670613
0.000670613
0.000670613
0.000670613
0.000670613
0.000670613
0.000743914
0.000743914
0.000743914
0.000743914
0.000743914
0.000743914
0.000761366
0.000777606
0.000777606
0.000778362
0.000873986
0.000873986
0.000873986
0.00095569
0.00103659
0.00107997
0.0010911
0.0010911
0.00109563
0.00109563
0.00109563
0.00112365
0.00112365
0.00112365
0.000542673
0.000542673
0.000542673
0.000542673
0.00076099
0.00076099
0.000849421
0.000849421
0.000353623
0.000177687
0.000190268
4.73757e-06
4.73757e-06
4.73757e-06
4.73757e-06
4.73757e-06
4.73757e-06
4.74382e-06
4.74382e-06
4.74382e-06
4.74382e-06
4.74382e-06
4.74382e-06
4.74382e-06
4.74382e-06
4.74382e-06
4.74382e-06
4.74382e-06
0.000355138
0.000437415
0.000462134
0.000462134
0.000463696
0.000469131
0.000469131
0.000469131
0.000469131
0.000469131
0.000469131
0.000469131
0.000589606
0.000589606
0.000589606
0.000600787
0.000600787
0.000652803
0.000652803
0.000652803
0.00104676
0.00128619
0.00132283
0.00141337
0.00141337
0.00141337
0.001542
0.001542
0.001542
0.001542
0.0015618
0.0015618
0.00168708
0.00168708
0.00172968
0.00174485
0.00177935
0.00177935
0.00201823
0.00201823
0.00238302
0.00238302
0.00238302
0.00219171
0.0023112
0.0023112
0.0023112
0.0023112
0.0023112
0.00232144
0.00245652
0.00251462
0.0059261
0.0059261
0.0059261
0.0053927
0.0053927
0.00650657
0.00536234
0.00536234
0.00498211
0.00486498
0.00486498
0.00507204
0.00406891
0.00507204
0.00507204
0.00507204
0.00408093
0.00408093
0.00405215
0.00405215
0.00405215
0.00405215
0.00124293
0.00124293
0.0023362
0.00239416
0.00267729
0.00308269
0.00308269
0.00387797
0.00422444
0.00361119
0.00361119
0.00404764
0.00450625
0.00450625
0.00450625
0.00488144
0.00306951
0.00175138
0.00280979
0.00280979
0.00280979
0.00280979
0.00280979
0.00302362
0.00302362
0.00314206
0.00314206
0.00314206
0.00314206
0.00335508
0.00364691
0.00364691
0.00381281
0.00381281
0.00381281
0.00379827
0.00379827
0.00379827
0.00379827
0.00379827
0.00379827
0.00379827
0.00379827
0.000552012
0.00086089
0.0015879
0.00183126
0.00183126
0.00341706
0.00341706
0.00341706
0.00341706
0.00341706
0.00341706
0.00412388
0.00436389
0.00448062
0.00448062
0.00448062
0.00448062
0.00448062
0.00461338
0.00461338
0.00461338
0.00461338
0.00461338
0.00461338
0.00461338
0.00461338
0.00491155
0.00491155
0.00504568
0.00504568
0.00508063
0.00508063
0.00508063
0.00508063
0.00576764
0.00576764
0.00576764
0.00576764
0.00576764
0.00576764
0.00576764
0.00589325
1.64343e-05
1.64343e-05
1.64343e-05
1.64343e-05
1.64343e-05
1.64343e-05
1.64343e-05
1.64343e-05
1.64343e-05
1.64343e-05
1.64343e-05
1.63901e-05
1.63901e-05
1.63901e-05
1.63901e-05
1.63901e-05
1.63901e-05
1.63914e-05
1.63914e-05
1.63914e-05
1.63914e-05
1.63914e-05
1.63914e-05
1.63914e-05
1.63914e-05
0.000232508
0.000584921
0.000584921
0.00136792
0.00136792
0.00136792
0.00136792
0.00307945
0.00307945
0.00307945
0.00307945
0.00307945
0.00352987
0.00457704
0.00457704
0.00457704
0.00457704
0.00457704
0.00469836
0.00469836
0.00485139
0.0040563
0.00423019
0.00369664
0.00369664
0.00369664
0.00369664
0.00369664
0.00369664
0.00369664
0.00369664
0.0040059
0.000119661
0.000119661
0.000146067
0.00074075
0.001233
0.001233
0.00167747
0.00167747
0.00252581
0.00252581
0.00287316
0.00287316
0.00293639
0.00293639
0.00293639
0.00306108
0.00306108
0.00306108
0.00151538
9.368e-05
9.368e-05
9.368e-05
9.368e-05
9.368e-05
9.368e-05
9.368e-05
0.000114487
0.000138119
0.000597951
0.000597951
0.000812915
3.76924e-05
3.76924e-05
3.76924e-05
3.76924e-05
3.76924e-05
0.000629278
0.000185386
0.000185386
0.000373647
0.000812915
0.000812915
0.000812915
0.000983152
0.00129223
0.00129223
0.00171904
0.00171904
0.00171904
0.00171904
0.00171904
0.00171904
0.00171904
0.00171904
0.00171904
0.00176262
0.00176262
0.00190346
0.00190346
0.00190346
0.00190346
0.00190346
0.00190346
0.00190346
0.00190346
0.00193239
0.00194871
0.00194921
0.00194921
0.00194921
0.00194921
0.00194921
0.00194921
0.00194921
0.00201598
0.00201598
0.00201598
0.00201598
0.00201598
0.00228484
0.00228484
0.00228484
0.00228484
0.00228484
0.00228484
0.00228484
0.00228484
0.00228484
0.00235075
0.00251736
0.00251736
0.00251736
0.00251736
0.00251736
0.00251736
0.00258679
0.00258679
0.00258679
0.00258679
0.00269756
0.00269756
0.00269756
0.00273456
0.00273456
0.00273456
0.00141143
0.00141143
0.00141143
0.00141143
0.00141143
0.00141143
0.00141143
0.00141143
0.00366402
0.00366402
0.00366402
0.00368711
0.00368711
0.000119282
0.000119282
0.000504694
0.000527987
0.000527987
0.000527987
0.0006809
0.000950193
0.000950193
0.000950193
0.00107874
2.33695e-05
8.19889e-06
5.86135e-06
2.98223e-05
1.97647e-05
2.19782e-05
2.22453e-05
2.23329e-05
2.23329e-05
2.22925e-05
2.23594e-05
2.24053e-05
2.24053e-05
2.24053e-05
1.22571e-05
1.22571e-05
1.24679e-05
1.24679e-05
1.24679e-05
1.24679e-05
1.24679e-05
1.24679e-05
1.24679e-05
1.24679e-05
1.4348e-05
1.45309e-05
1.45309e-05
1.48447e-05
1.48447e-05
1.48447e-05
1.48447e-05
1.5111e-05
1.54285e-05
1.54285e-05
1.54285e-05
1.54285e-05
1.54285e-05
1.61302e-05
1.61302e-05
1.61302e-05
1.61302e-05
1.61302e-05
1.61302e-05
1.61302e-05
1.61502e-05
1.61502e-05
1.61502e-05
1.61502e-05
1.61502e-05
1.61502e-05
1.61502e-05
1.61502e-05
1.65142e-05
4.16119e-05
6.78029e-05
6.78029e-05
7.18607e-05
7.18607e-05
7.18607e-05
7.18607e-05
7.18607e-05
7.74529e-05
7.83529e-05
8.1492e-05
8.1492e-05
0.000235358
0.000282737
0.000505706
0.000505706
0.000505706
0.000505706
0.000166164
0.000176887
0.000176887
0.000505706
0.000505706
0.000974573
3.38716e-05
3.38716e-05
3.38716e-05
3.38716e-05
3.38716e-05
3.38716e-05
3.38716e-05
3.38716e-05
3.38716e-05
3.59936e-05
9.1936e-05
9.1936e-05
9.1936e-05
9.19714e-05
9.19714e-05
9.19714e-05
9.19714e-05
9.19714e-05
9.19714e-05
9.19714e-05
5.27083e-05
5.27083e-05
5.83015e-05
5.83015e-05
5.82969e-05
5.82969e-05
5.82969e-05
5.82969e-05
9.66319e-05
9.86085e-05
9.86085e-05
9.86085e-05
9.86085e-05
9.86085e-05
0.000106713
0.000133569
0.000158781
0.000158781
0.000441189
0.000441189
0.000441189
0.000441189
0.000441189
0.000441189
0.000581484
7.49374e-05
7.49374e-05
0.000464235
0.000464235
0.000464235
0.000464235
0.000464235
0.000464235
0.000475961
0.000475961
0.000477918
0.000477918
0.000477918
0.000477918
0.000477918
0.000477918
0.000477918
0.000477918
0.000477918
0.000477918
0.000169782
0.000169782
0.000169782
0.000169782
0.00032012
0.00032012
9.65487e-06
5.16646e-05
5.16646e-05
4.93404e-08
4.93404e-08
4.93391e-08
4.93391e-08
4.93391e-08
4.93391e-08
4.93391e-08
4.93391e-08
4.93391e-08
4.93391e-08
4.93391e-08
4.93391e-08
4.93392e-08
4.93392e-08
4.94358e-08
4.94358e-08
4.94358e-08
4.94358e-08
4.94358e-08
4.94358e-08
4.94358e-08
4.94358e-08
4.94358e-08
4.94358e-08
4.94358e-08
4.94358e-08
4.94358e-08
4.94358e-08
4.94358e-08
4.94358e-08
4.94358e-08
4.94358e-08
4.94358e-08
4.94358e-08
4.94358e-08
4.94358e-08
4.94358e-08
1.2394e-07
1.2394e-07
1.2394e-07
4.5979e-07
4.59784e-07
4.59784e-07
5.81128e-07
1.07428e-06
1.07428e-06
1.07428e-06
1.07428e-06
1.12168e-06
1.16114e-06
1.16114e-06
1.18317e-06
1.18317e-06
1.25438e-06
1.25438e-06
1.27706e-06
1.27706e-06
1.27706e-06
1.27706e-06
1.27706e-06
1.27706e-06
3.0028e-06
3.0028e-06
5.21281e-06
8.92215e-06
1.08239e-05
1.0824e-05
1.0824e-05
1.0824e-05
1.0824e-05
1.0824e-05
1.0824e-05
1.1297e-05
1.1297e-05
7.96877e-06
7.96877e-06
5.88592e-06
5.88592e-06
4.34062e-06
2.48416e-06
2.48416e-06
4.39767e-07
3.04671e-07
3.04671e-07
3.04671e-07
3.04671e-07
3.04671e-07
3.04671e-07
3.04671e-07
3.04671e-07
3.04671e-07
5.04937e-07
5.04937e-07
5.04937e-07
5.04937e-07
5.04937e-07
5.04937e-07
5.04937e-07
5.04937e-07
1.1355e-05
1.1355e-05
1.1355e-05
1.1355e-05
1.1355e-05
1.1355e-05
6.23235e-06
6.23235e-06
6.23235e-06
6.23235e-06
6.23235e-06
6.23235e-06
6.23235e-06
4.001e-07
4.001e-07
4.001e-07
4.001e-07
4.001e-07
4.001e-07
4.001e-07
4.001e-07
4.001e-07
4.001e-07
3.27833e-05
3.59154e-05
3.59154e-05
3.59154e-05
3.59154e-05
4.60359e-05
0.000153552
0.000153552
0.000133387
0.000153552
0.000175345
0.000175345
0.000175345
2.0305e-06
2.0305e-06
2.64679e-06
3.29354e-06
3.29354e-06
5.49525e-06
6.19672e-06
1.1315e-05
1.75892e-05
1.75892e-05
1.79144e-05
1.79144e-05
1.79144e-05
2.60007e-06
2.60007e-06
2.60007e-06
2.60007e-06
2.60007e-06
2.60007e-06
2.60007e-06
2.60007e-06
2.60007e-06
5.47975e-07
5.47975e-07
2.52039e-06
2.52039e-06
3.10823e-05
3.10823e-05
3.10823e-05
5.01658e-05
0.000175345
7.11456e-06
7.11456e-06
7.11456e-06
6.25631e-06
7.95843e-06
1.09983e-05
1.09983e-05
2.11312e-05
2.63593e-05
2.63593e-05
2.44132e-05
3.60876e-05
3.6743e-05
9.82593e-06
9.82593e-06
9.82593e-06
9.82593e-06
1.2607e-05
1.49666e-05
1.49666e-05
1.49666e-05
3.7506e-05
3.7506e-05
3.7506e-05
4.83182e-05
1.17217e-05
1.17217e-05
1.17217e-05
1.17544e-05
1.17544e-05
1.17544e-05
4.83182e-05
4.83182e-05
4.83182e-05
4.83182e-05
1.02427e-06
1.02496e-06
1.02496e-06
1.02423e-06
8.77716e-07
8.77716e-07
8.7774e-07
8.7774e-07
5.64787e-07
5.64781e-07
5.64781e-07
5.64781e-07
1.2165e-06
1.2165e-06
1.92656e-05
3.21767e-05
3.21767e-05
3.58224e-05
3.58224e-05
3.73808e-05
4.0904e-05
4.15515e-05
4.15515e-05
4.49033e-05
5.15589e-05
5.15589e-05
5.15589e-05
5.15589e-05
5.15589e-05
5.34834e-05
7.37255e-05
7.37255e-05
7.37255e-05
7.91334e-05
8.08653e-05
8.08653e-05
8.08653e-05
9.11574e-05
9.11574e-05
9.11574e-05
9.11574e-05
9.11574e-05
9.11574e-05
9.11574e-05
9.6864e-05
0.000116288
0.000116288
0.000116288
0.000136914
0.000137119
0.000138551
0.000138551
0.000145922
0.000153767
0.000153767
0.000153767
0.000154405
0.000154405
0.000154405
0.000154405
0.000154405
0.000154405
0.000154405
0.000154405
0.000154405
0.000154405
0.000154405
0.000154405
0.000158767
0.000158767
0.000158767
0.000158767
0.000158767
0.000158767
8.1101e-05
8.1101e-05
0.000116701
0.000128998
0.000128998
0.000128998
0.000128998
0.000128998
0.000128998
0.000128998
0.000128998
0.00018345
0.000189728
0.000189728
0.000189728
6.4532e-05
6.4532e-05
6.74178e-05
6.74178e-05
9.67535e-05
9.67535e-05
9.67535e-05
9.67535e-05
9.67535e-05
8.07824e-05
9.28848e-05
9.67535e-05
9.67535e-05
6.36481e-05
6.36481e-05
6.56454e-05
6.56454e-05
9.7064e-05
9.7064e-05
9.7064e-05
9.7064e-05
9.7064e-05
9.7064e-05
9.7064e-05
9.7064e-05
0.000118071
0.000118071
0.000118071
0.000118071
0.000118071
0.000118071
0.000118071
0.000142608
0.000142608
0.000142608
0.000142608
0.000142608
0.000147708
0.000147708
0.000148265
0.000148265
0.000156606
0.000156606
0.00015661
5.67492e-05
6.52505e-05
6.52505e-05
0.000104783
0.000104783
0.000111938
0.000111938
0.000111938
0.000111938
0.00013704
0.00013704
0.00013704
0.00014736
0.00014736
0.00014736
0.00014736
0.000156335
0.00015654
0.00015654
0.00015654
0.00015654
0.00015654
0.000157606
0.000157606
0.000157606
0.000157606
0.000157606
0.000157606
0.000157606
0.000157606
7.44753e-05
0.000106893
0.000106893
0.000106893
0.000106893
0.00011913
0.000123451
0.000123451
0.000123451
0.000131387
0.000131387
0.000140775
0.000140775
0.000140775
8.03597e-05
9.08435e-05
7.47962e-05
7.47962e-05
7.47962e-05
7.47962e-05
7.47962e-05
7.47962e-05
8.57783e-05
8.57783e-05
7.36726e-05
7.36726e-05
7.36726e-05
7.36726e-05
7.36726e-05
7.36726e-05
8.04056e-05
8.04056e-05
8.04056e-05
8.04056e-05
8.04056e-05
8.04056e-05
7.09554e-05
7.09554e-05
7.09554e-05
7.09554e-05
8.04056e-05
8.04056e-05
8.04056e-05
8.04056e-05
8.04056e-05
8.04056e-05
9.64667e-05
9.64667e-05
9.64667e-05
9.64667e-05
0.000104357
0.000109723
0.000109723
0.000109723
0.000109723
0.000109723
0.000109723
0.000115594
0.000115594
0.000115594
0.000116414
0.000116414
0.000116414
0.000116414
0.000116414
0.000119775
0.000119775
0.000119775
0.000120236
0.000120236
0.000120475
0.000120475
0.000120475
0.000120475
0.000121522
0.000121522
0.000121522
0.000121522
0.000123228
0.000123228
0.000123228
0.000123729
0.000123729
0.000123729
0.000123738
0.000123738
0.000123738
0.000126223
0.000126223
0.000126223
0.000126223
0.000126223
0.000126223
0.000126223
0.000126223
0.000126223
0.000126223
0.000126223
0.000126223
0.000126223
0.000126223
0.000126223
0.000126223
0.000126223
0.000126223
0.000126223
0.000126223
0.000130096
0.000130096
0.000133745
0.000133745
0.000134269
0.000134269
0.00013843
0.00013843
0.00013843
0.000138818
0.000140321
0.000140321
0.000140321
8.11615e-05
0.000108196
0.000112353
0.000124912
0.000124912
0.000124912
0.000124912
0.000124912
0.000125639
0.000125639
0.000125639
0.000125639
0.000125639
0.000125639
0.000125639
0.000125639
0.000125639
0.000125639
0.000125639
0.000125639
0.000125639
0.000125639
0.000125639
0.000128377
0.000128377
0.000128377
0.000128377
0.000128377
0.000128377
0.000134361
0.000134361
0.000134361
0.00013569


8.91716e-06
0.000567714
0.00601022
0.022963
0.0179381
0.0298247
0.0290817
0.0238587
0.0371336
0.024554
0.0342907
0.00762327
0.0157869
0.0370558
0.0248961
0.0197346
0.0210534
0.0281553
0.0191012
0.0120927
-0.00525313
0.0298561
0.0272074
0.0273525
0.030366
0.0278386
0.0451252
0.0383261
0.0833353
-0.049653

0.02

