0.86616
0.86616
0.86616
0.86616
0.86616
0.86616
0.86616
0.86616
0.210243
0.210243
0.0963582
0.0963582
0.0963582
0.0963582
0.0963582
0.0963582
0.0963582
0.100684
0.100684
0.100684
0.100684
0.100684
0.100684
0.0159146
0.0415438
0.0415438
0.0415438
0.0503292
0.0503292
0.0503292
0.0503292
0.0595718
0.0595718
0.0253683
0.0253683
0.0253683
0.0253683
0.0253683
0.0253683
0.0215515
0.0215515
0.0215515
0.0196286
0.0174461
0.0174461
0.0174461
0.0179302
0.00748865
0.0089615
0.00868385
0.00784453
0.00784379
0.00315377
0.00315377
0.00315377
0.00315377
0.00315377
0.00304542
0.00304542
0.00394798
0.00394798
0.00407689
0.00410342
0.00410193
0.00410193
0.00410193
0.00424775
0.00424775
0.0152077
0.0152077
0.0152077
0.0152077
0.0152077
0.0168841
0.0168841
0.0168841
0.0076303
0.0067889
0.00172622
0.00172622
0.00172622
0.00705461
0.00705461
0.00705461
0.00705461
0.0117642
0.0117642
0.0117642
0.0117642
0.0117642
0.0125276
0.0127756
0.0127756
0.0127756
0.0127756
0.0127756
0.0127756
0.0127756
0.0127756
0.0127756
0.0127756
0.0129582
0.0129582
0.0129533
0.0129533
0.0132146
0.0132146
0.0131905
0.0131905
0.0131905
0.0138035
0.0138035
0.00968359
0.00968359
0.00968359
0.00968359
0.00968359
0.00784325
0.00322325
0.00322325
0.00322325
0.00322325
0.00322325
0.00322325
0.00223143
0.00223143
8.81308e-05
8.81308e-05
8.81308e-05
8.81308e-05
8.81308e-05
8.81308e-05
8.81308e-05
0.000101898
0.000642962
0.000642962
0.000642962
0.000642962
0.00041604
0.000491783
0.000491783
0.000491783
0.000491783
0.00179591
0.00179591
0.00179591
0.00190962
0.00190962
0.00190962
0.00190962
0.00190962
0.00190962
0.00502618
0.00502618
0.00502618
0.00502618
0.00502618
0.00502618
0.00536052
0.00536052
0.00536052
0.00536052
0.00536052
0.00536052
0.00610707
0.00610707
0.00610707
0.000292105
0.000679407
0.000679407
0.000679407
0.00101581
0.00101581
0.00101581
0.000688485
6.61292e-05
6.61292e-05
6.61292e-05
6.61803e-05
6.61803e-05
6.61803e-05
6.61803e-05
6.61803e-05
6.61803e-05
6.61803e-05
6.61803e-05
6.61803e-05
0.00017687
0.000326334
0.000355639
0.000355639
0.000368305
0.000368305
0.000181358
0.000181358
0.000181358
0.000182708
0.000182708
0.000184976
0.000216461
0.000220679
0.000222888
0.000222888
0.000222924
0.000222345
0.000222345
0.000222455
0.00022264
0.00022264
0.000223581
0.000223581
0.000223581
0.000223581
0.000223581
0.0001263
0.000126297
0.000126297
0.000126297
0.000126297
0.000141062
0.000263327
9.99844e-05
9.99844e-05
0.000263327
0.000263327
0.000263327
0.000263327
0.000263327
0.000264196
0.000265027
0.000265027
0.000265027
0.000265027
0.000265027
0.000265027
0.000265027
0.000265027
0.000265027
0.000265027
0.000265027
0.000265027
0.000392582
0.000723143
0.000652648
0.000652648
0.000652648
0.000652648
0.000325525
0.000325525
0.000325525
0.000514845
0.000514845
0.000514845
0.000514845
0.000561391
0.000561391
0.000572521
0.000631938
0.000631938
0.000631938
0.000661537
0.000661537
0.000804385
0.000804385
0.000804385
0.000804385
0.000841458
0.000841458
0.000841458
0.000841458
0.000841458
0.000854005
0.000854005
0.000861132
0.000861132
0.000861132
0.00100911
0.00100911
0.00101759
0.00106095
0.00107333
0.00107626
0.00107626
0.00107626
0.00107626
0.00107626
0.00107626
0.00106732
0.00106732
0.00106732
0.00106732
0.00107536
0.00107536
0.00107536
0.00107536
0.00107536
0.00107536
0.00107536
0.00107536
0.0010874
0.0010874
0.0010874
0.0010874
0.00109104
0.00110027
0.00113724
0.00113724
0.00113724
0.00113724
0.00115941
0.00115941
0.00115941
0.00115941
0.00115941
0.00125023
0.00125023
0.00125587
0.00125587
0.00125587
0.00125587
0.00125587
0.00126731
0.00126731
0.00126731
0.00126731
0.00126731
0.00126731
0.00128475
0.00128475
0.00128475
0.00128475
0.00128529
0.00128529
0.00128529
0.00128529
0.00128529
0.00128529
0.00128529
0.00128529
0.00128529
0.00130958
0.0013193
0.0013193
0.00133863
0.00133863
0.00134432
0.00134432
0.00134432
0.00134432
0.00134432
0.00134432
0.00134432
0.00134432
0.00134432
0.00135234
0.000983818
0.000983818
0.000983818
0.000983818
0.000605117
0.000605117
0.000508788
0.000508788
0.000508788
0.000508788
0.000508788
0.000508788
0.000508788
0.000522043
0.000522043
0.000522043
0.000554966
0.000554966
0.000713598
0.000713598
0.000713598
0.000713598
0.000713598
0.000713598
0.000713598
0.000713598
0.000735829
0.000735829
0.000735829
0.000735829
0.000735829
0.000735829
0.000735829
4.20197e-05
4.20197e-05
4.20197e-05
4.20197e-05
4.20197e-05
4.20197e-05
3.97343e-05
3.97343e-05
4.34005e-05
4.48771e-05
4.48771e-05
4.00555e-05
3.70306e-05
3.74048e-05
3.74048e-05
3.74278e-05
3.75668e-05
3.77249e-05
3.77249e-05
3.75019e-05
3.75019e-05
3.64957e-05
3.64957e-05
3.64957e-05
4.61637e-05
0.000196485
0.00032649
0.00032649
8.96239e-05
8.97557e-05
0.000113672
0.000137364
0.000138359
0.000138619
0.000138619
0.000142508
0.000142508
0.000142508
0.000142623
0.000142623
7.02117e-05
7.39264e-05
7.56566e-05
7.56566e-05
7.56566e-05
7.56566e-05
0.000127332
9.97643e-05
1.57971e-05
1.57971e-05
1.57971e-05
1.57971e-05
1.57971e-05
4.4968e-06
4.4968e-06
1.34153e-06
1.34153e-06
1.34153e-06
9.97643e-05
9.73911e-05
0.000106217
0.000106217
7.03237e-05
7.03237e-05
0.000150185
0.000150185
0.000150185
2.27169e-05
2.27169e-05
2.27169e-05
2.27169e-05
2.27169e-05
2.27169e-05
2.26964e-05
2.28679e-05
2.32717e-05
2.32717e-05
2.5279e-05
2.51615e-05
2.51615e-05
2.51419e-05
2.51419e-05
2.51419e-05
5.524e-05
6.39647e-05
6.32702e-05
6.37517e-05
6.37517e-05
6.37517e-05
6.37668e-05
6.37668e-05
6.39142e-05
6.39142e-05
6.39142e-05
6.39142e-05
6.39142e-05
0.000107607
0.00011432
0.00011432
0.00011432
0.000129162
0.000129162
0.0001385
0.0001385
0.0001385
0.0001385
0.0001385
0.0001385
0.0001385
0.0001385
0.00014507
0.000146231
0.000146231
0.000146231
0.000148366
0.000148366
0.000153726
0.000179229
0.000179229
0.000179229
0.000179229
0.000179229
0.000179229
0.000179229
0.000179229
0.000219981
0.000219981
0.000535794
0.000191574
0.000191574
0.000191574
0.000207948
0.000207948
0.000207948
0.000316474
0.000361866
0.000648229
0.000686168
0.000694619
0.000694619
0.000694619
0.000694619
0.000694619
5.94095e-05
0.00027825
0.000215799
0.000215799
0.000215799
0.000215799
0.000215799
0.000215799
0.000215799
0.000215799
0.000441474
0.000441474
0.000441474
0.000441474
0.000441474
0.000441474
0.000120148
0.000161075
0.000161075
0.000191766
7.81643e-05
0.000191766
0.000191766
0.000191766
0.000191766
0.000191766
0.000191766
0.000191766
0.000202714
0.000202714
0.000202714
0.000225661
0.000225661
0.000225661
0.000224572
0.000223078
0.000223078
0.000187564
0.000187564
0.000187564
0.000187564
0.000187564
0.000187564
0.000187564
0.000187564
0.000187564
0.000187564
0.000171556
0.000171556
0.000171556
0.000171556
0.000171556
0.000153992
0.000153992
0.000136902
0.000136902
0.000136902
0.000136902
0.000136902
0.000136902
0.000136902
0.000144487
0.000146889
0.000146889
0.000146889
0.000146889
0.000154916
0.000154916
0.000154916
0.000154916
0.000154916
0.000154916
0.000112286
0.000112286
0.000112286
0.000112286
0.000112286
0.000112286
0.000112286
0.000112286
0.000112286
0.000135294
0.00014468
0.00014468
0.00014468
0.000177359
0.000179951
0.000179951
0.000182208
0.000182208
0.000182208
0.00019507
0.000194473
0.000194473
0.000194473
0.000194473
0.000194473
0.000194473
0.000194494
0.000194494
0.000266662
0.000266662
0.00020072
0.000203325
0.000203325
0.000203325
0.000261993
0.000261993
0.000261993
0.000261993
0.000262003
0.000262003
0.000262003
0.000269416
0.000272744
0.000272744
0.000287212
0.000300271
0.000300271
0.000300271
0.000300271
0.000300271
0.000122356
0.000175051
0.000175051
0.000244245
0.000135128
0.000140013
0.000140013
0.000162249
0.000168367
0.000154767
0.000154767
0.000118897
0.000104579
0.000104579
0.000104579
0.000104579
0.000104579
0.000107679
0.000110759
0.000110759
0.000134756
0.000134756
0.000134756
0.000123634
0.000124921
0.000124921
0.00012474
0.000120687
0.000120687
0.000124081
0.000124081
0.000125965
0.000124297
0.000124297
0.000124297
0.000125036
0.000125036
0.000141597
0.000142901
0.000142901
0.000142901
0.000144068
0.000144068
0.000148436
0.000148436
0.000148436
0.000148436
0.000171956
0.000171956
0.000171956
0.000171956
0.000177515
0.000179442
0.000179442
0.000179442
0.000179442
0.000179442
0.000179442
0.000179442
0.000179442
0.000196936
0.000197264
0.000197264
0.000197264
0.000197264
0.000197264
0.000197264
0.000198982
0.000198982
0.000198982
0.00020086
0.00020086
0.00020086
0.00020086
0.000210744
0.000210744
0.000210744
0.000210744
0.000210744
0.000303082
0.000313177
0.000368145
0.000368145
0.000368145
0.000374207
0.000374207
0.000374207
0.000582665
0.000582665
0.000582665
0.000610885
0.000610885
0.000610885
0.000610885
0.000610885
0.000610885
0.000610885
0.000610885
0.000610885
0.000610885
0.000913077
0.000913077
0.000913077
0.000913077
0.000913077
0.000913077
0.000913077
0.000913077
0.000913077
0.000913077
0.000913077
0.000913077
0.000913077
0.000928609
0.000928609
0.00101563
0.00101563
0.00101563
0.00101563
0.00113718
0.00113718
0.00113718
0.00113718
0.00113718
0.00113844
0.00113844
0.00113844
0.00113844
0.00113844
0.00119802
0.00121737
0.00121737
0.00121572
0.00121737
0.00122544
0.00122544
0.00122544
0.00122913
0.00122913
0.00122913
0.00122913
0.00122913
0.00122913
0.00124384
0.00124384
0.00124384
0.00124102
0.00124102
0.00124102
0.00124416
0.00124555
0.00124555
0.00124555
0.00124555
0.00126393
0.00126558
0.00126558
0.00126558
0.00126558
0.00127444
0.00127444
0.00127444
0.00127444
0.00127444
0.00127444
0.00127462
0.00127462
0.00127947
0.00127947
0.00127947
0.00127947
0.00127947
0.00127947
0.00127947
0.00127947
0.00127947
0.00127947
0.00127947
0.00127947
0.00127947
0.00127947
0.00127947
0.00127947
0.00127947
0.00127947
0.00127947
0.00127947
0.00127947
0.00127947
0.00127947
0.00127947
0.00127947
0.00127947
0.00127947
0.00130419
0.00130788
0.00130788
0.00130788
0.00130788
0.00130788
0.00131894
0.00131894
0.00131894
0.00131894
0.00132283
0.00132326
0.00132326
0.00132326
0.00132326
0.00132326
0.00132326
0.00132326
0.00132326
0.00132326
0.00132326
0.00132326
0.00132326
0.00132326
0.00132326
0.00132326
0.00132326
0.00132276
0.00132276
0.00127408
0.00127408
0.00127408
0.00134438
0.00134438
0.00134438
0.000329079
0.000329079
0.000329079
0.000352918
0.000352918
0.000620398
0.000620398
0.000620398
0.000620398
0.000620398
0.000640292
0.000640292
0.000640292
0.000640292
0.000640292
0.000640292
0.000640292
0.00069109
0.00069109
0.00069109
0.00069109
0.000663371
0.000663371
0.000663371
0.000663371
0.000792552
0.000792552
0.000792552
0.000792552
0.000792552
0.000889646
0.000889646
0.000889646
0.000889646
0.000889646
0.000889646
0.000889646
0.000889646
0.000889646
0.000889646
0.000889646
0.000889646
0.000889646
0.000889646
0.000904717
0.000904717
0.000956585
0.000956585
0.000902881
0.000902881
0.000902881
0.000902881
0.000902881
0.000909975
0.00091914
0.000933998
0.000933998
0.000933998
0.000944561
0.000944561
0.000944561
0.000944561
0.000944561
0.000944561
0.000944561
0.000944561
0.000944561
0.000944561
0.000951884
0.000951884
0.000951884
0.000951884
0.000951884
0.000951884
0.000951884
0.000951884
0.000951884
0.000951884
0.000951884
0.000951884
0.000951884
0.000951884
0.000951884
0.000951884
0.000951884
0.00103791
0.00103791
0.00103791
0.00103791
0.00103791
0.00103791
0.00103864
0.00103048
0.00103048
0.00103048
0.00103048
0.00103048
0.00103048
0.00103048
0.00103048
0.00105285
0.00105328
0.00105328
0.00105353
0.00105353
0.00105353
0.00105353
0.00105353
0.00105353
0.00105401
0.00105401
0.00105401
0.00105401
0.00105401
0.00105401
0.00105401
0.00105401
0.00105401
0.00105401
0.00105401
0.00105401
0.00105401
0.00105401
0.00101998
0.00101998
0.00101998
0.00101998
0.00102675
0.00102675
0.00102675
0.00102675
0.00102675
0.00102675
0.00102675
0.00102675
0.00102675
0.00102675
0.00102675
0.00102675
0.00102675
0.00102675
0.00102675
0.00102675
0.00102675
0.00102675
0.000572803
0.000572803
0.000572803
0.000572803
0.000603043
0.000603043
0.000603043
0.000603043
0.000603043
0.000603043
0.000603043
0.000603043
0.000603043
0.000603043
0.000651421
0.000651421
0.000651421
0.000651421
0.000651421
0.000651421
0.000651421
0.000715962
0.000715962
0.000715962
0.000715962
0.000715962
0.000715962
0.000715962
0.000715962
0.000779153
0.000779153
0.000779153
0.000779153
0.000779153
0.000922199
0.000922199
0.000922199
0.000937623
0.000937623
0.000937623
0.000937623
0.000937623
0.000937623
0.000978891
0.000999977
0.000999977
0.000999977
0.000999977
0.000999977
0.000999977
0.000999977
0.000999977
0.000999977
0.0010047
0.0010047
0.0010047
0.0010047
0.0010047
0.0010047
0.0010047
0.0010047
0.0010047
0.0010047
0.0010047
0.0010047
0.0010047
0.0010047
0.0010047
0.0010047
0.0010047
0.00100514
0.00100514
0.00100514
0.00100514
0.00100514
0.00100514
0.00101066
0.00101066
0.00101066
0.00101066
0.00101066
0.00101066
0.00101066
0.00101066
0.00101066
0.00101066
0.00101066
0.00101066
0.00101066
0.00101066
0.00101066
0.00101066
0.00101066
0.00102963
0.00103614
0.00103691
0.00103691
0.00103691
0.00103691
0.00103691
0.00103691
0.00103691
0.00103691
0.00103691
0.00103691
0.00103691
0.00103691
0.00103691
0.00103691
0.00103691
0.00103691
0.00103691
0.00103691
0.00103691
0.00103691
0.00103691
0.00103733
0.00103733
0.00103733
0.00103733
0.00104156
0.00104156
0.00104156
0.00104657
0.00104657
0.00104657
0.00104657
0.00104657
0.00104657
0.00104657
0.00104657
0.00104657
0.00104657
0.00104657
0.00104771
0.00104771
0.00104771
0.00104771
0.00104771
0.00104771
0.000519826
0.000519826
0.000702503
0.000702503
0.000702503
0.000803345
0.000803345
0.000833994
0.000833994
0.000833994
0.000833994
0.000833994
0.000833994
0.000888478
0.000888478
0.000474914
0.000474914
0.000474914
0.000474914
0.000474914
0.000474914
0.00059983
0.00059983
0.000696495
0.000696495
0.000583026
0.000583026
0.000583026
0.000583026
0.000602196
0.000602196
0.000602196
0.000602196
0.000602196
0.000602196
0.000602196
0.000717883
0.000717883
0.000717883
0.000717883
0.000717883
0.000717883
0.000717883
0.000752769
0.000752769
0.000752769
0.000752769
0.000752769
0.000752769
0.000752769
0.000752769
0.000810757
0.000810757
0.000810757
0.000810757
0.000810757
0.000869265
0.000869265
0.000869265
0.000869265
0.000892913
0.00089663
0.00089663
0.00089663
0.00089663
0.00089663
0.00089663
0.00089663
0.00089663
0.000899103
0.000899103
0.000899103
0.000899383
0.000899383
0.000899383
0.000899383
0.000899383
0.000899383
0.000907328
0.000907328
0.000907328
0.000907328
0.000907328
1.45242e-05
1.45242e-05
1.45242e-05
1.45242e-05
0.000197619
0.000360718
0.000360718
0.000360718
0.000360718
0.000360718
0.000360718
0.000360718
0.00039048
0.00039048
0.00039048
0.000427613
0.000427613
0.000427613
0.000427613
0.000427613
0.000427613
0.000446532
0.000446532
0.000446532
0.00055104
0.00055104
0.000584793
0.000584793
0.000601735
0.000669466
0.000686128
0.000686128
0.000605658
0.000605658
0.000605658
0.000605658
0.000748499
0.000748499
0.000748499
0.000749474
0.000749474
0.00066767
0.00066767
0.00066767
0.00066767
0.00066767
0.00066767
0.000280114
0.000280114
0.000280114
0.000371689
0.000175778
0.00020992
0.00020992
0.00020992
0.00020992
0.00020992
0.000486164
0.000486164
0.000486164
0.000584727
0.000584727
0.000584727
0.000584727
0.000584727
0.000590699
0.000590699
0.000590699
0.000593596
0.000593596
0.000593596
0.000593596
0.000450109
0.000593596
0.000626922
0.000626922
0.000626922
0.000626922
0.000626922
0.000626922
0.000626922
0.000626922
0.000626922
0.000626922
0.000626922
0.000626922
0.000626922
0.000626922
0.000626922
0.000626922
0.000626922
0.000626922
0.000423616
0.000423616
0.000552823
0.000555823
0.000555823
0.000555823
0.000555823
0.000555823
0.000555823
0.000555823
0.000555823
0.000555823
0.000555823
0.000555823
0.00055976
0.00055976
0.00055976
0.00055976
0.00055975
0.00055975
0.000566226
0.000566226
0.000566226
0.000566226
0.000566226
0.000566226
0.000571163
0.00061664
0.00061664
0.00061664
0.00061664
0.000621023
0.000621023
0.000621433
0.000621433
0.000621433
0.000621433
0.000621433
0.000621433
0.000621433
0.000621433
0.000621433
0.000621433
0.000621433
0.000621433
0.000477951
0.000503373
0.000503373
0.000503373
0.000503373
0.000503373
0.000503373
0.000523214
0.000523214
0.000539018
0.000539018
0.000539018
0.000539018
0.000539018
0.000539018
0.000552886
0.000552886
0.000552886
0.000552886
0.000586084
0.000586084
0.000586084
0.000586084
0.000586084
0.000586084
0.000586084
0.000586084
0.000586084
0.000586084
0.000586084
0.000586084
0.000610437
0.000610437
0.000610437
0.000610437
0.000610437
0.000610437
0.000610437
0.000616065
0.000616065
0.000616065
0.000616678
0.000611038
0.000611038
0.000611038
0.000611038
0.000611038
0.000616678
0.000616678
0.000616678
0.000616678
0.000621904
0.000621904
0.000621904
0.000621904
0.000621904
0.00065269
0.00065269
0.00065269
0.00065269
0.00065269
0.00065269
0.00065269
0.00065269
0.00065269
0.00065269
0.00065269
0.00065269
0.00065269
0.000663719
0.000663719
0.000663719
0.000663719
0.000663719
0.000663719
0.000663719
0.000663719
0.000663719
0.000663719
0.000663719
0.000663719
0.000663719
0.000663719
0.000663719
0.000663719
0.000668362
0.000668362
0.000668362
0.000672863
0.000672863
0.000672863
0.000672863
0.000672863
0.000672863
0.000672863
0.000672863
0.000672863
0.000672863
0.000672863
0.00067122
0.00067122
0.00067122
0.00067122
0.00067122
0.00067122
0.00067122
0.00067918
0.00067918
0.00067918
0.00067918
0.000682746
0.000686374
0.000686374
0.000686374
0.000686374
0.000686374
0.000704397
0.000704397
0.000704397
0.000704397
0.000704397
0.000704886
0.000704886
0.000704886
0.000704886
0.000704886
0.000705
0.000705
0.000705
0.000705
0.000705
0.000705
0.000705
0.000705
0.000705
0.000705
0.000705
0.000705
0.000705
0.000717898
0.000717898
0.000717898
0.000717898
0.000717898
0.000722839
0.000722839
0.000722839
0.000722839
0.000722839
0.000730287
0.000730287
0.000730287
0.000730287
0.000485195
0.000485195
0.000485195
0.000577357
0.000577357
0.000577357
0.000577357
0.000620714
0.000663892
0.000663892
0.000665336
0.000680484
0.000680484
0.000684
0.000684
0.000684
0.000684
0.000684
0.000684
0.000684
0.000684
0.000684
0.000684
0.000684
0.000684
0.000684
0.000684
0.000684
0.000684
0.000684
0.000684
0.000684
0.000684
0.000684
0.000686869
0.000686869
0.000686869
0.000686869
0.000686869
0.000693063
0.000693063
0.000693063
0.000693063
0.000693063
0.000693063
0.000693063
0.000693063
0.000693063
0.000693063
0.000693063
0.000693063
0.000693063
0.000693063
0.000693063
0.000693063
0.000693063
0.000693063
0.000693063
0.000693063
0.000693063
0.000693063
0.000693063
0.000693063
0.000693063
0.000702765
0.000702765
0.000702765
0.000702765
0.000715111
0.000715987
0.000715987
0.000716365
0.000716365
0.000717004
0.000721514
0.000723929
0.000723929
0.000723929
0.000723929
0.000723929
0.000723929
0.000723929
0.000723929
0.000723929
0.000723929
0.000729609
0.000729609
0.000729609
0.000729609
0.000729609
0.000729609
0.000729609
0.000729609
0.000729609
0.000729609
0.000729609
0.000729609
0.000729609
0.000729609
0.000731918
0.000540737
0.000540737
0.000540737
0.000540737
0.000540737
0.000540737
0.000604287
0.000653094
0.000653094
0.000653094
0.000653094
0.000653094
0.000653094
0.000653094
0.000653094
0.000530958
0.000530958
0.000530958
0.000612911
0.000612911
0.000612911
0.000612911
0.000612911
0.000612911
0.000612911
0.00061291
0.00061291
0.00061291
0.000640625
0.000640625
0.000640625
0.000640625
0.000640788
0.000640788
0.000640788
0.000640788
0.000640788
0.000640788
0.000654772
0.000660736
0.000660736
0.000660736
0.000660736
0.000660736
0.000660736
0.000660736
0.000660736
0.000660736
0.000660736
0.000533288
0.000533288
0.000533288
0.000569216
0.000569216
0.000569216
0.000569216
0.000523537
0.000523537
0.000523537
0.000523537
0.000523537
0.000544841
0.000544841
0.000544841
0.000544841
0.000544841
0.000544841
0.000600421
0.000600421
0.000600421
0.000600421
0.000600421
0.000600421
0.000616169
0.000619241
0.000619241
0.000628707
0.000628707
0.000628707
0.000635343
0.000635343
0.000635343
0.000635343
0.000650748
0.000650748
0.000650748
0.000650748
0.000650748
0.000650748
0.00065133
0.00065133
0.00065133
0.00065133
0.00065133
0.00065133
0.00065133
0.000652439
0.000652439
0.000652439
0.000652439
0.000652439
0.000652439
0.000652439
0.000652439
0.000652439
0.000652439
0.000652439
0.000652439
0.000652439
0.000652439
0.000652439
0.00065434
0.000416155
0.000416155
0.000416155
0.000416155
0.000416155
0.000416155
0.000416155
0.000416155
0.000416155
0.000416155
0.000416155
0.000416155
0.000416155
0.000416155
0.000460858
0.000485957
0.000485957
0.000485957
0.000485957
0.000485957
0.000485957
0.000485957
0.000485957
0.000485957
0.000485957
0.000485957
0.000485957
0.000485957
0.000485957
0.000485957
0.000485957
0.000485957
0.000485957
0.000485957
0.000485957
0.000485957
0.000485957
0.000485957
0.000485957
0.000485957
0.000485957
0.000485957
0.000485957
0.000485957
0.000485957
0.000485957
0.000485957
0.000511132
0.000579334
0.000579334
0.000579334
0.000534462
0.000574227
0.000579334
0.000579334
0.000579334
0.000579334
0.000579334
0.000579334
0.000579334
0.000579334
0.0005833
0.0005833
0.0005833
0.000583454
0.000583606
0.000583606
0.000583861
0.000586765
0.000587445
0.000587445
0.000587445
0.000587445
0.0005925
0.000593069
0.000593069
0.000593069
0.000593069
0.000593069
0.000593069
0.000596125
0.000596125
0.000596125
0.000596125
0.000596125
0.000596125
0.000596125
0.000596125
0.000596125
0.000596125
0.000596125
0.000523418
0.000523418
0.000523418
0.000542997
0.000542997
0.000542997
0.000542997
0.000542997
0.000542997
0.000542997
0.000542997
0.000542997
0.000542997
0.000542997
0.000542997
0.000542997
0.000542997
0.000542997
0.000542997
0.000542997
0.000542997
0.000542997
0.000542997
0.000542997
0.000543818
0.000543818
0.000557809
0.000557809
0.000557809
0.000557809
0.000557809
0.000557809
0.000557809
0.000557809
0.000557809
0.000558322
0.000558322
0.000558322
0.00053496
0.00053496
0.00053496
0.00053496
0.000563004
0.000563004
0.000572309
0.000572309
0.000572309
0.000572309
0.000572309
0.000572309
0.000572309
0.00056199
0.000564371
0.000564371
0.000564371
0.000564371
0.000564371
0.000536526
0.000536526
0.000539447
0.000557562
0.000557562
0.000557562
0.000557562
0.000557562
0.000557562
0.000557562
0.000537601
0.000537601
0.000537601
0.000537601
0.000537601
0.000537601
0.000537601
0.000537056
0.000537056
0.000537601
0.000537601
0.000537601
0.000537601
0.000537601
0.000537601
0.000537601
0.000557497
0.000557497
0.000557497
0.000557497
0.000557497
0.000557497
0.000557497
0.000557497
0.000558504
0.000558504
0.000558504
0.000558504
0.000573583
0.000573583
0.000573583
0.000573583
0.000573583
0.000573583
0.000573583
0.000573583
0.000573583
0.000573583
0.000574827
0.000574827
0.000574827
0.000575537
0.000575537
0.000575537
0.000575537
0.000575537
0.000576935
0.000577459
0.000577459
0.000577459
0.000577459
0.000577459
0.000577459
0.000577459
0.000538018
0.000538018
0.000538018
0.000538018
0.000558605
0.000558605
0.000558605
0.000560301
0.000560301
0.000560301
0.000560301
0.000560301
0.000560301
0.000560301
0.000560301
0.000560301
0.000560301
0.000560301
0.000562354
0.000562354
0.000562354
0.000562354
0.000562354
0.000562354
0.000540962
0.000540962
0.000540962
0.000540962
0.000540962
0.000540962
0.000540962
0.000540962
0.000543419
0.000543419
0.000543419
0.000543419


-0.000873517
-0.00122377
0.0230444
-0.0457574
-0.0590152
-0.0274268
-0.12282
-0.0489763
-0.0883301
-0.0316715
-0.0619456
-0.0435734
-0.0729411
0.0273235
-0.0251947
-0.0346087
-0.0625622
-0.0629165
-0.0305821
-0.0128751
0.0169592
-0.111326
-0.0753016
-0.0438772
-0.0990524
-0.0706306
-0.0149382
-0.0432935
0.017373
-0.012127

0.024

