377212
377212
274275
274275
157606
157606
157606
157606
157606
157606
87677.2
87677.2
87677.2
87677.2
87677.2
87677.2
87677.2
87677.2
87677.2
75216.3
75216.3
75075.8
75075.8
75075.8
75075.8
75075.8
75075.8
75075.8
75075.8
75075.8
75075.8
75075.8
75075.8
75075.8
67114.5
67114.5
67114.5
67114.5
67114.5
67114.5
67114.5
66666.1
66666.1
66666.1
66666.1
66666.1
66666.1
66666.1
66666.1
66666.1
66666.1
66666.1
66666.1
62281
62281
62142.4
62142.4
61672.5
59208.1
58948.4
57539
57539
57154.7
50536.8
50536.8
50536.8
50536.8
50536.8
45184.4
45184.4
45184.4
45184.4
45184.4
45184.4
45184.4
45184.4
45184.4
45184.4
45184.4
45184.4
45184.4
45184.4
45184.4
44959.2
44959.2
44950.2
44196.9
44196.9
44196.9
41513.2
41513.2
41513.2
36979.1
36979.1
36979.1
36979.1
36979.1
36979.1
36979.1
36979.1
36979.1
36979.1
36961.2
36961.2
36961.2
36961.2
36402.8
36402.8
36402.8
36402.8
34721.5
34721.5
34491.1
34491.1
34491.1
34447.4
33438.8
33438.8
33438.8
33438.8
33438.8
33438.8
33435.7
32844.3
32844.3
32844.3
32724.4
32724.4
32724.4
32724.4
32724.4
32724.4
32724.4
32724.4
32724.4
31923.4
31725.4
31725.4
31725.4
31723.9
31723.9
31723.9
31721.6
31721.6
31721.6
31345.3
31027.7
31027.7
31027.7
31027.7
31027.7
31027.7
31027.7
31027.7
31027.7
31027.7
31027.7
31027.7
31027.7
31027.7
30749.2
30749.2
30749.2
27354.4
27354.4
27354.4
27354.4
27354.4
27354.4
27354.4
27354.4
27354.4
26994.2
26994.2
26994.2
26994.2
26994.2
26994.2
21838.3
21371.7
21371.7
21371.7
21371.7
21371.7
21371.7
21362.3
21362.3
21362.3
21362.3
21362.3
21362.3
21362.3
21263.2
21263.2
21263.2
21263.2
21263.2
20128.1
20128.1
20128.1
20128.1
20128.1
20128.1
19872.3
19872.3
19872.3
19872.3
19872.3
19872.3
19872.3
19872.3
19872.3
19872.3
19872.3
19872.3
19872.3
19872.3
19850
19850
19850
19783.9
19783.9
19783.9
19783.9
19783.9
19783.9
19783.9
19783.9
19783.9
19783.9
19783.9
19783.9
19783.1
19783.1
19783.1
19783.1
19783.1
19620.7
19611.7
19611.7
19611.7
19610.1
19610.1
19610.1
19610.1
19610.1
19610.1
19610.1
18963.2
18358.3
18358.3
18358.3
18358.3
18341.6
18341.6
18341.6
18288.6
18288.6
18252.7
18252.7
18252.7
18252.7
16252.9
16252.9
16252.9
16161.4
16161.4
16161.4
16161.4
16161.4
16161.4
16161.4
16161.4
16161.4
15776
15776
15776
15776
15776
15685.1
15676.4
15676.4
15507.8
15507.8
15507.8
15507.8
15425.3
15077.4
15077.4
15014
15014
15014
15014
15014
15013.9
14715.1
14636
14636
14636
14636
14636
14636
14636
14636
14636
14636
14636
14636
14636
14536.4
14536.4
14524
14524
13162.8
13162.8
13162.8
13162.8
13162.8
13162.8
13162.8
13162.8
13162.8
12618.2
12304
12304
12304
12304
12304
12304
12304
12304
12304
12304
12304
12296.1
12296.1
12296.1
12280.7
12224.6
12224.6
12109.4
11885
11885
11885
11695.5
11695.5
11695.5
11695.4
11695.3
11654
11654
11654
11654
11651.8
11651.8
11651.8
11651.8
11651.8
11651.8
11651.8
11651.8
11651.8
11651.8
11647.3
11647.3
11647.3
11647.3
11646.8
11646.8
11646.8
11646.8
11619.6
11619.6
11619.6
11582.7
11582.7
11582.7
11582.7
11582.7
11582.7
11529.7
11529.7
11529.7
11207
11207
11207
11207
11207
11207
11207
11206.5
11206.5
11206.5
10972.8
10972.8
10972.8
10972.8
10940.8
10940.8
10925.7
10925.7
10911.3
10907
10907
10907
10907
10907
10907
10906.9
10886.4
10886.4
10886.4
10820.8
10820.8
10820.8
10820.8
10820.8
10820.8
10820.8
10820.8
10820.8
10820.8
10820.8
10786.1
10659.6
10659.6
10659.6
10659.6
10634.7
10355.1
10340.5
10340.5
10340.5
10340.5
10340.5
10340.5
10340.5
10340.5
10340.5
10340.5
10340.5
10340.5
10340.5
10340.5
10340.5
10340.5
10340.5
10340.5
10340.5
10340.5
10326
10326
10326
10326
10326
10140
10140
10140
10140
10140
10140
10140
10140
10140
10140
10140
10140
10140
10140
10140
10140
10132.2
10132.2
10126.4
10126.4
10126.4
10126.4
9996.31
9996.31
9996.31
9996.31
9760.73
9760.73
9697.53
9697.53
9697.53
9697.53
9490.92
9490.92
9490.92
9490.92
9490.92
9490.92
9490.92
9490.92
9490.92
9475.05
9475.05
9475.05
9475.05
9475.05
9464.5
9456.81
9456.81
9456.81
9456.81
9456.81
9456.81
9456.81
9456.81
9447.04
9415.64
9415.64
9415.64
9415.64
9415.64
9415.64
9415.64
9197.36
9197.36
9197.36
9197.36
9197.36
9197.36
9174.13
9164.65
9164.65
9143.78
9143.78
9127.06
9127.06
9127.06
8829.26
8829.26
8829.26
8829.26
8829.26
8552.5
8410.15
8410.15
8410.15
8410.15
8410.15
8410.15
8410.15
8361.38
8361.38
8343.62
8269.32
8269.32
8269.32
8269.32
8269.32
8269.32
8269.32
8269.32
8258.28
8225.2
8225.2
8225.2
8225.2
8225.2
8225.2
8225.2
8225.2
8225.2
8211.78
8211.78
8211.78
8211.78
8211.78
8211.78
8211.78
8211.78
8211.78
8211.78
8211.78
8211.78
7954.88
7954.88
7954.88
7954.88
7954.88
7954.88
7954.88
7954.88
7954.88
7939.56
7939.56
7939.56
7923.63
7923.63
7923.63
7923.63
7910.69
7910.69
7903.88
7903.88
7903.88
7903.88
7897.59
7792.91
7791.51
7791.51
7791.51
7791.51
7442.44
7442.44
7440.53
7440.53
7428.31
7412.41
7412.41
7412.41
7412.41
7412.41
7412.41
7412.41
7412.41
7412.41
7412.41
7412.41
7373.85
7373.85
7373.85
7373.85
7373.85
7326.91
7324.63
7324.63
7324.63
7324.63
7324.63
7324.63
7324.63
7324.63
7324.63
7324.63
7324.63
7324.63
7324.63
7324.63
7324.63
7311.71
7311.71
7311.71
7311.71
7311.71
7311.71
7311.71
7311.71
7303.4
7299.59
7299.59
7299.59
7299.59
7299.59
7299.59
7299.59
7299.59
7299.59
7295.57
7291.69
7280.39
7280.39
7275.22
7275.22
7275.22
7275.22
7275.22
7246.95
7246.95
7246.95
7246.95
7246.95
7197.2
7197.2
7197.2
7197.2
7197.2
7197.2
7197.2
7197.2
7197.2
7197.2
7197.2
7197.2
7197.2
7197.2
7197.2
7197.2
7197.2
7197.2
7197.2
7197.2
7197.2
7197.2
7196.88
7196.88
7196.74
7196.74
7196.74
7196.74
7196.53
7196.53
7194.33
7189.06
7189.06
7185.08
7139.48
7139.48
7139.48
7139.48
7139.48
7139.48
7139.48
7135.31
7135.31
7135.31
7126.56
7126.56
7076.6
7076.6
6981.96
6981.96
6967.01
6967.01
6967.01
6967.01
6967.01
6965.54
6965.16
6965.16
6965.16
6965.16
6965.16
6965.16
6965.16
6965.16
6965.16
6965.16
6965.16
6964.79
6964.79
6964.79
6964.79
6964.79
6964.79
6964.79
6959.63
6954.24
6953.58
6953.58
6953.58
6952.05
6856.04
6856.04
6856.04
6836.94
6836.94
6836.94
6836.94
6836.94
6836.94
6836.94
6836.94
6836.94
6836.94
6836.94
6836.94
6836.94
6836.94
6825.64
6817.5
6817.5
6817.5
6810.75
6810.75
6810.75
6810.75
6810.75
6810.75
6810.75
6810.75
6810.75
6810.75
6810.75
6792.78
6792.78
6792.78
6792.78
6792.78
6792.77
6792.77
6792.77
6792.77
6792.77
6792.77
6792.77
6757.03
6757.03
6757.03
6757.03
6757.03
6757.03
6757.03
6756.37
6756.37
6756.37
6756.37
6756.37
6756.37
6756.37
6756.37
6756.37
6756.22
6756.22
6494.15
6494.15
6481.54
6481.54
6481.54
6481.54
6427.25
6427.25
6427.25
6427.25
6427.25
6427.25
6147.52
6147.52
6147.48
6147.48
6147.48
6147.48
6147.48
6147.48
6147.48
6060.21
6060.21
6060.21
6060.21
6060.21
6056.68
6056.68
6055.12
6055.12
6055.12
6055.12
6041.81
6041.81
6041.81
6041.81
6041.81
6041.55
6041.55
6041.55
6041.55
6041.55
6041.55
6041.55
6041.55
6041.55
6041.55
6033.7
6033.7
6033.7
6033.7
6033.7
6033.4
6015.3
6015.3
6015.3
6015.3
6015.3
6006.99
6006.99
6006.99
6006.99
6006.99
6006.04
6006.04
6006.04
6000.47
6000.47
6000.47
6000.47
6000.47
5973.44
5973.44
5973.44
5973.44
5953.03
5953.03
5953.03
5953.03
5949.28
5949.28
5949.28
5936.35
5936.35
5814.15
5814.15
5814.15
5814.15
5814.15
5814.15
5814.15
5814.15
5814.15
5814.15
5805.29
5805.29
5805.29
5805.29
5805.29
5805.29
5805.29
5805.29
5805.29
5805.29
5799.66
5784.24
5784.24
5738.92
5738.92
5738.92
5533.41
5533.41
5533.41
5533.41
5414.93
5414.93
5414.93
5396.21
5396.21
5396.21
5379.52
5379.52
5339.52
5339.52
5339.52
5339.52
5333.34
5333.34
5333.34
5333.34
5333.34
5333.34
5333.34
5333.34
5333.34
5333.34
5333.34
5333.34
5333.34
5333.34
5333.34
5333.34
5333.34
5249.36
5223.69
5223.69
5223.69
5223.69
5223.69
5223.69
5223.69
5223.69
5223.69
5223.69
5190.56
5190.56
5190.56
5190.56
5190.56
5190.56
5190.56
5190.56
5190.56
5168.95
5161.84
5161.84
5161.84
5122.28
5122.28
5122.28
5083.67
5083.67
5083.67
5083.67
5083.67
5083.67
5083.67
5083.67
5081.57
5081.57
5081.57
5074.49
5074.49
5040.74
5040.74
5040.74
5040.74
5013.75
5013.75
5013.75
5013.75
5013.16
5013.16
5013.16
5013.16
5013.16
5013.16
5013.16
5013.16
5013.16
5005.31
4869.64
4869.64
4869.64
4869.64
4869.64
4869.64
4869.64
4869.64
4869.64
4869.64
4869.64
4869.64
4869.64
4869.64
4869.64
4869.64
4869.64
4869.64
4869.64
4869.64
4869.64
4869.64
4869.64
4869.64
4861.77
4861.77
4861.77
4779.67
4779.67
4779.67
4779.67
4779.67
4779.67
4779.67
4779.67
4779.67
4779.67
4779.67
4759.25
4759.25
4759.25
4759.25
4759.25
4759.25
4759.25
4759.25
4755.73
4755.73
4741.43
4741.43
4741.43
4741.43
4702.04
4702.04
4702.04
4702.04
4702.04
4702.04
4659.43
4659.43
4659.43
4659.43
4659.43
4659.43
4656.16
4655.91
4642.2
4642.2
4642.2
4642.2
4642.2
4642.2
4642.2
4642.2
4642.2
4642.2
4642.2
4642.2
4640.11
4637.48
4605.09
4605.09
4605.09
4605.09
4605.09
4605.09
4605.09
4603.36
4603.36
4603.36
4603.36
4603.36
4603.36
4603.36
4603.36
4603.36
4603.36
4603.36
4603.36
4603.36
4490.78
4490.78
4490.78
4490.78
4490.78
4372.43
4372.43
4372.43
4372.43
4372.43
4372.43
4372.43
4372.43
4372.43
4372.43
4372.43
4372.43
4372.43
4372.43
4372.43
4372.43
4372.43
4372.43
4372.43
4372.43
4372.43
4372.43
4372.43
4369.3
4366.9
4366.9
4366.9
4366.9
4366.9
4366.9
4366.9
4366.9
4366.9
4361.94
4361.94
4356.66
4356.66
4356.66
4356.66
4356.66
4356.66
4356.66
4356.66
4352.54
4352.54
4352.54
4348.09
4347.72
4347.72
4347.72
4347.72
4347.72
4347.56
4347.56
4347.56
4343.36
4334.31
4334.31
4334.31
4334.31
4320.04
4320.04
4320.04
4307.96
4307.96
4307.96
4307.96
4307.96
4307.96
4300.54
4300.54
4300.54
4300.54
4300.54
4300.54
4225.66
4225.66
4225.66
4225.66
4225.66
4225.66
4225.66
4225.66
4225.66
4225.66
4211.75
4211.75
4211.75
4211.75
4211.75
4211.75
4211.75
4211.75
4211.75
4211.75
4211.75
4211.75
4211.75
4211.75
4211.19
4211.19
4206.01
4204.11
4203.41
4203.41
4203.41
4203.41
4203.41
4203.41
4203.41
4203.41
4203.41
4203.41
4202.48
4198.54
4198.54
4198.54
4198.54
4190.09
4190.09
4190.09
4190.09
4190.09
4190.09
4190.09
4129.63
4129.63
4129.63
4129.63
4129.63
4129.63
4129.63
4129.63
4129.63
4129.63
4129.63
4129.63
4129.63
4129.63
4129.63
4129.63
4129.63
3769.72
3769.72
3769.72
3769.72
3769.72
3769.72
3769.72
3769.72
3769.72
3769.72
3769.72
3769.72
3769.72
3769.72
3769.72
3769.72
3769.72
3769.72
3769.72
3769.72
3769.72
3769.72
3769.72
3769.72
3769.72
3769.72
3769.72
3764.94
3764.94
3764.94
3764.94
3764.94
3764.94
3764.94
3764.94
3759.41
3749.85
3749.85
3745.72
3745.72
3745.72
3745.72
3745.72
3745.72
3745.72
3745.72
3745.72
3745.72
3740.4
3740.4
3740.4
3740.4
3740.4
3740.4
3740.4
3740.21
3740.21
3740.21
3740.21
3740.21
3653.42
3653.42
3653.42
3653.42
3653.42
3639.71
3639.71
3639.71
3639.71
3639.71
3639.71
3639.71
3639.71
3639.71
3639.71
3639.71
3635.9
3630.86
3630.86
3630.86
3630.86
3630.86
3574.8
3560.26
3560.26
3550.6
3544.79
3544.79
3544.79
3544.79
3544.79
3544.79
3544.79
3544.79
3544.79
3544.79
3544.79
3544.79
3544.79
3544.79
3544.79
3544.79
3544.79
3544.79
3544.79
3537.07
3431.88
3431.88
3431.88
3431.88
3431.88
3431.88
3431.88
3431.88
3382.12
3382.12
3382.12
3382.12
3382.12
3382.12
3373.18
3373.18
3373.18
3373.18
3372.42
3372.42
3372.42
3372.42
3372.42
3372.42
3372.42
3372.42
3372.42
3372.42
3371.88
3371.88
3366.8
3366.8
3366.8
3366.38
3366.38
3366.38
3366.38
3364.99
3364.99
3364.99
3307.65
3307.65
3307.65
3307.65
3307.65
3307.65
3307.65
3307.65
3307.65
3307.65
3307.65
3307.65
3307.65
3307.65
3307.65
3306
3306
3306
3306
3305.18
3305.18
3305.18
3177.43
3177.43
3177.21
3177.21
3177.21
3177.21
3177.21
3177.21
3177.21
3177.21
3177.21
3177.21
3177.21
3177.21
3177.21
3175.68
3175.68
3175.68
3175.68
3175.68
3175.68
3175.68
3175.38
3175.38
3175.38
3175.38
3171.16
3171.16
3171.16
3171.16
3171.16
3171.16
3171.16
3171.16
3171.16
3171.16
3171.16
3171.16
3171.16
3171.16
3171.16
3171.16
3171.16
3168.75
3168.75
3168.75
3168.75
3168.75
3168.75
3168.75
3167.41
3167.41
3167.41
3167.41
3167.41
3167.41
3167.41
3153.34
3153.34
3153.34
3153.34
3153.34
3129.89
3129.89
3129.89
3129.89
3125.88
3125.88
3125.88
3124.98
3124.98
3124.98
3124.98
3124.98
3124.98
3124.98
3124.98
3124.98
3124.98
3124.98
3124.98
3124.98
3124.98
3124.53
3124.53
3120.6
3039.4
3039.4
3039.4
3039.4
3039.4
3039.4
3039.4
3039.4
3039.4
3034.67
3033.87
3033.87
3033.87
3030.71
3030.71
3030.71
3030.71
3030.71
3030.71
3030.71
3030.71
3030.71
3030.71
3030.71
3030.71
3030.71
3028.73
3028.73
3028.73
3028.73
3028.73
3028.73
3028.73
3028.73
3028.41
3028.41
3027.89
3019.91
3019.91
3019.91
3019.91
3019.91
3019.91
3019.91
3019.91
3019.91
3019.91
3019.91
3019.85
3019.85
3019.85
2994.22
2994.22
2994.22
2994.22
2994.22
2989.59
2989.59
2989.59
2989.59
2989.59
2979.23
2979.23
2979.23
2979.23
2979.23
2979.23
2979.23
2978.58
2976.29
2936.36
2936.36
2936.36
2936.36
2936.36
2936.36
2936.36
2936.36
2936.36
2930.04
2930.04
2930.04
2930.04
2930.04
2930.04
2929.28
2929.28
2929.28
2929.28
2929.28
2929.28
2929.28
2929.28
2925.57
2859.63
2859.63
2859.63
2859.63
2855.24
2855.24
2855.24
2855.24
2855.24
2850.88
2845.55
2845.55
2845.55
2844.74
2844.74
2844.74
2844.74
2844.74
2844.74
2843.74
2843.74
2843.74
2843.74
2843.51
2843.51
2843.51
2843.51
2843.51
2843.4
2843.26
2843.26
2843.26
2843.26
2841.57
2840.99
2840.28
2840.28
2838.31
2835.23
2835.23
2834.88
2827.79
2827.79
2827.79
2827.79
2783.53
2783.53
2783.53
2783.53
2783.53
2783.53
2783.53
2783.53
2782.13
2782.13
2782.13
2782.13
2770.07
2770.07
2770.07
2770.07
2770.07
2770.07
2770.07
2770.07
2770.07
2770.07
2770.07
2770.07
2770.07
2770.07
2770.07
2770.07
2770.07
2770.07
2762.87
2762.87
2762.87
2762.87
2762.87
2762.87
2762.87
2762.87
2762.87
2762.87
2762.87
2762.87
2762.87
2762.87
2762.87
2762.87
2762.87
2762.87
2707.61
2707.61
2707.61
2691.44
2691.44
2691.44
2691.44
2684.82
2684.82
2684.82
2683.87
2683.87
2683.87
2683.87
2683.87
2683.87
2683.87
2683.87
2683.87
2683.87
2683.87
2683.22
2683.22
2683
2683
2683
2683
2683
2683
2683
2683
2680.38
2680.38
2680.38
2680.38
2680.38
2680.38
2677.9
2677.9
2677.9
2677.9
2677.9
2677.9
2677.9
2677.9
2677.9
2677.9
2677.9
2677.9
2677.9
2663.71
2663.62
2663.11
2663.11
2663.11
2663.11
2662.65
2662.65
2662.65
2662.65
2662.65
2661.35
2661.35
2661.35
2661.35
2661.35
2661.35
2661.35
2661.35
2661.35
2661.35
2661.35
2661.35
2661.35
2661.35
2661.35
2655.54
2655.54
2655.54
2655.54
2655.54
2655.54
2649.55
2649.55
2649.55
2645.44
2643.02
2643.02
2643.02
2643.02
2643.02
2643.02
2643.02
2643.02
2642.26
2642.26
2642.26
2642.26
2642.26
2642.26
2641.6
2641.6
2641.6
2641.6
2641.6
2641.6
2641.6
2641.6
2641.6
2641.6
2641.6
2641.39
2641.39
2558.98
2558.91
2558.91
2558.91
2558.91
2558.91
2558.91
2558.91
2558.91
2558.91
2558.91
2558.91
2556.63
2556.63
2555.37
2555.37
2555.37
2555.37
2555.37
2555.37
2555.37
2555.22
2555.22
2555.19
2555.19
2555.19
2555.19
2552.7
2552.7
2552.7
2552.7
2552.7
2550.46
2550.46
2550.46
2550.46
2550.46
2550.46
2550.46
2473.2
2473.2
2473.2
2473.2
2473.2
2473.2
2473.2
2473.2
2473.2
2473.2
2473.2
2473.2
2473.2
2473.2
2473.2
2473.2
2473.2
2473.2
2473.2
2473.2
2473.2
2473.2
2473.2
2473.2
2473.2
2473.2
2473.2
2473.2
2473.2
2473.2
2471.62
2471.62
2471.62
2471.62
2471.62
2471.62
2471.62
2471.62
2469.36
2469.36
2469.36
2469.36
2469.36
2469.36
2469.36
2469.36
2469.36
2469.36
2469.36
2469.36
2469.36
2469.36
2469.36
2469.36
2468.3
2468.3
2468.05
2468.05
2468.05
2465.95
2465.14
2465.14
2465.14
2464.19
2464.19
2455.47
2455.47
2455.47
2455.47
2455.47
2455.47
2455.47
2455.47
2451.91
2451.91
2451.91
2451.91
2451.91
2451.91
2451.91
2451.31
2451.31
2451.31
2451.31
2451.31
2451.31
2451.31
2451.31
2450.98
2450.98
2450.98
2450.98
2450.98
2450.98
2450.98
2450.98
2450.98
2448.67
2448.67
2448.67
2448.67
2448.45
2448.45
2448.45
2448.45
2440.63
2440.44
2440.44
2440.44
2440.44
2440.44
2440.44
2440.44
2440.44
2440.44
2440.44
2440.44
2440.44
2440.44
2440.44
2440.44
2440.44
2440.44
2439.11
2439.11
2439.11
2439.11
2439.11
2439.11
2439.11
2437.73
2437.73
2437.73
2437.73
2400.91
2400.91
2400.91
2400.91
2400.91
2400.91
2400.91
2400.91


-0.765049
-1.61842
-1.8058
-2.49268
-2.22417
-1.86896
-1.96584
-1.47319
-1.14392
-1.99812
-1.55903
-1.20409
0.466014
-1.49355
-1.48176
-0.60928
-0.525597
0.551108
0.718584
1.93056
0.789383
1.38858
0.466161
0.490468
0.461102
1.20247
2.61585
2.69208
5.66268
-34.8515

0.045

