27012.5
27012.5
27012.5
27012.5
27012.5
27012.5
27012.5
27012.5
27012.5
27012.5
27012.5
27012.5
27012.5
27012.5
27012.5
27012.5
27012.5
27012.5
27012.5
27012.5
27012.5
27012.5
1065.59
705.956
705.956
705.956
705.956
705.956
705.956
705.956
705.956
705.956
705.956
705.956
705.956
404.738
404.738
404.738
404.738
404.738
404.738
189.518
189.518
189.518
189.518
189.518
189.518
189.518
189.518
189.518
189.518
189.518
189.518
189.518
189.518
189.518
189.518
189.518
189.518
189.518
189.518
189.518
189.518
189.518
132.317
132.317
132.317
132.317
132.317
132.317
132.317
132.317
132.317
132.317
132.317
132.317
132.317
132.317
132.317
132.317
132.317
132.317
132.317
132.317
132.317
132.317
132.317
132.317
132.317
132.317
132.317
132.317
132.317
132.317
132.317
132.317
132.317
132.317
132.317
132.317
119.29
119.29
119.29
119.29
119.29
119.29
119.29
119.29
119.29
119.29
119.29
119.29
119.29
119.29
119.29
119.29
119.29
119.29
119.29
119.29
119.29
119.29
119.29
119.29
119.29
119.29
119.29
119.29
119.29
119.29
119.29
119.29
119.29
119.29
119.29
119.29
119.29
119.29
119.29
119.29
119.29
119.29
119.29
119.29
119.29
119.29
119.29
119.29
119.29
119.29
119.29
119.29
119.29
119.29
119.29
119.29
119.29
119.29
119.29
119.29
119.29
119.29
84.1127
84.1127
84.1127
84.1127
84.1127
84.1127
84.1127
84.1127
84.1127
84.1127
84.1127
84.1127
84.1127
84.1127
84.1127
84.1127
84.1127
83.028
83.028
83.028
83.028
83.028
83.028
76.6822
76.6822
76.6822
76.6822
76.6822
76.6822
76.6822
76.6822
76.6822
76.6822
69.9543
69.9543
69.9543
69.9543
69.9543
69.9543
69.9543
69.9543
69.9543
69.9543
69.9543
69.9543
69.9543
69.9543
69.9543
69.9543
69.9543
69.9543
69.9543
69.0206
63.4158
63.4158
63.4158
63.4158
63.4158
63.4158
63.4158
63.4158
63.4158
63.4158
63.4158
63.4158
63.4158
63.4158
63.4158
63.4158
63.4158
63.4158
63.4158
63.4158
63.4158
63.4158
63.4158
63.4158
63.4158
63.4158
63.4158
63.4158
63.4158
63.4158
63.4158
63.4158
63.4158
63.4158
63.4158
63.4158
63.4158
60.4142
60.4142
60.4142
60.4142
60.4142
56.5361
56.5361
56.5361
56.5361
56.5361
56.5361
56.5361
56.5361
56.5361
56.5361
56.5361
56.5361
56.5361
56.5361
56.5361
56.5361
56.5361
56.5361
56.5361
56.5361
56.5361
56.5361
56.5361
56.5361
55.9582
55.9582
55.9582
55.9582
55.9582
52.5535
52.5535
52.5535
52.5535
52.5535
52.5535
52.5535
52.5535
52.5535
52.5535
52.5535
52.5535
52.5535
52.5535
51.11
51.11
51.11
51.11
51.11
51.11
51.11
51.11
51.11
51.11
51.11
51.11
51.11
51.11
51.11
51.11
51.11
51.11
51.11
51.11
51.11
51.11
49.6793
49.6793
49.6793
49.6793
49.6793
49.6793
49.6793
49.6793
49.6793
49.6793
49.6793
49.6793
49.6793
49.6793
49.6793
49.6793
49.6793
49.6793
49.6793
49.6793
49.6793
48.8755
48.5053
48.5053
48.5053
48.5053
48.5053
48.5053
48.5053
48.5053
48.5053
48.5053
48.5053
48.5053
48.5053
48.5053
48.5053
48.5053
48.5053
48.5053
48.5053
48.5053
48.5053
48.5053
48.5053
48.5053
48.5053
48.5053
48.5053
48.5053
48.5053
47.1694
47.1694
47.1694
47.1694
47.1694
47.1694
47.1694
47.1694
47.1694
47.1694
47.1694
47.1694
47.1694
47.1694
43.826
42.9288
42.9288
42.0018
42.0018
42.0018
42.0018
42.0018
42.0018
42.0018
42.0018
42.0018
42.0018
42.0018
41.4914
41.4914
41.4914
41.4914
41.4914
41.4914
41.4914
41.4914
41.4914
41.4914
41.4914
41.4914
41.4914
41.4914
41.4914
41.4914
41.4914
41.4914
41.1328
41.1328
41.1328
41.1328
41.1328
41.1328
41.1328
41.1328
41.1328
41.1328
41.1328
41.1328
41.1328
41.1328
41.1328
41.1328
41.1328
41.1301
40.8753
40.8753
40.8753
40.8753
40.8753
40.8753
40.8753
40.8753
40.8753
40.8753
40.8753
40.8753
40.8753
40.8753
40.8753
40.8753
40.8753
40.8753
40.8753
40.6529
40.6529
40.6529
40.6529
40.6529
40.6529
40.4652
40.4652
40.4652
40.4652
40.4652
40.4652
40.4652
40.4652
40.4652
40.4652
40.4652
40.4652
40.4652
40.4652
40.0791
40.0791
40.0791
40.0791
40.0791
40.0791
40.0791
40.0791
40.0791
40.0791
40.0791
40.0791
40.0791
40.0791
40.0791
40.0791
40.0791
40.0791
40.0791
40.0791
40.0791
40.0657
40.0657
40.0657
40.0657
40.0657
40.0657
40.0657
40.0657
40.0657
40.0657
40.0657
40.0657
40.0657
40.0657
40.0657
40.0657
40.0657
40.0657
40.0657
38.6948
38.6948
38.6948
38.3339
38.3339
38.3339
38.3339
38.3339
38.3339
38.3339
38.3339
38.3339
38.3339
38.3339
38.3339
38.3339
38.3339
38.3339
38.3339
38.3339
38.3339
38.3339
38.3339
38.3339
38.3339
38.3339
38.3105
38.3105
38.3105
38.3105
38.3105
38.3105
38.3105
38.3105
38.3105
38.3105
38.3105
38.3105
38.3105
38.3105
38.3105
38.2959
38.2959
38.2959
38.2959
38.2959
38.2959
38.2959
38.2959
38.2959
38.2959
38.2959
38.2959
38.2959
38.2959
38.2959
38.2959
38.2959
38.2959
38.2959
38.2959
38.2959
38.2959
38.2959
38.2959
34.4412
34.4412
34.4412
34.4412
34.4412
34.4412
34.4412
34.4412
34.4412
34.4412
34.4412
34.4412
34.4412
34.4412
34.4412
34.4412
34.4412
34.4412
34.4412
34.4412
34.4412
34.4412
34.4412
34.4412
34.4412
34.4412
34.4412
34.4412
34.4412
34.4412
34.4412
34.4412
34.4412
34.4412
34.4412
34.4412
34.4412
34.4412
34.4412
34.4412
34.4412
34.4412
34.4412
34.4412
34.4412
34.4412
34.4412
34.4412
34.4412
34.4412
34.4412
34.4412
34.4412
34.4412
34.4412
34.4412
34.4412
34.4412
34.4412
34.4412
34.4412
34.4412
34.4412
34.4412
34.4412
34.4412
34.4412
34.4412
34.4412
34.4412
34.4412
34.4412
34.4412
34.4412
34.4412
34.4412
34.4412
34.4412
34.4412
34.4412
34.4412
34.4412
34.4412
34.4412
34.4412
34.4412
34.4412
34.4412
34.4412
34.4412
34.4412
34.4412
34.4412
34.4412
34.4412
34.4412
34.4412
34.4412
34.4412
34.4412
34.4412
34.4412
34.4412
34.4412
34.4412
34.4412
34.4412
34.4412
34.4412
34.4412
34.4412
34.4412
34.4412
34.4412
34.4412
34.4412
34.4412
34.4412
34.4412
34.4412
34.4412
34.4412
34.4412
34.4412
34.4412
34.4412
34.4412
34.4412
34.4412
34.4412
34.4412
34.4412
34.4412
34.4412
34.4412
34.4412
34.4412
34.4412
34.4412
34.4412
34.4412
34.4412
34.4412
34.4412
34.4412
34.4412
34.4412
34.4412
34.4412
34.4412
34.4412
34.4412
34.4412
34.4412
34.4412
34.4412
34.4412
34.4412
34.4412
34.4412
34.4412
34.4412
34.4412
34.4412
34.4412
34.4412
34.4412
34.4412
34.4412
34.1487
34.1487
34.1487
34.1487
34.1487
34.1487
34.1487
34.1487
34.1487
34.1487
34.1487
34.1487
34.1487
34.1487
34.1487
34.1487
34.1487
34.1487
34.1487
34.1487
34.1487
34.1487
34.1487
34.1487
34.1487
34.1487
34.1487
34.1487
34.1487
34.1487
34.1487
34.1487
34.1487
34.1487
34.1487
34.1487
34.1487
34.1487
34.1487
34.1487
34.1487
34.1487
34.1487
34.1487
34.1487
34.1487
34.1487
34.1487
34.1487
34.1487
34.1487
34.1487
34.1487
34.1487
34.1487
34.1487
34.1487
34.1487
34.1487
34.1487
34.1487
34.1487
34.1487
34.1487
34.1487
34.1487
34.1487
34.1487
34.147
34.147
34.147
34.147
34.147
34.147
34.147
34.147
34.147
34.147
34.147
34.147
34.147
34.147
34.147
34.147
34.147
34.147
34.147
34.147
34.147
34.147
34.147
34.147
34.147
34.147
34.147
34.147
34.147
34.147
34.147
34.147
34.147
34.147
34.147
34.147
34.147
34.147
34.147
34.147
34.147
34.147
34.1268
34.1268
34.1268
34.1268
34.1268
34.1268
34.1268
34.1268
34.1268
34.1268
34.1268
34.1268
34.1268
34.1268
34.1268
34.1268
34.1268
34.1268
34.1268
34.1268
34.1268
34.1268
34.1268
34.1268
34.1268
34.1268
34.1268
34.1268
34.1268
34.1268
34.1268
34.1268
34.1268
34.1268
34.1268
34.1268
34.1268
34.1268
34.1268
34.1268
34.1268
34.1268
34.1268
34.1268
34.1268
34.1268
34.1268
34.1268
34.1268
34.1268
34.1268
34.1268
34.1268
34.1268
34.1268
34.1268
34.1268
34.1268
34.1268
34.1268
34.1268
34.1268
34.1268
34.1268
34.1268
34.1268
34.1257
34.1257
34.1257
34.1257
34.1257
34.1257
34.1257
34.1257
34.1257
34.1257
34.1243
34.1243
34.1243
34.1243
34.1243
34.1243
34.1243
34.1243
34.1243
34.1243
34.1243
34.1243
34.1243
34.1243
34.1243
34.1243
34.1243
34.1243
34.1243
34.1243
34.1243
34.1232
34.1232
34.1232
34.1232
34.1232
34.1232
34.1232
34.1232
34.1232
34.1232
34.1232
34.1232
34.1232
34.1232
34.1227
34.1227
34.1227
34.1227
34.1227
34.1227
34.1227
34.1227
34.1227
34.1227
34.1227
34.1227
34.1227
34.1227
34.1227
34.1227
34.1227
34.1227
34.1227
34.1227
34.1227
34.1227
34.1227
34.1227
34.1227
34.1227
34.1227
34.1227
34.1227
34.1227
34.1227
34.1227
34.1227
34.1227
34.1227
34.1227
34.1227
34.1227
34.1227
34.1227
34.1227
34.1227
34.1227
34.1227
34.1227
34.1227
34.1227
34.1227
34.1227
34.1227
34.1227
34.1227
34.1227
34.1227
34.1227
34.1227
34.1227
34.1227
34.1227
34.1224
34.1224
34.1224
34.1224
34.1224
34.1224
34.1224
34.1224
34.1224
34.1224
34.1224
34.1224
34.1224
34.1224
34.1224
34.1224
34.1224
34.1224
34.1224
34.1224
34.1224
34.1224
34.1224
34.1224
34.1224
34.1224
34.1224
34.1224
34.1224
34.1224
34.1224
34.1224
34.1224
34.1224
34.1223
34.1223
34.1223
34.1223
34.1223
34.1223
34.1223
34.1223
34.1223
34.1223
34.1223
34.1223
34.1223
34.1223
34.1223
34.1223
34.1223
34.1223
34.1223
34.1223
34.1223
34.1223
34.1223
34.1223
34.1223
34.1223
34.1222
34.1222
34.1222
34.1222
34.1222
34.1222
34.1222
34.1222
34.1222
34.1222
34.1222
34.1222
34.1222
34.1222
34.1222
34.1222
34.1222
34.1222
34.1222
34.1222
34.1222
34.1222
34.1222
34.1222
34.1222
34.1222
34.1222
34.1222
34.1222
34.1222
34.1222
34.1222
34.1222
34.1222
34.1222
34.1222
34.1222
34.1222
34.1222
34.1222
34.1222
34.1222
34.1222
34.1222
34.1222
34.1222
34.1222
34.1222
34.1222
34.1222
34.1222
34.1222
34.1222
34.1222
34.1222
34.1222
34.1222
34.1222
34.1222
34.1222
34.1222
34.1222
34.1222
34.1222
34.1222
34.1222
34.1222
34.1222
34.1222
34.1222
34.1222
34.1222
34.1222
34.1222
34.1222
34.1222
34.1222
34.1222
34.1222
34.1222
34.1222
34.1222
34.1222
34.1222
34.1222
34.1222
34.1222
34.1222
34.1222
34.1222
34.1222
34.1222
34.1222
34.1222
34.1222
34.1222
34.1222
34.1222
34.1222
34.1222
34.1222
34.1222
34.1222
34.1222
34.1222
34.1222
34.1222
34.1222
34.1222
34.1222
34.1222
34.1222
34.1222
34.1222
34.1222
34.1222
34.1222
34.1222
34.1222
34.1222
34.1222
34.1222
34.1222
34.1222
34.1222
34.1222
34.1222
34.1222
34.1222
34.1222
34.1222
34.1222
34.1222
34.1222
34.1222
34.1222
34.1222
34.1222
34.1222
34.1222
34.1222
34.1222
34.1222
34.1222
34.1222
34.1222
34.1222
34.1222
34.1222
34.1222
34.1222
34.1222
34.1222
34.1222
34.1222
34.1222
34.1222
34.1222
34.1222
34.1222
34.1222
34.1222
34.1222
34.1222
34.1222
34.1222
34.1222
34.1222
34.1222
34.1222
34.1222
34.1222
34.1222
34.1222
34.1222
34.1222
34.1222
34.1222
34.1222
34.1222
34.1222
34.1222
34.1222
34.1222
34.1222
34.1222
34.1222
34.1222
34.1222
34.1222
34.1222
34.1222
34.1222
34.1222
34.1222
34.1222
34.1222
34.1222
34.1222
34.1222
34.1222
34.1222
34.1222
34.1222
34.1222
34.1222
34.1222
34.1222
34.1222
34.1222
34.1222
34.1222
34.1222
34.1222
34.1222
34.1222
34.1222
34.1222
34.1222
34.1222
34.1222
34.1222
34.1222
34.1222
34.1222
34.1222
34.1222
34.1222
34.1222
34.1222
34.1222
34.1222
34.1222
34.1222
34.1222
34.1222
34.1222
34.1222
34.1222
34.1222
34.1222
34.1222
34.1222
34.1222
34.1222
34.1222
34.1222
34.1222
34.1222
34.1222
34.1222
34.1222
34.1222
34.1222
34.1222
34.1222
34.1222
34.1222
34.1222
34.1222
34.1222
34.1222
34.1222
34.1222
34.1222
34.1222
34.1222
34.1217
34.1212
34.1212
34.1211
34.1211
34.1211
34.1211
34.1211
34.121
34.121
34.121
34.121
34.121
34.121
34.121
34.121
34.121
34.121
34.121
34.121
34.121
34.121
34.121
34.121
34.121
34.121
34.121
34.121
34.121
34.1209
34.1209
34.1209
34.1209
34.1209
34.1209
34.1209
34.1209
34.1209
34.1209
34.1209
34.1209
34.1209
34.1209
34.1209
34.1209
34.1209
34.1209
34.1209
34.1209
34.1209
34.1209
34.1209
34.1209
34.1209
34.1209
34.1209
34.1209
34.1209
34.1209
34.1209
34.1209
34.1209
34.1209
34.1209
34.1209
34.1209
34.1209
34.1209
34.1209
34.1209
34.1209
34.1209
34.1209
34.1209
34.1209
34.1209
34.1209
34.1208
34.1208
34.1208
34.1208
34.1208
34.1208
34.1208
34.1208
34.1208
34.1208
34.1208
34.1208
34.1208
34.1208
34.1208
34.1208
34.1208
34.1208
34.1208
34.1208
34.1208
34.1208
34.1208
34.1208
34.1208
34.1208
34.1208
34.1208
34.1208
34.1208
34.1208
34.1207
34.1207
34.1207
34.1207
34.1207
34.1207
34.1207
34.1207
34.1207
34.1207
34.1207
34.1207
34.1207
34.1207
34.1207
34.1207
34.1207
34.1207
34.1207
34.1207
34.1207
34.1207
34.1207
34.1207
34.1207
34.1207
34.1207
34.1207
34.1207
34.1207
34.1207
34.1207
34.1207
34.1207
34.1207
34.1207
34.1207
34.1207
34.1207
34.1207
34.1207
34.1207
34.1207
34.1207
34.1207
34.1207
34.1207
34.1207
34.1207
34.1207
34.1207
34.1207
34.1207
34.1207
34.1207
34.1207
34.1207
34.1207
34.1207
34.1207
34.1207
34.1207
34.1207
34.1207
34.1207
34.1207
34.1207
34.1207
34.1207
34.1207
34.1207
34.1207
34.1207
34.1207
34.1207
34.1207
34.1207
34.1207
34.1207
34.1207
34.1207
34.1207
34.1207
34.1207
34.1207
34.1207
34.1207
34.1207
34.1207
34.1207
34.1207
34.1207
34.1207
34.1207
34.1207
34.1207
34.1207
34.1207
34.1207
34.1207
34.1207
34.1207
34.1207
34.1207
34.1207
34.1207
34.1207
34.1207
34.1207
34.1207
34.1207
34.1207
34.1207
34.1207
34.1207
34.1207
34.1207
34.1207
34.1207
34.1207
34.1207
34.1207
34.1207
34.1207
34.1207
34.1207
34.1207
34.1207
34.1207
34.1207
34.1207
34.1207
34.1207
34.1207
34.1207
34.1207
34.1207
34.1207
34.1207
34.1207
34.1207
34.1207
34.1207
34.1207
34.1207
34.1207
34.1207
34.1207
34.1207
34.1207
34.1207
34.1207
34.1207
34.1207
34.1207
34.1207
34.1207
34.1207
34.1207
34.1207
34.1207
34.1207
34.1207
34.1207
34.1207
34.1207
34.1207
34.1207
34.1207
34.1207
34.1207
34.1207
34.1207
34.1207
34.1207
34.1207
34.1207
34.1207
34.1207
34.1207
34.1207
34.1207
34.1207
34.1207
34.1207
34.1207
34.1207
34.1207
34.1207
34.1207
34.1207
34.1207
34.1207
34.1207
34.1207
34.1207
34.1207
34.1207
34.1207
34.1207
34.1207
34.1207
34.1207
34.1207
34.1207
34.1207
34.1207
34.1207
34.1207
34.1207
34.1207
34.1207
34.1207
34.1207
34.1207
34.1207
34.1207
34.1207
34.1207
34.1207
34.1207
34.1207
34.1207
34.1207
34.1207
34.1207
34.1207
34.1207
34.1207
34.1207
34.1207
34.1207
34.1207
34.1207
34.1207
34.1207
34.1207
34.1207
34.1207
34.1207
34.1207
34.1207
34.1207
34.1207
34.1207
34.1207
34.1207
34.1207
34.1207
34.1207
34.1207
34.1207
34.1207
34.1207
34.1207
34.1207
34.1207
34.1207
34.1207
34.1207
34.1207
34.1207
34.1207
34.1207
34.1207
34.1207
34.1207
34.1207
34.1207
34.1207
34.1207
34.1207
34.1207
34.1207
34.1207
34.1207
34.1207
34.1207
34.1207
34.1207
34.1207
34.1207
34.1207
34.1207
34.1207
34.1207
34.1207
34.1207
34.1207
34.1207
34.1207
34.1207
34.1207
34.1207
34.1207
34.1207
34.1207
34.1207
34.1207
34.1207
34.1207
34.1207
34.1207
34.1207
34.1207
34.1207
34.1207
34.1207
34.1207
34.1207
34.1207
34.1207
34.1207
34.1207
34.1207
34.1207
34.1207
34.1207
34.1207
34.1207
34.1207
34.1207
34.1207
34.1207
34.1207
34.1207
34.1207
34.1207
34.1207
34.1207
34.1207
34.1207
34.1207
34.1207
34.1207
34.1207
34.1207
34.1207
34.1207
34.1207
34.1207
34.1207
34.1207
34.1207
34.1207
34.1207
34.1207
34.1207
34.1207
34.1207
34.1207
34.1207
34.1207
34.1207
34.1207
34.1207
34.1207
34.1207
34.1207
34.1207
34.1207
34.1207
34.1207
34.1207
34.1207
34.1207
34.1207
34.1207
34.1207
34.1207
34.1207
34.1207
34.1207
34.1207
34.1207
34.1207
34.1207
34.1207
34.1207
34.1207
34.1207
34.1207
34.1207
34.1207
34.1207
34.1207
34.1207
34.1207
34.1207
34.1207
34.1207
34.1207
34.1207
34.1207
34.1207
34.1207
34.1207
34.1207
34.1207
34.1207
34.1207
34.1207
34.1207
34.1207
34.1207
34.1207
34.1207
34.1207
34.1207
34.1207
34.1207
34.1207
34.1207
34.1207
34.1207
34.1207
34.1207
34.1207
34.1207
34.1207
34.1207
34.1207
34.1207
34.1207
34.1207
34.1207
34.1207
34.1207
34.1207
34.1207
34.1207
34.1207
34.1207
34.1207
34.1207
34.1207
34.1207
34.1207
34.1207
34.1207
34.1207
34.1207
34.1207
34.1207
34.1207
34.1207
34.1207
34.1207
34.1207
34.1207
34.1207
34.1207
34.1207
34.1207
34.1207
34.1207
34.1207
34.1207
34.1207
34.1207
34.1207
34.1207
34.1207
34.1207
34.1207
34.1207
34.1207
34.1207
34.1207
34.1207
34.1207
34.1207
34.1207
34.1207
34.1207
34.1207
34.1207
34.1207
34.1207
34.1207
34.1207
34.1207
34.1207
34.1207
34.1207
34.1207
34.1207
34.1207
34.1207
34.1207
34.1207
34.1207
34.1207
34.1207
34.1207
34.1207
34.1207
34.1207
34.1207
34.1207
34.1207
34.1207
34.1207
34.1207
34.1207
34.1207
34.1207
34.1207
34.1207
34.1207
34.1207
34.1207
34.1207
34.1207
34.1207
34.1207
34.1207
34.1207
34.1207
34.1207
34.1207
34.1207
34.1207
34.1207
34.1207
34.1207
34.1207
34.1207
34.1207
34.1207
34.1207
34.1207
34.1207
34.1207
34.1207


0.38309
0.181832
0.618021
-0.510681
0.523701
0.678427
0.452969
-0.220293
0.254607
0.251331
0.619797
0.522469
0.807965
0.357908
0.111684
0.309895
0.0475712
0.0512104
0.817176
0.793134
-1.18024
1.91992
1.31342
-2.51175
-2.52733
-1.36495
2.32829
-0.100113
-1.52682
0.456096

0.023

