431.447
431.447
431.447
431.447
431.447
431.447
431.447
431.447
431.447
431.447
431.447
431.447
431.447
431.447
431.447
431.447
420.164
420.164
420.164
420.164
420.164
420.164
420.164
420.164
420.164
420.164
420.164
420.164
420.164
420.164
420.164
448.709
448.709
448.709
448.709
448.709
448.709
448.709
448.709
448.709
448.709
448.709
448.709
448.709
448.709
448.709
448.709
448.709
448.709
420.164
420.164
420.164
420.164
420.164
420.164
420.164
420.164
420.164
420.164
420.164
420.164
420.164
420.164
420.164
420.164
420.164
420.164
420.164
420.164
420.164
420.164
420.164
420.164
420.164
420.164
420.164
420.164
420.164
420.164
420.164
420.164
420.164
420.164
420.164
420.164
420.164
420.164
420.164
420.164
420.164
420.164
420.164
420.164
420.164
420.164
390.115
390.115
390.115
390.115
390.115
390.115
390.115
390.115
390.115
390.115
390.115
390.115
390.115
390.115
390.115
390.115
390.115
390.115
390.115
390.115
390.115
390.115
390.115
390.115
390.115
390.115
450.68
410.495
410.495
410.495
410.495
410.495
410.495
410.495
410.495
410.495
410.495
410.495
410.495
410.495
410.495
410.495
410.495
410.495
410.495
410.495
410.495
410.495
410.495
410.495
410.495
410.495
410.495
410.495
410.495
410.495
410.495
410.495
410.495
410.495
428.023
428.023
428.023
428.023
428.023
428.023
428.023
428.023
428.023
428.023
428.023
428.023
428.023
428.023
448.963
465.779
465.779
465.779
446.398
446.398
446.398
446.398
446.398
446.398
446.398
446.398
446.398
446.398
446.398
446.398
446.398
422.259
410.495
410.495
446.398
446.398
446.398
446.398
446.398
446.398
446.398
446.398
400.03
400.03
400.03
400.03
400.03
400.03
400.03
400.03
400.03
400.03
400.03
422.259
422.259
422.259
482.375
482.375
400.03
400.03
400.03
400.03
400.03
400.03
400.03
400.03
400.03
400.03
400.03
400.03
400.03
400.03
400.03
400.03
400.03
400.03
400.03
400.03
400.03
400.03
459.471
459.471
459.471
459.471
459.471
459.471
459.471
459.471
414.22
414.22
414.22
414.22
414.22
414.22
414.22
414.22
414.22
452.235
452.235
452.235
452.235
452.235
452.235
447.596
447.596
447.596
447.596
447.596
459.471
459.471
466.387
466.387
458.851
458.851
458.851
458.851
458.851
458.851
458.851
458.851
458.851
458.851
458.851
458.851
466.387
466.387
466.387
466.387
466.387
466.387
466.387
465.026
465.026
465.026
466.387
466.387
466.387
466.387
466.387
467.727
467.727
467.727
467.727
467.727
465.026
465.026
458.192
458.192
458.192
427.724
427.724
427.724
427.724
427.724
458.192
458.192
458.192
458.192
458.192
458.192
458.192
458.192
458.192
458.192
458.192
458.192
458.192
458.192
458.192
458.192
458.192
467.727
467.727
467.727
467.727
467.727
467.727
473.567
473.567
473.567
473.567
430.575
430.575
430.575
427.724
427.724
427.724
427.724
427.724
427.724
427.724
427.724
427.724
447.892
447.892
447.892
447.892
447.892
447.892
447.892
447.892
447.892
447.892
447.892
447.892
447.892
447.892
447.892
447.892
447.892
447.892
447.892
447.892
447.892
447.892
377.587
377.587
377.587
377.587
377.587
377.587
377.587
377.587
377.587
377.587
377.587
377.587
377.587
377.587
377.587
377.587
377.587
377.587
377.587
412.758
412.758
412.758
412.758
412.758
412.758
464.385
464.385
464.385
442.611
442.611
442.611
442.611
442.611
442.611
412.995
412.995
412.995
442.611
442.611
464.385
464.385
464.385
464.385
464.385
464.385
464.385
464.385
464.385
464.385
464.385
453.253
450.88
450.88
450.88
450.88
450.88
450.88
450.88
453.253
453.253
453.253
453.253
453.253
453.253
453.253
453.253
453.253
453.253
453.253
453.253
453.253
453.253
453.253
453.253
453.253
453.253
453.253
453.253
453.253
453.253
453.253
453.253
425.766
425.766
425.766
425.766
425.766
425.766
453.253
453.253
444.62
444.62
444.62
425.766
425.766
425.766
425.766
444.62
444.62
444.62
444.62
444.62
444.62
444.62
401.286
401.286
401.286
401.286
401.286
401.286
401.286
401.286
401.286
401.286
401.286
401.286
401.286
401.286
401.286
401.286
401.286
401.286
401.286
401.286
401.286
401.286
401.286
404.602
404.602
404.602
404.602
404.602
404.602
404.602
404.602
404.602
404.602
404.602
404.602
404.602
404.602
404.602
404.602
404.602
470.536
470.536
428.581
428.581
428.581
428.581
428.581
428.581
428.581
428.581
371.868
371.868
371.868
371.868
428.581
423.139
423.139
423.139
423.139
423.139
423.139
423.139
423.139
423.139
423.139
423.139
481.611
428.581
428.581
428.581
428.581
428.581
428.581
428.581
428.581
428.581
428.581
428.581
428.581
428.581
428.581
428.581
428.581
462.951
456.093
456.093
456.093
456.093
456.093
456.093
456.093
462.951
461.136
461.136
461.136
462.951
462.951
462.951
462.951
462.951
462.951
462.951
462.951
462.951
495.615
456.093
456.093
456.093
456.093
456.093
456.093
427.652
427.652
427.652
427.652
427.652
427.652
427.652
427.652
420.025
420.025
420.025
420.025
420.025
420.025
420.025
420.025
420.025
420.025
421.564
420.025
420.025
420.025
420.025
420.025
420.025
420.025
420.025
420.025
420.025
420.025
420.025
420.025
421.564
421.564
421.564
421.564
421.564
421.564
421.564
421.564
421.564
421.564
421.564
421.564
450.066
450.066
450.066
450.066
450.066
449.373
449.373
445.234
445.234
445.234
445.234
445.234
445.234
445.234
445.234
420.025
420.025
420.025
420.025
420.025
420.025
420.025
420.025
420.025
420.025
420.025
420.025
420.025
420.025
420.025
420.025
420.025
420.025
420.025
420.025
420.025
420.025
420.025
420.025
420.025
420.025
420.025
420.025
420.025
420.025
420.025
420.025
420.025
420.025
420.025
420.025
420.025
420.025
420.025
420.025
420.025
420.025
420.025
420.025
420.025
427.652
427.652
427.652
427.652
427.652
427.652
427.652
427.652
427.652
427.652
427.652
427.652
427.652
427.652
427.652
427.652
427.652
427.652
427.652
427.652
427.652
427.652
427.652
427.652
427.652
427.652
427.652
447.73
447.73
447.73
447.73
447.73
447.73
447.73
447.73
447.73
447.73
447.73
453.767
462.053
462.053
462.053
462.053
459.389
440.011
440.011
440.011
440.011
440.011
457.117
457.117
457.117
457.117
457.117
457.117
457.117
457.117
457.117
457.117
457.117
457.117
457.117
457.117
438.897
438.897
438.897
438.897
438.897
438.897
438.897
438.897
435.015
435.015
435.015
435.015
435.015
435.015
435.015
420.184
420.184
420.184
420.184
420.184
420.184
420.184
420.184
420.184
420.184
438.897
438.897
424.028
424.028
424.028
424.028
424.028
424.028
424.028
405.092
405.092
405.092
405.092
405.092
405.092
405.092
405.092
405.092
405.092
405.092
405.092
405.092
405.092
405.092
405.092
405.092
405.092
405.092
405.092
405.092
405.092
405.092
405.092
405.092
405.092
405.092
405.092
405.092
428.236
453.765
411.989
411.989
411.989
411.989
411.989
450.958
450.958
450.958
450.958
450.958
450.958
450.958
450.958
450.958
424.028
424.028
424.028
424.028
424.028
424.028
424.028
424.028
424.028
424.028
424.028
424.028
424.028
424.028
424.028
424.028
424.028
424.028
424.028
424.028
424.028
424.028
424.028
424.028
424.028
424.028
424.028
424.028
424.028
424.028
424.028
424.028
424.028
424.028
424.028
424.028
424.028
409.612
409.612
409.612
409.612
409.612
409.612
409.612
409.612
409.612
409.612
409.612
409.612
409.612
409.612
409.612
409.612
409.612
409.612
409.612
409.612
409.612
409.612
409.612
409.612
409.612
409.612
409.612
409.612
409.612
409.612
409.612
409.612
409.612
409.612
409.612
409.612
409.612
409.612
409.612
370.715
370.715
370.715
370.715
370.715
370.715
370.715
370.715
370.715
370.715
370.715
370.715
370.715
370.715
370.715
370.715
370.715
370.715
370.715
370.715
370.715
370.715
370.715
370.715
370.715
427.484
427.484
422.286
427.484
427.484
427.484
422.286
422.286
422.286
422.286
422.286
422.286
422.286
422.286
422.286
422.286
422.286
422.286
422.286
422.286
422.286
422.286
422.286
422.286
422.286
422.286
422.286
422.286
422.286
422.286
422.286
422.286
422.286
422.286
422.286
422.286
422.286
422.286
422.286
422.286
422.286
422.286
422.286
422.286
422.286
422.286
422.286
422.286
422.286
422.286
422.286
422.286
422.286
422.286
422.286
422.286
422.286
422.286
422.286
422.286
422.286
422.286
422.286
422.286
422.286
422.286
422.286
422.286
422.286
422.286
422.286
422.286
422.286
422.286
422.286
422.286
422.286
422.286
422.286
422.286
422.286
422.286
422.286
422.286
422.286
422.286
422.286
422.286
422.286
422.286
422.286
422.286
422.286
422.286
422.286
422.286
422.286
422.286
422.286
422.286
422.286
422.286
422.286
422.286
422.286
422.286
422.286
422.286
422.286
406.873
406.873
406.873
406.873
406.873
406.873
406.873
383.442
383.442
453.367
453.367
453.367
453.367
453.367
453.367
453.367
453.367
453.367
453.367
453.367
383.442
383.442
383.442
383.442
383.442
390.852
390.852
390.852
427.298
427.298
427.298
427.298
427.298
427.298
427.298
481.4
481.4
481.4
481.4
481.4
479.615
479.615
479.615
481.4
481.4
481.4
481.4
481.4
481.4
481.4
481.4
481.4
481.4
481.4
481.4
481.4
481.4
481.4
481.4
481.4
481.4
481.4
481.4
481.4
481.4
467.543
467.543
475.741
475.741
488.643
488.728
470.224
470.224
470.224
470.224
470.224
470.224
458.026
458.026
458.026
458.026
452.386
452.386
452.386
452.386
452.386
452.386
452.386
452.386
452.386
452.386
452.386
414.924
414.924
414.924
414.924
414.924
414.924
414.924
414.924
414.924
414.924
414.924
414.924
414.924
414.924
414.924
414.924
414.924
414.924
414.924
414.924
414.924
414.924
414.924
414.924
414.924
414.924
414.924
439.525
439.525
439.525
436.03
439.525
439.525
439.525
439.525
439.525
439.525
439.525
439.525
461.771
461.771
461.771
461.771
461.771
461.771
461.771
461.771
461.771
461.771
461.771
464.841
440.925
440.925
440.925
466.339
462.42
462.42
425.758
425.758
425.758
425.758
425.758
425.758
425.758
425.758
434.205
434.205
434.205
434.205
434.205
434.205
434.205
434.205
434.205
434.205
434.205
434.205
434.205
434.205
434.205
434.205
434.205
434.205
434.205
434.205
434.205
434.205
434.205
434.205
434.205
434.205
434.205
434.205
434.205
434.205
434.205
434.205
434.205
434.205
434.205
434.205
434.205
434.205
434.205
434.205
443.624
443.624
443.624
443.624
443.624
443.624
443.624
443.624
443.624
443.624
443.624
443.624
443.624
443.624
443.624
443.624
443.624
443.624
443.624
419.574
419.574
446.696
446.696
446.696
446.696
446.696
446.696
446.696
446.696
446.696
446.696
446.696
446.696
446.696
446.696
431.452
431.452
431.452
431.452
431.452
431.452
431.452
431.452
446.696
446.696
446.696
446.696
446.696
446.696
446.696
446.696
446.696
446.696
446.696
446.696
446.696
459.366
459.366
459.366
459.366
459.366
459.366
459.366
459.366
459.366
459.366
459.366
459.366
459.366
433.407
433.407
433.407
433.407
433.407
433.407
433.407
433.407
433.407
433.407
433.407
433.407
433.407
433.407
433.407
433.407
433.407
433.407
433.407
433.407
433.407
433.407
433.407
433.407
454.884
454.884
454.884
454.884
454.884
454.884
454.884
454.884
462.089
462.089
462.089
473.545
473.545
432.949
432.949
432.949
432.949
432.949
432.949
432.949
432.949
432.949
432.949
432.949
432.949
432.949
473.545
473.545
445.845
445.845
423.565
423.565
423.565
471.358
457.542
457.542
457.542
457.542
457.542
457.542
457.542
457.542
457.542
457.542
457.542
457.542
457.542
466.075
466.075
466.075
466.075
466.075
466.075
466.075
460.117
460.117
460.117
466.075
473.183
473.183
473.183
473.183
466.075
466.075
466.075
466.075
464.407
464.407
464.407
464.407
463.413
463.413
463.413
463.413
441.813
406.341
406.341
406.341
406.341
406.341
406.341
406.341
406.341
406.341
406.341
406.341
406.341
406.341
422.308
422.308
422.308
422.308
395.816
395.816
395.816
395.816
395.816
395.816
395.816
395.816
395.816
395.816
395.816
395.816
395.816
395.816
395.816
395.816
389.91
389.91
389.91
389.91
389.91
389.91
389.91
389.91
389.91
395.816
395.816
395.816
395.816
395.816
395.816
395.816
395.816
395.816
395.816
395.816
395.816
395.816
395.816
395.816
395.816
395.816
395.816
395.816
395.816
395.816
395.816
395.816
395.816
395.816
395.816
395.816
395.816
395.816
395.816
395.816
395.816
395.816
395.816
395.816
395.816
426.199
426.199
426.199
426.199
426.199
426.199
426.199
426.199
426.199
426.199
426.199
423.087
423.087
423.087
423.087
423.087
423.087
423.087
423.087
423.087
423.087
423.087
423.087
423.087
423.087
423.087
423.087
423.087
423.087
423.087
423.087
423.087
423.087
423.087
423.087
423.087
423.087
460.948
460.948
460.948
460.948
460.948
460.948
463.68
463.68
463.68
442.721
442.721
442.721
442.721
442.721
442.721
442.721
442.721
442.721
442.721
463.68
463.68
461.006
461.006
461.006
461.006
463.68
463.68
463.68
463.68
463.68
463.68
463.68
462.102
462.102
462.102
462.102
462.102
462.102
462.102
462.102
462.102
462.102
462.102
462.102
462.102
462.102
462.102
462.102
462.102
462.102
462.102
462.102
462.102
423.581
423.581
423.581
423.581
423.581
423.581
423.581
423.581
423.581
423.581
423.581
423.581
423.581
423.581
423.581
423.581
423.581
423.581
423.581
423.581
423.581
423.581
447.375
447.375
447.375
447.375
435.812
435.812
435.812
435.812
435.812
435.812
435.812
435.812
435.812
435.812
435.812
435.812
435.812
435.812
435.812
435.812
447.375
447.375
447.375
447.375
447.375
447.375
447.375
447.375
447.375
447.375
447.375
447.375
447.375
462.682
462.682
462.682
462.682
462.682
462.682
462.682
462.682
462.682
462.682
462.682
462.682
462.682
462.682
462.682
462.682
462.682
462.682
462.682
462.682
460.729
460.729
460.729
421.957
421.957
421.957
411.534
411.534
411.534
421.957
421.957
421.957
421.957
421.957
421.957
459.206
459.206
459.206
459.206
459.206
459.206
451.81
451.81
451.81
451.81
451.81
451.81
441.939
441.939
441.939
441.939
441.939
441.939
441.939
460.729
460.729
462.333
462.333
462.333
462.333
462.333
462.333
462.333
461.673
462.333
462.333
462.333
462.333
462.333
462.333
462.333
462.333
408.791
408.791
408.791
408.791
408.791
408.791
408.791
408.791
408.791
408.791
408.791
408.791
408.791
408.791
408.791
408.791
408.791
408.791
404.166
404.166
404.166
404.166
404.166
404.166
404.166
404.166
404.166
404.166
404.166
404.166
404.166
404.166
404.166
404.166
408.791
408.791
408.791
458.979
458.979
458.979
466.737
466.737
466.737
466.737
466.737
466.737
466.737
466.737
466.737
466.737
466.737
462.984
466.737
484.667
484.667
484.667
484.667
484.667
484.667
484.667
484.667
484.667
473.356
484.667
484.667
484.667
484.667
488.559
437.545
437.545
437.545
437.545
437.545
437.545
437.545
437.545
437.545
437.545
437.545
437.545
437.545
437.545
437.545
437.545
437.545
437.545
437.545
437.545
437.545
437.545
437.545
437.545
437.545
437.545
437.545
437.545
437.545
437.545
421.372
421.372
416.217
416.217
416.217
416.217
416.217
416.217
416.217
416.217
416.217
416.217
416.217
416.217
416.217
416.217
416.217
416.217
416.217
416.217
416.217
416.217
416.217
416.217
416.217
416.217
416.217
416.217
416.217
416.217
416.217
416.217
416.217
416.217
478.98
478.98
478.98
478.98
478.98
478.98
478.98
461.291
461.291
461.291
461.291
461.291
466.265
466.265
466.265
466.265
466.265
466.265
466.265
466.265
462.134
462.134
462.134
462.134
462.134
462.134
466.265
466.265
466.265
466.265
466.265
466.265
445.176
445.176
445.176
445.176
445.176
445.176
445.176
469.778
469.778
469.778
469.778
469.778
461.291
461.291
461.291
461.291
461.291
461.291
461.291
461.291
461.291
461.291
421.118
421.118
421.118
421.118
421.118
421.118
421.118
421.118
421.118
421.118
421.118
421.118
421.118
421.118
421.118
421.118
421.118
421.118
421.118
421.118
421.118
421.118
421.118
421.118
421.118
421.118
421.118
421.118
421.118
421.118
421.118
421.118
415.863
415.863
415.863
415.863
415.863
415.863
415.863
415.863
415.863
415.863
415.863
415.863
415.863
415.863
415.863
415.863
415.863
415.863
415.863
415.863
415.863
415.863
415.863
415.863
415.863
415.863
415.863
415.863
415.863
415.863
415.863
415.863
415.863
415.863
415.863
415.863
415.863
415.863
415.863
403.3
403.3
403.3
403.3
403.3
403.3
403.3
403.3
403.3
403.3
403.3
403.3
403.3
403.3
403.3
403.3
403.3
403.3
403.3
403.3
403.3
403.3
403.3
403.3
403.3
403.3
403.3
403.3
403.3
403.3
403.3
403.3
403.3
403.3
403.3
403.3
403.3
403.3
403.3
403.3
425.695
425.695


1.06425
-1.83146
-2.01803
-4.31373
-3.08306
0.025782
1.92772
-4.96156
-1.22644
-3.11806
0.872683
-1.9674
-1.05019
0.937997
-2.79024
1.15207
-1.44239
-2.14303
2.54492
3.26213
4.92781
-1.7049
-0.0542204
-2.21054
3.08431
-4.62999
2.69993
0.131723
-0.562048
0.167974

0.033

